0,1,3,6,9,10,11,14,15,16,19,20,21,22,23,26,27,28,29,30,1,-1,2,-2,1,3,1,-1,-3,-1,2,2,5,2,2,-2,-2,-5,-2,-2
0,1,5,8,15,16,17,20,21,22,31,32,33,34,35,38,39,40,41,42,1,-1,2,-2,1,3,1,-1,-3,-1,2,2,5,2,2,-2,-2,-5,-2,-2
0,1,7,10,21,22,23,26,27,28,43,44,45,46,47,50,51,52,53,54,1,-1,2,-2,1,3,1,-1,-3,-1,2,2,5,2,2,-2,-2,-5,-2,-2
0,1,9,12,27,28,29,32,33,34,55,56,57,58,59,62,63,64,65,66,1,-1,2,-2,1,3,1,-1,-3,-1,2,2,5,2,2,-2,-2,-5,-2,-2
0,1,11,14,33,34,35,38,39,40,67,68,69,70,71,74,75,76,77,78,1,-1,2,-2,1,3,1,-1,-3,-1,2,2,5,2,2,-2,-2,-5,-2,-2
0,1,13,16,39,40,41,44,45,46,79,80,81,82,83,86,87,88,89,90,1,-1,2,-2,1,3,1,-1,-3,-1,2,2,5,2,2,-2,-2,-5,-2,-2
0,1,15,18,45,46,47,50,51,52,91,92,93,94,95,98,99,100,101,102,1,-1,2,-2,1,3,1,-1,-3,-1,2,2,5,2,2,-2,-2,-5,-2,-2
0,1,17,20,51,52,53,56,57,58,103,104,105,106,107,110,111,112,113,114,1,-1,2,-2,1,3,1,-1,-3,-1,2,2,5,2,2,-2,-2,-5,-2,-2
0,1,19,22,57,58,59,62,63,64,115,116,117,118,119,122,123,124,125,126,1,-1,2,-2,1,3,1,-1,-3,-1,2,2,5,2,2,-2,-2,-5,-2,-2
0,1,21,24,63,64,65,68,69,70,127,128,129,130,131,134,135,136,137,138,1,-1,2,-2,1,3,1,-1,-3,-1,2,2,5,2,2,-2,-2,-5,-2,-2
0,1,23,26,69,70,71,74,75,76,139,140,141,142,143,146,147,148,149,150,1,-1,2,-2,1,3,1,-1,-3,-1,2,2,5,2,2,-2,-2,-5,-2,-2
0,1,25,28,75,76,77,80,81,82,151,152,153,154,155,158,159,160,161,162,1,-1,2,-2,1,3,1,-1,-3,-1,2,2,5,2,2,-2,-2,-5,-2,-2
0,1,27,30,81,82,83,86,87,88,163,164,165,166,167,170,171,172,173,174,1,-1,2,-2,1,3,1,-1,-3,-1,2,2,5,2,2,-2,-2,-5,-2,-2
0,1,29,32,87,88,89,92,93,94,175,176,177,178,179,182,183,184,185,186,1,-1,2,-2,1,3,1,-1,-3,-1,2,2,5,2,2,-2,-2,-5,-2,-2
0,1,31,34,93,94,95,98,99,100,187,188,189,190,191,194,195,196,197,198,1,-1,2,-2,1,3,1,-1,-3,-1,2,2,5,2,2,-2,-2,-5,-2,-2
0,1,33,36,99,100,101,104,105,106,199,200,201,202,203,206,207,208,209,210,1,-1,2,-2,1,3,1,-1,-3,-1,2,2,5,2,2,-2,-2,-5,-2,-2
0,1,35,38,105,106,107,110,111,112,211,212,213,214,215,218,219,220,221,222,1,-1,2,-2,1,3,1,-1,-3,-1,2,2,5,2,2,-2,-2,-5,-2,-2
0,1,37,40,111,112,113,116,117,118,223,224,225,226,227,230,231,232,233,234,1,-1,2,-2,1,3,1,-1,-3,-1,2,2,5,2,2,-2,-2,-5,-2,-2
0,1,39,42,117,118,119,122,123,124,235,236,237,238,239,242,243,244,245,246,1,-1,2,-2,1,3,1,-1,-3,-1,2,2,5,2,2,-2,-2,-5,-2,-2
0,1,41,44,123,124,125,128,129,130,247,248,249,250,251,254,255,256,257,258,1,-1,2,-2,1,3,1,-1,-3,-1,2,2,5,2,2,-2,-2,-5,-2,-2
0,1,43,46,129,130,131,134,135,136,259,260,261,262,263,266,267,268,269,270,1,-1,2,-2,1,3,1,-1,-3,-1,2,2,5,2,2,-2,-2,-5,-2,-2
0,1,45,48,135,136,137,140,141,142,271,272,273,274,275,278,279,280,281,282,1,-1,2,-2,1,3,1,-1,-3,-1,2,2,5,2,2,-2,-2,-5,-2,-2
0,1,47,50,141,142,143,146,147,148,283,284,285,286,287,290,291,292,293,294,1,-1,2,-2,1,3,1,-1,-3,-1,2,2,5,2,2,-2,-2,-5,-2,-2
0,1,49,52,147,148,149,152,153,154,295,296,297,298,299,302,303,304,305,306,1,-1,2,-2,1,3,1,-1,-3,-1,2,2,5,2,2,-2,-2,-5,-2,-2
0,1,51,54,153,154,155,158,159,160,307,308,309,310,311,314,315,316,317,318,1,-1,2,-2,1,3,1,-1,-3,-1,2,2,5,2,2,-2,-2,-5,-2,-2
0,1,53,56,159,160,161,164,165,166,319,320,321,322,323,326,327,328,329,330,1,-1,2,-2,1,3,1,-1,-3,-1,2,2,5,2,2,-2,-2,-5,-2,-2
0,1,55,58,165,166,167,170,171,172,331,332,333,334,335,338,339,340,341,342,1,-1,2,-2,1,3,1,-1,-3,-1,2,2,5,2,2,-2,-2,-5,-2,-2
0,1,57,60,171,172,173,176,177,178,343,344,345,346,347,350,351,352,353,354,1,-1,2,-2,1,3,1,-1,-3,-1,2,2,5,2,2,-2,-2,-5,-2,-2
0,1,59,62,177,178,179,182,183,184,355,356,357,358,359,362,363,364,365,366,1,-1,2,-2,1,3,1,-1,-3,-1,2,2,5,2,2,-2,-2,-5,-2,-2
0,1,61,64,183,184,185,188,189,190,367,368,369,370,371,374,375,376,377,378,1,-1,2,-2,1,3,1,-1,-3,-1,2,2,5,2,2,-2,-2,-5,-2,-2
0,1,63,66,189,190,191,194,195,196,379,380,381,382,383,386,387,388,389,390,1,-1,2,-2,1,3,1,-1,-3,-1,2,2,5,2,2,-2,-2,-5,-2,-2
0,1,65,68,195,196,197,200,201,202,391,392,393,394,395,398,399,400,401,402,1,-1,2,-2,1,3,1,-1,-3,-1,2,2,5,2,2,-2,-2,-5,-2,-2
0,1,67,70,201,202,203,206,207,208,403,404,405,406,407,410,411,412,413,414,1,-1,2,-2,1,3,1,-1,-3,-1,2,2,5,2,2,-2,-2,-5,-2,-2
0,1,69,72,207,208,209,212,213,214,415,416,417,418,419,422,423,424,425,426,1,-1,2,-2,1,3,1,-1,-3,-1,2,2,5,2,2,-2,-2,-5,-2,-2
0,1,71,74,213,214,215,218,219,220,427,428,429,430,431,434,435,436,437,438,1,-1,2,-2,1,3,1,-1,-3,-1,2,2,5,2,2,-2,-2,-5,-2,-2
0,1,73,76,219,220,221,224,225,226,439,440,441,442,443,446,447,448,449,450,1,-1,2,-2,1,3,1,-1,-3,-1,2,2,5,2,2,-2,-2,-5,-2,-2
0,1,75,78,225,226,227,230,231,232,451,452,453,454,455,458,459,460,461,462,1,-1,2,-2,1,3,1,-1,-3,-1,2,2,5,2,2,-2,-2,-5,-2,-2
0,1,77,80,231,232,233,236,237,238,463,464,465,466,467,470,471,472,473,474,1,-1,2,-2,1,3,1,-1,-3,-1,2,2,5,2,2,-2,-2,-5,-2,-2
0,1,79,82,237,238,239,242,243,244,475,476,477,478,479,482,483,484,485,486,1,-1,2,-2,1,3,1,-1,-3,-1,2,2,5,2,2,-2,-2,-5,-2,-2
0,1,81,84,243,244,245,248,249,250,487,488,489,490,491,494,495,496,497,498,1,-1,2,-2,1,3,1,-1,-3,-1,2,2,5,2,2,-2,-2,-5,-2,-2
0,1,83,86,249,250,251,254,255,256,499,500,501,502,503,506,507,508,509,510,1,-1,2,-2,1,3,1,-1,-3,-1,2,2,5,2,2,-2,-2,-5,-2,-2
0,1,85,88,255,256,257,260,261,262,511,512,513,514,515,518,519,520,521,522,1,-1,2,-2,1,3,1,-1,-3,-1,2,2,5,2,2,-2,-2,-5,-2,-2
0,1,87,90,261,262,263,266,267,268,523,524,525,526,527,530,531,532,533,534,1,-1,2,-2,1,3,1,-1,-3,-1,2,2,5,2,2,-2,-2,-5,-2,-2
0,1,89,92,267,268,269,272,273,274,535,536,537,538,539,542,543,544,545,546,1,-1,2,-2,1,3,1,-1,-3,-1,2,2,5,2,2,-2,-2,-5,-2,-2
0,1,91,94,273,274,275,278,279,280,547,548,549,550,551,554,555,556,557,558,1,-1,2,-2,1,3,1,-1,-3,-1,2,2,5,2,2,-2,-2,-5,-2,-2
0,1,93,96,279,280,281,284,285,286,559,560,561,562,563,566,567,568,569,570,1,-1,2,-2,1,3,1,-1,-3,-1,2,2,5,2,2,-2,-2,-5,-2,-2
0,1,95,98,285,286,287,290,291,292,571,572,573,574,575,578,579,580,581,582,1,-1,2,-2,1,3,1,-1,-3,-1,2,2,5,2,2,-2,-2,-5,-2,-2
0,1,97,100,291,292,293,296,297,298,583,584,585,586,587,590,591,592,593,594,1,-1,2,-2,1,3,1,-1,-3,-1,2,2,5,2,2,-2,-2,-5,-2,-2
0,1,99,102,297,298,299,302,303,304,595,596,597,598,599,602,603,604,605,606,1,-1,2,-2,1,3,1,-1,-3,-1,2,2,5,2,2,-2,-2,-5,-2,-2
0,1,101,104,303,304,305,308,309,310,607,608,609,610,611,614,615,616,617,618,1,-1,2,-2,1,3,1,-1,-3,-1,2,2,5,2,2,-2,-2,-5,-2,-2
0,1,103,106,309,310,311,314,315,316,619,620,621,622,623,626,627,628,629,630,1,-1,2,-2,1,3,1,-1,-3,-1,2,2,5,2,2,-2,-2,-5,-2,-2
0,1,105,108,315,316,317,320,321,322,631,632,633,634,635,638,639,640,641,642,1,-1,2,-2,1,3,1,-1,-3,-1,2,2,5,2,2,-2,-2,-5,-2,-2
0,1,107,110,321,322,323,326,327,328,643,644,645,646,647,650,651,652,653,654,1,-1,2,-2,1,3,1,-1,-3,-1,2,2,5,2,2,-2,-2,-5,-2,-2
0,1,109,112,327,328,329,332,333,334,655,656,657,658,659,662,663,664,665,666,1,-1,2,-2,1,3,1,-1,-3,-1,2,2,5,2,2,-2,-2,-5,-2,-2
0,1,111,114,333,334,335,338,339,340,667,668,669,670,671,674,675,676,677,678,1,-1,2,-2,1,3,1,-1,-3,-1,2,2,5,2,2,-2,-2,-5,-2,-2
0,1,113,116,339,340,341,344,345,346,679,680,681,682,683,686,687,688,689,690,1,-1,2,-2,1,3,1,-1,-3,-1,2,2,5,2,2,-2,-2,-5,-2,-2
0,1,115,118,345,346,347,350,351,352,691,692,693,694,695,698,699,700,701,702,1,-1,2,-2,1,3,1,-1,-3,-1,2,2,5,2,2,-2,-2,-5,-2,-2
0,1,117,120,351,352,353,356,357,358,703,704,705,706,707,710,711,712,713,714,1,-1,2,-2,1,3,1,-1,-3,-1,2,2,5,2,2,-2,-2,-5,-2,-2
0,1,119,122,357,358,359,362,363,364,715,716,717,718,719,722,723,724,725,726,1,-1,2,-2,1,3,1,-1,-3,-1,2,2,5,2,2,-2,-2,-5,-2,-2
0,1,121,124,363,364,365,368,369,370,727,728,729,730,731,734,735,736,737,738,1,-1,2,-2,1,3,1,-1,-3,-1,2,2,5,2,2,-2,-2,-5,-2,-2
0,1,123,126,369,370,371,374,375,376,739,740,741,742,743,746,747,748,749,750,1,-1,2,-2,1,3,1,-1,-3,-1,2,2,5,2,2,-2,-2,-5,-2,-2
0,1,125,128,375,376,377,380,381,382,751,752,753,754,755,758,759,760,761,762,1,-1,2,-2,1,3,1,-1,-3,-1,2,2,5,2,2,-2,-2,-5,-2,-2
0,1,127,130,381,382,383,386,387,388,763,764,765,766,767,770,771,772,773,774,1,-1,2,-2,1,3,1,-1,-3,-1,2,2,5,2,2,-2,-2,-5,-2,-2
0,1,129,132,387,388,389,392,393,394,775,776,777,778,779,782,783,784,785,786,1,-1,2,-2,1,3,1,-1,-3,-1,2,2,5,2,2,-2,-2,-5,-2,-2
0,1,131,134,393,394,395,398,399,400,787,788,789,790,791,794,795,796,797,798,1,-1,2,-2,1,3,1,-1,-3,-1,2,2,5,2,2,-2,-2,-5,-2,-2
0,1,133,136,399,400,401,404,405,406,799,800,801,802,803,806,807,808,809,810,1,-1,2,-2,1,3,1,-1,-3,-1,2,2,5,2,2,-2,-2,-5,-2,-2
0,1,135,138,405,406,407,410,411,412,811,812,813,814,815,818,819,820,821,822,1,-1,2,-2,1,3,1,-1,-3,-1,2,2,5,2,2,-2,-2,-5,-2,-2
0,1,137,140,411,412,413,416,417,418,823,824,825,826,827,830,831,832,833,834,1,-1,2,-2,1,3,1,-1,-3,-1,2,2,5,2,2,-2,-2,-5,-2,-2
0,1,139,142,417,418,419,422,423,424,835,836,837,838,839,842,843,844,845,846,1,-1,2,-2,1,3,1,-1,-3,-1,2,2,5,2,2,-2,-2,-5,-2,-2
0,1,141,144,423,424,425,428,429,430,847,848,849,850,851,854,855,856,857,858,1,-1,2,-2,1,3,1,-1,-3,-1,2,2,5,2,2,-2,-2,-5,-2,-2
0,1,143,146,429,430,431,434,435,436,859,860,861,862,863,866,867,868,869,870,1,-1,2,-2,1,3,1,-1,-3,-1,2,2,5,2,2,-2,-2,-5,-2,-2
0,1,145,148,435,436,437,440,441,442,871,872,873,874,875,878,879,880,881,882,1,-1,2,-2,1,3,1,-1,-3,-1,2,2,5,2,2,-2,-2,-5,-2,-2
0,1,147,150,441,442,443,446,447,448,883,884,885,886,887,890,891,892,893,894,1,-1,2,-2,1,3,1,-1,-3,-1,2,2,5,2,2,-2,-2,-5,-2,-2
0,1,149,152,447,448,449,452,453,454,895,896,897,898,899,902,903,904,905,906,1,-1,2,-2,1,3,1,-1,-3,-1,2,2,5,2,2,-2,-2,-5,-2,-2
0,1,151,154,453,454,455,458,459,460,907,908,909,910,911,914,915,916,917,918,1,-1,2,-2,1,3,1,-1,-3,-1,2,2,5,2,2,-2,-2,-5,-2,-2
0,1,153,156,459,460,461,464,465,466,919,920,921,922,923,926,927,928,929,930,1,-1,2,-2,1,3,1,-1,-3,-1,2,2,5,2,2,-2,-2,-5,-2,-2
0,1,155,158,465,466,467,470,471,472,931,932,933,934,935,938,939,940,941,942,1,-1,2,-2,1,3,1,-1,-3,-1,2,2,5,2,2,-2,-2,-5,-2,-2
0,1,157,160,471,472,473,476,477,478,943,944,945,946,947,950,951,952,953,954,1,-1,2,-2,1,3,1,-1,-3,-1,2,2,5,2,2,-2,-2,-5,-2,-2
0,1,159,162,477,478,479,482,483,484,955,956,957,958,959,962,963,964,965,966,1,-1,2,-2,1,3,1,-1,-3,-1,2,2,5,2,2,-2,-2,-5,-2,-2
0,1,161,164,483,484,485,488,489,490,967,968,969,970,971,974,975,976,977,978,1,-1,2,-2,1,3,1,-1,-3,-1,2,2,5,2,2,-2,-2,-5,-2,-2
0,1,163,166,489,490,491,494,495,496,979,980,981,982,983,986,987,988,989,990,1,-1,2,-2,1,3,1,-1,-3,-1,2,2,5,2,2,-2,-2,-5,-2,-2
0,1,165,168,495,496,497,500,501,502,991,992,993,994,995,998,999,1000,1001,1002,1,-1,2,-2,1,3,1,-1,-3,-1,2,2,5,2,2,-2,-2,-5,-2,-2
0,1,167,170,501,502,503,506,507,508,1003,1004,1005,1006,1007,1010,1011,1012,1013,1014,1,-1,2,-2,1,3,1,-1,-3,-1,2,2,5,2,2,-2,-2,-5,-2,-2
0,1,169,172,507,508,509,512,513,514,1015,1016,1017,1018,1019,1022,1023,1024,1025,1026,1,-1,2,-2,1,3,1,-1,-3,-1,2,2,5,2,2,-2,-2,-5,-2,-2
0,1,171,174,513,514,515,518,519,520,1027,1028,1029,1030,1031,1034,1035,1036,1037,1038,1,-1,2,-2,1,3,1,-1,-3,-1,2,2,5,2,2,-2,-2,-5,-2,-2
0,1,173,176,519,520,521,524,525,526,1039,1040,1041,1042,1043,1046,1047,1048,1049,1050,1,-1,2,-2,1,3,1,-1,-3,-1,2,2,5,2,2,-2,-2,-5,-2,-2
0,1,175,178,525,526,527,530,531,532,1051,1052,1053,1054,1055,1058,1059,1060,1061,1062,1,-1,2,-2,1,3,1,-1,-3,-1,2,2,5,2,2,-2,-2,-5,-2,-2
0,1,177,180,531,532,533,536,537,538,1063,1064,1065,1066,1067,1070,1071,1072,1073,1074,1,-1,2,-2,1,3,1,-1,-3,-1,2,2,5,2,2,-2,-2,-5,-2,-2
0,1,179,182,537,538,539,542,543,544,1075,1076,1077,1078,1079,1082,1083,1084,1085,1086,1,-1,2,-2,1,3,1,-1,-3,-1,2,2,5,2,2,-2,-2,-5,-2,-2
0,1,181,184,543,544,545,548,549,550,1087,1088,1089,1090,1091,1094,1095,1096,1097,1098,1,-1,2,-2,1,3,1,-1,-3,-1,2,2,5,2,2,-2,-2,-5,-2,-2
0,1,183,186,549,550,551,554,555,556,1099,1100,1101,1102,1103,1106,1107,1108,1109,1110,1,-1,2,-2,1,3,1,-1,-3,-1,2,2,5,2,2,-2,-2,-5,-2,-2
0,1,185,188,555,556,557,560,561,562,1111,1112,1113,1114,1115,1118,1119,1120,1121,1122,1,-1,2,-2,1,3,1,-1,-3,-1,2,2,5,2,2,-2,-2,-5,-2,-2
0,1,187,190,561,562,563,566,567,568,1123,1124,1125,1126,1127,1130,1131,1132,1133,1134,1,-1,2,-2,1,3,1,-1,-3,-1,2,2,5,2,2,-2,-2,-5,-2,-2
0,1,189,192,567,568,569,572,573,574,1135,1136,1137,1138,1139,1142,1143,1144,1145,1146,1,-1,2,-2,1,3,1,-1,-3,-1,2,2,5,2,2,-2,-2,-5,-2,-2
0,1,191,194,573,574,575,578,579,580,1147,1148,1149,1150,1151,1154,1155,1156,1157,1158,1,-1,2,-2,1,3,1,-1,-3,-1,2,2,5,2,2,-2,-2,-5,-2,-2
0,1,193,196,579,580,581,584,585,586,1159,1160,1161,1162,1163,1166,1167,1168,1169,1170,1,-1,2,-2,1,3,1,-1,-3,-1,2,2,5,2,2,-2,-2,-5,-2,-2
0,1,195,198,585,586,587,590,591,592,1171,1172,1173,1174,1175,1178,1179,1180,1181,1182,1,-1,2,-2,1,3,1,-1,-3,-1,2,2,5,2,2,-2,-2,-5,-2,-2
0,1,197,200,591,592,593,596,597,598,1183,1184,1185,1186,1187,1190,1191,1192,1193,1194,1,-1,2,-2,1,3,1,-1,-3,-1,2,2,5,2,2,-2,-2,-5,-2,-2
0,1,199,202,597,598,599,602,603,604,1195,1196,1197,1198,1199,1202,1203,1204,1205,1206,1,-1,2,-2,1,3,1,-1,-3,-1,2,2,5,2,2,-2,-2,-5,-2,-2
0,1,201,204,603,604,605,608,609,610,1207,1208,1209,1210,1211,1214,1215,1216,1217,1218,1,-1,2,-2,1,3,1,-1,-3,-1,2,2,5,2,2,-2,-2,-5,-2,-2
0,1,203,206,609,610,611,614,615,616,1219,1220,1221,1222,1223,1226,1227,1228,1229,1230,1,-1,2,-2,1,3,1,-1,-3,-1,2,2,5,2,2,-2,-2,-5,-2,-2
0,1,205,208,615,616,617,620,621,622,1231,1232,1233,1234,1235,1238,1239,1240,1241,1242,1,-1,2,-2,1,3,1,-1,-3,-1,2,2,5,2,2,-2,-2,-5,-2,-2
0,1,207,210,621,622,623,626,627,628,1243,1244,1245,1246,1247,1250,1251,1252,1253,1254,1,-1,2,-2,1,3,1,-1,-3,-1,2,2,5,2,2,-2,-2,-5,-2,-2
0,1,209,212,627,628,629,632,633,634,1255,1256,1257,1258,1259,1262,1263,1264,1265,1266,1,-1,2,-2,1,3,1,-1,-3,-1,2,2,5,2,2,-2,-2,-5,-2,-2
0,1,211,214,633,634,635,638,639,640,1267,1268,1269,1270,1271,1274,1275,1276,1277,1278,1,-1,2,-2,1,3,1,-1,-3,-1,2,2,5,2,2,-2,-2,-5,-2,-2
0,1,213,216,639,640,641,644,645,646,1279,1280,1281,1282,1283,1286,1287,1288,1289,1290,1,-1,2,-2,1,3,1,-1,-3,-1,2,2,5,2,2,-2,-2,-5,-2,-2
0,1,215,218,645,646,647,650,651,652,1291,1292,1293,1294,1295,1298,1299,1300,1301,1302,1,-1,2,-2,1,3,1,-1,-3,-1,2,2,5,2,2,-2,-2,-5,-2,-2
0,1,217,220,651,652,653,656,657,658,1303,1304,1305,1306,1307,1310,1311,1312,1313,1314,1,-1,2,-2,1,3,1,-1,-3,-1,2,2,5,2,2,-2,-2,-5,-2,-2
0,1,219,222,657,658,659,662,663,664,1315,1316,1317,1318,1319,1322,1323,1324,1325,1326,1,-1,2,-2,1,3,1,-1,-3,-1,2,2,5,2,2,-2,-2,-5,-2,-2
0,1,221,224,663,664,665,668,669,670,1327,1328,1329,1330,1331,1334,1335,1336,1337,1338,1,-1,2,-2,1,3,1,-1,-3,-1,2,2,5,2,2,-2,-2,-5,-2,-2
0,1,223,226,669,670,671,674,675,676,1339,1340,1341,1342,1343,1346,1347,1348,1349,1350,1,-1,2,-2,1,3,1,-1,-3,-1,2,2,5,2,2,-2,-2,-5,-2,-2
0,1,225,228,675,676,677,680,681,682,1351,1352,1353,1354,1355,1358,1359,1360,1361,1362,1,-1,2,-2,1,3,1,-1,-3,-1,2,2,5,2,2,-2,-2,-5,-2,-2
0,1,227,230,681,682,683,686,687,688,1363,1364,1365,1366,1367,1370,1371,1372,1373,1374,1,-1,2,-2,1,3,1,-1,-3,-1,2,2,5,2,2,-2,-2,-5,-2,-2
0,1,229,232,687,688,689,692,693,694,1375,1376,1377,1378,1379,1382,1383,1384,1385,1386,1,-1,2,-2,1,3,1,-1,-3,-1,2,2,5,2,2,-2,-2,-5,-2,-2
0,1,231,234,693,694,695,698,699,700,1387,1388,1389,1390,1391,1394,1395,1396,1397,1398,1,-1,2,-2,1,3,1,-1,-3,-1,2,2,5,2,2,-2,-2,-5,-2,-2
0,1,233,236,699,700,701,704,705,706,1399,1400,1401,1402,1403,1406,1407,1408,1409,1410,1,-1,2,-2,1,3,1,-1,-3,-1,2,2,5,2,2,-2,-2,-5,-2,-2
0,1,235,238,705,706,707,710,711,712,1411,1412,1413,1414,1415,1418,1419,1420,1421,1422,1,-1,2,-2,1,3,1,-1,-3,-1,2,2,5,2,2,-2,-2,-5,-2,-2
0,1,237,240,711,712,713,716,717,718,1423,1424,1425,1426,1427,1430,1431,1432,1433,1434,1,-1,2,-2,1,3,1,-1,-3,-1,2,2,5,2,2,-2,-2,-5,-2,-2
0,1,239,242,717,718,719,722,723,724,1435,1436,1437,1438,1439,1442,1443,1444,1445,1446,1,-1,2,-2,1,3,1,-1,-3,-1,2,2,5,2,2,-2,-2,-5,-2,-2
0,1,241,244,723,724,725,728,729,730,1447,1448,1449,1450,1451,1454,1455,1456,1457,1458,1,-1,2,-2,1,3,1,-1,-3,-1,2,2,5,2,2,-2,-2,-5,-2,-2
0,1,243,246,729,730,731,734,735,736,1459,1460,1461,1462,1463,1466,1467,1468,1469,1470,1,-1,2,-2,1,3,1,-1,-3,-1,2,2,5,2,2,-2,-2,-5,-2,-2
0,1,245,248,735,736,737,740,741,742,1471,1472,1473,1474,1475,1478,1479,1480,1481,1482,1,-1,2,-2,1,3,1,-1,-3,-1,2,2,5,2,2,-2,-2,-5,-2,-2
0,1,247,250,741,742,743,746,747,748,1483,1484,1485,1486,1487,1490,1491,1492,1493,1494,1,-1,2,-2,1,3,1,-1,-3,-1,2,2,5,2,2,-2,-2,-5,-2,-2
0,1,249,252,747,748,749,752,753,754,1495,1496,1497,1498,1499,1502,1503,1504,1505,1506,1,-1,2,-2,1,3,1,-1,-3,-1,2,2,5,2,2,-2,-2,-5,-2,-2
0,1,251,254,753,754,755,758,759,760,1507,1508,1509,1510,1511,1514,1515,1516,1517,1518,1,-1,2,-2,1,3,1,-1,-3,-1,2,2,5,2,2,-2,-2,-5,-2,-2
0,1,253,256,759,760,761,764,765,766,1519,1520,1521,1522,1523,1526,1527,1528,1529,1530,1,-1,2,-2,1,3,1,-1,-3,-1,2,2,5,2,2,-2,-2,-5,-2,-2
0,1,255,258,765,766,767,770,771,772,1531,1532,1533,1534,1535,1538,1539,1540,1541,1542,1,-1,2,-2,1,3,1,-1,-3,-1,2,2,5,2,2,-2,-2,-5,-2,-2
0,1,257,260,771,772,773,776,777,778,1543,1544,1545,1546,1547,1550,1551,1552,1553,1554,1,-1,2,-2,1,3,1,-1,-3,-1,2,2,5,2,2,-2,-2,-5,-2,-2
0,1,259,262,777,778,779,782,783,784,1555,1556,1557,1558,1559,1562,1563,1564,1565,1566,1,-1,2,-2,1,3,1,-1,-3,-1,2,2,5,2,2,-2,-2,-5,-2,-2
0,1,261,264,783,784,785,788,789,790,1567,1568,1569,1570,1571,1574,1575,1576,1577,1578,1,-1,2,-2,1,3,1,-1,-3,-1,2,2,5,2,2,-2,-2,-5,-2,-2
0,1,263,266,789,790,791,794,795,796,1579,1580,1581,1582,1583,1586,1587,1588,1589,1590,1,-1,2,-2,1,3,1,-1,-3,-1,2,2,5,2,2,-2,-2,-5,-2,-2
0,1,265,268,795,796,797,800,801,802,1591,1592,1593,1594,1595,1598,1599,1600,1601,1602,1,-1,2,-2,1,3,1,-1,-3,-1,2,2,5,2,2,-2,-2,-5,-2,-2
0,1,267,270,801,802,803,806,807,808,1603,1604,1605,1606,1607,1610,1611,1612,1613,1614,1,-1,2,-2,1,3,1,-1,-3,-1,2,2,5,2,2,-2,-2,-5,-2,-2
0,1,269,272,807,808,809,812,813,814,1615,1616,1617,1618,1619,1622,1623,1624,1625,1626,1,-1,2,-2,1,3,1,-1,-3,-1,2,2,5,2,2,-2,-2,-5,-2,-2
0,1,271,274,813,814,815,818,819,820,1627,1628,1629,1630,1631,1634,1635,1636,1637,1638,1,-1,2,-2,1,3,1,-1,-3,-1,2,2,5,2,2,-2,-2,-5,-2,-2
0,1,273,276,819,820,821,824,825,826,1639,1640,1641,1642,1643,1646,1647,1648,1649,1650,1,-1,2,-2,1,3,1,-1,-3,-1,2,2,5,2,2,-2,-2,-5,-2,-2
0,1,275,278,825,826,827,830,831,832,1651,1652,1653,1654,1655,1658,1659,1660,1661,1662,1,-1,2,-2,1,3,1,-1,-3,-1,2,2,5,2,2,-2,-2,-5,-2,-2
0,1,277,280,831,832,833,836,837,838,1663,1664,1665,1666,1667,1670,1671,1672,1673,1674,1,-1,2,-2,1,3,1,-1,-3,-1,2,2,5,2,2,-2,-2,-5,-2,-2
0,1,279,282,837,838,839,842,843,844,1675,1676,1677,1678,1679,1682,1683,1684,1685,1686,1,-1,2,-2,1,3,1,-1,-3,-1,2,2,5,2,2,-2,-2,-5,-2,-2
0,1,281,284,843,844,845,848,849,850,1687,1688,1689,1690,1691,1694,1695,1696,1697,1698,1,-1,2,-2,1,3,1,-1,-3,-1,2,2,5,2,2,-2,-2,-5,-2,-2
0,1,283,286,849,850,851,854,855,856,1699,1700,1701,1702,1703,1706,1707,1708,1709,1710,1,-1,2,-2,1,3,1,-1,-3,-1,2,2,5,2,2,-2,-2,-5,-2,-2
0,1,285,288,855,856,857,860,861,862,1711,1712,1713,1714,1715,1718,1719,1720,1721,1722,1,-1,2,-2,1,3,1,-1,-3,-1,2,2,5,2,2,-2,-2,-5,-2,-2
0,1,287,290,861,862,863,866,867,868,1723,1724,1725,1726,1727,1730,1731,1732,1733,1734,1,-1,2,-2,1,3,1,-1,-3,-1,2,2,5,2,2,-2,-2,-5,-2,-2
0,1,289,292,867,868,869,872,873,874,1735,1736,1737,1738,1739,1742,1743,1744,1745,1746,1,-1,2,-2,1,3,1,-1,-3,-1,2,2,5,2,2,-2,-2,-5,-2,-2
0,1,291,294,873,874,875,878,879,880,1747,1748,1749,1750,1751,1754,1755,1756,1757,1758,1,-1,2,-2,1,3,1,-1,-3,-1,2,2,5,2,2,-2,-2,-5,-2,-2
0,1,293,296,879,880,881,884,885,886,1759,1760,1761,1762,1763,1766,1767,1768,1769,1770,1,-1,2,-2,1,3,1,-1,-3,-1,2,2,5,2,2,-2,-2,-5,-2,-2
0,1,295,298,885,886,887,890,891,892,1771,1772,1773,1774,1775,1778,1779,1780,1781,1782,1,-1,2,-2,1,3,1,-1,-3,-1,2,2,5,2,2,-2,-2,-5,-2,-2
0,1,297,300,891,892,893,896,897,898,1783,1784,1785,1786,1787,1790,1791,1792,1793,1794,1,-1,2,-2,1,3,1,-1,-3,-1,2,2,5,2,2,-2,-2,-5,-2,-2
0,1,299,302,897,898,899,902,903,904,1795,1796,1797,1798,1799,1802,1803,1804,1805,1806,1,-1,2,-2,1,3,1,-1,-3,-1,2,2,5,2,2,-2,-2,-5,-2,-2
0,1,301,304,903,904,905,908,909,910,1807,1808,1809,1810,1811,1814,1815,1816,1817,1818,1,-1,2,-2,1,3,1,-1,-3,-1,2,2,5,2,2,-2,-2,-5,-2,-2
0,1,303,306,909,910,911,914,915,916,1819,1820,1821,1822,1823,1826,1827,1828,1829,1830,1,-1,2,-2,1,3,1,-1,-3,-1,2,2,5,2,2,-2,-2,-5,-2,-2
0,1,305,308,915,916,917,920,921,922,1831,1832,1833,1834,1835,1838,1839,1840,1841,1842,1,-1,2,-2,1,3,1,-1,-3,-1,2,2,5,2,2,-2,-2,-5,-2,-2
0,1,307,310,921,922,923,926,927,928,1843,1844,1845,1846,1847,1850,1851,1852,1853,1854,1,-1,2,-2,1,3,1,-1,-3,-1,2,2,5,2,2,-2,-2,-5,-2,-2
0,1,309,312,927,928,929,932,933,934,1855,1856,1857,1858,1859,1862,1863,1864,1865,1866,1,-1,2,-2,1,3,1,-1,-3,-1,2,2,5,2,2,-2,-2,-5,-2,-2
0,1,311,314,933,934,935,938,939,940,1867,1868,1869,1870,1871,1874,1875,1876,1877,1878,1,-1,2,-2,1,3,1,-1,-3,-1,2,2,5,2,2,-2,-2,-5,-2,-2
0,1,313,316,939,940,941,944,945,946,1879,1880,1881,1882,1883,1886,1887,1888,1889,1890,1,-1,2,-2,1,3,1,-1,-3,-1,2,2,5,2,2,-2,-2,-5,-2,-2
0,1,315,318,945,946,947,950,951,952,1891,1892,1893,1894,1895,1898,1899,1900,1901,1902,1,-1,2,-2,1,3,1,-1,-3,-1,2,2,5,2,2,-2,-2,-5,-2,-2
0,1,317,320,951,952,953,956,957,958,1903,1904,1905,1906,1907,1910,1911,1912,1913,1914,1,-1,2,-2,1,3,1,-1,-3,-1,2,2,5,2,2,-2,-2,-5,-2,-2
0,1,319,322,957,958,959,962,963,964,1915,1916,1917,1918,1919,1922,1923,1924,1925,1926,1,-1,2,-2,1,3,1,-1,-3,-1,2,2,5,2,2,-2,-2,-5,-2,-2
0,1,321,324,963,964,965,968,969,970,1927,1928,1929,1930,1931,1934,1935,1936,1937,1938,1,-1,2,-2,1,3,1,-1,-3,-1,2,2,5,2,2,-2,-2,-5,-2,-2
0,1,323,326,969,970,971,974,975,976,1939,1940,1941,1942,1943,1946,1947,1948,1949,1950,1,-1,2,-2,1,3,1,-1,-3,-1,2,2,5,2,2,-2,-2,-5,-2,-2
0,1,325,328,975,976,977,980,981,982,1951,1952,1953,1954,1955,1958,1959,1960,1961,1962,1,-1,2,-2,1,3,1,-1,-3,-1,2,2,5,2,2,-2,-2,-5,-2,-2
0,1,327,330,981,982,983,986,987,988,1963,1964,1965,1966,1967,1970,1971,1972,1973,1974,1,-1,2,-2,1,3,1,-1,-3,-1,2,2,5,2,2,-2,-2,-5,-2,-2
0,1,329,332,987,988,989,992,993,994,1975,1976,1977,1978,1979,1982,1983,1984,1985,1986,1,-1,2,-2,1,3,1,-1,-3,-1,2,2,5,2,2,-2,-2,-5,-2,-2
0,1,331,334,993,994,995,998,999,1000,1987,1988,1989,1990,1991,1994,1995,1996,1997,1998,1,-1,2,-2,1,3,1,-1,-3,-1,2,2,5,2,2,-2,-2,-5,-2,-2
0,1,333,336,999,1000,1001,1004,1005,1006,1999,2000,2001,2002,2003,2006,2007,2008,2009,2010,1,-1,2,-2,1,3,1,-1,-3,-1,2,2,5,2,2,-2,-2,-5,-2,-2
0,1,335,338,1005,1006,1007,1010,1011,1012,2011,2012,2013,2014,2015,2018,2019,2020,2021,2022,1,-1,2,-2,1,3,1,-1,-3,-1,2,2,5,2,2,-2,-2,-5,-2,-2
0,1,337,340,1011,1012,1013,1016,1017,1018,2023,2024,2025,2026,2027,2030,2031,2032,2033,2034,1,-1,2,-2,1,3,1,-1,-3,-1,2,2,5,2,2,-2,-2,-5,-2,-2
0,1,339,342,1017,1018,1019,1022,1023,1024,2035,2036,2037,2038,2039,2042,2043,2044,2045,2046,1,-1,2,-2,1,3,1,-1,-3,-1,2,2,5,2,2,-2,-2,-5,-2,-2
0,1,341,344,1023,1024,1025,1028,1029,1030,2047,2048,2049,2050,2051,2054,2055,2056,2057,2058,1,-1,2,-2,1,3,1,-1,-3,-1,2,2,5,2,2,-2,-2,-5,-2,-2
0,1,343,346,1029,1030,1031,1034,1035,1036,2059,2060,2061,2062,2063,2066,2067,2068,2069,2070,1,-1,2,-2,1,3,1,-1,-3,-1,2,2,5,2,2,-2,-2,-5,-2,-2
0,1,345,348,1035,1036,1037,1040,1041,1042,2071,2072,2073,2074,2075,2078,2079,2080,2081,2082,1,-1,2,-2,1,3,1,-1,-3,-1,2,2,5,2,2,-2,-2,-5,-2,-2
0,1,347,350,1041,1042,1043,1046,1047,1048,2083,2084,2085,2086,2087,2090,2091,2092,2093,2094,1,-1,2,-2,1,3,1,-1,-3,-1,2,2,5,2,2,-2,-2,-5,-2,-2
0,1,349,352,1047,1048,1049,1052,1053,1054,2095,2096,2097,2098,2099,2102,2103,2104,2105,2106,1,-1,2,-2,1,3,1,-1,-3,-1,2,2,5,2,2,-2,-2,-5,-2,-2
0,1,351,354,1053,1054,1055,1058,1059,1060,2107,2108,2109,2110,2111,2114,2115,2116,2117,2118,1,-1,2,-2,1,3,1,-1,-3,-1,2,2,5,2,2,-2,-2,-5,-2,-2
0,1,353,356,1059,1060,1061,1064,1065,1066,2119,2120,2121,2122,2123,2126,2127,2128,2129,2130,1,-1,2,-2,1,3,1,-1,-3,-1,2,2,5,2,2,-2,-2,-5,-2,-2
0,1,355,358,1065,1066,1067,1070,1071,1072,2131,2132,2133,2134,2135,2138,2139,2140,2141,2142,1,-1,2,-2,1,3,1,-1,-3,-1,2,2,5,2,2,-2,-2,-5,-2,-2
0,1,357,360,1071,1072,1073,1076,1077,1078,2143,2144,2145,2146,2147,2150,2151,2152,2153,2154,1,-1,2,-2,1,3,1,-1,-3,-1,2,2,5,2,2,-2,-2,-5,-2,-2
0,1,359,362,1077,1078,1079,1082,1083,1084,2155,2156,2157,2158,2159,2162,2163,2164,2165,2166,1,-1,2,-2,1,3,1,-1,-3,-1,2,2,5,2,2,-2,-2,-5,-2,-2
0,1,361,364,1083,1084,1085,1088,1089,1090,2167,2168,2169,2170,2171,2174,2175,2176,2177,2178,1,-1,2,-2,1,3,1,-1,-3,-1,2,2,5,2,2,-2,-2,-5,-2,-2
0,1,363,366,1089,1090,1091,1094,1095,1096,2179,2180,2181,2182,2183,2186,2187,2188,2189,2190,1,-1,2,-2,1,3,1,-1,-3,-1,2,2,5,2,2,-2,-2,-5,-2,-2
0,1,365,368,1095,1096,1097,1100,1101,1102,2191,2192,2193,2194,2195,2198,2199,2200,2201,2202,1,-1,2,-2,1,3,1,-1,-3,-1,2,2,5,2,2,-2,-2,-5,-2,-2
0,1,367,370,1101,1102,1103,1106,1107,1108,2203,2204,2205,2206,2207,2210,2211,2212,2213,2214,1,-1,2,-2,1,3,1,-1,-3,-1,2,2,5,2,2,-2,-2,-5,-2,-2
0,1,369,372,1107,1108,1109,1112,1113,1114,2215,2216,2217,2218,2219,2222,2223,2224,2225,2226,1,-1,2,-2,1,3,1,-1,-3,-1,2,2,5,2,2,-2,-2,-5,-2,-2
0,1,371,374,1113,1114,1115,1118,1119,1120,2227,2228,2229,2230,2231,2234,2235,2236,2237,2238,1,-1,2,-2,1,3,1,-1,-3,-1,2,2,5,2,2,-2,-2,-5,-2,-2
0,1,373,376,1119,1120,1121,1124,1125,1126,2239,2240,2241,2242,2243,2246,2247,2248,2249,2250,1,-1,2,-2,1,3,1,-1,-3,-1,2,2,5,2,2,-2,-2,-5,-2,-2
0,1,375,378,1125,1126,1127,1130,1131,1132,2251,2252,2253,2254,2255,2258,2259,2260,2261,2262,1,-1,2,-2,1,3,1,-1,-3,-1,2,2,5,2,2,-2,-2,-5,-2,-2
0,1,377,380,1131,1132,1133,1136,1137,1138,2263,2264,2265,2266,2267,2270,2271,2272,2273,2274,1,-1,2,-2,1,3,1,-1,-3,-1,2,2,5,2,2,-2,-2,-5,-2,-2
0,1,379,382,1137,1138,1139,1142,1143,1144,2275,2276,2277,2278,2279,2282,2283,2284,2285,2286,1,-1,2,-2,1,3,1,-1,-3,-1,2,2,5,2,2,-2,-2,-5,-2,-2
0,1,381,384,1143,1144,1145,1148,1149,1150,2287,2288,2289,2290,2291,2294,2295,2296,2297,2298,1,-1,2,-2,1,3,1,-1,-3,-1,2,2,5,2,2,-2,-2,-5,-2,-2
0,1,383,386,1149,1150,1151,1154,1155,1156,2299,2300,2301,2302,2303,2306,2307,2308,2309,2310,1,-1,2,-2,1,3,1,-1,-3,-1,2,2,5,2,2,-2,-2,-5,-2,-2
0,1,385,388,1155,1156,1157,1160,1161,1162,2311,2312,2313,2314,2315,2318,2319,2320,2321,2322,1,-1,2,-2,1,3,1,-1,-3,-1,2,2,5,2,2,-2,-2,-5,-2,-2
0,1,387,390,1161,1162,1163,1166,1167,1168,2323,2324,2325,2326,2327,2330,2331,2332,2333,2334,1,-1,2,-2,1,3,1,-1,-3,-1,2,2,5,2,2,-2,-2,-5,-2,-2
0,1,389,392,1167,1168,1169,1172,1173,1174,2335,2336,2337,2338,2339,2342,2343,2344,2345,2346,1,-1,2,-2,1,3,1,-1,-3,-1,2,2,5,2,2,-2,-2,-5,-2,-2
0,1,391,394,1173,1174,1175,1178,1179,1180,2347,2348,2349,2350,2351,2354,2355,2356,2357,2358,1,-1,2,-2,1,3,1,-1,-3,-1,2,2,5,2,2,-2,-2,-5,-2,-2
0,1,393,396,1179,1180,1181,1184,1185,1186,2359,2360,2361,2362,2363,2366,2367,2368,2369,2370,1,-1,2,-2,1,3,1,-1,-3,-1,2,2,5,2,2,-2,-2,-5,-2,-2
0,1,395,398,1185,1186,1187,1190,1191,1192,2371,2372,2373,2374,2375,2378,2379,2380,2381,2382,1,-1,2,-2,1,3,1,-1,-3,-1,2,2,5,2,2,-2,-2,-5,-2,-2
0,1,397,400,1191,1192,1193,1196,1197,1198,2383,2384,2385,2386,2387,2390,2391,2392,2393,2394,1,-1,2,-2,1,3,1,-1,-3,-1,2,2,5,2,2,-2,-2,-5,-2,-2
0,1,399,402,1197,1198,1199,1202,1203,1204,2395,2396,2397,2398,2399,2402,2403,2404,2405,2406,1,-1,2,-2,1,3,1,-1,-3,-1,2,2,5,2,2,-2,-2,-5,-2,-2
0,1,401,404,1203,1204,1205,1208,1209,1210,2407,2408,2409,2410,2411,2414,2415,2416,2417,2418,1,-1,2,-2,1,3,1,-1,-3,-1,2,2,5,2,2,-2,-2,-5,-2,-2
0,1,403,406,1209,1210,1211,1214,1215,1216,2419,2420,2421,2422,2423,2426,2427,2428,2429,2430,1,-1,2,-2,1,3,1,-1,-3,-1,2,2,5,2,2,-2,-2,-5,-2,-2
0,1,405,408,1215,1216,1217,1220,1221,1222,2431,2432,2433,2434,2435,2438,2439,2440,2441,2442,1,-1,2,-2,1,3,1,-1,-3,-1,2,2,5,2,2,-2,-2,-5,-2,-2
0,1,407,410,1221,1222,1223,1226,1227,1228,2443,2444,2445,2446,2447,2450,2451,2452,2453,2454,1,-1,2,-2,1,3,1,-1,-3,-1,2,2,5,2,2,-2,-2,-5,-2,-2
0,1,409,412,1227,1228,1229,1232,1233,1234,2455,2456,2457,2458,2459,2462,2463,2464,2465,2466,1,-1,2,-2,1,3,1,-1,-3,-1,2,2,5,2,2,-2,-2,-5,-2,-2
0,1,411,414,1233,1234,1235,1238,1239,1240,2467,2468,2469,2470,2471,2474,2475,2476,2477,2478,1,-1,2,-2,1,3,1,-1,-3,-1,2,2,5,2,2,-2,-2,-5,-2,-2
0,1,413,416,1239,1240,1241,1244,1245,1246,2479,2480,2481,2482,2483,2486,2487,2488,2489,2490,1,-1,2,-2,1,3,1,-1,-3,-1,2,2,5,2,2,-2,-2,-5,-2,-2
0,1,415,418,1245,1246,1247,1250,1251,1252,2491,2492,2493,2494,2495,2498,2499,2500,2501,2502,1,-1,2,-2,1,3,1,-1,-3,-1,2,2,5,2,2,-2,-2,-5,-2,-2
0,1,417,420,1251,1252,1253,1256,1257,1258,2503,2504,2505,2506,2507,2510,2511,2512,2513,2514,1,-1,2,-2,1,3,1,-1,-3,-1,2,2,5,2,2,-2,-2,-5,-2,-2
0,1,419,422,1257,1258,1259,1262,1263,1264,2515,2516,2517,2518,2519,2522,2523,2524,2525,2526,1,-1,2,-2,1,3,1,-1,-3,-1,2,2,5,2,2,-2,-2,-5,-2,-2
0,1,421,424,1263,1264,1265,1268,1269,1270,2527,2528,2529,2530,2531,2534,2535,2536,2537,2538,1,-1,2,-2,1,3,1,-1,-3,-1,2,2,5,2,2,-2,-2,-5,-2,-2
0,1,423,426,1269,1270,1271,1274,1275,1276,2539,2540,2541,2542,2543,2546,2547,2548,2549,2550,1,-1,2,-2,1,3,1,-1,-3,-1,2,2,5,2,2,-2,-2,-5,-2,-2
0,1,425,428,1275,1276,1277,1280,1281,1282,2551,2552,2553,2554,2555,2558,2559,2560,2561,2562,1,-1,2,-2,1,3,1,-1,-3,-1,2,2,5,2,2,-2,-2,-5,-2,-2
0,1,427,430,1281,1282,1283,1286,1287,1288,2563,2564,2565,2566,2567,2570,2571,2572,2573,2574,1,-1,2,-2,1,3,1,-1,-3,-1,2,2,5,2,2,-2,-2,-5,-2,-2
0,1,429,432,1287,1288,1289,1292,1293,1294,2575,2576,2577,2578,2579,2582,2583,2584,2585,2586,1,-1,2,-2,1,3,1,-1,-3,-1,2,2,5,2,2,-2,-2,-5,-2,-2
0,1,431,434,1293,1294,1295,1298,1299,1300,2587,2588,2589,2590,2591,2594,2595,2596,2597,2598,1,-1,2,-2,1,3,1,-1,-3,-1,2,2,5,2,2,-2,-2,-5,-2,-2
0,1,433,436,1299,1300,1301,1304,1305,1306,2599,2600,2601,2602,2603,2606,2607,2608,2609,2610,1,-1,2,-2,1,3,1,-1,-3,-1,2,2,5,2,2,-2,-2,-5,-2,-2
0,1,435,438,1305,1306,1307,1310,1311,1312,2611,2612,2613,2614,2615,2618,2619,2620,2621,2622,1,-1,2,-2,1,3,1,-1,-3,-1,2,2,5,2,2,-2,-2,-5,-2,-2
0,1,437,440,1311,1312,1313,1316,1317,1318,2623,2624,2625,2626,2627,2630,2631,2632,2633,2634,1,-1,2,-2,1,3,1,-1,-3,-1,2,2,5,2,2,-2,-2,-5,-2,-2
0,1,439,442,1317,1318,1319,1322,1323,1324,2635,2636,2637,2638,2639,2642,2643,2644,2645,2646,1,-1,2,-2,1,3,1,-1,-3,-1,2,2,5,2,2,-2,-2,-5,-2,-2
0,1,441,444,1323,1324,1325,1328,1329,1330,2647,2648,2649,2650,2651,2654,2655,2656,2657,2658,1,-1,2,-2,1,3,1,-1,-3,-1,2,2,5,2,2,-2,-2,-5,-2,-2
0,1,443,446,1329,1330,1331,1334,1335,1336,2659,2660,2661,2662,2663,2666,2667,2668,2669,2670,1,-1,2,-2,1,3,1,-1,-3,-1,2,2,5,2,2,-2,-2,-5,-2,-2
0,1,445,448,1335,1336,1337,1340,1341,1342,2671,2672,2673,2674,2675,2678,2679,2680,2681,2682,1,-1,2,-2,1,3,1,-1,-3,-1,2,2,5,2,2,-2,-2,-5,-2,-2
0,1,447,450,1341,1342,1343,1346,1347,1348,2683,2684,2685,2686,2687,2690,2691,2692,2693,2694,1,-1,2,-2,1,3,1,-1,-3,-1,2,2,5,2,2,-2,-2,-5,-2,-2
0,1,449,452,1347,1348,1349,1352,1353,1354,2695,2696,2697,2698,2699,2702,2703,2704,2705,2706,1,-1,2,-2,1,3,1,-1,-3,-1,2,2,5,2,2,-2,-2,-5,-2,-2
0,1,451,454,1353,1354,1355,1358,1359,1360,2707,2708,2709,2710,2711,2714,2715,2716,2717,2718,1,-1,2,-2,1,3,1,-1,-3,-1,2,2,5,2,2,-2,-2,-5,-2,-2
0,1,453,456,1359,1360,1361,1364,1365,1366,2719,2720,2721,2722,2723,2726,2727,2728,2729,2730,1,-1,2,-2,1,3,1,-1,-3,-1,2,2,5,2,2,-2,-2,-5,-2,-2
0,1,455,458,1365,1366,1367,1370,1371,1372,2731,2732,2733,2734,2735,2738,2739,2740,2741,2742,1,-1,2,-2,1,3,1,-1,-3,-1,2,2,5,2,2,-2,-2,-5,-2,-2
0,1,457,460,1371,1372,1373,1376,1377,1378,2743,2744,2745,2746,2747,2750,2751,2752,2753,2754,1,-1,2,-2,1,3,1,-1,-3,-1,2,2,5,2,2,-2,-2,-5,-2,-2
0,1,459,462,1377,1378,1379,1382,1383,1384,2755,2756,2757,2758,2759,2762,2763,2764,2765,2766,1,-1,2,-2,1,3,1,-1,-3,-1,2,2,5,2,2,-2,-2,-5,-2,-2
0,1,461,464,1383,1384,1385,1388,1389,1390,2767,2768,2769,2770,2771,2774,2775,2776,2777,2778,1,-1,2,-2,1,3,1,-1,-3,-1,2,2,5,2,2,-2,-2,-5,-2,-2
0,1,463,466,1389,1390,1391,1394,1395,1396,2779,2780,2781,2782,2783,2786,2787,2788,2789,2790,1,-1,2,-2,1,3,1,-1,-3,-1,2,2,5,2,2,-2,-2,-5,-2,-2
0,1,465,468,1395,1396,1397,1400,1401,1402,2791,2792,2793,2794,2795,2798,2799,2800,2801,2802,1,-1,2,-2,1,3,1,-1,-3,-1,2,2,5,2,2,-2,-2,-5,-2,-2
0,1,467,470,1401,1402,1403,1406,1407,1408,2803,2804,2805,2806,2807,2810,2811,2812,2813,2814,1,-1,2,-2,1,3,1,-1,-3,-1,2,2,5,2,2,-2,-2,-5,-2,-2
0,1,469,472,1407,1408,1409,1412,1413,1414,2815,2816,2817,2818,2819,2822,2823,2824,2825,2826,1,-1,2,-2,1,3,1,-1,-3,-1,2,2,5,2,2,-2,-2,-5,-2,-2
0,1,471,474,1413,1414,1415,1418,1419,1420,2827,2828,2829,2830,2831,2834,2835,2836,2837,2838,1,-1,2,-2,1,3,1,-1,-3,-1,2,2,5,2,2,-2,-2,-5,-2,-2
0,1,473,476,1419,1420,1421,1424,1425,1426,2839,2840,2841,2842,2843,2846,2847,2848,2849,2850,1,-1,2,-2,1,3,1,-1,-3,-1,2,2,5,2,2,-2,-2,-5,-2,-2
0,1,475,478,1425,1426,1427,1430,1431,1432,2851,2852,2853,2854,2855,2858,2859,2860,2861,2862,1,-1,2,-2,1,3,1,-1,-3,-1,2,2,5,2,2,-2,-2,-5,-2,-2
0,1,477,480,1431,1432,1433,1436,1437,1438,2863,2864,2865,2866,2867,2870,2871,2872,2873,2874,1,-1,2,-2,1,3,1,-1,-3,-1,2,2,5,2,2,-2,-2,-5,-2,-2
0,1,479,482,1437,1438,1439,1442,1443,1444,2875,2876,2877,2878,2879,2882,2883,2884,2885,2886,1,-1,2,-2,1,3,1,-1,-3,-1,2,2,5,2,2,-2,-2,-5,-2,-2
0,1,481,484,1443,1444,1445,1448,1449,1450,2887,2888,2889,2890,2891,2894,2895,2896,2897,2898,1,-1,2,-2,1,3,1,-1,-3,-1,2,2,5,2,2,-2,-2,-5,-2,-2
0,1,483,486,1449,1450,1451,1454,1455,1456,2899,2900,2901,2902,2903,2906,2907,2908,2909,2910,1,-1,2,-2,1,3,1,-1,-3,-1,2,2,5,2,2,-2,-2,-5,-2,-2
0,1,485,488,1455,1456,1457,1460,1461,1462,2911,2912,2913,2914,2915,2918,2919,2920,2921,2922,1,-1,2,-2,1,3,1,-1,-3,-1,2,2,5,2,2,-2,-2,-5,-2,-2
0,1,487,490,1461,1462,1463,1466,1467,1468,2923,2924,2925,2926,2927,2930,2931,2932,2933,2934,1,-1,2,-2,1,3,1,-1,-3,-1,2,2,5,2,2,-2,-2,-5,-2,-2
0,1,489,492,1467,1468,1469,1472,1473,1474,2935,2936,2937,2938,2939,2942,2943,2944,2945,2946,1,-1,2,-2,1,3,1,-1,-3,-1,2,2,5,2,2,-2,-2,-5,-2,-2
0,1,491,494,1473,1474,1475,1478,1479,1480,2947,2948,2949,2950,2951,2954,2955,2956,2957,2958,1,-1,2,-2,1,3,1,-1,-3,-1,2,2,5,2,2,-2,-2,-5,-2,-2
0,1,493,496,1479,1480,1481,1484,1485,1486,2959,2960,2961,2962,2963,2966,2967,2968,2969,2970,1,-1,2,-2,1,3,1,-1,-3,-1,2,2,5,2,2,-2,-2,-5,-2,-2
0,1,495,498,1485,1486,1487,1490,1491,1492,2971,2972,2973,2974,2975,2978,2979,2980,2981,2982,1,-1,2,-2,1,3,1,-1,-3,-1,2,2,5,2,2,-2,-2,-5,-2,-2
0,1,497,500,1491,1492,1493,1496,1497,1498,2983,2984,2985,2986,2987,2990,2991,2992,2993,2994,1,-1,2,-2,1,3,1,-1,-3,-1,2,2,5,2,2,-2,-2,-5,-2,-2
0,1,499,502,1497,1498,1499,1502,1503,1504,2995,2996,2997,2998,2999,3002,3003,3004,3005,3006,1,-1,2,-2,1,3,1,-1,-3,-1,2,2,5,2,2,-2,-2,-5,-2,-2
0,1,501,504,1503,1504,1505,1508,1509,1510,3007,3008,3009,3010,3011,3014,3015,3016,3017,3018,1,-1,2,-2,1,3,1,-1,-3,-1,2,2,5,2,2,-2,-2,-5,-2,-2
0,1,503,506,1509,1510,1511,1514,1515,1516,3019,3020,3021,3022,3023,3026,3027,3028,3029,3030,1,-1,2,-2,1,3,1,-1,-3,-1,2,2,5,2,2,-2,-2,-5,-2,-2
0,1,505,508,1515,1516,1517,1520,1521,1522,3031,3032,3033,3034,3035,3038,3039,3040,3041,3042,1,-1,2,-2,1,3,1,-1,-3,-1,2,2,5,2,2,-2,-2,-5,-2,-2
0,1,507,510,1521,1522,1523,1526,1527,1528,3043,3044,3045,3046,3047,3050,3051,3052,3053,3054,1,-1,2,-2,1,3,1,-1,-3,-1,2,2,5,2,2,-2,-2,-5,-2,-2
0,1,509,512,1527,1528,1529,1532,1533,1534,3055,3056,3057,3058,3059,3062,3063,3064,3065,3066,1,-1,2,-2,1,3,1,-1,-3,-1,2,2,5,2,2,-2,-2,-5,-2,-2
0,1,511,514,1533,1534,1535,1538,1539,1540,3067,3068,3069,3070,3071,3074,3075,3076,3077,3078,1,-1,2,-2,1,3,1,-1,-3,-1,2,2,5,2,2,-2,-2,-5,-2,-2
0,1,513,516,1539,1540,1541,1544,1545,1546,3079,3080,3081,3082,3083,3086,3087,3088,3089,3090,1,-1,2,-2,1,3,1,-1,-3,-1,2,2,5,2,2,-2,-2,-5,-2,-2
0,1,515,518,1545,1546,1547,1550,1551,1552,3091,3092,3093,3094,3095,3098,3099,3100,3101,3102,1,-1,2,-2,1,3,1,-1,-3,-1,2,2,5,2,2,-2,-2,-5,-2,-2
0,1,517,520,1551,1552,1553,1556,1557,1558,3103,3104,3105,3106,3107,3110,3111,3112,3113,3114,1,-1,2,-2,1,3,1,-1,-3,-1,2,2,5,2,2,-2,-2,-5,-2,-2
0,1,519,522,1557,1558,1559,1562,1563,1564,3115,3116,3117,3118,3119,3122,3123,3124,3125,3126,1,-1,2,-2,1,3,1,-1,-3,-1,2,2,5,2,2,-2,-2,-5,-2,-2
0,1,521,524,1563,1564,1565,1568,1569,1570,3127,3128,3129,3130,3131,3134,3135,3136,3137,3138,1,-1,2,-2,1,3,1,-1,-3,-1,2,2,5,2,2,-2,-2,-5,-2,-2
0,1,523,526,1569,1570,1571,1574,1575,1576,3139,3140,3141,3142,3143,3146,3147,3148,3149,3150,1,-1,2,-2,1,3,1,-1,-3,-1,2,2,5,2,2,-2,-2,-5,-2,-2
0,1,525,528,1575,1576,1577,1580,1581,1582,3151,3152,3153,3154,3155,3158,3159,3160,3161,3162,1,-1,2,-2,1,3,1,-1,-3,-1,2,2,5,2,2,-2,-2,-5,-2,-2
0,1,527,530,1581,1582,1583,1586,1587,1588,3163,3164,3165,3166,3167,3170,3171,3172,3173,3174,1,-1,2,-2,1,3,1,-1,-3,-1,2,2,5,2,2,-2,-2,-5,-2,-2
0,1,529,532,1587,1588,1589,1592,1593,1594,3175,3176,3177,3178,3179,3182,3183,3184,3185,3186,1,-1,2,-2,1,3,1,-1,-3,-1,2,2,5,2,2,-2,-2,-5,-2,-2
0,1,531,534,1593,1594,1595,1598,1599,1600,3187,3188,3189,3190,3191,3194,3195,3196,3197,3198,1,-1,2,-2,1,3,1,-1,-3,-1,2,2,5,2,2,-2,-2,-5,-2,-2
0,1,533,536,1599,1600,1601,1604,1605,1606,3199,3200,3201,3202,3203,3206,3207,3208,3209,3210,1,-1,2,-2,1,3,1,-1,-3,-1,2,2,5,2,2,-2,-2,-5,-2,-2
0,1,535,538,1605,1606,1607,1610,1611,1612,3211,3212,3213,3214,3215,3218,3219,3220,3221,3222,1,-1,2,-2,1,3,1,-1,-3,-1,2,2,5,2,2,-2,-2,-5,-2,-2
0,1,537,540,1611,1612,1613,1616,1617,1618,3223,3224,3225,3226,3227,3230,3231,3232,3233,3234,1,-1,2,-2,1,3,1,-1,-3,-1,2,2,5,2,2,-2,-2,-5,-2,-2
0,1,539,542,1617,1618,1619,1622,1623,1624,3235,3236,3237,3238,3239,3242,3243,3244,3245,3246,1,-1,2,-2,1,3,1,-1,-3,-1,2,2,5,2,2,-2,-2,-5,-2,-2
0,1,541,544,1623,1624,1625,1628,1629,1630,3247,3248,3249,3250,3251,3254,3255,3256,3257,3258,1,-1,2,-2,1,3,1,-1,-3,-1,2,2,5,2,2,-2,-2,-5,-2,-2
0,1,543,546,1629,1630,1631,1634,1635,1636,3259,3260,3261,3262,3263,3266,3267,3268,3269,3270,1,-1,2,-2,1,3,1,-1,-3,-1,2,2,5,2,2,-2,-2,-5,-2,-2
0,1,545,548,1635,1636,1637,1640,1641,1642,3271,3272,3273,3274,3275,3278,3279,3280,3281,3282,1,-1,2,-2,1,3,1,-1,-3,-1,2,2,5,2,2,-2,-2,-5,-2,-2
0,1,547,550,1641,1642,1643,1646,1647,1648,3283,3284,3285,3286,3287,3290,3291,3292,3293,3294,1,-1,2,-2,1,3,1,-1,-3,-1,2,2,5,2,2,-2,-2,-5,-2,-2
0,1,549,552,1647,1648,1649,1652,1653,1654,3295,3296,3297,3298,3299,3302,3303,3304,3305,3306,1,-1,2,-2,1,3,1,-1,-3,-1,2,2,5,2,2,-2,-2,-5,-2,-2
0,1,551,554,1653,1654,1655,1658,1659,1660,3307,3308,3309,3310,3311,3314,3315,3316,3317,3318,1,-1,2,-2,1,3,1,-1,-3,-1,2,2,5,2,2,-2,-2,-5,-2,-2
0,1,553,556,1659,1660,1661,1664,1665,1666,3319,3320,3321,3322,3323,3326,3327,3328,3329,3330,1,-1,2,-2,1,3,1,-1,-3,-1,2,2,5,2,2,-2,-2,-5,-2,-2
0,1,555,558,1665,1666,1667,1670,1671,1672,3331,3332,3333,3334,3335,3338,3339,3340,3341,3342,1,-1,2,-2,1,3,1,-1,-3,-1,2,2,5,2,2,-2,-2,-5,-2,-2
0,1,557,560,1671,1672,1673,1676,1677,1678,3343,3344,3345,3346,3347,3350,3351,3352,3353,3354,1,-1,2,-2,1,3,1,-1,-3,-1,2,2,5,2,2,-2,-2,-5,-2,-2
0,1,559,562,1677,1678,1679,1682,1683,1684,3355,3356,3357,3358,3359,3362,3363,3364,3365,3366,1,-1,2,-2,1,3,1,-1,-3,-1,2,2,5,2,2,-2,-2,-5,-2,-2
0,1,561,564,1683,1684,1685,1688,1689,1690,3367,3368,3369,3370,3371,3374,3375,3376,3377,3378,1,-1,2,-2,1,3,1,-1,-3,-1,2,2,5,2,2,-2,-2,-5,-2,-2
0,1,563,566,1689,1690,1691,1694,1695,1696,3379,3380,3381,3382,3383,3386,3387,3388,3389,3390,1,-1,2,-2,1,3,1,-1,-3,-1,2,2,5,2,2,-2,-2,-5,-2,-2
0,1,565,568,1695,1696,1697,1700,1701,1702,3391,3392,3393,3394,3395,3398,3399,3400,3401,3402,1,-1,2,-2,1,3,1,-1,-3,-1,2,2,5,2,2,-2,-2,-5,-2,-2
0,1,567,570,1701,1702,1703,1706,1707,1708,3403,3404,3405,3406,3407,3410,3411,3412,3413,3414,1,-1,2,-2,1,3,1,-1,-3,-1,2,2,5,2,2,-2,-2,-5,-2,-2
0,1,569,572,1707,1708,1709,1712,1713,1714,3415,3416,3417,3418,3419,3422,3423,3424,3425,3426,1,-1,2,-2,1,3,1,-1,-3,-1,2,2,5,2,2,-2,-2,-5,-2,-2
0,1,571,574,1713,1714,1715,1718,1719,1720,3427,3428,3429,3430,3431,3434,3435,3436,3437,3438,1,-1,2,-2,1,3,1,-1,-3,-1,2,2,5,2,2,-2,-2,-5,-2,-2
0,1,573,576,1719,1720,1721,1724,1725,1726,3439,3440,3441,3442,3443,3446,3447,3448,3449,3450,1,-1,2,-2,1,3,1,-1,-3,-1,2,2,5,2,2,-2,-2,-5,-2,-2
0,1,575,578,1725,1726,1727,1730,1731,1732,3451,3452,3453,3454,3455,3458,3459,3460,3461,3462,1,-1,2,-2,1,3,1,-1,-3,-1,2,2,5,2,2,-2,-2,-5,-2,-2
0,1,577,580,1731,1732,1733,1736,1737,1738,3463,3464,3465,3466,3467,3470,3471,3472,3473,3474,1,-1,2,-2,1,3,1,-1,-3,-1,2,2,5,2,2,-2,-2,-5,-2,-2
0,1,579,582,1737,1738,1739,1742,1743,1744,3475,3476,3477,3478,3479,3482,3483,3484,3485,3486,1,-1,2,-2,1,3,1,-1,-3,-1,2,2,5,2,2,-2,-2,-5,-2,-2
0,1,581,584,1743,1744,1745,1748,1749,1750,3487,3488,3489,3490,3491,3494,3495,3496,3497,3498,1,-1,2,-2,1,3,1,-1,-3,-1,2,2,5,2,2,-2,-2,-5,-2,-2
0,1,583,586,1749,1750,1751,1754,1755,1756,3499,3500,3501,3502,3503,3506,3507,3508,3509,3510,1,-1,2,-2,1,3,1,-1,-3,-1,2,2,5,2,2,-2,-2,-5,-2,-2
0,1,585,588,1755,1756,1757,1760,1761,1762,3511,3512,3513,3514,3515,3518,3519,3520,3521,3522,1,-1,2,-2,1,3,1,-1,-3,-1,2,2,5,2,2,-2,-2,-5,-2,-2
0,1,587,590,1761,1762,1763,1766,1767,1768,3523,3524,3525,3526,3527,3530,3531,3532,3533,3534,1,-1,2,-2,1,3,1,-1,-3,-1,2,2,5,2,2,-2,-2,-5,-2,-2
0,1,589,592,1767,1768,1769,1772,1773,1774,3535,3536,3537,3538,3539,3542,3543,3544,3545,3546,1,-1,2,-2,1,3,1,-1,-3,-1,2,2,5,2,2,-2,-2,-5,-2,-2
0,1,591,594,1773,1774,1775,1778,1779,1780,3547,3548,3549,3550,3551,3554,3555,3556,3557,3558,1,-1,2,-2,1,3,1,-1,-3,-1,2,2,5,2,2,-2,-2,-5,-2,-2
0,1,593,596,1779,1780,1781,1784,1785,1786,3559,3560,3561,3562,3563,3566,3567,3568,3569,3570,1,-1,2,-2,1,3,1,-1,-3,-1,2,2,5,2,2,-2,-2,-5,-2,-2
0,1,595,598,1785,1786,1787,1790,1791,1792,3571,3572,3573,3574,3575,3578,3579,3580,3581,3582,1,-1,2,-2,1,3,1,-1,-3,-1,2,2,5,2,2,-2,-2,-5,-2,-2
0,1,597,600,1791,1792,1793,1796,1797,1798,3583,3584,3585,3586,3587,3590,3591,3592,3593,3594,1,-1,2,-2,1,3,1,-1,-3,-1,2,2,5,2,2,-2,-2,-5,-2,-2
0,1,599,602,1797,1798,1799,1802,1803,1804,3595,3596,3597,3598,3599,3602,3603,3604,3605,3606,1,-1,2,-2,1,3,1,-1,-3,-1,2,2,5,2,2,-2,-2,-5,-2,-2
0,1,601,604,1803,1804,1805,1808,1809,1810,3607,3608,3609,3610,3611,3614,3615,3616,3617,3618,1,-1,2,-2,1,3,1,-1,-3,-1,2,2,5,2,2,-2,-2,-5,-2,-2
0,1,603,606,1809,1810,1811,1814,1815,1816,3619,3620,3621,3622,3623,3626,3627,3628,3629,3630,1,-1,2,-2,1,3,1,-1,-3,-1,2,2,5,2,2,-2,-2,-5,-2,-2
0,1,605,608,1815,1816,1817,1820,1821,1822,3631,3632,3633,3634,3635,3638,3639,3640,3641,3642,1,-1,2,-2,1,3,1,-1,-3,-1,2,2,5,2,2,-2,-2,-5,-2,-2
0,1,607,610,1821,1822,1823,1826,1827,1828,3643,3644,3645,3646,3647,3650,3651,3652,3653,3654,1,-1,2,-2,1,3,1,-1,-3,-1,2,2,5,2,2,-2,-2,-5,-2,-2
0,1,609,612,1827,1828,1829,1832,1833,1834,3655,3656,3657,3658,3659,3662,3663,3664,3665,3666,1,-1,2,-2,1,3,1,-1,-3,-1,2,2,5,2,2,-2,-2,-5,-2,-2
0,1,611,614,1833,1834,1835,1838,1839,1840,3667,3668,3669,3670,3671,3674,3675,3676,3677,3678,1,-1,2,-2,1,3,1,-1,-3,-1,2,2,5,2,2,-2,-2,-5,-2,-2
0,1,613,616,1839,1840,1841,1844,1845,1846,3679,3680,3681,3682,3683,3686,3687,3688,3689,3690,1,-1,2,-2,1,3,1,-1,-3,-1,2,2,5,2,2,-2,-2,-5,-2,-2
0,1,615,618,1845,1846,1847,1850,1851,1852,3691,3692,3693,3694,3695,3698,3699,3700,3701,3702,1,-1,2,-2,1,3,1,-1,-3,-1,2,2,5,2,2,-2,-2,-5,-2,-2
0,1,617,620,1851,1852,1853,1856,1857,1858,3703,3704,3705,3706,3707,3710,3711,3712,3713,3714,1,-1,2,-2,1,3,1,-1,-3,-1,2,2,5,2,2,-2,-2,-5,-2,-2
0,1,619,622,1857,1858,1859,1862,1863,1864,3715,3716,3717,3718,3719,3722,3723,3724,3725,3726,1,-1,2,-2,1,3,1,-1,-3,-1,2,2,5,2,2,-2,-2,-5,-2,-2
0,1,621,624,1863,1864,1865,1868,1869,1870,3727,3728,3729,3730,3731,3734,3735,3736,3737,3738,1,-1,2,-2,1,3,1,-1,-3,-1,2,2,5,2,2,-2,-2,-5,-2,-2
0,1,623,626,1869,1870,1871,1874,1875,1876,3739,3740,3741,3742,3743,3746,3747,3748,3749,3750,1,-1,2,-2,1,3,1,-1,-3,-1,2,2,5,2,2,-2,-2,-5,-2,-2
0,1,625,628,1875,1876,1877,1880,1881,1882,3751,3752,3753,3754,3755,3758,3759,3760,3761,3762,1,-1,2,-2,1,3,1,-1,-3,-1,2,2,5,2,2,-2,-2,-5,-2,-2
0,1,627,630,1881,1882,1883,1886,1887,1888,3763,3764,3765,3766,3767,3770,3771,3772,3773,3774,1,-1,2,-2,1,3,1,-1,-3,-1,2,2,5,2,2,-2,-2,-5,-2,-2
0,1,629,632,1887,1888,1889,1892,1893,1894,3775,3776,3777,3778,3779,3782,3783,3784,3785,3786,1,-1,2,-2,1,3,1,-1,-3,-1,2,2,5,2,2,-2,-2,-5,-2,-2
0,1,631,634,1893,1894,1895,1898,1899,1900,3787,3788,3789,3790,3791,3794,3795,3796,3797,3798,1,-1,2,-2,1,3,1,-1,-3,-1,2,2,5,2,2,-2,-2,-5,-2,-2
0,1,633,636,1899,1900,1901,1904,1905,1906,3799,3800,3801,3802,3803,3806,3807,3808,3809,3810,1,-1,2,-2,1,3,1,-1,-3,-1,2,2,5,2,2,-2,-2,-5,-2,-2
0,1,635,638,1905,1906,1907,1910,1911,1912,3811,3812,3813,3814,3815,3818,3819,3820,3821,3822,1,-1,2,-2,1,3,1,-1,-3,-1,2,2,5,2,2,-2,-2,-5,-2,-2
0,1,637,640,1911,1912,1913,1916,1917,1918,3823,3824,3825,3826,3827,3830,3831,3832,3833,3834,1,-1,2,-2,1,3,1,-1,-3,-1,2,2,5,2,2,-2,-2,-5,-2,-2
0,1,639,642,1917,1918,1919,1922,1923,1924,3835,3836,3837,3838,3839,3842,3843,3844,3845,3846,1,-1,2,-2,1,3,1,-1,-3,-1,2,2,5,2,2,-2,-2,-5,-2,-2
0,1,641,644,1923,1924,1925,1928,1929,1930,3847,3848,3849,3850,3851,3854,3855,3856,3857,3858,1,-1,2,-2,1,3,1,-1,-3,-1,2,2,5,2,2,-2,-2,-5,-2,-2
0,1,643,646,1929,1930,1931,1934,1935,1936,3859,3860,3861,3862,3863,3866,3867,3868,3869,3870,1,-1,2,-2,1,3,1,-1,-3,-1,2,2,5,2,2,-2,-2,-5,-2,-2
0,1,645,648,1935,1936,1937,1940,1941,1942,3871,3872,3873,3874,3875,3878,3879,3880,3881,3882,1,-1,2,-2,1,3,1,-1,-3,-1,2,2,5,2,2,-2,-2,-5,-2,-2
0,1,647,650,1941,1942,1943,1946,1947,1948,3883,3884,3885,3886,3887,3890,3891,3892,3893,3894,1,-1,2,-2,1,3,1,-1,-3,-1,2,2,5,2,2,-2,-2,-5,-2,-2
0,1,649,652,1947,1948,1949,1952,1953,1954,3895,3896,3897,3898,3899,3902,3903,3904,3905,3906,1,-1,2,-2,1,3,1,-1,-3,-1,2,2,5,2,2,-2,-2,-5,-2,-2
0,1,651,654,1953,1954,1955,1958,1959,1960,3907,3908,3909,3910,3911,3914,3915,3916,3917,3918,1,-1,2,-2,1,3,1,-1,-3,-1,2,2,5,2,2,-2,-2,-5,-2,-2
0,1,653,656,1959,1960,1961,1964,1965,1966,3919,3920,3921,3922,3923,3926,3927,3928,3929,3930,1,-1,2,-2,1,3,1,-1,-3,-1,2,2,5,2,2,-2,-2,-5,-2,-2
0,1,655,658,1965,1966,1967,1970,1971,1972,3931,3932,3933,3934,3935,3938,3939,3940,3941,3942,1,-1,2,-2,1,3,1,-1,-3,-1,2,2,5,2,2,-2,-2,-5,-2,-2
0,1,657,660,1971,1972,1973,1976,1977,1978,3943,3944,3945,3946,3947,3950,3951,3952,3953,3954,1,-1,2,-2,1,3,1,-1,-3,-1,2,2,5,2,2,-2,-2,-5,-2,-2
0,1,659,662,1977,1978,1979,1982,1983,1984,3955,3956,3957,3958,3959,3962,3963,3964,3965,3966,1,-1,2,-2,1,3,1,-1,-3,-1,2,2,5,2,2,-2,-2,-5,-2,-2
0,1,661,664,1983,1984,1985,1988,1989,1990,3967,3968,3969,3970,3971,3974,3975,3976,3977,3978,1,-1,2,-2,1,3,1,-1,-3,-1,2,2,5,2,2,-2,-2,-5,-2,-2
0,1,663,666,1989,1990,1991,1994,1995,1996,3979,3980,3981,3982,3983,3986,3987,3988,3989,3990,1,-1,2,-2,1,3,1,-1,-3,-1,2,2,5,2,2,-2,-2,-5,-2,-2
0,1,665,668,1995,1996,1997,2000,2001,2002,3991,3992,3993,3994,3995,3998,3999,4000,4001,4002,1,-1,2,-2,1,3,1,-1,-3,-1,2,2,5,2,2,-2,-2,-5,-2,-2
0,1,667,670,2001,2002,2003,2006,2007,2008,4003,4004,4005,4006,4007,4010,4011,4012,4013,4014,1,-1,2,-2,1,3,1,-1,-3,-1,2,2,5,2,2,-2,-2,-5,-2,-2
0,1,669,672,2007,2008,2009,2012,2013,2014,4015,4016,4017,4018,4019,4022,4023,4024,4025,4026,1,-1,2,-2,1,3,1,-1,-3,-1,2,2,5,2,2,-2,-2,-5,-2,-2
0,1,671,674,2013,2014,2015,2018,2019,2020,4027,4028,4029,4030,4031,4034,4035,4036,4037,4038,1,-1,2,-2,1,3,1,-1,-3,-1,2,2,5,2,2,-2,-2,-5,-2,-2
0,1,673,676,2019,2020,2021,2024,2025,2026,4039,4040,4041,4042,4043,4046,4047,4048,4049,4050,1,-1,2,-2,1,3,1,-1,-3,-1,2,2,5,2,2,-2,-2,-5,-2,-2
0,1,675,678,2025,2026,2027,2030,2031,2032,4051,4052,4053,4054,4055,4058,4059,4060,4061,4062,1,-1,2,-2,1,3,1,-1,-3,-1,2,2,5,2,2,-2,-2,-5,-2,-2
0,1,677,680,2031,2032,2033,2036,2037,2038,4063,4064,4065,4066,4067,4070,4071,4072,4073,4074,1,-1,2,-2,1,3,1,-1,-3,-1,2,2,5,2,2,-2,-2,-5,-2,-2
0,1,679,682,2037,2038,2039,2042,2043,2044,4075,4076,4077,4078,4079,4082,4083,4084,4085,4086,1,-1,2,-2,1,3,1,-1,-3,-1,2,2,5,2,2,-2,-2,-5,-2,-2
0,1,681,684,2043,2044,2045,2048,2049,2050,4087,4088,4089,4090,4091,4094,4095,4096,4097,4098,1,-1,2,-2,1,3,1,-1,-3,-1,2,2,5,2,2,-2,-2,-5,-2,-2
0,1,683,686,2049,2050,2051,2054,2055,2056,4099,4100,4101,4102,4103,4106,4107,4108,4109,4110,1,-1,2,-2,1,3,1,-1,-3,-1,2,2,5,2,2,-2,-2,-5,-2,-2
0,1,685,688,2055,2056,2057,2060,2061,2062,4111,4112,4113,4114,4115,4118,4119,4120,4121,4122,1,-1,2,-2,1,3,1,-1,-3,-1,2,2,5,2,2,-2,-2,-5,-2,-2
0,1,687,690,2061,2062,2063,2066,2067,2068,4123,4124,4125,4126,4127,4130,4131,4132,4133,4134,1,-1,2,-2,1,3,1,-1,-3,-1,2,2,5,2,2,-2,-2,-5,-2,-2
0,1,689,692,2067,2068,2069,2072,2073,2074,4135,4136,4137,4138,4139,4142,4143,4144,4145,4146,1,-1,2,-2,1,3,1,-1,-3,-1,2,2,5,2,2,-2,-2,-5,-2,-2
0,1,691,694,2073,2074,2075,2078,2079,2080,4147,4148,4149,4150,4151,4154,4155,4156,4157,4158,1,-1,2,-2,1,3,1,-1,-3,-1,2,2,5,2,2,-2,-2,-5,-2,-2
0,1,693,696,2079,2080,2081,2084,2085,2086,4159,4160,4161,4162,4163,4166,4167,4168,4169,4170,1,-1,2,-2,1,3,1,-1,-3,-1,2,2,5,2,2,-2,-2,-5,-2,-2
0,1,695,698,2085,2086,2087,2090,2091,2092,4171,4172,4173,4174,4175,4178,4179,4180,4181,4182,1,-1,2,-2,1,3,1,-1,-3,-1,2,2,5,2,2,-2,-2,-5,-2,-2
0,1,697,700,2091,2092,2093,2096,2097,2098,4183,4184,4185,4186,4187,4190,4191,4192,4193,4194,1,-1,2,-2,1,3,1,-1,-3,-1,2,2,5,2,2,-2,-2,-5,-2,-2
0,1,699,702,2097,2098,2099,2102,2103,2104,4195,4196,4197,4198,4199,4202,4203,4204,4205,4206,1,-1,2,-2,1,3,1,-1,-3,-1,2,2,5,2,2,-2,-2,-5,-2,-2
0,1,701,704,2103,2104,2105,2108,2109,2110,4207,4208,4209,4210,4211,4214,4215,4216,4217,4218,1,-1,2,-2,1,3,1,-1,-3,-1,2,2,5,2,2,-2,-2,-5,-2,-2
0,1,703,706,2109,2110,2111,2114,2115,2116,4219,4220,4221,4222,4223,4226,4227,4228,4229,4230,1,-1,2,-2,1,3,1,-1,-3,-1,2,2,5,2,2,-2,-2,-5,-2,-2
0,1,705,708,2115,2116,2117,2120,2121,2122,4231,4232,4233,4234,4235,4238,4239,4240,4241,4242,1,-1,2,-2,1,3,1,-1,-3,-1,2,2,5,2,2,-2,-2,-5,-2,-2
0,1,707,710,2121,2122,2123,2126,2127,2128,4243,4244,4245,4246,4247,4250,4251,4252,4253,4254,1,-1,2,-2,1,3,1,-1,-3,-1,2,2,5,2,2,-2,-2,-5,-2,-2
0,1,709,712,2127,2128,2129,2132,2133,2134,4255,4256,4257,4258,4259,4262,4263,4264,4265,4266,1,-1,2,-2,1,3,1,-1,-3,-1,2,2,5,2,2,-2,-2,-5,-2,-2
0,1,711,714,2133,2134,2135,2138,2139,2140,4267,4268,4269,4270,4271,4274,4275,4276,4277,4278,1,-1,2,-2,1,3,1,-1,-3,-1,2,2,5,2,2,-2,-2,-5,-2,-2
0,1,713,716,2139,2140,2141,2144,2145,2146,4279,4280,4281,4282,4283,4286,4287,4288,4289,4290,1,-1,2,-2,1,3,1,-1,-3,-1,2,2,5,2,2,-2,-2,-5,-2,-2
0,1,715,718,2145,2146,2147,2150,2151,2152,4291,4292,4293,4294,4295,4298,4299,4300,4301,4302,1,-1,2,-2,1,3,1,-1,-3,-1,2,2,5,2,2,-2,-2,-5,-2,-2
0,1,717,720,2151,2152,2153,2156,2157,2158,4303,4304,4305,4306,4307,4310,4311,4312,4313,4314,1,-1,2,-2,1,3,1,-1,-3,-1,2,2,5,2,2,-2,-2,-5,-2,-2
0,1,719,722,2157,2158,2159,2162,2163,2164,4315,4316,4317,4318,4319,4322,4323,4324,4325,4326,1,-1,2,-2,1,3,1,-1,-3,-1,2,2,5,2,2,-2,-2,-5,-2,-2
0,1,721,724,2163,2164,2165,2168,2169,2170,4327,4328,4329,4330,4331,4334,4335,4336,4337,4338,1,-1,2,-2,1,3,1,-1,-3,-1,2,2,5,2,2,-2,-2,-5,-2,-2
0,1,723,726,2169,2170,2171,2174,2175,2176,4339,4340,4341,4342,4343,4346,4347,4348,4349,4350,1,-1,2,-2,1,3,1,-1,-3,-1,2,2,5,2,2,-2,-2,-5,-2,-2
0,1,725,728,2175,2176,2177,2180,2181,2182,4351,4352,4353,4354,4355,4358,4359,4360,4361,4362,1,-1,2,-2,1,3,1,-1,-3,-1,2,2,5,2,2,-2,-2,-5,-2,-2
0,1,727,730,2181,2182,2183,2186,2187,2188,4363,4364,4365,4366,4367,4370,4371,4372,4373,4374,1,-1,2,-2,1,3,1,-1,-3,-1,2,2,5,2,2,-2,-2,-5,-2,-2
0,1,729,732,2187,2188,2189,2192,2193,2194,4375,4376,4377,4378,4379,4382,4383,4384,4385,4386,1,-1,2,-2,1,3,1,-1,-3,-1,2,2,5,2,2,-2,-2,-5,-2,-2
0,1,731,734,2193,2194,2195,2198,2199,2200,4387,4388,4389,4390,4391,4394,4395,4396,4397,4398,1,-1,2,-2,1,3,1,-1,-3,-1,2,2,5,2,2,-2,-2,-5,-2,-2
0,1,733,736,2199,2200,2201,2204,2205,2206,4399,4400,4401,4402,4403,4406,4407,4408,4409,4410,1,-1,2,-2,1,3,1,-1,-3,-1,2,2,5,2,2,-2,-2,-5,-2,-2
0,1,735,738,2205,2206,2207,2210,2211,2212,4411,4412,4413,4414,4415,4418,4419,4420,4421,4422,1,-1,2,-2,1,3,1,-1,-3,-1,2,2,5,2,2,-2,-2,-5,-2,-2
0,1,737,740,2211,2212,2213,2216,2217,2218,4423,4424,4425,4426,4427,4430,4431,4432,4433,4434,1,-1,2,-2,1,3,1,-1,-3,-1,2,2,5,2,2,-2,-2,-5,-2,-2
0,1,739,742,2217,2218,2219,2222,2223,2224,4435,4436,4437,4438,4439,4442,4443,4444,4445,4446,1,-1,2,-2,1,3,1,-1,-3,-1,2,2,5,2,2,-2,-2,-5,-2,-2
0,1,741,744,2223,2224,2225,2228,2229,2230,4447,4448,4449,4450,4451,4454,4455,4456,4457,4458,1,-1,2,-2,1,3,1,-1,-3,-1,2,2,5,2,2,-2,-2,-5,-2,-2
0,1,743,746,2229,2230,2231,2234,2235,2236,4459,4460,4461,4462,4463,4466,4467,4468,4469,4470,1,-1,2,-2,1,3,1,-1,-3,-1,2,2,5,2,2,-2,-2,-5,-2,-2
0,1,745,748,2235,2236,2237,2240,2241,2242,4471,4472,4473,4474,4475,4478,4479,4480,4481,4482,1,-1,2,-2,1,3,1,-1,-3,-1,2,2,5,2,2,-2,-2,-5,-2,-2
0,1,747,750,2241,2242,2243,2246,2247,2248,4483,4484,4485,4486,4487,4490,4491,4492,4493,4494,1,-1,2,-2,1,3,1,-1,-3,-1,2,2,5,2,2,-2,-2,-5,-2,-2
0,1,749,752,2247,2248,2249,2252,2253,2254,4495,4496,4497,4498,4499,4502,4503,4504,4505,4506,1,-1,2,-2,1,3,1,-1,-3,-1,2,2,5,2,2,-2,-2,-5,-2,-2
0,1,751,754,2253,2254,2255,2258,2259,2260,4507,4508,4509,4510,4511,4514,4515,4516,4517,4518,1,-1,2,-2,1,3,1,-1,-3,-1,2,2,5,2,2,-2,-2,-5,-2,-2
0,1,753,756,2259,2260,2261,2264,2265,2266,4519,4520,4521,4522,4523,4526,4527,4528,4529,4530,1,-1,2,-2,1,3,1,-1,-3,-1,2,2,5,2,2,-2,-2,-5,-2,-2
0,1,755,758,2265,2266,2267,2270,2271,2272,4531,4532,4533,4534,4535,4538,4539,4540,4541,4542,1,-1,2,-2,1,3,1,-1,-3,-1,2,2,5,2,2,-2,-2,-5,-2,-2
0,1,757,760,2271,2272,2273,2276,2277,2278,4543,4544,4545,4546,4547,4550,4551,4552,4553,4554,1,-1,2,-2,1,3,1,-1,-3,-1,2,2,5,2,2,-2,-2,-5,-2,-2
0,1,759,762,2277,2278,2279,2282,2283,2284,4555,4556,4557,4558,4559,4562,4563,4564,4565,4566,1,-1,2,-2,1,3,1,-1,-3,-1,2,2,5,2,2,-2,-2,-5,-2,-2
0,1,761,764,2283,2284,2285,2288,2289,2290,4567,4568,4569,4570,4571,4574,4575,4576,4577,4578,1,-1,2,-2,1,3,1,-1,-3,-1,2,2,5,2,2,-2,-2,-5,-2,-2
0,1,763,766,2289,2290,2291,2294,2295,2296,4579,4580,4581,4582,4583,4586,4587,4588,4589,4590,1,-1,2,-2,1,3,1,-1,-3,-1,2,2,5,2,2,-2,-2,-5,-2,-2
0,1,765,768,2295,2296,2297,2300,2301,2302,4591,4592,4593,4594,4595,4598,4599,4600,4601,4602,1,-1,2,-2,1,3,1,-1,-3,-1,2,2,5,2,2,-2,-2,-5,-2,-2
0,1,767,770,2301,2302,2303,2306,2307,2308,4603,4604,4605,4606,4607,4610,4611,4612,4613,4614,1,-1,2,-2,1,3,1,-1,-3,-1,2,2,5,2,2,-2,-2,-5,-2,-2
0,1,769,772,2307,2308,2309,2312,2313,2314,4615,4616,4617,4618,4619,4622,4623,4624,4625,4626,1,-1,2,-2,1,3,1,-1,-3,-1,2,2,5,2,2,-2,-2,-5,-2,-2
0,1,771,774,2313,2314,2315,2318,2319,2320,4627,4628,4629,4630,4631,4634,4635,4636,4637,4638,1,-1,2,-2,1,3,1,-1,-3,-1,2,2,5,2,2,-2,-2,-5,-2,-2
0,1,773,776,2319,2320,2321,2324,2325,2326,4639,4640,4641,4642,4643,4646,4647,4648,4649,4650,1,-1,2,-2,1,3,1,-1,-3,-1,2,2,5,2,2,-2,-2,-5,-2,-2
0,1,775,778,2325,2326,2327,2330,2331,2332,4651,4652,4653,4654,4655,4658,4659,4660,4661,4662,1,-1,2,-2,1,3,1,-1,-3,-1,2,2,5,2,2,-2,-2,-5,-2,-2
0,1,777,780,2331,2332,2333,2336,2337,2338,4663,4664,4665,4666,4667,4670,4671,4672,4673,4674,1,-1,2,-2,1,3,1,-1,-3,-1,2,2,5,2,2,-2,-2,-5,-2,-2
0,1,779,782,2337,2338,2339,2342,2343,2344,4675,4676,4677,4678,4679,4682,4683,4684,4685,4686,1,-1,2,-2,1,3,1,-1,-3,-1,2,2,5,2,2,-2,-2,-5,-2,-2
0,1,781,784,2343,2344,2345,2348,2349,2350,4687,4688,4689,4690,4691,4694,4695,4696,4697,4698,1,-1,2,-2,1,3,1,-1,-3,-1,2,2,5,2,2,-2,-2,-5,-2,-2
0,1,783,786,2349,2350,2351,2354,2355,2356,4699,4700,4701,4702,4703,4706,4707,4708,4709,4710,1,-1,2,-2,1,3,1,-1,-3,-1,2,2,5,2,2,-2,-2,-5,-2,-2
0,1,785,788,2355,2356,2357,2360,2361,2362,4711,4712,4713,4714,4715,4718,4719,4720,4721,4722,1,-1,2,-2,1,3,1,-1,-3,-1,2,2,5,2,2,-2,-2,-5,-2,-2
0,1,787,790,2361,2362,2363,2366,2367,2368,4723,4724,4725,4726,4727,4730,4731,4732,4733,4734,1,-1,2,-2,1,3,1,-1,-3,-1,2,2,5,2,2,-2,-2,-5,-2,-2
0,1,789,792,2367,2368,2369,2372,2373,2374,4735,4736,4737,4738,4739,4742,4743,4744,4745,4746,1,-1,2,-2,1,3,1,-1,-3,-1,2,2,5,2,2,-2,-2,-5,-2,-2
0,1,791,794,2373,2374,2375,2378,2379,2380,4747,4748,4749,4750,4751,4754,4755,4756,4757,4758,1,-1,2,-2,1,3,1,-1,-3,-1,2,2,5,2,2,-2,-2,-5,-2,-2
0,1,793,796,2379,2380,2381,2384,2385,2386,4759,4760,4761,4762,4763,4766,4767,4768,4769,4770,1,-1,2,-2,1,3,1,-1,-3,-1,2,2,5,2,2,-2,-2,-5,-2,-2
0,1,795,798,2385,2386,2387,2390,2391,2392,4771,4772,4773,4774,4775,4778,4779,4780,4781,4782,1,-1,2,-2,1,3,1,-1,-3,-1,2,2,5,2,2,-2,-2,-5,-2,-2
0,1,797,800,2391,2392,2393,2396,2397,2398,4783,4784,4785,4786,4787,4790,4791,4792,4793,4794,1,-1,2,-2,1,3,1,-1,-3,-1,2,2,5,2,2,-2,-2,-5,-2,-2
0,1,799,802,2397,2398,2399,2402,2403,2404,4795,4796,4797,4798,4799,4802,4803,4804,4805,4806,1,-1,2,-2,1,3,1,-1,-3,-1,2,2,5,2,2,-2,-2,-5,-2,-2
0,1,801,804,2403,2404,2405,2408,2409,2410,4807,4808,4809,4810,4811,4814,4815,4816,4817,4818,1,-1,2,-2,1,3,1,-1,-3,-1,2,2,5,2,2,-2,-2,-5,-2,-2
0,1,803,806,2409,2410,2411,2414,2415,2416,4819,4820,4821,4822,4823,4826,4827,4828,4829,4830,1,-1,2,-2,1,3,1,-1,-3,-1,2,2,5,2,2,-2,-2,-5,-2,-2
0,1,805,808,2415,2416,2417,2420,2421,2422,4831,4832,4833,4834,4835,4838,4839,4840,4841,4842,1,-1,2,-2,1,3,1,-1,-3,-1,2,2,5,2,2,-2,-2,-5,-2,-2
0,1,807,810,2421,2422,2423,2426,2427,2428,4843,4844,4845,4846,4847,4850,4851,4852,4853,4854,1,-1,2,-2,1,3,1,-1,-3,-1,2,2,5,2,2,-2,-2,-5,-2,-2
0,1,809,812,2427,2428,2429,2432,2433,2434,4855,4856,4857,4858,4859,4862,4863,4864,4865,4866,1,-1,2,-2,1,3,1,-1,-3,-1,2,2,5,2,2,-2,-2,-5,-2,-2
0,1,811,814,2433,2434,2435,2438,2439,2440,4867,4868,4869,4870,4871,4874,4875,4876,4877,4878,1,-1,2,-2,1,3,1,-1,-3,-1,2,2,5,2,2,-2,-2,-5,-2,-2
0,1,813,816,2439,2440,2441,2444,2445,2446,4879,4880,4881,4882,4883,4886,4887,4888,4889,4890,1,-1,2,-2,1,3,1,-1,-3,-1,2,2,5,2,2,-2,-2,-5,-2,-2
0,1,815,818,2445,2446,2447,2450,2451,2452,4891,4892,4893,4894,4895,4898,4899,4900,4901,4902,1,-1,2,-2,1,3,1,-1,-3,-1,2,2,5,2,2,-2,-2,-5,-2,-2
0,1,817,820,2451,2452,2453,2456,2457,2458,4903,4904,4905,4906,4907,4910,4911,4912,4913,4914,1,-1,2,-2,1,3,1,-1,-3,-1,2,2,5,2,2,-2,-2,-5,-2,-2
0,1,819,822,2457,2458,2459,2462,2463,2464,4915,4916,4917,4918,4919,4922,4923,4924,4925,4926,1,-1,2,-2,1,3,1,-1,-3,-1,2,2,5,2,2,-2,-2,-5,-2,-2
0,1,821,824,2463,2464,2465,2468,2469,2470,4927,4928,4929,4930,4931,4934,4935,4936,4937,4938,1,-1,2,-2,1,3,1,-1,-3,-1,2,2,5,2,2,-2,-2,-5,-2,-2
0,1,823,826,2469,2470,2471,2474,2475,2476,4939,4940,4941,4942,4943,4946,4947,4948,4949,4950,1,-1,2,-2,1,3,1,-1,-3,-1,2,2,5,2,2,-2,-2,-5,-2,-2
0,1,825,828,2475,2476,2477,2480,2481,2482,4951,4952,4953,4954,4955,4958,4959,4960,4961,4962,1,-1,2,-2,1,3,1,-1,-3,-1,2,2,5,2,2,-2,-2,-5,-2,-2
0,1,827,830,2481,2482,2483,2486,2487,2488,4963,4964,4965,4966,4967,4970,4971,4972,4973,4974,1,-1,2,-2,1,3,1,-1,-3,-1,2,2,5,2,2,-2,-2,-5,-2,-2
0,1,829,832,2487,2488,2489,2492,2493,2494,4975,4976,4977,4978,4979,4982,4983,4984,4985,4986,1,-1,2,-2,1,3,1,-1,-3,-1,2,2,5,2,2,-2,-2,-5,-2,-2
0,1,831,834,2493,2494,2495,2498,2499,2500,4987,4988,4989,4990,4991,4994,4995,4996,4997,4998,1,-1,2,-2,1,3,1,-1,-3,-1,2,2,5,2,2,-2,-2,-5,-2,-2
0,1,833,836,2499,2500,2501,2504,2505,2506,4999,5000,5001,5002,5003,5006,5007,5008,5009,5010,1,-1,2,-2,1,3,1,-1,-3,-1,2,2,5,2,2,-2,-2,-5,-2,-2
0,1,835,838,2505,2506,2507,2510,2511,2512,5011,5012,5013,5014,5015,5018,5019,5020,5021,5022,1,-1,2,-2,1,3,1,-1,-3,-1,2,2,5,2,2,-2,-2,-5,-2,-2
0,1,837,840,2511,2512,2513,2516,2517,2518,5023,5024,5025,5026,5027,5030,5031,5032,5033,5034,1,-1,2,-2,1,3,1,-1,-3,-1,2,2,5,2,2,-2,-2,-5,-2,-2
0,1,839,842,2517,2518,2519,2522,2523,2524,5035,5036,5037,5038,5039,5042,5043,5044,5045,5046,1,-1,2,-2,1,3,1,-1,-3,-1,2,2,5,2,2,-2,-2,-5,-2,-2
0,1,841,844,2523,2524,2525,2528,2529,2530,5047,5048,5049,5050,5051,5054,5055,5056,5057,5058,1,-1,2,-2,1,3,1,-1,-3,-1,2,2,5,2,2,-2,-2,-5,-2,-2
0,1,843,846,2529,2530,2531,2534,2535,2536,5059,5060,5061,5062,5063,5066,5067,5068,5069,5070,1,-1,2,-2,1,3,1,-1,-3,-1,2,2,5,2,2,-2,-2,-5,-2,-2
0,1,845,848,2535,2536,2537,2540,2541,2542,5071,5072,5073,5074,5075,5078,5079,5080,5081,5082,1,-1,2,-2,1,3,1,-1,-3,-1,2,2,5,2,2,-2,-2,-5,-2,-2
0,1,847,850,2541,2542,2543,2546,2547,2548,5083,5084,5085,5086,5087,5090,5091,5092,5093,5094,1,-1,2,-2,1,3,1,-1,-3,-1,2,2,5,2,2,-2,-2,-5,-2,-2
0,1,849,852,2547,2548,2549,2552,2553,2554,5095,5096,5097,5098,5099,5102,5103,5104,5105,5106,1,-1,2,-2,1,3,1,-1,-3,-1,2,2,5,2,2,-2,-2,-5,-2,-2
0,1,851,854,2553,2554,2555,2558,2559,2560,5107,5108,5109,5110,5111,5114,5115,5116,5117,5118,1,-1,2,-2,1,3,1,-1,-3,-1,2,2,5,2,2,-2,-2,-5,-2,-2
0,1,853,856,2559,2560,2561,2564,2565,2566,5119,5120,5121,5122,5123,5126,5127,5128,5129,5130,1,-1,2,-2,1,3,1,-1,-3,-1,2,2,5,2,2,-2,-2,-5,-2,-2
0,1,855,858,2565,2566,2567,2570,2571,2572,5131,5132,5133,5134,5135,5138,5139,5140,5141,5142,1,-1,2,-2,1,3,1,-1,-3,-1,2,2,5,2,2,-2,-2,-5,-2,-2
0,1,857,860,2571,2572,2573,2576,2577,2578,5143,5144,5145,5146,5147,5150,5151,5152,5153,5154,1,-1,2,-2,1,3,1,-1,-3,-1,2,2,5,2,2,-2,-2,-5,-2,-2
0,1,859,862,2577,2578,2579,2582,2583,2584,5155,5156,5157,5158,5159,5162,5163,5164,5165,5166,1,-1,2,-2,1,3,1,-1,-3,-1,2,2,5,2,2,-2,-2,-5,-2,-2
0,1,861,864,2583,2584,2585,2588,2589,2590,5167,5168,5169,5170,5171,5174,5175,5176,5177,5178,1,-1,2,-2,1,3,1,-1,-3,-1,2,2,5,2,2,-2,-2,-5,-2,-2
0,1,863,866,2589,2590,2591,2594,2595,2596,5179,5180,5181,5182,5183,5186,5187,5188,5189,5190,1,-1,2,-2,1,3,1,-1,-3,-1,2,2,5,2,2,-2,-2,-5,-2,-2
0,1,865,868,2595,2596,2597,2600,2601,2602,5191,5192,5193,5194,5195,5198,5199,5200,5201,5202,1,-1,2,-2,1,3,1,-1,-3,-1,2,2,5,2,2,-2,-2,-5,-2,-2
0,1,867,870,2601,2602,2603,2606,2607,2608,5203,5204,5205,5206,5207,5210,5211,5212,5213,5214,1,-1,2,-2,1,3,1,-1,-3,-1,2,2,5,2,2,-2,-2,-5,-2,-2
0,1,869,872,2607,2608,2609,2612,2613,2614,5215,5216,5217,5218,5219,5222,5223,5224,5225,5226,1,-1,2,-2,1,3,1,-1,-3,-1,2,2,5,2,2,-2,-2,-5,-2,-2
0,1,871,874,2613,2614,2615,2618,2619,2620,5227,5228,5229,5230,5231,5234,5235,5236,5237,5238,1,-1,2,-2,1,3,1,-1,-3,-1,2,2,5,2,2,-2,-2,-5,-2,-2
0,1,873,876,2619,2620,2621,2624,2625,2626,5239,5240,5241,5242,5243,5246,5247,5248,5249,5250,1,-1,2,-2,1,3,1,-1,-3,-1,2,2,5,2,2,-2,-2,-5,-2,-2
0,1,875,878,2625,2626,2627,2630,2631,2632,5251,5252,5253,5254,5255,5258,5259,5260,5261,5262,1,-1,2,-2,1,3,1,-1,-3,-1,2,2,5,2,2,-2,-2,-5,-2,-2
0,1,877,880,2631,2632,2633,2636,2637,2638,5263,5264,5265,5266,5267,5270,5271,5272,5273,5274,1,-1,2,-2,1,3,1,-1,-3,-1,2,2,5,2,2,-2,-2,-5,-2,-2
0,1,879,882,2637,2638,2639,2642,2643,2644,5275,5276,5277,5278,5279,5282,5283,5284,5285,5286,1,-1,2,-2,1,3,1,-1,-3,-1,2,2,5,2,2,-2,-2,-5,-2,-2
0,1,881,884,2643,2644,2645,2648,2649,2650,5287,5288,5289,5290,5291,5294,5295,5296,5297,5298,1,-1,2,-2,1,3,1,-1,-3,-1,2,2,5,2,2,-2,-2,-5,-2,-2
0,1,883,886,2649,2650,2651,2654,2655,2656,5299,5300,5301,5302,5303,5306,5307,5308,5309,5310,1,-1,2,-2,1,3,1,-1,-3,-1,2,2,5,2,2,-2,-2,-5,-2,-2
0,1,885,888,2655,2656,2657,2660,2661,2662,5311,5312,5313,5314,5315,5318,5319,5320,5321,5322,1,-1,2,-2,1,3,1,-1,-3,-1,2,2,5,2,2,-2,-2,-5,-2,-2
0,1,887,890,2661,2662,2663,2666,2667,2668,5323,5324,5325,5326,5327,5330,5331,5332,5333,5334,1,-1,2,-2,1,3,1,-1,-3,-1,2,2,5,2,2,-2,-2,-5,-2,-2
0,1,889,892,2667,2668,2669,2672,2673,2674,5335,5336,5337,5338,5339,5342,5343,5344,5345,5346,1,-1,2,-2,1,3,1,-1,-3,-1,2,2,5,2,2,-2,-2,-5,-2,-2
0,1,891,894,2673,2674,2675,2678,2679,2680,5347,5348,5349,5350,5351,5354,5355,5356,5357,5358,1,-1,2,-2,1,3,1,-1,-3,-1,2,2,5,2,2,-2,-2,-5,-2,-2
0,1,893,896,2679,2680,2681,2684,2685,2686,5359,5360,5361,5362,5363,5366,5367,5368,5369,5370,1,-1,2,-2,1,3,1,-1,-3,-1,2,2,5,2,2,-2,-2,-5,-2,-2
0,1,895,898,2685,2686,2687,2690,2691,2692,5371,5372,5373,5374,5375,5378,5379,5380,5381,5382,1,-1,2,-2,1,3,1,-1,-3,-1,2,2,5,2,2,-2,-2,-5,-2,-2
0,1,897,900,2691,2692,2693,2696,2697,2698,5383,5384,5385,5386,5387,5390,5391,5392,5393,5394,1,-1,2,-2,1,3,1,-1,-3,-1,2,2,5,2,2,-2,-2,-5,-2,-2
0,1,899,902,2697,2698,2699,2702,2703,2704,5395,5396,5397,5398,5399,5402,5403,5404,5405,5406,1,-1,2,-2,1,3,1,-1,-3,-1,2,2,5,2,2,-2,-2,-5,-2,-2
0,1,901,904,2703,2704,2705,2708,2709,2710,5407,5408,5409,5410,5411,5414,5415,5416,5417,5418,1,-1,2,-2,1,3,1,-1,-3,-1,2,2,5,2,2,-2,-2,-5,-2,-2
0,1,903,906,2709,2710,2711,2714,2715,2716,5419,5420,5421,5422,5423,5426,5427,5428,5429,5430,1,-1,2,-2,1,3,1,-1,-3,-1,2,2,5,2,2,-2,-2,-5,-2,-2
0,1,905,908,2715,2716,2717,2720,2721,2722,5431,5432,5433,5434,5435,5438,5439,5440,5441,5442,1,-1,2,-2,1,3,1,-1,-3,-1,2,2,5,2,2,-2,-2,-5,-2,-2
0,1,907,910,2721,2722,2723,2726,2727,2728,5443,5444,5445,5446,5447,5450,5451,5452,5453,5454,1,-1,2,-2,1,3,1,-1,-3,-1,2,2,5,2,2,-2,-2,-5,-2,-2
0,1,909,912,2727,2728,2729,2732,2733,2734,5455,5456,5457,5458,5459,5462,5463,5464,5465,5466,1,-1,2,-2,1,3,1,-1,-3,-1,2,2,5,2,2,-2,-2,-5,-2,-2
0,1,911,914,2733,2734,2735,2738,2739,2740,5467,5468,5469,5470,5471,5474,5475,5476,5477,5478,1,-1,2,-2,1,3,1,-1,-3,-1,2,2,5,2,2,-2,-2,-5,-2,-2
0,1,913,916,2739,2740,2741,2744,2745,2746,5479,5480,5481,5482,5483,5486,5487,5488,5489,5490,1,-1,2,-2,1,3,1,-1,-3,-1,2,2,5,2,2,-2,-2,-5,-2,-2
0,1,915,918,2745,2746,2747,2750,2751,2752,5491,5492,5493,5494,5495,5498,5499,5500,5501,5502,1,-1,2,-2,1,3,1,-1,-3,-1,2,2,5,2,2,-2,-2,-5,-2,-2
0,1,917,920,2751,2752,2753,2756,2757,2758,5503,5504,5505,5506,5507,5510,5511,5512,5513,5514,1,-1,2,-2,1,3,1,-1,-3,-1,2,2,5,2,2,-2,-2,-5,-2,-2
0,1,919,922,2757,2758,2759,2762,2763,2764,5515,5516,5517,5518,5519,5522,5523,5524,5525,5526,1,-1,2,-2,1,3,1,-1,-3,-1,2,2,5,2,2,-2,-2,-5,-2,-2
0,1,921,924,2763,2764,2765,2768,2769,2770,5527,5528,5529,5530,5531,5534,5535,5536,5537,5538,1,-1,2,-2,1,3,1,-1,-3,-1,2,2,5,2,2,-2,-2,-5,-2,-2
0,1,923,926,2769,2770,2771,2774,2775,2776,5539,5540,5541,5542,5543,5546,5547,5548,5549,5550,1,-1,2,-2,1,3,1,-1,-3,-1,2,2,5,2,2,-2,-2,-5,-2,-2
0,1,925,928,2775,2776,2777,2780,2781,2782,5551,5552,5553,5554,5555,5558,5559,5560,5561,5562,1,-1,2,-2,1,3,1,-1,-3,-1,2,2,5,2,2,-2,-2,-5,-2,-2
0,1,927,930,2781,2782,2783,2786,2787,2788,5563,5564,5565,5566,5567,5570,5571,5572,5573,5574,1,-1,2,-2,1,3,1,-1,-3,-1,2,2,5,2,2,-2,-2,-5,-2,-2
0,1,929,932,2787,2788,2789,2792,2793,2794,5575,5576,5577,5578,5579,5582,5583,5584,5585,5586,1,-1,2,-2,1,3,1,-1,-3,-1,2,2,5,2,2,-2,-2,-5,-2,-2
0,1,931,934,2793,2794,2795,2798,2799,2800,5587,5588,5589,5590,5591,5594,5595,5596,5597,5598,1,-1,2,-2,1,3,1,-1,-3,-1,2,2,5,2,2,-2,-2,-5,-2,-2
0,1,933,936,2799,2800,2801,2804,2805,2806,5599,5600,5601,5602,5603,5606,5607,5608,5609,5610,1,-1,2,-2,1,3,1,-1,-3,-1,2,2,5,2,2,-2,-2,-5,-2,-2
0,1,935,938,2805,2806,2807,2810,2811,2812,5611,5612,5613,5614,5615,5618,5619,5620,5621,5622,1,-1,2,-2,1,3,1,-1,-3,-1,2,2,5,2,2,-2,-2,-5,-2,-2
0,1,937,940,2811,2812,2813,2816,2817,2818,5623,5624,5625,5626,5627,5630,5631,5632,5633,5634,1,-1,2,-2,1,3,1,-1,-3,-1,2,2,5,2,2,-2,-2,-5,-2,-2
0,1,939,942,2817,2818,2819,2822,2823,2824,5635,5636,5637,5638,5639,5642,5643,5644,5645,5646,1,-1,2,-2,1,3,1,-1,-3,-1,2,2,5,2,2,-2,-2,-5,-2,-2
0,1,941,944,2823,2824,2825,2828,2829,2830,5647,5648,5649,5650,5651,5654,5655,5656,5657,5658,1,-1,2,-2,1,3,1,-1,-3,-1,2,2,5,2,2,-2,-2,-5,-2,-2
0,1,943,946,2829,2830,2831,2834,2835,2836,5659,5660,5661,5662,5663,5666,5667,5668,5669,5670,1,-1,2,-2,1,3,1,-1,-3,-1,2,2,5,2,2,-2,-2,-5,-2,-2
0,1,945,948,2835,2836,2837,2840,2841,2842,5671,5672,5673,5674,5675,5678,5679,5680,5681,5682,1,-1,2,-2,1,3,1,-1,-3,-1,2,2,5,2,2,-2,-2,-5,-2,-2
0,1,947,950,2841,2842,2843,2846,2847,2848,5683,5684,5685,5686,5687,5690,5691,5692,5693,5694,1,-1,2,-2,1,3,1,-1,-3,-1,2,2,5,2,2,-2,-2,-5,-2,-2
0,1,949,952,2847,2848,2849,2852,2853,2854,5695,5696,5697,5698,5699,5702,5703,5704,5705,5706,1,-1,2,-2,1,3,1,-1,-3,-1,2,2,5,2,2,-2,-2,-5,-2,-2
0,1,951,954,2853,2854,2855,2858,2859,2860,5707,5708,5709,5710,5711,5714,5715,5716,5717,5718,1,-1,2,-2,1,3,1,-1,-3,-1,2,2,5,2,2,-2,-2,-5,-2,-2
0,1,953,956,2859,2860,2861,2864,2865,2866,5719,5720,5721,5722,5723,5726,5727,5728,5729,5730,1,-1,2,-2,1,3,1,-1,-3,-1,2,2,5,2,2,-2,-2,-5,-2,-2
0,1,955,958,2865,2866,2867,2870,2871,2872,5731,5732,5733,5734,5735,5738,5739,5740,5741,5742,1,-1,2,-2,1,3,1,-1,-3,-1,2,2,5,2,2,-2,-2,-5,-2,-2
0,1,957,960,2871,2872,2873,2876,2877,2878,5743,5744,5745,5746,5747,5750,5751,5752,5753,5754,1,-1,2,-2,1,3,1,-1,-3,-1,2,2,5,2,2,-2,-2,-5,-2,-2
0,1,959,962,2877,2878,2879,2882,2883,2884,5755,5756,5757,5758,5759,5762,5763,5764,5765,5766,1,-1,2,-2,1,3,1,-1,-3,-1,2,2,5,2,2,-2,-2,-5,-2,-2
0,1,961,964,2883,2884,2885,2888,2889,2890,5767,5768,5769,5770,5771,5774,5775,5776,5777,5778,1,-1,2,-2,1,3,1,-1,-3,-1,2,2,5,2,2,-2,-2,-5,-2,-2
0,1,963,966,2889,2890,2891,2894,2895,2896,5779,5780,5781,5782,5783,5786,5787,5788,5789,5790,1,-1,2,-2,1,3,1,-1,-3,-1,2,2,5,2,2,-2,-2,-5,-2,-2
0,1,965,968,2895,2896,2897,2900,2901,2902,5791,5792,5793,5794,5795,5798,5799,5800,5801,5802,1,-1,2,-2,1,3,1,-1,-3,-1,2,2,5,2,2,-2,-2,-5,-2,-2
0,1,967,970,2901,2902,2903,2906,2907,2908,5803,5804,5805,5806,5807,5810,5811,5812,5813,5814,1,-1,2,-2,1,3,1,-1,-3,-1,2,2,5,2,2,-2,-2,-5,-2,-2
0,1,969,972,2907,2908,2909,2912,2913,2914,5815,5816,5817,5818,5819,5822,5823,5824,5825,5826,1,-1,2,-2,1,3,1,-1,-3,-1,2,2,5,2,2,-2,-2,-5,-2,-2
0,1,971,974,2913,2914,2915,2918,2919,2920,5827,5828,5829,5830,5831,5834,5835,5836,5837,5838,1,-1,2,-2,1,3,1,-1,-3,-1,2,2,5,2,2,-2,-2,-5,-2,-2
0,1,973,976,2919,2920,2921,2924,2925,2926,5839,5840,5841,5842,5843,5846,5847,5848,5849,5850,1,-1,2,-2,1,3,1,-1,-3,-1,2,2,5,2,2,-2,-2,-5,-2,-2
0,1,975,978,2925,2926,2927,2930,2931,2932,5851,5852,5853,5854,5855,5858,5859,5860,5861,5862,1,-1,2,-2,1,3,1,-1,-3,-1,2,2,5,2,2,-2,-2,-5,-2,-2
0,1,977,980,2931,2932,2933,2936,2937,2938,5863,5864,5865,5866,5867,5870,5871,5872,5873,5874,1,-1,2,-2,1,3,1,-1,-3,-1,2,2,5,2,2,-2,-2,-5,-2,-2
0,1,979,982,2937,2938,2939,2942,2943,2944,5875,5876,5877,5878,5879,5882,5883,5884,5885,5886,1,-1,2,-2,1,3,1,-1,-3,-1,2,2,5,2,2,-2,-2,-5,-2,-2
0,1,981,984,2943,2944,2945,2948,2949,2950,5887,5888,5889,5890,5891,5894,5895,5896,5897,5898,1,-1,2,-2,1,3,1,-1,-3,-1,2,2,5,2,2,-2,-2,-5,-2,-2
0,1,983,986,2949,2950,2951,2954,2955,2956,5899,5900,5901,5902,5903,5906,5907,5908,5909,5910,1,-1,2,-2,1,3,1,-1,-3,-1,2,2,5,2,2,-2,-2,-5,-2,-2
0,1,985,988,2955,2956,2957,2960,2961,2962,5911,5912,5913,5914,5915,5918,5919,5920,5921,5922,1,-1,2,-2,1,3,1,-1,-3,-1,2,2,5,2,2,-2,-2,-5,-2,-2
0,1,987,990,2961,2962,2963,2966,2967,2968,5923,5924,5925,5926,5927,5930,5931,5932,5933,5934,1,-1,2,-2,1,3,1,-1,-3,-1,2,2,5,2,2,-2,-2,-5,-2,-2
0,1,989,992,2967,2968,2969,2972,2973,2974,5935,5936,5937,5938,5939,5942,5943,5944,5945,5946,1,-1,2,-2,1,3,1,-1,-3,-1,2,2,5,2,2,-2,-2,-5,-2,-2
0,1,991,994,2973,2974,2975,2978,2979,2980,5947,5948,5949,5950,5951,5954,5955,5956,5957,5958,1,-1,2,-2,1,3,1,-1,-3,-1,2,2,5,2,2,-2,-2,-5,-2,-2
0,1,993,996,2979,2980,2981,2984,2985,2986,5959,5960,5961,5962,5963,5966,5967,5968,5969,5970,1,-1,2,-2,1,3,1,-1,-3,-1,2,2,5,2,2,-2,-2,-5,-2,-2
0,1,995,998,2985,2986,2987,2990,2991,2992,5971,5972,5973,5974,5975,5978,5979,5980,5981,5982,1,-1,2,-2,1,3,1,-1,-3,-1,2,2,5,2,2,-2,-2,-5,-2,-2
0,1,997,1000,2991,2992,2993,2996,2997,2998,5983,5984,5985,5986,5987,5990,5991,5992,5993,5994,1,-1,2,-2,1,3,1,-1,-3,-1,2,2,5,2,2,-2,-2,-5,-2,-2
0,1,999,1002,2997,2998,2999,3002,3003,3004,5995,5996,5997,5998,5999,6002,6003,6004,6005,6006,1,-1,2,-2,1,3,1,-1,-3,-1,2,2,5,2,2,-2,-2,-5,-2,-2
0,1,1001,1004,3003,3004,3005,3008,3009,3010,6007,6008,6009,6010,6011,6014,6015,6016,6017,6018,1,-1,2,-2,1,3,1,-1,-3,-1,2,2,5,2,2,-2,-2,-5,-2,-2
0,1,1003,1006,3009,3010,3011,3014,3015,3016,6019,6020,6021,6022,6023,6026,6027,6028,6029,6030,1,-1,2,-2,1,3,1,-1,-3,-1,2,2,5,2,2,-2,-2,-5,-2,-2
0,1,1005,1008,3015,3016,3017,3020,3021,3022,6031,6032,6033,6034,6035,6038,6039,6040,6041,6042,1,-1,2,-2,1,3,1,-1,-3,-1,2,2,5,2,2,-2,-2,-5,-2,-2
0,1,1007,1010,3021,3022,3023,3026,3027,3028,6043,6044,6045,6046,6047,6050,6051,6052,6053,6054,1,-1,2,-2,1,3,1,-1,-3,-1,2,2,5,2,2,-2,-2,-5,-2,-2
0,1,1009,1012,3027,3028,3029,3032,3033,3034,6055,6056,6057,6058,6059,6062,6063,6064,6065,6066,1,-1,2,-2,1,3,1,-1,-3,-1,2,2,5,2,2,-2,-2,-5,-2,-2
0,1,1011,1014,3033,3034,3035,3038,3039,3040,6067,6068,6069,6070,6071,6074,6075,6076,6077,6078,1,-1,2,-2,1,3,1,-1,-3,-1,2,2,5,2,2,-2,-2,-5,-2,-2
0,1,1013,1016,3039,3040,3041,3044,3045,3046,6079,6080,6081,6082,6083,6086,6087,6088,6089,6090,1,-1,2,-2,1,3,1,-1,-3,-1,2,2,5,2,2,-2,-2,-5,-2,-2
0,1,1015,1018,3045,3046,3047,3050,3051,3052,6091,6092,6093,6094,6095,6098,6099,6100,6101,6102,1,-1,2,-2,1,3,1,-1,-3,-1,2,2,5,2,2,-2,-2,-5,-2,-2
0,1,1017,1020,3051,3052,3053,3056,3057,3058,6103,6104,6105,6106,6107,6110,6111,6112,6113,6114,1,-1,2,-2,1,3,1,-1,-3,-1,2,2,5,2,2,-2,-2,-5,-2,-2
0,1,1019,1022,3057,3058,3059,3062,3063,3064,6115,6116,6117,6118,6119,6122,6123,6124,6125,6126,1,-1,2,-2,1,3,1,-1,-3,-1,2,2,5,2,2,-2,-2,-5,-2,-2
0,1,1021,1024,3063,3064,3065,3068,3069,3070,6127,6128,6129,6130,6131,6134,6135,6136,6137,6138,1,-1,2,-2,1,3,1,-1,-3,-1,2,2,5,2,2,-2,-2,-5,-2,-2
0,1,1023,1026,3069,3070,3071,3074,3075,3076,6139,6140,6141,6142,6143,6146,6147,6148,6149,6150,1,-1,2,-2,1,3,1,-1,-3,-1,2,2,5,2,2,-2,-2,-5,-2,-2
0,1,1025,1028,3075,3076,3077,3080,3081,3082,6151,6152,6153,6154,6155,6158,6159,6160,6161,6162,1,-1,2,-2,1,3,1,-1,-3,-1,2,2,5,2,2,-2,-2,-5,-2,-2
0,1,1027,1030,3081,3082,3083,3086,3087,3088,6163,6164,6165,6166,6167,6170,6171,6172,6173,6174,1,-1,2,-2,1,3,1,-1,-3,-1,2,2,5,2,2,-2,-2,-5,-2,-2
0,1,1029,1032,3087,3088,3089,3092,3093,3094,6175,6176,6177,6178,6179,6182,6183,6184,6185,6186,1,-1,2,-2,1,3,1,-1,-3,-1,2,2,5,2,2,-2,-2,-5,-2,-2
0,1,1031,1034,3093,3094,3095,3098,3099,3100,6187,6188,6189,6190,6191,6194,6195,6196,6197,6198,1,-1,2,-2,1,3,1,-1,-3,-1,2,2,5,2,2,-2,-2,-5,-2,-2
0,1,1033,1036,3099,3100,3101,3104,3105,3106,6199,6200,6201,6202,6203,6206,6207,6208,6209,6210,1,-1,2,-2,1,3,1,-1,-3,-1,2,2,5,2,2,-2,-2,-5,-2,-2
0,1,1035,1038,3105,3106,3107,3110,3111,3112,6211,6212,6213,6214,6215,6218,6219,6220,6221,6222,1,-1,2,-2,1,3,1,-1,-3,-1,2,2,5,2,2,-2,-2,-5,-2,-2
0,1,1037,1040,3111,3112,3113,3116,3117,3118,6223,6224,6225,6226,6227,6230,6231,6232,6233,6234,1,-1,2,-2,1,3,1,-1,-3,-1,2,2,5,2,2,-2,-2,-5,-2,-2
0,1,1039,1042,3117,3118,3119,3122,3123,3124,6235,6236,6237,6238,6239,6242,6243,6244,6245,6246,1,-1,2,-2,1,3,1,-1,-3,-1,2,2,5,2,2,-2,-2,-5,-2,-2
0,1,1041,1044,3123,3124,3125,3128,3129,3130,6247,6248,6249,6250,6251,6254,6255,6256,6257,6258,1,-1,2,-2,1,3,1,-1,-3,-1,2,2,5,2,2,-2,-2,-5,-2,-2
0,1,1043,1046,3129,3130,3131,3134,3135,3136,6259,6260,6261,6262,6263,6266,6267,6268,6269,6270,1,-1,2,-2,1,3,1,-1,-3,-1,2,2,5,2,2,-2,-2,-5,-2,-2
0,1,1045,1048,3135,3136,3137,3140,3141,3142,6271,6272,6273,6274,6275,6278,6279,6280,6281,6282,1,-1,2,-2,1,3,1,-1,-3,-1,2,2,5,2,2,-2,-2,-5,-2,-2
0,1,1047,1050,3141,3142,3143,3146,3147,3148,6283,6284,6285,6286,6287,6290,6291,6292,6293,6294,1,-1,2,-2,1,3,1,-1,-3,-1,2,2,5,2,2,-2,-2,-5,-2,-2
0,1,1049,1052,3147,3148,3149,3152,3153,3154,6295,6296,6297,6298,6299,6302,6303,6304,6305,6306,1,-1,2,-2,1,3,1,-1,-3,-1,2,2,5,2,2,-2,-2,-5,-2,-2
0,1,1051,1054,3153,3154,3155,3158,3159,3160,6307,6308,6309,6310,6311,6314,6315,6316,6317,6318,1,-1,2,-2,1,3,1,-1,-3,-1,2,2,5,2,2,-2,-2,-5,-2,-2
0,1,1053,1056,3159,3160,3161,3164,3165,3166,6319,6320,6321,6322,6323,6326,6327,6328,6329,6330,1,-1,2,-2,1,3,1,-1,-3,-1,2,2,5,2,2,-2,-2,-5,-2,-2
0,1,1055,1058,3165,3166,3167,3170,3171,3172,6331,6332,6333,6334,6335,6338,6339,6340,6341,6342,1,-1,2,-2,1,3,1,-1,-3,-1,2,2,5,2,2,-2,-2,-5,-2,-2
0,1,1057,1060,3171,3172,3173,3176,3177,3178,6343,6344,6345,6346,6347,6350,6351,6352,6353,6354,1,-1,2,-2,1,3,1,-1,-3,-1,2,2,5,2,2,-2,-2,-5,-2,-2
0,1,1059,1062,3177,3178,3179,3182,3183,3184,6355,6356,6357,6358,6359,6362,6363,6364,6365,6366,1,-1,2,-2,1,3,1,-1,-3,-1,2,2,5,2,2,-2,-2,-5,-2,-2
0,1,1061,1064,3183,3184,3185,3188,3189,3190,6367,6368,6369,6370,6371,6374,6375,6376,6377,6378,1,-1,2,-2,1,3,1,-1,-3,-1,2,2,5,2,2,-2,-2,-5,-2,-2
0,1,1063,1066,3189,3190,3191,3194,3195,3196,6379,6380,6381,6382,6383,6386,6387,6388,6389,6390,1,-1,2,-2,1,3,1,-1,-3,-1,2,2,5,2,2,-2,-2,-5,-2,-2
0,1,1065,1068,3195,3196,3197,3200,3201,3202,6391,6392,6393,6394,6395,6398,6399,6400,6401,6402,1,-1,2,-2,1,3,1,-1,-3,-1,2,2,5,2,2,-2,-2,-5,-2,-2
0,1,1067,1070,3201,3202,3203,3206,3207,3208,6403,6404,6405,6406,6407,6410,6411,6412,6413,6414,1,-1,2,-2,1,3,1,-1,-3,-1,2,2,5,2,2,-2,-2,-5,-2,-2
0,1,1069,1072,3207,3208,3209,3212,3213,3214,6415,6416,6417,6418,6419,6422,6423,6424,6425,6426,1,-1,2,-2,1,3,1,-1,-3,-1,2,2,5,2,2,-2,-2,-5,-2,-2
0,1,1071,1074,3213,3214,3215,3218,3219,3220,6427,6428,6429,6430,6431,6434,6435,6436,6437,6438,1,-1,2,-2,1,3,1,-1,-3,-1,2,2,5,2,2,-2,-2,-5,-2,-2
0,1,1073,1076,3219,3220,3221,3224,3225,3226,6439,6440,6441,6442,6443,6446,6447,6448,6449,6450,1,-1,2,-2,1,3,1,-1,-3,-1,2,2,5,2,2,-2,-2,-5,-2,-2
0,1,1075,1078,3225,3226,3227,3230,3231,3232,6451,6452,6453,6454,6455,6458,6459,6460,6461,6462,1,-1,2,-2,1,3,1,-1,-3,-1,2,2,5,2,2,-2,-2,-5,-2,-2
0,1,1077,1080,3231,3232,3233,3236,3237,3238,6463,6464,6465,6466,6467,6470,6471,6472,6473,6474,1,-1,2,-2,1,3,1,-1,-3,-1,2,2,5,2,2,-2,-2,-5,-2,-2
0,1,1079,1082,3237,3238,3239,3242,3243,3244,6475,6476,6477,6478,6479,6482,6483,6484,6485,6486,1,-1,2,-2,1,3,1,-1,-3,-1,2,2,5,2,2,-2,-2,-5,-2,-2
0,1,1081,1084,3243,3244,3245,3248,3249,3250,6487,6488,6489,6490,6491,6494,6495,6496,6497,6498,1,-1,2,-2,1,3,1,-1,-3,-1,2,2,5,2,2,-2,-2,-5,-2,-2
0,1,1083,1086,3249,3250,3251,3254,3255,3256,6499,6500,6501,6502,6503,6506,6507,6508,6509,6510,1,-1,2,-2,1,3,1,-1,-3,-1,2,2,5,2,2,-2,-2,-5,-2,-2
0,1,1085,1088,3255,3256,3257,3260,3261,3262,6511,6512,6513,6514,6515,6518,6519,6520,6521,6522,1,-1,2,-2,1,3,1,-1,-3,-1,2,2,5,2,2,-2,-2,-5,-2,-2
0,1,1087,1090,3261,3262,3263,3266,3267,3268,6523,6524,6525,6526,6527,6530,6531,6532,6533,6534,1,-1,2,-2,1,3,1,-1,-3,-1,2,2,5,2,2,-2,-2,-5,-2,-2
0,1,1089,1092,3267,3268,3269,3272,3273,3274,6535,6536,6537,6538,6539,6542,6543,6544,6545,6546,1,-1,2,-2,1,3,1,-1,-3,-1,2,2,5,2,2,-2,-2,-5,-2,-2
0,1,1091,1094,3273,3274,3275,3278,3279,3280,6547,6548,6549,6550,6551,6554,6555,6556,6557,6558,1,-1,2,-2,1,3,1,-1,-3,-1,2,2,5,2,2,-2,-2,-5,-2,-2
0,1,1093,1096,3279,3280,3281,3284,3285,3286,6559,6560,6561,6562,6563,6566,6567,6568,6569,6570,1,-1,2,-2,1,3,1,-1,-3,-1,2,2,5,2,2,-2,-2,-5,-2,-2
0,1,1095,1098,3285,3286,3287,3290,3291,3292,6571,6572,6573,6574,6575,6578,6579,6580,6581,6582,1,-1,2,-2,1,3,1,-1,-3,-1,2,2,5,2,2,-2,-2,-5,-2,-2
0,1,1097,1100,3291,3292,3293,3296,3297,3298,6583,6584,6585,6586,6587,6590,6591,6592,6593,6594,1,-1,2,-2,1,3,1,-1,-3,-1,2,2,5,2,2,-2,-2,-5,-2,-2
0,1,1099,1102,3297,3298,3299,3302,3303,3304,6595,6596,6597,6598,6599,6602,6603,6604,6605,6606,1,-1,2,-2,1,3,1,-1,-3,-1,2,2,5,2,2,-2,-2,-5,-2,-2
0,1,1101,1104,3303,3304,3305,3308,3309,3310,6607,6608,6609,6610,6611,6614,6615,6616,6617,6618,1,-1,2,-2,1,3,1,-1,-3,-1,2,2,5,2,2,-2,-2,-5,-2,-2
0,1,1103,1106,3309,3310,3311,3314,3315,3316,6619,6620,6621,6622,6623,6626,6627,6628,6629,6630,1,-1,2,-2,1,3,1,-1,-3,-1,2,2,5,2,2,-2,-2,-5,-2,-2
0,1,1105,1108,3315,3316,3317,3320,3321,3322,6631,6632,6633,6634,6635,6638,6639,6640,6641,6642,1,-1,2,-2,1,3,1,-1,-3,-1,2,2,5,2,2,-2,-2,-5,-2,-2
0,1,1107,1110,3321,3322,3323,3326,3327,3328,6643,6644,6645,6646,6647,6650,6651,6652,6653,6654,1,-1,2,-2,1,3,1,-1,-3,-1,2,2,5,2,2,-2,-2,-5,-2,-2
0,1,1109,1112,3327,3328,3329,3332,3333,3334,6655,6656,6657,6658,6659,6662,6663,6664,6665,6666,1,-1,2,-2,1,3,1,-1,-3,-1,2,2,5,2,2,-2,-2,-5,-2,-2
0,1,1111,1114,3333,3334,3335,3338,3339,3340,6667,6668,6669,6670,6671,6674,6675,6676,6677,6678,1,-1,2,-2,1,3,1,-1,-3,-1,2,2,5,2,2,-2,-2,-5,-2,-2
0,1,1113,1116,3339,3340,3341,3344,3345,3346,6679,6680,6681,6682,6683,6686,6687,6688,6689,6690,1,-1,2,-2,1,3,1,-1,-3,-1,2,2,5,2,2,-2,-2,-5,-2,-2
0,1,1115,1118,3345,3346,3347,3350,3351,3352,6691,6692,6693,6694,6695,6698,6699,6700,6701,6702,1,-1,2,-2,1,3,1,-1,-3,-1,2,2,5,2,2,-2,-2,-5,-2,-2
0,1,1117,1120,3351,3352,3353,3356,3357,3358,6703,6704,6705,6706,6707,6710,6711,6712,6713,6714,1,-1,2,-2,1,3,1,-1,-3,-1,2,2,5,2,2,-2,-2,-5,-2,-2
0,1,1119,1122,3357,3358,3359,3362,3363,3364,6715,6716,6717,6718,6719,6722,6723,6724,6725,6726,1,-1,2,-2,1,3,1,-1,-3,-1,2,2,5,2,2,-2,-2,-5,-2,-2
0,1,1121,1124,3363,3364,3365,3368,3369,3370,6727,6728,6729,6730,6731,6734,6735,6736,6737,6738,1,-1,2,-2,1,3,1,-1,-3,-1,2,2,5,2,2,-2,-2,-5,-2,-2
0,1,1123,1126,3369,3370,3371,3374,3375,3376,6739,6740,6741,6742,6743,6746,6747,6748,6749,6750,1,-1,2,-2,1,3,1,-1,-3,-1,2,2,5,2,2,-2,-2,-5,-2,-2
0,1,1125,1128,3375,3376,3377,3380,3381,3382,6751,6752,6753,6754,6755,6758,6759,6760,6761,6762,1,-1,2,-2,1,3,1,-1,-3,-1,2,2,5,2,2,-2,-2,-5,-2,-2
0,1,1127,1130,3381,3382,3383,3386,3387,3388,6763,6764,6765,6766,6767,6770,6771,6772,6773,6774,1,-1,2,-2,1,3,1,-1,-3,-1,2,2,5,2,2,-2,-2,-5,-2,-2
0,1,1129,1132,3387,3388,3389,3392,3393,3394,6775,6776,6777,6778,6779,6782,6783,6784,6785,6786,1,-1,2,-2,1,3,1,-1,-3,-1,2,2,5,2,2,-2,-2,-5,-2,-2
0,1,1131,1134,3393,3394,3395,3398,3399,3400,6787,6788,6789,6790,6791,6794,6795,6796,6797,6798,1,-1,2,-2,1,3,1,-1,-3,-1,2,2,5,2,2,-2,-2,-5,-2,-2
0,1,1133,1136,3399,3400,3401,3404,3405,3406,6799,6800,6801,6802,6803,6806,6807,6808,6809,6810,1,-1,2,-2,1,3,1,-1,-3,-1,2,2,5,2,2,-2,-2,-5,-2,-2
0,1,1135,1138,3405,3406,3407,3410,3411,3412,6811,6812,6813,6814,6815,6818,6819,6820,6821,6822,1,-1,2,-2,1,3,1,-1,-3,-1,2,2,5,2,2,-2,-2,-5,-2,-2
0,1,1137,1140,3411,3412,3413,3416,3417,3418,6823,6824,6825,6826,6827,6830,6831,6832,6833,6834,1,-1,2,-2,1,3,1,-1,-3,-1,2,2,5,2,2,-2,-2,-5,-2,-2
0,1,1139,1142,3417,3418,3419,3422,3423,3424,6835,6836,6837,6838,6839,6842,6843,6844,6845,6846,1,-1,2,-2,1,3,1,-1,-3,-1,2,2,5,2,2,-2,-2,-5,-2,-2
0,1,1141,1144,3423,3424,3425,3428,3429,3430,6847,6848,6849,6850,6851,6854,6855,6856,6857,6858,1,-1,2,-2,1,3,1,-1,-3,-1,2,2,5,2,2,-2,-2,-5,-2,-2
0,1,1143,1146,3429,3430,3431,3434,3435,3436,6859,6860,6861,6862,6863,6866,6867,6868,6869,6870,1,-1,2,-2,1,3,1,-1,-3,-1,2,2,5,2,2,-2,-2,-5,-2,-2
0,1,1145,1148,3435,3436,3437,3440,3441,3442,6871,6872,6873,6874,6875,6878,6879,6880,6881,6882,1,-1,2,-2,1,3,1,-1,-3,-1,2,2,5,2,2,-2,-2,-5,-2,-2
0,1,1147,1150,3441,3442,3443,3446,3447,3448,6883,6884,6885,6886,6887,6890,6891,6892,6893,6894,1,-1,2,-2,1,3,1,-1,-3,-1,2,2,5,2,2,-2,-2,-5,-2,-2
0,1,1149,1152,3447,3448,3449,3452,3453,3454,6895,6896,6897,6898,6899,6902,6903,6904,6905,6906,1,-1,2,-2,1,3,1,-1,-3,-1,2,2,5,2,2,-2,-2,-5,-2,-2
0,1,1151,1154,3453,3454,3455,3458,3459,3460,6907,6908,6909,6910,6911,6914,6915,6916,6917,6918,1,-1,2,-2,1,3,1,-1,-3,-1,2,2,5,2,2,-2,-2,-5,-2,-2
0,1,1153,1156,3459,3460,3461,3464,3465,3466,6919,6920,6921,6922,6923,6926,6927,6928,6929,6930,1,-1,2,-2,1,3,1,-1,-3,-1,2,2,5,2,2,-2,-2,-5,-2,-2
0,1,1155,1158,3465,3466,3467,3470,3471,3472,6931,6932,6933,6934,6935,6938,6939,6940,6941,6942,1,-1,2,-2,1,3,1,-1,-3,-1,2,2,5,2,2,-2,-2,-5,-2,-2
0,1,1157,1160,3471,3472,3473,3476,3477,3478,6943,6944,6945,6946,6947,6950,6951,6952,6953,6954,1,-1,2,-2,1,3,1,-1,-3,-1,2,2,5,2,2,-2,-2,-5,-2,-2
0,1,1159,1162,3477,3478,3479,3482,3483,3484,6955,6956,6957,6958,6959,6962,6963,6964,6965,6966,1,-1,2,-2,1,3,1,-1,-3,-1,2,2,5,2,2,-2,-2,-5,-2,-2
0,1,1161,1164,3483,3484,3485,3488,3489,3490,6967,6968,6969,6970,6971,6974,6975,6976,6977,6978,1,-1,2,-2,1,3,1,-1,-3,-1,2,2,5,2,2,-2,-2,-5,-2,-2
0,1,1163,1166,3489,3490,3491,3494,3495,3496,6979,6980,6981,6982,6983,6986,6987,6988,6989,6990,1,-1,2,-2,1,3,1,-1,-3,-1,2,2,5,2,2,-2,-2,-5,-2,-2
0,1,1165,1168,3495,3496,3497,3500,3501,3502,6991,6992,6993,6994,6995,6998,6999,7000,7001,7002,1,-1,2,-2,1,3,1,-1,-3,-1,2,2,5,2,2,-2,-2,-5,-2,-2
0,1,1167,1170,3501,3502,3503,3506,3507,3508,7003,7004,7005,7006,7007,7010,7011,7012,7013,7014,1,-1,2,-2,1,3,1,-1,-3,-1,2,2,5,2,2,-2,-2,-5,-2,-2
0,1,1169,1172,3507,3508,3509,3512,3513,3514,7015,7016,7017,7018,7019,7022,7023,7024,7025,7026,1,-1,2,-2,1,3,1,-1,-3,-1,2,2,5,2,2,-2,-2,-5,-2,-2
0,1,1171,1174,3513,3514,3515,3518,3519,3520,7027,7028,7029,7030,7031,7034,7035,7036,7037,7038,1,-1,2,-2,1,3,1,-1,-3,-1,2,2,5,2,2,-2,-2,-5,-2,-2
0,1,1173,1176,3519,3520,3521,3524,3525,3526,7039,7040,7041,7042,7043,7046,7047,7048,7049,7050,1,-1,2,-2,1,3,1,-1,-3,-1,2,2,5,2,2,-2,-2,-5,-2,-2
0,1,1175,1178,3525,3526,3527,3530,3531,3532,7051,7052,7053,7054,7055,7058,7059,7060,7061,7062,1,-1,2,-2,1,3,1,-1,-3,-1,2,2,5,2,2,-2,-2,-5,-2,-2
0,1,1177,1180,3531,3532,3533,3536,3537,3538,7063,7064,7065,7066,7067,7070,7071,7072,7073,7074,1,-1,2,-2,1,3,1,-1,-3,-1,2,2,5,2,2,-2,-2,-5,-2,-2
0,1,1179,1182,3537,3538,3539,3542,3543,3544,7075,7076,7077,7078,7079,7082,7083,7084,7085,7086,1,-1,2,-2,1,3,1,-1,-3,-1,2,2,5,2,2,-2,-2,-5,-2,-2
0,1,1181,1184,3543,3544,3545,3548,3549,3550,7087,7088,7089,7090,7091,7094,7095,7096,7097,7098,1,-1,2,-2,1,3,1,-1,-3,-1,2,2,5,2,2,-2,-2,-5,-2,-2
0,1,1183,1186,3549,3550,3551,3554,3555,3556,7099,7100,7101,7102,7103,7106,7107,7108,7109,7110,1,-1,2,-2,1,3,1,-1,-3,-1,2,2,5,2,2,-2,-2,-5,-2,-2
0,1,1185,1188,3555,3556,3557,3560,3561,3562,7111,7112,7113,7114,7115,7118,7119,7120,7121,7122,1,-1,2,-2,1,3,1,-1,-3,-1,2,2,5,2,2,-2,-2,-5,-2,-2
0,1,1187,1190,3561,3562,3563,3566,3567,3568,7123,7124,7125,7126,7127,7130,7131,7132,7133,7134,1,-1,2,-2,1,3,1,-1,-3,-1,2,2,5,2,2,-2,-2,-5,-2,-2
0,1,1189,1192,3567,3568,3569,3572,3573,3574,7135,7136,7137,7138,7139,7142,7143,7144,7145,7146,1,-1,2,-2,1,3,1,-1,-3,-1,2,2,5,2,2,-2,-2,-5,-2,-2
0,1,1191,1194,3573,3574,3575,3578,3579,3580,7147,7148,7149,7150,7151,7154,7155,7156,7157,7158,1,-1,2,-2,1,3,1,-1,-3,-1,2,2,5,2,2,-2,-2,-5,-2,-2
0,1,1193,1196,3579,3580,3581,3584,3585,3586,7159,7160,7161,7162,7163,7166,7167,7168,7169,7170,1,-1,2,-2,1,3,1,-1,-3,-1,2,2,5,2,2,-2,-2,-5,-2,-2
0,1,1195,1198,3585,3586,3587,3590,3591,3592,7171,7172,7173,7174,7175,7178,7179,7180,7181,7182,1,-1,2,-2,1,3,1,-1,-3,-1,2,2,5,2,2,-2,-2,-5,-2,-2
0,1,1197,1200,3591,3592,3593,3596,3597,3598,7183,7184,7185,7186,7187,7190,7191,7192,7193,7194,1,-1,2,-2,1,3,1,-1,-3,-1,2,2,5,2,2,-2,-2,-5,-2,-2
0,1,1199,1202,3597,3598,3599,3602,3603,3604,7195,7196,7197,7198,7199,7202,7203,7204,7205,7206,1,-1,2,-2,1,3,1,-1,-3,-1,2,2,5,2,2,-2,-2,-5,-2,-2
0,1,1201,1204,3603,3604,3605,3608,3609,3610,7207,7208,7209,7210,7211,7214,7215,7216,7217,7218,1,-1,2,-2,1,3,1,-1,-3,-1,2,2,5,2,2,-2,-2,-5,-2,-2
0,1,1203,1206,3609,3610,3611,3614,3615,3616,7219,7220,7221,7222,7223,7226,7227,7228,7229,7230,1,-1,2,-2,1,3,1,-1,-3,-1,2,2,5,2,2,-2,-2,-5,-2,-2
0,1,1205,1208,3615,3616,3617,3620,3621,3622,7231,7232,7233,7234,7235,7238,7239,7240,7241,7242,1,-1,2,-2,1,3,1,-1,-3,-1,2,2,5,2,2,-2,-2,-5,-2,-2
0,1,1207,1210,3621,3622,3623,3626,3627,3628,7243,7244,7245,7246,7247,7250,7251,7252,7253,7254,1,-1,2,-2,1,3,1,-1,-3,-1,2,2,5,2,2,-2,-2,-5,-2,-2
0,1,1209,1212,3627,3628,3629,3632,3633,3634,7255,7256,7257,7258,7259,7262,7263,7264,7265,7266,1,-1,2,-2,1,3,1,-1,-3,-1,2,2,5,2,2,-2,-2,-5,-2,-2
0,1,1211,1214,3633,3634,3635,3638,3639,3640,7267,7268,7269,7270,7271,7274,7275,7276,7277,7278,1,-1,2,-2,1,3,1,-1,-3,-1,2,2,5,2,2,-2,-2,-5,-2,-2
0,1,1213,1216,3639,3640,3641,3644,3645,3646,7279,7280,7281,7282,7283,7286,7287,7288,7289,7290,1,-1,2,-2,1,3,1,-1,-3,-1,2,2,5,2,2,-2,-2,-5,-2,-2
0,1,1215,1218,3645,3646,3647,3650,3651,3652,7291,7292,7293,7294,7295,7298,7299,7300,7301,7302,1,-1,2,-2,1,3,1,-1,-3,-1,2,2,5,2,2,-2,-2,-5,-2,-2
0,1,1217,1220,3651,3652,3653,3656,3657,3658,7303,7304,7305,7306,7307,7310,7311,7312,7313,7314,1,-1,2,-2,1,3,1,-1,-3,-1,2,2,5,2,2,-2,-2,-5,-2,-2
0,1,1219,1222,3657,3658,3659,3662,3663,3664,7315,7316,7317,7318,7319,7322,7323,7324,7325,7326,1,-1,2,-2,1,3,1,-1,-3,-1,2,2,5,2,2,-2,-2,-5,-2,-2
0,1,1221,1224,3663,3664,3665,3668,3669,3670,7327,7328,7329,7330,7331,7334,7335,7336,7337,7338,1,-1,2,-2,1,3,1,-1,-3,-1,2,2,5,2,2,-2,-2,-5,-2,-2
0,1,1223,1226,3669,3670,3671,3674,3675,3676,7339,7340,7341,7342,7343,7346,7347,7348,7349,7350,1,-1,2,-2,1,3,1,-1,-3,-1,2,2,5,2,2,-2,-2,-5,-2,-2
0,1,1225,1228,3675,3676,3677,3680,3681,3682,7351,7352,7353,7354,7355,7358,7359,7360,7361,7362,1,-1,2,-2,1,3,1,-1,-3,-1,2,2,5,2,2,-2,-2,-5,-2,-2
0,1,1227,1230,3681,3682,3683,3686,3687,3688,7363,7364,7365,7366,7367,7370,7371,7372,7373,7374,1,-1,2,-2,1,3,1,-1,-3,-1,2,2,5,2,2,-2,-2,-5,-2,-2
0,1,1229,1232,3687,3688,3689,3692,3693,3694,7375,7376,7377,7378,7379,7382,7383,7384,7385,7386,1,-1,2,-2,1,3,1,-1,-3,-1,2,2,5,2,2,-2,-2,-5,-2,-2
0,1,1231,1234,3693,3694,3695,3698,3699,3700,7387,7388,7389,7390,7391,7394,7395,7396,7397,7398,1,-1,2,-2,1,3,1,-1,-3,-1,2,2,5,2,2,-2,-2,-5,-2,-2
0,1,1233,1236,3699,3700,3701,3704,3705,3706,7399,7400,7401,7402,7403,7406,7407,7408,7409,7410,1,-1,2,-2,1,3,1,-1,-3,-1,2,2,5,2,2,-2,-2,-5,-2,-2
0,1,1235,1238,3705,3706,3707,3710,3711,3712,7411,7412,7413,7414,7415,7418,7419,7420,7421,7422,1,-1,2,-2,1,3,1,-1,-3,-1,2,2,5,2,2,-2,-2,-5,-2,-2
0,1,1237,1240,3711,3712,3713,3716,3717,3718,7423,7424,7425,7426,7427,7430,7431,7432,7433,7434,1,-1,2,-2,1,3,1,-1,-3,-1,2,2,5,2,2,-2,-2,-5,-2,-2
0,1,1239,1242,3717,3718,3719,3722,3723,3724,7435,7436,7437,7438,7439,7442,7443,7444,7445,7446,1,-1,2,-2,1,3,1,-1,-3,-1,2,2,5,2,2,-2,-2,-5,-2,-2
0,1,1241,1244,3723,3724,3725,3728,3729,3730,7447,7448,7449,7450,7451,7454,7455,7456,7457,7458,1,-1,2,-2,1,3,1,-1,-3,-1,2,2,5,2,2,-2,-2,-5,-2,-2
0,1,1243,1246,3729,3730,3731,3734,3735,3736,7459,7460,7461,7462,7463,7466,7467,7468,7469,7470,1,-1,2,-2,1,3,1,-1,-3,-1,2,2,5,2,2,-2,-2,-5,-2,-2
0,1,1245,1248,3735,3736,3737,3740,3741,3742,7471,7472,7473,7474,7475,7478,7479,7480,7481,7482,1,-1,2,-2,1,3,1,-1,-3,-1,2,2,5,2,2,-2,-2,-5,-2,-2
0,1,1247,1250,3741,3742,3743,3746,3747,3748,7483,7484,7485,7486,7487,7490,7491,7492,7493,7494,1,-1,2,-2,1,3,1,-1,-3,-1,2,2,5,2,2,-2,-2,-5,-2,-2
0,1,1249,1252,3747,3748,3749,3752,3753,3754,7495,7496,7497,7498,7499,7502,7503,7504,7505,7506,1,-1,2,-2,1,3,1,-1,-3,-1,2,2,5,2,2,-2,-2,-5,-2,-2
0,1,1251,1254,3753,3754,3755,3758,3759,3760,7507,7508,7509,7510,7511,7514,7515,7516,7517,7518,1,-1,2,-2,1,3,1,-1,-3,-1,2,2,5,2,2,-2,-2,-5,-2,-2
0,1,1253,1256,3759,3760,3761,3764,3765,3766,7519,7520,7521,7522,7523,7526,7527,7528,7529,7530,1,-1,2,-2,1,3,1,-1,-3,-1,2,2,5,2,2,-2,-2,-5,-2,-2
0,1,1255,1258,3765,3766,3767,3770,3771,3772,7531,7532,7533,7534,7535,7538,7539,7540,7541,7542,1,-1,2,-2,1,3,1,-1,-3,-1,2,2,5,2,2,-2,-2,-5,-2,-2
0,1,1257,1260,3771,3772,3773,3776,3777,3778,7543,7544,7545,7546,7547,7550,7551,7552,7553,7554,1,-1,2,-2,1,3,1,-1,-3,-1,2,2,5,2,2,-2,-2,-5,-2,-2
0,1,1259,1262,3777,3778,3779,3782,3783,3784,7555,7556,7557,7558,7559,7562,7563,7564,7565,7566,1,-1,2,-2,1,3,1,-1,-3,-1,2,2,5,2,2,-2,-2,-5,-2,-2
0,1,1261,1264,3783,3784,3785,3788,3789,3790,7567,7568,7569,7570,7571,7574,7575,7576,7577,7578,1,-1,2,-2,1,3,1,-1,-3,-1,2,2,5,2,2,-2,-2,-5,-2,-2
0,1,1263,1266,3789,3790,3791,3794,3795,3796,7579,7580,7581,7582,7583,7586,7587,7588,7589,7590,1,-1,2,-2,1,3,1,-1,-3,-1,2,2,5,2,2,-2,-2,-5,-2,-2
0,1,1265,1268,3795,3796,3797,3800,3801,3802,7591,7592,7593,7594,7595,7598,7599,7600,7601,7602,1,-1,2,-2,1,3,1,-1,-3,-1,2,2,5,2,2,-2,-2,-5,-2,-2
0,1,1267,1270,3801,3802,3803,3806,3807,3808,7603,7604,7605,7606,7607,7610,7611,7612,7613,7614,1,-1,2,-2,1,3,1,-1,-3,-1,2,2,5,2,2,-2,-2,-5,-2,-2
0,1,1269,1272,3807,3808,3809,3812,3813,3814,7615,7616,7617,7618,7619,7622,7623,7624,7625,7626,1,-1,2,-2,1,3,1,-1,-3,-1,2,2,5,2,2,-2,-2,-5,-2,-2
0,1,1271,1274,3813,3814,3815,3818,3819,3820,7627,7628,7629,7630,7631,7634,7635,7636,7637,7638,1,-1,2,-2,1,3,1,-1,-3,-1,2,2,5,2,2,-2,-2,-5,-2,-2
0,1,1273,1276,3819,3820,3821,3824,3825,3826,7639,7640,7641,7642,7643,7646,7647,7648,7649,7650,1,-1,2,-2,1,3,1,-1,-3,-1,2,2,5,2,2,-2,-2,-5,-2,-2
0,1,1275,1278,3825,3826,3827,3830,3831,3832,7651,7652,7653,7654,7655,7658,7659,7660,7661,7662,1,-1,2,-2,1,3,1,-1,-3,-1,2,2,5,2,2,-2,-2,-5,-2,-2
0,1,1277,1280,3831,3832,3833,3836,3837,3838,7663,7664,7665,7666,7667,7670,7671,7672,7673,7674,1,-1,2,-2,1,3,1,-1,-3,-1,2,2,5,2,2,-2,-2,-5,-2,-2
0,1,1279,1282,3837,3838,3839,3842,3843,3844,7675,7676,7677,7678,7679,7682,7683,7684,7685,7686,1,-1,2,-2,1,3,1,-1,-3,-1,2,2,5,2,2,-2,-2,-5,-2,-2
0,1,1281,1284,3843,3844,3845,3848,3849,3850,7687,7688,7689,7690,7691,7694,7695,7696,7697,7698,1,-1,2,-2,1,3,1,-1,-3,-1,2,2,5,2,2,-2,-2,-5,-2,-2
0,1,1283,1286,3849,3850,3851,3854,3855,3856,7699,7700,7701,7702,7703,7706,7707,7708,7709,7710,1,-1,2,-2,1,3,1,-1,-3,-1,2,2,5,2,2,-2,-2,-5,-2,-2
0,1,1285,1288,3855,3856,3857,3860,3861,3862,7711,7712,7713,7714,7715,7718,7719,7720,7721,7722,1,-1,2,-2,1,3,1,-1,-3,-1,2,2,5,2,2,-2,-2,-5,-2,-2
0,1,1287,1290,3861,3862,3863,3866,3867,3868,7723,7724,7725,7726,7727,7730,7731,7732,7733,7734,1,-1,2,-2,1,3,1,-1,-3,-1,2,2,5,2,2,-2,-2,-5,-2,-2
0,1,1289,1292,3867,3868,3869,3872,3873,3874,7735,7736,7737,7738,7739,7742,7743,7744,7745,7746,1,-1,2,-2,1,3,1,-1,-3,-1,2,2,5,2,2,-2,-2,-5,-2,-2
0,1,1291,1294,3873,3874,3875,3878,3879,3880,7747,7748,7749,7750,7751,7754,7755,7756,7757,7758,1,-1,2,-2,1,3,1,-1,-3,-1,2,2,5,2,2,-2,-2,-5,-2,-2
0,1,1293,1296,3879,3880,3881,3884,3885,3886,7759,7760,7761,7762,7763,7766,7767,7768,7769,7770,1,-1,2,-2,1,3,1,-1,-3,-1,2,2,5,2,2,-2,-2,-5,-2,-2
0,1,1295,1298,3885,3886,3887,3890,3891,3892,7771,7772,7773,7774,7775,7778,7779,7780,7781,7782,1,-1,2,-2,1,3,1,-1,-3,-1,2,2,5,2,2,-2,-2,-5,-2,-2
0,1,1297,1300,3891,3892,3893,3896,3897,3898,7783,7784,7785,7786,7787,7790,7791,7792,7793,7794,1,-1,2,-2,1,3,1,-1,-3,-1,2,2,5,2,2,-2,-2,-5,-2,-2
0,1,1299,1302,3897,3898,3899,3902,3903,3904,7795,7796,7797,7798,7799,7802,7803,7804,7805,7806,1,-1,2,-2,1,3,1,-1,-3,-1,2,2,5,2,2,-2,-2,-5,-2,-2
0,1,1301,1304,3903,3904,3905,3908,3909,3910,7807,7808,7809,7810,7811,7814,7815,7816,7817,7818,1,-1,2,-2,1,3,1,-1,-3,-1,2,2,5,2,2,-2,-2,-5,-2,-2
0,1,1303,1306,3909,3910,3911,3914,3915,3916,7819,7820,7821,7822,7823,7826,7827,7828,7829,7830,1,-1,2,-2,1,3,1,-1,-3,-1,2,2,5,2,2,-2,-2,-5,-2,-2
0,1,1305,1308,3915,3916,3917,3920,3921,3922,7831,7832,7833,7834,7835,7838,7839,7840,7841,7842,1,-1,2,-2,1,3,1,-1,-3,-1,2,2,5,2,2,-2,-2,-5,-2,-2
0,1,1307,1310,3921,3922,3923,3926,3927,3928,7843,7844,7845,7846,7847,7850,7851,7852,7853,7854,1,-1,2,-2,1,3,1,-1,-3,-1,2,2,5,2,2,-2,-2,-5,-2,-2
0,1,1309,1312,3927,3928,3929,3932,3933,3934,7855,7856,7857,7858,7859,7862,7863,7864,7865,7866,1,-1,2,-2,1,3,1,-1,-3,-1,2,2,5,2,2,-2,-2,-5,-2,-2
0,1,1311,1314,3933,3934,3935,3938,3939,3940,7867,7868,7869,7870,7871,7874,7875,7876,7877,7878,1,-1,2,-2,1,3,1,-1,-3,-1,2,2,5,2,2,-2,-2,-5,-2,-2
0,1,1313,1316,3939,3940,3941,3944,3945,3946,7879,7880,7881,7882,7883,7886,7887,7888,7889,7890,1,-1,2,-2,1,3,1,-1,-3,-1,2,2,5,2,2,-2,-2,-5,-2,-2
0,1,1315,1318,3945,3946,3947,3950,3951,3952,7891,7892,7893,7894,7895,7898,7899,7900,7901,7902,1,-1,2,-2,1,3,1,-1,-3,-1,2,2,5,2,2,-2,-2,-5,-2,-2
0,1,1317,1320,3951,3952,3953,3956,3957,3958,7903,7904,7905,7906,7907,7910,7911,7912,7913,7914,1,-1,2,-2,1,3,1,-1,-3,-1,2,2,5,2,2,-2,-2,-5,-2,-2
0,1,1319,1322,3957,3958,3959,3962,3963,3964,7915,7916,7917,7918,7919,7922,7923,7924,7925,7926,1,-1,2,-2,1,3,1,-1,-3,-1,2,2,5,2,2,-2,-2,-5,-2,-2
0,1,1321,1324,3963,3964,3965,3968,3969,3970,7927,7928,7929,7930,7931,7934,7935,7936,7937,7938,1,-1,2,-2,1,3,1,-1,-3,-1,2,2,5,2,2,-2,-2,-5,-2,-2
0,1,1323,1326,3969,3970,3971,3974,3975,3976,7939,7940,7941,7942,7943,7946,7947,7948,7949,7950,1,-1,2,-2,1,3,1,-1,-3,-1,2,2,5,2,2,-2,-2,-5,-2,-2
0,1,1325,1328,3975,3976,3977,3980,3981,3982,7951,7952,7953,7954,7955,7958,7959,7960,7961,7962,1,-1,2,-2,1,3,1,-1,-3,-1,2,2,5,2,2,-2,-2,-5,-2,-2
0,1,1327,1330,3981,3982,3983,3986,3987,3988,7963,7964,7965,7966,7967,7970,7971,7972,7973,7974,1,-1,2,-2,1,3,1,-1,-3,-1,2,2,5,2,2,-2,-2,-5,-2,-2
0,1,1329,1332,3987,3988,3989,3992,3993,3994,7975,7976,7977,7978,7979,7982,7983,7984,7985,7986,1,-1,2,-2,1,3,1,-1,-3,-1,2,2,5,2,2,-2,-2,-5,-2,-2
0,1,1331,1334,3993,3994,3995,3998,3999,4000,7987,7988,7989,7990,7991,7994,7995,7996,7997,7998,1,-1,2,-2,1,3,1,-1,-3,-1,2,2,5,2,2,-2,-2,-5,-2,-2
0,1,1333,1336,3999,4000,4001,4004,4005,4006,7999,8000,8001,8002,8003,8006,8007,8008,8009,8010,1,-1,2,-2,1,3,1,-1,-3,-1,2,2,5,2,2,-2,-2,-5,-2,-2
0,1,1335,1338,4005,4006,4007,4010,4011,4012,8011,8012,8013,8014,8015,8018,8019,8020,8021,8022,1,-1,2,-2,1,3,1,-1,-3,-1,2,2,5,2,2,-2,-2,-5,-2,-2
0,1,1337,1340,4011,4012,4013,4016,4017,4018,8023,8024,8025,8026,8027,8030,8031,8032,8033,8034,1,-1,2,-2,1,3,1,-1,-3,-1,2,2,5,2,2,-2,-2,-5,-2,-2
0,1,1339,1342,4017,4018,4019,4022,4023,4024,8035,8036,8037,8038,8039,8042,8043,8044,8045,8046,1,-1,2,-2,1,3,1,-1,-3,-1,2,2,5,2,2,-2,-2,-5,-2,-2
0,1,1341,1344,4023,4024,4025,4028,4029,4030,8047,8048,8049,8050,8051,8054,8055,8056,8057,8058,1,-1,2,-2,1,3,1,-1,-3,-1,2,2,5,2,2,-2,-2,-5,-2,-2
0,1,1343,1346,4029,4030,4031,4034,4035,4036,8059,8060,8061,8062,8063,8066,8067,8068,8069,8070,1,-1,2,-2,1,3,1,-1,-3,-1,2,2,5,2,2,-2,-2,-5,-2,-2
0,1,1345,1348,4035,4036,4037,4040,4041,4042,8071,8072,8073,8074,8075,8078,8079,8080,8081,8082,1,-1,2,-2,1,3,1,-1,-3,-1,2,2,5,2,2,-2,-2,-5,-2,-2
0,1,1347,1350,4041,4042,4043,4046,4047,4048,8083,8084,8085,8086,8087,8090,8091,8092,8093,8094,1,-1,2,-2,1,3,1,-1,-3,-1,2,2,5,2,2,-2,-2,-5,-2,-2
0,1,1349,1352,4047,4048,4049,4052,4053,4054,8095,8096,8097,8098,8099,8102,8103,8104,8105,8106,1,-1,2,-2,1,3,1,-1,-3,-1,2,2,5,2,2,-2,-2,-5,-2,-2
0,1,1351,1354,4053,4054,4055,4058,4059,4060,8107,8108,8109,8110,8111,8114,8115,8116,8117,8118,1,-1,2,-2,1,3,1,-1,-3,-1,2,2,5,2,2,-2,-2,-5,-2,-2
0,1,1353,1356,4059,4060,4061,4064,4065,4066,8119,8120,8121,8122,8123,8126,8127,8128,8129,8130,1,-1,2,-2,1,3,1,-1,-3,-1,2,2,5,2,2,-2,-2,-5,-2,-2
0,1,1355,1358,4065,4066,4067,4070,4071,4072,8131,8132,8133,8134,8135,8138,8139,8140,8141,8142,1,-1,2,-2,1,3,1,-1,-3,-1,2,2,5,2,2,-2,-2,-5,-2,-2
0,1,1357,1360,4071,4072,4073,4076,4077,4078,8143,8144,8145,8146,8147,8150,8151,8152,8153,8154,1,-1,2,-2,1,3,1,-1,-3,-1,2,2,5,2,2,-2,-2,-5,-2,-2
0,1,1359,1362,4077,4078,4079,4082,4083,4084,8155,8156,8157,8158,8159,8162,8163,8164,8165,8166,1,-1,2,-2,1,3,1,-1,-3,-1,2,2,5,2,2,-2,-2,-5,-2,-2
0,1,1361,1364,4083,4084,4085,4088,4089,4090,8167,8168,8169,8170,8171,8174,8175,8176,8177,8178,1,-1,2,-2,1,3,1,-1,-3,-1,2,2,5,2,2,-2,-2,-5,-2,-2
0,1,1363,1366,4089,4090,4091,4094,4095,4096,8179,8180,8181,8182,8183,8186,8187,8188,8189,8190,1,-1,2,-2,1,3,1,-1,-3,-1,2,2,5,2,2,-2,-2,-5,-2,-2
0,1,1365,1368,4095,4096,4097,4100,4101,4102,8191,8192,8193,8194,8195,8198,8199,8200,8201,8202,1,-1,2,-2,1,3,1,-1,-3,-1,2,2,5,2,2,-2,-2,-5,-2,-2
0,1,1367,1370,4101,4102,4103,4106,4107,4108,8203,8204,8205,8206,8207,8210,8211,8212,8213,8214,1,-1,2,-2,1,3,1,-1,-3,-1,2,2,5,2,2,-2,-2,-5,-2,-2
0,1,1369,1372,4107,4108,4109,4112,4113,4114,8215,8216,8217,8218,8219,8222,8223,8224,8225,8226,1,-1,2,-2,1,3,1,-1,-3,-1,2,2,5,2,2,-2,-2,-5,-2,-2
0,1,1371,1374,4113,4114,4115,4118,4119,4120,8227,8228,8229,8230,8231,8234,8235,8236,8237,8238,1,-1,2,-2,1,3,1,-1,-3,-1,2,2,5,2,2,-2,-2,-5,-2,-2
0,1,1373,1376,4119,4120,4121,4124,4125,4126,8239,8240,8241,8242,8243,8246,8247,8248,8249,8250,1,-1,2,-2,1,3,1,-1,-3,-1,2,2,5,2,2,-2,-2,-5,-2,-2
0,1,1375,1378,4125,4126,4127,4130,4131,4132,8251,8252,8253,8254,8255,8258,8259,8260,8261,8262,1,-1,2,-2,1,3,1,-1,-3,-1,2,2,5,2,2,-2,-2,-5,-2,-2
0,1,1377,1380,4131,4132,4133,4136,4137,4138,8263,8264,8265,8266,8267,8270,8271,8272,8273,8274,1,-1,2,-2,1,3,1,-1,-3,-1,2,2,5,2,2,-2,-2,-5,-2,-2
0,1,1379,1382,4137,4138,4139,4142,4143,4144,8275,8276,8277,8278,8279,8282,8283,8284,8285,8286,1,-1,2,-2,1,3,1,-1,-3,-1,2,2,5,2,2,-2,-2,-5,-2,-2
0,1,1381,1384,4143,4144,4145,4148,4149,4150,8287,8288,8289,8290,8291,8294,8295,8296,8297,8298,1,-1,2,-2,1,3,1,-1,-3,-1,2,2,5,2,2,-2,-2,-5,-2,-2
0,1,1383,1386,4149,4150,4151,4154,4155,4156,8299,8300,8301,8302,8303,8306,8307,8308,8309,8310,1,-1,2,-2,1,3,1,-1,-3,-1,2,2,5,2,2,-2,-2,-5,-2,-2
0,1,1385,1388,4155,4156,4157,4160,4161,4162,8311,8312,8313,8314,8315,8318,8319,8320,8321,8322,1,-1,2,-2,1,3,1,-1,-3,-1,2,2,5,2,2,-2,-2,-5,-2,-2
0,1,1387,1390,4161,4162,4163,4166,4167,4168,8323,8324,8325,8326,8327,8330,8331,8332,8333,8334,1,-1,2,-2,1,3,1,-1,-3,-1,2,2,5,2,2,-2,-2,-5,-2,-2
0,1,1389,1392,4167,4168,4169,4172,4173,4174,8335,8336,8337,8338,8339,8342,8343,8344,8345,8346,1,-1,2,-2,1,3,1,-1,-3,-1,2,2,5,2,2,-2,-2,-5,-2,-2
0,1,1391,1394,4173,4174,4175,4178,4179,4180,8347,8348,8349,8350,8351,8354,8355,8356,8357,8358,1,-1,2,-2,1,3,1,-1,-3,-1,2,2,5,2,2,-2,-2,-5,-2,-2
0,1,1393,1396,4179,4180,4181,4184,4185,4186,8359,8360,8361,8362,8363,8366,8367,8368,8369,8370,1,-1,2,-2,1,3,1,-1,-3,-1,2,2,5,2,2,-2,-2,-5,-2,-2
0,1,1395,1398,4185,4186,4187,4190,4191,4192,8371,8372,8373,8374,8375,8378,8379,8380,8381,8382,1,-1,2,-2,1,3,1,-1,-3,-1,2,2,5,2,2,-2,-2,-5,-2,-2
0,1,1397,1400,4191,4192,4193,4196,4197,4198,8383,8384,8385,8386,8387,8390,8391,8392,8393,8394,1,-1,2,-2,1,3,1,-1,-3,-1,2,2,5,2,2,-2,-2,-5,-2,-2
0,1,1399,1402,4197,4198,4199,4202,4203,4204,8395,8396,8397,8398,8399,8402,8403,8404,8405,8406,1,-1,2,-2,1,3,1,-1,-3,-1,2,2,5,2,2,-2,-2,-5,-2,-2
0,1,1401,1404,4203,4204,4205,4208,4209,4210,8407,8408,8409,8410,8411,8414,8415,8416,8417,8418,1,-1,2,-2,1,3,1,-1,-3,-1,2,2,5,2,2,-2,-2,-5,-2,-2
0,1,1403,1406,4209,4210,4211,4214,4215,4216,8419,8420,8421,8422,8423,8426,8427,8428,8429,8430,1,-1,2,-2,1,3,1,-1,-3,-1,2,2,5,2,2,-2,-2,-5,-2,-2
0,1,1405,1408,4215,4216,4217,4220,4221,4222,8431,8432,8433,8434,8435,8438,8439,8440,8441,8442,1,-1,2,-2,1,3,1,-1,-3,-1,2,2,5,2,2,-2,-2,-5,-2,-2
0,1,1407,1410,4221,4222,4223,4226,4227,4228,8443,8444,8445,8446,8447,8450,8451,8452,8453,8454,1,-1,2,-2,1,3,1,-1,-3,-1,2,2,5,2,2,-2,-2,-5,-2,-2
0,1,1409,1412,4227,4228,4229,4232,4233,4234,8455,8456,8457,8458,8459,8462,8463,8464,8465,8466,1,-1,2,-2,1,3,1,-1,-3,-1,2,2,5,2,2,-2,-2,-5,-2,-2
0,1,1411,1414,4233,4234,4235,4238,4239,4240,8467,8468,8469,8470,8471,8474,8475,8476,8477,8478,1,-1,2,-2,1,3,1,-1,-3,-1,2,2,5,2,2,-2,-2,-5,-2,-2
0,1,1413,1416,4239,4240,4241,4244,4245,4246,8479,8480,8481,8482,8483,8486,8487,8488,8489,8490,1,-1,2,-2,1,3,1,-1,-3,-1,2,2,5,2,2,-2,-2,-5,-2,-2
0,1,1415,1418,4245,4246,4247,4250,4251,4252,8491,8492,8493,8494,8495,8498,8499,8500,8501,8502,1,-1,2,-2,1,3,1,-1,-3,-1,2,2,5,2,2,-2,-2,-5,-2,-2
0,1,1417,1420,4251,4252,4253,4256,4257,4258,8503,8504,8505,8506,8507,8510,8511,8512,8513,8514,1,-1,2,-2,1,3,1,-1,-3,-1,2,2,5,2,2,-2,-2,-5,-2,-2
0,1,1419,1422,4257,4258,4259,4262,4263,4264,8515,8516,8517,8518,8519,8522,8523,8524,8525,8526,1,-1,2,-2,1,3,1,-1,-3,-1,2,2,5,2,2,-2,-2,-5,-2,-2
0,1,1421,1424,4263,4264,4265,4268,4269,4270,8527,8528,8529,8530,8531,8534,8535,8536,8537,8538,1,-1,2,-2,1,3,1,-1,-3,-1,2,2,5,2,2,-2,-2,-5,-2,-2
0,1,1423,1426,4269,4270,4271,4274,4275,4276,8539,8540,8541,8542,8543,8546,8547,8548,8549,8550,1,-1,2,-2,1,3,1,-1,-3,-1,2,2,5,2,2,-2,-2,-5,-2,-2
0,1,1425,1428,4275,4276,4277,4280,4281,4282,8551,8552,8553,8554,8555,8558,8559,8560,8561,8562,1,-1,2,-2,1,3,1,-1,-3,-1,2,2,5,2,2,-2,-2,-5,-2,-2
0,1,1427,1430,4281,4282,4283,4286,4287,4288,8563,8564,8565,8566,8567,8570,8571,8572,8573,8574,1,-1,2,-2,1,3,1,-1,-3,-1,2,2,5,2,2,-2,-2,-5,-2,-2
0,1,1429,1432,4287,4288,4289,4292,4293,4294,8575,8576,8577,8578,8579,8582,8583,8584,8585,8586,1,-1,2,-2,1,3,1,-1,-3,-1,2,2,5,2,2,-2,-2,-5,-2,-2
0,1,1431,1434,4293,4294,4295,4298,4299,4300,8587,8588,8589,8590,8591,8594,8595,8596,8597,8598,1,-1,2,-2,1,3,1,-1,-3,-1,2,2,5,2,2,-2,-2,-5,-2,-2
0,1,1433,1436,4299,4300,4301,4304,4305,4306,8599,8600,8601,8602,8603,8606,8607,8608,8609,8610,1,-1,2,-2,1,3,1,-1,-3,-1,2,2,5,2,2,-2,-2,-5,-2,-2
0,1,1435,1438,4305,4306,4307,4310,4311,4312,8611,8612,8613,8614,8615,8618,8619,8620,8621,8622,1,-1,2,-2,1,3,1,-1,-3,-1,2,2,5,2,2,-2,-2,-5,-2,-2
0,1,1437,1440,4311,4312,4313,4316,4317,4318,8623,8624,8625,8626,8627,8630,8631,8632,8633,8634,1,-1,2,-2,1,3,1,-1,-3,-1,2,2,5,2,2,-2,-2,-5,-2,-2
0,1,1439,1442,4317,4318,4319,4322,4323,4324,8635,8636,8637,8638,8639,8642,8643,8644,8645,8646,1,-1,2,-2,1,3,1,-1,-3,-1,2,2,5,2,2,-2,-2,-5,-2,-2
0,1,1441,1444,4323,4324,4325,4328,4329,4330,8647,8648,8649,8650,8651,8654,8655,8656,8657,8658,1,-1,2,-2,1,3,1,-1,-3,-1,2,2,5,2,2,-2,-2,-5,-2,-2
0,1,1443,1446,4329,4330,4331,4334,4335,4336,8659,8660,8661,8662,8663,8666,8667,8668,8669,8670,1,-1,2,-2,1,3,1,-1,-3,-1,2,2,5,2,2,-2,-2,-5,-2,-2
0,1,1445,1448,4335,4336,4337,4340,4341,4342,8671,8672,8673,8674,8675,8678,8679,8680,8681,8682,1,-1,2,-2,1,3,1,-1,-3,-1,2,2,5,2,2,-2,-2,-5,-2,-2
0,1,1447,1450,4341,4342,4343,4346,4347,4348,8683,8684,8685,8686,8687,8690,8691,8692,8693,8694,1,-1,2,-2,1,3,1,-1,-3,-1,2,2,5,2,2,-2,-2,-5,-2,-2
0,1,1449,1452,4347,4348,4349,4352,4353,4354,8695,8696,8697,8698,8699,8702,8703,8704,8705,8706,1,-1,2,-2,1,3,1,-1,-3,-1,2,2,5,2,2,-2,-2,-5,-2,-2
0,1,1451,1454,4353,4354,4355,4358,4359,4360,8707,8708,8709,8710,8711,8714,8715,8716,8717,8718,1,-1,2,-2,1,3,1,-1,-3,-1,2,2,5,2,2,-2,-2,-5,-2,-2
0,1,1453,1456,4359,4360,4361,4364,4365,4366,8719,8720,8721,8722,8723,8726,8727,8728,8729,8730,1,-1,2,-2,1,3,1,-1,-3,-1,2,2,5,2,2,-2,-2,-5,-2,-2
0,1,1455,1458,4365,4366,4367,4370,4371,4372,8731,8732,8733,8734,8735,8738,8739,8740,8741,8742,1,-1,2,-2,1,3,1,-1,-3,-1,2,2,5,2,2,-2,-2,-5,-2,-2
0,1,1457,1460,4371,4372,4373,4376,4377,4378,8743,8744,8745,8746,8747,8750,8751,8752,8753,8754,1,-1,2,-2,1,3,1,-1,-3,-1,2,2,5,2,2,-2,-2,-5,-2,-2
0,1,1459,1462,4377,4378,4379,4382,4383,4384,8755,8756,8757,8758,8759,8762,8763,8764,8765,8766,1,-1,2,-2,1,3,1,-1,-3,-1,2,2,5,2,2,-2,-2,-5,-2,-2
0,1,1461,1464,4383,4384,4385,4388,4389,4390,8767,8768,8769,8770,8771,8774,8775,8776,8777,8778,1,-1,2,-2,1,3,1,-1,-3,-1,2,2,5,2,2,-2,-2,-5,-2,-2
0,1,1463,1466,4389,4390,4391,4394,4395,4396,8779,8780,8781,8782,8783,8786,8787,8788,8789,8790,1,-1,2,-2,1,3,1,-1,-3,-1,2,2,5,2,2,-2,-2,-5,-2,-2
0,1,1465,1468,4395,4396,4397,4400,4401,4402,8791,8792,8793,8794,8795,8798,8799,8800,8801,8802,1,-1,2,-2,1,3,1,-1,-3,-1,2,2,5,2,2,-2,-2,-5,-2,-2
0,1,1467,1470,4401,4402,4403,4406,4407,4408,8803,8804,8805,8806,8807,8810,8811,8812,8813,8814,1,-1,2,-2,1,3,1,-1,-3,-1,2,2,5,2,2,-2,-2,-5,-2,-2
0,1,1469,1472,4407,4408,4409,4412,4413,4414,8815,8816,8817,8818,8819,8822,8823,8824,8825,8826,1,-1,2,-2,1,3,1,-1,-3,-1,2,2,5,2,2,-2,-2,-5,-2,-2
0,1,1471,1474,4413,4414,4415,4418,4419,4420,8827,8828,8829,8830,8831,8834,8835,8836,8837,8838,1,-1,2,-2,1,3,1,-1,-3,-1,2,2,5,2,2,-2,-2,-5,-2,-2
0,1,1473,1476,4419,4420,4421,4424,4425,4426,8839,8840,8841,8842,8843,8846,8847,8848,8849,8850,1,-1,2,-2,1,3,1,-1,-3,-1,2,2,5,2,2,-2,-2,-5,-2,-2
0,1,1475,1478,4425,4426,4427,4430,4431,4432,8851,8852,8853,8854,8855,8858,8859,8860,8861,8862,1,-1,2,-2,1,3,1,-1,-3,-1,2,2,5,2,2,-2,-2,-5,-2,-2
0,1,1477,1480,4431,4432,4433,4436,4437,4438,8863,8864,8865,8866,8867,8870,8871,8872,8873,8874,1,-1,2,-2,1,3,1,-1,-3,-1,2,2,5,2,2,-2,-2,-5,-2,-2
0,1,1479,1482,4437,4438,4439,4442,4443,4444,8875,8876,8877,8878,8879,8882,8883,8884,8885,8886,1,-1,2,-2,1,3,1,-1,-3,-1,2,2,5,2,2,-2,-2,-5,-2,-2
0,1,1481,1484,4443,4444,4445,4448,4449,4450,8887,8888,8889,8890,8891,8894,8895,8896,8897,8898,1,-1,2,-2,1,3,1,-1,-3,-1,2,2,5,2,2,-2,-2,-5,-2,-2
0,1,1483,1486,4449,4450,4451,4454,4455,4456,8899,8900,8901,8902,8903,8906,8907,8908,8909,8910,1,-1,2,-2,1,3,1,-1,-3,-1,2,2,5,2,2,-2,-2,-5,-2,-2
0,1,1485,1488,4455,4456,4457,4460,4461,4462,8911,8912,8913,8914,8915,8918,8919,8920,8921,8922,1,-1,2,-2,1,3,1,-1,-3,-1,2,2,5,2,2,-2,-2,-5,-2,-2
0,1,1487,1490,4461,4462,4463,4466,4467,4468,8923,8924,8925,8926,8927,8930,8931,8932,8933,8934,1,-1,2,-2,1,3,1,-1,-3,-1,2,2,5,2,2,-2,-2,-5,-2,-2
0,1,1489,1492,4467,4468,4469,4472,4473,4474,8935,8936,8937,8938,8939,8942,8943,8944,8945,8946,1,-1,2,-2,1,3,1,-1,-3,-1,2,2,5,2,2,-2,-2,-5,-2,-2
0,1,1491,1494,4473,4474,4475,4478,4479,4480,8947,8948,8949,8950,8951,8954,8955,8956,8957,8958,1,-1,2,-2,1,3,1,-1,-3,-1,2,2,5,2,2,-2,-2,-5,-2,-2
0,1,1493,1496,4479,4480,4481,4484,4485,4486,8959,8960,8961,8962,8963,8966,8967,8968,8969,8970,1,-1,2,-2,1,3,1,-1,-3,-1,2,2,5,2,2,-2,-2,-5,-2,-2
0,1,1495,1498,4485,4486,4487,4490,4491,4492,8971,8972,8973,8974,8975,8978,8979,8980,8981,8982,1,-1,2,-2,1,3,1,-1,-3,-1,2,2,5,2,2,-2,-2,-5,-2,-2
0,1,1497,1500,4491,4492,4493,4496,4497,4498,8983,8984,8985,8986,8987,8990,8991,8992,8993,8994,1,-1,2,-2,1,3,1,-1,-3,-1,2,2,5,2,2,-2,-2,-5,-2,-2
0,1,1499,1502,4497,4498,4499,4502,4503,4504,8995,8996,8997,8998,8999,9002,9003,9004,9005,9006,1,-1,2,-2,1,3,1,-1,-3,-1,2,2,5,2,2,-2,-2,-5,-2,-2
0,1,1501,1504,4503,4504,4505,4508,4509,4510,9007,9008,9009,9010,9011,9014,9015,9016,9017,9018,1,-1,2,-2,1,3,1,-1,-3,-1,2,2,5,2,2,-2,-2,-5,-2,-2
0,1,1503,1506,4509,4510,4511,4514,4515,4516,9019,9020,9021,9022,9023,9026,9027,9028,9029,9030,1,-1,2,-2,1,3,1,-1,-3,-1,2,2,5,2,2,-2,-2,-5,-2,-2
0,1,1505,1508,4515,4516,4517,4520,4521,4522,9031,9032,9033,9034,9035,9038,9039,9040,9041,9042,1,-1,2,-2,1,3,1,-1,-3,-1,2,2,5,2,2,-2,-2,-5,-2,-2
0,1,1507,1510,4521,4522,4523,4526,4527,4528,9043,9044,9045,9046,9047,9050,9051,9052,9053,9054,1,-1,2,-2,1,3,1,-1,-3,-1,2,2,5,2,2,-2,-2,-5,-2,-2
0,1,1509,1512,4527,4528,4529,4532,4533,4534,9055,9056,9057,9058,9059,9062,9063,9064,9065,9066,1,-1,2,-2,1,3,1,-1,-3,-1,2,2,5,2,2,-2,-2,-5,-2,-2
0,1,1511,1514,4533,4534,4535,4538,4539,4540,9067,9068,9069,9070,9071,9074,9075,9076,9077,9078,1,-1,2,-2,1,3,1,-1,-3,-1,2,2,5,2,2,-2,-2,-5,-2,-2
0,1,1513,1516,4539,4540,4541,4544,4545,4546,9079,9080,9081,9082,9083,9086,9087,9088,9089,9090,1,-1,2,-2,1,3,1,-1,-3,-1,2,2,5,2,2,-2,-2,-5,-2,-2
0,1,1515,1518,4545,4546,4547,4550,4551,4552,9091,9092,9093,9094,9095,9098,9099,9100,9101,9102,1,-1,2,-2,1,3,1,-1,-3,-1,2,2,5,2,2,-2,-2,-5,-2,-2
0,1,1517,1520,4551,4552,4553,4556,4557,4558,9103,9104,9105,9106,9107,9110,9111,9112,9113,9114,1,-1,2,-2,1,3,1,-1,-3,-1,2,2,5,2,2,-2,-2,-5,-2,-2
0,1,1519,1522,4557,4558,4559,4562,4563,4564,9115,9116,9117,9118,9119,9122,9123,9124,9125,9126,1,-1,2,-2,1,3,1,-1,-3,-1,2,2,5,2,2,-2,-2,-5,-2,-2
0,1,1521,1524,4563,4564,4565,4568,4569,4570,9127,9128,9129,9130,9131,9134,9135,9136,9137,9138,1,-1,2,-2,1,3,1,-1,-3,-1,2,2,5,2,2,-2,-2,-5,-2,-2
0,1,1523,1526,4569,4570,4571,4574,4575,4576,9139,9140,9141,9142,9143,9146,9147,9148,9149,9150,1,-1,2,-2,1,3,1,-1,-3,-1,2,2,5,2,2,-2,-2,-5,-2,-2
0,1,1525,1528,4575,4576,4577,4580,4581,4582,9151,9152,9153,9154,9155,9158,9159,9160,9161,9162,1,-1,2,-2,1,3,1,-1,-3,-1,2,2,5,2,2,-2,-2,-5,-2,-2
0,1,1527,1530,4581,4582,4583,4586,4587,4588,9163,9164,9165,9166,9167,9170,9171,9172,9173,9174,1,-1,2,-2,1,3,1,-1,-3,-1,2,2,5,2,2,-2,-2,-5,-2,-2
0,1,1529,1532,4587,4588,4589,4592,4593,4594,9175,9176,9177,9178,9179,9182,9183,9184,9185,9186,1,-1,2,-2,1,3,1,-1,-3,-1,2,2,5,2,2,-2,-2,-5,-2,-2
0,1,1531,1534,4593,4594,4595,4598,4599,4600,9187,9188,9189,9190,9191,9194,9195,9196,9197,9198,1,-1,2,-2,1,3,1,-1,-3,-1,2,2,5,2,2,-2,-2,-5,-2,-2
0,1,1533,1536,4599,4600,4601,4604,4605,4606,9199,9200,9201,9202,9203,9206,9207,9208,9209,9210,1,-1,2,-2,1,3,1,-1,-3,-1,2,2,5,2,2,-2,-2,-5,-2,-2
0,1,1535,1538,4605,4606,4607,4610,4611,4612,9211,9212,9213,9214,9215,9218,9219,9220,9221,9222,1,-1,2,-2,1,3,1,-1,-3,-1,2,2,5,2,2,-2,-2,-5,-2,-2
0,1,1537,1540,4611,4612,4613,4616,4617,4618,9223,9224,9225,9226,9227,9230,9231,9232,9233,9234,1,-1,2,-2,1,3,1,-1,-3,-1,2,2,5,2,2,-2,-2,-5,-2,-2
0,1,1539,1542,4617,4618,4619,4622,4623,4624,9235,9236,9237,9238,9239,9242,9243,9244,9245,9246,1,-1,2,-2,1,3,1,-1,-3,-1,2,2,5,2,2,-2,-2,-5,-2,-2
0,1,1541,1544,4623,4624,4625,4628,4629,4630,9247,9248,9249,9250,9251,9254,9255,9256,9257,9258,1,-1,2,-2,1,3,1,-1,-3,-1,2,2,5,2,2,-2,-2,-5,-2,-2
0,1,1543,1546,4629,4630,4631,4634,4635,4636,9259,9260,9261,9262,9263,9266,9267,9268,9269,9270,1,-1,2,-2,1,3,1,-1,-3,-1,2,2,5,2,2,-2,-2,-5,-2,-2
0,1,1545,1548,4635,4636,4637,4640,4641,4642,9271,9272,9273,9274,9275,9278,9279,9280,9281,9282,1,-1,2,-2,1,3,1,-1,-3,-1,2,2,5,2,2,-2,-2,-5,-2,-2
0,1,1547,1550,4641,4642,4643,4646,4647,4648,9283,9284,9285,9286,9287,9290,9291,9292,9293,9294,1,-1,2,-2,1,3,1,-1,-3,-1,2,2,5,2,2,-2,-2,-5,-2,-2
0,1,1549,1552,4647,4648,4649,4652,4653,4654,9295,9296,9297,9298,9299,9302,9303,9304,9305,9306,1,-1,2,-2,1,3,1,-1,-3,-1,2,2,5,2,2,-2,-2,-5,-2,-2
0,1,1551,1554,4653,4654,4655,4658,4659,4660,9307,9308,9309,9310,9311,9314,9315,9316,9317,9318,1,-1,2,-2,1,3,1,-1,-3,-1,2,2,5,2,2,-2,-2,-5,-2,-2
0,1,1553,1556,4659,4660,4661,4664,4665,4666,9319,9320,9321,9322,9323,9326,9327,9328,9329,9330,1,-1,2,-2,1,3,1,-1,-3,-1,2,2,5,2,2,-2,-2,-5,-2,-2
0,1,1555,1558,4665,4666,4667,4670,4671,4672,9331,9332,9333,9334,9335,9338,9339,9340,9341,9342,1,-1,2,-2,1,3,1,-1,-3,-1,2,2,5,2,2,-2,-2,-5,-2,-2
0,1,1557,1560,4671,4672,4673,4676,4677,4678,9343,9344,9345,9346,9347,9350,9351,9352,9353,9354,1,-1,2,-2,1,3,1,-1,-3,-1,2,2,5,2,2,-2,-2,-5,-2,-2
0,1,1559,1562,4677,4678,4679,4682,4683,4684,9355,9356,9357,9358,9359,9362,9363,9364,9365,9366,1,-1,2,-2,1,3,1,-1,-3,-1,2,2,5,2,2,-2,-2,-5,-2,-2
0,1,1561,1564,4683,4684,4685,4688,4689,4690,9367,9368,9369,9370,9371,9374,9375,9376,9377,9378,1,-1,2,-2,1,3,1,-1,-3,-1,2,2,5,2,2,-2,-2,-5,-2,-2
0,1,1563,1566,4689,4690,4691,4694,4695,4696,9379,9380,9381,9382,9383,9386,9387,9388,9389,9390,1,-1,2,-2,1,3,1,-1,-3,-1,2,2,5,2,2,-2,-2,-5,-2,-2
0,1,1565,1568,4695,4696,4697,4700,4701,4702,9391,9392,9393,9394,9395,9398,9399,9400,9401,9402,1,-1,2,-2,1,3,1,-1,-3,-1,2,2,5,2,2,-2,-2,-5,-2,-2
0,1,1567,1570,4701,4702,4703,4706,4707,4708,9403,9404,9405,9406,9407,9410,9411,9412,9413,9414,1,-1,2,-2,1,3,1,-1,-3,-1,2,2,5,2,2,-2,-2,-5,-2,-2
0,1,1569,1572,4707,4708,4709,4712,4713,4714,9415,9416,9417,9418,9419,9422,9423,9424,9425,9426,1,-1,2,-2,1,3,1,-1,-3,-1,2,2,5,2,2,-2,-2,-5,-2,-2
0,1,1571,1574,4713,4714,4715,4718,4719,4720,9427,9428,9429,9430,9431,9434,9435,9436,9437,9438,1,-1,2,-2,1,3,1,-1,-3,-1,2,2,5,2,2,-2,-2,-5,-2,-2
0,1,1573,1576,4719,4720,4721,4724,4725,4726,9439,9440,9441,9442,9443,9446,9447,9448,9449,9450,1,-1,2,-2,1,3,1,-1,-3,-1,2,2,5,2,2,-2,-2,-5,-2,-2
0,1,1575,1578,4725,4726,4727,4730,4731,4732,9451,9452,9453,9454,9455,9458,9459,9460,9461,9462,1,-1,2,-2,1,3,1,-1,-3,-1,2,2,5,2,2,-2,-2,-5,-2,-2
0,1,1577,1580,4731,4732,4733,4736,4737,4738,9463,9464,9465,9466,9467,9470,9471,9472,9473,9474,1,-1,2,-2,1,3,1,-1,-3,-1,2,2,5,2,2,-2,-2,-5,-2,-2
0,1,1579,1582,4737,4738,4739,4742,4743,4744,9475,9476,9477,9478,9479,9482,9483,9484,9485,9486,1,-1,2,-2,1,3,1,-1,-3,-1,2,2,5,2,2,-2,-2,-5,-2,-2
0,1,1581,1584,4743,4744,4745,4748,4749,4750,9487,9488,9489,9490,9491,9494,9495,9496,9497,9498,1,-1,2,-2,1,3,1,-1,-3,-1,2,2,5,2,2,-2,-2,-5,-2,-2
0,1,1583,1586,4749,4750,4751,4754,4755,4756,9499,9500,9501,9502,9503,9506,9507,9508,9509,9510,1,-1,2,-2,1,3,1,-1,-3,-1,2,2,5,2,2,-2,-2,-5,-2,-2
0,1,1585,1588,4755,4756,4757,4760,4761,4762,9511,9512,9513,9514,9515,9518,9519,9520,9521,9522,1,-1,2,-2,1,3,1,-1,-3,-1,2,2,5,2,2,-2,-2,-5,-2,-2
0,1,1587,1590,4761,4762,4763,4766,4767,4768,9523,9524,9525,9526,9527,9530,9531,9532,9533,9534,1,-1,2,-2,1,3,1,-1,-3,-1,2,2,5,2,2,-2,-2,-5,-2,-2
0,1,1589,1592,4767,4768,4769,4772,4773,4774,9535,9536,9537,9538,9539,9542,9543,9544,9545,9546,1,-1,2,-2,1,3,1,-1,-3,-1,2,2,5,2,2,-2,-2,-5,-2,-2
0,1,1591,1594,4773,4774,4775,4778,4779,4780,9547,9548,9549,9550,9551,9554,9555,9556,9557,9558,1,-1,2,-2,1,3,1,-1,-3,-1,2,2,5,2,2,-2,-2,-5,-2,-2
0,1,1593,1596,4779,4780,4781,4784,4785,4786,9559,9560,9561,9562,9563,9566,9567,9568,9569,9570,1,-1,2,-2,1,3,1,-1,-3,-1,2,2,5,2,2,-2,-2,-5,-2,-2
0,1,1595,1598,4785,4786,4787,4790,4791,4792,9571,9572,9573,9574,9575,9578,9579,9580,9581,9582,1,-1,2,-2,1,3,1,-1,-3,-1,2,2,5,2,2,-2,-2,-5,-2,-2
0,1,1597,1600,4791,4792,4793,4796,4797,4798,9583,9584,9585,9586,9587,9590,9591,9592,9593,9594,1,-1,2,-2,1,3,1,-1,-3,-1,2,2,5,2,2,-2,-2,-5,-2,-2
0,1,1599,1602,4797,4798,4799,4802,4803,4804,9595,9596,9597,9598,9599,9602,9603,9604,9605,9606,1,-1,2,-2,1,3,1,-1,-3,-1,2,2,5,2,2,-2,-2,-5,-2,-2
0,1,1601,1604,4803,4804,4805,4808,4809,4810,9607,9608,9609,9610,9611,9614,9615,9616,9617,9618,1,-1,2,-2,1,3,1,-1,-3,-1,2,2,5,2,2,-2,-2,-5,-2,-2
0,1,1603,1606,4809,4810,4811,4814,4815,4816,9619,9620,9621,9622,9623,9626,9627,9628,9629,9630,1,-1,2,-2,1,3,1,-1,-3,-1,2,2,5,2,2,-2,-2,-5,-2,-2
0,1,1605,1608,4815,4816,4817,4820,4821,4822,9631,9632,9633,9634,9635,9638,9639,9640,9641,9642,1,-1,2,-2,1,3,1,-1,-3,-1,2,2,5,2,2,-2,-2,-5,-2,-2
0,1,1607,1610,4821,4822,4823,4826,4827,4828,9643,9644,9645,9646,9647,9650,9651,9652,9653,9654,1,-1,2,-2,1,3,1,-1,-3,-1,2,2,5,2,2,-2,-2,-5,-2,-2
0,1,1609,1612,4827,4828,4829,4832,4833,4834,9655,9656,9657,9658,9659,9662,9663,9664,9665,9666,1,-1,2,-2,1,3,1,-1,-3,-1,2,2,5,2,2,-2,-2,-5,-2,-2
0,1,1611,1614,4833,4834,4835,4838,4839,4840,9667,9668,9669,9670,9671,9674,9675,9676,9677,9678,1,-1,2,-2,1,3,1,-1,-3,-1,2,2,5,2,2,-2,-2,-5,-2,-2
0,1,1613,1616,4839,4840,4841,4844,4845,4846,9679,9680,9681,9682,9683,9686,9687,9688,9689,9690,1,-1,2,-2,1,3,1,-1,-3,-1,2,2,5,2,2,-2,-2,-5,-2,-2
0,1,1615,1618,4845,4846,4847,4850,4851,4852,9691,9692,9693,9694,9695,9698,9699,9700,9701,9702,1,-1,2,-2,1,3,1,-1,-3,-1,2,2,5,2,2,-2,-2,-5,-2,-2
0,1,1617,1620,4851,4852,4853,4856,4857,4858,9703,9704,9705,9706,9707,9710,9711,9712,9713,9714,1,-1,2,-2,1,3,1,-1,-3,-1,2,2,5,2,2,-2,-2,-5,-2,-2
0,1,1619,1622,4857,4858,4859,4862,4863,4864,9715,9716,9717,9718,9719,9722,9723,9724,9725,9726,1,-1,2,-2,1,3,1,-1,-3,-1,2,2,5,2,2,-2,-2,-5,-2,-2
0,1,1621,1624,4863,4864,4865,4868,4869,4870,9727,9728,9729,9730,9731,9734,9735,9736,9737,9738,1,-1,2,-2,1,3,1,-1,-3,-1,2,2,5,2,2,-2,-2,-5,-2,-2
0,1,1623,1626,4869,4870,4871,4874,4875,4876,9739,9740,9741,9742,9743,9746,9747,9748,9749,9750,1,-1,2,-2,1,3,1,-1,-3,-1,2,2,5,2,2,-2,-2,-5,-2,-2
0,1,1625,1628,4875,4876,4877,4880,4881,4882,9751,9752,9753,9754,9755,9758,9759,9760,9761,9762,1,-1,2,-2,1,3,1,-1,-3,-1,2,2,5,2,2,-2,-2,-5,-2,-2
0,1,1627,1630,4881,4882,4883,4886,4887,4888,9763,9764,9765,9766,9767,9770,9771,9772,9773,9774,1,-1,2,-2,1,3,1,-1,-3,-1,2,2,5,2,2,-2,-2,-5,-2,-2
0,1,1629,1632,4887,4888,4889,4892,4893,4894,9775,9776,9777,9778,9779,9782,9783,9784,9785,9786,1,-1,2,-2,1,3,1,-1,-3,-1,2,2,5,2,2,-2,-2,-5,-2,-2
0,1,1631,1634,4893,4894,4895,4898,4899,4900,9787,9788,9789,9790,9791,9794,9795,9796,9797,9798,1,-1,2,-2,1,3,1,-1,-3,-1,2,2,5,2,2,-2,-2,-5,-2,-2
0,1,1633,1636,4899,4900,4901,4904,4905,4906,9799,9800,9801,9802,9803,9806,9807,9808,9809,9810,1,-1,2,-2,1,3,1,-1,-3,-1,2,2,5,2,2,-2,-2,-5,-2,-2
0,1,1635,1638,4905,4906,4907,4910,4911,4912,9811,9812,9813,9814,9815,9818,9819,9820,9821,9822,1,-1,2,-2,1,3,1,-1,-3,-1,2,2,5,2,2,-2,-2,-5,-2,-2
0,1,1637,1640,4911,4912,4913,4916,4917,4918,9823,9824,9825,9826,9827,9830,9831,9832,9833,9834,1,-1,2,-2,1,3,1,-1,-3,-1,2,2,5,2,2,-2,-2,-5,-2,-2
0,1,1639,1642,4917,4918,4919,4922,4923,4924,9835,9836,9837,9838,9839,9842,9843,9844,9845,9846,1,-1,2,-2,1,3,1,-1,-3,-1,2,2,5,2,2,-2,-2,-5,-2,-2
0,1,1641,1644,4923,4924,4925,4928,4929,4930,9847,9848,9849,9850,9851,9854,9855,9856,9857,9858,1,-1,2,-2,1,3,1,-1,-3,-1,2,2,5,2,2,-2,-2,-5,-2,-2
0,1,1643,1646,4929,4930,4931,4934,4935,4936,9859,9860,9861,9862,9863,9866,9867,9868,9869,9870,1,-1,2,-2,1,3,1,-1,-3,-1,2,2,5,2,2,-2,-2,-5,-2,-2
0,1,1645,1648,4935,4936,4937,4940,4941,4942,9871,9872,9873,9874,9875,9878,9879,9880,9881,9882,1,-1,2,-2,1,3,1,-1,-3,-1,2,2,5,2,2,-2,-2,-5,-2,-2
0,1,1647,1650,4941,4942,4943,4946,4947,4948,9883,9884,9885,9886,9887,9890,9891,9892,9893,9894,1,-1,2,-2,1,3,1,-1,-3,-1,2,2,5,2,2,-2,-2,-5,-2,-2
0,1,1649,1652,4947,4948,4949,4952,4953,4954,9895,9896,9897,9898,9899,9902,9903,9904,9905,9906,1,-1,2,-2,1,3,1,-1,-3,-1,2,2,5,2,2,-2,-2,-5,-2,-2
0,1,1651,1654,4953,4954,4955,4958,4959,4960,9907,9908,9909,9910,9911,9914,9915,9916,9917,9918,1,-1,2,-2,1,3,1,-1,-3,-1,2,2,5,2,2,-2,-2,-5,-2,-2
0,1,1653,1656,4959,4960,4961,4964,4965,4966,9919,9920,9921,9922,9923,9926,9927,9928,9929,9930,1,-1,2,-2,1,3,1,-1,-3,-1,2,2,5,2,2,-2,-2,-5,-2,-2
0,1,1655,1658,4965,4966,4967,4970,4971,4972,9931,9932,9933,9934,9935,9938,9939,9940,9941,9942,1,-1,2,-2,1,3,1,-1,-3,-1,2,2,5,2,2,-2,-2,-5,-2,-2
0,1,1657,1660,4971,4972,4973,4976,4977,4978,9943,9944,9945,9946,9947,9950,9951,9952,9953,9954,1,-1,2,-2,1,3,1,-1,-3,-1,2,2,5,2,2,-2,-2,-5,-2,-2
0,1,1659,1662,4977,4978,4979,4982,4983,4984,9955,9956,9957,9958,9959,9962,9963,9964,9965,9966,1,-1,2,-2,1,3,1,-1,-3,-1,2,2,5,2,2,-2,-2,-5,-2,-2
0,1,1661,1664,4983,4984,4985,4988,4989,4990,9967,9968,9969,9970,9971,9974,9975,9976,9977,9978,1,-1,2,-2,1,3,1,-1,-3,-1,2,2,5,2,2,-2,-2,-5,-2,-2
0,1,1663,1666,4989,4990,4991,4994,4995,4996,9979,9980,9981,9982,9983,9986,9987,9988,9989,9990,1,-1,2,-2,1,3,1,-1,-3,-1,2,2,5,2,2,-2,-2,-5,-2,-2
0,1,1665,1668,4995,4996,4997,5000,5001,5002,9991,9992,9993,9994,9995,9998,9999,10000,10001,10002,1,-1,2,-2,1,3,1,-1,-3,-1,2,2,5,2,2,-2,-2,-5,-2,-2
0,1,1667,1670,5001,5002,5003,5006,5007,5008,10003,10004,10005,10006,10007,10010,10011,10012,10013,10014,1,-1,2,-2,1,3,1,-1,-3,-1,2,2,5,2,2,-2,-2,-5,-2,-2
0,1,1669,1672,5007,5008,5009,5012,5013,5014,10015,10016,10017,10018,10019,10022,10023,10024,10025,10026,1,-1,2,-2,1,3,1,-1,-3,-1,2,2,5,2,2,-2,-2,-5,-2,-2
0,1,1671,1674,5013,5014,5015,5018,5019,5020,10027,10028,10029,10030,10031,10034,10035,10036,10037,10038,1,-1,2,-2,1,3,1,-1,-3,-1,2,2,5,2,2,-2,-2,-5,-2,-2
0,1,1673,1676,5019,5020,5021,5024,5025,5026,10039,10040,10041,10042,10043,10046,10047,10048,10049,10050,1,-1,2,-2,1,3,1,-1,-3,-1,2,2,5,2,2,-2,-2,-5,-2,-2
0,1,1675,1678,5025,5026,5027,5030,5031,5032,10051,10052,10053,10054,10055,10058,10059,10060,10061,10062,1,-1,2,-2,1,3,1,-1,-3,-1,2,2,5,2,2,-2,-2,-5,-2,-2
0,1,1677,1680,5031,5032,5033,5036,5037,5038,10063,10064,10065,10066,10067,10070,10071,10072,10073,10074,1,-1,2,-2,1,3,1,-1,-3,-1,2,2,5,2,2,-2,-2,-5,-2,-2
0,1,1679,1682,5037,5038,5039,5042,5043,5044,10075,10076,10077,10078,10079,10082,10083,10084,10085,10086,1,-1,2,-2,1,3,1,-1,-3,-1,2,2,5,2,2,-2,-2,-5,-2,-2
0,1,1681,1684,5043,5044,5045,5048,5049,5050,10087,10088,10089,10090,10091,10094,10095,10096,10097,10098,1,-1,2,-2,1,3,1,-1,-3,-1,2,2,5,2,2,-2,-2,-5,-2,-2
0,1,1683,1686,5049,5050,5051,5054,5055,5056,10099,10100,10101,10102,10103,10106,10107,10108,10109,10110,1,-1,2,-2,1,3,1,-1,-3,-1,2,2,5,2,2,-2,-2,-5,-2,-2
0,1,1685,1688,5055,5056,5057,5060,5061,5062,10111,10112,10113,10114,10115,10118,10119,10120,10121,10122,1,-1,2,-2,1,3,1,-1,-3,-1,2,2,5,2,2,-2,-2,-5,-2,-2
0,1,1687,1690,5061,5062,5063,5066,5067,5068,10123,10124,10125,10126,10127,10130,10131,10132,10133,10134,1,-1,2,-2,1,3,1,-1,-3,-1,2,2,5,2,2,-2,-2,-5,-2,-2
0,1,1689,1692,5067,5068,5069,5072,5073,5074,10135,10136,10137,10138,10139,10142,10143,10144,10145,10146,1,-1,2,-2,1,3,1,-1,-3,-1,2,2,5,2,2,-2,-2,-5,-2,-2
0,1,1691,1694,5073,5074,5075,5078,5079,5080,10147,10148,10149,10150,10151,10154,10155,10156,10157,10158,1,-1,2,-2,1,3,1,-1,-3,-1,2,2,5,2,2,-2,-2,-5,-2,-2
0,1,1693,1696,5079,5080,5081,5084,5085,5086,10159,10160,10161,10162,10163,10166,10167,10168,10169,10170,1,-1,2,-2,1,3,1,-1,-3,-1,2,2,5,2,2,-2,-2,-5,-2,-2
0,1,1695,1698,5085,5086,5087,5090,5091,5092,10171,10172,10173,10174,10175,10178,10179,10180,10181,10182,1,-1,2,-2,1,3,1,-1,-3,-1,2,2,5,2,2,-2,-2,-5,-2,-2
0,1,1697,1700,5091,5092,5093,5096,5097,5098,10183,10184,10185,10186,10187,10190,10191,10192,10193,10194,1,-1,2,-2,1,3,1,-1,-3,-1,2,2,5,2,2,-2,-2,-5,-2,-2
0,1,1699,1702,5097,5098,5099,5102,5103,5104,10195,10196,10197,10198,10199,10202,10203,10204,10205,10206,1,-1,2,-2,1,3,1,-1,-3,-1,2,2,5,2,2,-2,-2,-5,-2,-2
0,1,1701,1704,5103,5104,5105,5108,5109,5110,10207,10208,10209,10210,10211,10214,10215,10216,10217,10218,1,-1,2,-2,1,3,1,-1,-3,-1,2,2,5,2,2,-2,-2,-5,-2,-2
0,1,1703,1706,5109,5110,5111,5114,5115,5116,10219,10220,10221,10222,10223,10226,10227,10228,10229,10230,1,-1,2,-2,1,3,1,-1,-3,-1,2,2,5,2,2,-2,-2,-5,-2,-2
0,1,1705,1708,5115,5116,5117,5120,5121,5122,10231,10232,10233,10234,10235,10238,10239,10240,10241,10242,1,-1,2,-2,1,3,1,-1,-3,-1,2,2,5,2,2,-2,-2,-5,-2,-2
0,1,1707,1710,5121,5122,5123,5126,5127,5128,10243,10244,10245,10246,10247,10250,10251,10252,10253,10254,1,-1,2,-2,1,3,1,-1,-3,-1,2,2,5,2,2,-2,-2,-5,-2,-2
0,1,1709,1712,5127,5128,5129,5132,5133,5134,10255,10256,10257,10258,10259,10262,10263,10264,10265,10266,1,-1,2,-2,1,3,1,-1,-3,-1,2,2,5,2,2,-2,-2,-5,-2,-2
0,1,1711,1714,5133,5134,5135,5138,5139,5140,10267,10268,10269,10270,10271,10274,10275,10276,10277,10278,1,-1,2,-2,1,3,1,-1,-3,-1,2,2,5,2,2,-2,-2,-5,-2,-2
0,1,1713,1716,5139,5140,5141,5144,5145,5146,10279,10280,10281,10282,10283,10286,10287,10288,10289,10290,1,-1,2,-2,1,3,1,-1,-3,-1,2,2,5,2,2,-2,-2,-5,-2,-2
0,1,1715,1718,5145,5146,5147,5150,5151,5152,10291,10292,10293,10294,10295,10298,10299,10300,10301,10302,1,-1,2,-2,1,3,1,-1,-3,-1,2,2,5,2,2,-2,-2,-5,-2,-2
0,1,1717,1720,5151,5152,5153,5156,5157,5158,10303,10304,10305,10306,10307,10310,10311,10312,10313,10314,1,-1,2,-2,1,3,1,-1,-3,-1,2,2,5,2,2,-2,-2,-5,-2,-2
0,1,1719,1722,5157,5158,5159,5162,5163,5164,10315,10316,10317,10318,10319,10322,10323,10324,10325,10326,1,-1,2,-2,1,3,1,-1,-3,-1,2,2,5,2,2,-2,-2,-5,-2,-2
0,1,1721,1724,5163,5164,5165,5168,5169,5170,10327,10328,10329,10330,10331,10334,10335,10336,10337,10338,1,-1,2,-2,1,3,1,-1,-3,-1,2,2,5,2,2,-2,-2,-5,-2,-2
0,1,1723,1726,5169,5170,5171,5174,5175,5176,10339,10340,10341,10342,10343,10346,10347,10348,10349,10350,1,-1,2,-2,1,3,1,-1,-3,-1,2,2,5,2,2,-2,-2,-5,-2,-2
0,1,1725,1728,5175,5176,5177,5180,5181,5182,10351,10352,10353,10354,10355,10358,10359,10360,10361,10362,1,-1,2,-2,1,3,1,-1,-3,-1,2,2,5,2,2,-2,-2,-5,-2,-2
0,1,1727,1730,5181,5182,5183,5186,5187,5188,10363,10364,10365,10366,10367,10370,10371,10372,10373,10374,1,-1,2,-2,1,3,1,-1,-3,-1,2,2,5,2,2,-2,-2,-5,-2,-2
0,1,1729,1732,5187,5188,5189,5192,5193,5194,10375,10376,10377,10378,10379,10382,10383,10384,10385,10386,1,-1,2,-2,1,3,1,-1,-3,-1,2,2,5,2,2,-2,-2,-5,-2,-2
0,1,1731,1734,5193,5194,5195,5198,5199,5200,10387,10388,10389,10390,10391,10394,10395,10396,10397,10398,1,-1,2,-2,1,3,1,-1,-3,-1,2,2,5,2,2,-2,-2,-5,-2,-2
0,1,1733,1736,5199,5200,5201,5204,5205,5206,10399,10400,10401,10402,10403,10406,10407,10408,10409,10410,1,-1,2,-2,1,3,1,-1,-3,-1,2,2,5,2,2,-2,-2,-5,-2,-2
0,1,1735,1738,5205,5206,5207,5210,5211,5212,10411,10412,10413,10414,10415,10418,10419,10420,10421,10422,1,-1,2,-2,1,3,1,-1,-3,-1,2,2,5,2,2,-2,-2,-5,-2,-2
0,1,1737,1740,5211,5212,5213,5216,5217,5218,10423,10424,10425,10426,10427,10430,10431,10432,10433,10434,1,-1,2,-2,1,3,1,-1,-3,-1,2,2,5,2,2,-2,-2,-5,-2,-2
0,1,1739,1742,5217,5218,5219,5222,5223,5224,10435,10436,10437,10438,10439,10442,10443,10444,10445,10446,1,-1,2,-2,1,3,1,-1,-3,-1,2,2,5,2,2,-2,-2,-5,-2,-2
0,1,1741,1744,5223,5224,5225,5228,5229,5230,10447,10448,10449,10450,10451,10454,10455,10456,10457,10458,1,-1,2,-2,1,3,1,-1,-3,-1,2,2,5,2,2,-2,-2,-5,-2,-2
0,1,1743,1746,5229,5230,5231,5234,5235,5236,10459,10460,10461,10462,10463,10466,10467,10468,10469,10470,1,-1,2,-2,1,3,1,-1,-3,-1,2,2,5,2,2,-2,-2,-5,-2,-2
0,1,1745,1748,5235,5236,5237,5240,5241,5242,10471,10472,10473,10474,10475,10478,10479,10480,10481,10482,1,-1,2,-2,1,3,1,-1,-3,-1,2,2,5,2,2,-2,-2,-5,-2,-2
0,1,1747,1750,5241,5242,5243,5246,5247,5248,10483,10484,10485,10486,10487,10490,10491,10492,10493,10494,1,-1,2,-2,1,3,1,-1,-3,-1,2,2,5,2,2,-2,-2,-5,-2,-2
0,1,1749,1752,5247,5248,5249,5252,5253,5254,10495,10496,10497,10498,10499,10502,10503,10504,10505,10506,1,-1,2,-2,1,3,1,-1,-3,-1,2,2,5,2,2,-2,-2,-5,-2,-2
0,1,1751,1754,5253,5254,5255,5258,5259,5260,10507,10508,10509,10510,10511,10514,10515,10516,10517,10518,1,-1,2,-2,1,3,1,-1,-3,-1,2,2,5,2,2,-2,-2,-5,-2,-2
0,1,1753,1756,5259,5260,5261,5264,5265,5266,10519,10520,10521,10522,10523,10526,10527,10528,10529,10530,1,-1,2,-2,1,3,1,-1,-3,-1,2,2,5,2,2,-2,-2,-5,-2,-2
0,1,1755,1758,5265,5266,5267,5270,5271,5272,10531,10532,10533,10534,10535,10538,10539,10540,10541,10542,1,-1,2,-2,1,3,1,-1,-3,-1,2,2,5,2,2,-2,-2,-5,-2,-2
0,1,1757,1760,5271,5272,5273,5276,5277,5278,10543,10544,10545,10546,10547,10550,10551,10552,10553,10554,1,-1,2,-2,1,3,1,-1,-3,-1,2,2,5,2,2,-2,-2,-5,-2,-2
0,1,1759,1762,5277,5278,5279,5282,5283,5284,10555,10556,10557,10558,10559,10562,10563,10564,10565,10566,1,-1,2,-2,1,3,1,-1,-3,-1,2,2,5,2,2,-2,-2,-5,-2,-2
0,1,1761,1764,5283,5284,5285,5288,5289,5290,10567,10568,10569,10570,10571,10574,10575,10576,10577,10578,1,-1,2,-2,1,3,1,-1,-3,-1,2,2,5,2,2,-2,-2,-5,-2,-2
0,1,1763,1766,5289,5290,5291,5294,5295,5296,10579,10580,10581,10582,10583,10586,10587,10588,10589,10590,1,-1,2,-2,1,3,1,-1,-3,-1,2,2,5,2,2,-2,-2,-5,-2,-2
0,1,1765,1768,5295,5296,5297,5300,5301,5302,10591,10592,10593,10594,10595,10598,10599,10600,10601,10602,1,-1,2,-2,1,3,1,-1,-3,-1,2,2,5,2,2,-2,-2,-5,-2,-2
0,1,1767,1770,5301,5302,5303,5306,5307,5308,10603,10604,10605,10606,10607,10610,10611,10612,10613,10614,1,-1,2,-2,1,3,1,-1,-3,-1,2,2,5,2,2,-2,-2,-5,-2,-2
0,1,1769,1772,5307,5308,5309,5312,5313,5314,10615,10616,10617,10618,10619,10622,10623,10624,10625,10626,1,-1,2,-2,1,3,1,-1,-3,-1,2,2,5,2,2,-2,-2,-5,-2,-2
0,1,1771,1774,5313,5314,5315,5318,5319,5320,10627,10628,10629,10630,10631,10634,10635,10636,10637,10638,1,-1,2,-2,1,3,1,-1,-3,-1,2,2,5,2,2,-2,-2,-5,-2,-2
0,1,1773,1776,5319,5320,5321,5324,5325,5326,10639,10640,10641,10642,10643,10646,10647,10648,10649,10650,1,-1,2,-2,1,3,1,-1,-3,-1,2,2,5,2,2,-2,-2,-5,-2,-2
0,1,1775,1778,5325,5326,5327,5330,5331,5332,10651,10652,10653,10654,10655,10658,10659,10660,10661,10662,1,-1,2,-2,1,3,1,-1,-3,-1,2,2,5,2,2,-2,-2,-5,-2,-2
0,1,1777,1780,5331,5332,5333,5336,5337,5338,10663,10664,10665,10666,10667,10670,10671,10672,10673,10674,1,-1,2,-2,1,3,1,-1,-3,-1,2,2,5,2,2,-2,-2,-5,-2,-2
0,1,1779,1782,5337,5338,5339,5342,5343,5344,10675,10676,10677,10678,10679,10682,10683,10684,10685,10686,1,-1,2,-2,1,3,1,-1,-3,-1,2,2,5,2,2,-2,-2,-5,-2,-2
0,1,1781,1784,5343,5344,5345,5348,5349,5350,10687,10688,10689,10690,10691,10694,10695,10696,10697,10698,1,-1,2,-2,1,3,1,-1,-3,-1,2,2,5,2,2,-2,-2,-5,-2,-2
0,1,1783,1786,5349,5350,5351,5354,5355,5356,10699,10700,10701,10702,10703,10706,10707,10708,10709,10710,1,-1,2,-2,1,3,1,-1,-3,-1,2,2,5,2,2,-2,-2,-5,-2,-2
0,1,1785,1788,5355,5356,5357,5360,5361,5362,10711,10712,10713,10714,10715,10718,10719,10720,10721,10722,1,-1,2,-2,1,3,1,-1,-3,-1,2,2,5,2,2,-2,-2,-5,-2,-2
0,1,1787,1790,5361,5362,5363,5366,5367,5368,10723,10724,10725,10726,10727,10730,10731,10732,10733,10734,1,-1,2,-2,1,3,1,-1,-3,-1,2,2,5,2,2,-2,-2,-5,-2,-2
0,1,1789,1792,5367,5368,5369,5372,5373,5374,10735,10736,10737,10738,10739,10742,10743,10744,10745,10746,1,-1,2,-2,1,3,1,-1,-3,-1,2,2,5,2,2,-2,-2,-5,-2,-2
0,1,1791,1794,5373,5374,5375,5378,5379,5380,10747,10748,10749,10750,10751,10754,10755,10756,10757,10758,1,-1,2,-2,1,3,1,-1,-3,-1,2,2,5,2,2,-2,-2,-5,-2,-2
0,1,1793,1796,5379,5380,5381,5384,5385,5386,10759,10760,10761,10762,10763,10766,10767,10768,10769,10770,1,-1,2,-2,1,3,1,-1,-3,-1,2,2,5,2,2,-2,-2,-5,-2,-2
0,1,1795,1798,5385,5386,5387,5390,5391,5392,10771,10772,10773,10774,10775,10778,10779,10780,10781,10782,1,-1,2,-2,1,3,1,-1,-3,-1,2,2,5,2,2,-2,-2,-5,-2,-2
0,1,1797,1800,5391,5392,5393,5396,5397,5398,10783,10784,10785,10786,10787,10790,10791,10792,10793,10794,1,-1,2,-2,1,3,1,-1,-3,-1,2,2,5,2,2,-2,-2,-5,-2,-2
0,1,1799,1802,5397,5398,5399,5402,5403,5404,10795,10796,10797,10798,10799,10802,10803,10804,10805,10806,1,-1,2,-2,1,3,1,-1,-3,-1,2,2,5,2,2,-2,-2,-5,-2,-2
0,1,1801,1804,5403,5404,5405,5408,5409,5410,10807,10808,10809,10810,10811,10814,10815,10816,10817,10818,1,-1,2,-2,1,3,1,-1,-3,-1,2,2,5,2,2,-2,-2,-5,-2,-2
0,1,1803,1806,5409,5410,5411,5414,5415,5416,10819,10820,10821,10822,10823,10826,10827,10828,10829,10830,1,-1,2,-2,1,3,1,-1,-3,-1,2,2,5,2,2,-2,-2,-5,-2,-2
0,1,1805,1808,5415,5416,5417,5420,5421,5422,10831,10832,10833,10834,10835,10838,10839,10840,10841,10842,1,-1,2,-2,1,3,1,-1,-3,-1,2,2,5,2,2,-2,-2,-5,-2,-2
0,1,1807,1810,5421,5422,5423,5426,5427,5428,10843,10844,10845,10846,10847,10850,10851,10852,10853,10854,1,-1,2,-2,1,3,1,-1,-3,-1,2,2,5,2,2,-2,-2,-5,-2,-2
0,1,1809,1812,5427,5428,5429,5432,5433,5434,10855,10856,10857,10858,10859,10862,10863,10864,10865,10866,1,-1,2,-2,1,3,1,-1,-3,-1,2,2,5,2,2,-2,-2,-5,-2,-2
0,1,1811,1814,5433,5434,5435,5438,5439,5440,10867,10868,10869,10870,10871,10874,10875,10876,10877,10878,1,-1,2,-2,1,3,1,-1,-3,-1,2,2,5,2,2,-2,-2,-5,-2,-2
0,1,1813,1816,5439,5440,5441,5444,5445,5446,10879,10880,10881,10882,10883,10886,10887,10888,10889,10890,1,-1,2,-2,1,3,1,-1,-3,-1,2,2,5,2,2,-2,-2,-5,-2,-2
0,1,1815,1818,5445,5446,5447,5450,5451,5452,10891,10892,10893,10894,10895,10898,10899,10900,10901,10902,1,-1,2,-2,1,3,1,-1,-3,-1,2,2,5,2,2,-2,-2,-5,-2,-2
0,1,1817,1820,5451,5452,5453,5456,5457,5458,10903,10904,10905,10906,10907,10910,10911,10912,10913,10914,1,-1,2,-2,1,3,1,-1,-3,-1,2,2,5,2,2,-2,-2,-5,-2,-2
0,1,1819,1822,5457,5458,5459,5462,5463,5464,10915,10916,10917,10918,10919,10922,10923,10924,10925,10926,1,-1,2,-2,1,3,1,-1,-3,-1,2,2,5,2,2,-2,-2,-5,-2,-2
0,1,1821,1824,5463,5464,5465,5468,5469,5470,10927,10928,10929,10930,10931,10934,10935,10936,10937,10938,1,-1,2,-2,1,3,1,-1,-3,-1,2,2,5,2,2,-2,-2,-5,-2,-2
0,1,1823,1826,5469,5470,5471,5474,5475,5476,10939,10940,10941,10942,10943,10946,10947,10948,10949,10950,1,-1,2,-2,1,3,1,-1,-3,-1,2,2,5,2,2,-2,-2,-5,-2,-2
0,1,1825,1828,5475,5476,5477,5480,5481,5482,10951,10952,10953,10954,10955,10958,10959,10960,10961,10962,1,-1,2,-2,1,3,1,-1,-3,-1,2,2,5,2,2,-2,-2,-5,-2,-2
0,1,1827,1830,5481,5482,5483,5486,5487,5488,10963,10964,10965,10966,10967,10970,10971,10972,10973,10974,1,-1,2,-2,1,3,1,-1,-3,-1,2,2,5,2,2,-2,-2,-5,-2,-2
0,1,1829,1832,5487,5488,5489,5492,5493,5494,10975,10976,10977,10978,10979,10982,10983,10984,10985,10986,1,-1,2,-2,1,3,1,-1,-3,-1,2,2,5,2,2,-2,-2,-5,-2,-2
0,1,1831,1834,5493,5494,5495,5498,5499,5500,10987,10988,10989,10990,10991,10994,10995,10996,10997,10998,1,-1,2,-2,1,3,1,-1,-3,-1,2,2,5,2,2,-2,-2,-5,-2,-2
0,1,1833,1836,5499,5500,5501,5504,5505,5506,10999,11000,11001,11002,11003,11006,11007,11008,11009,11010,1,-1,2,-2,1,3,1,-1,-3,-1,2,2,5,2,2,-2,-2,-5,-2,-2
0,1,1835,1838,5505,5506,5507,5510,5511,5512,11011,11012,11013,11014,11015,11018,11019,11020,11021,11022,1,-1,2,-2,1,3,1,-1,-3,-1,2,2,5,2,2,-2,-2,-5,-2,-2
0,1,1837,1840,5511,5512,5513,5516,5517,5518,11023,11024,11025,11026,11027,11030,11031,11032,11033,11034,1,-1,2,-2,1,3,1,-1,-3,-1,2,2,5,2,2,-2,-2,-5,-2,-2
0,1,1839,1842,5517,5518,5519,5522,5523,5524,11035,11036,11037,11038,11039,11042,11043,11044,11045,11046,1,-1,2,-2,1,3,1,-1,-3,-1,2,2,5,2,2,-2,-2,-5,-2,-2
0,1,1841,1844,5523,5524,5525,5528,5529,5530,11047,11048,11049,11050,11051,11054,11055,11056,11057,11058,1,-1,2,-2,1,3,1,-1,-3,-1,2,2,5,2,2,-2,-2,-5,-2,-2
0,1,1843,1846,5529,5530,5531,5534,5535,5536,11059,11060,11061,11062,11063,11066,11067,11068,11069,11070,1,-1,2,-2,1,3,1,-1,-3,-1,2,2,5,2,2,-2,-2,-5,-2,-2
0,1,1845,1848,5535,5536,5537,5540,5541,5542,11071,11072,11073,11074,11075,11078,11079,11080,11081,11082,1,-1,2,-2,1,3,1,-1,-3,-1,2,2,5,2,2,-2,-2,-5,-2,-2
0,1,1847,1850,5541,5542,5543,5546,5547,5548,11083,11084,11085,11086,11087,11090,11091,11092,11093,11094,1,-1,2,-2,1,3,1,-1,-3,-1,2,2,5,2,2,-2,-2,-5,-2,-2
0,1,1849,1852,5547,5548,5549,5552,5553,5554,11095,11096,11097,11098,11099,11102,11103,11104,11105,11106,1,-1,2,-2,1,3,1,-1,-3,-1,2,2,5,2,2,-2,-2,-5,-2,-2
0,1,1851,1854,5553,5554,5555,5558,5559,5560,11107,11108,11109,11110,11111,11114,11115,11116,11117,11118,1,-1,2,-2,1,3,1,-1,-3,-1,2,2,5,2,2,-2,-2,-5,-2,-2
0,1,1853,1856,5559,5560,5561,5564,5565,5566,11119,11120,11121,11122,11123,11126,11127,11128,11129,11130,1,-1,2,-2,1,3,1,-1,-3,-1,2,2,5,2,2,-2,-2,-5,-2,-2
0,1,1855,1858,5565,5566,5567,5570,5571,5572,11131,11132,11133,11134,11135,11138,11139,11140,11141,11142,1,-1,2,-2,1,3,1,-1,-3,-1,2,2,5,2,2,-2,-2,-5,-2,-2
0,1,1857,1860,5571,5572,5573,5576,5577,5578,11143,11144,11145,11146,11147,11150,11151,11152,11153,11154,1,-1,2,-2,1,3,1,-1,-3,-1,2,2,5,2,2,-2,-2,-5,-2,-2
0,1,1859,1862,5577,5578,5579,5582,5583,5584,11155,11156,11157,11158,11159,11162,11163,11164,11165,11166,1,-1,2,-2,1,3,1,-1,-3,-1,2,2,5,2,2,-2,-2,-5,-2,-2
0,1,1861,1864,5583,5584,5585,5588,5589,5590,11167,11168,11169,11170,11171,11174,11175,11176,11177,11178,1,-1,2,-2,1,3,1,-1,-3,-1,2,2,5,2,2,-2,-2,-5,-2,-2
0,1,1863,1866,5589,5590,5591,5594,5595,5596,11179,11180,11181,11182,11183,11186,11187,11188,11189,11190,1,-1,2,-2,1,3,1,-1,-3,-1,2,2,5,2,2,-2,-2,-5,-2,-2
0,1,1865,1868,5595,5596,5597,5600,5601,5602,11191,11192,11193,11194,11195,11198,11199,11200,11201,11202,1,-1,2,-2,1,3,1,-1,-3,-1,2,2,5,2,2,-2,-2,-5,-2,-2
0,1,1867,1870,5601,5602,5603,5606,5607,5608,11203,11204,11205,11206,11207,11210,11211,11212,11213,11214,1,-1,2,-2,1,3,1,-1,-3,-1,2,2,5,2,2,-2,-2,-5,-2,-2
0,1,1869,1872,5607,5608,5609,5612,5613,5614,11215,11216,11217,11218,11219,11222,11223,11224,11225,11226,1,-1,2,-2,1,3,1,-1,-3,-1,2,2,5,2,2,-2,-2,-5,-2,-2
0,1,1871,1874,5613,5614,5615,5618,5619,5620,11227,11228,11229,11230,11231,11234,11235,11236,11237,11238,1,-1,2,-2,1,3,1,-1,-3,-1,2,2,5,2,2,-2,-2,-5,-2,-2
0,1,1873,1876,5619,5620,5621,5624,5625,5626,11239,11240,11241,11242,11243,11246,11247,11248,11249,11250,1,-1,2,-2,1,3,1,-1,-3,-1,2,2,5,2,2,-2,-2,-5,-2,-2
0,1,1875,1878,5625,5626,5627,5630,5631,5632,11251,11252,11253,11254,11255,11258,11259,11260,11261,11262,1,-1,2,-2,1,3,1,-1,-3,-1,2,2,5,2,2,-2,-2,-5,-2,-2
0,1,1877,1880,5631,5632,5633,5636,5637,5638,11263,11264,11265,11266,11267,11270,11271,11272,11273,11274,1,-1,2,-2,1,3,1,-1,-3,-1,2,2,5,2,2,-2,-2,-5,-2,-2
0,1,1879,1882,5637,5638,5639,5642,5643,5644,11275,11276,11277,11278,11279,11282,11283,11284,11285,11286,1,-1,2,-2,1,3,1,-1,-3,-1,2,2,5,2,2,-2,-2,-5,-2,-2
0,1,1881,1884,5643,5644,5645,5648,5649,5650,11287,11288,11289,11290,11291,11294,11295,11296,11297,11298,1,-1,2,-2,1,3,1,-1,-3,-1,2,2,5,2,2,-2,-2,-5,-2,-2
0,1,1883,1886,5649,5650,5651,5654,5655,5656,11299,11300,11301,11302,11303,11306,11307,11308,11309,11310,1,-1,2,-2,1,3,1,-1,-3,-1,2,2,5,2,2,-2,-2,-5,-2,-2
0,1,1885,1888,5655,5656,5657,5660,5661,5662,11311,11312,11313,11314,11315,11318,11319,11320,11321,11322,1,-1,2,-2,1,3,1,-1,-3,-1,2,2,5,2,2,-2,-2,-5,-2,-2
0,1,1887,1890,5661,5662,5663,5666,5667,5668,11323,11324,11325,11326,11327,11330,11331,11332,11333,11334,1,-1,2,-2,1,3,1,-1,-3,-1,2,2,5,2,2,-2,-2,-5,-2,-2
0,1,1889,1892,5667,5668,5669,5672,5673,5674,11335,11336,11337,11338,11339,11342,11343,11344,11345,11346,1,-1,2,-2,1,3,1,-1,-3,-1,2,2,5,2,2,-2,-2,-5,-2,-2
0,1,1891,1894,5673,5674,5675,5678,5679,5680,11347,11348,11349,11350,11351,11354,11355,11356,11357,11358,1,-1,2,-2,1,3,1,-1,-3,-1,2,2,5,2,2,-2,-2,-5,-2,-2
0,1,1893,1896,5679,5680,5681,5684,5685,5686,11359,11360,11361,11362,11363,11366,11367,11368,11369,11370,1,-1,2,-2,1,3,1,-1,-3,-1,2,2,5,2,2,-2,-2,-5,-2,-2
0,1,1895,1898,5685,5686,5687,5690,5691,5692,11371,11372,11373,11374,11375,11378,11379,11380,11381,11382,1,-1,2,-2,1,3,1,-1,-3,-1,2,2,5,2,2,-2,-2,-5,-2,-2
0,1,1897,1900,5691,5692,5693,5696,5697,5698,11383,11384,11385,11386,11387,11390,11391,11392,11393,11394,1,-1,2,-2,1,3,1,-1,-3,-1,2,2,5,2,2,-2,-2,-5,-2,-2
0,1,1899,1902,5697,5698,5699,5702,5703,5704,11395,11396,11397,11398,11399,11402,11403,11404,11405,11406,1,-1,2,-2,1,3,1,-1,-3,-1,2,2,5,2,2,-2,-2,-5,-2,-2
0,1,1901,1904,5703,5704,5705,5708,5709,5710,11407,11408,11409,11410,11411,11414,11415,11416,11417,11418,1,-1,2,-2,1,3,1,-1,-3,-1,2,2,5,2,2,-2,-2,-5,-2,-2
0,1,1903,1906,5709,5710,5711,5714,5715,5716,11419,11420,11421,11422,11423,11426,11427,11428,11429,11430,1,-1,2,-2,1,3,1,-1,-3,-1,2,2,5,2,2,-2,-2,-5,-2,-2
0,1,1905,1908,5715,5716,5717,5720,5721,5722,11431,11432,11433,11434,11435,11438,11439,11440,11441,11442,1,-1,2,-2,1,3,1,-1,-3,-1,2,2,5,2,2,-2,-2,-5,-2,-2
0,1,1907,1910,5721,5722,5723,5726,5727,5728,11443,11444,11445,11446,11447,11450,11451,11452,11453,11454,1,-1,2,-2,1,3,1,-1,-3,-1,2,2,5,2,2,-2,-2,-5,-2,-2
0,1,1909,1912,5727,5728,5729,5732,5733,5734,11455,11456,11457,11458,11459,11462,11463,11464,11465,11466,1,-1,2,-2,1,3,1,-1,-3,-1,2,2,5,2,2,-2,-2,-5,-2,-2
0,1,1911,1914,5733,5734,5735,5738,5739,5740,11467,11468,11469,11470,11471,11474,11475,11476,11477,11478,1,-1,2,-2,1,3,1,-1,-3,-1,2,2,5,2,2,-2,-2,-5,-2,-2
0,1,1913,1916,5739,5740,5741,5744,5745,5746,11479,11480,11481,11482,11483,11486,11487,11488,11489,11490,1,-1,2,-2,1,3,1,-1,-3,-1,2,2,5,2,2,-2,-2,-5,-2,-2
0,1,1915,1918,5745,5746,5747,5750,5751,5752,11491,11492,11493,11494,11495,11498,11499,11500,11501,11502,1,-1,2,-2,1,3,1,-1,-3,-1,2,2,5,2,2,-2,-2,-5,-2,-2
0,1,1917,1920,5751,5752,5753,5756,5757,5758,11503,11504,11505,11506,11507,11510,11511,11512,11513,11514,1,-1,2,-2,1,3,1,-1,-3,-1,2,2,5,2,2,-2,-2,-5,-2,-2
0,1,1919,1922,5757,5758,5759,5762,5763,5764,11515,11516,11517,11518,11519,11522,11523,11524,11525,11526,1,-1,2,-2,1,3,1,-1,-3,-1,2,2,5,2,2,-2,-2,-5,-2,-2
0,1,1921,1924,5763,5764,5765,5768,5769,5770,11527,11528,11529,11530,11531,11534,11535,11536,11537,11538,1,-1,2,-2,1,3,1,-1,-3,-1,2,2,5,2,2,-2,-2,-5,-2,-2
0,1,1923,1926,5769,5770,5771,5774,5775,5776,11539,11540,11541,11542,11543,11546,11547,11548,11549,11550,1,-1,2,-2,1,3,1,-1,-3,-1,2,2,5,2,2,-2,-2,-5,-2,-2
0,1,1925,1928,5775,5776,5777,5780,5781,5782,11551,11552,11553,11554,11555,11558,11559,11560,11561,11562,1,-1,2,-2,1,3,1,-1,-3,-1,2,2,5,2,2,-2,-2,-5,-2,-2
0,1,1927,1930,5781,5782,5783,5786,5787,5788,11563,11564,11565,11566,11567,11570,11571,11572,11573,11574,1,-1,2,-2,1,3,1,-1,-3,-1,2,2,5,2,2,-2,-2,-5,-2,-2
0,1,1929,1932,5787,5788,5789,5792,5793,5794,11575,11576,11577,11578,11579,11582,11583,11584,11585,11586,1,-1,2,-2,1,3,1,-1,-3,-1,2,2,5,2,2,-2,-2,-5,-2,-2
0,1,1931,1934,5793,5794,5795,5798,5799,5800,11587,11588,11589,11590,11591,11594,11595,11596,11597,11598,1,-1,2,-2,1,3,1,-1,-3,-1,2,2,5,2,2,-2,-2,-5,-2,-2
0,1,1933,1936,5799,5800,5801,5804,5805,5806,11599,11600,11601,11602,11603,11606,11607,11608,11609,11610,1,-1,2,-2,1,3,1,-1,-3,-1,2,2,5,2,2,-2,-2,-5,-2,-2
0,1,1935,1938,5805,5806,5807,5810,5811,5812,11611,11612,11613,11614,11615,11618,11619,11620,11621,11622,1,-1,2,-2,1,3,1,-1,-3,-1,2,2,5,2,2,-2,-2,-5,-2,-2
0,1,1937,1940,5811,5812,5813,5816,5817,5818,11623,11624,11625,11626,11627,11630,11631,11632,11633,11634,1,-1,2,-2,1,3,1,-1,-3,-1,2,2,5,2,2,-2,-2,-5,-2,-2
0,1,1939,1942,5817,5818,5819,5822,5823,5824,11635,11636,11637,11638,11639,11642,11643,11644,11645,11646,1,-1,2,-2,1,3,1,-1,-3,-1,2,2,5,2,2,-2,-2,-5,-2,-2
0,1,1941,1944,5823,5824,5825,5828,5829,5830,11647,11648,11649,11650,11651,11654,11655,11656,11657,11658,1,-1,2,-2,1,3,1,-1,-3,-1,2,2,5,2,2,-2,-2,-5,-2,-2
0,1,1943,1946,5829,5830,5831,5834,5835,5836,11659,11660,11661,11662,11663,11666,11667,11668,11669,11670,1,-1,2,-2,1,3,1,-1,-3,-1,2,2,5,2,2,-2,-2,-5,-2,-2
0,1,1945,1948,5835,5836,5837,5840,5841,5842,11671,11672,11673,11674,11675,11678,11679,11680,11681,11682,1,-1,2,-2,1,3,1,-1,-3,-1,2,2,5,2,2,-2,-2,-5,-2,-2
0,1,1947,1950,5841,5842,5843,5846,5847,5848,11683,11684,11685,11686,11687,11690,11691,11692,11693,11694,1,-1,2,-2,1,3,1,-1,-3,-1,2,2,5,2,2,-2,-2,-5,-2,-2
0,1,1949,1952,5847,5848,5849,5852,5853,5854,11695,11696,11697,11698,11699,11702,11703,11704,11705,11706,1,-1,2,-2,1,3,1,-1,-3,-1,2,2,5,2,2,-2,-2,-5,-2,-2
0,1,1951,1954,5853,5854,5855,5858,5859,5860,11707,11708,11709,11710,11711,11714,11715,11716,11717,11718,1,-1,2,-2,1,3,1,-1,-3,-1,2,2,5,2,2,-2,-2,-5,-2,-2
0,1,1953,1956,5859,5860,5861,5864,5865,5866,11719,11720,11721,11722,11723,11726,11727,11728,11729,11730,1,-1,2,-2,1,3,1,-1,-3,-1,2,2,5,2,2,-2,-2,-5,-2,-2
0,1,1955,1958,5865,5866,5867,5870,5871,5872,11731,11732,11733,11734,11735,11738,11739,11740,11741,11742,1,-1,2,-2,1,3,1,-1,-3,-1,2,2,5,2,2,-2,-2,-5,-2,-2
0,1,1957,1960,5871,5872,5873,5876,5877,5878,11743,11744,11745,11746,11747,11750,11751,11752,11753,11754,1,-1,2,-2,1,3,1,-1,-3,-1,2,2,5,2,2,-2,-2,-5,-2,-2
0,1,1959,1962,5877,5878,5879,5882,5883,5884,11755,11756,11757,11758,11759,11762,11763,11764,11765,11766,1,-1,2,-2,1,3,1,-1,-3,-1,2,2,5,2,2,-2,-2,-5,-2,-2
0,1,1961,1964,5883,5884,5885,5888,5889,5890,11767,11768,11769,11770,11771,11774,11775,11776,11777,11778,1,-1,2,-2,1,3,1,-1,-3,-1,2,2,5,2,2,-2,-2,-5,-2,-2
0,1,1963,1966,5889,5890,5891,5894,5895,5896,11779,11780,11781,11782,11783,11786,11787,11788,11789,11790,1,-1,2,-2,1,3,1,-1,-3,-1,2,2,5,2,2,-2,-2,-5,-2,-2
0,1,1965,1968,5895,5896,5897,5900,5901,5902,11791,11792,11793,11794,11795,11798,11799,11800,11801,11802,1,-1,2,-2,1,3,1,-1,-3,-1,2,2,5,2,2,-2,-2,-5,-2,-2
0,1,1967,1970,5901,5902,5903,5906,5907,5908,11803,11804,11805,11806,11807,11810,11811,11812,11813,11814,1,-1,2,-2,1,3,1,-1,-3,-1,2,2,5,2,2,-2,-2,-5,-2,-2
0,1,1969,1972,5907,5908,5909,5912,5913,5914,11815,11816,11817,11818,11819,11822,11823,11824,11825,11826,1,-1,2,-2,1,3,1,-1,-3,-1,2,2,5,2,2,-2,-2,-5,-2,-2
0,1,1971,1974,5913,5914,5915,5918,5919,5920,11827,11828,11829,11830,11831,11834,11835,11836,11837,11838,1,-1,2,-2,1,3,1,-1,-3,-1,2,2,5,2,2,-2,-2,-5,-2,-2
0,1,1973,1976,5919,5920,5921,5924,5925,5926,11839,11840,11841,11842,11843,11846,11847,11848,11849,11850,1,-1,2,-2,1,3,1,-1,-3,-1,2,2,5,2,2,-2,-2,-5,-2,-2
0,1,1975,1978,5925,5926,5927,5930,5931,5932,11851,11852,11853,11854,11855,11858,11859,11860,11861,11862,1,-1,2,-2,1,3,1,-1,-3,-1,2,2,5,2,2,-2,-2,-5,-2,-2
0,1,1977,1980,5931,5932,5933,5936,5937,5938,11863,11864,11865,11866,11867,11870,11871,11872,11873,11874,1,-1,2,-2,1,3,1,-1,-3,-1,2,2,5,2,2,-2,-2,-5,-2,-2
0,1,1979,1982,5937,5938,5939,5942,5943,5944,11875,11876,11877,11878,11879,11882,11883,11884,11885,11886,1,-1,2,-2,1,3,1,-1,-3,-1,2,2,5,2,2,-2,-2,-5,-2,-2
0,1,1981,1984,5943,5944,5945,5948,5949,5950,11887,11888,11889,11890,11891,11894,11895,11896,11897,11898,1,-1,2,-2,1,3,1,-1,-3,-1,2,2,5,2,2,-2,-2,-5,-2,-2
0,1,1983,1986,5949,5950,5951,5954,5955,5956,11899,11900,11901,11902,11903,11906,11907,11908,11909,11910,1,-1,2,-2,1,3,1,-1,-3,-1,2,2,5,2,2,-2,-2,-5,-2,-2
0,1,1985,1988,5955,5956,5957,5960,5961,5962,11911,11912,11913,11914,11915,11918,11919,11920,11921,11922,1,-1,2,-2,1,3,1,-1,-3,-1,2,2,5,2,2,-2,-2,-5,-2,-2
0,1,1987,1990,5961,5962,5963,5966,5967,5968,11923,11924,11925,11926,11927,11930,11931,11932,11933,11934,1,-1,2,-2,1,3,1,-1,-3,-1,2,2,5,2,2,-2,-2,-5,-2,-2
0,1,1989,1992,5967,5968,5969,5972,5973,5974,11935,11936,11937,11938,11939,11942,11943,11944,11945,11946,1,-1,2,-2,1,3,1,-1,-3,-1,2,2,5,2,2,-2,-2,-5,-2,-2
0,1,1991,1994,5973,5974,5975,5978,5979,5980,11947,11948,11949,11950,11951,11954,11955,11956,11957,11958,1,-1,2,-2,1,3,1,-1,-3,-1,2,2,5,2,2,-2,-2,-5,-2,-2
0,1,1993,1996,5979,5980,5981,5984,5985,5986,11959,11960,11961,11962,11963,11966,11967,11968,11969,11970,1,-1,2,-2,1,3,1,-1,-3,-1,2,2,5,2,2,-2,-2,-5,-2,-2
0,1,1995,1998,5985,5986,5987,5990,5991,5992,11971,11972,11973,11974,11975,11978,11979,11980,11981,11982,1,-1,2,-2,1,3,1,-1,-3,-1,2,2,5,2,2,-2,-2,-5,-2,-2
0,1,1997,2000,5991,5992,5993,5996,5997,5998,11983,11984,11985,11986,11987,11990,11991,11992,11993,11994,1,-1,2,-2,1,3,1,-1,-3,-1,2,2,5,2,2,-2,-2,-5,-2,-2
0,1,1999,2002,5997,5998,5999,6002,6003,6004,11995,11996,11997,11998,11999,12002,12003,12004,12005,12006,1,-1,2,-2,1,3,1,-1,-3,-1,2,2,5,2,2,-2,-2,-5,-2,-2
0,1,2001,2004,6003,6004,6005,6008,6009,6010,12007,12008,12009,12010,12011,12014,12015,12016,12017,12018,1,-1,2,-2,1,3,1,-1,-3,-1,2,2,5,2,2,-2,-2,-5,-2,-2
0,1,2003,2006,6009,6010,6011,6014,6015,6016,12019,12020,12021,12022,12023,12026,12027,12028,12029,12030,1,-1,2,-2,1,3,1,-1,-3,-1,2,2,5,2,2,-2,-2,-5,-2,-2
0,1,2005,2008,6015,6016,6017,6020,6021,6022,12031,12032,12033,12034,12035,12038,12039,12040,12041,12042,1,-1,2,-2,1,3,1,-1,-3,-1,2,2,5,2,2,-2,-2,-5,-2,-2
0,1,2007,2010,6021,6022,6023,6026,6027,6028,12043,12044,12045,12046,12047,12050,12051,12052,12053,12054,1,-1,2,-2,1,3,1,-1,-3,-1,2,2,5,2,2,-2,-2,-5,-2,-2
0,1,2009,2012,6027,6028,6029,6032,6033,6034,12055,12056,12057,12058,12059,12062,12063,12064,12065,12066,1,-1,2,-2,1,3,1,-1,-3,-1,2,2,5,2,2,-2,-2,-5,-2,-2
0,1,2011,2014,6033,6034,6035,6038,6039,6040,12067,12068,12069,12070,12071,12074,12075,12076,12077,12078,1,-1,2,-2,1,3,1,-1,-3,-1,2,2,5,2,2,-2,-2,-5,-2,-2
0,1,2013,2016,6039,6040,6041,6044,6045,6046,12079,12080,12081,12082,12083,12086,12087,12088,12089,12090,1,-1,2,-2,1,3,1,-1,-3,-1,2,2,5,2,2,-2,-2,-5,-2,-2
0,1,2015,2018,6045,6046,6047,6050,6051,6052,12091,12092,12093,12094,12095,12098,12099,12100,12101,12102,1,-1,2,-2,1,3,1,-1,-3,-1,2,2,5,2,2,-2,-2,-5,-2,-2
0,1,2017,2020,6051,6052,6053,6056,6057,6058,12103,12104,12105,12106,12107,12110,12111,12112,12113,12114,1,-1,2,-2,1,3,1,-1,-3,-1,2,2,5,2,2,-2,-2,-5,-2,-2
0,1,2019,2022,6057,6058,6059,6062,6063,6064,12115,12116,12117,12118,12119,12122,12123,12124,12125,12126,1,-1,2,-2,1,3,1,-1,-3,-1,2,2,5,2,2,-2,-2,-5,-2,-2
0,1,2021,2024,6063,6064,6065,6068,6069,6070,12127,12128,12129,12130,12131,12134,12135,12136,12137,12138,1,-1,2,-2,1,3,1,-1,-3,-1,2,2,5,2,2,-2,-2,-5,-2,-2
0,1,2023,2026,6069,6070,6071,6074,6075,6076,12139,12140,12141,12142,12143,12146,12147,12148,12149,12150,1,-1,2,-2,1,3,1,-1,-3,-1,2,2,5,2,2,-2,-2,-5,-2,-2
0,1,2025,2028,6075,6076,6077,6080,6081,6082,12151,12152,12153,12154,12155,12158,12159,12160,12161,12162,1,-1,2,-2,1,3,1,-1,-3,-1,2,2,5,2,2,-2,-2,-5,-2,-2
0,1,2027,2030,6081,6082,6083,6086,6087,6088,12163,12164,12165,12166,12167,12170,12171,12172,12173,12174,1,-1,2,-2,1,3,1,-1,-3,-1,2,2,5,2,2,-2,-2,-5,-2,-2
0,1,2029,2032,6087,6088,6089,6092,6093,6094,12175,12176,12177,12178,12179,12182,12183,12184,12185,12186,1,-1,2,-2,1,3,1,-1,-3,-1,2,2,5,2,2,-2,-2,-5,-2,-2
0,1,2031,2034,6093,6094,6095,6098,6099,6100,12187,12188,12189,12190,12191,12194,12195,12196,12197,12198,1,-1,2,-2,1,3,1,-1,-3,-1,2,2,5,2,2,-2,-2,-5,-2,-2
0,1,2033,2036,6099,6100,6101,6104,6105,6106,12199,12200,12201,12202,12203,12206,12207,12208,12209,12210,1,-1,2,-2,1,3,1,-1,-3,-1,2,2,5,2,2,-2,-2,-5,-2,-2
0,1,2035,2038,6105,6106,6107,6110,6111,6112,12211,12212,12213,12214,12215,12218,12219,12220,12221,12222,1,-1,2,-2,1,3,1,-1,-3,-1,2,2,5,2,2,-2,-2,-5,-2,-2
0,1,2037,2040,6111,6112,6113,6116,6117,6118,12223,12224,12225,12226,12227,12230,12231,12232,12233,12234,1,-1,2,-2,1,3,1,-1,-3,-1,2,2,5,2,2,-2,-2,-5,-2,-2
0,1,2039,2042,6117,6118,6119,6122,6123,6124,12235,12236,12237,12238,12239,12242,12243,12244,12245,12246,1,-1,2,-2,1,3,1,-1,-3,-1,2,2,5,2,2,-2,-2,-5,-2,-2
0,1,2041,2044,6123,6124,6125,6128,6129,6130,12247,12248,12249,12250,12251,12254,12255,12256,12257,12258,1,-1,2,-2,1,3,1,-1,-3,-1,2,2,5,2,2,-2,-2,-5,-2,-2
0,1,2043,2046,6129,6130,6131,6134,6135,6136,12259,12260,12261,12262,12263,12266,12267,12268,12269,12270,1,-1,2,-2,1,3,1,-1,-3,-1,2,2,5,2,2,-2,-2,-5,-2,-2
0,1,2045,2048,6135,6136,6137,6140,6141,6142,12271,12272,12273,12274,12275,12278,12279,12280,12281,12282,1,-1,2,-2,1,3,1,-1,-3,-1,2,2,5,2,2,-2,-2,-5,-2,-2
0,1,2047,2050,6141,6142,6143,6146,6147,6148,12283,12284,12285,12286,12287,12290,12291,12292,12293,12294,1,-1,2,-2,1,3,1,-1,-3,-1,2,2,5,2,2,-2,-2,-5,-2,-2
0,1,2049,2052,6147,6148,6149,6152,6153,6154,12295,12296,12297,12298,12299,12302,12303,12304,12305,12306,1,-1,2,-2,1,3,1,-1,-3,-1,2,2,5,2,2,-2,-2,-5,-2,-2
0,1,2051,2054,6153,6154,6155,6158,6159,6160,12307,12308,12309,12310,12311,12314,12315,12316,12317,12318,1,-1,2,-2,1,3,1,-1,-3,-1,2,2,5,2,2,-2,-2,-5,-2,-2
0,1,2053,2056,6159,6160,6161,6164,6165,6166,12319,12320,12321,12322,12323,12326,12327,12328,12329,12330,1,-1,2,-2,1,3,1,-1,-3,-1,2,2,5,2,2,-2,-2,-5,-2,-2
0,1,2055,2058,6165,6166,6167,6170,6171,6172,12331,12332,12333,12334,12335,12338,12339,12340,12341,12342,1,-1,2,-2,1,3,1,-1,-3,-1,2,2,5,2,2,-2,-2,-5,-2,-2
0,1,2057,2060,6171,6172,6173,6176,6177,6178,12343,12344,12345,12346,12347,12350,12351,12352,12353,12354,1,-1,2,-2,1,3,1,-1,-3,-1,2,2,5,2,2,-2,-2,-5,-2,-2
0,1,2059,2062,6177,6178,6179,6182,6183,6184,12355,12356,12357,12358,12359,12362,12363,12364,12365,12366,1,-1,2,-2,1,3,1,-1,-3,-1,2,2,5,2,2,-2,-2,-5,-2,-2
0,1,2061,2064,6183,6184,6185,6188,6189,6190,12367,12368,12369,12370,12371,12374,12375,12376,12377,12378,1,-1,2,-2,1,3,1,-1,-3,-1,2,2,5,2,2,-2,-2,-5,-2,-2
0,1,2063,2066,6189,6190,6191,6194,6195,6196,12379,12380,12381,12382,12383,12386,12387,12388,12389,12390,1,-1,2,-2,1,3,1,-1,-3,-1,2,2,5,2,2,-2,-2,-5,-2,-2
0,1,2065,2068,6195,6196,6197,6200,6201,6202,12391,12392,12393,12394,12395,12398,12399,12400,12401,12402,1,-1,2,-2,1,3,1,-1,-3,-1,2,2,5,2,2,-2,-2,-5,-2,-2
0,1,2067,2070,6201,6202,6203,6206,6207,6208,12403,12404,12405,12406,12407,12410,12411,12412,12413,12414,1,-1,2,-2,1,3,1,-1,-3,-1,2,2,5,2,2,-2,-2,-5,-2,-2
0,1,2069,2072,6207,6208,6209,6212,6213,6214,12415,12416,12417,12418,12419,12422,12423,12424,12425,12426,1,-1,2,-2,1,3,1,-1,-3,-1,2,2,5,2,2,-2,-2,-5,-2,-2
0,1,2071,2074,6213,6214,6215,6218,6219,6220,12427,12428,12429,12430,12431,12434,12435,12436,12437,12438,1,-1,2,-2,1,3,1,-1,-3,-1,2,2,5,2,2,-2,-2,-5,-2,-2
0,1,2073,2076,6219,6220,6221,6224,6225,6226,12439,12440,12441,12442,12443,12446,12447,12448,12449,12450,1,-1,2,-2,1,3,1,-1,-3,-1,2,2,5,2,2,-2,-2,-5,-2,-2
0,1,2075,2078,6225,6226,6227,6230,6231,6232,12451,12452,12453,12454,12455,12458,12459,12460,12461,12462,1,-1,2,-2,1,3,1,-1,-3,-1,2,2,5,2,2,-2,-2,-5,-2,-2
0,1,2077,2080,6231,6232,6233,6236,6237,6238,12463,12464,12465,12466,12467,12470,12471,12472,12473,12474,1,-1,2,-2,1,3,1,-1,-3,-1,2,2,5,2,2,-2,-2,-5,-2,-2
0,1,2079,2082,6237,6238,6239,6242,6243,6244,12475,12476,12477,12478,12479,12482,12483,12484,12485,12486,1,-1,2,-2,1,3,1,-1,-3,-1,2,2,5,2,2,-2,-2,-5,-2,-2
0,1,2081,2084,6243,6244,6245,6248,6249,6250,12487,12488,12489,12490,12491,12494,12495,12496,12497,12498,1,-1,2,-2,1,3,1,-1,-3,-1,2,2,5,2,2,-2,-2,-5,-2,-2
0,1,2083,2086,6249,6250,6251,6254,6255,6256,12499,12500,12501,12502,12503,12506,12507,12508,12509,12510,1,-1,2,-2,1,3,1,-1,-3,-1,2,2,5,2,2,-2,-2,-5,-2,-2
0,1,2085,2088,6255,6256,6257,6260,6261,6262,12511,12512,12513,12514,12515,12518,12519,12520,12521,12522,1,-1,2,-2,1,3,1,-1,-3,-1,2,2,5,2,2,-2,-2,-5,-2,-2
0,1,2087,2090,6261,6262,6263,6266,6267,6268,12523,12524,12525,12526,12527,12530,12531,12532,12533,12534,1,-1,2,-2,1,3,1,-1,-3,-1,2,2,5,2,2,-2,-2,-5,-2,-2
0,1,2089,2092,6267,6268,6269,6272,6273,6274,12535,12536,12537,12538,12539,12542,12543,12544,12545,12546,1,-1,2,-2,1,3,1,-1,-3,-1,2,2,5,2,2,-2,-2,-5,-2,-2
0,1,2091,2094,6273,6274,6275,6278,6279,6280,12547,12548,12549,12550,12551,12554,12555,12556,12557,12558,1,-1,2,-2,1,3,1,-1,-3,-1,2,2,5,2,2,-2,-2,-5,-2,-2
0,1,2093,2096,6279,6280,6281,6284,6285,6286,12559,12560,12561,12562,12563,12566,12567,12568,12569,12570,1,-1,2,-2,1,3,1,-1,-3,-1,2,2,5,2,2,-2,-2,-5,-2,-2
0,1,2095,2098,6285,6286,6287,6290,6291,6292,12571,12572,12573,12574,12575,12578,12579,12580,12581,12582,1,-1,2,-2,1,3,1,-1,-3,-1,2,2,5,2,2,-2,-2,-5,-2,-2
0,1,2097,2100,6291,6292,6293,6296,6297,6298,12583,12584,12585,12586,12587,12590,12591,12592,12593,12594,1,-1,2,-2,1,3,1,-1,-3,-1,2,2,5,2,2,-2,-2,-5,-2,-2
0,1,2099,2102,6297,6298,6299,6302,6303,6304,12595,12596,12597,12598,12599,12602,12603,12604,12605,12606,1,-1,2,-2,1,3,1,-1,-3,-1,2,2,5,2,2,-2,-2,-5,-2,-2
0,1,2101,2104,6303,6304,6305,6308,6309,6310,12607,12608,12609,12610,12611,12614,12615,12616,12617,12618,1,-1,2,-2,1,3,1,-1,-3,-1,2,2,5,2,2,-2,-2,-5,-2,-2
0,1,2103,2106,6309,6310,6311,6314,6315,6316,12619,12620,12621,12622,12623,12626,12627,12628,12629,12630,1,-1,2,-2,1,3,1,-1,-3,-1,2,2,5,2,2,-2,-2,-5,-2,-2
0,1,2105,2108,6315,6316,6317,6320,6321,6322,12631,12632,12633,12634,12635,12638,12639,12640,12641,12642,1,-1,2,-2,1,3,1,-1,-3,-1,2,2,5,2,2,-2,-2,-5,-2,-2
0,1,2107,2110,6321,6322,6323,6326,6327,6328,12643,12644,12645,12646,12647,12650,12651,12652,12653,12654,1,-1,2,-2,1,3,1,-1,-3,-1,2,2,5,2,2,-2,-2,-5,-2,-2
0,1,2109,2112,6327,6328,6329,6332,6333,6334,12655,12656,12657,12658,12659,12662,12663,12664,12665,12666,1,-1,2,-2,1,3,1,-1,-3,-1,2,2,5,2,2,-2,-2,-5,-2,-2
0,1,2111,2114,6333,6334,6335,6338,6339,6340,12667,12668,12669,12670,12671,12674,12675,12676,12677,12678,1,-1,2,-2,1,3,1,-1,-3,-1,2,2,5,2,2,-2,-2,-5,-2,-2
0,1,2113,2116,6339,6340,6341,6344,6345,6346,12679,12680,12681,12682,12683,12686,12687,12688,12689,12690,1,-1,2,-2,1,3,1,-1,-3,-1,2,2,5,2,2,-2,-2,-5,-2,-2
0,1,2115,2118,6345,6346,6347,6350,6351,6352,12691,12692,12693,12694,12695,12698,12699,12700,12701,12702,1,-1,2,-2,1,3,1,-1,-3,-1,2,2,5,2,2,-2,-2,-5,-2,-2
0,1,2117,2120,6351,6352,6353,6356,6357,6358,12703,12704,12705,12706,12707,12710,12711,12712,12713,12714,1,-1,2,-2,1,3,1,-1,-3,-1,2,2,5,2,2,-2,-2,-5,-2,-2
0,1,2119,2122,6357,6358,6359,6362,6363,6364,12715,12716,12717,12718,12719,12722,12723,12724,12725,12726,1,-1,2,-2,1,3,1,-1,-3,-1,2,2,5,2,2,-2,-2,-5,-2,-2
0,1,2121,2124,6363,6364,6365,6368,6369,6370,12727,12728,12729,12730,12731,12734,12735,12736,12737,12738,1,-1,2,-2,1,3,1,-1,-3,-1,2,2,5,2,2,-2,-2,-5,-2,-2
0,1,2123,2126,6369,6370,6371,6374,6375,6376,12739,12740,12741,12742,12743,12746,12747,12748,12749,12750,1,-1,2,-2,1,3,1,-1,-3,-1,2,2,5,2,2,-2,-2,-5,-2,-2
0,1,2125,2128,6375,6376,6377,6380,6381,6382,12751,12752,12753,12754,12755,12758,12759,12760,12761,12762,1,-1,2,-2,1,3,1,-1,-3,-1,2,2,5,2,2,-2,-2,-5,-2,-2
0,1,2127,2130,6381,6382,6383,6386,6387,6388,12763,12764,12765,12766,12767,12770,12771,12772,12773,12774,1,-1,2,-2,1,3,1,-1,-3,-1,2,2,5,2,2,-2,-2,-5,-2,-2
0,1,2129,2132,6387,6388,6389,6392,6393,6394,12775,12776,12777,12778,12779,12782,12783,12784,12785,12786,1,-1,2,-2,1,3,1,-1,-3,-1,2,2,5,2,2,-2,-2,-5,-2,-2
0,1,2131,2134,6393,6394,6395,6398,6399,6400,12787,12788,12789,12790,12791,12794,12795,12796,12797,12798,1,-1,2,-2,1,3,1,-1,-3,-1,2,2,5,2,2,-2,-2,-5,-2,-2
0,1,2133,2136,6399,6400,6401,6404,6405,6406,12799,12800,12801,12802,12803,12806,12807,12808,12809,12810,1,-1,2,-2,1,3,1,-1,-3,-1,2,2,5,2,2,-2,-2,-5,-2,-2
0,1,2135,2138,6405,6406,6407,6410,6411,6412,12811,12812,12813,12814,12815,12818,12819,12820,12821,12822,1,-1,2,-2,1,3,1,-1,-3,-1,2,2,5,2,2,-2,-2,-5,-2,-2
0,1,2137,2140,6411,6412,6413,6416,6417,6418,12823,12824,12825,12826,12827,12830,12831,12832,12833,12834,1,-1,2,-2,1,3,1,-1,-3,-1,2,2,5,2,2,-2,-2,-5,-2,-2
0,1,2139,2142,6417,6418,6419,6422,6423,6424,12835,12836,12837,12838,12839,12842,12843,12844,12845,12846,1,-1,2,-2,1,3,1,-1,-3,-1,2,2,5,2,2,-2,-2,-5,-2,-2
0,1,2141,2144,6423,6424,6425,6428,6429,6430,12847,12848,12849,12850,12851,12854,12855,12856,12857,12858,1,-1,2,-2,1,3,1,-1,-3,-1,2,2,5,2,2,-2,-2,-5,-2,-2
0,1,2143,2146,6429,6430,6431,6434,6435,6436,12859,12860,12861,12862,12863,12866,12867,12868,12869,12870,1,-1,2,-2,1,3,1,-1,-3,-1,2,2,5,2,2,-2,-2,-5,-2,-2
0,1,2145,2148,6435,6436,6437,6440,6441,6442,12871,12872,12873,12874,12875,12878,12879,12880,12881,12882,1,-1,2,-2,1,3,1,-1,-3,-1,2,2,5,2,2,-2,-2,-5,-2,-2
0,1,2147,2150,6441,6442,6443,6446,6447,6448,12883,12884,12885,12886,12887,12890,12891,12892,12893,12894,1,-1,2,-2,1,3,1,-1,-3,-1,2,2,5,2,2,-2,-2,-5,-2,-2
0,1,2149,2152,6447,6448,6449,6452,6453,6454,12895,12896,12897,12898,12899,12902,12903,12904,12905,12906,1,-1,2,-2,1,3,1,-1,-3,-1,2,2,5,2,2,-2,-2,-5,-2,-2
0,1,2151,2154,6453,6454,6455,6458,6459,6460,12907,12908,12909,12910,12911,12914,12915,12916,12917,12918,1,-1,2,-2,1,3,1,-1,-3,-1,2,2,5,2,2,-2,-2,-5,-2,-2
0,1,2153,2156,6459,6460,6461,6464,6465,6466,12919,12920,12921,12922,12923,12926,12927,12928,12929,12930,1,-1,2,-2,1,3,1,-1,-3,-1,2,2,5,2,2,-2,-2,-5,-2,-2
0,1,2155,2158,6465,6466,6467,6470,6471,6472,12931,12932,12933,12934,12935,12938,12939,12940,12941,12942,1,-1,2,-2,1,3,1,-1,-3,-1,2,2,5,2,2,-2,-2,-5,-2,-2
0,1,2157,2160,6471,6472,6473,6476,6477,6478,12943,12944,12945,12946,12947,12950,12951,12952,12953,12954,1,-1,2,-2,1,3,1,-1,-3,-1,2,2,5,2,2,-2,-2,-5,-2,-2
0,1,2159,2162,6477,6478,6479,6482,6483,6484,12955,12956,12957,12958,12959,12962,12963,12964,12965,12966,1,-1,2,-2,1,3,1,-1,-3,-1,2,2,5,2,2,-2,-2,-5,-2,-2
0,1,2161,2164,6483,6484,6485,6488,6489,6490,12967,12968,12969,12970,12971,12974,12975,12976,12977,12978,1,-1,2,-2,1,3,1,-1,-3,-1,2,2,5,2,2,-2,-2,-5,-2,-2
0,1,2163,2166,6489,6490,6491,6494,6495,6496,12979,12980,12981,12982,12983,12986,12987,12988,12989,12990,1,-1,2,-2,1,3,1,-1,-3,-1,2,2,5,2,2,-2,-2,-5,-2,-2
0,1,2165,2168,6495,6496,6497,6500,6501,6502,12991,12992,12993,12994,12995,12998,12999,13000,13001,13002,1,-1,2,-2,1,3,1,-1,-3,-1,2,2,5,2,2,-2,-2,-5,-2,-2
0,1,2167,2170,6501,6502,6503,6506,6507,6508,13003,13004,13005,13006,13007,13010,13011,13012,13013,13014,1,-1,2,-2,1,3,1,-1,-3,-1,2,2,5,2,2,-2,-2,-5,-2,-2
0,1,2169,2172,6507,6508,6509,6512,6513,6514,13015,13016,13017,13018,13019,13022,13023,13024,13025,13026,1,-1,2,-2,1,3,1,-1,-3,-1,2,2,5,2,2,-2,-2,-5,-2,-2
0,1,2171,2174,6513,6514,6515,6518,6519,6520,13027,13028,13029,13030,13031,13034,13035,13036,13037,13038,1,-1,2,-2,1,3,1,-1,-3,-1,2,2,5,2,2,-2,-2,-5,-2,-2
0,1,2173,2176,6519,6520,6521,6524,6525,6526,13039,13040,13041,13042,13043,13046,13047,13048,13049,13050,1,-1,2,-2,1,3,1,-1,-3,-1,2,2,5,2,2,-2,-2,-5,-2,-2
0,1,2175,2178,6525,6526,6527,6530,6531,6532,13051,13052,13053,13054,13055,13058,13059,13060,13061,13062,1,-1,2,-2,1,3,1,-1,-3,-1,2,2,5,2,2,-2,-2,-5,-2,-2
0,1,2177,2180,6531,6532,6533,6536,6537,6538,13063,13064,13065,13066,13067,13070,13071,13072,13073,13074,1,-1,2,-2,1,3,1,-1,-3,-1,2,2,5,2,2,-2,-2,-5,-2,-2
0,1,2179,2182,6537,6538,6539,6542,6543,6544,13075,13076,13077,13078,13079,13082,13083,13084,13085,13086,1,-1,2,-2,1,3,1,-1,-3,-1,2,2,5,2,2,-2,-2,-5,-2,-2
0,1,2181,2184,6543,6544,6545,6548,6549,6550,13087,13088,13089,13090,13091,13094,13095,13096,13097,13098,1,-1,2,-2,1,3,1,-1,-3,-1,2,2,5,2,2,-2,-2,-5,-2,-2
0,1,2183,2186,6549,6550,6551,6554,6555,6556,13099,13100,13101,13102,13103,13106,13107,13108,13109,13110,1,-1,2,-2,1,3,1,-1,-3,-1,2,2,5,2,2,-2,-2,-5,-2,-2
0,1,2185,2188,6555,6556,6557,6560,6561,6562,13111,13112,13113,13114,13115,13118,13119,13120,13121,13122,1,-1,2,-2,1,3,1,-1,-3,-1,2,2,5,2,2,-2,-2,-5,-2,-2
0,1,2187,2190,6561,6562,6563,6566,6567,6568,13123,13124,13125,13126,13127,13130,13131,13132,13133,13134,1,-1,2,-2,1,3,1,-1,-3,-1,2,2,5,2,2,-2,-2,-5,-2,-2
0,1,2189,2192,6567,6568,6569,6572,6573,6574,13135,13136,13137,13138,13139,13142,13143,13144,13145,13146,1,-1,2,-2,1,3,1,-1,-3,-1,2,2,5,2,2,-2,-2,-5,-2,-2
0,1,2191,2194,6573,6574,6575,6578,6579,6580,13147,13148,13149,13150,13151,13154,13155,13156,13157,13158,1,-1,2,-2,1,3,1,-1,-3,-1,2,2,5,2,2,-2,-2,-5,-2,-2
0,1,2193,2196,6579,6580,6581,6584,6585,6586,13159,13160,13161,13162,13163,13166,13167,13168,13169,13170,1,-1,2,-2,1,3,1,-1,-3,-1,2,2,5,2,2,-2,-2,-5,-2,-2
0,1,2195,2198,6585,6586,6587,6590,6591,6592,13171,13172,13173,13174,13175,13178,13179,13180,13181,13182,1,-1,2,-2,1,3,1,-1,-3,-1,2,2,5,2,2,-2,-2,-5,-2,-2
0,1,2197,2200,6591,6592,6593,6596,6597,6598,13183,13184,13185,13186,13187,13190,13191,13192,13193,13194,1,-1,2,-2,1,3,1,-1,-3,-1,2,2,5,2,2,-2,-2,-5,-2,-2
0,1,2199,2202,6597,6598,6599,6602,6603,6604,13195,13196,13197,13198,13199,13202,13203,13204,13205,13206,1,-1,2,-2,1,3,1,-1,-3,-1,2,2,5,2,2,-2,-2,-5,-2,-2
0,1,2201,2204,6603,6604,6605,6608,6609,6610,13207,13208,13209,13210,13211,13214,13215,13216,13217,13218,1,-1,2,-2,1,3,1,-1,-3,-1,2,2,5,2,2,-2,-2,-5,-2,-2
0,1,2203,2206,6609,6610,6611,6614,6615,6616,13219,13220,13221,13222,13223,13226,13227,13228,13229,13230,1,-1,2,-2,1,3,1,-1,-3,-1,2,2,5,2,2,-2,-2,-5,-2,-2
0,1,2205,2208,6615,6616,6617,6620,6621,6622,13231,13232,13233,13234,13235,13238,13239,13240,13241,13242,1,-1,2,-2,1,3,1,-1,-3,-1,2,2,5,2,2,-2,-2,-5,-2,-2
0,1,2207,2210,6621,6622,6623,6626,6627,6628,13243,13244,13245,13246,13247,13250,13251,13252,13253,13254,1,-1,2,-2,1,3,1,-1,-3,-1,2,2,5,2,2,-2,-2,-5,-2,-2
0,1,2209,2212,6627,6628,6629,6632,6633,6634,13255,13256,13257,13258,13259,13262,13263,13264,13265,13266,1,-1,2,-2,1,3,1,-1,-3,-1,2,2,5,2,2,-2,-2,-5,-2,-2
0,1,2211,2214,6633,6634,6635,6638,6639,6640,13267,13268,13269,13270,13271,13274,13275,13276,13277,13278,1,-1,2,-2,1,3,1,-1,-3,-1,2,2,5,2,2,-2,-2,-5,-2,-2
0,1,2213,2216,6639,6640,6641,6644,6645,6646,13279,13280,13281,13282,13283,13286,13287,13288,13289,13290,1,-1,2,-2,1,3,1,-1,-3,-1,2,2,5,2,2,-2,-2,-5,-2,-2
0,1,2215,2218,6645,6646,6647,6650,6651,6652,13291,13292,13293,13294,13295,13298,13299,13300,13301,13302,1,-1,2,-2,1,3,1,-1,-3,-1,2,2,5,2,2,-2,-2,-5,-2,-2
0,1,2217,2220,6651,6652,6653,6656,6657,6658,13303,13304,13305,13306,13307,13310,13311,13312,13313,13314,1,-1,2,-2,1,3,1,-1,-3,-1,2,2,5,2,2,-2,-2,-5,-2,-2
0,1,2219,2222,6657,6658,6659,6662,6663,6664,13315,13316,13317,13318,13319,13322,13323,13324,13325,13326,1,-1,2,-2,1,3,1,-1,-3,-1,2,2,5,2,2,-2,-2,-5,-2,-2
0,1,2221,2224,6663,6664,6665,6668,6669,6670,13327,13328,13329,13330,13331,13334,13335,13336,13337,13338,1,-1,2,-2,1,3,1,-1,-3,-1,2,2,5,2,2,-2,-2,-5,-2,-2
0,1,2223,2226,6669,6670,6671,6674,6675,6676,13339,13340,13341,13342,13343,13346,13347,13348,13349,13350,1,-1,2,-2,1,3,1,-1,-3,-1,2,2,5,2,2,-2,-2,-5,-2,-2
0,1,2225,2228,6675,6676,6677,6680,6681,6682,13351,13352,13353,13354,13355,13358,13359,13360,13361,13362,1,-1,2,-2,1,3,1,-1,-3,-1,2,2,5,2,2,-2,-2,-5,-2,-2
0,1,2227,2230,6681,6682,6683,6686,6687,6688,13363,13364,13365,13366,13367,13370,13371,13372,13373,13374,1,-1,2,-2,1,3,1,-1,-3,-1,2,2,5,2,2,-2,-2,-5,-2,-2
0,1,2229,2232,6687,6688,6689,6692,6693,6694,13375,13376,13377,13378,13379,13382,13383,13384,13385,13386,1,-1,2,-2,1,3,1,-1,-3,-1,2,2,5,2,2,-2,-2,-5,-2,-2
0,1,2231,2234,6693,6694,6695,6698,6699,6700,13387,13388,13389,13390,13391,13394,13395,13396,13397,13398,1,-1,2,-2,1,3,1,-1,-3,-1,2,2,5,2,2,-2,-2,-5,-2,-2
0,1,2233,2236,6699,6700,6701,6704,6705,6706,13399,13400,13401,13402,13403,13406,13407,13408,13409,13410,1,-1,2,-2,1,3,1,-1,-3,-1,2,2,5,2,2,-2,-2,-5,-2,-2
0,1,2235,2238,6705,6706,6707,6710,6711,6712,13411,13412,13413,13414,13415,13418,13419,13420,13421,13422,1,-1,2,-2,1,3,1,-1,-3,-1,2,2,5,2,2,-2,-2,-5,-2,-2
0,1,2237,2240,6711,6712,6713,6716,6717,6718,13423,13424,13425,13426,13427,13430,13431,13432,13433,13434,1,-1,2,-2,1,3,1,-1,-3,-1,2,2,5,2,2,-2,-2,-5,-2,-2
0,1,2239,2242,6717,6718,6719,6722,6723,6724,13435,13436,13437,13438,13439,13442,13443,13444,13445,13446,1,-1,2,-2,1,3,1,-1,-3,-1,2,2,5,2,2,-2,-2,-5,-2,-2
0,1,2241,2244,6723,6724,6725,6728,6729,6730,13447,13448,13449,13450,13451,13454,13455,13456,13457,13458,1,-1,2,-2,1,3,1,-1,-3,-1,2,2,5,2,2,-2,-2,-5,-2,-2
0,1,2243,2246,6729,6730,6731,6734,6735,6736,13459,13460,13461,13462,13463,13466,13467,13468,13469,13470,1,-1,2,-2,1,3,1,-1,-3,-1,2,2,5,2,2,-2,-2,-5,-2,-2
0,1,2245,2248,6735,6736,6737,6740,6741,6742,13471,13472,13473,13474,13475,13478,13479,13480,13481,13482,1,-1,2,-2,1,3,1,-1,-3,-1,2,2,5,2,2,-2,-2,-5,-2,-2
0,1,2247,2250,6741,6742,6743,6746,6747,6748,13483,13484,13485,13486,13487,13490,13491,13492,13493,13494,1,-1,2,-2,1,3,1,-1,-3,-1,2,2,5,2,2,-2,-2,-5,-2,-2
0,1,2249,2252,6747,6748,6749,6752,6753,6754,13495,13496,13497,13498,13499,13502,13503,13504,13505,13506,1,-1,2,-2,1,3,1,-1,-3,-1,2,2,5,2,2,-2,-2,-5,-2,-2
0,1,2251,2254,6753,6754,6755,6758,6759,6760,13507,13508,13509,13510,13511,13514,13515,13516,13517,13518,1,-1,2,-2,1,3,1,-1,-3,-1,2,2,5,2,2,-2,-2,-5,-2,-2
0,1,2253,2256,6759,6760,6761,6764,6765,6766,13519,13520,13521,13522,13523,13526,13527,13528,13529,13530,1,-1,2,-2,1,3,1,-1,-3,-1,2,2,5,2,2,-2,-2,-5,-2,-2
0,1,2255,2258,6765,6766,6767,6770,6771,6772,13531,13532,13533,13534,13535,13538,13539,13540,13541,13542,1,-1,2,-2,1,3,1,-1,-3,-1,2,2,5,2,2,-2,-2,-5,-2,-2
0,1,2257,2260,6771,6772,6773,6776,6777,6778,13543,13544,13545,13546,13547,13550,13551,13552,13553,13554,1,-1,2,-2,1,3,1,-1,-3,-1,2,2,5,2,2,-2,-2,-5,-2,-2
0,1,2259,2262,6777,6778,6779,6782,6783,6784,13555,13556,13557,13558,13559,13562,13563,13564,13565,13566,1,-1,2,-2,1,3,1,-1,-3,-1,2,2,5,2,2,-2,-2,-5,-2,-2
0,1,2261,2264,6783,6784,6785,6788,6789,6790,13567,13568,13569,13570,13571,13574,13575,13576,13577,13578,1,-1,2,-2,1,3,1,-1,-3,-1,2,2,5,2,2,-2,-2,-5,-2,-2
0,1,2263,2266,6789,6790,6791,6794,6795,6796,13579,13580,13581,13582,13583,13586,13587,13588,13589,13590,1,-1,2,-2,1,3,1,-1,-3,-1,2,2,5,2,2,-2,-2,-5,-2,-2
0,1,2265,2268,6795,6796,6797,6800,6801,6802,13591,13592,13593,13594,13595,13598,13599,13600,13601,13602,1,-1,2,-2,1,3,1,-1,-3,-1,2,2,5,2,2,-2,-2,-5,-2,-2
0,1,2267,2270,6801,6802,6803,6806,6807,6808,13603,13604,13605,13606,13607,13610,13611,13612,13613,13614,1,-1,2,-2,1,3,1,-1,-3,-1,2,2,5,2,2,-2,-2,-5,-2,-2
0,1,2269,2272,6807,6808,6809,6812,6813,6814,13615,13616,13617,13618,13619,13622,13623,13624,13625,13626,1,-1,2,-2,1,3,1,-1,-3,-1,2,2,5,2,2,-2,-2,-5,-2,-2
0,1,2271,2274,6813,6814,6815,6818,6819,6820,13627,13628,13629,13630,13631,13634,13635,13636,13637,13638,1,-1,2,-2,1,3,1,-1,-3,-1,2,2,5,2,2,-2,-2,-5,-2,-2
0,1,2273,2276,6819,6820,6821,6824,6825,6826,13639,13640,13641,13642,13643,13646,13647,13648,13649,13650,1,-1,2,-2,1,3,1,-1,-3,-1,2,2,5,2,2,-2,-2,-5,-2,-2
0,1,2275,2278,6825,6826,6827,6830,6831,6832,13651,13652,13653,13654,13655,13658,13659,13660,13661,13662,1,-1,2,-2,1,3,1,-1,-3,-1,2,2,5,2,2,-2,-2,-5,-2,-2
0,1,2277,2280,6831,6832,6833,6836,6837,6838,13663,13664,13665,13666,13667,13670,13671,13672,13673,13674,1,-1,2,-2,1,3,1,-1,-3,-1,2,2,5,2,2,-2,-2,-5,-2,-2
0,1,2279,2282,6837,6838,6839,6842,6843,6844,13675,13676,13677,13678,13679,13682,13683,13684,13685,13686,1,-1,2,-2,1,3,1,-1,-3,-1,2,2,5,2,2,-2,-2,-5,-2,-2
0,1,2281,2284,6843,6844,6845,6848,6849,6850,13687,13688,13689,13690,13691,13694,13695,13696,13697,13698,1,-1,2,-2,1,3,1,-1,-3,-1,2,2,5,2,2,-2,-2,-5,-2,-2
0,1,2283,2286,6849,6850,6851,6854,6855,6856,13699,13700,13701,13702,13703,13706,13707,13708,13709,13710,1,-1,2,-2,1,3,1,-1,-3,-1,2,2,5,2,2,-2,-2,-5,-2,-2
0,1,2285,2288,6855,6856,6857,6860,6861,6862,13711,13712,13713,13714,13715,13718,13719,13720,13721,13722,1,-1,2,-2,1,3,1,-1,-3,-1,2,2,5,2,2,-2,-2,-5,-2,-2
0,1,2287,2290,6861,6862,6863,6866,6867,6868,13723,13724,13725,13726,13727,13730,13731,13732,13733,13734,1,-1,2,-2,1,3,1,-1,-3,-1,2,2,5,2,2,-2,-2,-5,-2,-2
0,1,2289,2292,6867,6868,6869,6872,6873,6874,13735,13736,13737,13738,13739,13742,13743,13744,13745,13746,1,-1,2,-2,1,3,1,-1,-3,-1,2,2,5,2,2,-2,-2,-5,-2,-2
0,1,2291,2294,6873,6874,6875,6878,6879,6880,13747,13748,13749,13750,13751,13754,13755,13756,13757,13758,1,-1,2,-2,1,3,1,-1,-3,-1,2,2,5,2,2,-2,-2,-5,-2,-2
0,1,2293,2296,6879,6880,6881,6884,6885,6886,13759,13760,13761,13762,13763,13766,13767,13768,13769,13770,1,-1,2,-2,1,3,1,-1,-3,-1,2,2,5,2,2,-2,-2,-5,-2,-2
0,1,2295,2298,6885,6886,6887,6890,6891,6892,13771,13772,13773,13774,13775,13778,13779,13780,13781,13782,1,-1,2,-2,1,3,1,-1,-3,-1,2,2,5,2,2,-2,-2,-5,-2,-2
0,1,2297,2300,6891,6892,6893,6896,6897,6898,13783,13784,13785,13786,13787,13790,13791,13792,13793,13794,1,-1,2,-2,1,3,1,-1,-3,-1,2,2,5,2,2,-2,-2,-5,-2,-2
0,1,2299,2302,6897,6898,6899,6902,6903,6904,13795,13796,13797,13798,13799,13802,13803,13804,13805,13806,1,-1,2,-2,1,3,1,-1,-3,-1,2,2,5,2,2,-2,-2,-5,-2,-2
0,1,2301,2304,6903,6904,6905,6908,6909,6910,13807,13808,13809,13810,13811,13814,13815,13816,13817,13818,1,-1,2,-2,1,3,1,-1,-3,-1,2,2,5,2,2,-2,-2,-5,-2,-2
0,1,2303,2306,6909,6910,6911,6914,6915,6916,13819,13820,13821,13822,13823,13826,13827,13828,13829,13830,1,-1,2,-2,1,3,1,-1,-3,-1,2,2,5,2,2,-2,-2,-5,-2,-2
0,1,2305,2308,6915,6916,6917,6920,6921,6922,13831,13832,13833,13834,13835,13838,13839,13840,13841,13842,1,-1,2,-2,1,3,1,-1,-3,-1,2,2,5,2,2,-2,-2,-5,-2,-2
0,1,2307,2310,6921,6922,6923,6926,6927,6928,13843,13844,13845,13846,13847,13850,13851,13852,13853,13854,1,-1,2,-2,1,3,1,-1,-3,-1,2,2,5,2,2,-2,-2,-5,-2,-2
0,1,2309,2312,6927,6928,6929,6932,6933,6934,13855,13856,13857,13858,13859,13862,13863,13864,13865,13866,1,-1,2,-2,1,3,1,-1,-3,-1,2,2,5,2,2,-2,-2,-5,-2,-2
0,1,2311,2314,6933,6934,6935,6938,6939,6940,13867,13868,13869,13870,13871,13874,13875,13876,13877,13878,1,-1,2,-2,1,3,1,-1,-3,-1,2,2,5,2,2,-2,-2,-5,-2,-2
0,1,2313,2316,6939,6940,6941,6944,6945,6946,13879,13880,13881,13882,13883,13886,13887,13888,13889,13890,1,-1,2,-2,1,3,1,-1,-3,-1,2,2,5,2,2,-2,-2,-5,-2,-2
0,1,2315,2318,6945,6946,6947,6950,6951,6952,13891,13892,13893,13894,13895,13898,13899,13900,13901,13902,1,-1,2,-2,1,3,1,-1,-3,-1,2,2,5,2,2,-2,-2,-5,-2,-2
0,1,2317,2320,6951,6952,6953,6956,6957,6958,13903,13904,13905,13906,13907,13910,13911,13912,13913,13914,1,-1,2,-2,1,3,1,-1,-3,-1,2,2,5,2,2,-2,-2,-5,-2,-2
0,1,2319,2322,6957,6958,6959,6962,6963,6964,13915,13916,13917,13918,13919,13922,13923,13924,13925,13926,1,-1,2,-2,1,3,1,-1,-3,-1,2,2,5,2,2,-2,-2,-5,-2,-2
0,1,2321,2324,6963,6964,6965,6968,6969,6970,13927,13928,13929,13930,13931,13934,13935,13936,13937,13938,1,-1,2,-2,1,3,1,-1,-3,-1,2,2,5,2,2,-2,-2,-5,-2,-2
0,1,2323,2326,6969,6970,6971,6974,6975,6976,13939,13940,13941,13942,13943,13946,13947,13948,13949,13950,1,-1,2,-2,1,3,1,-1,-3,-1,2,2,5,2,2,-2,-2,-5,-2,-2
0,1,2325,2328,6975,6976,6977,6980,6981,6982,13951,13952,13953,13954,13955,13958,13959,13960,13961,13962,1,-1,2,-2,1,3,1,-1,-3,-1,2,2,5,2,2,-2,-2,-5,-2,-2
0,1,2327,2330,6981,6982,6983,6986,6987,6988,13963,13964,13965,13966,13967,13970,13971,13972,13973,13974,1,-1,2,-2,1,3,1,-1,-3,-1,2,2,5,2,2,-2,-2,-5,-2,-2
0,1,2329,2332,6987,6988,6989,6992,6993,6994,13975,13976,13977,13978,13979,13982,13983,13984,13985,13986,1,-1,2,-2,1,3,1,-1,-3,-1,2,2,5,2,2,-2,-2,-5,-2,-2
0,1,2331,2334,6993,6994,6995,6998,6999,7000,13987,13988,13989,13990,13991,13994,13995,13996,13997,13998,1,-1,2,-2,1,3,1,-1,-3,-1,2,2,5,2,2,-2,-2,-5,-2,-2
0,1,2333,2336,6999,7000,7001,7004,7005,7006,13999,14000,14001,14002,14003,14006,14007,14008,14009,14010,1,-1,2,-2,1,3,1,-1,-3,-1,2,2,5,2,2,-2,-2,-5,-2,-2
0,1,2335,2338,7005,7006,7007,7010,7011,7012,14011,14012,14013,14014,14015,14018,14019,14020,14021,14022,1,-1,2,-2,1,3,1,-1,-3,-1,2,2,5,2,2,-2,-2,-5,-2,-2
0,1,2337,2340,7011,7012,7013,7016,7017,7018,14023,14024,14025,14026,14027,14030,14031,14032,14033,14034,1,-1,2,-2,1,3,1,-1,-3,-1,2,2,5,2,2,-2,-2,-5,-2,-2
0,1,2339,2342,7017,7018,7019,7022,7023,7024,14035,14036,14037,14038,14039,14042,14043,14044,14045,14046,1,-1,2,-2,1,3,1,-1,-3,-1,2,2,5,2,2,-2,-2,-5,-2,-2
0,1,2341,2344,7023,7024,7025,7028,7029,7030,14047,14048,14049,14050,14051,14054,14055,14056,14057,14058,1,-1,2,-2,1,3,1,-1,-3,-1,2,2,5,2,2,-2,-2,-5,-2,-2
0,1,2343,2346,7029,7030,7031,7034,7035,7036,14059,14060,14061,14062,14063,14066,14067,14068,14069,14070,1,-1,2,-2,1,3,1,-1,-3,-1,2,2,5,2,2,-2,-2,-5,-2,-2
0,1,2345,2348,7035,7036,7037,7040,7041,7042,14071,14072,14073,14074,14075,14078,14079,14080,14081,14082,1,-1,2,-2,1,3,1,-1,-3,-1,2,2,5,2,2,-2,-2,-5,-2,-2
0,1,2347,2350,7041,7042,7043,7046,7047,7048,14083,14084,14085,14086,14087,14090,14091,14092,14093,14094,1,-1,2,-2,1,3,1,-1,-3,-1,2,2,5,2,2,-2,-2,-5,-2,-2
0,1,2349,2352,7047,7048,7049,7052,7053,7054,14095,14096,14097,14098,14099,14102,14103,14104,14105,14106,1,-1,2,-2,1,3,1,-1,-3,-1,2,2,5,2,2,-2,-2,-5,-2,-2
0,1,2351,2354,7053,7054,7055,7058,7059,7060,14107,14108,14109,14110,14111,14114,14115,14116,14117,14118,1,-1,2,-2,1,3,1,-1,-3,-1,2,2,5,2,2,-2,-2,-5,-2,-2
0,1,2353,2356,7059,7060,7061,7064,7065,7066,14119,14120,14121,14122,14123,14126,14127,14128,14129,14130,1,-1,2,-2,1,3,1,-1,-3,-1,2,2,5,2,2,-2,-2,-5,-2,-2
0,1,2355,2358,7065,7066,7067,7070,7071,7072,14131,14132,14133,14134,14135,14138,14139,14140,14141,14142,1,-1,2,-2,1,3,1,-1,-3,-1,2,2,5,2,2,-2,-2,-5,-2,-2
0,1,2357,2360,7071,7072,7073,7076,7077,7078,14143,14144,14145,14146,14147,14150,14151,14152,14153,14154,1,-1,2,-2,1,3,1,-1,-3,-1,2,2,5,2,2,-2,-2,-5,-2,-2
0,1,2359,2362,7077,7078,7079,7082,7083,7084,14155,14156,14157,14158,14159,14162,14163,14164,14165,14166,1,-1,2,-2,1,3,1,-1,-3,-1,2,2,5,2,2,-2,-2,-5,-2,-2
0,1,2361,2364,7083,7084,7085,7088,7089,7090,14167,14168,14169,14170,14171,14174,14175,14176,14177,14178,1,-1,2,-2,1,3,1,-1,-3,-1,2,2,5,2,2,-2,-2,-5,-2,-2
0,1,2363,2366,7089,7090,7091,7094,7095,7096,14179,14180,14181,14182,14183,14186,14187,14188,14189,14190,1,-1,2,-2,1,3,1,-1,-3,-1,2,2,5,2,2,-2,-2,-5,-2,-2
0,1,2365,2368,7095,7096,7097,7100,7101,7102,14191,14192,14193,14194,14195,14198,14199,14200,14201,14202,1,-1,2,-2,1,3,1,-1,-3,-1,2,2,5,2,2,-2,-2,-5,-2,-2
0,1,2367,2370,7101,7102,7103,7106,7107,7108,14203,14204,14205,14206,14207,14210,14211,14212,14213,14214,1,-1,2,-2,1,3,1,-1,-3,-1,2,2,5,2,2,-2,-2,-5,-2,-2
0,1,2369,2372,7107,7108,7109,7112,7113,7114,14215,14216,14217,14218,14219,14222,14223,14224,14225,14226,1,-1,2,-2,1,3,1,-1,-3,-1,2,2,5,2,2,-2,-2,-5,-2,-2
0,1,2371,2374,7113,7114,7115,7118,7119,7120,14227,14228,14229,14230,14231,14234,14235,14236,14237,14238,1,-1,2,-2,1,3,1,-1,-3,-1,2,2,5,2,2,-2,-2,-5,-2,-2
0,1,2373,2376,7119,7120,7121,7124,7125,7126,14239,14240,14241,14242,14243,14246,14247,14248,14249,14250,1,-1,2,-2,1,3,1,-1,-3,-1,2,2,5,2,2,-2,-2,-5,-2,-2
0,1,2375,2378,7125,7126,7127,7130,7131,7132,14251,14252,14253,14254,14255,14258,14259,14260,14261,14262,1,-1,2,-2,1,3,1,-1,-3,-1,2,2,5,2,2,-2,-2,-5,-2,-2
0,1,2377,2380,7131,7132,7133,7136,7137,7138,14263,14264,14265,14266,14267,14270,14271,14272,14273,14274,1,-1,2,-2,1,3,1,-1,-3,-1,2,2,5,2,2,-2,-2,-5,-2,-2
0,1,2379,2382,7137,7138,7139,7142,7143,7144,14275,14276,14277,14278,14279,14282,14283,14284,14285,14286,1,-1,2,-2,1,3,1,-1,-3,-1,2,2,5,2,2,-2,-2,-5,-2,-2
0,1,2381,2384,7143,7144,7145,7148,7149,7150,14287,14288,14289,14290,14291,14294,14295,14296,14297,14298,1,-1,2,-2,1,3,1,-1,-3,-1,2,2,5,2,2,-2,-2,-5,-2,-2
0,1,2383,2386,7149,7150,7151,7154,7155,7156,14299,14300,14301,14302,14303,14306,14307,14308,14309,14310,1,-1,2,-2,1,3,1,-1,-3,-1,2,2,5,2,2,-2,-2,-5,-2,-2
0,1,2385,2388,7155,7156,7157,7160,7161,7162,14311,14312,14313,14314,14315,14318,14319,14320,14321,14322,1,-1,2,-2,1,3,1,-1,-3,-1,2,2,5,2,2,-2,-2,-5,-2,-2
0,1,2387,2390,7161,7162,7163,7166,7167,7168,14323,14324,14325,14326,14327,14330,14331,14332,14333,14334,1,-1,2,-2,1,3,1,-1,-3,-1,2,2,5,2,2,-2,-2,-5,-2,-2
0,1,2389,2392,7167,7168,7169,7172,7173,7174,14335,14336,14337,14338,14339,14342,14343,14344,14345,14346,1,-1,2,-2,1,3,1,-1,-3,-1,2,2,5,2,2,-2,-2,-5,-2,-2
0,1,2391,2394,7173,7174,7175,7178,7179,7180,14347,14348,14349,14350,14351,14354,14355,14356,14357,14358,1,-1,2,-2,1,3,1,-1,-3,-1,2,2,5,2,2,-2,-2,-5,-2,-2
0,1,2393,2396,7179,7180,7181,7184,7185,7186,14359,14360,14361,14362,14363,14366,14367,14368,14369,14370,1,-1,2,-2,1,3,1,-1,-3,-1,2,2,5,2,2,-2,-2,-5,-2,-2
0,1,2395,2398,7185,7186,7187,7190,7191,7192,14371,14372,14373,14374,14375,14378,14379,14380,14381,14382,1,-1,2,-2,1,3,1,-1,-3,-1,2,2,5,2,2,-2,-2,-5,-2,-2
0,1,2397,2400,7191,7192,7193,7196,7197,7198,14383,14384,14385,14386,14387,14390,14391,14392,14393,14394,1,-1,2,-2,1,3,1,-1,-3,-1,2,2,5,2,2,-2,-2,-5,-2,-2
0,1,2399,2402,7197,7198,7199,7202,7203,7204,14395,14396,14397,14398,14399,14402,14403,14404,14405,14406,1,-1,2,-2,1,3,1,-1,-3,-1,2,2,5,2,2,-2,-2,-5,-2,-2
0,1,2401,2404,7203,7204,7205,7208,7209,7210,14407,14408,14409,14410,14411,14414,14415,14416,14417,14418,1,-1,2,-2,1,3,1,-1,-3,-1,2,2,5,2,2,-2,-2,-5,-2,-2
0,1,2403,2406,7209,7210,7211,7214,7215,7216,14419,14420,14421,14422,14423,14426,14427,14428,14429,14430,1,-1,2,-2,1,3,1,-1,-3,-1,2,2,5,2,2,-2,-2,-5,-2,-2
0,1,2405,2408,7215,7216,7217,7220,7221,7222,14431,14432,14433,14434,14435,14438,14439,14440,14441,14442,1,-1,2,-2,1,3,1,-1,-3,-1,2,2,5,2,2,-2,-2,-5,-2,-2
0,1,2407,2410,7221,7222,7223,7226,7227,7228,14443,14444,14445,14446,14447,14450,14451,14452,14453,14454,1,-1,2,-2,1,3,1,-1,-3,-1,2,2,5,2,2,-2,-2,-5,-2,-2
0,1,2409,2412,7227,7228,7229,7232,7233,7234,14455,14456,14457,14458,14459,14462,14463,14464,14465,14466,1,-1,2,-2,1,3,1,-1,-3,-1,2,2,5,2,2,-2,-2,-5,-2,-2
0,1,2411,2414,7233,7234,7235,7238,7239,7240,14467,14468,14469,14470,14471,14474,14475,14476,14477,14478,1,-1,2,-2,1,3,1,-1,-3,-1,2,2,5,2,2,-2,-2,-5,-2,-2
0,1,2413,2416,7239,7240,7241,7244,7245,7246,14479,14480,14481,14482,14483,14486,14487,14488,14489,14490,1,-1,2,-2,1,3,1,-1,-3,-1,2,2,5,2,2,-2,-2,-5,-2,-2
0,1,2415,2418,7245,7246,7247,7250,7251,7252,14491,14492,14493,14494,14495,14498,14499,14500,14501,14502,1,-1,2,-2,1,3,1,-1,-3,-1,2,2,5,2,2,-2,-2,-5,-2,-2
0,1,2417,2420,7251,7252,7253,7256,7257,7258,14503,14504,14505,14506,14507,14510,14511,14512,14513,14514,1,-1,2,-2,1,3,1,-1,-3,-1,2,2,5,2,2,-2,-2,-5,-2,-2
0,1,2419,2422,7257,7258,7259,7262,7263,7264,14515,14516,14517,14518,14519,14522,14523,14524,14525,14526,1,-1,2,-2,1,3,1,-1,-3,-1,2,2,5,2,2,-2,-2,-5,-2,-2
0,1,2421,2424,7263,7264,7265,7268,7269,7270,14527,14528,14529,14530,14531,14534,14535,14536,14537,14538,1,-1,2,-2,1,3,1,-1,-3,-1,2,2,5,2,2,-2,-2,-5,-2,-2
0,1,2423,2426,7269,7270,7271,7274,7275,7276,14539,14540,14541,14542,14543,14546,14547,14548,14549,14550,1,-1,2,-2,1,3,1,-1,-3,-1,2,2,5,2,2,-2,-2,-5,-2,-2
0,1,2425,2428,7275,7276,7277,7280,7281,7282,14551,14552,14553,14554,14555,14558,14559,14560,14561,14562,1,-1,2,-2,1,3,1,-1,-3,-1,2,2,5,2,2,-2,-2,-5,-2,-2
0,1,2427,2430,7281,7282,7283,7286,7287,7288,14563,14564,14565,14566,14567,14570,14571,14572,14573,14574,1,-1,2,-2,1,3,1,-1,-3,-1,2,2,5,2,2,-2,-2,-5,-2,-2
0,1,2429,2432,7287,7288,7289,7292,7293,7294,14575,14576,14577,14578,14579,14582,14583,14584,14585,14586,1,-1,2,-2,1,3,1,-1,-3,-1,2,2,5,2,2,-2,-2,-5,-2,-2
0,1,2431,2434,7293,7294,7295,7298,7299,7300,14587,14588,14589,14590,14591,14594,14595,14596,14597,14598,1,-1,2,-2,1,3,1,-1,-3,-1,2,2,5,2,2,-2,-2,-5,-2,-2
0,1,2433,2436,7299,7300,7301,7304,7305,7306,14599,14600,14601,14602,14603,14606,14607,14608,14609,14610,1,-1,2,-2,1,3,1,-1,-3,-1,2,2,5,2,2,-2,-2,-5,-2,-2
0,1,2435,2438,7305,7306,7307,7310,7311,7312,14611,14612,14613,14614,14615,14618,14619,14620,14621,14622,1,-1,2,-2,1,3,1,-1,-3,-1,2,2,5,2,2,-2,-2,-5,-2,-2
0,1,2437,2440,7311,7312,7313,7316,7317,7318,14623,14624,14625,14626,14627,14630,14631,14632,14633,14634,1,-1,2,-2,1,3,1,-1,-3,-1,2,2,5,2,2,-2,-2,-5,-2,-2
0,1,2439,2442,7317,7318,7319,7322,7323,7324,14635,14636,14637,14638,14639,14642,14643,14644,14645,14646,1,-1,2,-2,1,3,1,-1,-3,-1,2,2,5,2,2,-2,-2,-5,-2,-2
0,1,2441,2444,7323,7324,7325,7328,7329,7330,14647,14648,14649,14650,14651,14654,14655,14656,14657,14658,1,-1,2,-2,1,3,1,-1,-3,-1,2,2,5,2,2,-2,-2,-5,-2,-2
0,1,2443,2446,7329,7330,7331,7334,7335,7336,14659,14660,14661,14662,14663,14666,14667,14668,14669,14670,1,-1,2,-2,1,3,1,-1,-3,-1,2,2,5,2,2,-2,-2,-5,-2,-2
0,1,2445,2448,7335,7336,7337,7340,7341,7342,14671,14672,14673,14674,14675,14678,14679,14680,14681,14682,1,-1,2,-2,1,3,1,-1,-3,-1,2,2,5,2,2,-2,-2,-5,-2,-2
0,1,2447,2450,7341,7342,7343,7346,7347,7348,14683,14684,14685,14686,14687,14690,14691,14692,14693,14694,1,-1,2,-2,1,3,1,-1,-3,-1,2,2,5,2,2,-2,-2,-5,-2,-2
0,1,2449,2452,7347,7348,7349,7352,7353,7354,14695,14696,14697,14698,14699,14702,14703,14704,14705,14706,1,-1,2,-2,1,3,1,-1,-3,-1,2,2,5,2,2,-2,-2,-5,-2,-2
0,1,2451,2454,7353,7354,7355,7358,7359,7360,14707,14708,14709,14710,14711,14714,14715,14716,14717,14718,1,-1,2,-2,1,3,1,-1,-3,-1,2,2,5,2,2,-2,-2,-5,-2,-2
0,1,2453,2456,7359,7360,7361,7364,7365,7366,14719,14720,14721,14722,14723,14726,14727,14728,14729,14730,1,-1,2,-2,1,3,1,-1,-3,-1,2,2,5,2,2,-2,-2,-5,-2,-2
0,1,2455,2458,7365,7366,7367,7370,7371,7372,14731,14732,14733,14734,14735,14738,14739,14740,14741,14742,1,-1,2,-2,1,3,1,-1,-3,-1,2,2,5,2,2,-2,-2,-5,-2,-2
0,1,2457,2460,7371,7372,7373,7376,7377,7378,14743,14744,14745,14746,14747,14750,14751,14752,14753,14754,1,-1,2,-2,1,3,1,-1,-3,-1,2,2,5,2,2,-2,-2,-5,-2,-2
0,1,2459,2462,7377,7378,7379,7382,7383,7384,14755,14756,14757,14758,14759,14762,14763,14764,14765,14766,1,-1,2,-2,1,3,1,-1,-3,-1,2,2,5,2,2,-2,-2,-5,-2,-2
0,1,2461,2464,7383,7384,7385,7388,7389,7390,14767,14768,14769,14770,14771,14774,14775,14776,14777,14778,1,-1,2,-2,1,3,1,-1,-3,-1,2,2,5,2,2,-2,-2,-5,-2,-2
0,1,2463,2466,7389,7390,7391,7394,7395,7396,14779,14780,14781,14782,14783,14786,14787,14788,14789,14790,1,-1,2,-2,1,3,1,-1,-3,-1,2,2,5,2,2,-2,-2,-5,-2,-2
0,1,2465,2468,7395,7396,7397,7400,7401,7402,14791,14792,14793,14794,14795,14798,14799,14800,14801,14802,1,-1,2,-2,1,3,1,-1,-3,-1,2,2,5,2,2,-2,-2,-5,-2,-2
0,1,2467,2470,7401,7402,7403,7406,7407,7408,14803,14804,14805,14806,14807,14810,14811,14812,14813,14814,1,-1,2,-2,1,3,1,-1,-3,-1,2,2,5,2,2,-2,-2,-5,-2,-2
0,1,2469,2472,7407,7408,7409,7412,7413,7414,14815,14816,14817,14818,14819,14822,14823,14824,14825,14826,1,-1,2,-2,1,3,1,-1,-3,-1,2,2,5,2,2,-2,-2,-5,-2,-2
0,1,2471,2474,7413,7414,7415,7418,7419,7420,14827,14828,14829,14830,14831,14834,14835,14836,14837,14838,1,-1,2,-2,1,3,1,-1,-3,-1,2,2,5,2,2,-2,-2,-5,-2,-2
0,1,2473,2476,7419,7420,7421,7424,7425,7426,14839,14840,14841,14842,14843,14846,14847,14848,14849,14850,1,-1,2,-2,1,3,1,-1,-3,-1,2,2,5,2,2,-2,-2,-5,-2,-2
0,1,2475,2478,7425,7426,7427,7430,7431,7432,14851,14852,14853,14854,14855,14858,14859,14860,14861,14862,1,-1,2,-2,1,3,1,-1,-3,-1,2,2,5,2,2,-2,-2,-5,-2,-2
0,1,2477,2480,7431,7432,7433,7436,7437,7438,14863,14864,14865,14866,14867,14870,14871,14872,14873,14874,1,-1,2,-2,1,3,1,-1,-3,-1,2,2,5,2,2,-2,-2,-5,-2,-2
0,1,2479,2482,7437,7438,7439,7442,7443,7444,14875,14876,14877,14878,14879,14882,14883,14884,14885,14886,1,-1,2,-2,1,3,1,-1,-3,-1,2,2,5,2,2,-2,-2,-5,-2,-2
0,1,2481,2484,7443,7444,7445,7448,7449,7450,14887,14888,14889,14890,14891,14894,14895,14896,14897,14898,1,-1,2,-2,1,3,1,-1,-3,-1,2,2,5,2,2,-2,-2,-5,-2,-2
0,1,2483,2486,7449,7450,7451,7454,7455,7456,14899,14900,14901,14902,14903,14906,14907,14908,14909,14910,1,-1,2,-2,1,3,1,-1,-3,-1,2,2,5,2,2,-2,-2,-5,-2,-2
0,1,2485,2488,7455,7456,7457,7460,7461,7462,14911,14912,14913,14914,14915,14918,14919,14920,14921,14922,1,-1,2,-2,1,3,1,-1,-3,-1,2,2,5,2,2,-2,-2,-5,-2,-2
0,1,2487,2490,7461,7462,7463,7466,7467,7468,14923,14924,14925,14926,14927,14930,14931,14932,14933,14934,1,-1,2,-2,1,3,1,-1,-3,-1,2,2,5,2,2,-2,-2,-5,-2,-2
0,1,2489,2492,7467,7468,7469,7472,7473,7474,14935,14936,14937,14938,14939,14942,14943,14944,14945,14946,1,-1,2,-2,1,3,1,-1,-3,-1,2,2,5,2,2,-2,-2,-5,-2,-2
0,1,2491,2494,7473,7474,7475,7478,7479,7480,14947,14948,14949,14950,14951,14954,14955,14956,14957,14958,1,-1,2,-2,1,3,1,-1,-3,-1,2,2,5,2,2,-2,-2,-5,-2,-2
0,1,2493,2496,7479,7480,7481,7484,7485,7486,14959,14960,14961,14962,14963,14966,14967,14968,14969,14970,1,-1,2,-2,1,3,1,-1,-3,-1,2,2,5,2,2,-2,-2,-5,-2,-2
0,1,2495,2498,7485,7486,7487,7490,7491,7492,14971,14972,14973,14974,14975,14978,14979,14980,14981,14982,1,-1,2,-2,1,3,1,-1,-3,-1,2,2,5,2,2,-2,-2,-5,-2,-2
0,1,2497,2500,7491,7492,7493,7496,7497,7498,14983,14984,14985,14986,14987,14990,14991,14992,14993,14994,1,-1,2,-2,1,3,1,-1,-3,-1,2,2,5,2,2,-2,-2,-5,-2,-2
0,1,2499,2502,7497,7498,7499,7502,7503,7504,14995,14996,14997,14998,14999,15002,15003,15004,15005,15006,1,-1,2,-2,1,3,1,-1,-3,-1,2,2,5,2,2,-2,-2,-5,-2,-2
0,1,2501,2504,7503,7504,7505,7508,7509,7510,15007,15008,15009,15010,15011,15014,15015,15016,15017,15018,1,-1,2,-2,1,3,1,-1,-3,-1,2,2,5,2,2,-2,-2,-5,-2,-2
0,1,2503,2506,7509,7510,7511,7514,7515,7516,15019,15020,15021,15022,15023,15026,15027,15028,15029,15030,1,-1,2,-2,1,3,1,-1,-3,-1,2,2,5,2,2,-2,-2,-5,-2,-2
0,1,2505,2508,7515,7516,7517,7520,7521,7522,15031,15032,15033,15034,15035,15038,15039,15040,15041,15042,1,-1,2,-2,1,3,1,-1,-3,-1,2,2,5,2,2,-2,-2,-5,-2,-2
0,1,2507,2510,7521,7522,7523,7526,7527,7528,15043,15044,15045,15046,15047,15050,15051,15052,15053,15054,1,-1,2,-2,1,3,1,-1,-3,-1,2,2,5,2,2,-2,-2,-5,-2,-2
0,1,2509,2512,7527,7528,7529,7532,7533,7534,15055,15056,15057,15058,15059,15062,15063,15064,15065,15066,1,-1,2,-2,1,3,1,-1,-3,-1,2,2,5,2,2,-2,-2,-5,-2,-2
0,1,2511,2514,7533,7534,7535,7538,7539,7540,15067,15068,15069,15070,15071,15074,15075,15076,15077,15078,1,-1,2,-2,1,3,1,-1,-3,-1,2,2,5,2,2,-2,-2,-5,-2,-2
0,1,2513,2516,7539,7540,7541,7544,7545,7546,15079,15080,15081,15082,15083,15086,15087,15088,15089,15090,1,-1,2,-2,1,3,1,-1,-3,-1,2,2,5,2,2,-2,-2,-5,-2,-2
0,1,2515,2518,7545,7546,7547,7550,7551,7552,15091,15092,15093,15094,15095,15098,15099,15100,15101,15102,1,-1,2,-2,1,3,1,-1,-3,-1,2,2,5,2,2,-2,-2,-5,-2,-2
0,1,2517,2520,7551,7552,7553,7556,7557,7558,15103,15104,15105,15106,15107,15110,15111,15112,15113,15114,1,-1,2,-2,1,3,1,-1,-3,-1,2,2,5,2,2,-2,-2,-5,-2,-2
0,1,2519,2522,7557,7558,7559,7562,7563,7564,15115,15116,15117,15118,15119,15122,15123,15124,15125,15126,1,-1,2,-2,1,3,1,-1,-3,-1,2,2,5,2,2,-2,-2,-5,-2,-2
0,1,2521,2524,7563,7564,7565,7568,7569,7570,15127,15128,15129,15130,15131,15134,15135,15136,15137,15138,1,-1,2,-2,1,3,1,-1,-3,-1,2,2,5,2,2,-2,-2,-5,-2,-2
0,1,2523,2526,7569,7570,7571,7574,7575,7576,15139,15140,15141,15142,15143,15146,15147,15148,15149,15150,1,-1,2,-2,1,3,1,-1,-3,-1,2,2,5,2,2,-2,-2,-5,-2,-2
0,1,2525,2528,7575,7576,7577,7580,7581,7582,15151,15152,15153,15154,15155,15158,15159,15160,15161,15162,1,-1,2,-2,1,3,1,-1,-3,-1,2,2,5,2,2,-2,-2,-5,-2,-2
0,1,2527,2530,7581,7582,7583,7586,7587,7588,15163,15164,15165,15166,15167,15170,15171,15172,15173,15174,1,-1,2,-2,1,3,1,-1,-3,-1,2,2,5,2,2,-2,-2,-5,-2,-2
0,1,2529,2532,7587,7588,7589,7592,7593,7594,15175,15176,15177,15178,15179,15182,15183,15184,15185,15186,1,-1,2,-2,1,3,1,-1,-3,-1,2,2,5,2,2,-2,-2,-5,-2,-2
0,1,2531,2534,7593,7594,7595,7598,7599,7600,15187,15188,15189,15190,15191,15194,15195,15196,15197,15198,1,-1,2,-2,1,3,1,-1,-3,-1,2,2,5,2,2,-2,-2,-5,-2,-2
0,1,2533,2536,7599,7600,7601,7604,7605,7606,15199,15200,15201,15202,15203,15206,15207,15208,15209,15210,1,-1,2,-2,1,3,1,-1,-3,-1,2,2,5,2,2,-2,-2,-5,-2,-2
0,1,2535,2538,7605,7606,7607,7610,7611,7612,15211,15212,15213,15214,15215,15218,15219,15220,15221,15222,1,-1,2,-2,1,3,1,-1,-3,-1,2,2,5,2,2,-2,-2,-5,-2,-2
0,1,2537,2540,7611,7612,7613,7616,7617,7618,15223,15224,15225,15226,15227,15230,15231,15232,15233,15234,1,-1,2,-2,1,3,1,-1,-3,-1,2,2,5,2,2,-2,-2,-5,-2,-2
0,1,2539,2542,7617,7618,7619,7622,7623,7624,15235,15236,15237,15238,15239,15242,15243,15244,15245,15246,1,-1,2,-2,1,3,1,-1,-3,-1,2,2,5,2,2,-2,-2,-5,-2,-2
0,1,2541,2544,7623,7624,7625,7628,7629,7630,15247,15248,15249,15250,15251,15254,15255,15256,15257,15258,1,-1,2,-2,1,3,1,-1,-3,-1,2,2,5,2,2,-2,-2,-5,-2,-2
0,1,2543,2546,7629,7630,7631,7634,7635,7636,15259,15260,15261,15262,15263,15266,15267,15268,15269,15270,1,-1,2,-2,1,3,1,-1,-3,-1,2,2,5,2,2,-2,-2,-5,-2,-2
0,1,2545,2548,7635,7636,7637,7640,7641,7642,15271,15272,15273,15274,15275,15278,15279,15280,15281,15282,1,-1,2,-2,1,3,1,-1,-3,-1,2,2,5,2,2,-2,-2,-5,-2,-2
0,1,2547,2550,7641,7642,7643,7646,7647,7648,15283,15284,15285,15286,15287,15290,15291,15292,15293,15294,1,-1,2,-2,1,3,1,-1,-3,-1,2,2,5,2,2,-2,-2,-5,-2,-2
0,1,2549,2552,7647,7648,7649,7652,7653,7654,15295,15296,15297,15298,15299,15302,15303,15304,15305,15306,1,-1,2,-2,1,3,1,-1,-3,-1,2,2,5,2,2,-2,-2,-5,-2,-2
0,1,2551,2554,7653,7654,7655,7658,7659,7660,15307,15308,15309,15310,15311,15314,15315,15316,15317,15318,1,-1,2,-2,1,3,1,-1,-3,-1,2,2,5,2,2,-2,-2,-5,-2,-2
0,1,2553,2556,7659,7660,7661,7664,7665,7666,15319,15320,15321,15322,15323,15326,15327,15328,15329,15330,1,-1,2,-2,1,3,1,-1,-3,-1,2,2,5,2,2,-2,-2,-5,-2,-2
0,1,2555,2558,7665,7666,7667,7670,7671,7672,15331,15332,15333,15334,15335,15338,15339,15340,15341,15342,1,-1,2,-2,1,3,1,-1,-3,-1,2,2,5,2,2,-2,-2,-5,-2,-2
0,1,2557,2560,7671,7672,7673,7676,7677,7678,15343,15344,15345,15346,15347,15350,15351,15352,15353,15354,1,-1,2,-2,1,3,1,-1,-3,-1,2,2,5,2,2,-2,-2,-5,-2,-2
0,1,2559,2562,7677,7678,7679,7682,7683,7684,15355,15356,15357,15358,15359,15362,15363,15364,15365,15366,1,-1,2,-2,1,3,1,-1,-3,-1,2,2,5,2,2,-2,-2,-5,-2,-2
0,1,2561,2564,7683,7684,7685,7688,7689,7690,15367,15368,15369,15370,15371,15374,15375,15376,15377,15378,1,-1,2,-2,1,3,1,-1,-3,-1,2,2,5,2,2,-2,-2,-5,-2,-2
0,1,2563,2566,7689,7690,7691,7694,7695,7696,15379,15380,15381,15382,15383,15386,15387,15388,15389,15390,1,-1,2,-2,1,3,1,-1,-3,-1,2,2,5,2,2,-2,-2,-5,-2,-2
0,1,2565,2568,7695,7696,7697,7700,7701,7702,15391,15392,15393,15394,15395,15398,15399,15400,15401,15402,1,-1,2,-2,1,3,1,-1,-3,-1,2,2,5,2,2,-2,-2,-5,-2,-2
0,1,2567,2570,7701,7702,7703,7706,7707,7708,15403,15404,15405,15406,15407,15410,15411,15412,15413,15414,1,-1,2,-2,1,3,1,-1,-3,-1,2,2,5,2,2,-2,-2,-5,-2,-2
0,1,2569,2572,7707,7708,7709,7712,7713,7714,15415,15416,15417,15418,15419,15422,15423,15424,15425,15426,1,-1,2,-2,1,3,1,-1,-3,-1,2,2,5,2,2,-2,-2,-5,-2,-2
0,1,2571,2574,7713,7714,7715,7718,7719,7720,15427,15428,15429,15430,15431,15434,15435,15436,15437,15438,1,-1,2,-2,1,3,1,-1,-3,-1,2,2,5,2,2,-2,-2,-5,-2,-2
0,1,2573,2576,7719,7720,7721,7724,7725,7726,15439,15440,15441,15442,15443,15446,15447,15448,15449,15450,1,-1,2,-2,1,3,1,-1,-3,-1,2,2,5,2,2,-2,-2,-5,-2,-2
0,1,2575,2578,7725,7726,7727,7730,7731,7732,15451,15452,15453,15454,15455,15458,15459,15460,15461,15462,1,-1,2,-2,1,3,1,-1,-3,-1,2,2,5,2,2,-2,-2,-5,-2,-2
0,1,2577,2580,7731,7732,7733,7736,7737,7738,15463,15464,15465,15466,15467,15470,15471,15472,15473,15474,1,-1,2,-2,1,3,1,-1,-3,-1,2,2,5,2,2,-2,-2,-5,-2,-2
0,1,2579,2582,7737,7738,7739,7742,7743,7744,15475,15476,15477,15478,15479,15482,15483,15484,15485,15486,1,-1,2,-2,1,3,1,-1,-3,-1,2,2,5,2,2,-2,-2,-5,-2,-2
0,1,2581,2584,7743,7744,7745,7748,7749,7750,15487,15488,15489,15490,15491,15494,15495,15496,15497,15498,1,-1,2,-2,1,3,1,-1,-3,-1,2,2,5,2,2,-2,-2,-5,-2,-2
0,1,2583,2586,7749,7750,7751,7754,7755,7756,15499,15500,15501,15502,15503,15506,15507,15508,15509,15510,1,-1,2,-2,1,3,1,-1,-3,-1,2,2,5,2,2,-2,-2,-5,-2,-2
0,1,2585,2588,7755,7756,7757,7760,7761,7762,15511,15512,15513,15514,15515,15518,15519,15520,15521,15522,1,-1,2,-2,1,3,1,-1,-3,-1,2,2,5,2,2,-2,-2,-5,-2,-2
0,1,2587,2590,7761,7762,7763,7766,7767,7768,15523,15524,15525,15526,15527,15530,15531,15532,15533,15534,1,-1,2,-2,1,3,1,-1,-3,-1,2,2,5,2,2,-2,-2,-5,-2,-2
0,1,2589,2592,7767,7768,7769,7772,7773,7774,15535,15536,15537,15538,15539,15542,15543,15544,15545,15546,1,-1,2,-2,1,3,1,-1,-3,-1,2,2,5,2,2,-2,-2,-5,-2,-2
0,1,2591,2594,7773,7774,7775,7778,7779,7780,15547,15548,15549,15550,15551,15554,15555,15556,15557,15558,1,-1,2,-2,1,3,1,-1,-3,-1,2,2,5,2,2,-2,-2,-5,-2,-2
0,1,2593,2596,7779,7780,7781,7784,7785,7786,15559,15560,15561,15562,15563,15566,15567,15568,15569,15570,1,-1,2,-2,1,3,1,-1,-3,-1,2,2,5,2,2,-2,-2,-5,-2,-2
0,1,2595,2598,7785,7786,7787,7790,7791,7792,15571,15572,15573,15574,15575,15578,15579,15580,15581,15582,1,-1,2,-2,1,3,1,-1,-3,-1,2,2,5,2,2,-2,-2,-5,-2,-2
0,1,2597,2600,7791,7792,7793,7796,7797,7798,15583,15584,15585,15586,15587,15590,15591,15592,15593,15594,1,-1,2,-2,1,3,1,-1,-3,-1,2,2,5,2,2,-2,-2,-5,-2,-2
0,1,2599,2602,7797,7798,7799,7802,7803,7804,15595,15596,15597,15598,15599,15602,15603,15604,15605,15606,1,-1,2,-2,1,3,1,-1,-3,-1,2,2,5,2,2,-2,-2,-5,-2,-2
0,1,2601,2604,7803,7804,7805,7808,7809,7810,15607,15608,15609,15610,15611,15614,15615,15616,15617,15618,1,-1,2,-2,1,3,1,-1,-3,-1,2,2,5,2,2,-2,-2,-5,-2,-2
0,1,2603,2606,7809,7810,7811,7814,7815,7816,15619,15620,15621,15622,15623,15626,15627,15628,15629,15630,1,-1,2,-2,1,3,1,-1,-3,-1,2,2,5,2,2,-2,-2,-5,-2,-2
0,1,2605,2608,7815,7816,7817,7820,7821,7822,15631,15632,15633,15634,15635,15638,15639,15640,15641,15642,1,-1,2,-2,1,3,1,-1,-3,-1,2,2,5,2,2,-2,-2,-5,-2,-2
0,1,2607,2610,7821,7822,7823,7826,7827,7828,15643,15644,15645,15646,15647,15650,15651,15652,15653,15654,1,-1,2,-2,1,3,1,-1,-3,-1,2,2,5,2,2,-2,-2,-5,-2,-2
0,1,2609,2612,7827,7828,7829,7832,7833,7834,15655,15656,15657,15658,15659,15662,15663,15664,15665,15666,1,-1,2,-2,1,3,1,-1,-3,-1,2,2,5,2,2,-2,-2,-5,-2,-2
0,1,2611,2614,7833,7834,7835,7838,7839,7840,15667,15668,15669,15670,15671,15674,15675,15676,15677,15678,1,-1,2,-2,1,3,1,-1,-3,-1,2,2,5,2,2,-2,-2,-5,-2,-2
0,1,2613,2616,7839,7840,7841,7844,7845,7846,15679,15680,15681,15682,15683,15686,15687,15688,15689,15690,1,-1,2,-2,1,3,1,-1,-3,-1,2,2,5,2,2,-2,-2,-5,-2,-2
0,1,2615,2618,7845,7846,7847,7850,7851,7852,15691,15692,15693,15694,15695,15698,15699,15700,15701,15702,1,-1,2,-2,1,3,1,-1,-3,-1,2,2,5,2,2,-2,-2,-5,-2,-2
0,1,2617,2620,7851,7852,7853,7856,7857,7858,15703,15704,15705,15706,15707,15710,15711,15712,15713,15714,1,-1,2,-2,1,3,1,-1,-3,-1,2,2,5,2,2,-2,-2,-5,-2,-2
0,1,2619,2622,7857,7858,7859,7862,7863,7864,15715,15716,15717,15718,15719,15722,15723,15724,15725,15726,1,-1,2,-2,1,3,1,-1,-3,-1,2,2,5,2,2,-2,-2,-5,-2,-2
0,1,2621,2624,7863,7864,7865,7868,7869,7870,15727,15728,15729,15730,15731,15734,15735,15736,15737,15738,1,-1,2,-2,1,3,1,-1,-3,-1,2,2,5,2,2,-2,-2,-5,-2,-2
0,1,2623,2626,7869,7870,7871,7874,7875,7876,15739,15740,15741,15742,15743,15746,15747,15748,15749,15750,1,-1,2,-2,1,3,1,-1,-3,-1,2,2,5,2,2,-2,-2,-5,-2,-2
0,1,2625,2628,7875,7876,7877,7880,7881,7882,15751,15752,15753,15754,15755,15758,15759,15760,15761,15762,1,-1,2,-2,1,3,1,-1,-3,-1,2,2,5,2,2,-2,-2,-5,-2,-2
0,1,2627,2630,7881,7882,7883,7886,7887,7888,15763,15764,15765,15766,15767,15770,15771,15772,15773,15774,1,-1,2,-2,1,3,1,-1,-3,-1,2,2,5,2,2,-2,-2,-5,-2,-2
0,1,2629,2632,7887,7888,7889,7892,7893,7894,15775,15776,15777,15778,15779,15782,15783,15784,15785,15786,1,-1,2,-2,1,3,1,-1,-3,-1,2,2,5,2,2,-2,-2,-5,-2,-2
0,1,2631,2634,7893,7894,7895,7898,7899,7900,15787,15788,15789,15790,15791,15794,15795,15796,15797,15798,1,-1,2,-2,1,3,1,-1,-3,-1,2,2,5,2,2,-2,-2,-5,-2,-2
0,1,2633,2636,7899,7900,7901,7904,7905,7906,15799,15800,15801,15802,15803,15806,15807,15808,15809,15810,1,-1,2,-2,1,3,1,-1,-3,-1,2,2,5,2,2,-2,-2,-5,-2,-2
0,1,2635,2638,7905,7906,7907,7910,7911,7912,15811,15812,15813,15814,15815,15818,15819,15820,15821,15822,1,-1,2,-2,1,3,1,-1,-3,-1,2,2,5,2,2,-2,-2,-5,-2,-2
0,1,2637,2640,7911,7912,7913,7916,7917,7918,15823,15824,15825,15826,15827,15830,15831,15832,15833,15834,1,-1,2,-2,1,3,1,-1,-3,-1,2,2,5,2,2,-2,-2,-5,-2,-2
0,1,2639,2642,7917,7918,7919,7922,7923,7924,15835,15836,15837,15838,15839,15842,15843,15844,15845,15846,1,-1,2,-2,1,3,1,-1,-3,-1,2,2,5,2,2,-2,-2,-5,-2,-2
0,1,2641,2644,7923,7924,7925,7928,7929,7930,15847,15848,15849,15850,15851,15854,15855,15856,15857,15858,1,-1,2,-2,1,3,1,-1,-3,-1,2,2,5,2,2,-2,-2,-5,-2,-2
0,1,2643,2646,7929,7930,7931,7934,7935,7936,15859,15860,15861,15862,15863,15866,15867,15868,15869,15870,1,-1,2,-2,1,3,1,-1,-3,-1,2,2,5,2,2,-2,-2,-5,-2,-2
0,1,2645,2648,7935,7936,7937,7940,7941,7942,15871,15872,15873,15874,15875,15878,15879,15880,15881,15882,1,-1,2,-2,1,3,1,-1,-3,-1,2,2,5,2,2,-2,-2,-5,-2,-2
0,1,2647,2650,7941,7942,7943,7946,7947,7948,15883,15884,15885,15886,15887,15890,15891,15892,15893,15894,1,-1,2,-2,1,3,1,-1,-3,-1,2,2,5,2,2,-2,-2,-5,-2,-2
0,1,2649,2652,7947,7948,7949,7952,7953,7954,15895,15896,15897,15898,15899,15902,15903,15904,15905,15906,1,-1,2,-2,1,3,1,-1,-3,-1,2,2,5,2,2,-2,-2,-5,-2,-2
0,1,2651,2654,7953,7954,7955,7958,7959,7960,15907,15908,15909,15910,15911,15914,15915,15916,15917,15918,1,-1,2,-2,1,3,1,-1,-3,-1,2,2,5,2,2,-2,-2,-5,-2,-2
0,1,2653,2656,7959,7960,7961,7964,7965,7966,15919,15920,15921,15922,15923,15926,15927,15928,15929,15930,1,-1,2,-2,1,3,1,-1,-3,-1,2,2,5,2,2,-2,-2,-5,-2,-2
0,1,2655,2658,7965,7966,7967,7970,7971,7972,15931,15932,15933,15934,15935,15938,15939,15940,15941,15942,1,-1,2,-2,1,3,1,-1,-3,-1,2,2,5,2,2,-2,-2,-5,-2,-2
0,1,2657,2660,7971,7972,7973,7976,7977,7978,15943,15944,15945,15946,15947,15950,15951,15952,15953,15954,1,-1,2,-2,1,3,1,-1,-3,-1,2,2,5,2,2,-2,-2,-5,-2,-2
0,1,2659,2662,7977,7978,7979,7982,7983,7984,15955,15956,15957,15958,15959,15962,15963,15964,15965,15966,1,-1,2,-2,1,3,1,-1,-3,-1,2,2,5,2,2,-2,-2,-5,-2,-2
0,1,2661,2664,7983,7984,7985,7988,7989,7990,15967,15968,15969,15970,15971,15974,15975,15976,15977,15978,1,-1,2,-2,1,3,1,-1,-3,-1,2,2,5,2,2,-2,-2,-5,-2,-2
0,1,2663,2666,7989,7990,7991,7994,7995,7996,15979,15980,15981,15982,15983,15986,15987,15988,15989,15990,1,-1,2,-2,1,3,1,-1,-3,-1,2,2,5,2,2,-2,-2,-5,-2,-2
0,1,2665,2668,7995,7996,7997,8000,8001,8002,15991,15992,15993,15994,15995,15998,15999,16000,16001,16002,1,-1,2,-2,1,3,1,-1,-3,-1,2,2,5,2,2,-2,-2,-5,-2,-2
0,1,2667,2670,8001,8002,8003,8006,8007,8008,16003,16004,16005,16006,16007,16010,16011,16012,16013,16014,1,-1,2,-2,1,3,1,-1,-3,-1,2,2,5,2,2,-2,-2,-5,-2,-2
0,1,2669,2672,8007,8008,8009,8012,8013,8014,16015,16016,16017,16018,16019,16022,16023,16024,16025,16026,1,-1,2,-2,1,3,1,-1,-3,-1,2,2,5,2,2,-2,-2,-5,-2,-2
0,1,2671,2674,8013,8014,8015,8018,8019,8020,16027,16028,16029,16030,16031,16034,16035,16036,16037,16038,1,-1,2,-2,1,3,1,-1,-3,-1,2,2,5,2,2,-2,-2,-5,-2,-2
0,1,2673,2676,8019,8020,8021,8024,8025,8026,16039,16040,16041,16042,16043,16046,16047,16048,16049,16050,1,-1,2,-2,1,3,1,-1,-3,-1,2,2,5,2,2,-2,-2,-5,-2,-2
0,1,2675,2678,8025,8026,8027,8030,8031,8032,16051,16052,16053,16054,16055,16058,16059,16060,16061,16062,1,-1,2,-2,1,3,1,-1,-3,-1,2,2,5,2,2,-2,-2,-5,-2,-2
0,1,2677,2680,8031,8032,8033,8036,8037,8038,16063,16064,16065,16066,16067,16070,16071,16072,16073,16074,1,-1,2,-2,1,3,1,-1,-3,-1,2,2,5,2,2,-2,-2,-5,-2,-2
0,1,2679,2682,8037,8038,8039,8042,8043,8044,16075,16076,16077,16078,16079,16082,16083,16084,16085,16086,1,-1,2,-2,1,3,1,-1,-3,-1,2,2,5,2,2,-2,-2,-5,-2,-2
0,1,2681,2684,8043,8044,8045,8048,8049,8050,16087,16088,16089,16090,16091,16094,16095,16096,16097,16098,1,-1,2,-2,1,3,1,-1,-3,-1,2,2,5,2,2,-2,-2,-5,-2,-2
0,1,2683,2686,8049,8050,8051,8054,8055,8056,16099,16100,16101,16102,16103,16106,16107,16108,16109,16110,1,-1,2,-2,1,3,1,-1,-3,-1,2,2,5,2,2,-2,-2,-5,-2,-2
0,1,2685,2688,8055,8056,8057,8060,8061,8062,16111,16112,16113,16114,16115,16118,16119,16120,16121,16122,1,-1,2,-2,1,3,1,-1,-3,-1,2,2,5,2,2,-2,-2,-5,-2,-2
0,1,2687,2690,8061,8062,8063,8066,8067,8068,16123,16124,16125,16126,16127,16130,16131,16132,16133,16134,1,-1,2,-2,1,3,1,-1,-3,-1,2,2,5,2,2,-2,-2,-5,-2,-2
0,1,2689,2692,8067,8068,8069,8072,8073,8074,16135,16136,16137,16138,16139,16142,16143,16144,16145,16146,1,-1,2,-2,1,3,1,-1,-3,-1,2,2,5,2,2,-2,-2,-5,-2,-2
0,1,2691,2694,8073,8074,8075,8078,8079,8080,16147,16148,16149,16150,16151,16154,16155,16156,16157,16158,1,-1,2,-2,1,3,1,-1,-3,-1,2,2,5,2,2,-2,-2,-5,-2,-2
0,1,2693,2696,8079,8080,8081,8084,8085,8086,16159,16160,16161,16162,16163,16166,16167,16168,16169,16170,1,-1,2,-2,1,3,1,-1,-3,-1,2,2,5,2,2,-2,-2,-5,-2,-2
0,1,2695,2698,8085,8086,8087,8090,8091,8092,16171,16172,16173,16174,16175,16178,16179,16180,16181,16182,1,-1,2,-2,1,3,1,-1,-3,-1,2,2,5,2,2,-2,-2,-5,-2,-2
0,1,2697,2700,8091,8092,8093,8096,8097,8098,16183,16184,16185,16186,16187,16190,16191,16192,16193,16194,1,-1,2,-2,1,3,1,-1,-3,-1,2,2,5,2,2,-2,-2,-5,-2,-2
0,1,2699,2702,8097,8098,8099,8102,8103,8104,16195,16196,16197,16198,16199,16202,16203,16204,16205,16206,1,-1,2,-2,1,3,1,-1,-3,-1,2,2,5,2,2,-2,-2,-5,-2,-2
0,1,2701,2704,8103,8104,8105,8108,8109,8110,16207,16208,16209,16210,16211,16214,16215,16216,16217,16218,1,-1,2,-2,1,3,1,-1,-3,-1,2,2,5,2,2,-2,-2,-5,-2,-2
0,1,2703,2706,8109,8110,8111,8114,8115,8116,16219,16220,16221,16222,16223,16226,16227,16228,16229,16230,1,-1,2,-2,1,3,1,-1,-3,-1,2,2,5,2,2,-2,-2,-5,-2,-2
0,1,2705,2708,8115,8116,8117,8120,8121,8122,16231,16232,16233,16234,16235,16238,16239,16240,16241,16242,1,-1,2,-2,1,3,1,-1,-3,-1,2,2,5,2,2,-2,-2,-5,-2,-2
0,1,2707,2710,8121,8122,8123,8126,8127,8128,16243,16244,16245,16246,16247,16250,16251,16252,16253,16254,1,-1,2,-2,1,3,1,-1,-3,-1,2,2,5,2,2,-2,-2,-5,-2,-2
0,1,2709,2712,8127,8128,8129,8132,8133,8134,16255,16256,16257,16258,16259,16262,16263,16264,16265,16266,1,-1,2,-2,1,3,1,-1,-3,-1,2,2,5,2,2,-2,-2,-5,-2,-2
0,1,2711,2714,8133,8134,8135,8138,8139,8140,16267,16268,16269,16270,16271,16274,16275,16276,16277,16278,1,-1,2,-2,1,3,1,-1,-3,-1,2,2,5,2,2,-2,-2,-5,-2,-2
0,1,2713,2716,8139,8140,8141,8144,8145,8146,16279,16280,16281,16282,16283,16286,16287,16288,16289,16290,1,-1,2,-2,1,3,1,-1,-3,-1,2,2,5,2,2,-2,-2,-5,-2,-2
0,1,2715,2718,8145,8146,8147,8150,8151,8152,16291,16292,16293,16294,16295,16298,16299,16300,16301,16302,1,-1,2,-2,1,3,1,-1,-3,-1,2,2,5,2,2,-2,-2,-5,-2,-2
0,1,2717,2720,8151,8152,8153,8156,8157,8158,16303,16304,16305,16306,16307,16310,16311,16312,16313,16314,1,-1,2,-2,1,3,1,-1,-3,-1,2,2,5,2,2,-2,-2,-5,-2,-2
0,1,2719,2722,8157,8158,8159,8162,8163,8164,16315,16316,16317,16318,16319,16322,16323,16324,16325,16326,1,-1,2,-2,1,3,1,-1,-3,-1,2,2,5,2,2,-2,-2,-5,-2,-2
0,1,2721,2724,8163,8164,8165,8168,8169,8170,16327,16328,16329,16330,16331,16334,16335,16336,16337,16338,1,-1,2,-2,1,3,1,-1,-3,-1,2,2,5,2,2,-2,-2,-5,-2,-2
0,1,2723,2726,8169,8170,8171,8174,8175,8176,16339,16340,16341,16342,16343,16346,16347,16348,16349,16350,1,-1,2,-2,1,3,1,-1,-3,-1,2,2,5,2,2,-2,-2,-5,-2,-2
0,1,2725,2728,8175,8176,8177,8180,8181,8182,16351,16352,16353,16354,16355,16358,16359,16360,16361,16362,1,-1,2,-2,1,3,1,-1,-3,-1,2,2,5,2,2,-2,-2,-5,-2,-2
0,1,2727,2730,8181,8182,8183,8186,8187,8188,16363,16364,16365,16366,16367,16370,16371,16372,16373,16374,1,-1,2,-2,1,3,1,-1,-3,-1,2,2,5,2,2,-2,-2,-5,-2,-2
0,1,2729,2732,8187,8188,8189,8192,8193,8194,16375,16376,16377,16378,16379,16382,16383,16384,16385,16386,1,-1,2,-2,1,3,1,-1,-3,-1,2,2,5,2,2,-2,-2,-5,-2,-2
0,1,2731,2734,8193,8194,8195,8198,8199,8200,16387,16388,16389,16390,16391,16394,16395,16396,16397,16398,1,-1,2,-2,1,3,1,-1,-3,-1,2,2,5,2,2,-2,-2,-5,-2,-2
0,1,2733,2736,8199,8200,8201,8204,8205,8206,16399,16400,16401,16402,16403,16406,16407,16408,16409,16410,1,-1,2,-2,1,3,1,-1,-3,-1,2,2,5,2,2,-2,-2,-5,-2,-2
0,1,2735,2738,8205,8206,8207,8210,8211,8212,16411,16412,16413,16414,16415,16418,16419,16420,16421,16422,1,-1,2,-2,1,3,1,-1,-3,-1,2,2,5,2,2,-2,-2,-5,-2,-2
0,1,2737,2740,8211,8212,8213,8216,8217,8218,16423,16424,16425,16426,16427,16430,16431,16432,16433,16434,1,-1,2,-2,1,3,1,-1,-3,-1,2,2,5,2,2,-2,-2,-5,-2,-2
0,1,2739,2742,8217,8218,8219,8222,8223,8224,16435,16436,16437,16438,16439,16442,16443,16444,16445,16446,1,-1,2,-2,1,3,1,-1,-3,-1,2,2,5,2,2,-2,-2,-5,-2,-2
0,1,2741,2744,8223,8224,8225,8228,8229,8230,16447,16448,16449,16450,16451,16454,16455,16456,16457,16458,1,-1,2,-2,1,3,1,-1,-3,-1,2,2,5,2,2,-2,-2,-5,-2,-2
0,1,2743,2746,8229,8230,8231,8234,8235,8236,16459,16460,16461,16462,16463,16466,16467,16468,16469,16470,1,-1,2,-2,1,3,1,-1,-3,-1,2,2,5,2,2,-2,-2,-5,-2,-2
0,1,2745,2748,8235,8236,8237,8240,8241,8242,16471,16472,16473,16474,16475,16478,16479,16480,16481,16482,1,-1,2,-2,1,3,1,-1,-3,-1,2,2,5,2,2,-2,-2,-5,-2,-2
0,1,2747,2750,8241,8242,8243,8246,8247,8248,16483,16484,16485,16486,16487,16490,16491,16492,16493,16494,1,-1,2,-2,1,3,1,-1,-3,-1,2,2,5,2,2,-2,-2,-5,-2,-2
0,1,2749,2752,8247,8248,8249,8252,8253,8254,16495,16496,16497,16498,16499,16502,16503,16504,16505,16506,1,-1,2,-2,1,3,1,-1,-3,-1,2,2,5,2,2,-2,-2,-5,-2,-2
0,1,2751,2754,8253,8254,8255,8258,8259,8260,16507,16508,16509,16510,16511,16514,16515,16516,16517,16518,1,-1,2,-2,1,3,1,-1,-3,-1,2,2,5,2,2,-2,-2,-5,-2,-2
0,1,2753,2756,8259,8260,8261,8264,8265,8266,16519,16520,16521,16522,16523,16526,16527,16528,16529,16530,1,-1,2,-2,1,3,1,-1,-3,-1,2,2,5,2,2,-2,-2,-5,-2,-2
0,1,2755,2758,8265,8266,8267,8270,8271,8272,16531,16532,16533,16534,16535,16538,16539,16540,16541,16542,1,-1,2,-2,1,3,1,-1,-3,-1,2,2,5,2,2,-2,-2,-5,-2,-2
0,1,2757,2760,8271,8272,8273,8276,8277,8278,16543,16544,16545,16546,16547,16550,16551,16552,16553,16554,1,-1,2,-2,1,3,1,-1,-3,-1,2,2,5,2,2,-2,-2,-5,-2,-2
0,1,2759,2762,8277,8278,8279,8282,8283,8284,16555,16556,16557,16558,16559,16562,16563,16564,16565,16566,1,-1,2,-2,1,3,1,-1,-3,-1,2,2,5,2,2,-2,-2,-5,-2,-2
0,1,2761,2764,8283,8284,8285,8288,8289,8290,16567,16568,16569,16570,16571,16574,16575,16576,16577,16578,1,-1,2,-2,1,3,1,-1,-3,-1,2,2,5,2,2,-2,-2,-5,-2,-2
0,1,2763,2766,8289,8290,8291,8294,8295,8296,16579,16580,16581,16582,16583,16586,16587,16588,16589,16590,1,-1,2,-2,1,3,1,-1,-3,-1,2,2,5,2,2,-2,-2,-5,-2,-2
0,1,2765,2768,8295,8296,8297,8300,8301,8302,16591,16592,16593,16594,16595,16598,16599,16600,16601,16602,1,-1,2,-2,1,3,1,-1,-3,-1,2,2,5,2,2,-2,-2,-5,-2,-2
0,1,2767,2770,8301,8302,8303,8306,8307,8308,16603,16604,16605,16606,16607,16610,16611,16612,16613,16614,1,-1,2,-2,1,3,1,-1,-3,-1,2,2,5,2,2,-2,-2,-5,-2,-2
0,1,2769,2772,8307,8308,8309,8312,8313,8314,16615,16616,16617,16618,16619,16622,16623,16624,16625,16626,1,-1,2,-2,1,3,1,-1,-3,-1,2,2,5,2,2,-2,-2,-5,-2,-2
0,1,2771,2774,8313,8314,8315,8318,8319,8320,16627,16628,16629,16630,16631,16634,16635,16636,16637,16638,1,-1,2,-2,1,3,1,-1,-3,-1,2,2,5,2,2,-2,-2,-5,-2,-2
0,1,2773,2776,8319,8320,8321,8324,8325,8326,16639,16640,16641,16642,16643,16646,16647,16648,16649,16650,1,-1,2,-2,1,3,1,-1,-3,-1,2,2,5,2,2,-2,-2,-5,-2,-2
0,1,2775,2778,8325,8326,8327,8330,8331,8332,16651,16652,16653,16654,16655,16658,16659,16660,16661,16662,1,-1,2,-2,1,3,1,-1,-3,-1,2,2,5,2,2,-2,-2,-5,-2,-2
0,1,2777,2780,8331,8332,8333,8336,8337,8338,16663,16664,16665,16666,16667,16670,16671,16672,16673,16674,1,-1,2,-2,1,3,1,-1,-3,-1,2,2,5,2,2,-2,-2,-5,-2,-2
0,1,2779,2782,8337,8338,8339,8342,8343,8344,16675,16676,16677,16678,16679,16682,16683,16684,16685,16686,1,-1,2,-2,1,3,1,-1,-3,-1,2,2,5,2,2,-2,-2,-5,-2,-2
0,1,2781,2784,8343,8344,8345,8348,8349,8350,16687,16688,16689,16690,16691,16694,16695,16696,16697,16698,1,-1,2,-2,1,3,1,-1,-3,-1,2,2,5,2,2,-2,-2,-5,-2,-2
0,1,2783,2786,8349,8350,8351,8354,8355,8356,16699,16700,16701,16702,16703,16706,16707,16708,16709,16710,1,-1,2,-2,1,3,1,-1,-3,-1,2,2,5,2,2,-2,-2,-5,-2,-2
0,1,2785,2788,8355,8356,8357,8360,8361,8362,16711,16712,16713,16714,16715,16718,16719,16720,16721,16722,1,-1,2,-2,1,3,1,-1,-3,-1,2,2,5,2,2,-2,-2,-5,-2,-2
0,1,2787,2790,8361,8362,8363,8366,8367,8368,16723,16724,16725,16726,16727,16730,16731,16732,16733,16734,1,-1,2,-2,1,3,1,-1,-3,-1,2,2,5,2,2,-2,-2,-5,-2,-2
0,1,2789,2792,8367,8368,8369,8372,8373,8374,16735,16736,16737,16738,16739,16742,16743,16744,16745,16746,1,-1,2,-2,1,3,1,-1,-3,-1,2,2,5,2,2,-2,-2,-5,-2,-2
0,1,2791,2794,8373,8374,8375,8378,8379,8380,16747,16748,16749,16750,16751,16754,16755,16756,16757,16758,1,-1,2,-2,1,3,1,-1,-3,-1,2,2,5,2,2,-2,-2,-5,-2,-2
0,1,2793,2796,8379,8380,8381,8384,8385,8386,16759,16760,16761,16762,16763,16766,16767,16768,16769,16770,1,-1,2,-2,1,3,1,-1,-3,-1,2,2,5,2,2,-2,-2,-5,-2,-2
0,1,2795,2798,8385,8386,8387,8390,8391,8392,16771,16772,16773,16774,16775,16778,16779,16780,16781,16782,1,-1,2,-2,1,3,1,-1,-3,-1,2,2,5,2,2,-2,-2,-5,-2,-2
0,1,2797,2800,8391,8392,8393,8396,8397,8398,16783,16784,16785,16786,16787,16790,16791,16792,16793,16794,1,-1,2,-2,1,3,1,-1,-3,-1,2,2,5,2,2,-2,-2,-5,-2,-2
0,1,2799,2802,8397,8398,8399,8402,8403,8404,16795,16796,16797,16798,16799,16802,16803,16804,16805,16806,1,-1,2,-2,1,3,1,-1,-3,-1,2,2,5,2,2,-2,-2,-5,-2,-2
0,1,2801,2804,8403,8404,8405,8408,8409,8410,16807,16808,16809,16810,16811,16814,16815,16816,16817,16818,1,-1,2,-2,1,3,1,-1,-3,-1,2,2,5,2,2,-2,-2,-5,-2,-2
0,1,2803,2806,8409,8410,8411,8414,8415,8416,16819,16820,16821,16822,16823,16826,16827,16828,16829,16830,1,-1,2,-2,1,3,1,-1,-3,-1,2,2,5,2,2,-2,-2,-5,-2,-2
0,1,2805,2808,8415,8416,8417,8420,8421,8422,16831,16832,16833,16834,16835,16838,16839,16840,16841,16842,1,-1,2,-2,1,3,1,-1,-3,-1,2,2,5,2,2,-2,-2,-5,-2,-2
0,1,2807,2810,8421,8422,8423,8426,8427,8428,16843,16844,16845,16846,16847,16850,16851,16852,16853,16854,1,-1,2,-2,1,3,1,-1,-3,-1,2,2,5,2,2,-2,-2,-5,-2,-2
0,1,2809,2812,8427,8428,8429,8432,8433,8434,16855,16856,16857,16858,16859,16862,16863,16864,16865,16866,1,-1,2,-2,1,3,1,-1,-3,-1,2,2,5,2,2,-2,-2,-5,-2,-2
0,1,2811,2814,8433,8434,8435,8438,8439,8440,16867,16868,16869,16870,16871,16874,16875,16876,16877,16878,1,-1,2,-2,1,3,1,-1,-3,-1,2,2,5,2,2,-2,-2,-5,-2,-2
0,1,2813,2816,8439,8440,8441,8444,8445,8446,16879,16880,16881,16882,16883,16886,16887,16888,16889,16890,1,-1,2,-2,1,3,1,-1,-3,-1,2,2,5,2,2,-2,-2,-5,-2,-2
0,1,2815,2818,8445,8446,8447,8450,8451,8452,16891,16892,16893,16894,16895,16898,16899,16900,16901,16902,1,-1,2,-2,1,3,1,-1,-3,-1,2,2,5,2,2,-2,-2,-5,-2,-2
0,1,2817,2820,8451,8452,8453,8456,8457,8458,16903,16904,16905,16906,16907,16910,16911,16912,16913,16914,1,-1,2,-2,1,3,1,-1,-3,-1,2,2,5,2,2,-2,-2,-5,-2,-2
0,1,2819,2822,8457,8458,8459,8462,8463,8464,16915,16916,16917,16918,16919,16922,16923,16924,16925,16926,1,-1,2,-2,1,3,1,-1,-3,-1,2,2,5,2,2,-2,-2,-5,-2,-2
0,1,2821,2824,8463,8464,8465,8468,8469,8470,16927,16928,16929,16930,16931,16934,16935,16936,16937,16938,1,-1,2,-2,1,3,1,-1,-3,-1,2,2,5,2,2,-2,-2,-5,-2,-2
0,1,2823,2826,8469,8470,8471,8474,8475,8476,16939,16940,16941,16942,16943,16946,16947,16948,16949,16950,1,-1,2,-2,1,3,1,-1,-3,-1,2,2,5,2,2,-2,-2,-5,-2,-2
0,1,2825,2828,8475,8476,8477,8480,8481,8482,16951,16952,16953,16954,16955,16958,16959,16960,16961,16962,1,-1,2,-2,1,3,1,-1,-3,-1,2,2,5,2,2,-2,-2,-5,-2,-2
0,1,2827,2830,8481,8482,8483,8486,8487,8488,16963,16964,16965,16966,16967,16970,16971,16972,16973,16974,1,-1,2,-2,1,3,1,-1,-3,-1,2,2,5,2,2,-2,-2,-5,-2,-2
0,1,2829,2832,8487,8488,8489,8492,8493,8494,16975,16976,16977,16978,16979,16982,16983,16984,16985,16986,1,-1,2,-2,1,3,1,-1,-3,-1,2,2,5,2,2,-2,-2,-5,-2,-2
0,1,2831,2834,8493,8494,8495,8498,8499,8500,16987,16988,16989,16990,16991,16994,16995,16996,16997,16998,1,-1,2,-2,1,3,1,-1,-3,-1,2,2,5,2,2,-2,-2,-5,-2,-2
0,1,2833,2836,8499,8500,8501,8504,8505,8506,16999,17000,17001,17002,17003,17006,17007,17008,17009,17010,1,-1,2,-2,1,3,1,-1,-3,-1,2,2,5,2,2,-2,-2,-5,-2,-2
0,1,2835,2838,8505,8506,8507,8510,8511,8512,17011,17012,17013,17014,17015,17018,17019,17020,17021,17022,1,-1,2,-2,1,3,1,-1,-3,-1,2,2,5,2,2,-2,-2,-5,-2,-2
0,1,2837,2840,8511,8512,8513,8516,8517,8518,17023,17024,17025,17026,17027,17030,17031,17032,17033,17034,1,-1,2,-2,1,3,1,-1,-3,-1,2,2,5,2,2,-2,-2,-5,-2,-2
0,1,2839,2842,8517,8518,8519,8522,8523,8524,17035,17036,17037,17038,17039,17042,17043,17044,17045,17046,1,-1,2,-2,1,3,1,-1,-3,-1,2,2,5,2,2,-2,-2,-5,-2,-2
0,1,2841,2844,8523,8524,8525,8528,8529,8530,17047,17048,17049,17050,17051,17054,17055,17056,17057,17058,1,-1,2,-2,1,3,1,-1,-3,-1,2,2,5,2,2,-2,-2,-5,-2,-2
0,1,2843,2846,8529,8530,8531,8534,8535,8536,17059,17060,17061,17062,17063,17066,17067,17068,17069,17070,1,-1,2,-2,1,3,1,-1,-3,-1,2,2,5,2,2,-2,-2,-5,-2,-2
0,1,2845,2848,8535,8536,8537,8540,8541,8542,17071,17072,17073,17074,17075,17078,17079,17080,17081,17082,1,-1,2,-2,1,3,1,-1,-3,-1,2,2,5,2,2,-2,-2,-5,-2,-2
0,1,2847,2850,8541,8542,8543,8546,8547,8548,17083,17084,17085,17086,17087,17090,17091,17092,17093,17094,1,-1,2,-2,1,3,1,-1,-3,-1,2,2,5,2,2,-2,-2,-5,-2,-2
0,1,2849,2852,8547,8548,8549,8552,8553,8554,17095,17096,17097,17098,17099,17102,17103,17104,17105,17106,1,-1,2,-2,1,3,1,-1,-3,-1,2,2,5,2,2,-2,-2,-5,-2,-2
0,1,2851,2854,8553,8554,8555,8558,8559,8560,17107,17108,17109,17110,17111,17114,17115,17116,17117,17118,1,-1,2,-2,1,3,1,-1,-3,-1,2,2,5,2,2,-2,-2,-5,-2,-2
0,1,2853,2856,8559,8560,8561,8564,8565,8566,17119,17120,17121,17122,17123,17126,17127,17128,17129,17130,1,-1,2,-2,1,3,1,-1,-3,-1,2,2,5,2,2,-2,-2,-5,-2,-2
0,1,2855,2858,8565,8566,8567,8570,8571,8572,17131,17132,17133,17134,17135,17138,17139,17140,17141,17142,1,-1,2,-2,1,3,1,-1,-3,-1,2,2,5,2,2,-2,-2,-5,-2,-2
0,1,2857,2860,8571,8572,8573,8576,8577,8578,17143,17144,17145,17146,17147,17150,17151,17152,17153,17154,1,-1,2,-2,1,3,1,-1,-3,-1,2,2,5,2,2,-2,-2,-5,-2,-2
0,1,2859,2862,8577,8578,8579,8582,8583,8584,17155,17156,17157,17158,17159,17162,17163,17164,17165,17166,1,-1,2,-2,1,3,1,-1,-3,-1,2,2,5,2,2,-2,-2,-5,-2,-2
0,1,2861,2864,8583,8584,8585,8588,8589,8590,17167,17168,17169,17170,17171,17174,17175,17176,17177,17178,1,-1,2,-2,1,3,1,-1,-3,-1,2,2,5,2,2,-2,-2,-5,-2,-2
0,1,2863,2866,8589,8590,8591,8594,8595,8596,17179,17180,17181,17182,17183,17186,17187,17188,17189,17190,1,-1,2,-2,1,3,1,-1,-3,-1,2,2,5,2,2,-2,-2,-5,-2,-2
0,1,2865,2868,8595,8596,8597,8600,8601,8602,17191,17192,17193,17194,17195,17198,17199,17200,17201,17202,1,-1,2,-2,1,3,1,-1,-3,-1,2,2,5,2,2,-2,-2,-5,-2,-2
0,1,2867,2870,8601,8602,8603,8606,8607,8608,17203,17204,17205,17206,17207,17210,17211,17212,17213,17214,1,-1,2,-2,1,3,1,-1,-3,-1,2,2,5,2,2,-2,-2,-5,-2,-2
0,1,2869,2872,8607,8608,8609,8612,8613,8614,17215,17216,17217,17218,17219,17222,17223,17224,17225,17226,1,-1,2,-2,1,3,1,-1,-3,-1,2,2,5,2,2,-2,-2,-5,-2,-2
0,1,2871,2874,8613,8614,8615,8618,8619,8620,17227,17228,17229,17230,17231,17234,17235,17236,17237,17238,1,-1,2,-2,1,3,1,-1,-3,-1,2,2,5,2,2,-2,-2,-5,-2,-2
0,1,2873,2876,8619,8620,8621,8624,8625,8626,17239,17240,17241,17242,17243,17246,17247,17248,17249,17250,1,-1,2,-2,1,3,1,-1,-3,-1,2,2,5,2,2,-2,-2,-5,-2,-2
0,1,2875,2878,8625,8626,8627,8630,8631,8632,17251,17252,17253,17254,17255,17258,17259,17260,17261,17262,1,-1,2,-2,1,3,1,-1,-3,-1,2,2,5,2,2,-2,-2,-5,-2,-2
0,1,2877,2880,8631,8632,8633,8636,8637,8638,17263,17264,17265,17266,17267,17270,17271,17272,17273,17274,1,-1,2,-2,1,3,1,-1,-3,-1,2,2,5,2,2,-2,-2,-5,-2,-2
0,1,2879,2882,8637,8638,8639,8642,8643,8644,17275,17276,17277,17278,17279,17282,17283,17284,17285,17286,1,-1,2,-2,1,3,1,-1,-3,-1,2,2,5,2,2,-2,-2,-5,-2,-2
0,1,2881,2884,8643,8644,8645,8648,8649,8650,17287,17288,17289,17290,17291,17294,17295,17296,17297,17298,1,-1,2,-2,1,3,1,-1,-3,-1,2,2,5,2,2,-2,-2,-5,-2,-2
0,1,2883,2886,8649,8650,8651,8654,8655,8656,17299,17300,17301,17302,17303,17306,17307,17308,17309,17310,1,-1,2,-2,1,3,1,-1,-3,-1,2,2,5,2,2,-2,-2,-5,-2,-2
0,1,2885,2888,8655,8656,8657,8660,8661,8662,17311,17312,17313,17314,17315,17318,17319,17320,17321,17322,1,-1,2,-2,1,3,1,-1,-3,-1,2,2,5,2,2,-2,-2,-5,-2,-2
0,1,2887,2890,8661,8662,8663,8666,8667,8668,17323,17324,17325,17326,17327,17330,17331,17332,17333,17334,1,-1,2,-2,1,3,1,-1,-3,-1,2,2,5,2,2,-2,-2,-5,-2,-2
0,1,2889,2892,8667,8668,8669,8672,8673,8674,17335,17336,17337,17338,17339,17342,17343,17344,17345,17346,1,-1,2,-2,1,3,1,-1,-3,-1,2,2,5,2,2,-2,-2,-5,-2,-2
0,1,2891,2894,8673,8674,8675,8678,8679,8680,17347,17348,17349,17350,17351,17354,17355,17356,17357,17358,1,-1,2,-2,1,3,1,-1,-3,-1,2,2,5,2,2,-2,-2,-5,-2,-2
0,1,2893,2896,8679,8680,8681,8684,8685,8686,17359,17360,17361,17362,17363,17366,17367,17368,17369,17370,1,-1,2,-2,1,3,1,-1,-3,-1,2,2,5,2,2,-2,-2,-5,-2,-2
0,1,2895,2898,8685,8686,8687,8690,8691,8692,17371,17372,17373,17374,17375,17378,17379,17380,17381,17382,1,-1,2,-2,1,3,1,-1,-3,-1,2,2,5,2,2,-2,-2,-5,-2,-2
0,1,2897,2900,8691,8692,8693,8696,8697,8698,17383,17384,17385,17386,17387,17390,17391,17392,17393,17394,1,-1,2,-2,1,3,1,-1,-3,-1,2,2,5,2,2,-2,-2,-5,-2,-2
0,1,2899,2902,8697,8698,8699,8702,8703,8704,17395,17396,17397,17398,17399,17402,17403,17404,17405,17406,1,-1,2,-2,1,3,1,-1,-3,-1,2,2,5,2,2,-2,-2,-5,-2,-2
0,1,2901,2904,8703,8704,8705,8708,8709,8710,17407,17408,17409,17410,17411,17414,17415,17416,17417,17418,1,-1,2,-2,1,3,1,-1,-3,-1,2,2,5,2,2,-2,-2,-5,-2,-2
0,1,2903,2906,8709,8710,8711,8714,8715,8716,17419,17420,17421,17422,17423,17426,17427,17428,17429,17430,1,-1,2,-2,1,3,1,-1,-3,-1,2,2,5,2,2,-2,-2,-5,-2,-2
0,1,2905,2908,8715,8716,8717,8720,8721,8722,17431,17432,17433,17434,17435,17438,17439,17440,17441,17442,1,-1,2,-2,1,3,1,-1,-3,-1,2,2,5,2,2,-2,-2,-5,-2,-2
0,1,2907,2910,8721,8722,8723,8726,8727,8728,17443,17444,17445,17446,17447,17450,17451,17452,17453,17454,1,-1,2,-2,1,3,1,-1,-3,-1,2,2,5,2,2,-2,-2,-5,-2,-2
0,1,2909,2912,8727,8728,8729,8732,8733,8734,17455,17456,17457,17458,17459,17462,17463,17464,17465,17466,1,-1,2,-2,1,3,1,-1,-3,-1,2,2,5,2,2,-2,-2,-5,-2,-2
0,1,2911,2914,8733,8734,8735,8738,8739,8740,17467,17468,17469,17470,17471,17474,17475,17476,17477,17478,1,-1,2,-2,1,3,1,-1,-3,-1,2,2,5,2,2,-2,-2,-5,-2,-2
0,1,2913,2916,8739,8740,8741,8744,8745,8746,17479,17480,17481,17482,17483,17486,17487,17488,17489,17490,1,-1,2,-2,1,3,1,-1,-3,-1,2,2,5,2,2,-2,-2,-5,-2,-2
0,1,2915,2918,8745,8746,8747,8750,8751,8752,17491,17492,17493,17494,17495,17498,17499,17500,17501,17502,1,-1,2,-2,1,3,1,-1,-3,-1,2,2,5,2,2,-2,-2,-5,-2,-2
0,1,2917,2920,8751,8752,8753,8756,8757,8758,17503,17504,17505,17506,17507,17510,17511,17512,17513,17514,1,-1,2,-2,1,3,1,-1,-3,-1,2,2,5,2,2,-2,-2,-5,-2,-2
0,1,2919,2922,8757,8758,8759,8762,8763,8764,17515,17516,17517,17518,17519,17522,17523,17524,17525,17526,1,-1,2,-2,1,3,1,-1,-3,-1,2,2,5,2,2,-2,-2,-5,-2,-2
0,1,2921,2924,8763,8764,8765,8768,8769,8770,17527,17528,17529,17530,17531,17534,17535,17536,17537,17538,1,-1,2,-2,1,3,1,-1,-3,-1,2,2,5,2,2,-2,-2,-5,-2,-2
0,1,2923,2926,8769,8770,8771,8774,8775,8776,17539,17540,17541,17542,17543,17546,17547,17548,17549,17550,1,-1,2,-2,1,3,1,-1,-3,-1,2,2,5,2,2,-2,-2,-5,-2,-2
0,1,2925,2928,8775,8776,8777,8780,8781,8782,17551,17552,17553,17554,17555,17558,17559,17560,17561,17562,1,-1,2,-2,1,3,1,-1,-3,-1,2,2,5,2,2,-2,-2,-5,-2,-2
0,1,2927,2930,8781,8782,8783,8786,8787,8788,17563,17564,17565,17566,17567,17570,17571,17572,17573,17574,1,-1,2,-2,1,3,1,-1,-3,-1,2,2,5,2,2,-2,-2,-5,-2,-2
0,1,2929,2932,8787,8788,8789,8792,8793,8794,17575,17576,17577,17578,17579,17582,17583,17584,17585,17586,1,-1,2,-2,1,3,1,-1,-3,-1,2,2,5,2,2,-2,-2,-5,-2,-2
0,1,2931,2934,8793,8794,8795,8798,8799,8800,17587,17588,17589,17590,17591,17594,17595,17596,17597,17598,1,-1,2,-2,1,3,1,-1,-3,-1,2,2,5,2,2,-2,-2,-5,-2,-2
0,1,2933,2936,8799,8800,8801,8804,8805,8806,17599,17600,17601,17602,17603,17606,17607,17608,17609,17610,1,-1,2,-2,1,3,1,-1,-3,-1,2,2,5,2,2,-2,-2,-5,-2,-2
0,1,2935,2938,8805,8806,8807,8810,8811,8812,17611,17612,17613,17614,17615,17618,17619,17620,17621,17622,1,-1,2,-2,1,3,1,-1,-3,-1,2,2,5,2,2,-2,-2,-5,-2,-2
0,1,2937,2940,8811,8812,8813,8816,8817,8818,17623,17624,17625,17626,17627,17630,17631,17632,17633,17634,1,-1,2,-2,1,3,1,-1,-3,-1,2,2,5,2,2,-2,-2,-5,-2,-2
0,1,2939,2942,8817,8818,8819,8822,8823,8824,17635,17636,17637,17638,17639,17642,17643,17644,17645,17646,1,-1,2,-2,1,3,1,-1,-3,-1,2,2,5,2,2,-2,-2,-5,-2,-2
0,1,2941,2944,8823,8824,8825,8828,8829,8830,17647,17648,17649,17650,17651,17654,17655,17656,17657,17658,1,-1,2,-2,1,3,1,-1,-3,-1,2,2,5,2,2,-2,-2,-5,-2,-2
0,1,2943,2946,8829,8830,8831,8834,8835,8836,17659,17660,17661,17662,17663,17666,17667,17668,17669,17670,1,-1,2,-2,1,3,1,-1,-3,-1,2,2,5,2,2,-2,-2,-5,-2,-2
0,1,2945,2948,8835,8836,8837,8840,8841,8842,17671,17672,17673,17674,17675,17678,17679,17680,17681,17682,1,-1,2,-2,1,3,1,-1,-3,-1,2,2,5,2,2,-2,-2,-5,-2,-2
0,1,2947,2950,8841,8842,8843,8846,8847,8848,17683,17684,17685,17686,17687,17690,17691,17692,17693,17694,1,-1,2,-2,1,3,1,-1,-3,-1,2,2,5,2,2,-2,-2,-5,-2,-2
0,1,2949,2952,8847,8848,8849,8852,8853,8854,17695,17696,17697,17698,17699,17702,17703,17704,17705,17706,1,-1,2,-2,1,3,1,-1,-3,-1,2,2,5,2,2,-2,-2,-5,-2,-2
0,1,2951,2954,8853,8854,8855,8858,8859,8860,17707,17708,17709,17710,17711,17714,17715,17716,17717,17718,1,-1,2,-2,1,3,1,-1,-3,-1,2,2,5,2,2,-2,-2,-5,-2,-2
0,1,2953,2956,8859,8860,8861,8864,8865,8866,17719,17720,17721,17722,17723,17726,17727,17728,17729,17730,1,-1,2,-2,1,3,1,-1,-3,-1,2,2,5,2,2,-2,-2,-5,-2,-2
0,1,2955,2958,8865,8866,8867,8870,8871,8872,17731,17732,17733,17734,17735,17738,17739,17740,17741,17742,1,-1,2,-2,1,3,1,-1,-3,-1,2,2,5,2,2,-2,-2,-5,-2,-2
0,1,2957,2960,8871,8872,8873,8876,8877,8878,17743,17744,17745,17746,17747,17750,17751,17752,17753,17754,1,-1,2,-2,1,3,1,-1,-3,-1,2,2,5,2,2,-2,-2,-5,-2,-2
0,1,2959,2962,8877,8878,8879,8882,8883,8884,17755,17756,17757,17758,17759,17762,17763,17764,17765,17766,1,-1,2,-2,1,3,1,-1,-3,-1,2,2,5,2,2,-2,-2,-5,-2,-2
0,1,2961,2964,8883,8884,8885,8888,8889,8890,17767,17768,17769,17770,17771,17774,17775,17776,17777,17778,1,-1,2,-2,1,3,1,-1,-3,-1,2,2,5,2,2,-2,-2,-5,-2,-2
0,1,2963,2966,8889,8890,8891,8894,8895,8896,17779,17780,17781,17782,17783,17786,17787,17788,17789,17790,1,-1,2,-2,1,3,1,-1,-3,-1,2,2,5,2,2,-2,-2,-5,-2,-2
0,1,2965,2968,8895,8896,8897,8900,8901,8902,17791,17792,17793,17794,17795,17798,17799,17800,17801,17802,1,-1,2,-2,1,3,1,-1,-3,-1,2,2,5,2,2,-2,-2,-5,-2,-2
0,1,2967,2970,8901,8902,8903,8906,8907,8908,17803,17804,17805,17806,17807,17810,17811,17812,17813,17814,1,-1,2,-2,1,3,1,-1,-3,-1,2,2,5,2,2,-2,-2,-5,-2,-2
0,1,2969,2972,8907,8908,8909,8912,8913,8914,17815,17816,17817,17818,17819,17822,17823,17824,17825,17826,1,-1,2,-2,1,3,1,-1,-3,-1,2,2,5,2,2,-2,-2,-5,-2,-2
0,1,2971,2974,8913,8914,8915,8918,8919,8920,17827,17828,17829,17830,17831,17834,17835,17836,17837,17838,1,-1,2,-2,1,3,1,-1,-3,-1,2,2,5,2,2,-2,-2,-5,-2,-2
0,1,2973,2976,8919,8920,8921,8924,8925,8926,17839,17840,17841,17842,17843,17846,17847,17848,17849,17850,1,-1,2,-2,1,3,1,-1,-3,-1,2,2,5,2,2,-2,-2,-5,-2,-2
0,1,2975,2978,8925,8926,8927,8930,8931,8932,17851,17852,17853,17854,17855,17858,17859,17860,17861,17862,1,-1,2,-2,1,3,1,-1,-3,-1,2,2,5,2,2,-2,-2,-5,-2,-2
0,1,2977,2980,8931,8932,8933,8936,8937,8938,17863,17864,17865,17866,17867,17870,17871,17872,17873,17874,1,-1,2,-2,1,3,1,-1,-3,-1,2,2,5,2,2,-2,-2,-5,-2,-2
0,1,2979,2982,8937,8938,8939,8942,8943,8944,17875,17876,17877,17878,17879,17882,17883,17884,17885,17886,1,-1,2,-2,1,3,1,-1,-3,-1,2,2,5,2,2,-2,-2,-5,-2,-2
0,1,2981,2984,8943,8944,8945,8948,8949,8950,17887,17888,17889,17890,17891,17894,17895,17896,17897,17898,1,-1,2,-2,1,3,1,-1,-3,-1,2,2,5,2,2,-2,-2,-5,-2,-2
0,1,2983,2986,8949,8950,8951,8954,8955,8956,17899,17900,17901,17902,17903,17906,17907,17908,17909,17910,1,-1,2,-2,1,3,1,-1,-3,-1,2,2,5,2,2,-2,-2,-5,-2,-2
0,1,2985,2988,8955,8956,8957,8960,8961,8962,17911,17912,17913,17914,17915,17918,17919,17920,17921,17922,1,-1,2,-2,1,3,1,-1,-3,-1,2,2,5,2,2,-2,-2,-5,-2,-2
0,1,2987,2990,8961,8962,8963,8966,8967,8968,17923,17924,17925,17926,17927,17930,17931,17932,17933,17934,1,-1,2,-2,1,3,1,-1,-3,-1,2,2,5,2,2,-2,-2,-5,-2,-2
0,1,2989,2992,8967,8968,8969,8972,8973,8974,17935,17936,17937,17938,17939,17942,17943,17944,17945,17946,1,-1,2,-2,1,3,1,-1,-3,-1,2,2,5,2,2,-2,-2,-5,-2,-2
0,1,2991,2994,8973,8974,8975,8978,8979,8980,17947,17948,17949,17950,17951,17954,17955,17956,17957,17958,1,-1,2,-2,1,3,1,-1,-3,-1,2,2,5,2,2,-2,-2,-5,-2,-2
0,1,2993,2996,8979,8980,8981,8984,8985,8986,17959,17960,17961,17962,17963,17966,17967,17968,17969,17970,1,-1,2,-2,1,3,1,-1,-3,-1,2,2,5,2,2,-2,-2,-5,-2,-2
0,1,2995,2998,8985,8986,8987,8990,8991,8992,17971,17972,17973,17974,17975,17978,17979,17980,17981,17982,1,-1,2,-2,1,3,1,-1,-3,-1,2,2,5,2,2,-2,-2,-5,-2,-2
0,1,2997,3000,8991,8992,8993,8996,8997,8998,17983,17984,17985,17986,17987,17990,17991,17992,17993,17994,1,-1,2,-2,1,3,1,-1,-3,-1,2,2,5,2,2,-2,-2,-5,-2,-2
0,1,2999,3002,8997,8998,8999,9002,9003,9004,17995,17996,17997,17998,17999,18002,18003,18004,18005,18006,1,-1,2,-2,1,3,1,-1,-3,-1,2,2,5,2,2,-2,-2,-5,-2,-2
0,1,3001,3004,9003,9004,9005,9008,9009,9010,18007,18008,18009,18010,18011,18014,18015,18016,18017,18018,1,-1,2,-2,1,3,1,-1,-3,-1,2,2,5,2,2,-2,-2,-5,-2,-2
0,1,3003,3006,9009,9010,9011,9014,9015,9016,18019,18020,18021,18022,18023,18026,18027,18028,18029,18030,1,-1,2,-2,1,3,1,-1,-3,-1,2,2,5,2,2,-2,-2,-5,-2,-2
0,1,3005,3008,9015,9016,9017,9020,9021,9022,18031,18032,18033,18034,18035,18038,18039,18040,18041,18042,1,-1,2,-2,1,3,1,-1,-3,-1,2,2,5,2,2,-2,-2,-5,-2,-2
0,1,3007,3010,9021,9022,9023,9026,9027,9028,18043,18044,18045,18046,18047,18050,18051,18052,18053,18054,1,-1,2,-2,1,3,1,-1,-3,-1,2,2,5,2,2,-2,-2,-5,-2,-2
0,1,3009,3012,9027,9028,9029,9032,9033,9034,18055,18056,18057,18058,18059,18062,18063,18064,18065,18066,1,-1,2,-2,1,3,1,-1,-3,-1,2,2,5,2,2,-2,-2,-5,-2,-2
0,1,3011,3014,9033,9034,9035,9038,9039,9040,18067,18068,18069,18070,18071,18074,18075,18076,18077,18078,1,-1,2,-2,1,3,1,-1,-3,-1,2,2,5,2,2,-2,-2,-5,-2,-2
0,1,3013,3016,9039,9040,9041,9044,9045,9046,18079,18080,18081,18082,18083,18086,18087,18088,18089,18090,1,-1,2,-2,1,3,1,-1,-3,-1,2,2,5,2,2,-2,-2,-5,-2,-2
0,1,3015,3018,9045,9046,9047,9050,9051,9052,18091,18092,18093,18094,18095,18098,18099,18100,18101,18102,1,-1,2,-2,1,3,1,-1,-3,-1,2,2,5,2,2,-2,-2,-5,-2,-2
0,1,3017,3020,9051,9052,9053,9056,9057,9058,18103,18104,18105,18106,18107,18110,18111,18112,18113,18114,1,-1,2,-2,1,3,1,-1,-3,-1,2,2,5,2,2,-2,-2,-5,-2,-2
0,1,3019,3022,9057,9058,9059,9062,9063,9064,18115,18116,18117,18118,18119,18122,18123,18124,18125,18126,1,-1,2,-2,1,3,1,-1,-3,-1,2,2,5,2,2,-2,-2,-5,-2,-2
0,1,3021,3024,9063,9064,9065,9068,9069,9070,18127,18128,18129,18130,18131,18134,18135,18136,18137,18138,1,-1,2,-2,1,3,1,-1,-3,-1,2,2,5,2,2,-2,-2,-5,-2,-2
0,1,3023,3026,9069,9070,9071,9074,9075,9076,18139,18140,18141,18142,18143,18146,18147,18148,18149,18150,1,-1,2,-2,1,3,1,-1,-3,-1,2,2,5,2,2,-2,-2,-5,-2,-2
0,1,3025,3028,9075,9076,9077,9080,9081,9082,18151,18152,18153,18154,18155,18158,18159,18160,18161,18162,1,-1,2,-2,1,3,1,-1,-3,-1,2,2,5,2,2,-2,-2,-5,-2,-2
0,1,3027,3030,9081,9082,9083,9086,9087,9088,18163,18164,18165,18166,18167,18170,18171,18172,18173,18174,1,-1,2,-2,1,3,1,-1,-3,-1,2,2,5,2,2,-2,-2,-5,-2,-2
0,1,3029,3032,9087,9088,9089,9092,9093,9094,18175,18176,18177,18178,18179,18182,18183,18184,18185,18186,1,-1,2,-2,1,3,1,-1,-3,-1,2,2,5,2,2,-2,-2,-5,-2,-2
0,1,3031,3034,9093,9094,9095,9098,9099,9100,18187,18188,18189,18190,18191,18194,18195,18196,18197,18198,1,-1,2,-2,1,3,1,-1,-3,-1,2,2,5,2,2,-2,-2,-5,-2,-2
0,1,3033,3036,9099,9100,9101,9104,9105,9106,18199,18200,18201,18202,18203,18206,18207,18208,18209,18210,1,-1,2,-2,1,3,1,-1,-3,-1,2,2,5,2,2,-2,-2,-5,-2,-2
0,1,3035,3038,9105,9106,9107,9110,9111,9112,18211,18212,18213,18214,18215,18218,18219,18220,18221,18222,1,-1,2,-2,1,3,1,-1,-3,-1,2,2,5,2,2,-2,-2,-5,-2,-2
0,1,3037,3040,9111,9112,9113,9116,9117,9118,18223,18224,18225,18226,18227,18230,18231,18232,18233,18234,1,-1,2,-2,1,3,1,-1,-3,-1,2,2,5,2,2,-2,-2,-5,-2,-2
0,1,3039,3042,9117,9118,9119,9122,9123,9124,18235,18236,18237,18238,18239,18242,18243,18244,18245,18246,1,-1,2,-2,1,3,1,-1,-3,-1,2,2,5,2,2,-2,-2,-5,-2,-2
0,1,3041,3044,9123,9124,9125,9128,9129,9130,18247,18248,18249,18250,18251,18254,18255,18256,18257,18258,1,-1,2,-2,1,3,1,-1,-3,-1,2,2,5,2,2,-2,-2,-5,-2,-2
0,1,3043,3046,9129,9130,9131,9134,9135,9136,18259,18260,18261,18262,18263,18266,18267,18268,18269,18270,1,-1,2,-2,1,3,1,-1,-3,-1,2,2,5,2,2,-2,-2,-5,-2,-2
0,1,3045,3048,9135,9136,9137,9140,9141,9142,18271,18272,18273,18274,18275,18278,18279,18280,18281,18282,1,-1,2,-2,1,3,1,-1,-3,-1,2,2,5,2,2,-2,-2,-5,-2,-2
0,1,3047,3050,9141,9142,9143,9146,9147,9148,18283,18284,18285,18286,18287,18290,18291,18292,18293,18294,1,-1,2,-2,1,3,1,-1,-3,-1,2,2,5,2,2,-2,-2,-5,-2,-2
0,1,3049,3052,9147,9148,9149,9152,9153,9154,18295,18296,18297,18298,18299,18302,18303,18304,18305,18306,1,-1,2,-2,1,3,1,-1,-3,-1,2,2,5,2,2,-2,-2,-5,-2,-2
0,1,3051,3054,9153,9154,9155,9158,9159,9160,18307,18308,18309,18310,18311,18314,18315,18316,18317,18318,1,-1,2,-2,1,3,1,-1,-3,-1,2,2,5,2,2,-2,-2,-5,-2,-2
0,1,3053,3056,9159,9160,9161,9164,9165,9166,18319,18320,18321,18322,18323,18326,18327,18328,18329,18330,1,-1,2,-2,1,3,1,-1,-3,-1,2,2,5,2,2,-2,-2,-5,-2,-2
0,1,3055,3058,9165,9166,9167,9170,9171,9172,18331,18332,18333,18334,18335,18338,18339,18340,18341,18342,1,-1,2,-2,1,3,1,-1,-3,-1,2,2,5,2,2,-2,-2,-5,-2,-2
0,1,3057,3060,9171,9172,9173,9176,9177,9178,18343,18344,18345,18346,18347,18350,18351,18352,18353,18354,1,-1,2,-2,1,3,1,-1,-3,-1,2,2,5,2,2,-2,-2,-5,-2,-2
0,1,3059,3062,9177,9178,9179,9182,9183,9184,18355,18356,18357,18358,18359,18362,18363,18364,18365,18366,1,-1,2,-2,1,3,1,-1,-3,-1,2,2,5,2,2,-2,-2,-5,-2,-2
0,1,3061,3064,9183,9184,9185,9188,9189,9190,18367,18368,18369,18370,18371,18374,18375,18376,18377,18378,1,-1,2,-2,1,3,1,-1,-3,-1,2,2,5,2,2,-2,-2,-5,-2,-2
0,1,3063,3066,9189,9190,9191,9194,9195,9196,18379,18380,18381,18382,18383,18386,18387,18388,18389,18390,1,-1,2,-2,1,3,1,-1,-3,-1,2,2,5,2,2,-2,-2,-5,-2,-2
0,1,3065,3068,9195,9196,9197,9200,9201,9202,18391,18392,18393,18394,18395,18398,18399,18400,18401,18402,1,-1,2,-2,1,3,1,-1,-3,-1,2,2,5,2,2,-2,-2,-5,-2,-2
0,1,3067,3070,9201,9202,9203,9206,9207,9208,18403,18404,18405,18406,18407,18410,18411,18412,18413,18414,1,-1,2,-2,1,3,1,-1,-3,-1,2,2,5,2,2,-2,-2,-5,-2,-2
0,1,3069,3072,9207,9208,9209,9212,9213,9214,18415,18416,18417,18418,18419,18422,18423,18424,18425,18426,1,-1,2,-2,1,3,1,-1,-3,-1,2,2,5,2,2,-2,-2,-5,-2,-2
0,1,3071,3074,9213,9214,9215,9218,9219,9220,18427,18428,18429,18430,18431,18434,18435,18436,18437,18438,1,-1,2,-2,1,3,1,-1,-3,-1,2,2,5,2,2,-2,-2,-5,-2,-2
0,1,3073,3076,9219,9220,9221,9224,9225,9226,18439,18440,18441,18442,18443,18446,18447,18448,18449,18450,1,-1,2,-2,1,3,1,-1,-3,-1,2,2,5,2,2,-2,-2,-5,-2,-2
0,1,3075,3078,9225,9226,9227,9230,9231,9232,18451,18452,18453,18454,18455,18458,18459,18460,18461,18462,1,-1,2,-2,1,3,1,-1,-3,-1,2,2,5,2,2,-2,-2,-5,-2,-2
0,1,3077,3080,9231,9232,9233,9236,9237,9238,18463,18464,18465,18466,18467,18470,18471,18472,18473,18474,1,-1,2,-2,1,3,1,-1,-3,-1,2,2,5,2,2,-2,-2,-5,-2,-2
0,1,3079,3082,9237,9238,9239,9242,9243,9244,18475,18476,18477,18478,18479,18482,18483,18484,18485,18486,1,-1,2,-2,1,3,1,-1,-3,-1,2,2,5,2,2,-2,-2,-5,-2,-2
0,1,3081,3084,9243,9244,9245,9248,9249,9250,18487,18488,18489,18490,18491,18494,18495,18496,18497,18498,1,-1,2,-2,1,3,1,-1,-3,-1,2,2,5,2,2,-2,-2,-5,-2,-2
0,1,3083,3086,9249,9250,9251,9254,9255,9256,18499,18500,18501,18502,18503,18506,18507,18508,18509,18510,1,-1,2,-2,1,3,1,-1,-3,-1,2,2,5,2,2,-2,-2,-5,-2,-2
0,1,3085,3088,9255,9256,9257,9260,9261,9262,18511,18512,18513,18514,18515,18518,18519,18520,18521,18522,1,-1,2,-2,1,3,1,-1,-3,-1,2,2,5,2,2,-2,-2,-5,-2,-2
0,1,3087,3090,9261,9262,9263,9266,9267,9268,18523,18524,18525,18526,18527,18530,18531,18532,18533,18534,1,-1,2,-2,1,3,1,-1,-3,-1,2,2,5,2,2,-2,-2,-5,-2,-2
0,1,3089,3092,9267,9268,9269,9272,9273,9274,18535,18536,18537,18538,18539,18542,18543,18544,18545,18546,1,-1,2,-2,1,3,1,-1,-3,-1,2,2,5,2,2,-2,-2,-5,-2,-2
0,1,3091,3094,9273,9274,9275,9278,9279,9280,18547,18548,18549,18550,18551,18554,18555,18556,18557,18558,1,-1,2,-2,1,3,1,-1,-3,-1,2,2,5,2,2,-2,-2,-5,-2,-2
0,1,3093,3096,9279,9280,9281,9284,9285,9286,18559,18560,18561,18562,18563,18566,18567,18568,18569,18570,1,-1,2,-2,1,3,1,-1,-3,-1,2,2,5,2,2,-2,-2,-5,-2,-2
0,1,3095,3098,9285,9286,9287,9290,9291,9292,18571,18572,18573,18574,18575,18578,18579,18580,18581,18582,1,-1,2,-2,1,3,1,-1,-3,-1,2,2,5,2,2,-2,-2,-5,-2,-2
0,1,3097,3100,9291,9292,9293,9296,9297,9298,18583,18584,18585,18586,18587,18590,18591,18592,18593,18594,1,-1,2,-2,1,3,1,-1,-3,-1,2,2,5,2,2,-2,-2,-5,-2,-2
0,1,3099,3102,9297,9298,9299,9302,9303,9304,18595,18596,18597,18598,18599,18602,18603,18604,18605,18606,1,-1,2,-2,1,3,1,-1,-3,-1,2,2,5,2,2,-2,-2,-5,-2,-2
0,1,3101,3104,9303,9304,9305,9308,9309,9310,18607,18608,18609,18610,18611,18614,18615,18616,18617,18618,1,-1,2,-2,1,3,1,-1,-3,-1,2,2,5,2,2,-2,-2,-5,-2,-2
0,1,3103,3106,9309,9310,9311,9314,9315,9316,18619,18620,18621,18622,18623,18626,18627,18628,18629,18630,1,-1,2,-2,1,3,1,-1,-3,-1,2,2,5,2,2,-2,-2,-5,-2,-2
0,1,3105,3108,9315,9316,9317,9320,9321,9322,18631,18632,18633,18634,18635,18638,18639,18640,18641,18642,1,-1,2,-2,1,3,1,-1,-3,-1,2,2,5,2,2,-2,-2,-5,-2,-2
0,1,3107,3110,9321,9322,9323,9326,9327,9328,18643,18644,18645,18646,18647,18650,18651,18652,18653,18654,1,-1,2,-2,1,3,1,-1,-3,-1,2,2,5,2,2,-2,-2,-5,-2,-2
0,1,3109,3112,9327,9328,9329,9332,9333,9334,18655,18656,18657,18658,18659,18662,18663,18664,18665,18666,1,-1,2,-2,1,3,1,-1,-3,-1,2,2,5,2,2,-2,-2,-5,-2,-2
0,1,3111,3114,9333,9334,9335,9338,9339,9340,18667,18668,18669,18670,18671,18674,18675,18676,18677,18678,1,-1,2,-2,1,3,1,-1,-3,-1,2,2,5,2,2,-2,-2,-5,-2,-2
0,1,3113,3116,9339,9340,9341,9344,9345,9346,18679,18680,18681,18682,18683,18686,18687,18688,18689,18690,1,-1,2,-2,1,3,1,-1,-3,-1,2,2,5,2,2,-2,-2,-5,-2,-2
0,1,3115,3118,9345,9346,9347,9350,9351,9352,18691,18692,18693,18694,18695,18698,18699,18700,18701,18702,1,-1,2,-2,1,3,1,-1,-3,-1,2,2,5,2,2,-2,-2,-5,-2,-2
0,1,3117,3120,9351,9352,9353,9356,9357,9358,18703,18704,18705,18706,18707,18710,18711,18712,18713,18714,1,-1,2,-2,1,3,1,-1,-3,-1,2,2,5,2,2,-2,-2,-5,-2,-2
0,1,3119,3122,9357,9358,9359,9362,9363,9364,18715,18716,18717,18718,18719,18722,18723,18724,18725,18726,1,-1,2,-2,1,3,1,-1,-3,-1,2,2,5,2,2,-2,-2,-5,-2,-2
0,1,3121,3124,9363,9364,9365,9368,9369,9370,18727,18728,18729,18730,18731,18734,18735,18736,18737,18738,1,-1,2,-2,1,3,1,-1,-3,-1,2,2,5,2,2,-2,-2,-5,-2,-2
0,1,3123,3126,9369,9370,9371,9374,9375,9376,18739,18740,18741,18742,18743,18746,18747,18748,18749,18750,1,-1,2,-2,1,3,1,-1,-3,-1,2,2,5,2,2,-2,-2,-5,-2,-2
0,1,3125,3128,9375,9376,9377,9380,9381,9382,18751,18752,18753,18754,18755,18758,18759,18760,18761,18762,1,-1,2,-2,1,3,1,-1,-3,-1,2,2,5,2,2,-2,-2,-5,-2,-2
0,1,3127,3130,9381,9382,9383,9386,9387,9388,18763,18764,18765,18766,18767,18770,18771,18772,18773,18774,1,-1,2,-2,1,3,1,-1,-3,-1,2,2,5,2,2,-2,-2,-5,-2,-2
0,1,3129,3132,9387,9388,9389,9392,9393,9394,18775,18776,18777,18778,18779,18782,18783,18784,18785,18786,1,-1,2,-2,1,3,1,-1,-3,-1,2,2,5,2,2,-2,-2,-5,-2,-2
0,1,3131,3134,9393,9394,9395,9398,9399,9400,18787,18788,18789,18790,18791,18794,18795,18796,18797,18798,1,-1,2,-2,1,3,1,-1,-3,-1,2,2,5,2,2,-2,-2,-5,-2,-2
0,1,3133,3136,9399,9400,9401,9404,9405,9406,18799,18800,18801,18802,18803,18806,18807,18808,18809,18810,1,-1,2,-2,1,3,1,-1,-3,-1,2,2,5,2,2,-2,-2,-5,-2,-2
0,1,3135,3138,9405,9406,9407,9410,9411,9412,18811,18812,18813,18814,18815,18818,18819,18820,18821,18822,1,-1,2,-2,1,3,1,-1,-3,-1,2,2,5,2,2,-2,-2,-5,-2,-2
0,1,3137,3140,9411,9412,9413,9416,9417,9418,18823,18824,18825,18826,18827,18830,18831,18832,18833,18834,1,-1,2,-2,1,3,1,-1,-3,-1,2,2,5,2,2,-2,-2,-5,-2,-2
0,1,3139,3142,9417,9418,9419,9422,9423,9424,18835,18836,18837,18838,18839,18842,18843,18844,18845,18846,1,-1,2,-2,1,3,1,-1,-3,-1,2,2,5,2,2,-2,-2,-5,-2,-2
0,1,3141,3144,9423,9424,9425,9428,9429,9430,18847,18848,18849,18850,18851,18854,18855,18856,18857,18858,1,-1,2,-2,1,3,1,-1,-3,-1,2,2,5,2,2,-2,-2,-5,-2,-2
0,1,3143,3146,9429,9430,9431,9434,9435,9436,18859,18860,18861,18862,18863,18866,18867,18868,18869,18870,1,-1,2,-2,1,3,1,-1,-3,-1,2,2,5,2,2,-2,-2,-5,-2,-2
0,1,3145,3148,9435,9436,9437,9440,9441,9442,18871,18872,18873,18874,18875,18878,18879,18880,18881,18882,1,-1,2,-2,1,3,1,-1,-3,-1,2,2,5,2,2,-2,-2,-5,-2,-2
0,1,3147,3150,9441,9442,9443,9446,9447,9448,18883,18884,18885,18886,18887,18890,18891,18892,18893,18894,1,-1,2,-2,1,3,1,-1,-3,-1,2,2,5,2,2,-2,-2,-5,-2,-2
0,1,3149,3152,9447,9448,9449,9452,9453,9454,18895,18896,18897,18898,18899,18902,18903,18904,18905,18906,1,-1,2,-2,1,3,1,-1,-3,-1,2,2,5,2,2,-2,-2,-5,-2,-2
0,1,3151,3154,9453,9454,9455,9458,9459,9460,18907,18908,18909,18910,18911,18914,18915,18916,18917,18918,1,-1,2,-2,1,3,1,-1,-3,-1,2,2,5,2,2,-2,-2,-5,-2,-2
0,1,3153,3156,9459,9460,9461,9464,9465,9466,18919,18920,18921,18922,18923,18926,18927,18928,18929,18930,1,-1,2,-2,1,3,1,-1,-3,-1,2,2,5,2,2,-2,-2,-5,-2,-2
0,1,3155,3158,9465,9466,9467,9470,9471,9472,18931,18932,18933,18934,18935,18938,18939,18940,18941,18942,1,-1,2,-2,1,3,1,-1,-3,-1,2,2,5,2,2,-2,-2,-5,-2,-2
0,1,3157,3160,9471,9472,9473,9476,9477,9478,18943,18944,18945,18946,18947,18950,18951,18952,18953,18954,1,-1,2,-2,1,3,1,-1,-3,-1,2,2,5,2,2,-2,-2,-5,-2,-2
0,1,3159,3162,9477,9478,9479,9482,9483,9484,18955,18956,18957,18958,18959,18962,18963,18964,18965,18966,1,-1,2,-2,1,3,1,-1,-3,-1,2,2,5,2,2,-2,-2,-5,-2,-2
0,1,3161,3164,9483,9484,9485,9488,9489,9490,18967,18968,18969,18970,18971,18974,18975,18976,18977,18978,1,-1,2,-2,1,3,1,-1,-3,-1,2,2,5,2,2,-2,-2,-5,-2,-2
0,1,3163,3166,9489,9490,9491,9494,9495,9496,18979,18980,18981,18982,18983,18986,18987,18988,18989,18990,1,-1,2,-2,1,3,1,-1,-3,-1,2,2,5,2,2,-2,-2,-5,-2,-2
0,1,3165,3168,9495,9496,9497,9500,9501,9502,18991,18992,18993,18994,18995,18998,18999,19000,19001,19002,1,-1,2,-2,1,3,1,-1,-3,-1,2,2,5,2,2,-2,-2,-5,-2,-2
0,1,3167,3170,9501,9502,9503,9506,9507,9508,19003,19004,19005,19006,19007,19010,19011,19012,19013,19014,1,-1,2,-2,1,3,1,-1,-3,-1,2,2,5,2,2,-2,-2,-5,-2,-2
0,1,3169,3172,9507,9508,9509,9512,9513,9514,19015,19016,19017,19018,19019,19022,19023,19024,19025,19026,1,-1,2,-2,1,3,1,-1,-3,-1,2,2,5,2,2,-2,-2,-5,-2,-2
0,1,3171,3174,9513,9514,9515,9518,9519,9520,19027,19028,19029,19030,19031,19034,19035,19036,19037,19038,1,-1,2,-2,1,3,1,-1,-3,-1,2,2,5,2,2,-2,-2,-5,-2,-2
0,1,3173,3176,9519,9520,9521,9524,9525,9526,19039,19040,19041,19042,19043,19046,19047,19048,19049,19050,1,-1,2,-2,1,3,1,-1,-3,-1,2,2,5,2,2,-2,-2,-5,-2,-2
0,1,3175,3178,9525,9526,9527,9530,9531,9532,19051,19052,19053,19054,19055,19058,19059,19060,19061,19062,1,-1,2,-2,1,3,1,-1,-3,-1,2,2,5,2,2,-2,-2,-5,-2,-2
0,1,3177,3180,9531,9532,9533,9536,9537,9538,19063,19064,19065,19066,19067,19070,19071,19072,19073,19074,1,-1,2,-2,1,3,1,-1,-3,-1,2,2,5,2,2,-2,-2,-5,-2,-2
0,1,3179,3182,9537,9538,9539,9542,9543,9544,19075,19076,19077,19078,19079,19082,19083,19084,19085,19086,1,-1,2,-2,1,3,1,-1,-3,-1,2,2,5,2,2,-2,-2,-5,-2,-2
0,1,3181,3184,9543,9544,9545,9548,9549,9550,19087,19088,19089,19090,19091,19094,19095,19096,19097,19098,1,-1,2,-2,1,3,1,-1,-3,-1,2,2,5,2,2,-2,-2,-5,-2,-2
0,1,3183,3186,9549,9550,9551,9554,9555,9556,19099,19100,19101,19102,19103,19106,19107,19108,19109,19110,1,-1,2,-2,1,3,1,-1,-3,-1,2,2,5,2,2,-2,-2,-5,-2,-2
0,1,3185,3188,9555,9556,9557,9560,9561,9562,19111,19112,19113,19114,19115,19118,19119,19120,19121,19122,1,-1,2,-2,1,3,1,-1,-3,-1,2,2,5,2,2,-2,-2,-5,-2,-2
0,1,3187,3190,9561,9562,9563,9566,9567,9568,19123,19124,19125,19126,19127,19130,19131,19132,19133,19134,1,-1,2,-2,1,3,1,-1,-3,-1,2,2,5,2,2,-2,-2,-5,-2,-2
0,1,3189,3192,9567,9568,9569,9572,9573,9574,19135,19136,19137,19138,19139,19142,19143,19144,19145,19146,1,-1,2,-2,1,3,1,-1,-3,-1,2,2,5,2,2,-2,-2,-5,-2,-2
0,1,3191,3194,9573,9574,9575,9578,9579,9580,19147,19148,19149,19150,19151,19154,19155,19156,19157,19158,1,-1,2,-2,1,3,1,-1,-3,-1,2,2,5,2,2,-2,-2,-5,-2,-2
0,1,3193,3196,9579,9580,9581,9584,9585,9586,19159,19160,19161,19162,19163,19166,19167,19168,19169,19170,1,-1,2,-2,1,3,1,-1,-3,-1,2,2,5,2,2,-2,-2,-5,-2,-2
0,1,3195,3198,9585,9586,9587,9590,9591,9592,19171,19172,19173,19174,19175,19178,19179,19180,19181,19182,1,-1,2,-2,1,3,1,-1,-3,-1,2,2,5,2,2,-2,-2,-5,-2,-2
0,1,3197,3200,9591,9592,9593,9596,9597,9598,19183,19184,19185,19186,19187,19190,19191,19192,19193,19194,1,-1,2,-2,1,3,1,-1,-3,-1,2,2,5,2,2,-2,-2,-5,-2,-2
0,1,3199,3202,9597,9598,9599,9602,9603,9604,19195,19196,19197,19198,19199,19202,19203,19204,19205,19206,1,-1,2,-2,1,3,1,-1,-3,-1,2,2,5,2,2,-2,-2,-5,-2,-2
0,1,3201,3204,9603,9604,9605,9608,9609,9610,19207,19208,19209,19210,19211,19214,19215,19216,19217,19218,1,-1,2,-2,1,3,1,-1,-3,-1,2,2,5,2,2,-2,-2,-5,-2,-2
0,1,3203,3206,9609,9610,9611,9614,9615,9616,19219,19220,19221,19222,19223,19226,19227,19228,19229,19230,1,-1,2,-2,1,3,1,-1,-3,-1,2,2,5,2,2,-2,-2,-5,-2,-2
0,1,3205,3208,9615,9616,9617,9620,9621,9622,19231,19232,19233,19234,19235,19238,19239,19240,19241,19242,1,-1,2,-2,1,3,1,-1,-3,-1,2,2,5,2,2,-2,-2,-5,-2,-2
0,1,3207,3210,9621,9622,9623,9626,9627,9628,19243,19244,19245,19246,19247,19250,19251,19252,19253,19254,1,-1,2,-2,1,3,1,-1,-3,-1,2,2,5,2,2,-2,-2,-5,-2,-2
0,1,3209,3212,9627,9628,9629,9632,9633,9634,19255,19256,19257,19258,19259,19262,19263,19264,19265,19266,1,-1,2,-2,1,3,1,-1,-3,-1,2,2,5,2,2,-2,-2,-5,-2,-2
0,1,3211,3214,9633,9634,9635,9638,9639,9640,19267,19268,19269,19270,19271,19274,19275,19276,19277,19278,1,-1,2,-2,1,3,1,-1,-3,-1,2,2,5,2,2,-2,-2,-5,-2,-2
0,1,3213,3216,9639,9640,9641,9644,9645,9646,19279,19280,19281,19282,19283,19286,19287,19288,19289,19290,1,-1,2,-2,1,3,1,-1,-3,-1,2,2,5,2,2,-2,-2,-5,-2,-2
0,1,3215,3218,9645,9646,9647,9650,9651,9652,19291,19292,19293,19294,19295,19298,19299,19300,19301,19302,1,-1,2,-2,1,3,1,-1,-3,-1,2,2,5,2,2,-2,-2,-5,-2,-2
0,1,3217,3220,9651,9652,9653,9656,9657,9658,19303,19304,19305,19306,19307,19310,19311,19312,19313,19314,1,-1,2,-2,1,3,1,-1,-3,-1,2,2,5,2,2,-2,-2,-5,-2,-2
0,1,3219,3222,9657,9658,9659,9662,9663,9664,19315,19316,19317,19318,19319,19322,19323,19324,19325,19326,1,-1,2,-2,1,3,1,-1,-3,-1,2,2,5,2,2,-2,-2,-5,-2,-2
0,1,3221,3224,9663,9664,9665,9668,9669,9670,19327,19328,19329,19330,19331,19334,19335,19336,19337,19338,1,-1,2,-2,1,3,1,-1,-3,-1,2,2,5,2,2,-2,-2,-5,-2,-2
0,1,3223,3226,9669,9670,9671,9674,9675,9676,19339,19340,19341,19342,19343,19346,19347,19348,19349,19350,1,-1,2,-2,1,3,1,-1,-3,-1,2,2,5,2,2,-2,-2,-5,-2,-2
0,1,3225,3228,9675,9676,9677,9680,9681,9682,19351,19352,19353,19354,19355,19358,19359,19360,19361,19362,1,-1,2,-2,1,3,1,-1,-3,-1,2,2,5,2,2,-2,-2,-5,-2,-2
0,1,3227,3230,9681,9682,9683,9686,9687,9688,19363,19364,19365,19366,19367,19370,19371,19372,19373,19374,1,-1,2,-2,1,3,1,-1,-3,-1,2,2,5,2,2,-2,-2,-5,-2,-2
0,1,3229,3232,9687,9688,9689,9692,9693,9694,19375,19376,19377,19378,19379,19382,19383,19384,19385,19386,1,-1,2,-2,1,3,1,-1,-3,-1,2,2,5,2,2,-2,-2,-5,-2,-2
0,1,3231,3234,9693,9694,9695,9698,9699,9700,19387,19388,19389,19390,19391,19394,19395,19396,19397,19398,1,-1,2,-2,1,3,1,-1,-3,-1,2,2,5,2,2,-2,-2,-5,-2,-2
0,1,3233,3236,9699,9700,9701,9704,9705,9706,19399,19400,19401,19402,19403,19406,19407,19408,19409,19410,1,-1,2,-2,1,3,1,-1,-3,-1,2,2,5,2,2,-2,-2,-5,-2,-2
0,1,3235,3238,9705,9706,9707,9710,9711,9712,19411,19412,19413,19414,19415,19418,19419,19420,19421,19422,1,-1,2,-2,1,3,1,-1,-3,-1,2,2,5,2,2,-2,-2,-5,-2,-2
0,1,3237,3240,9711,9712,9713,9716,9717,9718,19423,19424,19425,19426,19427,19430,19431,19432,19433,19434,1,-1,2,-2,1,3,1,-1,-3,-1,2,2,5,2,2,-2,-2,-5,-2,-2
0,1,3239,3242,9717,9718,9719,9722,9723,9724,19435,19436,19437,19438,19439,19442,19443,19444,19445,19446,1,-1,2,-2,1,3,1,-1,-3,-1,2,2,5,2,2,-2,-2,-5,-2,-2
0,1,3241,3244,9723,9724,9725,9728,9729,9730,19447,19448,19449,19450,19451,19454,19455,19456,19457,19458,1,-1,2,-2,1,3,1,-1,-3,-1,2,2,5,2,2,-2,-2,-5,-2,-2
0,1,3243,3246,9729,9730,9731,9734,9735,9736,19459,19460,19461,19462,19463,19466,19467,19468,19469,19470,1,-1,2,-2,1,3,1,-1,-3,-1,2,2,5,2,2,-2,-2,-5,-2,-2
0,1,3245,3248,9735,9736,9737,9740,9741,9742,19471,19472,19473,19474,19475,19478,19479,19480,19481,19482,1,-1,2,-2,1,3,1,-1,-3,-1,2,2,5,2,2,-2,-2,-5,-2,-2
0,1,3247,3250,9741,9742,9743,9746,9747,9748,19483,19484,19485,19486,19487,19490,19491,19492,19493,19494,1,-1,2,-2,1,3,1,-1,-3,-1,2,2,5,2,2,-2,-2,-5,-2,-2
0,1,3249,3252,9747,9748,9749,9752,9753,9754,19495,19496,19497,19498,19499,19502,19503,19504,19505,19506,1,-1,2,-2,1,3,1,-1,-3,-1,2,2,5,2,2,-2,-2,-5,-2,-2
0,1,3251,3254,9753,9754,9755,9758,9759,9760,19507,19508,19509,19510,19511,19514,19515,19516,19517,19518,1,-1,2,-2,1,3,1,-1,-3,-1,2,2,5,2,2,-2,-2,-5,-2,-2
0,1,3253,3256,9759,9760,9761,9764,9765,9766,19519,19520,19521,19522,19523,19526,19527,19528,19529,19530,1,-1,2,-2,1,3,1,-1,-3,-1,2,2,5,2,2,-2,-2,-5,-2,-2
0,1,3255,3258,9765,9766,9767,9770,9771,9772,19531,19532,19533,19534,19535,19538,19539,19540,19541,19542,1,-1,2,-2,1,3,1,-1,-3,-1,2,2,5,2,2,-2,-2,-5,-2,-2
0,1,3257,3260,9771,9772,9773,9776,9777,9778,19543,19544,19545,19546,19547,19550,19551,19552,19553,19554,1,-1,2,-2,1,3,1,-1,-3,-1,2,2,5,2,2,-2,-2,-5,-2,-2
0,1,3259,3262,9777,9778,9779,9782,9783,9784,19555,19556,19557,19558,19559,19562,19563,19564,19565,19566,1,-1,2,-2,1,3,1,-1,-3,-1,2,2,5,2,2,-2,-2,-5,-2,-2
0,1,3261,3264,9783,9784,9785,9788,9789,9790,19567,19568,19569,19570,19571,19574,19575,19576,19577,19578,1,-1,2,-2,1,3,1,-1,-3,-1,2,2,5,2,2,-2,-2,-5,-2,-2
0,1,3263,3266,9789,9790,9791,9794,9795,9796,19579,19580,19581,19582,19583,19586,19587,19588,19589,19590,1,-1,2,-2,1,3,1,-1,-3,-1,2,2,5,2,2,-2,-2,-5,-2,-2
0,1,3265,3268,9795,9796,9797,9800,9801,9802,19591,19592,19593,19594,19595,19598,19599,19600,19601,19602,1,-1,2,-2,1,3,1,-1,-3,-1,2,2,5,2,2,-2,-2,-5,-2,-2
0,1,3267,3270,9801,9802,9803,9806,9807,9808,19603,19604,19605,19606,19607,19610,19611,19612,19613,19614,1,-1,2,-2,1,3,1,-1,-3,-1,2,2,5,2,2,-2,-2,-5,-2,-2
0,1,3269,3272,9807,9808,9809,9812,9813,9814,19615,19616,19617,19618,19619,19622,19623,19624,19625,19626,1,-1,2,-2,1,3,1,-1,-3,-1,2,2,5,2,2,-2,-2,-5,-2,-2
0,1,3271,3274,9813,9814,9815,9818,9819,9820,19627,19628,19629,19630,19631,19634,19635,19636,19637,19638,1,-1,2,-2,1,3,1,-1,-3,-1,2,2,5,2,2,-2,-2,-5,-2,-2
0,1,3273,3276,9819,9820,9821,9824,9825,9826,19639,19640,19641,19642,19643,19646,19647,19648,19649,19650,1,-1,2,-2,1,3,1,-1,-3,-1,2,2,5,2,2,-2,-2,-5,-2,-2
0,1,3275,3278,9825,9826,9827,9830,9831,9832,19651,19652,19653,19654,19655,19658,19659,19660,19661,19662,1,-1,2,-2,1,3,1,-1,-3,-1,2,2,5,2,2,-2,-2,-5,-2,-2
0,1,3277,3280,9831,9832,9833,9836,9837,9838,19663,19664,19665,19666,19667,19670,19671,19672,19673,19674,1,-1,2,-2,1,3,1,-1,-3,-1,2,2,5,2,2,-2,-2,-5,-2,-2
0,1,3279,3282,9837,9838,9839,9842,9843,9844,19675,19676,19677,19678,19679,19682,19683,19684,19685,19686,1,-1,2,-2,1,3,1,-1,-3,-1,2,2,5,2,2,-2,-2,-5,-2,-2
0,1,3281,3284,9843,9844,9845,9848,9849,9850,19687,19688,19689,19690,19691,19694,19695,19696,19697,19698,1,-1,2,-2,1,3,1,-1,-3,-1,2,2,5,2,2,-2,-2,-5,-2,-2
0,1,3283,3286,9849,9850,9851,9854,9855,9856,19699,19700,19701,19702,19703,19706,19707,19708,19709,19710,1,-1,2,-2,1,3,1,-1,-3,-1,2,2,5,2,2,-2,-2,-5,-2,-2
0,1,3285,3288,9855,9856,9857,9860,9861,9862,19711,19712,19713,19714,19715,19718,19719,19720,19721,19722,1,-1,2,-2,1,3,1,-1,-3,-1,2,2,5,2,2,-2,-2,-5,-2,-2
0,1,3287,3290,9861,9862,9863,9866,9867,9868,19723,19724,19725,19726,19727,19730,19731,19732,19733,19734,1,-1,2,-2,1,3,1,-1,-3,-1,2,2,5,2,2,-2,-2,-5,-2,-2
0,1,3289,3292,9867,9868,9869,9872,9873,9874,19735,19736,19737,19738,19739,19742,19743,19744,19745,19746,1,-1,2,-2,1,3,1,-1,-3,-1,2,2,5,2,2,-2,-2,-5,-2,-2
0,1,3291,3294,9873,9874,9875,9878,9879,9880,19747,19748,19749,19750,19751,19754,19755,19756,19757,19758,1,-1,2,-2,1,3,1,-1,-3,-1,2,2,5,2,2,-2,-2,-5,-2,-2
0,1,3293,3296,9879,9880,9881,9884,9885,9886,19759,19760,19761,19762,19763,19766,19767,19768,19769,19770,1,-1,2,-2,1,3,1,-1,-3,-1,2,2,5,2,2,-2,-2,-5,-2,-2
0,1,3295,3298,9885,9886,9887,9890,9891,9892,19771,19772,19773,19774,19775,19778,19779,19780,19781,19782,1,-1,2,-2,1,3,1,-1,-3,-1,2,2,5,2,2,-2,-2,-5,-2,-2
0,1,3297,3300,9891,9892,9893,9896,9897,9898,19783,19784,19785,19786,19787,19790,19791,19792,19793,19794,1,-1,2,-2,1,3,1,-1,-3,-1,2,2,5,2,2,-2,-2,-5,-2,-2
0,1,3299,3302,9897,9898,9899,9902,9903,9904,19795,19796,19797,19798,19799,19802,19803,19804,19805,19806,1,-1,2,-2,1,3,1,-1,-3,-1,2,2,5,2,2,-2,-2,-5,-2,-2
0,1,3301,3304,9903,9904,9905,9908,9909,9910,19807,19808,19809,19810,19811,19814,19815,19816,19817,19818,1,-1,2,-2,1,3,1,-1,-3,-1,2,2,5,2,2,-2,-2,-5,-2,-2
0,1,3303,3306,9909,9910,9911,9914,9915,9916,19819,19820,19821,19822,19823,19826,19827,19828,19829,19830,1,-1,2,-2,1,3,1,-1,-3,-1,2,2,5,2,2,-2,-2,-5,-2,-2
0,1,3305,3308,9915,9916,9917,9920,9921,9922,19831,19832,19833,19834,19835,19838,19839,19840,19841,19842,1,-1,2,-2,1,3,1,-1,-3,-1,2,2,5,2,2,-2,-2,-5,-2,-2
0,1,3307,3310,9921,9922,9923,9926,9927,9928,19843,19844,19845,19846,19847,19850,19851,19852,19853,19854,1,-1,2,-2,1,3,1,-1,-3,-1,2,2,5,2,2,-2,-2,-5,-2,-2
0,1,3309,3312,9927,9928,9929,9932,9933,9934,19855,19856,19857,19858,19859,19862,19863,19864,19865,19866,1,-1,2,-2,1,3,1,-1,-3,-1,2,2,5,2,2,-2,-2,-5,-2,-2
0,1,3311,3314,9933,9934,9935,9938,9939,9940,19867,19868,19869,19870,19871,19874,19875,19876,19877,19878,1,-1,2,-2,1,3,1,-1,-3,-1,2,2,5,2,2,-2,-2,-5,-2,-2
0,1,3313,3316,9939,9940,9941,9944,9945,9946,19879,19880,19881,19882,19883,19886,19887,19888,19889,19890,1,-1,2,-2,1,3,1,-1,-3,-1,2,2,5,2,2,-2,-2,-5,-2,-2
0,1,3315,3318,9945,9946,9947,9950,9951,9952,19891,19892,19893,19894,19895,19898,19899,19900,19901,19902,1,-1,2,-2,1,3,1,-1,-3,-1,2,2,5,2,2,-2,-2,-5,-2,-2
0,1,3317,3320,9951,9952,9953,9956,9957,9958,19903,19904,19905,19906,19907,19910,19911,19912,19913,19914,1,-1,2,-2,1,3,1,-1,-3,-1,2,2,5,2,2,-2,-2,-5,-2,-2
0,1,3319,3322,9957,9958,9959,9962,9963,9964,19915,19916,19917,19918,19919,19922,19923,19924,19925,19926,1,-1,2,-2,1,3,1,-1,-3,-1,2,2,5,2,2,-2,-2,-5,-2,-2
0,1,3321,3324,9963,9964,9965,9968,9969,9970,19927,19928,19929,19930,19931,19934,19935,19936,19937,19938,1,-1,2,-2,1,3,1,-1,-3,-1,2,2,5,2,2,-2,-2,-5,-2,-2
0,1,3323,3326,9969,9970,9971,9974,9975,9976,19939,19940,19941,19942,19943,19946,19947,19948,19949,19950,1,-1,2,-2,1,3,1,-1,-3,-1,2,2,5,2,2,-2,-2,-5,-2,-2
0,1,3325,3328,9975,9976,9977,9980,9981,9982,19951,19952,19953,19954,19955,19958,19959,19960,19961,19962,1,-1,2,-2,1,3,1,-1,-3,-1,2,2,5,2,2,-2,-2,-5,-2,-2
0,1,3327,3330,9981,9982,9983,9986,9987,9988,19963,19964,19965,19966,19967,19970,19971,19972,19973,19974,1,-1,2,-2,1,3,1,-1,-3,-1,2,2,5,2,2,-2,-2,-5,-2,-2
0,1,3329,3332,9987,9988,9989,9992,9993,9994,19975,19976,19977,19978,19979,19982,19983,19984,19985,19986,1,-1,2,-2,1,3,1,-1,-3,-1,2,2,5,2,2,-2,-2,-5,-2,-2
0,1,3331,3334,9993,9994,9995,9998,9999,10000,19987,19988,19989,19990,19991,19994,19995,19996,19997,19998,1,-1,2,-2,1,3,1,-1,-3,-1,2,2,5,2,2,-2,-2,-5,-2,-2
0,1,3333,3336,9999,10000,10001,10004,10005,10006,19999,20000,20001,20002,20003,20006,20007,20008,20009,20010,1,-1,2,-2,1,3,1,-1,-3,-1,2,2,5,2,2,-2,-2,-5,-2,-2
0,1,3335,3338,10005,10006,10007,10010,10011,10012,20011,20012,20013,20014,20015,20018,20019,20020,20021,20022,1,-1,2,-2,1,3,1,-1,-3,-1,2,2,5,2,2,-2,-2,-5,-2,-2
0,1,3337,3340,10011,10012,10013,10016,10017,10018,20023,20024,20025,20026,20027,20030,20031,20032,20033,20034,1,-1,2,-2,1,3,1,-1,-3,-1,2,2,5,2,2,-2,-2,-5,-2,-2
0,1,3339,3342,10017,10018,10019,10022,10023,10024,20035,20036,20037,20038,20039,20042,20043,20044,20045,20046,1,-1,2,-2,1,3,1,-1,-3,-1,2,2,5,2,2,-2,-2,-5,-2,-2
0,1,3341,3344,10023,10024,10025,10028,10029,10030,20047,20048,20049,20050,20051,20054,20055,20056,20057,20058,1,-1,2,-2,1,3,1,-1,-3,-1,2,2,5,2,2,-2,-2,-5,-2,-2
0,1,3343,3346,10029,10030,10031,10034,10035,10036,20059,20060,20061,20062,20063,20066,20067,20068,20069,20070,1,-1,2,-2,1,3,1,-1,-3,-1,2,2,5,2,2,-2,-2,-5,-2,-2
0,1,3345,3348,10035,10036,10037,10040,10041,10042,20071,20072,20073,20074,20075,20078,20079,20080,20081,20082,1,-1,2,-2,1,3,1,-1,-3,-1,2,2,5,2,2,-2,-2,-5,-2,-2
0,1,3347,3350,10041,10042,10043,10046,10047,10048,20083,20084,20085,20086,20087,20090,20091,20092,20093,20094,1,-1,2,-2,1,3,1,-1,-3,-1,2,2,5,2,2,-2,-2,-5,-2,-2
0,1,3349,3352,10047,10048,10049,10052,10053,10054,20095,20096,20097,20098,20099,20102,20103,20104,20105,20106,1,-1,2,-2,1,3,1,-1,-3,-1,2,2,5,2,2,-2,-2,-5,-2,-2
0,1,3351,3354,10053,10054,10055,10058,10059,10060,20107,20108,20109,20110,20111,20114,20115,20116,20117,20118,1,-1,2,-2,1,3,1,-1,-3,-1,2,2,5,2,2,-2,-2,-5,-2,-2
0,1,3353,3356,10059,10060,10061,10064,10065,10066,20119,20120,20121,20122,20123,20126,20127,20128,20129,20130,1,-1,2,-2,1,3,1,-1,-3,-1,2,2,5,2,2,-2,-2,-5,-2,-2
0,1,3355,3358,10065,10066,10067,10070,10071,10072,20131,20132,20133,20134,20135,20138,20139,20140,20141,20142,1,-1,2,-2,1,3,1,-1,-3,-1,2,2,5,2,2,-2,-2,-5,-2,-2
0,1,3357,3360,10071,10072,10073,10076,10077,10078,20143,20144,20145,20146,20147,20150,20151,20152,20153,20154,1,-1,2,-2,1,3,1,-1,-3,-1,2,2,5,2,2,-2,-2,-5,-2,-2
0,1,3359,3362,10077,10078,10079,10082,10083,10084,20155,20156,20157,20158,20159,20162,20163,20164,20165,20166,1,-1,2,-2,1,3,1,-1,-3,-1,2,2,5,2,2,-2,-2,-5,-2,-2
0,1,3361,3364,10083,10084,10085,10088,10089,10090,20167,20168,20169,20170,20171,20174,20175,20176,20177,20178,1,-1,2,-2,1,3,1,-1,-3,-1,2,2,5,2,2,-2,-2,-5,-2,-2
0,1,3363,3366,10089,10090,10091,10094,10095,10096,20179,20180,20181,20182,20183,20186,20187,20188,20189,20190,1,-1,2,-2,1,3,1,-1,-3,-1,2,2,5,2,2,-2,-2,-5,-2,-2
0,1,3365,3368,10095,10096,10097,10100,10101,10102,20191,20192,20193,20194,20195,20198,20199,20200,20201,20202,1,-1,2,-2,1,3,1,-1,-3,-1,2,2,5,2,2,-2,-2,-5,-2,-2
0,1,3367,3370,10101,10102,10103,10106,10107,10108,20203,20204,20205,20206,20207,20210,20211,20212,20213,20214,1,-1,2,-2,1,3,1,-1,-3,-1,2,2,5,2,2,-2,-2,-5,-2,-2
0,1,3369,3372,10107,10108,10109,10112,10113,10114,20215,20216,20217,20218,20219,20222,20223,20224,20225,20226,1,-1,2,-2,1,3,1,-1,-3,-1,2,2,5,2,2,-2,-2,-5,-2,-2
0,1,3371,3374,10113,10114,10115,10118,10119,10120,20227,20228,20229,20230,20231,20234,20235,20236,20237,20238,1,-1,2,-2,1,3,1,-1,-3,-1,2,2,5,2,2,-2,-2,-5,-2,-2
0,1,3373,3376,10119,10120,10121,10124,10125,10126,20239,20240,20241,20242,20243,20246,20247,20248,20249,20250,1,-1,2,-2,1,3,1,-1,-3,-1,2,2,5,2,2,-2,-2,-5,-2,-2
0,1,3375,3378,10125,10126,10127,10130,10131,10132,20251,20252,20253,20254,20255,20258,20259,20260,20261,20262,1,-1,2,-2,1,3,1,-1,-3,-1,2,2,5,2,2,-2,-2,-5,-2,-2
0,1,3377,3380,10131,10132,10133,10136,10137,10138,20263,20264,20265,20266,20267,20270,20271,20272,20273,20274,1,-1,2,-2,1,3,1,-1,-3,-1,2,2,5,2,2,-2,-2,-5,-2,-2
0,1,3379,3382,10137,10138,10139,10142,10143,10144,20275,20276,20277,20278,20279,20282,20283,20284,20285,20286,1,-1,2,-2,1,3,1,-1,-3,-1,2,2,5,2,2,-2,-2,-5,-2,-2
0,1,3381,3384,10143,10144,10145,10148,10149,10150,20287,20288,20289,20290,20291,20294,20295,20296,20297,20298,1,-1,2,-2,1,3,1,-1,-3,-1,2,2,5,2,2,-2,-2,-5,-2,-2
0,1,3383,3386,10149,10150,10151,10154,10155,10156,20299,20300,20301,20302,20303,20306,20307,20308,20309,20310,1,-1,2,-2,1,3,1,-1,-3,-1,2,2,5,2,2,-2,-2,-5,-2,-2
0,1,3385,3388,10155,10156,10157,10160,10161,10162,20311,20312,20313,20314,20315,20318,20319,20320,20321,20322,1,-1,2,-2,1,3,1,-1,-3,-1,2,2,5,2,2,-2,-2,-5,-2,-2
0,1,3387,3390,10161,10162,10163,10166,10167,10168,20323,20324,20325,20326,20327,20330,20331,20332,20333,20334,1,-1,2,-2,1,3,1,-1,-3,-1,2,2,5,2,2,-2,-2,-5,-2,-2
0,1,3389,3392,10167,10168,10169,10172,10173,10174,20335,20336,20337,20338,20339,20342,20343,20344,20345,20346,1,-1,2,-2,1,3,1,-1,-3,-1,2,2,5,2,2,-2,-2,-5,-2,-2
0,1,3391,3394,10173,10174,10175,10178,10179,10180,20347,20348,20349,20350,20351,20354,20355,20356,20357,20358,1,-1,2,-2,1,3,1,-1,-3,-1,2,2,5,2,2,-2,-2,-5,-2,-2
0,1,3393,3396,10179,10180,10181,10184,10185,10186,20359,20360,20361,20362,20363,20366,20367,20368,20369,20370,1,-1,2,-2,1,3,1,-1,-3,-1,2,2,5,2,2,-2,-2,-5,-2,-2
0,1,3395,3398,10185,10186,10187,10190,10191,10192,20371,20372,20373,20374,20375,20378,20379,20380,20381,20382,1,-1,2,-2,1,3,1,-1,-3,-1,2,2,5,2,2,-2,-2,-5,-2,-2
0,1,3397,3400,10191,10192,10193,10196,10197,10198,20383,20384,20385,20386,20387,20390,20391,20392,20393,20394,1,-1,2,-2,1,3,1,-1,-3,-1,2,2,5,2,2,-2,-2,-5,-2,-2
0,1,3399,3402,10197,10198,10199,10202,10203,10204,20395,20396,20397,20398,20399,20402,20403,20404,20405,20406,1,-1,2,-2,1,3,1,-1,-3,-1,2,2,5,2,2,-2,-2,-5,-2,-2
0,1,3401,3404,10203,10204,10205,10208,10209,10210,20407,20408,20409,20410,20411,20414,20415,20416,20417,20418,1,-1,2,-2,1,3,1,-1,-3,-1,2,2,5,2,2,-2,-2,-5,-2,-2
0,1,3403,3406,10209,10210,10211,10214,10215,10216,20419,20420,20421,20422,20423,20426,20427,20428,20429,20430,1,-1,2,-2,1,3,1,-1,-3,-1,2,2,5,2,2,-2,-2,-5,-2,-2
0,1,3405,3408,10215,10216,10217,10220,10221,10222,20431,20432,20433,20434,20435,20438,20439,20440,20441,20442,1,-1,2,-2,1,3,1,-1,-3,-1,2,2,5,2,2,-2,-2,-5,-2,-2
0,1,3407,3410,10221,10222,10223,10226,10227,10228,20443,20444,20445,20446,20447,20450,20451,20452,20453,20454,1,-1,2,-2,1,3,1,-1,-3,-1,2,2,5,2,2,-2,-2,-5,-2,-2
0,1,3409,3412,10227,10228,10229,10232,10233,10234,20455,20456,20457,20458,20459,20462,20463,20464,20465,20466,1,-1,2,-2,1,3,1,-1,-3,-1,2,2,5,2,2,-2,-2,-5,-2,-2
0,1,3411,3414,10233,10234,10235,10238,10239,10240,20467,20468,20469,20470,20471,20474,20475,20476,20477,20478,1,-1,2,-2,1,3,1,-1,-3,-1,2,2,5,2,2,-2,-2,-5,-2,-2
0,1,3413,3416,10239,10240,10241,10244,10245,10246,20479,20480,20481,20482,20483,20486,20487,20488,20489,20490,1,-1,2,-2,1,3,1,-1,-3,-1,2,2,5,2,2,-2,-2,-5,-2,-2
0,1,3415,3418,10245,10246,10247,10250,10251,10252,20491,20492,20493,20494,20495,20498,20499,20500,20501,20502,1,-1,2,-2,1,3,1,-1,-3,-1,2,2,5,2,2,-2,-2,-5,-2,-2
0,1,3417,3420,10251,10252,10253,10256,10257,10258,20503,20504,20505,20506,20507,20510,20511,20512,20513,20514,1,-1,2,-2,1,3,1,-1,-3,-1,2,2,5,2,2,-2,-2,-5,-2,-2
0,1,3419,3422,10257,10258,10259,10262,10263,10264,20515,20516,20517,20518,20519,20522,20523,20524,20525,20526,1,-1,2,-2,1,3,1,-1,-3,-1,2,2,5,2,2,-2,-2,-5,-2,-2
0,1,3421,3424,10263,10264,10265,10268,10269,10270,20527,20528,20529,20530,20531,20534,20535,20536,20537,20538,1,-1,2,-2,1,3,1,-1,-3,-1,2,2,5,2,2,-2,-2,-5,-2,-2
0,1,3423,3426,10269,10270,10271,10274,10275,10276,20539,20540,20541,20542,20543,20546,20547,20548,20549,20550,1,-1,2,-2,1,3,1,-1,-3,-1,2,2,5,2,2,-2,-2,-5,-2,-2
0,1,3425,3428,10275,10276,10277,10280,10281,10282,20551,20552,20553,20554,20555,20558,20559,20560,20561,20562,1,-1,2,-2,1,3,1,-1,-3,-1,2,2,5,2,2,-2,-2,-5,-2,-2
0,1,3427,3430,10281,10282,10283,10286,10287,10288,20563,20564,20565,20566,20567,20570,20571,20572,20573,20574,1,-1,2,-2,1,3,1,-1,-3,-1,2,2,5,2,2,-2,-2,-5,-2,-2
0,1,3429,3432,10287,10288,10289,10292,10293,10294,20575,20576,20577,20578,20579,20582,20583,20584,20585,20586,1,-1,2,-2,1,3,1,-1,-3,-1,2,2,5,2,2,-2,-2,-5,-2,-2
0,1,3431,3434,10293,10294,10295,10298,10299,10300,20587,20588,20589,20590,20591,20594,20595,20596,20597,20598,1,-1,2,-2,1,3,1,-1,-3,-1,2,2,5,2,2,-2,-2,-5,-2,-2
0,1,3433,3436,10299,10300,10301,10304,10305,10306,20599,20600,20601,20602,20603,20606,20607,20608,20609,20610,1,-1,2,-2,1,3,1,-1,-3,-1,2,2,5,2,2,-2,-2,-5,-2,-2
0,1,3435,3438,10305,10306,10307,10310,10311,10312,20611,20612,20613,20614,20615,20618,20619,20620,20621,20622,1,-1,2,-2,1,3,1,-1,-3,-1,2,2,5,2,2,-2,-2,-5,-2,-2
0,1,3437,3440,10311,10312,10313,10316,10317,10318,20623,20624,20625,20626,20627,20630,20631,20632,20633,20634,1,-1,2,-2,1,3,1,-1,-3,-1,2,2,5,2,2,-2,-2,-5,-2,-2
0,1,3439,3442,10317,10318,10319,10322,10323,10324,20635,20636,20637,20638,20639,20642,20643,20644,20645,20646,1,-1,2,-2,1,3,1,-1,-3,-1,2,2,5,2,2,-2,-2,-5,-2,-2
0,1,3441,3444,10323,10324,10325,10328,10329,10330,20647,20648,20649,20650,20651,20654,20655,20656,20657,20658,1,-1,2,-2,1,3,1,-1,-3,-1,2,2,5,2,2,-2,-2,-5,-2,-2
0,1,3443,3446,10329,10330,10331,10334,10335,10336,20659,20660,20661,20662,20663,20666,20667,20668,20669,20670,1,-1,2,-2,1,3,1,-1,-3,-1,2,2,5,2,2,-2,-2,-5,-2,-2
0,1,3445,3448,10335,10336,10337,10340,10341,10342,20671,20672,20673,20674,20675,20678,20679,20680,20681,20682,1,-1,2,-2,1,3,1,-1,-3,-1,2,2,5,2,2,-2,-2,-5,-2,-2
0,1,3447,3450,10341,10342,10343,10346,10347,10348,20683,20684,20685,20686,20687,20690,20691,20692,20693,20694,1,-1,2,-2,1,3,1,-1,-3,-1,2,2,5,2,2,-2,-2,-5,-2,-2
0,1,3449,3452,10347,10348,10349,10352,10353,10354,20695,20696,20697,20698,20699,20702,20703,20704,20705,20706,1,-1,2,-2,1,3,1,-1,-3,-1,2,2,5,2,2,-2,-2,-5,-2,-2
0,1,3451,3454,10353,10354,10355,10358,10359,10360,20707,20708,20709,20710,20711,20714,20715,20716,20717,20718,1,-1,2,-2,1,3,1,-1,-3,-1,2,2,5,2,2,-2,-2,-5,-2,-2
0,1,3453,3456,10359,10360,10361,10364,10365,10366,20719,20720,20721,20722,20723,20726,20727,20728,20729,20730,1,-1,2,-2,1,3,1,-1,-3,-1,2,2,5,2,2,-2,-2,-5,-2,-2
0,1,3455,3458,10365,10366,10367,10370,10371,10372,20731,20732,20733,20734,20735,20738,20739,20740,20741,20742,1,-1,2,-2,1,3,1,-1,-3,-1,2,2,5,2,2,-2,-2,-5,-2,-2
0,1,3457,3460,10371,10372,10373,10376,10377,10378,20743,20744,20745,20746,20747,20750,20751,20752,20753,20754,1,-1,2,-2,1,3,1,-1,-3,-1,2,2,5,2,2,-2,-2,-5,-2,-2
0,1,3459,3462,10377,10378,10379,10382,10383,10384,20755,20756,20757,20758,20759,20762,20763,20764,20765,20766,1,-1,2,-2,1,3,1,-1,-3,-1,2,2,5,2,2,-2,-2,-5,-2,-2
0,1,3461,3464,10383,10384,10385,10388,10389,10390,20767,20768,20769,20770,20771,20774,20775,20776,20777,20778,1,-1,2,-2,1,3,1,-1,-3,-1,2,2,5,2,2,-2,-2,-5,-2,-2
0,1,3463,3466,10389,10390,10391,10394,10395,10396,20779,20780,20781,20782,20783,20786,20787,20788,20789,20790,1,-1,2,-2,1,3,1,-1,-3,-1,2,2,5,2,2,-2,-2,-5,-2,-2
0,1,3465,3468,10395,10396,10397,10400,10401,10402,20791,20792,20793,20794,20795,20798,20799,20800,20801,20802,1,-1,2,-2,1,3,1,-1,-3,-1,2,2,5,2,2,-2,-2,-5,-2,-2
0,1,3467,3470,10401,10402,10403,10406,10407,10408,20803,20804,20805,20806,20807,20810,20811,20812,20813,20814,1,-1,2,-2,1,3,1,-1,-3,-1,2,2,5,2,2,-2,-2,-5,-2,-2
0,1,3469,3472,10407,10408,10409,10412,10413,10414,20815,20816,20817,20818,20819,20822,20823,20824,20825,20826,1,-1,2,-2,1,3,1,-1,-3,-1,2,2,5,2,2,-2,-2,-5,-2,-2
0,1,3471,3474,10413,10414,10415,10418,10419,10420,20827,20828,20829,20830,20831,20834,20835,20836,20837,20838,1,-1,2,-2,1,3,1,-1,-3,-1,2,2,5,2,2,-2,-2,-5,-2,-2
0,1,3473,3476,10419,10420,10421,10424,10425,10426,20839,20840,20841,20842,20843,20846,20847,20848,20849,20850,1,-1,2,-2,1,3,1,-1,-3,-1,2,2,5,2,2,-2,-2,-5,-2,-2
0,1,3475,3478,10425,10426,10427,10430,10431,10432,20851,20852,20853,20854,20855,20858,20859,20860,20861,20862,1,-1,2,-2,1,3,1,-1,-3,-1,2,2,5,2,2,-2,-2,-5,-2,-2
0,1,3477,3480,10431,10432,10433,10436,10437,10438,20863,20864,20865,20866,20867,20870,20871,20872,20873,20874,1,-1,2,-2,1,3,1,-1,-3,-1,2,2,5,2,2,-2,-2,-5,-2,-2
0,1,3479,3482,10437,10438,10439,10442,10443,10444,20875,20876,20877,20878,20879,20882,20883,20884,20885,20886,1,-1,2,-2,1,3,1,-1,-3,-1,2,2,5,2,2,-2,-2,-5,-2,-2
0,1,3481,3484,10443,10444,10445,10448,10449,10450,20887,20888,20889,20890,20891,20894,20895,20896,20897,20898,1,-1,2,-2,1,3,1,-1,-3,-1,2,2,5,2,2,-2,-2,-5,-2,-2
0,1,3483,3486,10449,10450,10451,10454,10455,10456,20899,20900,20901,20902,20903,20906,20907,20908,20909,20910,1,-1,2,-2,1,3,1,-1,-3,-1,2,2,5,2,2,-2,-2,-5,-2,-2
0,1,3485,3488,10455,10456,10457,10460,10461,10462,20911,20912,20913,20914,20915,20918,20919,20920,20921,20922,1,-1,2,-2,1,3,1,-1,-3,-1,2,2,5,2,2,-2,-2,-5,-2,-2
0,1,3487,3490,10461,10462,10463,10466,10467,10468,20923,20924,20925,20926,20927,20930,20931,20932,20933,20934,1,-1,2,-2,1,3,1,-1,-3,-1,2,2,5,2,2,-2,-2,-5,-2,-2
0,1,3489,3492,10467,10468,10469,10472,10473,10474,20935,20936,20937,20938,20939,20942,20943,20944,20945,20946,1,-1,2,-2,1,3,1,-1,-3,-1,2,2,5,2,2,-2,-2,-5,-2,-2
0,1,3491,3494,10473,10474,10475,10478,10479,10480,20947,20948,20949,20950,20951,20954,20955,20956,20957,20958,1,-1,2,-2,1,3,1,-1,-3,-1,2,2,5,2,2,-2,-2,-5,-2,-2
0,1,3493,3496,10479,10480,10481,10484,10485,10486,20959,20960,20961,20962,20963,20966,20967,20968,20969,20970,1,-1,2,-2,1,3,1,-1,-3,-1,2,2,5,2,2,-2,-2,-5,-2,-2
0,1,3495,3498,10485,10486,10487,10490,10491,10492,20971,20972,20973,20974,20975,20978,20979,20980,20981,20982,1,-1,2,-2,1,3,1,-1,-3,-1,2,2,5,2,2,-2,-2,-5,-2,-2
0,1,3497,3500,10491,10492,10493,10496,10497,10498,20983,20984,20985,20986,20987,20990,20991,20992,20993,20994,1,-1,2,-2,1,3,1,-1,-3,-1,2,2,5,2,2,-2,-2,-5,-2,-2
0,1,3499,3502,10497,10498,10499,10502,10503,10504,20995,20996,20997,20998,20999,21002,21003,21004,21005,21006,1,-1,2,-2,1,3,1,-1,-3,-1,2,2,5,2,2,-2,-2,-5,-2,-2
0,1,3501,3504,10503,10504,10505,10508,10509,10510,21007,21008,21009,21010,21011,21014,21015,21016,21017,21018,1,-1,2,-2,1,3,1,-1,-3,-1,2,2,5,2,2,-2,-2,-5,-2,-2
0,1,3503,3506,10509,10510,10511,10514,10515,10516,21019,21020,21021,21022,21023,21026,21027,21028,21029,21030,1,-1,2,-2,1,3,1,-1,-3,-1,2,2,5,2,2,-2,-2,-5,-2,-2
0,1,3505,3508,10515,10516,10517,10520,10521,10522,21031,21032,21033,21034,21035,21038,21039,21040,21041,21042,1,-1,2,-2,1,3,1,-1,-3,-1,2,2,5,2,2,-2,-2,-5,-2,-2
0,1,3507,3510,10521,10522,10523,10526,10527,10528,21043,21044,21045,21046,21047,21050,21051,21052,21053,21054,1,-1,2,-2,1,3,1,-1,-3,-1,2,2,5,2,2,-2,-2,-5,-2,-2
0,1,3509,3512,10527,10528,10529,10532,10533,10534,21055,21056,21057,21058,21059,21062,21063,21064,21065,21066,1,-1,2,-2,1,3,1,-1,-3,-1,2,2,5,2,2,-2,-2,-5,-2,-2
0,1,3511,3514,10533,10534,10535,10538,10539,10540,21067,21068,21069,21070,21071,21074,21075,21076,21077,21078,1,-1,2,-2,1,3,1,-1,-3,-1,2,2,5,2,2,-2,-2,-5,-2,-2
0,1,3513,3516,10539,10540,10541,10544,10545,10546,21079,21080,21081,21082,21083,21086,21087,21088,21089,21090,1,-1,2,-2,1,3,1,-1,-3,-1,2,2,5,2,2,-2,-2,-5,-2,-2
0,1,3515,3518,10545,10546,10547,10550,10551,10552,21091,21092,21093,21094,21095,21098,21099,21100,21101,21102,1,-1,2,-2,1,3,1,-1,-3,-1,2,2,5,2,2,-2,-2,-5,-2,-2
0,1,3517,3520,10551,10552,10553,10556,10557,10558,21103,21104,21105,21106,21107,21110,21111,21112,21113,21114,1,-1,2,-2,1,3,1,-1,-3,-1,2,2,5,2,2,-2,-2,-5,-2,-2
0,1,3519,3522,10557,10558,10559,10562,10563,10564,21115,21116,21117,21118,21119,21122,21123,21124,21125,21126,1,-1,2,-2,1,3,1,-1,-3,-1,2,2,5,2,2,-2,-2,-5,-2,-2
0,1,3521,3524,10563,10564,10565,10568,10569,10570,21127,21128,21129,21130,21131,21134,21135,21136,21137,21138,1,-1,2,-2,1,3,1,-1,-3,-1,2,2,5,2,2,-2,-2,-5,-2,-2
0,1,3523,3526,10569,10570,10571,10574,10575,10576,21139,21140,21141,21142,21143,21146,21147,21148,21149,21150,1,-1,2,-2,1,3,1,-1,-3,-1,2,2,5,2,2,-2,-2,-5,-2,-2
0,1,3525,3528,10575,10576,10577,10580,10581,10582,21151,21152,21153,21154,21155,21158,21159,21160,21161,21162,1,-1,2,-2,1,3,1,-1,-3,-1,2,2,5,2,2,-2,-2,-5,-2,-2
0,1,3527,3530,10581,10582,10583,10586,10587,10588,21163,21164,21165,21166,21167,21170,21171,21172,21173,21174,1,-1,2,-2,1,3,1,-1,-3,-1,2,2,5,2,2,-2,-2,-5,-2,-2
0,1,3529,3532,10587,10588,10589,10592,10593,10594,21175,21176,21177,21178,21179,21182,21183,21184,21185,21186,1,-1,2,-2,1,3,1,-1,-3,-1,2,2,5,2,2,-2,-2,-5,-2,-2
0,1,3531,3534,10593,10594,10595,10598,10599,10600,21187,21188,21189,21190,21191,21194,21195,21196,21197,21198,1,-1,2,-2,1,3,1,-1,-3,-1,2,2,5,2,2,-2,-2,-5,-2,-2
0,1,3533,3536,10599,10600,10601,10604,10605,10606,21199,21200,21201,21202,21203,21206,21207,21208,21209,21210,1,-1,2,-2,1,3,1,-1,-3,-1,2,2,5,2,2,-2,-2,-5,-2,-2
0,1,3535,3538,10605,10606,10607,10610,10611,10612,21211,21212,21213,21214,21215,21218,21219,21220,21221,21222,1,-1,2,-2,1,3,1,-1,-3,-1,2,2,5,2,2,-2,-2,-5,-2,-2
0,1,3537,3540,10611,10612,10613,10616,10617,10618,21223,21224,21225,21226,21227,21230,21231,21232,21233,21234,1,-1,2,-2,1,3,1,-1,-3,-1,2,2,5,2,2,-2,-2,-5,-2,-2
0,1,3539,3542,10617,10618,10619,10622,10623,10624,21235,21236,21237,21238,21239,21242,21243,21244,21245,21246,1,-1,2,-2,1,3,1,-1,-3,-1,2,2,5,2,2,-2,-2,-5,-2,-2
0,1,3541,3544,10623,10624,10625,10628,10629,10630,21247,21248,21249,21250,21251,21254,21255,21256,21257,21258,1,-1,2,-2,1,3,1,-1,-3,-1,2,2,5,2,2,-2,-2,-5,-2,-2
0,1,3543,3546,10629,10630,10631,10634,10635,10636,21259,21260,21261,21262,21263,21266,21267,21268,21269,21270,1,-1,2,-2,1,3,1,-1,-3,-1,2,2,5,2,2,-2,-2,-5,-2,-2
0,1,3545,3548,10635,10636,10637,10640,10641,10642,21271,21272,21273,21274,21275,21278,21279,21280,21281,21282,1,-1,2,-2,1,3,1,-1,-3,-1,2,2,5,2,2,-2,-2,-5,-2,-2
0,1,3547,3550,10641,10642,10643,10646,10647,10648,21283,21284,21285,21286,21287,21290,21291,21292,21293,21294,1,-1,2,-2,1,3,1,-1,-3,-1,2,2,5,2,2,-2,-2,-5,-2,-2
0,1,3549,3552,10647,10648,10649,10652,10653,10654,21295,21296,21297,21298,21299,21302,21303,21304,21305,21306,1,-1,2,-2,1,3,1,-1,-3,-1,2,2,5,2,2,-2,-2,-5,-2,-2
0,1,3551,3554,10653,10654,10655,10658,10659,10660,21307,21308,21309,21310,21311,21314,21315,21316,21317,21318,1,-1,2,-2,1,3,1,-1,-3,-1,2,2,5,2,2,-2,-2,-5,-2,-2
0,1,3553,3556,10659,10660,10661,10664,10665,10666,21319,21320,21321,21322,21323,21326,21327,21328,21329,21330,1,-1,2,-2,1,3,1,-1,-3,-1,2,2,5,2,2,-2,-2,-5,-2,-2
0,1,3555,3558,10665,10666,10667,10670,10671,10672,21331,21332,21333,21334,21335,21338,21339,21340,21341,21342,1,-1,2,-2,1,3,1,-1,-3,-1,2,2,5,2,2,-2,-2,-5,-2,-2
0,1,3557,3560,10671,10672,10673,10676,10677,10678,21343,21344,21345,21346,21347,21350,21351,21352,21353,21354,1,-1,2,-2,1,3,1,-1,-3,-1,2,2,5,2,2,-2,-2,-5,-2,-2
0,1,3559,3562,10677,10678,10679,10682,10683,10684,21355,21356,21357,21358,21359,21362,21363,21364,21365,21366,1,-1,2,-2,1,3,1,-1,-3,-1,2,2,5,2,2,-2,-2,-5,-2,-2
0,1,3561,3564,10683,10684,10685,10688,10689,10690,21367,21368,21369,21370,21371,21374,21375,21376,21377,21378,1,-1,2,-2,1,3,1,-1,-3,-1,2,2,5,2,2,-2,-2,-5,-2,-2
0,1,3563,3566,10689,10690,10691,10694,10695,10696,21379,21380,21381,21382,21383,21386,21387,21388,21389,21390,1,-1,2,-2,1,3,1,-1,-3,-1,2,2,5,2,2,-2,-2,-5,-2,-2
0,1,3565,3568,10695,10696,10697,10700,10701,10702,21391,21392,21393,21394,21395,21398,21399,21400,21401,21402,1,-1,2,-2,1,3,1,-1,-3,-1,2,2,5,2,2,-2,-2,-5,-2,-2
0,1,3567,3570,10701,10702,10703,10706,10707,10708,21403,21404,21405,21406,21407,21410,21411,21412,21413,21414,1,-1,2,-2,1,3,1,-1,-3,-1,2,2,5,2,2,-2,-2,-5,-2,-2
0,1,3569,3572,10707,10708,10709,10712,10713,10714,21415,21416,21417,21418,21419,21422,21423,21424,21425,21426,1,-1,2,-2,1,3,1,-1,-3,-1,2,2,5,2,2,-2,-2,-5,-2,-2
0,1,3571,3574,10713,10714,10715,10718,10719,10720,21427,21428,21429,21430,21431,21434,21435,21436,21437,21438,1,-1,2,-2,1,3,1,-1,-3,-1,2,2,5,2,2,-2,-2,-5,-2,-2
0,1,3573,3576,10719,10720,10721,10724,10725,10726,21439,21440,21441,21442,21443,21446,21447,21448,21449,21450,1,-1,2,-2,1,3,1,-1,-3,-1,2,2,5,2,2,-2,-2,-5,-2,-2
0,1,3575,3578,10725,10726,10727,10730,10731,10732,21451,21452,21453,21454,21455,21458,21459,21460,21461,21462,1,-1,2,-2,1,3,1,-1,-3,-1,2,2,5,2,2,-2,-2,-5,-2,-2
0,1,3577,3580,10731,10732,10733,10736,10737,10738,21463,21464,21465,21466,21467,21470,21471,21472,21473,21474,1,-1,2,-2,1,3,1,-1,-3,-1,2,2,5,2,2,-2,-2,-5,-2,-2
0,1,3579,3582,10737,10738,10739,10742,10743,10744,21475,21476,21477,21478,21479,21482,21483,21484,21485,21486,1,-1,2,-2,1,3,1,-1,-3,-1,2,2,5,2,2,-2,-2,-5,-2,-2
0,1,3581,3584,10743,10744,10745,10748,10749,10750,21487,21488,21489,21490,21491,21494,21495,21496,21497,21498,1,-1,2,-2,1,3,1,-1,-3,-1,2,2,5,2,2,-2,-2,-5,-2,-2
0,1,3583,3586,10749,10750,10751,10754,10755,10756,21499,21500,21501,21502,21503,21506,21507,21508,21509,21510,1,-1,2,-2,1,3,1,-1,-3,-1,2,2,5,2,2,-2,-2,-5,-2,-2
0,1,3585,3588,10755,10756,10757,10760,10761,10762,21511,21512,21513,21514,21515,21518,21519,21520,21521,21522,1,-1,2,-2,1,3,1,-1,-3,-1,2,2,5,2,2,-2,-2,-5,-2,-2
0,1,3587,3590,10761,10762,10763,10766,10767,10768,21523,21524,21525,21526,21527,21530,21531,21532,21533,21534,1,-1,2,-2,1,3,1,-1,-3,-1,2,2,5,2,2,-2,-2,-5,-2,-2
0,1,3589,3592,10767,10768,10769,10772,10773,10774,21535,21536,21537,21538,21539,21542,21543,21544,21545,21546,1,-1,2,-2,1,3,1,-1,-3,-1,2,2,5,2,2,-2,-2,-5,-2,-2
0,1,3591,3594,10773,10774,10775,10778,10779,10780,21547,21548,21549,21550,21551,21554,21555,21556,21557,21558,1,-1,2,-2,1,3,1,-1,-3,-1,2,2,5,2,2,-2,-2,-5,-2,-2
0,1,3593,3596,10779,10780,10781,10784,10785,10786,21559,21560,21561,21562,21563,21566,21567,21568,21569,21570,1,-1,2,-2,1,3,1,-1,-3,-1,2,2,5,2,2,-2,-2,-5,-2,-2
0,1,3595,3598,10785,10786,10787,10790,10791,10792,21571,21572,21573,21574,21575,21578,21579,21580,21581,21582,1,-1,2,-2,1,3,1,-1,-3,-1,2,2,5,2,2,-2,-2,-5,-2,-2
0,1,3597,3600,10791,10792,10793,10796,10797,10798,21583,21584,21585,21586,21587,21590,21591,21592,21593,21594,1,-1,2,-2,1,3,1,-1,-3,-1,2,2,5,2,2,-2,-2,-5,-2,-2
0,1,3599,3602,10797,10798,10799,10802,10803,10804,21595,21596,21597,21598,21599,21602,21603,21604,21605,21606,1,-1,2,-2,1,3,1,-1,-3,-1,2,2,5,2,2,-2,-2,-5,-2,-2
0,1,3601,3604,10803,10804,10805,10808,10809,10810,21607,21608,21609,21610,21611,21614,21615,21616,21617,21618,1,-1,2,-2,1,3,1,-1,-3,-1,2,2,5,2,2,-2,-2,-5,-2,-2
0,1,3603,3606,10809,10810,10811,10814,10815,10816,21619,21620,21621,21622,21623,21626,21627,21628,21629,21630,1,-1,2,-2,1,3,1,-1,-3,-1,2,2,5,2,2,-2,-2,-5,-2,-2
0,1,3605,3608,10815,10816,10817,10820,10821,10822,21631,21632,21633,21634,21635,21638,21639,21640,21641,21642,1,-1,2,-2,1,3,1,-1,-3,-1,2,2,5,2,2,-2,-2,-5,-2,-2
0,1,3607,3610,10821,10822,10823,10826,10827,10828,21643,21644,21645,21646,21647,21650,21651,21652,21653,21654,1,-1,2,-2,1,3,1,-1,-3,-1,2,2,5,2,2,-2,-2,-5,-2,-2
0,1,3609,3612,10827,10828,10829,10832,10833,10834,21655,21656,21657,21658,21659,21662,21663,21664,21665,21666,1,-1,2,-2,1,3,1,-1,-3,-1,2,2,5,2,2,-2,-2,-5,-2,-2
0,1,3611,3614,10833,10834,10835,10838,10839,10840,21667,21668,21669,21670,21671,21674,21675,21676,21677,21678,1,-1,2,-2,1,3,1,-1,-3,-1,2,2,5,2,2,-2,-2,-5,-2,-2
0,1,3613,3616,10839,10840,10841,10844,10845,10846,21679,21680,21681,21682,21683,21686,21687,21688,21689,21690,1,-1,2,-2,1,3,1,-1,-3,-1,2,2,5,2,2,-2,-2,-5,-2,-2
0,1,3615,3618,10845,10846,10847,10850,10851,10852,21691,21692,21693,21694,21695,21698,21699,21700,21701,21702,1,-1,2,-2,1,3,1,-1,-3,-1,2,2,5,2,2,-2,-2,-5,-2,-2
0,1,3617,3620,10851,10852,10853,10856,10857,10858,21703,21704,21705,21706,21707,21710,21711,21712,21713,21714,1,-1,2,-2,1,3,1,-1,-3,-1,2,2,5,2,2,-2,-2,-5,-2,-2
0,1,3619,3622,10857,10858,10859,10862,10863,10864,21715,21716,21717,21718,21719,21722,21723,21724,21725,21726,1,-1,2,-2,1,3,1,-1,-3,-1,2,2,5,2,2,-2,-2,-5,-2,-2
0,1,3621,3624,10863,10864,10865,10868,10869,10870,21727,21728,21729,21730,21731,21734,21735,21736,21737,21738,1,-1,2,-2,1,3,1,-1,-3,-1,2,2,5,2,2,-2,-2,-5,-2,-2
0,1,3623,3626,10869,10870,10871,10874,10875,10876,21739,21740,21741,21742,21743,21746,21747,21748,21749,21750,1,-1,2,-2,1,3,1,-1,-3,-1,2,2,5,2,2,-2,-2,-5,-2,-2
0,1,3625,3628,10875,10876,10877,10880,10881,10882,21751,21752,21753,21754,21755,21758,21759,21760,21761,21762,1,-1,2,-2,1,3,1,-1,-3,-1,2,2,5,2,2,-2,-2,-5,-2,-2
0,1,3627,3630,10881,10882,10883,10886,10887,10888,21763,21764,21765,21766,21767,21770,21771,21772,21773,21774,1,-1,2,-2,1,3,1,-1,-3,-1,2,2,5,2,2,-2,-2,-5,-2,-2
0,1,3629,3632,10887,10888,10889,10892,10893,10894,21775,21776,21777,21778,21779,21782,21783,21784,21785,21786,1,-1,2,-2,1,3,1,-1,-3,-1,2,2,5,2,2,-2,-2,-5,-2,-2
0,1,3631,3634,10893,10894,10895,10898,10899,10900,21787,21788,21789,21790,21791,21794,21795,21796,21797,21798,1,-1,2,-2,1,3,1,-1,-3,-1,2,2,5,2,2,-2,-2,-5,-2,-2
0,1,3633,3636,10899,10900,10901,10904,10905,10906,21799,21800,21801,21802,21803,21806,21807,21808,21809,21810,1,-1,2,-2,1,3,1,-1,-3,-1,2,2,5,2,2,-2,-2,-5,-2,-2
0,1,3635,3638,10905,10906,10907,10910,10911,10912,21811,21812,21813,21814,21815,21818,21819,21820,21821,21822,1,-1,2,-2,1,3,1,-1,-3,-1,2,2,5,2,2,-2,-2,-5,-2,-2
0,1,3637,3640,10911,10912,10913,10916,10917,10918,21823,21824,21825,21826,21827,21830,21831,21832,21833,21834,1,-1,2,-2,1,3,1,-1,-3,-1,2,2,5,2,2,-2,-2,-5,-2,-2
0,1,3639,3642,10917,10918,10919,10922,10923,10924,21835,21836,21837,21838,21839,21842,21843,21844,21845,21846,1,-1,2,-2,1,3,1,-1,-3,-1,2,2,5,2,2,-2,-2,-5,-2,-2
0,1,3641,3644,10923,10924,10925,10928,10929,10930,21847,21848,21849,21850,21851,21854,21855,21856,21857,21858,1,-1,2,-2,1,3,1,-1,-3,-1,2,2,5,2,2,-2,-2,-5,-2,-2
0,1,3643,3646,10929,10930,10931,10934,10935,10936,21859,21860,21861,21862,21863,21866,21867,21868,21869,21870,1,-1,2,-2,1,3,1,-1,-3,-1,2,2,5,2,2,-2,-2,-5,-2,-2
0,1,3645,3648,10935,10936,10937,10940,10941,10942,21871,21872,21873,21874,21875,21878,21879,21880,21881,21882,1,-1,2,-2,1,3,1,-1,-3,-1,2,2,5,2,2,-2,-2,-5,-2,-2
0,1,3647,3650,10941,10942,10943,10946,10947,10948,21883,21884,21885,21886,21887,21890,21891,21892,21893,21894,1,-1,2,-2,1,3,1,-1,-3,-1,2,2,5,2,2,-2,-2,-5,-2,-2
0,1,3649,3652,10947,10948,10949,10952,10953,10954,21895,21896,21897,21898,21899,21902,21903,21904,21905,21906,1,-1,2,-2,1,3,1,-1,-3,-1,2,2,5,2,2,-2,-2,-5,-2,-2
0,1,3651,3654,10953,10954,10955,10958,10959,10960,21907,21908,21909,21910,21911,21914,21915,21916,21917,21918,1,-1,2,-2,1,3,1,-1,-3,-1,2,2,5,2,2,-2,-2,-5,-2,-2
0,1,3653,3656,10959,10960,10961,10964,10965,10966,21919,21920,21921,21922,21923,21926,21927,21928,21929,21930,1,-1,2,-2,1,3,1,-1,-3,-1,2,2,5,2,2,-2,-2,-5,-2,-2
0,1,3655,3658,10965,10966,10967,10970,10971,10972,21931,21932,21933,21934,21935,21938,21939,21940,21941,21942,1,-1,2,-2,1,3,1,-1,-3,-1,2,2,5,2,2,-2,-2,-5,-2,-2
0,1,3657,3660,10971,10972,10973,10976,10977,10978,21943,21944,21945,21946,21947,21950,21951,21952,21953,21954,1,-1,2,-2,1,3,1,-1,-3,-1,2,2,5,2,2,-2,-2,-5,-2,-2
0,1,3659,3662,10977,10978,10979,10982,10983,10984,21955,21956,21957,21958,21959,21962,21963,21964,21965,21966,1,-1,2,-2,1,3,1,-1,-3,-1,2,2,5,2,2,-2,-2,-5,-2,-2
0,1,3661,3664,10983,10984,10985,10988,10989,10990,21967,21968,21969,21970,21971,21974,21975,21976,21977,21978,1,-1,2,-2,1,3,1,-1,-3,-1,2,2,5,2,2,-2,-2,-5,-2,-2
0,1,3663,3666,10989,10990,10991,10994,10995,10996,21979,21980,21981,21982,21983,21986,21987,21988,21989,21990,1,-1,2,-2,1,3,1,-1,-3,-1,2,2,5,2,2,-2,-2,-5,-2,-2
0,1,3665,3668,10995,10996,10997,11000,11001,11002,21991,21992,21993,21994,21995,21998,21999,22000,22001,22002,1,-1,2,-2,1,3,1,-1,-3,-1,2,2,5,2,2,-2,-2,-5,-2,-2
0,1,3667,3670,11001,11002,11003,11006,11007,11008,22003,22004,22005,22006,22007,22010,22011,22012,22013,22014,1,-1,2,-2,1,3,1,-1,-3,-1,2,2,5,2,2,-2,-2,-5,-2,-2
0,1,3669,3672,11007,11008,11009,11012,11013,11014,22015,22016,22017,22018,22019,22022,22023,22024,22025,22026,1,-1,2,-2,1,3,1,-1,-3,-1,2,2,5,2,2,-2,-2,-5,-2,-2
0,1,3671,3674,11013,11014,11015,11018,11019,11020,22027,22028,22029,22030,22031,22034,22035,22036,22037,22038,1,-1,2,-2,1,3,1,-1,-3,-1,2,2,5,2,2,-2,-2,-5,-2,-2
0,1,3673,3676,11019,11020,11021,11024,11025,11026,22039,22040,22041,22042,22043,22046,22047,22048,22049,22050,1,-1,2,-2,1,3,1,-1,-3,-1,2,2,5,2,2,-2,-2,-5,-2,-2
0,1,3675,3678,11025,11026,11027,11030,11031,11032,22051,22052,22053,22054,22055,22058,22059,22060,22061,22062,1,-1,2,-2,1,3,1,-1,-3,-1,2,2,5,2,2,-2,-2,-5,-2,-2
0,1,3677,3680,11031,11032,11033,11036,11037,11038,22063,22064,22065,22066,22067,22070,22071,22072,22073,22074,1,-1,2,-2,1,3,1,-1,-3,-1,2,2,5,2,2,-2,-2,-5,-2,-2
0,1,3679,3682,11037,11038,11039,11042,11043,11044,22075,22076,22077,22078,22079,22082,22083,22084,22085,22086,1,-1,2,-2,1,3,1,-1,-3,-1,2,2,5,2,2,-2,-2,-5,-2,-2
0,1,3681,3684,11043,11044,11045,11048,11049,11050,22087,22088,22089,22090,22091,22094,22095,22096,22097,22098,1,-1,2,-2,1,3,1,-1,-3,-1,2,2,5,2,2,-2,-2,-5,-2,-2
0,1,3683,3686,11049,11050,11051,11054,11055,11056,22099,22100,22101,22102,22103,22106,22107,22108,22109,22110,1,-1,2,-2,1,3,1,-1,-3,-1,2,2,5,2,2,-2,-2,-5,-2,-2
0,1,3685,3688,11055,11056,11057,11060,11061,11062,22111,22112,22113,22114,22115,22118,22119,22120,22121,22122,1,-1,2,-2,1,3,1,-1,-3,-1,2,2,5,2,2,-2,-2,-5,-2,-2
0,1,3687,3690,11061,11062,11063,11066,11067,11068,22123,22124,22125,22126,22127,22130,22131,22132,22133,22134,1,-1,2,-2,1,3,1,-1,-3,-1,2,2,5,2,2,-2,-2,-5,-2,-2
0,1,3689,3692,11067,11068,11069,11072,11073,11074,22135,22136,22137,22138,22139,22142,22143,22144,22145,22146,1,-1,2,-2,1,3,1,-1,-3,-1,2,2,5,2,2,-2,-2,-5,-2,-2
0,1,3691,3694,11073,11074,11075,11078,11079,11080,22147,22148,22149,22150,22151,22154,22155,22156,22157,22158,1,-1,2,-2,1,3,1,-1,-3,-1,2,2,5,2,2,-2,-2,-5,-2,-2
0,1,3693,3696,11079,11080,11081,11084,11085,11086,22159,22160,22161,22162,22163,22166,22167,22168,22169,22170,1,-1,2,-2,1,3,1,-1,-3,-1,2,2,5,2,2,-2,-2,-5,-2,-2
0,1,3695,3698,11085,11086,11087,11090,11091,11092,22171,22172,22173,22174,22175,22178,22179,22180,22181,22182,1,-1,2,-2,1,3,1,-1,-3,-1,2,2,5,2,2,-2,-2,-5,-2,-2
0,1,3697,3700,11091,11092,11093,11096,11097,11098,22183,22184,22185,22186,22187,22190,22191,22192,22193,22194,1,-1,2,-2,1,3,1,-1,-3,-1,2,2,5,2,2,-2,-2,-5,-2,-2
0,1,3699,3702,11097,11098,11099,11102,11103,11104,22195,22196,22197,22198,22199,22202,22203,22204,22205,22206,1,-1,2,-2,1,3,1,-1,-3,-1,2,2,5,2,2,-2,-2,-5,-2,-2
0,1,3701,3704,11103,11104,11105,11108,11109,11110,22207,22208,22209,22210,22211,22214,22215,22216,22217,22218,1,-1,2,-2,1,3,1,-1,-3,-1,2,2,5,2,2,-2,-2,-5,-2,-2
0,1,3703,3706,11109,11110,11111,11114,11115,11116,22219,22220,22221,22222,22223,22226,22227,22228,22229,22230,1,-1,2,-2,1,3,1,-1,-3,-1,2,2,5,2,2,-2,-2,-5,-2,-2
0,1,3705,3708,11115,11116,11117,11120,11121,11122,22231,22232,22233,22234,22235,22238,22239,22240,22241,22242,1,-1,2,-2,1,3,1,-1,-3,-1,2,2,5,2,2,-2,-2,-5,-2,-2
0,1,3707,3710,11121,11122,11123,11126,11127,11128,22243,22244,22245,22246,22247,22250,22251,22252,22253,22254,1,-1,2,-2,1,3,1,-1,-3,-1,2,2,5,2,2,-2,-2,-5,-2,-2
0,1,3709,3712,11127,11128,11129,11132,11133,11134,22255,22256,22257,22258,22259,22262,22263,22264,22265,22266,1,-1,2,-2,1,3,1,-1,-3,-1,2,2,5,2,2,-2,-2,-5,-2,-2
0,1,3711,3714,11133,11134,11135,11138,11139,11140,22267,22268,22269,22270,22271,22274,22275,22276,22277,22278,1,-1,2,-2,1,3,1,-1,-3,-1,2,2,5,2,2,-2,-2,-5,-2,-2
0,1,3713,3716,11139,11140,11141,11144,11145,11146,22279,22280,22281,22282,22283,22286,22287,22288,22289,22290,1,-1,2,-2,1,3,1,-1,-3,-1,2,2,5,2,2,-2,-2,-5,-2,-2
0,1,3715,3718,11145,11146,11147,11150,11151,11152,22291,22292,22293,22294,22295,22298,22299,22300,22301,22302,1,-1,2,-2,1,3,1,-1,-3,-1,2,2,5,2,2,-2,-2,-5,-2,-2
0,1,3717,3720,11151,11152,11153,11156,11157,11158,22303,22304,22305,22306,22307,22310,22311,22312,22313,22314,1,-1,2,-2,1,3,1,-1,-3,-1,2,2,5,2,2,-2,-2,-5,-2,-2
0,1,3719,3722,11157,11158,11159,11162,11163,11164,22315,22316,22317,22318,22319,22322,22323,22324,22325,22326,1,-1,2,-2,1,3,1,-1,-3,-1,2,2,5,2,2,-2,-2,-5,-2,-2
0,1,3721,3724,11163,11164,11165,11168,11169,11170,22327,22328,22329,22330,22331,22334,22335,22336,22337,22338,1,-1,2,-2,1,3,1,-1,-3,-1,2,2,5,2,2,-2,-2,-5,-2,-2
0,1,3723,3726,11169,11170,11171,11174,11175,11176,22339,22340,22341,22342,22343,22346,22347,22348,22349,22350,1,-1,2,-2,1,3,1,-1,-3,-1,2,2,5,2,2,-2,-2,-5,-2,-2
0,1,3725,3728,11175,11176,11177,11180,11181,11182,22351,22352,22353,22354,22355,22358,22359,22360,22361,22362,1,-1,2,-2,1,3,1,-1,-3,-1,2,2,5,2,2,-2,-2,-5,-2,-2
0,1,3727,3730,11181,11182,11183,11186,11187,11188,22363,22364,22365,22366,22367,22370,22371,22372,22373,22374,1,-1,2,-2,1,3,1,-1,-3,-1,2,2,5,2,2,-2,-2,-5,-2,-2
0,1,3729,3732,11187,11188,11189,11192,11193,11194,22375,22376,22377,22378,22379,22382,22383,22384,22385,22386,1,-1,2,-2,1,3,1,-1,-3,-1,2,2,5,2,2,-2,-2,-5,-2,-2
0,1,3731,3734,11193,11194,11195,11198,11199,11200,22387,22388,22389,22390,22391,22394,22395,22396,22397,22398,1,-1,2,-2,1,3,1,-1,-3,-1,2,2,5,2,2,-2,-2,-5,-2,-2
0,1,3733,3736,11199,11200,11201,11204,11205,11206,22399,22400,22401,22402,22403,22406,22407,22408,22409,22410,1,-1,2,-2,1,3,1,-1,-3,-1,2,2,5,2,2,-2,-2,-5,-2,-2
0,1,3735,3738,11205,11206,11207,11210,11211,11212,22411,22412,22413,22414,22415,22418,22419,22420,22421,22422,1,-1,2,-2,1,3,1,-1,-3,-1,2,2,5,2,2,-2,-2,-5,-2,-2
0,1,3737,3740,11211,11212,11213,11216,11217,11218,22423,22424,22425,22426,22427,22430,22431,22432,22433,22434,1,-1,2,-2,1,3,1,-1,-3,-1,2,2,5,2,2,-2,-2,-5,-2,-2
0,1,3739,3742,11217,11218,11219,11222,11223,11224,22435,22436,22437,22438,22439,22442,22443,22444,22445,22446,1,-1,2,-2,1,3,1,-1,-3,-1,2,2,5,2,2,-2,-2,-5,-2,-2
0,1,3741,3744,11223,11224,11225,11228,11229,11230,22447,22448,22449,22450,22451,22454,22455,22456,22457,22458,1,-1,2,-2,1,3,1,-1,-3,-1,2,2,5,2,2,-2,-2,-5,-2,-2
0,1,3743,3746,11229,11230,11231,11234,11235,11236,22459,22460,22461,22462,22463,22466,22467,22468,22469,22470,1,-1,2,-2,1,3,1,-1,-3,-1,2,2,5,2,2,-2,-2,-5,-2,-2
0,1,3745,3748,11235,11236,11237,11240,11241,11242,22471,22472,22473,22474,22475,22478,22479,22480,22481,22482,1,-1,2,-2,1,3,1,-1,-3,-1,2,2,5,2,2,-2,-2,-5,-2,-2
0,1,3747,3750,11241,11242,11243,11246,11247,11248,22483,22484,22485,22486,22487,22490,22491,22492,22493,22494,1,-1,2,-2,1,3,1,-1,-3,-1,2,2,5,2,2,-2,-2,-5,-2,-2
0,1,3749,3752,11247,11248,11249,11252,11253,11254,22495,22496,22497,22498,22499,22502,22503,22504,22505,22506,1,-1,2,-2,1,3,1,-1,-3,-1,2,2,5,2,2,-2,-2,-5,-2,-2
0,1,3751,3754,11253,11254,11255,11258,11259,11260,22507,22508,22509,22510,22511,22514,22515,22516,22517,22518,1,-1,2,-2,1,3,1,-1,-3,-1,2,2,5,2,2,-2,-2,-5,-2,-2
0,1,3753,3756,11259,11260,11261,11264,11265,11266,22519,22520,22521,22522,22523,22526,22527,22528,22529,22530,1,-1,2,-2,1,3,1,-1,-3,-1,2,2,5,2,2,-2,-2,-5,-2,-2
0,1,3755,3758,11265,11266,11267,11270,11271,11272,22531,22532,22533,22534,22535,22538,22539,22540,22541,22542,1,-1,2,-2,1,3,1,-1,-3,-1,2,2,5,2,2,-2,-2,-5,-2,-2
0,1,3757,3760,11271,11272,11273,11276,11277,11278,22543,22544,22545,22546,22547,22550,22551,22552,22553,22554,1,-1,2,-2,1,3,1,-1,-3,-1,2,2,5,2,2,-2,-2,-5,-2,-2
0,1,3759,3762,11277,11278,11279,11282,11283,11284,22555,22556,22557,22558,22559,22562,22563,22564,22565,22566,1,-1,2,-2,1,3,1,-1,-3,-1,2,2,5,2,2,-2,-2,-5,-2,-2
0,1,3761,3764,11283,11284,11285,11288,11289,11290,22567,22568,22569,22570,22571,22574,22575,22576,22577,22578,1,-1,2,-2,1,3,1,-1,-3,-1,2,2,5,2,2,-2,-2,-5,-2,-2
0,1,3763,3766,11289,11290,11291,11294,11295,11296,22579,22580,22581,22582,22583,22586,22587,22588,22589,22590,1,-1,2,-2,1,3,1,-1,-3,-1,2,2,5,2,2,-2,-2,-5,-2,-2
0,1,3765,3768,11295,11296,11297,11300,11301,11302,22591,22592,22593,22594,22595,22598,22599,22600,22601,22602,1,-1,2,-2,1,3,1,-1,-3,-1,2,2,5,2,2,-2,-2,-5,-2,-2
0,1,3767,3770,11301,11302,11303,11306,11307,11308,22603,22604,22605,22606,22607,22610,22611,22612,22613,22614,1,-1,2,-2,1,3,1,-1,-3,-1,2,2,5,2,2,-2,-2,-5,-2,-2
0,1,3769,3772,11307,11308,11309,11312,11313,11314,22615,22616,22617,22618,22619,22622,22623,22624,22625,22626,1,-1,2,-2,1,3,1,-1,-3,-1,2,2,5,2,2,-2,-2,-5,-2,-2
0,1,3771,3774,11313,11314,11315,11318,11319,11320,22627,22628,22629,22630,22631,22634,22635,22636,22637,22638,1,-1,2,-2,1,3,1,-1,-3,-1,2,2,5,2,2,-2,-2,-5,-2,-2
0,1,3773,3776,11319,11320,11321,11324,11325,11326,22639,22640,22641,22642,22643,22646,22647,22648,22649,22650,1,-1,2,-2,1,3,1,-1,-3,-1,2,2,5,2,2,-2,-2,-5,-2,-2
0,1,3775,3778,11325,11326,11327,11330,11331,11332,22651,22652,22653,22654,22655,22658,22659,22660,22661,22662,1,-1,2,-2,1,3,1,-1,-3,-1,2,2,5,2,2,-2,-2,-5,-2,-2
0,1,3777,3780,11331,11332,11333,11336,11337,11338,22663,22664,22665,22666,22667,22670,22671,22672,22673,22674,1,-1,2,-2,1,3,1,-1,-3,-1,2,2,5,2,2,-2,-2,-5,-2,-2
0,1,3779,3782,11337,11338,11339,11342,11343,11344,22675,22676,22677,22678,22679,22682,22683,22684,22685,22686,1,-1,2,-2,1,3,1,-1,-3,-1,2,2,5,2,2,-2,-2,-5,-2,-2
0,1,3781,3784,11343,11344,11345,11348,11349,11350,22687,22688,22689,22690,22691,22694,22695,22696,22697,22698,1,-1,2,-2,1,3,1,-1,-3,-1,2,2,5,2,2,-2,-2,-5,-2,-2
0,1,3783,3786,11349,11350,11351,11354,11355,11356,22699,22700,22701,22702,22703,22706,22707,22708,22709,22710,1,-1,2,-2,1,3,1,-1,-3,-1,2,2,5,2,2,-2,-2,-5,-2,-2
0,1,3785,3788,11355,11356,11357,11360,11361,11362,22711,22712,22713,22714,22715,22718,22719,22720,22721,22722,1,-1,2,-2,1,3,1,-1,-3,-1,2,2,5,2,2,-2,-2,-5,-2,-2
0,1,3787,3790,11361,11362,11363,11366,11367,11368,22723,22724,22725,22726,22727,22730,22731,22732,22733,22734,1,-1,2,-2,1,3,1,-1,-3,-1,2,2,5,2,2,-2,-2,-5,-2,-2
0,1,3789,3792,11367,11368,11369,11372,11373,11374,22735,22736,22737,22738,22739,22742,22743,22744,22745,22746,1,-1,2,-2,1,3,1,-1,-3,-1,2,2,5,2,2,-2,-2,-5,-2,-2
0,1,3791,3794,11373,11374,11375,11378,11379,11380,22747,22748,22749,22750,22751,22754,22755,22756,22757,22758,1,-1,2,-2,1,3,1,-1,-3,-1,2,2,5,2,2,-2,-2,-5,-2,-2
0,1,3793,3796,11379,11380,11381,11384,11385,11386,22759,22760,22761,22762,22763,22766,22767,22768,22769,22770,1,-1,2,-2,1,3,1,-1,-3,-1,2,2,5,2,2,-2,-2,-5,-2,-2
0,1,3795,3798,11385,11386,11387,11390,11391,11392,22771,22772,22773,22774,22775,22778,22779,22780,22781,22782,1,-1,2,-2,1,3,1,-1,-3,-1,2,2,5,2,2,-2,-2,-5,-2,-2
0,1,3797,3800,11391,11392,11393,11396,11397,11398,22783,22784,22785,22786,22787,22790,22791,22792,22793,22794,1,-1,2,-2,1,3,1,-1,-3,-1,2,2,5,2,2,-2,-2,-5,-2,-2
0,1,3799,3802,11397,11398,11399,11402,11403,11404,22795,22796,22797,22798,22799,22802,22803,22804,22805,22806,1,-1,2,-2,1,3,1,-1,-3,-1,2,2,5,2,2,-2,-2,-5,-2,-2
0,1,3801,3804,11403,11404,11405,11408,11409,11410,22807,22808,22809,22810,22811,22814,22815,22816,22817,22818,1,-1,2,-2,1,3,1,-1,-3,-1,2,2,5,2,2,-2,-2,-5,-2,-2
0,1,3803,3806,11409,11410,11411,11414,11415,11416,22819,22820,22821,22822,22823,22826,22827,22828,22829,22830,1,-1,2,-2,1,3,1,-1,-3,-1,2,2,5,2,2,-2,-2,-5,-2,-2
0,1,3805,3808,11415,11416,11417,11420,11421,11422,22831,22832,22833,22834,22835,22838,22839,22840,22841,22842,1,-1,2,-2,1,3,1,-1,-3,-1,2,2,5,2,2,-2,-2,-5,-2,-2
0,1,3807,3810,11421,11422,11423,11426,11427,11428,22843,22844,22845,22846,22847,22850,22851,22852,22853,22854,1,-1,2,-2,1,3,1,-1,-3,-1,2,2,5,2,2,-2,-2,-5,-2,-2
0,1,3809,3812,11427,11428,11429,11432,11433,11434,22855,22856,22857,22858,22859,22862,22863,22864,22865,22866,1,-1,2,-2,1,3,1,-1,-3,-1,2,2,5,2,2,-2,-2,-5,-2,-2
0,1,3811,3814,11433,11434,11435,11438,11439,11440,22867,22868,22869,22870,22871,22874,22875,22876,22877,22878,1,-1,2,-2,1,3,1,-1,-3,-1,2,2,5,2,2,-2,-2,-5,-2,-2
0,1,3813,3816,11439,11440,11441,11444,11445,11446,22879,22880,22881,22882,22883,22886,22887,22888,22889,22890,1,-1,2,-2,1,3,1,-1,-3,-1,2,2,5,2,2,-2,-2,-5,-2,-2
0,1,3815,3818,11445,11446,11447,11450,11451,11452,22891,22892,22893,22894,22895,22898,22899,22900,22901,22902,1,-1,2,-2,1,3,1,-1,-3,-1,2,2,5,2,2,-2,-2,-5,-2,-2
0,1,3817,3820,11451,11452,11453,11456,11457,11458,22903,22904,22905,22906,22907,22910,22911,22912,22913,22914,1,-1,2,-2,1,3,1,-1,-3,-1,2,2,5,2,2,-2,-2,-5,-2,-2
0,1,3819,3822,11457,11458,11459,11462,11463,11464,22915,22916,22917,22918,22919,22922,22923,22924,22925,22926,1,-1,2,-2,1,3,1,-1,-3,-1,2,2,5,2,2,-2,-2,-5,-2,-2
0,1,3821,3824,11463,11464,11465,11468,11469,11470,22927,22928,22929,22930,22931,22934,22935,22936,22937,22938,1,-1,2,-2,1,3,1,-1,-3,-1,2,2,5,2,2,-2,-2,-5,-2,-2
0,1,3823,3826,11469,11470,11471,11474,11475,11476,22939,22940,22941,22942,22943,22946,22947,22948,22949,22950,1,-1,2,-2,1,3,1,-1,-3,-1,2,2,5,2,2,-2,-2,-5,-2,-2
0,1,3825,3828,11475,11476,11477,11480,11481,11482,22951,22952,22953,22954,22955,22958,22959,22960,22961,22962,1,-1,2,-2,1,3,1,-1,-3,-1,2,2,5,2,2,-2,-2,-5,-2,-2
0,1,3827,3830,11481,11482,11483,11486,11487,11488,22963,22964,22965,22966,22967,22970,22971,22972,22973,22974,1,-1,2,-2,1,3,1,-1,-3,-1,2,2,5,2,2,-2,-2,-5,-2,-2
0,1,3829,3832,11487,11488,11489,11492,11493,11494,22975,22976,22977,22978,22979,22982,22983,22984,22985,22986,1,-1,2,-2,1,3,1,-1,-3,-1,2,2,5,2,2,-2,-2,-5,-2,-2
0,1,3831,3834,11493,11494,11495,11498,11499,11500,22987,22988,22989,22990,22991,22994,22995,22996,22997,22998,1,-1,2,-2,1,3,1,-1,-3,-1,2,2,5,2,2,-2,-2,-5,-2,-2
0,1,3833,3836,11499,11500,11501,11504,11505,11506,22999,23000,23001,23002,23003,23006,23007,23008,23009,23010,1,-1,2,-2,1,3,1,-1,-3,-1,2,2,5,2,2,-2,-2,-5,-2,-2
0,1,3835,3838,11505,11506,11507,11510,11511,11512,23011,23012,23013,23014,23015,23018,23019,23020,23021,23022,1,-1,2,-2,1,3,1,-1,-3,-1,2,2,5,2,2,-2,-2,-5,-2,-2
0,1,3837,3840,11511,11512,11513,11516,11517,11518,23023,23024,23025,23026,23027,23030,23031,23032,23033,23034,1,-1,2,-2,1,3,1,-1,-3,-1,2,2,5,2,2,-2,-2,-5,-2,-2
0,1,3839,3842,11517,11518,11519,11522,11523,11524,23035,23036,23037,23038,23039,23042,23043,23044,23045,23046,1,-1,2,-2,1,3,1,-1,-3,-1,2,2,5,2,2,-2,-2,-5,-2,-2
0,1,3841,3844,11523,11524,11525,11528,11529,11530,23047,23048,23049,23050,23051,23054,23055,23056,23057,23058,1,-1,2,-2,1,3,1,-1,-3,-1,2,2,5,2,2,-2,-2,-5,-2,-2
0,1,3843,3846,11529,11530,11531,11534,11535,11536,23059,23060,23061,23062,23063,23066,23067,23068,23069,23070,1,-1,2,-2,1,3,1,-1,-3,-1,2,2,5,2,2,-2,-2,-5,-2,-2
0,1,3845,3848,11535,11536,11537,11540,11541,11542,23071,23072,23073,23074,23075,23078,23079,23080,23081,23082,1,-1,2,-2,1,3,1,-1,-3,-1,2,2,5,2,2,-2,-2,-5,-2,-2
0,1,3847,3850,11541,11542,11543,11546,11547,11548,23083,23084,23085,23086,23087,23090,23091,23092,23093,23094,1,-1,2,-2,1,3,1,-1,-3,-1,2,2,5,2,2,-2,-2,-5,-2,-2
0,1,3849,3852,11547,11548,11549,11552,11553,11554,23095,23096,23097,23098,23099,23102,23103,23104,23105,23106,1,-1,2,-2,1,3,1,-1,-3,-1,2,2,5,2,2,-2,-2,-5,-2,-2
0,1,3851,3854,11553,11554,11555,11558,11559,11560,23107,23108,23109,23110,23111,23114,23115,23116,23117,23118,1,-1,2,-2,1,3,1,-1,-3,-1,2,2,5,2,2,-2,-2,-5,-2,-2
0,1,3853,3856,11559,11560,11561,11564,11565,11566,23119,23120,23121,23122,23123,23126,23127,23128,23129,23130,1,-1,2,-2,1,3,1,-1,-3,-1,2,2,5,2,2,-2,-2,-5,-2,-2
0,1,3855,3858,11565,11566,11567,11570,11571,11572,23131,23132,23133,23134,23135,23138,23139,23140,23141,23142,1,-1,2,-2,1,3,1,-1,-3,-1,2,2,5,2,2,-2,-2,-5,-2,-2
0,1,3857,3860,11571,11572,11573,11576,11577,11578,23143,23144,23145,23146,23147,23150,23151,23152,23153,23154,1,-1,2,-2,1,3,1,-1,-3,-1,2,2,5,2,2,-2,-2,-5,-2,-2
0,1,3859,3862,11577,11578,11579,11582,11583,11584,23155,23156,23157,23158,23159,23162,23163,23164,23165,23166,1,-1,2,-2,1,3,1,-1,-3,-1,2,2,5,2,2,-2,-2,-5,-2,-2
0,1,3861,3864,11583,11584,11585,11588,11589,11590,23167,23168,23169,23170,23171,23174,23175,23176,23177,23178,1,-1,2,-2,1,3,1,-1,-3,-1,2,2,5,2,2,-2,-2,-5,-2,-2
0,1,3863,3866,11589,11590,11591,11594,11595,11596,23179,23180,23181,23182,23183,23186,23187,23188,23189,23190,1,-1,2,-2,1,3,1,-1,-3,-1,2,2,5,2,2,-2,-2,-5,-2,-2
0,1,3865,3868,11595,11596,11597,11600,11601,11602,23191,23192,23193,23194,23195,23198,23199,23200,23201,23202,1,-1,2,-2,1,3,1,-1,-3,-1,2,2,5,2,2,-2,-2,-5,-2,-2
0,1,3867,3870,11601,11602,11603,11606,11607,11608,23203,23204,23205,23206,23207,23210,23211,23212,23213,23214,1,-1,2,-2,1,3,1,-1,-3,-1,2,2,5,2,2,-2,-2,-5,-2,-2
0,1,3869,3872,11607,11608,11609,11612,11613,11614,23215,23216,23217,23218,23219,23222,23223,23224,23225,23226,1,-1,2,-2,1,3,1,-1,-3,-1,2,2,5,2,2,-2,-2,-5,-2,-2
0,1,3871,3874,11613,11614,11615,11618,11619,11620,23227,23228,23229,23230,23231,23234,23235,23236,23237,23238,1,-1,2,-2,1,3,1,-1,-3,-1,2,2,5,2,2,-2,-2,-5,-2,-2
0,1,3873,3876,11619,11620,11621,11624,11625,11626,23239,23240,23241,23242,23243,23246,23247,23248,23249,23250,1,-1,2,-2,1,3,1,-1,-3,-1,2,2,5,2,2,-2,-2,-5,-2,-2
0,1,3875,3878,11625,11626,11627,11630,11631,11632,23251,23252,23253,23254,23255,23258,23259,23260,23261,23262,1,-1,2,-2,1,3,1,-1,-3,-1,2,2,5,2,2,-2,-2,-5,-2,-2
0,1,3877,3880,11631,11632,11633,11636,11637,11638,23263,23264,23265,23266,23267,23270,23271,23272,23273,23274,1,-1,2,-2,1,3,1,-1,-3,-1,2,2,5,2,2,-2,-2,-5,-2,-2
0,1,3879,3882,11637,11638,11639,11642,11643,11644,23275,23276,23277,23278,23279,23282,23283,23284,23285,23286,1,-1,2,-2,1,3,1,-1,-3,-1,2,2,5,2,2,-2,-2,-5,-2,-2
0,1,3881,3884,11643,11644,11645,11648,11649,11650,23287,23288,23289,23290,23291,23294,23295,23296,23297,23298,1,-1,2,-2,1,3,1,-1,-3,-1,2,2,5,2,2,-2,-2,-5,-2,-2
0,1,3883,3886,11649,11650,11651,11654,11655,11656,23299,23300,23301,23302,23303,23306,23307,23308,23309,23310,1,-1,2,-2,1,3,1,-1,-3,-1,2,2,5,2,2,-2,-2,-5,-2,-2
0,1,3885,3888,11655,11656,11657,11660,11661,11662,23311,23312,23313,23314,23315,23318,23319,23320,23321,23322,1,-1,2,-2,1,3,1,-1,-3,-1,2,2,5,2,2,-2,-2,-5,-2,-2
0,1,3887,3890,11661,11662,11663,11666,11667,11668,23323,23324,23325,23326,23327,23330,23331,23332,23333,23334,1,-1,2,-2,1,3,1,-1,-3,-1,2,2,5,2,2,-2,-2,-5,-2,-2
0,1,3889,3892,11667,11668,11669,11672,11673,11674,23335,23336,23337,23338,23339,23342,23343,23344,23345,23346,1,-1,2,-2,1,3,1,-1,-3,-1,2,2,5,2,2,-2,-2,-5,-2,-2
0,1,3891,3894,11673,11674,11675,11678,11679,11680,23347,23348,23349,23350,23351,23354,23355,23356,23357,23358,1,-1,2,-2,1,3,1,-1,-3,-1,2,2,5,2,2,-2,-2,-5,-2,-2
0,1,3893,3896,11679,11680,11681,11684,11685,11686,23359,23360,23361,23362,23363,23366,23367,23368,23369,23370,1,-1,2,-2,1,3,1,-1,-3,-1,2,2,5,2,2,-2,-2,-5,-2,-2
0,1,3895,3898,11685,11686,11687,11690,11691,11692,23371,23372,23373,23374,23375,23378,23379,23380,23381,23382,1,-1,2,-2,1,3,1,-1,-3,-1,2,2,5,2,2,-2,-2,-5,-2,-2
0,1,3897,3900,11691,11692,11693,11696,11697,11698,23383,23384,23385,23386,23387,23390,23391,23392,23393,23394,1,-1,2,-2,1,3,1,-1,-3,-1,2,2,5,2,2,-2,-2,-5,-2,-2
0,1,3899,3902,11697,11698,11699,11702,11703,11704,23395,23396,23397,23398,23399,23402,23403,23404,23405,23406,1,-1,2,-2,1,3,1,-1,-3,-1,2,2,5,2,2,-2,-2,-5,-2,-2
0,1,3901,3904,11703,11704,11705,11708,11709,11710,23407,23408,23409,23410,23411,23414,23415,23416,23417,23418,1,-1,2,-2,1,3,1,-1,-3,-1,2,2,5,2,2,-2,-2,-5,-2,-2
0,1,3903,3906,11709,11710,11711,11714,11715,11716,23419,23420,23421,23422,23423,23426,23427,23428,23429,23430,1,-1,2,-2,1,3,1,-1,-3,-1,2,2,5,2,2,-2,-2,-5,-2,-2
0,1,3905,3908,11715,11716,11717,11720,11721,11722,23431,23432,23433,23434,23435,23438,23439,23440,23441,23442,1,-1,2,-2,1,3,1,-1,-3,-1,2,2,5,2,2,-2,-2,-5,-2,-2
0,1,3907,3910,11721,11722,11723,11726,11727,11728,23443,23444,23445,23446,23447,23450,23451,23452,23453,23454,1,-1,2,-2,1,3,1,-1,-3,-1,2,2,5,2,2,-2,-2,-5,-2,-2
0,1,3909,3912,11727,11728,11729,11732,11733,11734,23455,23456,23457,23458,23459,23462,23463,23464,23465,23466,1,-1,2,-2,1,3,1,-1,-3,-1,2,2,5,2,2,-2,-2,-5,-2,-2
0,1,3911,3914,11733,11734,11735,11738,11739,11740,23467,23468,23469,23470,23471,23474,23475,23476,23477,23478,1,-1,2,-2,1,3,1,-1,-3,-1,2,2,5,2,2,-2,-2,-5,-2,-2
0,1,3913,3916,11739,11740,11741,11744,11745,11746,23479,23480,23481,23482,23483,23486,23487,23488,23489,23490,1,-1,2,-2,1,3,1,-1,-3,-1,2,2,5,2,2,-2,-2,-5,-2,-2
0,1,3915,3918,11745,11746,11747,11750,11751,11752,23491,23492,23493,23494,23495,23498,23499,23500,23501,23502,1,-1,2,-2,1,3,1,-1,-3,-1,2,2,5,2,2,-2,-2,-5,-2,-2
0,1,3917,3920,11751,11752,11753,11756,11757,11758,23503,23504,23505,23506,23507,23510,23511,23512,23513,23514,1,-1,2,-2,1,3,1,-1,-3,-1,2,2,5,2,2,-2,-2,-5,-2,-2
0,1,3919,3922,11757,11758,11759,11762,11763,11764,23515,23516,23517,23518,23519,23522,23523,23524,23525,23526,1,-1,2,-2,1,3,1,-1,-3,-1,2,2,5,2,2,-2,-2,-5,-2,-2
0,1,3921,3924,11763,11764,11765,11768,11769,11770,23527,23528,23529,23530,23531,23534,23535,23536,23537,23538,1,-1,2,-2,1,3,1,-1,-3,-1,2,2,5,2,2,-2,-2,-5,-2,-2
0,1,3923,3926,11769,11770,11771,11774,11775,11776,23539,23540,23541,23542,23543,23546,23547,23548,23549,23550,1,-1,2,-2,1,3,1,-1,-3,-1,2,2,5,2,2,-2,-2,-5,-2,-2
0,1,3925,3928,11775,11776,11777,11780,11781,11782,23551,23552,23553,23554,23555,23558,23559,23560,23561,23562,1,-1,2,-2,1,3,1,-1,-3,-1,2,2,5,2,2,-2,-2,-5,-2,-2
0,1,3927,3930,11781,11782,11783,11786,11787,11788,23563,23564,23565,23566,23567,23570,23571,23572,23573,23574,1,-1,2,-2,1,3,1,-1,-3,-1,2,2,5,2,2,-2,-2,-5,-2,-2
0,1,3929,3932,11787,11788,11789,11792,11793,11794,23575,23576,23577,23578,23579,23582,23583,23584,23585,23586,1,-1,2,-2,1,3,1,-1,-3,-1,2,2,5,2,2,-2,-2,-5,-2,-2
0,1,3931,3934,11793,11794,11795,11798,11799,11800,23587,23588,23589,23590,23591,23594,23595,23596,23597,23598,1,-1,2,-2,1,3,1,-1,-3,-1,2,2,5,2,2,-2,-2,-5,-2,-2
0,1,3933,3936,11799,11800,11801,11804,11805,11806,23599,23600,23601,23602,23603,23606,23607,23608,23609,23610,1,-1,2,-2,1,3,1,-1,-3,-1,2,2,5,2,2,-2,-2,-5,-2,-2
0,1,3935,3938,11805,11806,11807,11810,11811,11812,23611,23612,23613,23614,23615,23618,23619,23620,23621,23622,1,-1,2,-2,1,3,1,-1,-3,-1,2,2,5,2,2,-2,-2,-5,-2,-2
0,1,3937,3940,11811,11812,11813,11816,11817,11818,23623,23624,23625,23626,23627,23630,23631,23632,23633,23634,1,-1,2,-2,1,3,1,-1,-3,-1,2,2,5,2,2,-2,-2,-5,-2,-2
0,1,3939,3942,11817,11818,11819,11822,11823,11824,23635,23636,23637,23638,23639,23642,23643,23644,23645,23646,1,-1,2,-2,1,3,1,-1,-3,-1,2,2,5,2,2,-2,-2,-5,-2,-2
0,1,3941,3944,11823,11824,11825,11828,11829,11830,23647,23648,23649,23650,23651,23654,23655,23656,23657,23658,1,-1,2,-2,1,3,1,-1,-3,-1,2,2,5,2,2,-2,-2,-5,-2,-2
0,1,3943,3946,11829,11830,11831,11834,11835,11836,23659,23660,23661,23662,23663,23666,23667,23668,23669,23670,1,-1,2,-2,1,3,1,-1,-3,-1,2,2,5,2,2,-2,-2,-5,-2,-2
0,1,3945,3948,11835,11836,11837,11840,11841,11842,23671,23672,23673,23674,23675,23678,23679,23680,23681,23682,1,-1,2,-2,1,3,1,-1,-3,-1,2,2,5,2,2,-2,-2,-5,-2,-2
0,1,3947,3950,11841,11842,11843,11846,11847,11848,23683,23684,23685,23686,23687,23690,23691,23692,23693,23694,1,-1,2,-2,1,3,1,-1,-3,-1,2,2,5,2,2,-2,-2,-5,-2,-2
0,1,3949,3952,11847,11848,11849,11852,11853,11854,23695,23696,23697,23698,23699,23702,23703,23704,23705,23706,1,-1,2,-2,1,3,1,-1,-3,-1,2,2,5,2,2,-2,-2,-5,-2,-2
0,1,3951,3954,11853,11854,11855,11858,11859,11860,23707,23708,23709,23710,23711,23714,23715,23716,23717,23718,1,-1,2,-2,1,3,1,-1,-3,-1,2,2,5,2,2,-2,-2,-5,-2,-2
0,1,3953,3956,11859,11860,11861,11864,11865,11866,23719,23720,23721,23722,23723,23726,23727,23728,23729,23730,1,-1,2,-2,1,3,1,-1,-3,-1,2,2,5,2,2,-2,-2,-5,-2,-2
0,1,3955,3958,11865,11866,11867,11870,11871,11872,23731,23732,23733,23734,23735,23738,23739,23740,23741,23742,1,-1,2,-2,1,3,1,-1,-3,-1,2,2,5,2,2,-2,-2,-5,-2,-2
0,1,3957,3960,11871,11872,11873,11876,11877,11878,23743,23744,23745,23746,23747,23750,23751,23752,23753,23754,1,-1,2,-2,1,3,1,-1,-3,-1,2,2,5,2,2,-2,-2,-5,-2,-2
0,1,3959,3962,11877,11878,11879,11882,11883,11884,23755,23756,23757,23758,23759,23762,23763,23764,23765,23766,1,-1,2,-2,1,3,1,-1,-3,-1,2,2,5,2,2,-2,-2,-5,-2,-2
0,1,3961,3964,11883,11884,11885,11888,11889,11890,23767,23768,23769,23770,23771,23774,23775,23776,23777,23778,1,-1,2,-2,1,3,1,-1,-3,-1,2,2,5,2,2,-2,-2,-5,-2,-2
0,1,3963,3966,11889,11890,11891,11894,11895,11896,23779,23780,23781,23782,23783,23786,23787,23788,23789,23790,1,-1,2,-2,1,3,1,-1,-3,-1,2,2,5,2,2,-2,-2,-5,-2,-2
0,1,3965,3968,11895,11896,11897,11900,11901,11902,23791,23792,23793,23794,23795,23798,23799,23800,23801,23802,1,-1,2,-2,1,3,1,-1,-3,-1,2,2,5,2,2,-2,-2,-5,-2,-2
0,1,3967,3970,11901,11902,11903,11906,11907,11908,23803,23804,23805,23806,23807,23810,23811,23812,23813,23814,1,-1,2,-2,1,3,1,-1,-3,-1,2,2,5,2,2,-2,-2,-5,-2,-2
0,1,3969,3972,11907,11908,11909,11912,11913,11914,23815,23816,23817,23818,23819,23822,23823,23824,23825,23826,1,-1,2,-2,1,3,1,-1,-3,-1,2,2,5,2,2,-2,-2,-5,-2,-2
0,1,3971,3974,11913,11914,11915,11918,11919,11920,23827,23828,23829,23830,23831,23834,23835,23836,23837,23838,1,-1,2,-2,1,3,1,-1,-3,-1,2,2,5,2,2,-2,-2,-5,-2,-2
0,1,3973,3976,11919,11920,11921,11924,11925,11926,23839,23840,23841,23842,23843,23846,23847,23848,23849,23850,1,-1,2,-2,1,3,1,-1,-3,-1,2,2,5,2,2,-2,-2,-5,-2,-2
0,1,3975,3978,11925,11926,11927,11930,11931,11932,23851,23852,23853,23854,23855,23858,23859,23860,23861,23862,1,-1,2,-2,1,3,1,-1,-3,-1,2,2,5,2,2,-2,-2,-5,-2,-2
0,1,3977,3980,11931,11932,11933,11936,11937,11938,23863,23864,23865,23866,23867,23870,23871,23872,23873,23874,1,-1,2,-2,1,3,1,-1,-3,-1,2,2,5,2,2,-2,-2,-5,-2,-2
0,1,3979,3982,11937,11938,11939,11942,11943,11944,23875,23876,23877,23878,23879,23882,23883,23884,23885,23886,1,-1,2,-2,1,3,1,-1,-3,-1,2,2,5,2,2,-2,-2,-5,-2,-2
0,1,3981,3984,11943,11944,11945,11948,11949,11950,23887,23888,23889,23890,23891,23894,23895,23896,23897,23898,1,-1,2,-2,1,3,1,-1,-3,-1,2,2,5,2,2,-2,-2,-5,-2,-2
0,1,3983,3986,11949,11950,11951,11954,11955,11956,23899,23900,23901,23902,23903,23906,23907,23908,23909,23910,1,-1,2,-2,1,3,1,-1,-3,-1,2,2,5,2,2,-2,-2,-5,-2,-2
0,1,3985,3988,11955,11956,11957,11960,11961,11962,23911,23912,23913,23914,23915,23918,23919,23920,23921,23922,1,-1,2,-2,1,3,1,-1,-3,-1,2,2,5,2,2,-2,-2,-5,-2,-2
0,1,3987,3990,11961,11962,11963,11966,11967,11968,23923,23924,23925,23926,23927,23930,23931,23932,23933,23934,1,-1,2,-2,1,3,1,-1,-3,-1,2,2,5,2,2,-2,-2,-5,-2,-2
0,1,3989,3992,11967,11968,11969,11972,11973,11974,23935,23936,23937,23938,23939,23942,23943,23944,23945,23946,1,-1,2,-2,1,3,1,-1,-3,-1,2,2,5,2,2,-2,-2,-5,-2,-2
0,1,3991,3994,11973,11974,11975,11978,11979,11980,23947,23948,23949,23950,23951,23954,23955,23956,23957,23958,1,-1,2,-2,1,3,1,-1,-3,-1,2,2,5,2,2,-2,-2,-5,-2,-2
0,1,3993,3996,11979,11980,11981,11984,11985,11986,23959,23960,23961,23962,23963,23966,23967,23968,23969,23970,1,-1,2,-2,1,3,1,-1,-3,-1,2,2,5,2,2,-2,-2,-5,-2,-2
0,1,3995,3998,11985,11986,11987,11990,11991,11992,23971,23972,23973,23974,23975,23978,23979,23980,23981,23982,1,-1,2,-2,1,3,1,-1,-3,-1,2,2,5,2,2,-2,-2,-5,-2,-2
0,1,3997,4000,11991,11992,11993,11996,11997,11998,23983,23984,23985,23986,23987,23990,23991,23992,23993,23994,1,-1,2,-2,1,3,1,-1,-3,-1,2,2,5,2,2,-2,-2,-5,-2,-2
0,1,3999,4002,11997,11998,11999,12002,12003,12004,23995,23996,23997,23998,23999,24002,24003,24004,24005,24006,1,-1,2,-2,1,3,1,-1,-3,-1,2,2,5,2,2,-2,-2,-5,-2,-2
0,1,4001,4004,12003,12004,12005,12008,12009,12010,24007,24008,24009,24010,24011,24014,24015,24016,24017,24018,1,-1,2,-2,1,3,1,-1,-3,-1,2,2,5,2,2,-2,-2,-5,-2,-2
0,1,4003,4006,12009,12010,12011,12014,12015,12016,24019,24020,24021,24022,24023,24026,24027,24028,24029,24030,1,-1,2,-2,1,3,1,-1,-3,-1,2,2,5,2,2,-2,-2,-5,-2,-2
0,1,4005,4008,12015,12016,12017,12020,12021,12022,24031,24032,24033,24034,24035,24038,24039,24040,24041,24042,1,-1,2,-2,1,3,1,-1,-3,-1,2,2,5,2,2,-2,-2,-5,-2,-2
0,1,4007,4010,12021,12022,12023,12026,12027,12028,24043,24044,24045,24046,24047,24050,24051,24052,24053,24054,1,-1,2,-2,1,3,1,-1,-3,-1,2,2,5,2,2,-2,-2,-5,-2,-2
0,1,4009,4012,12027,12028,12029,12032,12033,12034,24055,24056,24057,24058,24059,24062,24063,24064,24065,24066,1,-1,2,-2,1,3,1,-1,-3,-1,2,2,5,2,2,-2,-2,-5,-2,-2
0,1,4011,4014,12033,12034,12035,12038,12039,12040,24067,24068,24069,24070,24071,24074,24075,24076,24077,24078,1,-1,2,-2,1,3,1,-1,-3,-1,2,2,5,2,2,-2,-2,-5,-2,-2
0,1,4013,4016,12039,12040,12041,12044,12045,12046,24079,24080,24081,24082,24083,24086,24087,24088,24089,24090,1,-1,2,-2,1,3,1,-1,-3,-1,2,2,5,2,2,-2,-2,-5,-2,-2
0,1,4015,4018,12045,12046,12047,12050,12051,12052,24091,24092,24093,24094,24095,24098,24099,24100,24101,24102,1,-1,2,-2,1,3,1,-1,-3,-1,2,2,5,2,2,-2,-2,-5,-2,-2
0,1,4017,4020,12051,12052,12053,12056,12057,12058,24103,24104,24105,24106,24107,24110,24111,24112,24113,24114,1,-1,2,-2,1,3,1,-1,-3,-1,2,2,5,2,2,-2,-2,-5,-2,-2
0,1,4019,4022,12057,12058,12059,12062,12063,12064,24115,24116,24117,24118,24119,24122,24123,24124,24125,24126,1,-1,2,-2,1,3,1,-1,-3,-1,2,2,5,2,2,-2,-2,-5,-2,-2
0,1,4021,4024,12063,12064,12065,12068,12069,12070,24127,24128,24129,24130,24131,24134,24135,24136,24137,24138,1,-1,2,-2,1,3,1,-1,-3,-1,2,2,5,2,2,-2,-2,-5,-2,-2
0,1,4023,4026,12069,12070,12071,12074,12075,12076,24139,24140,24141,24142,24143,24146,24147,24148,24149,24150,1,-1,2,-2,1,3,1,-1,-3,-1,2,2,5,2,2,-2,-2,-5,-2,-2
0,1,4025,4028,12075,12076,12077,12080,12081,12082,24151,24152,24153,24154,24155,24158,24159,24160,24161,24162,1,-1,2,-2,1,3,1,-1,-3,-1,2,2,5,2,2,-2,-2,-5,-2,-2
0,1,4027,4030,12081,12082,12083,12086,12087,12088,24163,24164,24165,24166,24167,24170,24171,24172,24173,24174,1,-1,2,-2,1,3,1,-1,-3,-1,2,2,5,2,2,-2,-2,-5,-2,-2
0,1,4029,4032,12087,12088,12089,12092,12093,12094,24175,24176,24177,24178,24179,24182,24183,24184,24185,24186,1,-1,2,-2,1,3,1,-1,-3,-1,2,2,5,2,2,-2,-2,-5,-2,-2
0,1,4031,4034,12093,12094,12095,12098,12099,12100,24187,24188,24189,24190,24191,24194,24195,24196,24197,24198,1,-1,2,-2,1,3,1,-1,-3,-1,2,2,5,2,2,-2,-2,-5,-2,-2
0,1,4033,4036,12099,12100,12101,12104,12105,12106,24199,24200,24201,24202,24203,24206,24207,24208,24209,24210,1,-1,2,-2,1,3,1,-1,-3,-1,2,2,5,2,2,-2,-2,-5,-2,-2
0,1,4035,4038,12105,12106,12107,12110,12111,12112,24211,24212,24213,24214,24215,24218,24219,24220,24221,24222,1,-1,2,-2,1,3,1,-1,-3,-1,2,2,5,2,2,-2,-2,-5,-2,-2
0,1,4037,4040,12111,12112,12113,12116,12117,12118,24223,24224,24225,24226,24227,24230,24231,24232,24233,24234,1,-1,2,-2,1,3,1,-1,-3,-1,2,2,5,2,2,-2,-2,-5,-2,-2
0,1,4039,4042,12117,12118,12119,12122,12123,12124,24235,24236,24237,24238,24239,24242,24243,24244,24245,24246,1,-1,2,-2,1,3,1,-1,-3,-1,2,2,5,2,2,-2,-2,-5,-2,-2
0,1,4041,4044,12123,12124,12125,12128,12129,12130,24247,24248,24249,24250,24251,24254,24255,24256,24257,24258,1,-1,2,-2,1,3,1,-1,-3,-1,2,2,5,2,2,-2,-2,-5,-2,-2
0,1,4043,4046,12129,12130,12131,12134,12135,12136,24259,24260,24261,24262,24263,24266,24267,24268,24269,24270,1,-1,2,-2,1,3,1,-1,-3,-1,2,2,5,2,2,-2,-2,-5,-2,-2
0,1,4045,4048,12135,12136,12137,12140,12141,12142,24271,24272,24273,24274,24275,24278,24279,24280,24281,24282,1,-1,2,-2,1,3,1,-1,-3,-1,2,2,5,2,2,-2,-2,-5,-2,-2
0,1,4047,4050,12141,12142,12143,12146,12147,12148,24283,24284,24285,24286,24287,24290,24291,24292,24293,24294,1,-1,2,-2,1,3,1,-1,-3,-1,2,2,5,2,2,-2,-2,-5,-2,-2
0,1,4049,4052,12147,12148,12149,12152,12153,12154,24295,24296,24297,24298,24299,24302,24303,24304,24305,24306,1,-1,2,-2,1,3,1,-1,-3,-1,2,2,5,2,2,-2,-2,-5,-2,-2
0,1,4051,4054,12153,12154,12155,12158,12159,12160,24307,24308,24309,24310,24311,24314,24315,24316,24317,24318,1,-1,2,-2,1,3,1,-1,-3,-1,2,2,5,2,2,-2,-2,-5,-2,-2
0,1,4053,4056,12159,12160,12161,12164,12165,12166,24319,24320,24321,24322,24323,24326,24327,24328,24329,24330,1,-1,2,-2,1,3,1,-1,-3,-1,2,2,5,2,2,-2,-2,-5,-2,-2
0,1,4055,4058,12165,12166,12167,12170,12171,12172,24331,24332,24333,24334,24335,24338,24339,24340,24341,24342,1,-1,2,-2,1,3,1,-1,-3,-1,2,2,5,2,2,-2,-2,-5,-2,-2
0,1,4057,4060,12171,12172,12173,12176,12177,12178,24343,24344,24345,24346,24347,24350,24351,24352,24353,24354,1,-1,2,-2,1,3,1,-1,-3,-1,2,2,5,2,2,-2,-2,-5,-2,-2
0,1,4059,4062,12177,12178,12179,12182,12183,12184,24355,24356,24357,24358,24359,24362,24363,24364,24365,24366,1,-1,2,-2,1,3,1,-1,-3,-1,2,2,5,2,2,-2,-2,-5,-2,-2
0,1,4061,4064,12183,12184,12185,12188,12189,12190,24367,24368,24369,24370,24371,24374,24375,24376,24377,24378,1,-1,2,-2,1,3,1,-1,-3,-1,2,2,5,2,2,-2,-2,-5,-2,-2
0,1,4063,4066,12189,12190,12191,12194,12195,12196,24379,24380,24381,24382,24383,24386,24387,24388,24389,24390,1,-1,2,-2,1,3,1,-1,-3,-1,2,2,5,2,2,-2,-2,-5,-2,-2
0,1,4065,4068,12195,12196,12197,12200,12201,12202,24391,24392,24393,24394,24395,24398,24399,24400,24401,24402,1,-1,2,-2,1,3,1,-1,-3,-1,2,2,5,2,2,-2,-2,-5,-2,-2
0,1,4067,4070,12201,12202,12203,12206,12207,12208,24403,24404,24405,24406,24407,24410,24411,24412,24413,24414,1,-1,2,-2,1,3,1,-1,-3,-1,2,2,5,2,2,-2,-2,-5,-2,-2
0,1,4069,4072,12207,12208,12209,12212,12213,12214,24415,24416,24417,24418,24419,24422,24423,24424,24425,24426,1,-1,2,-2,1,3,1,-1,-3,-1,2,2,5,2,2,-2,-2,-5,-2,-2
0,1,4071,4074,12213,12214,12215,12218,12219,12220,24427,24428,24429,24430,24431,24434,24435,24436,24437,24438,1,-1,2,-2,1,3,1,-1,-3,-1,2,2,5,2,2,-2,-2,-5,-2,-2
0,1,4073,4076,12219,12220,12221,12224,12225,12226,24439,24440,24441,24442,24443,24446,24447,24448,24449,24450,1,-1,2,-2,1,3,1,-1,-3,-1,2,2,5,2,2,-2,-2,-5,-2,-2
0,1,4075,4078,12225,12226,12227,12230,12231,12232,24451,24452,24453,24454,24455,24458,24459,24460,24461,24462,1,-1,2,-2,1,3,1,-1,-3,-1,2,2,5,2,2,-2,-2,-5,-2,-2
0,1,4077,4080,12231,12232,12233,12236,12237,12238,24463,24464,24465,24466,24467,24470,24471,24472,24473,24474,1,-1,2,-2,1,3,1,-1,-3,-1,2,2,5,2,2,-2,-2,-5,-2,-2
0,1,4079,4082,12237,12238,12239,12242,12243,12244,24475,24476,24477,24478,24479,24482,24483,24484,24485,24486,1,-1,2,-2,1,3,1,-1,-3,-1,2,2,5,2,2,-2,-2,-5,-2,-2
0,1,4081,4084,12243,12244,12245,12248,12249,12250,24487,24488,24489,24490,24491,24494,24495,24496,24497,24498,1,-1,2,-2,1,3,1,-1,-3,-1,2,2,5,2,2,-2,-2,-5,-2,-2
0,1,4083,4086,12249,12250,12251,12254,12255,12256,24499,24500,24501,24502,24503,24506,24507,24508,24509,24510,1,-1,2,-2,1,3,1,-1,-3,-1,2,2,5,2,2,-2,-2,-5,-2,-2
0,1,4085,4088,12255,12256,12257,12260,12261,12262,24511,24512,24513,24514,24515,24518,24519,24520,24521,24522,1,-1,2,-2,1,3,1,-1,-3,-1,2,2,5,2,2,-2,-2,-5,-2,-2
0,1,4087,4090,12261,12262,12263,12266,12267,12268,24523,24524,24525,24526,24527,24530,24531,24532,24533,24534,1,-1,2,-2,1,3,1,-1,-3,-1,2,2,5,2,2,-2,-2,-5,-2,-2
0,1,4089,4092,12267,12268,12269,12272,12273,12274,24535,24536,24537,24538,24539,24542,24543,24544,24545,24546,1,-1,2,-2,1,3,1,-1,-3,-1,2,2,5,2,2,-2,-2,-5,-2,-2
0,1,4091,4094,12273,12274,12275,12278,12279,12280,24547,24548,24549,24550,24551,24554,24555,24556,24557,24558,1,-1,2,-2,1,3,1,-1,-3,-1,2,2,5,2,2,-2,-2,-5,-2,-2
0,1,4093,4096,12279,12280,12281,12284,12285,12286,24559,24560,24561,24562,24563,24566,24567,24568,24569,24570,1,-1,2,-2,1,3,1,-1,-3,-1,2,2,5,2,2,-2,-2,-5,-2,-2
0,1,4095,4098,12285,12286,12287,12290,12291,12292,24571,24572,24573,24574,24575,24578,24579,24580,24581,24582,1,-1,2,-2,1,3,1,-1,-3,-1,2,2,5,2,2,-2,-2,-5,-2,-2
0,1,4097,4100,12291,12292,12293,12296,12297,12298,24583,24584,24585,24586,24587,24590,24591,24592,24593,24594,1,-1,2,-2,1,3,1,-1,-3,-1,2,2,5,2,2,-2,-2,-5,-2,-2
0,1,4099,4102,12297,12298,12299,12302,12303,12304,24595,24596,24597,24598,24599,24602,24603,24604,24605,24606,1,-1,2,-2,1,3,1,-1,-3,-1,2,2,5,2,2,-2,-2,-5,-2,-2
0,1,4101,4104,12303,12304,12305,12308,12309,12310,24607,24608,24609,24610,24611,24614,24615,24616,24617,24618,1,-1,2,-2,1,3,1,-1,-3,-1,2,2,5,2,2,-2,-2,-5,-2,-2
0,1,4103,4106,12309,12310,12311,12314,12315,12316,24619,24620,24621,24622,24623,24626,24627,24628,24629,24630,1,-1,2,-2,1,3,1,-1,-3,-1,2,2,5,2,2,-2,-2,-5,-2,-2
0,1,4105,4108,12315,12316,12317,12320,12321,12322,24631,24632,24633,24634,24635,24638,24639,24640,24641,24642,1,-1,2,-2,1,3,1,-1,-3,-1,2,2,5,2,2,-2,-2,-5,-2,-2
0,1,4107,4110,12321,12322,12323,12326,12327,12328,24643,24644,24645,24646,24647,24650,24651,24652,24653,24654,1,-1,2,-2,1,3,1,-1,-3,-1,2,2,5,2,2,-2,-2,-5,-2,-2
0,1,4109,4112,12327,12328,12329,12332,12333,12334,24655,24656,24657,24658,24659,24662,24663,24664,24665,24666,1,-1,2,-2,1,3,1,-1,-3,-1,2,2,5,2,2,-2,-2,-5,-2,-2
0,1,4111,4114,12333,12334,12335,12338,12339,12340,24667,24668,24669,24670,24671,24674,24675,24676,24677,24678,1,-1,2,-2,1,3,1,-1,-3,-1,2,2,5,2,2,-2,-2,-5,-2,-2
0,1,4113,4116,12339,12340,12341,12344,12345,12346,24679,24680,24681,24682,24683,24686,24687,24688,24689,24690,1,-1,2,-2,1,3,1,-1,-3,-1,2,2,5,2,2,-2,-2,-5,-2,-2
0,1,4115,4118,12345,12346,12347,12350,12351,12352,24691,24692,24693,24694,24695,24698,24699,24700,24701,24702,1,-1,2,-2,1,3,1,-1,-3,-1,2,2,5,2,2,-2,-2,-5,-2,-2
0,1,4117,4120,12351,12352,12353,12356,12357,12358,24703,24704,24705,24706,24707,24710,24711,24712,24713,24714,1,-1,2,-2,1,3,1,-1,-3,-1,2,2,5,2,2,-2,-2,-5,-2,-2
0,1,4119,4122,12357,12358,12359,12362,12363,12364,24715,24716,24717,24718,24719,24722,24723,24724,24725,24726,1,-1,2,-2,1,3,1,-1,-3,-1,2,2,5,2,2,-2,-2,-5,-2,-2
0,1,4121,4124,12363,12364,12365,12368,12369,12370,24727,24728,24729,24730,24731,24734,24735,24736,24737,24738,1,-1,2,-2,1,3,1,-1,-3,-1,2,2,5,2,2,-2,-2,-5,-2,-2
0,1,4123,4126,12369,12370,12371,12374,12375,12376,24739,24740,24741,24742,24743,24746,24747,24748,24749,24750,1,-1,2,-2,1,3,1,-1,-3,-1,2,2,5,2,2,-2,-2,-5,-2,-2
0,1,4125,4128,12375,12376,12377,12380,12381,12382,24751,24752,24753,24754,24755,24758,24759,24760,24761,24762,1,-1,2,-2,1,3,1,-1,-3,-1,2,2,5,2,2,-2,-2,-5,-2,-2
0,1,4127,4130,12381,12382,12383,12386,12387,12388,24763,24764,24765,24766,24767,24770,24771,24772,24773,24774,1,-1,2,-2,1,3,1,-1,-3,-1,2,2,5,2,2,-2,-2,-5,-2,-2
0,1,4129,4132,12387,12388,12389,12392,12393,12394,24775,24776,24777,24778,24779,24782,24783,24784,24785,24786,1,-1,2,-2,1,3,1,-1,-3,-1,2,2,5,2,2,-2,-2,-5,-2,-2
0,1,4131,4134,12393,12394,12395,12398,12399,12400,24787,24788,24789,24790,24791,24794,24795,24796,24797,24798,1,-1,2,-2,1,3,1,-1,-3,-1,2,2,5,2,2,-2,-2,-5,-2,-2
0,1,4133,4136,12399,12400,12401,12404,12405,12406,24799,24800,24801,24802,24803,24806,24807,24808,24809,24810,1,-1,2,-2,1,3,1,-1,-3,-1,2,2,5,2,2,-2,-2,-5,-2,-2
0,1,4135,4138,12405,12406,12407,12410,12411,12412,24811,24812,24813,24814,24815,24818,24819,24820,24821,24822,1,-1,2,-2,1,3,1,-1,-3,-1,2,2,5,2,2,-2,-2,-5,-2,-2
0,1,4137,4140,12411,12412,12413,12416,12417,12418,24823,24824,24825,24826,24827,24830,24831,24832,24833,24834,1,-1,2,-2,1,3,1,-1,-3,-1,2,2,5,2,2,-2,-2,-5,-2,-2
0,1,4139,4142,12417,12418,12419,12422,12423,12424,24835,24836,24837,24838,24839,24842,24843,24844,24845,24846,1,-1,2,-2,1,3,1,-1,-3,-1,2,2,5,2,2,-2,-2,-5,-2,-2
0,1,4141,4144,12423,12424,12425,12428,12429,12430,24847,24848,24849,24850,24851,24854,24855,24856,24857,24858,1,-1,2,-2,1,3,1,-1,-3,-1,2,2,5,2,2,-2,-2,-5,-2,-2
0,1,4143,4146,12429,12430,12431,12434,12435,12436,24859,24860,24861,24862,24863,24866,24867,24868,24869,24870,1,-1,2,-2,1,3,1,-1,-3,-1,2,2,5,2,2,-2,-2,-5,-2,-2
0,1,4145,4148,12435,12436,12437,12440,12441,12442,24871,24872,24873,24874,24875,24878,24879,24880,24881,24882,1,-1,2,-2,1,3,1,-1,-3,-1,2,2,5,2,2,-2,-2,-5,-2,-2
0,1,4147,4150,12441,12442,12443,12446,12447,12448,24883,24884,24885,24886,24887,24890,24891,24892,24893,24894,1,-1,2,-2,1,3,1,-1,-3,-1,2,2,5,2,2,-2,-2,-5,-2,-2
0,1,4149,4152,12447,12448,12449,12452,12453,12454,24895,24896,24897,24898,24899,24902,24903,24904,24905,24906,1,-1,2,-2,1,3,1,-1,-3,-1,2,2,5,2,2,-2,-2,-5,-2,-2
0,1,4151,4154,12453,12454,12455,12458,12459,12460,24907,24908,24909,24910,24911,24914,24915,24916,24917,24918,1,-1,2,-2,1,3,1,-1,-3,-1,2,2,5,2,2,-2,-2,-5,-2,-2
0,1,4153,4156,12459,12460,12461,12464,12465,12466,24919,24920,24921,24922,24923,24926,24927,24928,24929,24930,1,-1,2,-2,1,3,1,-1,-3,-1,2,2,5,2,2,-2,-2,-5,-2,-2
0,1,4155,4158,12465,12466,12467,12470,12471,12472,24931,24932,24933,24934,24935,24938,24939,24940,24941,24942,1,-1,2,-2,1,3,1,-1,-3,-1,2,2,5,2,2,-2,-2,-5,-2,-2
0,1,4157,4160,12471,12472,12473,12476,12477,12478,24943,24944,24945,24946,24947,24950,24951,24952,24953,24954,1,-1,2,-2,1,3,1,-1,-3,-1,2,2,5,2,2,-2,-2,-5,-2,-2
0,1,4159,4162,12477,12478,12479,12482,12483,12484,24955,24956,24957,24958,24959,24962,24963,24964,24965,24966,1,-1,2,-2,1,3,1,-1,-3,-1,2,2,5,2,2,-2,-2,-5,-2,-2
0,1,4161,4164,12483,12484,12485,12488,12489,12490,24967,24968,24969,24970,24971,24974,24975,24976,24977,24978,1,-1,2,-2,1,3,1,-1,-3,-1,2,2,5,2,2,-2,-2,-5,-2,-2
0,1,4163,4166,12489,12490,12491,12494,12495,12496,24979,24980,24981,24982,24983,24986,24987,24988,24989,24990,1,-1,2,-2,1,3,1,-1,-3,-1,2,2,5,2,2,-2,-2,-5,-2,-2
0,1,4165,4168,12495,12496,12497,12500,12501,12502,24991,24992,24993,24994,24995,24998,24999,25000,25001,25002,1,-1,2,-2,1,3,1,-1,-3,-1,2,2,5,2,2,-2,-2,-5,-2,-2
0,1,4167,4170,12501,12502,12503,12506,12507,12508,25003,25004,25005,25006,25007,25010,25011,25012,25013,25014,1,-1,2,-2,1,3,1,-1,-3,-1,2,2,5,2,2,-2,-2,-5,-2,-2
0,1,4169,4172,12507,12508,12509,12512,12513,12514,25015,25016,25017,25018,25019,25022,25023,25024,25025,25026,1,-1,2,-2,1,3,1,-1,-3,-1,2,2,5,2,2,-2,-2,-5,-2,-2
0,1,4171,4174,12513,12514,12515,12518,12519,12520,25027,25028,25029,25030,25031,25034,25035,25036,25037,25038,1,-1,2,-2,1,3,1,-1,-3,-1,2,2,5,2,2,-2,-2,-5,-2,-2
0,1,4173,4176,12519,12520,12521,12524,12525,12526,25039,25040,25041,25042,25043,25046,25047,25048,25049,25050,1,-1,2,-2,1,3,1,-1,-3,-1,2,2,5,2,2,-2,-2,-5,-2,-2
0,1,4175,4178,12525,12526,12527,12530,12531,12532,25051,25052,25053,25054,25055,25058,25059,25060,25061,25062,1,-1,2,-2,1,3,1,-1,-3,-1,2,2,5,2,2,-2,-2,-5,-2,-2
0,1,4177,4180,12531,12532,12533,12536,12537,12538,25063,25064,25065,25066,25067,25070,25071,25072,25073,25074,1,-1,2,-2,1,3,1,-1,-3,-1,2,2,5,2,2,-2,-2,-5,-2,-2
0,1,4179,4182,12537,12538,12539,12542,12543,12544,25075,25076,25077,25078,25079,25082,25083,25084,25085,25086,1,-1,2,-2,1,3,1,-1,-3,-1,2,2,5,2,2,-2,-2,-5,-2,-2
0,1,4181,4184,12543,12544,12545,12548,12549,12550,25087,25088,25089,25090,25091,25094,25095,25096,25097,25098,1,-1,2,-2,1,3,1,-1,-3,-1,2,2,5,2,2,-2,-2,-5,-2,-2
0,1,4183,4186,12549,12550,12551,12554,12555,12556,25099,25100,25101,25102,25103,25106,25107,25108,25109,25110,1,-1,2,-2,1,3,1,-1,-3,-1,2,2,5,2,2,-2,-2,-5,-2,-2
0,1,4185,4188,12555,12556,12557,12560,12561,12562,25111,25112,25113,25114,25115,25118,25119,25120,25121,25122,1,-1,2,-2,1,3,1,-1,-3,-1,2,2,5,2,2,-2,-2,-5,-2,-2
0,1,4187,4190,12561,12562,12563,12566,12567,12568,25123,25124,25125,25126,25127,25130,25131,25132,25133,25134,1,-1,2,-2,1,3,1,-1,-3,-1,2,2,5,2,2,-2,-2,-5,-2,-2
0,1,4189,4192,12567,12568,12569,12572,12573,12574,25135,25136,25137,25138,25139,25142,25143,25144,25145,25146,1,-1,2,-2,1,3,1,-1,-3,-1,2,2,5,2,2,-2,-2,-5,-2,-2
0,1,4191,4194,12573,12574,12575,12578,12579,12580,25147,25148,25149,25150,25151,25154,25155,25156,25157,25158,1,-1,2,-2,1,3,1,-1,-3,-1,2,2,5,2,2,-2,-2,-5,-2,-2
0,1,4193,4196,12579,12580,12581,12584,12585,12586,25159,25160,25161,25162,25163,25166,25167,25168,25169,25170,1,-1,2,-2,1,3,1,-1,-3,-1,2,2,5,2,2,-2,-2,-5,-2,-2
0,1,4195,4198,12585,12586,12587,12590,12591,12592,25171,25172,25173,25174,25175,25178,25179,25180,25181,25182,1,-1,2,-2,1,3,1,-1,-3,-1,2,2,5,2,2,-2,-2,-5,-2,-2
0,1,4197,4200,12591,12592,12593,12596,12597,12598,25183,25184,25185,25186,25187,25190,25191,25192,25193,25194,1,-1,2,-2,1,3,1,-1,-3,-1,2,2,5,2,2,-2,-2,-5,-2,-2
0,1,4199,4202,12597,12598,12599,12602,12603,12604,25195,25196,25197,25198,25199,25202,25203,25204,25205,25206,1,-1,2,-2,1,3,1,-1,-3,-1,2,2,5,2,2,-2,-2,-5,-2,-2
0,1,4201,4204,12603,12604,12605,12608,12609,12610,25207,25208,25209,25210,25211,25214,25215,25216,25217,25218,1,-1,2,-2,1,3,1,-1,-3,-1,2,2,5,2,2,-2,-2,-5,-2,-2
0,1,4203,4206,12609,12610,12611,12614,12615,12616,25219,25220,25221,25222,25223,25226,25227,25228,25229,25230,1,-1,2,-2,1,3,1,-1,-3,-1,2,2,5,2,2,-2,-2,-5,-2,-2
0,1,4205,4208,12615,12616,12617,12620,12621,12622,25231,25232,25233,25234,25235,25238,25239,25240,25241,25242,1,-1,2,-2,1,3,1,-1,-3,-1,2,2,5,2,2,-2,-2,-5,-2,-2
0,1,4207,4210,12621,12622,12623,12626,12627,12628,25243,25244,25245,25246,25247,25250,25251,25252,25253,25254,1,-1,2,-2,1,3,1,-1,-3,-1,2,2,5,2,2,-2,-2,-5,-2,-2
0,1,4209,4212,12627,12628,12629,12632,12633,12634,25255,25256,25257,25258,25259,25262,25263,25264,25265,25266,1,-1,2,-2,1,3,1,-1,-3,-1,2,2,5,2,2,-2,-2,-5,-2,-2
0,1,4211,4214,12633,12634,12635,12638,12639,12640,25267,25268,25269,25270,25271,25274,25275,25276,25277,25278,1,-1,2,-2,1,3,1,-1,-3,-1,2,2,5,2,2,-2,-2,-5,-2,-2
0,1,4213,4216,12639,12640,12641,12644,12645,12646,25279,25280,25281,25282,25283,25286,25287,25288,25289,25290,1,-1,2,-2,1,3,1,-1,-3,-1,2,2,5,2,2,-2,-2,-5,-2,-2
0,1,4215,4218,12645,12646,12647,12650,12651,12652,25291,25292,25293,25294,25295,25298,25299,25300,25301,25302,1,-1,2,-2,1,3,1,-1,-3,-1,2,2,5,2,2,-2,-2,-5,-2,-2
0,1,4217,4220,12651,12652,12653,12656,12657,12658,25303,25304,25305,25306,25307,25310,25311,25312,25313,25314,1,-1,2,-2,1,3,1,-1,-3,-1,2,2,5,2,2,-2,-2,-5,-2,-2
0,1,4219,4222,12657,12658,12659,12662,12663,12664,25315,25316,25317,25318,25319,25322,25323,25324,25325,25326,1,-1,2,-2,1,3,1,-1,-3,-1,2,2,5,2,2,-2,-2,-5,-2,-2
0,1,4221,4224,12663,12664,12665,12668,12669,12670,25327,25328,25329,25330,25331,25334,25335,25336,25337,25338,1,-1,2,-2,1,3,1,-1,-3,-1,2,2,5,2,2,-2,-2,-5,-2,-2
0,1,4223,4226,12669,12670,12671,12674,12675,12676,25339,25340,25341,25342,25343,25346,25347,25348,25349,25350,1,-1,2,-2,1,3,1,-1,-3,-1,2,2,5,2,2,-2,-2,-5,-2,-2
0,1,4225,4228,12675,12676,12677,12680,12681,12682,25351,25352,25353,25354,25355,25358,25359,25360,25361,25362,1,-1,2,-2,1,3,1,-1,-3,-1,2,2,5,2,2,-2,-2,-5,-2,-2
0,1,4227,4230,12681,12682,12683,12686,12687,12688,25363,25364,25365,25366,25367,25370,25371,25372,25373,25374,1,-1,2,-2,1,3,1,-1,-3,-1,2,2,5,2,2,-2,-2,-5,-2,-2
0,1,4229,4232,12687,12688,12689,12692,12693,12694,25375,25376,25377,25378,25379,25382,25383,25384,25385,25386,1,-1,2,-2,1,3,1,-1,-3,-1,2,2,5,2,2,-2,-2,-5,-2,-2
0,1,4231,4234,12693,12694,12695,12698,12699,12700,25387,25388,25389,25390,25391,25394,25395,25396,25397,25398,1,-1,2,-2,1,3,1,-1,-3,-1,2,2,5,2,2,-2,-2,-5,-2,-2
0,1,4233,4236,12699,12700,12701,12704,12705,12706,25399,25400,25401,25402,25403,25406,25407,25408,25409,25410,1,-1,2,-2,1,3,1,-1,-3,-1,2,2,5,2,2,-2,-2,-5,-2,-2
0,1,4235,4238,12705,12706,12707,12710,12711,12712,25411,25412,25413,25414,25415,25418,25419,25420,25421,25422,1,-1,2,-2,1,3,1,-1,-3,-1,2,2,5,2,2,-2,-2,-5,-2,-2
0,1,4237,4240,12711,12712,12713,12716,12717,12718,25423,25424,25425,25426,25427,25430,25431,25432,25433,25434,1,-1,2,-2,1,3,1,-1,-3,-1,2,2,5,2,2,-2,-2,-5,-2,-2
0,1,4239,4242,12717,12718,12719,12722,12723,12724,25435,25436,25437,25438,25439,25442,25443,25444,25445,25446,1,-1,2,-2,1,3,1,-1,-3,-1,2,2,5,2,2,-2,-2,-5,-2,-2
0,1,4241,4244,12723,12724,12725,12728,12729,12730,25447,25448,25449,25450,25451,25454,25455,25456,25457,25458,1,-1,2,-2,1,3,1,-1,-3,-1,2,2,5,2,2,-2,-2,-5,-2,-2
0,1,4243,4246,12729,12730,12731,12734,12735,12736,25459,25460,25461,25462,25463,25466,25467,25468,25469,25470,1,-1,2,-2,1,3,1,-1,-3,-1,2,2,5,2,2,-2,-2,-5,-2,-2
0,1,4245,4248,12735,12736,12737,12740,12741,12742,25471,25472,25473,25474,25475,25478,25479,25480,25481,25482,1,-1,2,-2,1,3,1,-1,-3,-1,2,2,5,2,2,-2,-2,-5,-2,-2
0,1,4247,4250,12741,12742,12743,12746,12747,12748,25483,25484,25485,25486,25487,25490,25491,25492,25493,25494,1,-1,2,-2,1,3,1,-1,-3,-1,2,2,5,2,2,-2,-2,-5,-2,-2
0,1,4249,4252,12747,12748,12749,12752,12753,12754,25495,25496,25497,25498,25499,25502,25503,25504,25505,25506,1,-1,2,-2,1,3,1,-1,-3,-1,2,2,5,2,2,-2,-2,-5,-2,-2
0,1,4251,4254,12753,12754,12755,12758,12759,12760,25507,25508,25509,25510,25511,25514,25515,25516,25517,25518,1,-1,2,-2,1,3,1,-1,-3,-1,2,2,5,2,2,-2,-2,-5,-2,-2
0,1,4253,4256,12759,12760,12761,12764,12765,12766,25519,25520,25521,25522,25523,25526,25527,25528,25529,25530,1,-1,2,-2,1,3,1,-1,-3,-1,2,2,5,2,2,-2,-2,-5,-2,-2
0,1,4255,4258,12765,12766,12767,12770,12771,12772,25531,25532,25533,25534,25535,25538,25539,25540,25541,25542,1,-1,2,-2,1,3,1,-1,-3,-1,2,2,5,2,2,-2,-2,-5,-2,-2
0,1,4257,4260,12771,12772,12773,12776,12777,12778,25543,25544,25545,25546,25547,25550,25551,25552,25553,25554,1,-1,2,-2,1,3,1,-1,-3,-1,2,2,5,2,2,-2,-2,-5,-2,-2
0,1,4259,4262,12777,12778,12779,12782,12783,12784,25555,25556,25557,25558,25559,25562,25563,25564,25565,25566,1,-1,2,-2,1,3,1,-1,-3,-1,2,2,5,2,2,-2,-2,-5,-2,-2
0,1,4261,4264,12783,12784,12785,12788,12789,12790,25567,25568,25569,25570,25571,25574,25575,25576,25577,25578,1,-1,2,-2,1,3,1,-1,-3,-1,2,2,5,2,2,-2,-2,-5,-2,-2
0,1,4263,4266,12789,12790,12791,12794,12795,12796,25579,25580,25581,25582,25583,25586,25587,25588,25589,25590,1,-1,2,-2,1,3,1,-1,-3,-1,2,2,5,2,2,-2,-2,-5,-2,-2
0,1,4265,4268,12795,12796,12797,12800,12801,12802,25591,25592,25593,25594,25595,25598,25599,25600,25601,25602,1,-1,2,-2,1,3,1,-1,-3,-1,2,2,5,2,2,-2,-2,-5,-2,-2
0,1,4267,4270,12801,12802,12803,12806,12807,12808,25603,25604,25605,25606,25607,25610,25611,25612,25613,25614,1,-1,2,-2,1,3,1,-1,-3,-1,2,2,5,2,2,-2,-2,-5,-2,-2
0,1,4269,4272,12807,12808,12809,12812,12813,12814,25615,25616,25617,25618,25619,25622,25623,25624,25625,25626,1,-1,2,-2,1,3,1,-1,-3,-1,2,2,5,2,2,-2,-2,-5,-2,-2
0,1,4271,4274,12813,12814,12815,12818,12819,12820,25627,25628,25629,25630,25631,25634,25635,25636,25637,25638,1,-1,2,-2,1,3,1,-1,-3,-1,2,2,5,2,2,-2,-2,-5,-2,-2
0,1,4273,4276,12819,12820,12821,12824,12825,12826,25639,25640,25641,25642,25643,25646,25647,25648,25649,25650,1,-1,2,-2,1,3,1,-1,-3,-1,2,2,5,2,2,-2,-2,-5,-2,-2
0,1,4275,4278,12825,12826,12827,12830,12831,12832,25651,25652,25653,25654,25655,25658,25659,25660,25661,25662,1,-1,2,-2,1,3,1,-1,-3,-1,2,2,5,2,2,-2,-2,-5,-2,-2
0,1,4277,4280,12831,12832,12833,12836,12837,12838,25663,25664,25665,25666,25667,25670,25671,25672,25673,25674,1,-1,2,-2,1,3,1,-1,-3,-1,2,2,5,2,2,-2,-2,-5,-2,-2
0,1,4279,4282,12837,12838,12839,12842,12843,12844,25675,25676,25677,25678,25679,25682,25683,25684,25685,25686,1,-1,2,-2,1,3,1,-1,-3,-1,2,2,5,2,2,-2,-2,-5,-2,-2
0,1,4281,4284,12843,12844,12845,12848,12849,12850,25687,25688,25689,25690,25691,25694,25695,25696,25697,25698,1,-1,2,-2,1,3,1,-1,-3,-1,2,2,5,2,2,-2,-2,-5,-2,-2
0,1,4283,4286,12849,12850,12851,12854,12855,12856,25699,25700,25701,25702,25703,25706,25707,25708,25709,25710,1,-1,2,-2,1,3,1,-1,-3,-1,2,2,5,2,2,-2,-2,-5,-2,-2
0,1,4285,4288,12855,12856,12857,12860,12861,12862,25711,25712,25713,25714,25715,25718,25719,25720,25721,25722,1,-1,2,-2,1,3,1,-1,-3,-1,2,2,5,2,2,-2,-2,-5,-2,-2
0,1,4287,4290,12861,12862,12863,12866,12867,12868,25723,25724,25725,25726,25727,25730,25731,25732,25733,25734,1,-1,2,-2,1,3,1,-1,-3,-1,2,2,5,2,2,-2,-2,-5,-2,-2
0,1,4289,4292,12867,12868,12869,12872,12873,12874,25735,25736,25737,25738,25739,25742,25743,25744,25745,25746,1,-1,2,-2,1,3,1,-1,-3,-1,2,2,5,2,2,-2,-2,-5,-2,-2
0,1,4291,4294,12873,12874,12875,12878,12879,12880,25747,25748,25749,25750,25751,25754,25755,25756,25757,25758,1,-1,2,-2,1,3,1,-1,-3,-1,2,2,5,2,2,-2,-2,-5,-2,-2
0,1,4293,4296,12879,12880,12881,12884,12885,12886,25759,25760,25761,25762,25763,25766,25767,25768,25769,25770,1,-1,2,-2,1,3,1,-1,-3,-1,2,2,5,2,2,-2,-2,-5,-2,-2
0,1,4295,4298,12885,12886,12887,12890,12891,12892,25771,25772,25773,25774,25775,25778,25779,25780,25781,25782,1,-1,2,-2,1,3,1,-1,-3,-1,2,2,5,2,2,-2,-2,-5,-2,-2
0,1,4297,4300,12891,12892,12893,12896,12897,12898,25783,25784,25785,25786,25787,25790,25791,25792,25793,25794,1,-1,2,-2,1,3,1,-1,-3,-1,2,2,5,2,2,-2,-2,-5,-2,-2
0,1,4299,4302,12897,12898,12899,12902,12903,12904,25795,25796,25797,25798,25799,25802,25803,25804,25805,25806,1,-1,2,-2,1,3,1,-1,-3,-1,2,2,5,2,2,-2,-2,-5,-2,-2
0,1,4301,4304,12903,12904,12905,12908,12909,12910,25807,25808,25809,25810,25811,25814,25815,25816,25817,25818,1,-1,2,-2,1,3,1,-1,-3,-1,2,2,5,2,2,-2,-2,-5,-2,-2
0,1,4303,4306,12909,12910,12911,12914,12915,12916,25819,25820,25821,25822,25823,25826,25827,25828,25829,25830,1,-1,2,-2,1,3,1,-1,-3,-1,2,2,5,2,2,-2,-2,-5,-2,-2
0,1,4305,4308,12915,12916,12917,12920,12921,12922,25831,25832,25833,25834,25835,25838,25839,25840,25841,25842,1,-1,2,-2,1,3,1,-1,-3,-1,2,2,5,2,2,-2,-2,-5,-2,-2
0,1,4307,4310,12921,12922,12923,12926,12927,12928,25843,25844,25845,25846,25847,25850,25851,25852,25853,25854,1,-1,2,-2,1,3,1,-1,-3,-1,2,2,5,2,2,-2,-2,-5,-2,-2
0,1,4309,4312,12927,12928,12929,12932,12933,12934,25855,25856,25857,25858,25859,25862,25863,25864,25865,25866,1,-1,2,-2,1,3,1,-1,-3,-1,2,2,5,2,2,-2,-2,-5,-2,-2
0,1,4311,4314,12933,12934,12935,12938,12939,12940,25867,25868,25869,25870,25871,25874,25875,25876,25877,25878,1,-1,2,-2,1,3,1,-1,-3,-1,2,2,5,2,2,-2,-2,-5,-2,-2
0,1,4313,4316,12939,12940,12941,12944,12945,12946,25879,25880,25881,25882,25883,25886,25887,25888,25889,25890,1,-1,2,-2,1,3,1,-1,-3,-1,2,2,5,2,2,-2,-2,-5,-2,-2
0,1,4315,4318,12945,12946,12947,12950,12951,12952,25891,25892,25893,25894,25895,25898,25899,25900,25901,25902,1,-1,2,-2,1,3,1,-1,-3,-1,2,2,5,2,2,-2,-2,-5,-2,-2
0,1,4317,4320,12951,12952,12953,12956,12957,12958,25903,25904,25905,25906,25907,25910,25911,25912,25913,25914,1,-1,2,-2,1,3,1,-1,-3,-1,2,2,5,2,2,-2,-2,-5,-2,-2
0,1,4319,4322,12957,12958,12959,12962,12963,12964,25915,25916,25917,25918,25919,25922,25923,25924,25925,25926,1,-1,2,-2,1,3,1,-1,-3,-1,2,2,5,2,2,-2,-2,-5,-2,-2
0,1,4321,4324,12963,12964,12965,12968,12969,12970,25927,25928,25929,25930,25931,25934,25935,25936,25937,25938,1,-1,2,-2,1,3,1,-1,-3,-1,2,2,5,2,2,-2,-2,-5,-2,-2
0,1,4323,4326,12969,12970,12971,12974,12975,12976,25939,25940,25941,25942,25943,25946,25947,25948,25949,25950,1,-1,2,-2,1,3,1,-1,-3,-1,2,2,5,2,2,-2,-2,-5,-2,-2
0,1,4325,4328,12975,12976,12977,12980,12981,12982,25951,25952,25953,25954,25955,25958,25959,25960,25961,25962,1,-1,2,-2,1,3,1,-1,-3,-1,2,2,5,2,2,-2,-2,-5,-2,-2
0,1,4327,4330,12981,12982,12983,12986,12987,12988,25963,25964,25965,25966,25967,25970,25971,25972,25973,25974,1,-1,2,-2,1,3,1,-1,-3,-1,2,2,5,2,2,-2,-2,-5,-2,-2
0,1,4329,4332,12987,12988,12989,12992,12993,12994,25975,25976,25977,25978,25979,25982,25983,25984,25985,25986,1,-1,2,-2,1,3,1,-1,-3,-1,2,2,5,2,2,-2,-2,-5,-2,-2
0,1,4331,4334,12993,12994,12995,12998,12999,13000,25987,25988,25989,25990,25991,25994,25995,25996,25997,25998,1,-1,2,-2,1,3,1,-1,-3,-1,2,2,5,2,2,-2,-2,-5,-2,-2
0,1,4333,4336,12999,13000,13001,13004,13005,13006,25999,26000,26001,26002,26003,26006,26007,26008,26009,26010,1,-1,2,-2,1,3,1,-1,-3,-1,2,2,5,2,2,-2,-2,-5,-2,-2
0,1,4335,4338,13005,13006,13007,13010,13011,13012,26011,26012,26013,26014,26015,26018,26019,26020,26021,26022,1,-1,2,-2,1,3,1,-1,-3,-1,2,2,5,2,2,-2,-2,-5,-2,-2
0,1,4337,4340,13011,13012,13013,13016,13017,13018,26023,26024,26025,26026,26027,26030,26031,26032,26033,26034,1,-1,2,-2,1,3,1,-1,-3,-1,2,2,5,2,2,-2,-2,-5,-2,-2
0,1,4339,4342,13017,13018,13019,13022,13023,13024,26035,26036,26037,26038,26039,26042,26043,26044,26045,26046,1,-1,2,-2,1,3,1,-1,-3,-1,2,2,5,2,2,-2,-2,-5,-2,-2
0,1,4341,4344,13023,13024,13025,13028,13029,13030,26047,26048,26049,26050,26051,26054,26055,26056,26057,26058,1,-1,2,-2,1,3,1,-1,-3,-1,2,2,5,2,2,-2,-2,-5,-2,-2
0,1,4343,4346,13029,13030,13031,13034,13035,13036,26059,26060,26061,26062,26063,26066,26067,26068,26069,26070,1,-1,2,-2,1,3,1,-1,-3,-1,2,2,5,2,2,-2,-2,-5,-2,-2
0,1,4345,4348,13035,13036,13037,13040,13041,13042,26071,26072,26073,26074,26075,26078,26079,26080,26081,26082,1,-1,2,-2,1,3,1,-1,-3,-1,2,2,5,2,2,-2,-2,-5,-2,-2
0,1,4347,4350,13041,13042,13043,13046,13047,13048,26083,26084,26085,26086,26087,26090,26091,26092,26093,26094,1,-1,2,-2,1,3,1,-1,-3,-1,2,2,5,2,2,-2,-2,-5,-2,-2
0,1,4349,4352,13047,13048,13049,13052,13053,13054,26095,26096,26097,26098,26099,26102,26103,26104,26105,26106,1,-1,2,-2,1,3,1,-1,-3,-1,2,2,5,2,2,-2,-2,-5,-2,-2
0,1,4351,4354,13053,13054,13055,13058,13059,13060,26107,26108,26109,26110,26111,26114,26115,26116,26117,26118,1,-1,2,-2,1,3,1,-1,-3,-1,2,2,5,2,2,-2,-2,-5,-2,-2
0,1,4353,4356,13059,13060,13061,13064,13065,13066,26119,26120,26121,26122,26123,26126,26127,26128,26129,26130,1,-1,2,-2,1,3,1,-1,-3,-1,2,2,5,2,2,-2,-2,-5,-2,-2
0,1,4355,4358,13065,13066,13067,13070,13071,13072,26131,26132,26133,26134,26135,26138,26139,26140,26141,26142,1,-1,2,-2,1,3,1,-1,-3,-1,2,2,5,2,2,-2,-2,-5,-2,-2
0,1,4357,4360,13071,13072,13073,13076,13077,13078,26143,26144,26145,26146,26147,26150,26151,26152,26153,26154,1,-1,2,-2,1,3,1,-1,-3,-1,2,2,5,2,2,-2,-2,-5,-2,-2
0,1,4359,4362,13077,13078,13079,13082,13083,13084,26155,26156,26157,26158,26159,26162,26163,26164,26165,26166,1,-1,2,-2,1,3,1,-1,-3,-1,2,2,5,2,2,-2,-2,-5,-2,-2
0,1,4361,4364,13083,13084,13085,13088,13089,13090,26167,26168,26169,26170,26171,26174,26175,26176,26177,26178,1,-1,2,-2,1,3,1,-1,-3,-1,2,2,5,2,2,-2,-2,-5,-2,-2
0,1,4363,4366,13089,13090,13091,13094,13095,13096,26179,26180,26181,26182,26183,26186,26187,26188,26189,26190,1,-1,2,-2,1,3,1,-1,-3,-1,2,2,5,2,2,-2,-2,-5,-2,-2
0,1,4365,4368,13095,13096,13097,13100,13101,13102,26191,26192,26193,26194,26195,26198,26199,26200,26201,26202,1,-1,2,-2,1,3,1,-1,-3,-1,2,2,5,2,2,-2,-2,-5,-2,-2
0,1,4367,4370,13101,13102,13103,13106,13107,13108,26203,26204,26205,26206,26207,26210,26211,26212,26213,26214,1,-1,2,-2,1,3,1,-1,-3,-1,2,2,5,2,2,-2,-2,-5,-2,-2
0,1,4369,4372,13107,13108,13109,13112,13113,13114,26215,26216,26217,26218,26219,26222,26223,26224,26225,26226,1,-1,2,-2,1,3,1,-1,-3,-1,2,2,5,2,2,-2,-2,-5,-2,-2
0,1,4371,4374,13113,13114,13115,13118,13119,13120,26227,26228,26229,26230,26231,26234,26235,26236,26237,26238,1,-1,2,-2,1,3,1,-1,-3,-1,2,2,5,2,2,-2,-2,-5,-2,-2
0,1,4373,4376,13119,13120,13121,13124,13125,13126,26239,26240,26241,26242,26243,26246,26247,26248,26249,26250,1,-1,2,-2,1,3,1,-1,-3,-1,2,2,5,2,2,-2,-2,-5,-2,-2
0,1,4375,4378,13125,13126,13127,13130,13131,13132,26251,26252,26253,26254,26255,26258,26259,26260,26261,26262,1,-1,2,-2,1,3,1,-1,-3,-1,2,2,5,2,2,-2,-2,-5,-2,-2
0,1,4377,4380,13131,13132,13133,13136,13137,13138,26263,26264,26265,26266,26267,26270,26271,26272,26273,26274,1,-1,2,-2,1,3,1,-1,-3,-1,2,2,5,2,2,-2,-2,-5,-2,-2
0,1,4379,4382,13137,13138,13139,13142,13143,13144,26275,26276,26277,26278,26279,26282,26283,26284,26285,26286,1,-1,2,-2,1,3,1,-1,-3,-1,2,2,5,2,2,-2,-2,-5,-2,-2
0,1,4381,4384,13143,13144,13145,13148,13149,13150,26287,26288,26289,26290,26291,26294,26295,26296,26297,26298,1,-1,2,-2,1,3,1,-1,-3,-1,2,2,5,2,2,-2,-2,-5,-2,-2
0,1,4383,4386,13149,13150,13151,13154,13155,13156,26299,26300,26301,26302,26303,26306,26307,26308,26309,26310,1,-1,2,-2,1,3,1,-1,-3,-1,2,2,5,2,2,-2,-2,-5,-2,-2
0,1,4385,4388,13155,13156,13157,13160,13161,13162,26311,26312,26313,26314,26315,26318,26319,26320,26321,26322,1,-1,2,-2,1,3,1,-1,-3,-1,2,2,5,2,2,-2,-2,-5,-2,-2
0,1,4387,4390,13161,13162,13163,13166,13167,13168,26323,26324,26325,26326,26327,26330,26331,26332,26333,26334,1,-1,2,-2,1,3,1,-1,-3,-1,2,2,5,2,2,-2,-2,-5,-2,-2
0,1,4389,4392,13167,13168,13169,13172,13173,13174,26335,26336,26337,26338,26339,26342,26343,26344,26345,26346,1,-1,2,-2,1,3,1,-1,-3,-1,2,2,5,2,2,-2,-2,-5,-2,-2
0,1,4391,4394,13173,13174,13175,13178,13179,13180,26347,26348,26349,26350,26351,26354,26355,26356,26357,26358,1,-1,2,-2,1,3,1,-1,-3,-1,2,2,5,2,2,-2,-2,-5,-2,-2
0,1,4393,4396,13179,13180,13181,13184,13185,13186,26359,26360,26361,26362,26363,26366,26367,26368,26369,26370,1,-1,2,-2,1,3,1,-1,-3,-1,2,2,5,2,2,-2,-2,-5,-2,-2
0,1,4395,4398,13185,13186,13187,13190,13191,13192,26371,26372,26373,26374,26375,26378,26379,26380,26381,26382,1,-1,2,-2,1,3,1,-1,-3,-1,2,2,5,2,2,-2,-2,-5,-2,-2
0,1,4397,4400,13191,13192,13193,13196,13197,13198,26383,26384,26385,26386,26387,26390,26391,26392,26393,26394,1,-1,2,-2,1,3,1,-1,-3,-1,2,2,5,2,2,-2,-2,-5,-2,-2
0,1,4399,4402,13197,13198,13199,13202,13203,13204,26395,26396,26397,26398,26399,26402,26403,26404,26405,26406,1,-1,2,-2,1,3,1,-1,-3,-1,2,2,5,2,2,-2,-2,-5,-2,-2
0,1,4401,4404,13203,13204,13205,13208,13209,13210,26407,26408,26409,26410,26411,26414,26415,26416,26417,26418,1,-1,2,-2,1,3,1,-1,-3,-1,2,2,5,2,2,-2,-2,-5,-2,-2
0,1,4403,4406,13209,13210,13211,13214,13215,13216,26419,26420,26421,26422,26423,26426,26427,26428,26429,26430,1,-1,2,-2,1,3,1,-1,-3,-1,2,2,5,2,2,-2,-2,-5,-2,-2
0,1,4405,4408,13215,13216,13217,13220,13221,13222,26431,26432,26433,26434,26435,26438,26439,26440,26441,26442,1,-1,2,-2,1,3,1,-1,-3,-1,2,2,5,2,2,-2,-2,-5,-2,-2
0,1,4407,4410,13221,13222,13223,13226,13227,13228,26443,26444,26445,26446,26447,26450,26451,26452,26453,26454,1,-1,2,-2,1,3,1,-1,-3,-1,2,2,5,2,2,-2,-2,-5,-2,-2
0,1,4409,4412,13227,13228,13229,13232,13233,13234,26455,26456,26457,26458,26459,26462,26463,26464,26465,26466,1,-1,2,-2,1,3,1,-1,-3,-1,2,2,5,2,2,-2,-2,-5,-2,-2
0,1,4411,4414,13233,13234,13235,13238,13239,13240,26467,26468,26469,26470,26471,26474,26475,26476,26477,26478,1,-1,2,-2,1,3,1,-1,-3,-1,2,2,5,2,2,-2,-2,-5,-2,-2
0,1,4413,4416,13239,13240,13241,13244,13245,13246,26479,26480,26481,26482,26483,26486,26487,26488,26489,26490,1,-1,2,-2,1,3,1,-1,-3,-1,2,2,5,2,2,-2,-2,-5,-2,-2
0,1,4415,4418,13245,13246,13247,13250,13251,13252,26491,26492,26493,26494,26495,26498,26499,26500,26501,26502,1,-1,2,-2,1,3,1,-1,-3,-1,2,2,5,2,2,-2,-2,-5,-2,-2
0,1,4417,4420,13251,13252,13253,13256,13257,13258,26503,26504,26505,26506,26507,26510,26511,26512,26513,26514,1,-1,2,-2,1,3,1,-1,-3,-1,2,2,5,2,2,-2,-2,-5,-2,-2
0,1,4419,4422,13257,13258,13259,13262,13263,13264,26515,26516,26517,26518,26519,26522,26523,26524,26525,26526,1,-1,2,-2,1,3,1,-1,-3,-1,2,2,5,2,2,-2,-2,-5,-2,-2
0,1,4421,4424,13263,13264,13265,13268,13269,13270,26527,26528,26529,26530,26531,26534,26535,26536,26537,26538,1,-1,2,-2,1,3,1,-1,-3,-1,2,2,5,2,2,-2,-2,-5,-2,-2
0,1,4423,4426,13269,13270,13271,13274,13275,13276,26539,26540,26541,26542,26543,26546,26547,26548,26549,26550,1,-1,2,-2,1,3,1,-1,-3,-1,2,2,5,2,2,-2,-2,-5,-2,-2
0,1,4425,4428,13275,13276,13277,13280,13281,13282,26551,26552,26553,26554,26555,26558,26559,26560,26561,26562,1,-1,2,-2,1,3,1,-1,-3,-1,2,2,5,2,2,-2,-2,-5,-2,-2
0,1,4427,4430,13281,13282,13283,13286,13287,13288,26563,26564,26565,26566,26567,26570,26571,26572,26573,26574,1,-1,2,-2,1,3,1,-1,-3,-1,2,2,5,2,2,-2,-2,-5,-2,-2
0,1,4429,4432,13287,13288,13289,13292,13293,13294,26575,26576,26577,26578,26579,26582,26583,26584,26585,26586,1,-1,2,-2,1,3,1,-1,-3,-1,2,2,5,2,2,-2,-2,-5,-2,-2
0,1,4431,4434,13293,13294,13295,13298,13299,13300,26587,26588,26589,26590,26591,26594,26595,26596,26597,26598,1,-1,2,-2,1,3,1,-1,-3,-1,2,2,5,2,2,-2,-2,-5,-2,-2
0,1,4433,4436,13299,13300,13301,13304,13305,13306,26599,26600,26601,26602,26603,26606,26607,26608,26609,26610,1,-1,2,-2,1,3,1,-1,-3,-1,2,2,5,2,2,-2,-2,-5,-2,-2
0,1,4435,4438,13305,13306,13307,13310,13311,13312,26611,26612,26613,26614,26615,26618,26619,26620,26621,26622,1,-1,2,-2,1,3,1,-1,-3,-1,2,2,5,2,2,-2,-2,-5,-2,-2
0,1,4437,4440,13311,13312,13313,13316,13317,13318,26623,26624,26625,26626,26627,26630,26631,26632,26633,26634,1,-1,2,-2,1,3,1,-1,-3,-1,2,2,5,2,2,-2,-2,-5,-2,-2
0,1,4439,4442,13317,13318,13319,13322,13323,13324,26635,26636,26637,26638,26639,26642,26643,26644,26645,26646,1,-1,2,-2,1,3,1,-1,-3,-1,2,2,5,2,2,-2,-2,-5,-2,-2
0,1,4441,4444,13323,13324,13325,13328,13329,13330,26647,26648,26649,26650,26651,26654,26655,26656,26657,26658,1,-1,2,-2,1,3,1,-1,-3,-1,2,2,5,2,2,-2,-2,-5,-2,-2
0,1,4443,4446,13329,13330,13331,13334,13335,13336,26659,26660,26661,26662,26663,26666,26667,26668,26669,26670,1,-1,2,-2,1,3,1,-1,-3,-1,2,2,5,2,2,-2,-2,-5,-2,-2
0,1,4445,4448,13335,13336,13337,13340,13341,13342,26671,26672,26673,26674,26675,26678,26679,26680,26681,26682,1,-1,2,-2,1,3,1,-1,-3,-1,2,2,5,2,2,-2,-2,-5,-2,-2
0,1,4447,4450,13341,13342,13343,13346,13347,13348,26683,26684,26685,26686,26687,26690,26691,26692,26693,26694,1,-1,2,-2,1,3,1,-1,-3,-1,2,2,5,2,2,-2,-2,-5,-2,-2
0,1,4449,4452,13347,13348,13349,13352,13353,13354,26695,26696,26697,26698,26699,26702,26703,26704,26705,26706,1,-1,2,-2,1,3,1,-1,-3,-1,2,2,5,2,2,-2,-2,-5,-2,-2
0,1,4451,4454,13353,13354,13355,13358,13359,13360,26707,26708,26709,26710,26711,26714,26715,26716,26717,26718,1,-1,2,-2,1,3,1,-1,-3,-1,2,2,5,2,2,-2,-2,-5,-2,-2
0,1,4453,4456,13359,13360,13361,13364,13365,13366,26719,26720,26721,26722,26723,26726,26727,26728,26729,26730,1,-1,2,-2,1,3,1,-1,-3,-1,2,2,5,2,2,-2,-2,-5,-2,-2
0,1,4455,4458,13365,13366,13367,13370,13371,13372,26731,26732,26733,26734,26735,26738,26739,26740,26741,26742,1,-1,2,-2,1,3,1,-1,-3,-1,2,2,5,2,2,-2,-2,-5,-2,-2
0,1,4457,4460,13371,13372,13373,13376,13377,13378,26743,26744,26745,26746,26747,26750,26751,26752,26753,26754,1,-1,2,-2,1,3,1,-1,-3,-1,2,2,5,2,2,-2,-2,-5,-2,-2
0,1,4459,4462,13377,13378,13379,13382,13383,13384,26755,26756,26757,26758,26759,26762,26763,26764,26765,26766,1,-1,2,-2,1,3,1,-1,-3,-1,2,2,5,2,2,-2,-2,-5,-2,-2
0,1,4461,4464,13383,13384,13385,13388,13389,13390,26767,26768,26769,26770,26771,26774,26775,26776,26777,26778,1,-1,2,-2,1,3,1,-1,-3,-1,2,2,5,2,2,-2,-2,-5,-2,-2
0,1,4463,4466,13389,13390,13391,13394,13395,13396,26779,26780,26781,26782,26783,26786,26787,26788,26789,26790,1,-1,2,-2,1,3,1,-1,-3,-1,2,2,5,2,2,-2,-2,-5,-2,-2
0,1,4465,4468,13395,13396,13397,13400,13401,13402,26791,26792,26793,26794,26795,26798,26799,26800,26801,26802,1,-1,2,-2,1,3,1,-1,-3,-1,2,2,5,2,2,-2,-2,-5,-2,-2
0,1,4467,4470,13401,13402,13403,13406,13407,13408,26803,26804,26805,26806,26807,26810,26811,26812,26813,26814,1,-1,2,-2,1,3,1,-1,-3,-1,2,2,5,2,2,-2,-2,-5,-2,-2
0,1,4469,4472,13407,13408,13409,13412,13413,13414,26815,26816,26817,26818,26819,26822,26823,26824,26825,26826,1,-1,2,-2,1,3,1,-1,-3,-1,2,2,5,2,2,-2,-2,-5,-2,-2
0,1,4471,4474,13413,13414,13415,13418,13419,13420,26827,26828,26829,26830,26831,26834,26835,26836,26837,26838,1,-1,2,-2,1,3,1,-1,-3,-1,2,2,5,2,2,-2,-2,-5,-2,-2
0,1,4473,4476,13419,13420,13421,13424,13425,13426,26839,26840,26841,26842,26843,26846,26847,26848,26849,26850,1,-1,2,-2,1,3,1,-1,-3,-1,2,2,5,2,2,-2,-2,-5,-2,-2
0,1,4475,4478,13425,13426,13427,13430,13431,13432,26851,26852,26853,26854,26855,26858,26859,26860,26861,26862,1,-1,2,-2,1,3,1,-1,-3,-1,2,2,5,2,2,-2,-2,-5,-2,-2
0,1,4477,4480,13431,13432,13433,13436,13437,13438,26863,26864,26865,26866,26867,26870,26871,26872,26873,26874,1,-1,2,-2,1,3,1,-1,-3,-1,2,2,5,2,2,-2,-2,-5,-2,-2
0,1,4479,4482,13437,13438,13439,13442,13443,13444,26875,26876,26877,26878,26879,26882,26883,26884,26885,26886,1,-1,2,-2,1,3,1,-1,-3,-1,2,2,5,2,2,-2,-2,-5,-2,-2
0,1,4481,4484,13443,13444,13445,13448,13449,13450,26887,26888,26889,26890,26891,26894,26895,26896,26897,26898,1,-1,2,-2,1,3,1,-1,-3,-1,2,2,5,2,2,-2,-2,-5,-2,-2
0,1,4483,4486,13449,13450,13451,13454,13455,13456,26899,26900,26901,26902,26903,26906,26907,26908,26909,26910,1,-1,2,-2,1,3,1,-1,-3,-1,2,2,5,2,2,-2,-2,-5,-2,-2
0,1,4485,4488,13455,13456,13457,13460,13461,13462,26911,26912,26913,26914,26915,26918,26919,26920,26921,26922,1,-1,2,-2,1,3,1,-1,-3,-1,2,2,5,2,2,-2,-2,-5,-2,-2
0,1,4487,4490,13461,13462,13463,13466,13467,13468,26923,26924,26925,26926,26927,26930,26931,26932,26933,26934,1,-1,2,-2,1,3,1,-1,-3,-1,2,2,5,2,2,-2,-2,-5,-2,-2
0,1,4489,4492,13467,13468,13469,13472,13473,13474,26935,26936,26937,26938,26939,26942,26943,26944,26945,26946,1,-1,2,-2,1,3,1,-1,-3,-1,2,2,5,2,2,-2,-2,-5,-2,-2
0,1,4491,4494,13473,13474,13475,13478,13479,13480,26947,26948,26949,26950,26951,26954,26955,26956,26957,26958,1,-1,2,-2,1,3,1,-1,-3,-1,2,2,5,2,2,-2,-2,-5,-2,-2
0,1,4493,4496,13479,13480,13481,13484,13485,13486,26959,26960,26961,26962,26963,26966,26967,26968,26969,26970,1,-1,2,-2,1,3,1,-1,-3,-1,2,2,5,2,2,-2,-2,-5,-2,-2
0,1,4495,4498,13485,13486,13487,13490,13491,13492,26971,26972,26973,26974,26975,26978,26979,26980,26981,26982,1,-1,2,-2,1,3,1,-1,-3,-1,2,2,5,2,2,-2,-2,-5,-2,-2
0,1,4497,4500,13491,13492,13493,13496,13497,13498,26983,26984,26985,26986,26987,26990,26991,26992,26993,26994,1,-1,2,-2,1,3,1,-1,-3,-1,2,2,5,2,2,-2,-2,-5,-2,-2
0,1,4499,4502,13497,13498,13499,13502,13503,13504,26995,26996,26997,26998,26999,27002,27003,27004,27005,27006,1,-1,2,-2,1,3,1,-1,-3,-1,2,2,5,2,2,-2,-2,-5,-2,-2
0,1,4501,4504,13503,13504,13505,13508,13509,13510,27007,27008,27009,27010,27011,27014,27015,27016,27017,27018,1,-1,2,-2,1,3,1,-1,-3,-1,2,2,5,2,2,-2,-2,-5,-2,-2
0,1,4503,4506,13509,13510,13511,13514,13515,13516,27019,27020,27021,27022,27023,27026,27027,27028,27029,27030,1,-1,2,-2,1,3,1,-1,-3,-1,2,2,5,2,2,-2,-2,-5,-2,-2
0,1,4505,4508,13515,13516,13517,13520,13521,13522,27031,27032,27033,27034,27035,27038,27039,27040,27041,27042,1,-1,2,-2,1,3,1,-1,-3,-1,2,2,5,2,2,-2,-2,-5,-2,-2
0,1,4507,4510,13521,13522,13523,13526,13527,13528,27043,27044,27045,27046,27047,27050,27051,27052,27053,27054,1,-1,2,-2,1,3,1,-1,-3,-1,2,2,5,2,2,-2,-2,-5,-2,-2
0,1,4509,4512,13527,13528,13529,13532,13533,13534,27055,27056,27057,27058,27059,27062,27063,27064,27065,27066,1,-1,2,-2,1,3,1,-1,-3,-1,2,2,5,2,2,-2,-2,-5,-2,-2
0,1,4511,4514,13533,13534,13535,13538,13539,13540,27067,27068,27069,27070,27071,27074,27075,27076,27077,27078,1,-1,2,-2,1,3,1,-1,-3,-1,2,2,5,2,2,-2,-2,-5,-2,-2
0,1,4513,4516,13539,13540,13541,13544,13545,13546,27079,27080,27081,27082,27083,27086,27087,27088,27089,27090,1,-1,2,-2,1,3,1,-1,-3,-1,2,2,5,2,2,-2,-2,-5,-2,-2
0,1,4515,4518,13545,13546,13547,13550,13551,13552,27091,27092,27093,27094,27095,27098,27099,27100,27101,27102,1,-1,2,-2,1,3,1,-1,-3,-1,2,2,5,2,2,-2,-2,-5,-2,-2
0,1,4517,4520,13551,13552,13553,13556,13557,13558,27103,27104,27105,27106,27107,27110,27111,27112,27113,27114,1,-1,2,-2,1,3,1,-1,-3,-1,2,2,5,2,2,-2,-2,-5,-2,-2
0,1,4519,4522,13557,13558,13559,13562,13563,13564,27115,27116,27117,27118,27119,27122,27123,27124,27125,27126,1,-1,2,-2,1,3,1,-1,-3,-1,2,2,5,2,2,-2,-2,-5,-2,-2
0,1,4521,4524,13563,13564,13565,13568,13569,13570,27127,27128,27129,27130,27131,27134,27135,27136,27137,27138,1,-1,2,-2,1,3,1,-1,-3,-1,2,2,5,2,2,-2,-2,-5,-2,-2
0,1,4523,4526,13569,13570,13571,13574,13575,13576,27139,27140,27141,27142,27143,27146,27147,27148,27149,27150,1,-1,2,-2,1,3,1,-1,-3,-1,2,2,5,2,2,-2,-2,-5,-2,-2
0,1,4525,4528,13575,13576,13577,13580,13581,13582,27151,27152,27153,27154,27155,27158,27159,27160,27161,27162,1,-1,2,-2,1,3,1,-1,-3,-1,2,2,5,2,2,-2,-2,-5,-2,-2
0,1,4527,4530,13581,13582,13583,13586,13587,13588,27163,27164,27165,27166,27167,27170,27171,27172,27173,27174,1,-1,2,-2,1,3,1,-1,-3,-1,2,2,5,2,2,-2,-2,-5,-2,-2
0,1,4529,4532,13587,13588,13589,13592,13593,13594,27175,27176,27177,27178,27179,27182,27183,27184,27185,27186,1,-1,2,-2,1,3,1,-1,-3,-1,2,2,5,2,2,-2,-2,-5,-2,-2
0,1,4531,4534,13593,13594,13595,13598,13599,13600,27187,27188,27189,27190,27191,27194,27195,27196,27197,27198,1,-1,2,-2,1,3,1,-1,-3,-1,2,2,5,2,2,-2,-2,-5,-2,-2
0,1,4533,4536,13599,13600,13601,13604,13605,13606,27199,27200,27201,27202,27203,27206,27207,27208,27209,27210,1,-1,2,-2,1,3,1,-1,-3,-1,2,2,5,2,2,-2,-2,-5,-2,-2
0,1,4535,4538,13605,13606,13607,13610,13611,13612,27211,27212,27213,27214,27215,27218,27219,27220,27221,27222,1,-1,2,-2,1,3,1,-1,-3,-1,2,2,5,2,2,-2,-2,-5,-2,-2
0,1,4537,4540,13611,13612,13613,13616,13617,13618,27223,27224,27225,27226,27227,27230,27231,27232,27233,27234,1,-1,2,-2,1,3,1,-1,-3,-1,2,2,5,2,2,-2,-2,-5,-2,-2
0,1,4539,4542,13617,13618,13619,13622,13623,13624,27235,27236,27237,27238,27239,27242,27243,27244,27245,27246,1,-1,2,-2,1,3,1,-1,-3,-1,2,2,5,2,2,-2,-2,-5,-2,-2
0,1,4541,4544,13623,13624,13625,13628,13629,13630,27247,27248,27249,27250,27251,27254,27255,27256,27257,27258,1,-1,2,-2,1,3,1,-1,-3,-1,2,2,5,2,2,-2,-2,-5,-2,-2
0,1,4543,4546,13629,13630,13631,13634,13635,13636,27259,27260,27261,27262,27263,27266,27267,27268,27269,27270,1,-1,2,-2,1,3,1,-1,-3,-1,2,2,5,2,2,-2,-2,-5,-2,-2
0,1,4545,4548,13635,13636,13637,13640,13641,13642,27271,27272,27273,27274,27275,27278,27279,27280,27281,27282,1,-1,2,-2,1,3,1,-1,-3,-1,2,2,5,2,2,-2,-2,-5,-2,-2
0,1,4547,4550,13641,13642,13643,13646,13647,13648,27283,27284,27285,27286,27287,27290,27291,27292,27293,27294,1,-1,2,-2,1,3,1,-1,-3,-1,2,2,5,2,2,-2,-2,-5,-2,-2
0,1,4549,4552,13647,13648,13649,13652,13653,13654,27295,27296,27297,27298,27299,27302,27303,27304,27305,27306,1,-1,2,-2,1,3,1,-1,-3,-1,2,2,5,2,2,-2,-2,-5,-2,-2
0,1,4551,4554,13653,13654,13655,13658,13659,13660,27307,27308,27309,27310,27311,27314,27315,27316,27317,27318,1,-1,2,-2,1,3,1,-1,-3,-1,2,2,5,2,2,-2,-2,-5,-2,-2
0,1,4553,4556,13659,13660,13661,13664,13665,13666,27319,27320,27321,27322,27323,27326,27327,27328,27329,27330,1,-1,2,-2,1,3,1,-1,-3,-1,2,2,5,2,2,-2,-2,-5,-2,-2
0,1,4555,4558,13665,13666,13667,13670,13671,13672,27331,27332,27333,27334,27335,27338,27339,27340,27341,27342,1,-1,2,-2,1,3,1,-1,-3,-1,2,2,5,2,2,-2,-2,-5,-2,-2
0,1,4557,4560,13671,13672,13673,13676,13677,13678,27343,27344,27345,27346,27347,27350,27351,27352,27353,27354,1,-1,2,-2,1,3,1,-1,-3,-1,2,2,5,2,2,-2,-2,-5,-2,-2
0,1,4559,4562,13677,13678,13679,13682,13683,13684,27355,27356,27357,27358,27359,27362,27363,27364,27365,27366,1,-1,2,-2,1,3,1,-1,-3,-1,2,2,5,2,2,-2,-2,-5,-2,-2
0,1,4561,4564,13683,13684,13685,13688,13689,13690,27367,27368,27369,27370,27371,27374,27375,27376,27377,27378,1,-1,2,-2,1,3,1,-1,-3,-1,2,2,5,2,2,-2,-2,-5,-2,-2
0,1,4563,4566,13689,13690,13691,13694,13695,13696,27379,27380,27381,27382,27383,27386,27387,27388,27389,27390,1,-1,2,-2,1,3,1,-1,-3,-1,2,2,5,2,2,-2,-2,-5,-2,-2
0,1,4565,4568,13695,13696,13697,13700,13701,13702,27391,27392,27393,27394,27395,27398,27399,27400,27401,27402,1,-1,2,-2,1,3,1,-1,-3,-1,2,2,5,2,2,-2,-2,-5,-2,-2
0,1,4567,4570,13701,13702,13703,13706,13707,13708,27403,27404,27405,27406,27407,27410,27411,27412,27413,27414,1,-1,2,-2,1,3,1,-1,-3,-1,2,2,5,2,2,-2,-2,-5,-2,-2
0,1,4569,4572,13707,13708,13709,13712,13713,13714,27415,27416,27417,27418,27419,27422,27423,27424,27425,27426,1,-1,2,-2,1,3,1,-1,-3,-1,2,2,5,2,2,-2,-2,-5,-2,-2
0,1,4571,4574,13713,13714,13715,13718,13719,13720,27427,27428,27429,27430,27431,27434,27435,27436,27437,27438,1,-1,2,-2,1,3,1,-1,-3,-1,2,2,5,2,2,-2,-2,-5,-2,-2
0,1,4573,4576,13719,13720,13721,13724,13725,13726,27439,27440,27441,27442,27443,27446,27447,27448,27449,27450,1,-1,2,-2,1,3,1,-1,-3,-1,2,2,5,2,2,-2,-2,-5,-2,-2
0,1,4575,4578,13725,13726,13727,13730,13731,13732,27451,27452,27453,27454,27455,27458,27459,27460,27461,27462,1,-1,2,-2,1,3,1,-1,-3,-1,2,2,5,2,2,-2,-2,-5,-2,-2
0,1,4577,4580,13731,13732,13733,13736,13737,13738,27463,27464,27465,27466,27467,27470,27471,27472,27473,27474,1,-1,2,-2,1,3,1,-1,-3,-1,2,2,5,2,2,-2,-2,-5,-2,-2
0,1,4579,4582,13737,13738,13739,13742,13743,13744,27475,27476,27477,27478,27479,27482,27483,27484,27485,27486,1,-1,2,-2,1,3,1,-1,-3,-1,2,2,5,2,2,-2,-2,-5,-2,-2
0,1,4581,4584,13743,13744,13745,13748,13749,13750,27487,27488,27489,27490,27491,27494,27495,27496,27497,27498,1,-1,2,-2,1,3,1,-1,-3,-1,2,2,5,2,2,-2,-2,-5,-2,-2
0,1,4583,4586,13749,13750,13751,13754,13755,13756,27499,27500,27501,27502,27503,27506,27507,27508,27509,27510,1,-1,2,-2,1,3,1,-1,-3,-1,2,2,5,2,2,-2,-2,-5,-2,-2
0,1,4585,4588,13755,13756,13757,13760,13761,13762,27511,27512,27513,27514,27515,27518,27519,27520,27521,27522,1,-1,2,-2,1,3,1,-1,-3,-1,2,2,5,2,2,-2,-2,-5,-2,-2
0,1,4587,4590,13761,13762,13763,13766,13767,13768,27523,27524,27525,27526,27527,27530,27531,27532,27533,27534,1,-1,2,-2,1,3,1,-1,-3,-1,2,2,5,2,2,-2,-2,-5,-2,-2
0,1,4589,4592,13767,13768,13769,13772,13773,13774,27535,27536,27537,27538,27539,27542,27543,27544,27545,27546,1,-1,2,-2,1,3,1,-1,-3,-1,2,2,5,2,2,-2,-2,-5,-2,-2
0,1,4591,4594,13773,13774,13775,13778,13779,13780,27547,27548,27549,27550,27551,27554,27555,27556,27557,27558,1,-1,2,-2,1,3,1,-1,-3,-1,2,2,5,2,2,-2,-2,-5,-2,-2
0,1,4593,4596,13779,13780,13781,13784,13785,13786,27559,27560,27561,27562,27563,27566,27567,27568,27569,27570,1,-1,2,-2,1,3,1,-1,-3,-1,2,2,5,2,2,-2,-2,-5,-2,-2
0,1,4595,4598,13785,13786,13787,13790,13791,13792,27571,27572,27573,27574,27575,27578,27579,27580,27581,27582,1,-1,2,-2,1,3,1,-1,-3,-1,2,2,5,2,2,-2,-2,-5,-2,-2
0,1,4597,4600,13791,13792,13793,13796,13797,13798,27583,27584,27585,27586,27587,27590,27591,27592,27593,27594,1,-1,2,-2,1,3,1,-1,-3,-1,2,2,5,2,2,-2,-2,-5,-2,-2
0,1,4599,4602,13797,13798,13799,13802,13803,13804,27595,27596,27597,27598,27599,27602,27603,27604,27605,27606,1,-1,2,-2,1,3,1,-1,-3,-1,2,2,5,2,2,-2,-2,-5,-2,-2
0,1,4601,4604,13803,13804,13805,13808,13809,13810,27607,27608,27609,27610,27611,27614,27615,27616,27617,27618,1,-1,2,-2,1,3,1,-1,-3,-1,2,2,5,2,2,-2,-2,-5,-2,-2
0,1,4603,4606,13809,13810,13811,13814,13815,13816,27619,27620,27621,27622,27623,27626,27627,27628,27629,27630,1,-1,2,-2,1,3,1,-1,-3,-1,2,2,5,2,2,-2,-2,-5,-2,-2
0,1,4605,4608,13815,13816,13817,13820,13821,13822,27631,27632,27633,27634,27635,27638,27639,27640,27641,27642,1,-1,2,-2,1,3,1,-1,-3,-1,2,2,5,2,2,-2,-2,-5,-2,-2
0,1,4607,4610,13821,13822,13823,13826,13827,13828,27643,27644,27645,27646,27647,27650,27651,27652,27653,27654,1,-1,2,-2,1,3,1,-1,-3,-1,2,2,5,2,2,-2,-2,-5,-2,-2
0,1,4609,4612,13827,13828,13829,13832,13833,13834,27655,27656,27657,27658,27659,27662,27663,27664,27665,27666,1,-1,2,-2,1,3,1,-1,-3,-1,2,2,5,2,2,-2,-2,-5,-2,-2
0,1,4611,4614,13833,13834,13835,13838,13839,13840,27667,27668,27669,27670,27671,27674,27675,27676,27677,27678,1,-1,2,-2,1,3,1,-1,-3,-1,2,2,5,2,2,-2,-2,-5,-2,-2
0,1,4613,4616,13839,13840,13841,13844,13845,13846,27679,27680,27681,27682,27683,27686,27687,27688,27689,27690,1,-1,2,-2,1,3,1,-1,-3,-1,2,2,5,2,2,-2,-2,-5,-2,-2
0,1,4615,4618,13845,13846,13847,13850,13851,13852,27691,27692,27693,27694,27695,27698,27699,27700,27701,27702,1,-1,2,-2,1,3,1,-1,-3,-1,2,2,5,2,2,-2,-2,-5,-2,-2
0,1,4617,4620,13851,13852,13853,13856,13857,13858,27703,27704,27705,27706,27707,27710,27711,27712,27713,27714,1,-1,2,-2,1,3,1,-1,-3,-1,2,2,5,2,2,-2,-2,-5,-2,-2
0,1,4619,4622,13857,13858,13859,13862,13863,13864,27715,27716,27717,27718,27719,27722,27723,27724,27725,27726,1,-1,2,-2,1,3,1,-1,-3,-1,2,2,5,2,2,-2,-2,-5,-2,-2
0,1,4621,4624,13863,13864,13865,13868,13869,13870,27727,27728,27729,27730,27731,27734,27735,27736,27737,27738,1,-1,2,-2,1,3,1,-1,-3,-1,2,2,5,2,2,-2,-2,-5,-2,-2
0,1,4623,4626,13869,13870,13871,13874,13875,13876,27739,27740,27741,27742,27743,27746,27747,27748,27749,27750,1,-1,2,-2,1,3,1,-1,-3,-1,2,2,5,2,2,-2,-2,-5,-2,-2
0,1,4625,4628,13875,13876,13877,13880,13881,13882,27751,27752,27753,27754,27755,27758,27759,27760,27761,27762,1,-1,2,-2,1,3,1,-1,-3,-1,2,2,5,2,2,-2,-2,-5,-2,-2
0,1,4627,4630,13881,13882,13883,13886,13887,13888,27763,27764,27765,27766,27767,27770,27771,27772,27773,27774,1,-1,2,-2,1,3,1,-1,-3,-1,2,2,5,2,2,-2,-2,-5,-2,-2
0,1,4629,4632,13887,13888,13889,13892,13893,13894,27775,27776,27777,27778,27779,27782,27783,27784,27785,27786,1,-1,2,-2,1,3,1,-1,-3,-1,2,2,5,2,2,-2,-2,-5,-2,-2
0,1,4631,4634,13893,13894,13895,13898,13899,13900,27787,27788,27789,27790,27791,27794,27795,27796,27797,27798,1,-1,2,-2,1,3,1,-1,-3,-1,2,2,5,2,2,-2,-2,-5,-2,-2
0,1,4633,4636,13899,13900,13901,13904,13905,13906,27799,27800,27801,27802,27803,27806,27807,27808,27809,27810,1,-1,2,-2,1,3,1,-1,-3,-1,2,2,5,2,2,-2,-2,-5,-2,-2
0,1,4635,4638,13905,13906,13907,13910,13911,13912,27811,27812,27813,27814,27815,27818,27819,27820,27821,27822,1,-1,2,-2,1,3,1,-1,-3,-1,2,2,5,2,2,-2,-2,-5,-2,-2
0,1,4637,4640,13911,13912,13913,13916,13917,13918,27823,27824,27825,27826,27827,27830,27831,27832,27833,27834,1,-1,2,-2,1,3,1,-1,-3,-1,2,2,5,2,2,-2,-2,-5,-2,-2
0,1,4639,4642,13917,13918,13919,13922,13923,13924,27835,27836,27837,27838,27839,27842,27843,27844,27845,27846,1,-1,2,-2,1,3,1,-1,-3,-1,2,2,5,2,2,-2,-2,-5,-2,-2
0,1,4641,4644,13923,13924,13925,13928,13929,13930,27847,27848,27849,27850,27851,27854,27855,27856,27857,27858,1,-1,2,-2,1,3,1,-1,-3,-1,2,2,5,2,2,-2,-2,-5,-2,-2
0,1,4643,4646,13929,13930,13931,13934,13935,13936,27859,27860,27861,27862,27863,27866,27867,27868,27869,27870,1,-1,2,-2,1,3,1,-1,-3,-1,2,2,5,2,2,-2,-2,-5,-2,-2
0,1,4645,4648,13935,13936,13937,13940,13941,13942,27871,27872,27873,27874,27875,27878,27879,27880,27881,27882,1,-1,2,-2,1,3,1,-1,-3,-1,2,2,5,2,2,-2,-2,-5,-2,-2
0,1,4647,4650,13941,13942,13943,13946,13947,13948,27883,27884,27885,27886,27887,27890,27891,27892,27893,27894,1,-1,2,-2,1,3,1,-1,-3,-1,2,2,5,2,2,-2,-2,-5,-2,-2
0,1,4649,4652,13947,13948,13949,13952,13953,13954,27895,27896,27897,27898,27899,27902,27903,27904,27905,27906,1,-1,2,-2,1,3,1,-1,-3,-1,2,2,5,2,2,-2,-2,-5,-2,-2
0,1,4651,4654,13953,13954,13955,13958,13959,13960,27907,27908,27909,27910,27911,27914,27915,27916,27917,27918,1,-1,2,-2,1,3,1,-1,-3,-1,2,2,5,2,2,-2,-2,-5,-2,-2
0,1,4653,4656,13959,13960,13961,13964,13965,13966,27919,27920,27921,27922,27923,27926,27927,27928,27929,27930,1,-1,2,-2,1,3,1,-1,-3,-1,2,2,5,2,2,-2,-2,-5,-2,-2
0,1,4655,4658,13965,13966,13967,13970,13971,13972,27931,27932,27933,27934,27935,27938,27939,27940,27941,27942,1,-1,2,-2,1,3,1,-1,-3,-1,2,2,5,2,2,-2,-2,-5,-2,-2
0,1,4657,4660,13971,13972,13973,13976,13977,13978,27943,27944,27945,27946,27947,27950,27951,27952,27953,27954,1,-1,2,-2,1,3,1,-1,-3,-1,2,2,5,2,2,-2,-2,-5,-2,-2
0,1,4659,4662,13977,13978,13979,13982,13983,13984,27955,27956,27957,27958,27959,27962,27963,27964,27965,27966,1,-1,2,-2,1,3,1,-1,-3,-1,2,2,5,2,2,-2,-2,-5,-2,-2
0,1,4661,4664,13983,13984,13985,13988,13989,13990,27967,27968,27969,27970,27971,27974,27975,27976,27977,27978,1,-1,2,-2,1,3,1,-1,-3,-1,2,2,5,2,2,-2,-2,-5,-2,-2
0,1,4663,4666,13989,13990,13991,13994,13995,13996,27979,27980,27981,27982,27983,27986,27987,27988,27989,27990,1,-1,2,-2,1,3,1,-1,-3,-1,2,2,5,2,2,-2,-2,-5,-2,-2
0,1,4665,4668,13995,13996,13997,14000,14001,14002,27991,27992,27993,27994,27995,27998,27999,28000,28001,28002,1,-1,2,-2,1,3,1,-1,-3,-1,2,2,5,2,2,-2,-2,-5,-2,-2
0,1,4667,4670,14001,14002,14003,14006,14007,14008,28003,28004,28005,28006,28007,28010,28011,28012,28013,28014,1,-1,2,-2,1,3,1,-1,-3,-1,2,2,5,2,2,-2,-2,-5,-2,-2
0,1,4669,4672,14007,14008,14009,14012,14013,14014,28015,28016,28017,28018,28019,28022,28023,28024,28025,28026,1,-1,2,-2,1,3,1,-1,-3,-1,2,2,5,2,2,-2,-2,-5,-2,-2
0,1,4671,4674,14013,14014,14015,14018,14019,14020,28027,28028,28029,28030,28031,28034,28035,28036,28037,28038,1,-1,2,-2,1,3,1,-1,-3,-1,2,2,5,2,2,-2,-2,-5,-2,-2
0,1,4673,4676,14019,14020,14021,14024,14025,14026,28039,28040,28041,28042,28043,28046,28047,28048,28049,28050,1,-1,2,-2,1,3,1,-1,-3,-1,2,2,5,2,2,-2,-2,-5,-2,-2
0,1,4675,4678,14025,14026,14027,14030,14031,14032,28051,28052,28053,28054,28055,28058,28059,28060,28061,28062,1,-1,2,-2,1,3,1,-1,-3,-1,2,2,5,2,2,-2,-2,-5,-2,-2
0,1,4677,4680,14031,14032,14033,14036,14037,14038,28063,28064,28065,28066,28067,28070,28071,28072,28073,28074,1,-1,2,-2,1,3,1,-1,-3,-1,2,2,5,2,2,-2,-2,-5,-2,-2
0,1,4679,4682,14037,14038,14039,14042,14043,14044,28075,28076,28077,28078,28079,28082,28083,28084,28085,28086,1,-1,2,-2,1,3,1,-1,-3,-1,2,2,5,2,2,-2,-2,-5,-2,-2
0,1,4681,4684,14043,14044,14045,14048,14049,14050,28087,28088,28089,28090,28091,28094,28095,28096,28097,28098,1,-1,2,-2,1,3,1,-1,-3,-1,2,2,5,2,2,-2,-2,-5,-2,-2
0,1,4683,4686,14049,14050,14051,14054,14055,14056,28099,28100,28101,28102,28103,28106,28107,28108,28109,28110,1,-1,2,-2,1,3,1,-1,-3,-1,2,2,5,2,2,-2,-2,-5,-2,-2
0,1,4685,4688,14055,14056,14057,14060,14061,14062,28111,28112,28113,28114,28115,28118,28119,28120,28121,28122,1,-1,2,-2,1,3,1,-1,-3,-1,2,2,5,2,2,-2,-2,-5,-2,-2
0,1,4687,4690,14061,14062,14063,14066,14067,14068,28123,28124,28125,28126,28127,28130,28131,28132,28133,28134,1,-1,2,-2,1,3,1,-1,-3,-1,2,2,5,2,2,-2,-2,-5,-2,-2
0,1,4689,4692,14067,14068,14069,14072,14073,14074,28135,28136,28137,28138,28139,28142,28143,28144,28145,28146,1,-1,2,-2,1,3,1,-1,-3,-1,2,2,5,2,2,-2,-2,-5,-2,-2
0,1,4691,4694,14073,14074,14075,14078,14079,14080,28147,28148,28149,28150,28151,28154,28155,28156,28157,28158,1,-1,2,-2,1,3,1,-1,-3,-1,2,2,5,2,2,-2,-2,-5,-2,-2
0,1,4693,4696,14079,14080,14081,14084,14085,14086,28159,28160,28161,28162,28163,28166,28167,28168,28169,28170,1,-1,2,-2,1,3,1,-1,-3,-1,2,2,5,2,2,-2,-2,-5,-2,-2
0,1,4695,4698,14085,14086,14087,14090,14091,14092,28171,28172,28173,28174,28175,28178,28179,28180,28181,28182,1,-1,2,-2,1,3,1,-1,-3,-1,2,2,5,2,2,-2,-2,-5,-2,-2
0,1,4697,4700,14091,14092,14093,14096,14097,14098,28183,28184,28185,28186,28187,28190,28191,28192,28193,28194,1,-1,2,-2,1,3,1,-1,-3,-1,2,2,5,2,2,-2,-2,-5,-2,-2
0,1,4699,4702,14097,14098,14099,14102,14103,14104,28195,28196,28197,28198,28199,28202,28203,28204,28205,28206,1,-1,2,-2,1,3,1,-1,-3,-1,2,2,5,2,2,-2,-2,-5,-2,-2
0,1,4701,4704,14103,14104,14105,14108,14109,14110,28207,28208,28209,28210,28211,28214,28215,28216,28217,28218,1,-1,2,-2,1,3,1,-1,-3,-1,2,2,5,2,2,-2,-2,-5,-2,-2
0,1,4703,4706,14109,14110,14111,14114,14115,14116,28219,28220,28221,28222,28223,28226,28227,28228,28229,28230,1,-1,2,-2,1,3,1,-1,-3,-1,2,2,5,2,2,-2,-2,-5,-2,-2
0,1,4705,4708,14115,14116,14117,14120,14121,14122,28231,28232,28233,28234,28235,28238,28239,28240,28241,28242,1,-1,2,-2,1,3,1,-1,-3,-1,2,2,5,2,2,-2,-2,-5,-2,-2
0,1,4707,4710,14121,14122,14123,14126,14127,14128,28243,28244,28245,28246,28247,28250,28251,28252,28253,28254,1,-1,2,-2,1,3,1,-1,-3,-1,2,2,5,2,2,-2,-2,-5,-2,-2
0,1,4709,4712,14127,14128,14129,14132,14133,14134,28255,28256,28257,28258,28259,28262,28263,28264,28265,28266,1,-1,2,-2,1,3,1,-1,-3,-1,2,2,5,2,2,-2,-2,-5,-2,-2
0,1,4711,4714,14133,14134,14135,14138,14139,14140,28267,28268,28269,28270,28271,28274,28275,28276,28277,28278,1,-1,2,-2,1,3,1,-1,-3,-1,2,2,5,2,2,-2,-2,-5,-2,-2
0,1,4713,4716,14139,14140,14141,14144,14145,14146,28279,28280,28281,28282,28283,28286,28287,28288,28289,28290,1,-1,2,-2,1,3,1,-1,-3,-1,2,2,5,2,2,-2,-2,-5,-2,-2
0,1,4715,4718,14145,14146,14147,14150,14151,14152,28291,28292,28293,28294,28295,28298,28299,28300,28301,28302,1,-1,2,-2,1,3,1,-1,-3,-1,2,2,5,2,2,-2,-2,-5,-2,-2
0,1,4717,4720,14151,14152,14153,14156,14157,14158,28303,28304,28305,28306,28307,28310,28311,28312,28313,28314,1,-1,2,-2,1,3,1,-1,-3,-1,2,2,5,2,2,-2,-2,-5,-2,-2
0,1,4719,4722,14157,14158,14159,14162,14163,14164,28315,28316,28317,28318,28319,28322,28323,28324,28325,28326,1,-1,2,-2,1,3,1,-1,-3,-1,2,2,5,2,2,-2,-2,-5,-2,-2
0,1,4721,4724,14163,14164,14165,14168,14169,14170,28327,28328,28329,28330,28331,28334,28335,28336,28337,28338,1,-1,2,-2,1,3,1,-1,-3,-1,2,2,5,2,2,-2,-2,-5,-2,-2
0,1,4723,4726,14169,14170,14171,14174,14175,14176,28339,28340,28341,28342,28343,28346,28347,28348,28349,28350,1,-1,2,-2,1,3,1,-1,-3,-1,2,2,5,2,2,-2,-2,-5,-2,-2
0,1,4725,4728,14175,14176,14177,14180,14181,14182,28351,28352,28353,28354,28355,28358,28359,28360,28361,28362,1,-1,2,-2,1,3,1,-1,-3,-1,2,2,5,2,2,-2,-2,-5,-2,-2
0,1,4727,4730,14181,14182,14183,14186,14187,14188,28363,28364,28365,28366,28367,28370,28371,28372,28373,28374,1,-1,2,-2,1,3,1,-1,-3,-1,2,2,5,2,2,-2,-2,-5,-2,-2
0,1,4729,4732,14187,14188,14189,14192,14193,14194,28375,28376,28377,28378,28379,28382,28383,28384,28385,28386,1,-1,2,-2,1,3,1,-1,-3,-1,2,2,5,2,2,-2,-2,-5,-2,-2
0,1,4731,4734,14193,14194,14195,14198,14199,14200,28387,28388,28389,28390,28391,28394,28395,28396,28397,28398,1,-1,2,-2,1,3,1,-1,-3,-1,2,2,5,2,2,-2,-2,-5,-2,-2
0,1,4733,4736,14199,14200,14201,14204,14205,14206,28399,28400,28401,28402,28403,28406,28407,28408,28409,28410,1,-1,2,-2,1,3,1,-1,-3,-1,2,2,5,2,2,-2,-2,-5,-2,-2
0,1,4735,4738,14205,14206,14207,14210,14211,14212,28411,28412,28413,28414,28415,28418,28419,28420,28421,28422,1,-1,2,-2,1,3,1,-1,-3,-1,2,2,5,2,2,-2,-2,-5,-2,-2
0,1,4737,4740,14211,14212,14213,14216,14217,14218,28423,28424,28425,28426,28427,28430,28431,28432,28433,28434,1,-1,2,-2,1,3,1,-1,-3,-1,2,2,5,2,2,-2,-2,-5,-2,-2
0,1,4739,4742,14217,14218,14219,14222,14223,14224,28435,28436,28437,28438,28439,28442,28443,28444,28445,28446,1,-1,2,-2,1,3,1,-1,-3,-1,2,2,5,2,2,-2,-2,-5,-2,-2
0,1,4741,4744,14223,14224,14225,14228,14229,14230,28447,28448,28449,28450,28451,28454,28455,28456,28457,28458,1,-1,2,-2,1,3,1,-1,-3,-1,2,2,5,2,2,-2,-2,-5,-2,-2
0,1,4743,4746,14229,14230,14231,14234,14235,14236,28459,28460,28461,28462,28463,28466,28467,28468,28469,28470,1,-1,2,-2,1,3,1,-1,-3,-1,2,2,5,2,2,-2,-2,-5,-2,-2
0,1,4745,4748,14235,14236,14237,14240,14241,14242,28471,28472,28473,28474,28475,28478,28479,28480,28481,28482,1,-1,2,-2,1,3,1,-1,-3,-1,2,2,5,2,2,-2,-2,-5,-2,-2
0,1,4747,4750,14241,14242,14243,14246,14247,14248,28483,28484,28485,28486,28487,28490,28491,28492,28493,28494,1,-1,2,-2,1,3,1,-1,-3,-1,2,2,5,2,2,-2,-2,-5,-2,-2
0,1,4749,4752,14247,14248,14249,14252,14253,14254,28495,28496,28497,28498,28499,28502,28503,28504,28505,28506,1,-1,2,-2,1,3,1,-1,-3,-1,2,2,5,2,2,-2,-2,-5,-2,-2
0,1,4751,4754,14253,14254,14255,14258,14259,14260,28507,28508,28509,28510,28511,28514,28515,28516,28517,28518,1,-1,2,-2,1,3,1,-1,-3,-1,2,2,5,2,2,-2,-2,-5,-2,-2
0,1,4753,4756,14259,14260,14261,14264,14265,14266,28519,28520,28521,28522,28523,28526,28527,28528,28529,28530,1,-1,2,-2,1,3,1,-1,-3,-1,2,2,5,2,2,-2,-2,-5,-2,-2
0,1,4755,4758,14265,14266,14267,14270,14271,14272,28531,28532,28533,28534,28535,28538,28539,28540,28541,28542,1,-1,2,-2,1,3,1,-1,-3,-1,2,2,5,2,2,-2,-2,-5,-2,-2
0,1,4757,4760,14271,14272,14273,14276,14277,14278,28543,28544,28545,28546,28547,28550,28551,28552,28553,28554,1,-1,2,-2,1,3,1,-1,-3,-1,2,2,5,2,2,-2,-2,-5,-2,-2
0,1,4759,4762,14277,14278,14279,14282,14283,14284,28555,28556,28557,28558,28559,28562,28563,28564,28565,28566,1,-1,2,-2,1,3,1,-1,-3,-1,2,2,5,2,2,-2,-2,-5,-2,-2
0,1,4761,4764,14283,14284,14285,14288,14289,14290,28567,28568,28569,28570,28571,28574,28575,28576,28577,28578,1,-1,2,-2,1,3,1,-1,-3,-1,2,2,5,2,2,-2,-2,-5,-2,-2
0,1,4763,4766,14289,14290,14291,14294,14295,14296,28579,28580,28581,28582,28583,28586,28587,28588,28589,28590,1,-1,2,-2,1,3,1,-1,-3,-1,2,2,5,2,2,-2,-2,-5,-2,-2
0,1,4765,4768,14295,14296,14297,14300,14301,14302,28591,28592,28593,28594,28595,28598,28599,28600,28601,28602,1,-1,2,-2,1,3,1,-1,-3,-1,2,2,5,2,2,-2,-2,-5,-2,-2
0,1,4767,4770,14301,14302,14303,14306,14307,14308,28603,28604,28605,28606,28607,28610,28611,28612,28613,28614,1,-1,2,-2,1,3,1,-1,-3,-1,2,2,5,2,2,-2,-2,-5,-2,-2
0,1,4769,4772,14307,14308,14309,14312,14313,14314,28615,28616,28617,28618,28619,28622,28623,28624,28625,28626,1,-1,2,-2,1,3,1,-1,-3,-1,2,2,5,2,2,-2,-2,-5,-2,-2
0,1,4771,4774,14313,14314,14315,14318,14319,14320,28627,28628,28629,28630,28631,28634,28635,28636,28637,28638,1,-1,2,-2,1,3,1,-1,-3,-1,2,2,5,2,2,-2,-2,-5,-2,-2
0,1,4773,4776,14319,14320,14321,14324,14325,14326,28639,28640,28641,28642,28643,28646,28647,28648,28649,28650,1,-1,2,-2,1,3,1,-1,-3,-1,2,2,5,2,2,-2,-2,-5,-2,-2
0,1,4775,4778,14325,14326,14327,14330,14331,14332,28651,28652,28653,28654,28655,28658,28659,28660,28661,28662,1,-1,2,-2,1,3,1,-1,-3,-1,2,2,5,2,2,-2,-2,-5,-2,-2
0,1,4777,4780,14331,14332,14333,14336,14337,14338,28663,28664,28665,28666,28667,28670,28671,28672,28673,28674,1,-1,2,-2,1,3,1,-1,-3,-1,2,2,5,2,2,-2,-2,-5,-2,-2
0,1,4779,4782,14337,14338,14339,14342,14343,14344,28675,28676,28677,28678,28679,28682,28683,28684,28685,28686,1,-1,2,-2,1,3,1,-1,-3,-1,2,2,5,2,2,-2,-2,-5,-2,-2
0,1,4781,4784,14343,14344,14345,14348,14349,14350,28687,28688,28689,28690,28691,28694,28695,28696,28697,28698,1,-1,2,-2,1,3,1,-1,-3,-1,2,2,5,2,2,-2,-2,-5,-2,-2
0,1,4783,4786,14349,14350,14351,14354,14355,14356,28699,28700,28701,28702,28703,28706,28707,28708,28709,28710,1,-1,2,-2,1,3,1,-1,-3,-1,2,2,5,2,2,-2,-2,-5,-2,-2
0,1,4785,4788,14355,14356,14357,14360,14361,14362,28711,28712,28713,28714,28715,28718,28719,28720,28721,28722,1,-1,2,-2,1,3,1,-1,-3,-1,2,2,5,2,2,-2,-2,-5,-2,-2
0,1,4787,4790,14361,14362,14363,14366,14367,14368,28723,28724,28725,28726,28727,28730,28731,28732,28733,28734,1,-1,2,-2,1,3,1,-1,-3,-1,2,2,5,2,2,-2,-2,-5,-2,-2
0,1,4789,4792,14367,14368,14369,14372,14373,14374,28735,28736,28737,28738,28739,28742,28743,28744,28745,28746,1,-1,2,-2,1,3,1,-1,-3,-1,2,2,5,2,2,-2,-2,-5,-2,-2
0,1,4791,4794,14373,14374,14375,14378,14379,14380,28747,28748,28749,28750,28751,28754,28755,28756,28757,28758,1,-1,2,-2,1,3,1,-1,-3,-1,2,2,5,2,2,-2,-2,-5,-2,-2
0,1,4793,4796,14379,14380,14381,14384,14385,14386,28759,28760,28761,28762,28763,28766,28767,28768,28769,28770,1,-1,2,-2,1,3,1,-1,-3,-1,2,2,5,2,2,-2,-2,-5,-2,-2
0,1,4795,4798,14385,14386,14387,14390,14391,14392,28771,28772,28773,28774,28775,28778,28779,28780,28781,28782,1,-1,2,-2,1,3,1,-1,-3,-1,2,2,5,2,2,-2,-2,-5,-2,-2
0,1,4797,4800,14391,14392,14393,14396,14397,14398,28783,28784,28785,28786,28787,28790,28791,28792,28793,28794,1,-1,2,-2,1,3,1,-1,-3,-1,2,2,5,2,2,-2,-2,-5,-2,-2
0,1,4799,4802,14397,14398,14399,14402,14403,14404,28795,28796,28797,28798,28799,28802,28803,28804,28805,28806,1,-1,2,-2,1,3,1,-1,-3,-1,2,2,5,2,2,-2,-2,-5,-2,-2
0,1,4801,4804,14403,14404,14405,14408,14409,14410,28807,28808,28809,28810,28811,28814,28815,28816,28817,28818,1,-1,2,-2,1,3,1,-1,-3,-1,2,2,5,2,2,-2,-2,-5,-2,-2
0,1,4803,4806,14409,14410,14411,14414,14415,14416,28819,28820,28821,28822,28823,28826,28827,28828,28829,28830,1,-1,2,-2,1,3,1,-1,-3,-1,2,2,5,2,2,-2,-2,-5,-2,-2
0,1,4805,4808,14415,14416,14417,14420,14421,14422,28831,28832,28833,28834,28835,28838,28839,28840,28841,28842,1,-1,2,-2,1,3,1,-1,-3,-1,2,2,5,2,2,-2,-2,-5,-2,-2
0,1,4807,4810,14421,14422,14423,14426,14427,14428,28843,28844,28845,28846,28847,28850,28851,28852,28853,28854,1,-1,2,-2,1,3,1,-1,-3,-1,2,2,5,2,2,-2,-2,-5,-2,-2
0,1,4809,4812,14427,14428,14429,14432,14433,14434,28855,28856,28857,28858,28859,28862,28863,28864,28865,28866,1,-1,2,-2,1,3,1,-1,-3,-1,2,2,5,2,2,-2,-2,-5,-2,-2
0,1,4811,4814,14433,14434,14435,14438,14439,14440,28867,28868,28869,28870,28871,28874,28875,28876,28877,28878,1,-1,2,-2,1,3,1,-1,-3,-1,2,2,5,2,2,-2,-2,-5,-2,-2
0,1,4813,4816,14439,14440,14441,14444,14445,14446,28879,28880,28881,28882,28883,28886,28887,28888,28889,28890,1,-1,2,-2,1,3,1,-1,-3,-1,2,2,5,2,2,-2,-2,-5,-2,-2
0,1,4815,4818,14445,14446,14447,14450,14451,14452,28891,28892,28893,28894,28895,28898,28899,28900,28901,28902,1,-1,2,-2,1,3,1,-1,-3,-1,2,2,5,2,2,-2,-2,-5,-2,-2
0,1,4817,4820,14451,14452,14453,14456,14457,14458,28903,28904,28905,28906,28907,28910,28911,28912,28913,28914,1,-1,2,-2,1,3,1,-1,-3,-1,2,2,5,2,2,-2,-2,-5,-2,-2
0,1,4819,4822,14457,14458,14459,14462,14463,14464,28915,28916,28917,28918,28919,28922,28923,28924,28925,28926,1,-1,2,-2,1,3,1,-1,-3,-1,2,2,5,2,2,-2,-2,-5,-2,-2
0,1,4821,4824,14463,14464,14465,14468,14469,14470,28927,28928,28929,28930,28931,28934,28935,28936,28937,28938,1,-1,2,-2,1,3,1,-1,-3,-1,2,2,5,2,2,-2,-2,-5,-2,-2
0,1,4823,4826,14469,14470,14471,14474,14475,14476,28939,28940,28941,28942,28943,28946,28947,28948,28949,28950,1,-1,2,-2,1,3,1,-1,-3,-1,2,2,5,2,2,-2,-2,-5,-2,-2
0,1,4825,4828,14475,14476,14477,14480,14481,14482,28951,28952,28953,28954,28955,28958,28959,28960,28961,28962,1,-1,2,-2,1,3,1,-1,-3,-1,2,2,5,2,2,-2,-2,-5,-2,-2
0,1,4827,4830,14481,14482,14483,14486,14487,14488,28963,28964,28965,28966,28967,28970,28971,28972,28973,28974,1,-1,2,-2,1,3,1,-1,-3,-1,2,2,5,2,2,-2,-2,-5,-2,-2
0,1,4829,4832,14487,14488,14489,14492,14493,14494,28975,28976,28977,28978,28979,28982,28983,28984,28985,28986,1,-1,2,-2,1,3,1,-1,-3,-1,2,2,5,2,2,-2,-2,-5,-2,-2
0,1,4831,4834,14493,14494,14495,14498,14499,14500,28987,28988,28989,28990,28991,28994,28995,28996,28997,28998,1,-1,2,-2,1,3,1,-1,-3,-1,2,2,5,2,2,-2,-2,-5,-2,-2
0,1,4833,4836,14499,14500,14501,14504,14505,14506,28999,29000,29001,29002,29003,29006,29007,29008,29009,29010,1,-1,2,-2,1,3,1,-1,-3,-1,2,2,5,2,2,-2,-2,-5,-2,-2
0,1,4835,4838,14505,14506,14507,14510,14511,14512,29011,29012,29013,29014,29015,29018,29019,29020,29021,29022,1,-1,2,-2,1,3,1,-1,-3,-1,2,2,5,2,2,-2,-2,-5,-2,-2
0,1,4837,4840,14511,14512,14513,14516,14517,14518,29023,29024,29025,29026,29027,29030,29031,29032,29033,29034,1,-1,2,-2,1,3,1,-1,-3,-1,2,2,5,2,2,-2,-2,-5,-2,-2
0,1,4839,4842,14517,14518,14519,14522,14523,14524,29035,29036,29037,29038,29039,29042,29043,29044,29045,29046,1,-1,2,-2,1,3,1,-1,-3,-1,2,2,5,2,2,-2,-2,-5,-2,-2
0,1,4841,4844,14523,14524,14525,14528,14529,14530,29047,29048,29049,29050,29051,29054,29055,29056,29057,29058,1,-1,2,-2,1,3,1,-1,-3,-1,2,2,5,2,2,-2,-2,-5,-2,-2
0,1,4843,4846,14529,14530,14531,14534,14535,14536,29059,29060,29061,29062,29063,29066,29067,29068,29069,29070,1,-1,2,-2,1,3,1,-1,-3,-1,2,2,5,2,2,-2,-2,-5,-2,-2
0,1,4845,4848,14535,14536,14537,14540,14541,14542,29071,29072,29073,29074,29075,29078,29079,29080,29081,29082,1,-1,2,-2,1,3,1,-1,-3,-1,2,2,5,2,2,-2,-2,-5,-2,-2
0,1,4847,4850,14541,14542,14543,14546,14547,14548,29083,29084,29085,29086,29087,29090,29091,29092,29093,29094,1,-1,2,-2,1,3,1,-1,-3,-1,2,2,5,2,2,-2,-2,-5,-2,-2
0,1,4849,4852,14547,14548,14549,14552,14553,14554,29095,29096,29097,29098,29099,29102,29103,29104,29105,29106,1,-1,2,-2,1,3,1,-1,-3,-1,2,2,5,2,2,-2,-2,-5,-2,-2
0,1,4851,4854,14553,14554,14555,14558,14559,14560,29107,29108,29109,29110,29111,29114,29115,29116,29117,29118,1,-1,2,-2,1,3,1,-1,-3,-1,2,2,5,2,2,-2,-2,-5,-2,-2
0,1,4853,4856,14559,14560,14561,14564,14565,14566,29119,29120,29121,29122,29123,29126,29127,29128,29129,29130,1,-1,2,-2,1,3,1,-1,-3,-1,2,2,5,2,2,-2,-2,-5,-2,-2
0,1,4855,4858,14565,14566,14567,14570,14571,14572,29131,29132,29133,29134,29135,29138,29139,29140,29141,29142,1,-1,2,-2,1,3,1,-1,-3,-1,2,2,5,2,2,-2,-2,-5,-2,-2
0,1,4857,4860,14571,14572,14573,14576,14577,14578,29143,29144,29145,29146,29147,29150,29151,29152,29153,29154,1,-1,2,-2,1,3,1,-1,-3,-1,2,2,5,2,2,-2,-2,-5,-2,-2
0,1,4859,4862,14577,14578,14579,14582,14583,14584,29155,29156,29157,29158,29159,29162,29163,29164,29165,29166,1,-1,2,-2,1,3,1,-1,-3,-1,2,2,5,2,2,-2,-2,-5,-2,-2
0,1,4861,4864,14583,14584,14585,14588,14589,14590,29167,29168,29169,29170,29171,29174,29175,29176,29177,29178,1,-1,2,-2,1,3,1,-1,-3,-1,2,2,5,2,2,-2,-2,-5,-2,-2
0,1,4863,4866,14589,14590,14591,14594,14595,14596,29179,29180,29181,29182,29183,29186,29187,29188,29189,29190,1,-1,2,-2,1,3,1,-1,-3,-1,2,2,5,2,2,-2,-2,-5,-2,-2
0,1,4865,4868,14595,14596,14597,14600,14601,14602,29191,29192,29193,29194,29195,29198,29199,29200,29201,29202,1,-1,2,-2,1,3,1,-1,-3,-1,2,2,5,2,2,-2,-2,-5,-2,-2
0,1,4867,4870,14601,14602,14603,14606,14607,14608,29203,29204,29205,29206,29207,29210,29211,29212,29213,29214,1,-1,2,-2,1,3,1,-1,-3,-1,2,2,5,2,2,-2,-2,-5,-2,-2
0,1,4869,4872,14607,14608,14609,14612,14613,14614,29215,29216,29217,29218,29219,29222,29223,29224,29225,29226,1,-1,2,-2,1,3,1,-1,-3,-1,2,2,5,2,2,-2,-2,-5,-2,-2
0,1,4871,4874,14613,14614,14615,14618,14619,14620,29227,29228,29229,29230,29231,29234,29235,29236,29237,29238,1,-1,2,-2,1,3,1,-1,-3,-1,2,2,5,2,2,-2,-2,-5,-2,-2
0,1,4873,4876,14619,14620,14621,14624,14625,14626,29239,29240,29241,29242,29243,29246,29247,29248,29249,29250,1,-1,2,-2,1,3,1,-1,-3,-1,2,2,5,2,2,-2,-2,-5,-2,-2
0,1,4875,4878,14625,14626,14627,14630,14631,14632,29251,29252,29253,29254,29255,29258,29259,29260,29261,29262,1,-1,2,-2,1,3,1,-1,-3,-1,2,2,5,2,2,-2,-2,-5,-2,-2
0,1,4877,4880,14631,14632,14633,14636,14637,14638,29263,29264,29265,29266,29267,29270,29271,29272,29273,29274,1,-1,2,-2,1,3,1,-1,-3,-1,2,2,5,2,2,-2,-2,-5,-2,-2
0,1,4879,4882,14637,14638,14639,14642,14643,14644,29275,29276,29277,29278,29279,29282,29283,29284,29285,29286,1,-1,2,-2,1,3,1,-1,-3,-1,2,2,5,2,2,-2,-2,-5,-2,-2
0,1,4881,4884,14643,14644,14645,14648,14649,14650,29287,29288,29289,29290,29291,29294,29295,29296,29297,29298,1,-1,2,-2,1,3,1,-1,-3,-1,2,2,5,2,2,-2,-2,-5,-2,-2
0,1,4883,4886,14649,14650,14651,14654,14655,14656,29299,29300,29301,29302,29303,29306,29307,29308,29309,29310,1,-1,2,-2,1,3,1,-1,-3,-1,2,2,5,2,2,-2,-2,-5,-2,-2
0,1,4885,4888,14655,14656,14657,14660,14661,14662,29311,29312,29313,29314,29315,29318,29319,29320,29321,29322,1,-1,2,-2,1,3,1,-1,-3,-1,2,2,5,2,2,-2,-2,-5,-2,-2
0,1,4887,4890,14661,14662,14663,14666,14667,14668,29323,29324,29325,29326,29327,29330,29331,29332,29333,29334,1,-1,2,-2,1,3,1,-1,-3,-1,2,2,5,2,2,-2,-2,-5,-2,-2
0,1,4889,4892,14667,14668,14669,14672,14673,14674,29335,29336,29337,29338,29339,29342,29343,29344,29345,29346,1,-1,2,-2,1,3,1,-1,-3,-1,2,2,5,2,2,-2,-2,-5,-2,-2
0,1,4891,4894,14673,14674,14675,14678,14679,14680,29347,29348,29349,29350,29351,29354,29355,29356,29357,29358,1,-1,2,-2,1,3,1,-1,-3,-1,2,2,5,2,2,-2,-2,-5,-2,-2
0,1,4893,4896,14679,14680,14681,14684,14685,14686,29359,29360,29361,29362,29363,29366,29367,29368,29369,29370,1,-1,2,-2,1,3,1,-1,-3,-1,2,2,5,2,2,-2,-2,-5,-2,-2
0,1,4895,4898,14685,14686,14687,14690,14691,14692,29371,29372,29373,29374,29375,29378,29379,29380,29381,29382,1,-1,2,-2,1,3,1,-1,-3,-1,2,2,5,2,2,-2,-2,-5,-2,-2
0,1,4897,4900,14691,14692,14693,14696,14697,14698,29383,29384,29385,29386,29387,29390,29391,29392,29393,29394,1,-1,2,-2,1,3,1,-1,-3,-1,2,2,5,2,2,-2,-2,-5,-2,-2
0,1,4899,4902,14697,14698,14699,14702,14703,14704,29395,29396,29397,29398,29399,29402,29403,29404,29405,29406,1,-1,2,-2,1,3,1,-1,-3,-1,2,2,5,2,2,-2,-2,-5,-2,-2
0,1,4901,4904,14703,14704,14705,14708,14709,14710,29407,29408,29409,29410,29411,29414,29415,29416,29417,29418,1,-1,2,-2,1,3,1,-1,-3,-1,2,2,5,2,2,-2,-2,-5,-2,-2
0,1,4903,4906,14709,14710,14711,14714,14715,14716,29419,29420,29421,29422,29423,29426,29427,29428,29429,29430,1,-1,2,-2,1,3,1,-1,-3,-1,2,2,5,2,2,-2,-2,-5,-2,-2
0,1,4905,4908,14715,14716,14717,14720,14721,14722,29431,29432,29433,29434,29435,29438,29439,29440,29441,29442,1,-1,2,-2,1,3,1,-1,-3,-1,2,2,5,2,2,-2,-2,-5,-2,-2
0,1,4907,4910,14721,14722,14723,14726,14727,14728,29443,29444,29445,29446,29447,29450,29451,29452,29453,29454,1,-1,2,-2,1,3,1,-1,-3,-1,2,2,5,2,2,-2,-2,-5,-2,-2
0,1,4909,4912,14727,14728,14729,14732,14733,14734,29455,29456,29457,29458,29459,29462,29463,29464,29465,29466,1,-1,2,-2,1,3,1,-1,-3,-1,2,2,5,2,2,-2,-2,-5,-2,-2
0,1,4911,4914,14733,14734,14735,14738,14739,14740,29467,29468,29469,29470,29471,29474,29475,29476,29477,29478,1,-1,2,-2,1,3,1,-1,-3,-1,2,2,5,2,2,-2,-2,-5,-2,-2
0,1,4913,4916,14739,14740,14741,14744,14745,14746,29479,29480,29481,29482,29483,29486,29487,29488,29489,29490,1,-1,2,-2,1,3,1,-1,-3,-1,2,2,5,2,2,-2,-2,-5,-2,-2
0,1,4915,4918,14745,14746,14747,14750,14751,14752,29491,29492,29493,29494,29495,29498,29499,29500,29501,29502,1,-1,2,-2,1,3,1,-1,-3,-1,2,2,5,2,2,-2,-2,-5,-2,-2
0,1,4917,4920,14751,14752,14753,14756,14757,14758,29503,29504,29505,29506,29507,29510,29511,29512,29513,29514,1,-1,2,-2,1,3,1,-1,-3,-1,2,2,5,2,2,-2,-2,-5,-2,-2
0,1,4919,4922,14757,14758,14759,14762,14763,14764,29515,29516,29517,29518,29519,29522,29523,29524,29525,29526,1,-1,2,-2,1,3,1,-1,-3,-1,2,2,5,2,2,-2,-2,-5,-2,-2
0,1,4921,4924,14763,14764,14765,14768,14769,14770,29527,29528,29529,29530,29531,29534,29535,29536,29537,29538,1,-1,2,-2,1,3,1,-1,-3,-1,2,2,5,2,2,-2,-2,-5,-2,-2
0,1,4923,4926,14769,14770,14771,14774,14775,14776,29539,29540,29541,29542,29543,29546,29547,29548,29549,29550,1,-1,2,-2,1,3,1,-1,-3,-1,2,2,5,2,2,-2,-2,-5,-2,-2
0,1,4925,4928,14775,14776,14777,14780,14781,14782,29551,29552,29553,29554,29555,29558,29559,29560,29561,29562,1,-1,2,-2,1,3,1,-1,-3,-1,2,2,5,2,2,-2,-2,-5,-2,-2
0,1,4927,4930,14781,14782,14783,14786,14787,14788,29563,29564,29565,29566,29567,29570,29571,29572,29573,29574,1,-1,2,-2,1,3,1,-1,-3,-1,2,2,5,2,2,-2,-2,-5,-2,-2
0,1,4929,4932,14787,14788,14789,14792,14793,14794,29575,29576,29577,29578,29579,29582,29583,29584,29585,29586,1,-1,2,-2,1,3,1,-1,-3,-1,2,2,5,2,2,-2,-2,-5,-2,-2
0,1,4931,4934,14793,14794,14795,14798,14799,14800,29587,29588,29589,29590,29591,29594,29595,29596,29597,29598,1,-1,2,-2,1,3,1,-1,-3,-1,2,2,5,2,2,-2,-2,-5,-2,-2
0,1,4933,4936,14799,14800,14801,14804,14805,14806,29599,29600,29601,29602,29603,29606,29607,29608,29609,29610,1,-1,2,-2,1,3,1,-1,-3,-1,2,2,5,2,2,-2,-2,-5,-2,-2
0,1,4935,4938,14805,14806,14807,14810,14811,14812,29611,29612,29613,29614,29615,29618,29619,29620,29621,29622,1,-1,2,-2,1,3,1,-1,-3,-1,2,2,5,2,2,-2,-2,-5,-2,-2
0,1,4937,4940,14811,14812,14813,14816,14817,14818,29623,29624,29625,29626,29627,29630,29631,29632,29633,29634,1,-1,2,-2,1,3,1,-1,-3,-1,2,2,5,2,2,-2,-2,-5,-2,-2
0,1,4939,4942,14817,14818,14819,14822,14823,14824,29635,29636,29637,29638,29639,29642,29643,29644,29645,29646,1,-1,2,-2,1,3,1,-1,-3,-1,2,2,5,2,2,-2,-2,-5,-2,-2
0,1,4941,4944,14823,14824,14825,14828,14829,14830,29647,29648,29649,29650,29651,29654,29655,29656,29657,29658,1,-1,2,-2,1,3,1,-1,-3,-1,2,2,5,2,2,-2,-2,-5,-2,-2
0,1,4943,4946,14829,14830,14831,14834,14835,14836,29659,29660,29661,29662,29663,29666,29667,29668,29669,29670,1,-1,2,-2,1,3,1,-1,-3,-1,2,2,5,2,2,-2,-2,-5,-2,-2
0,1,4945,4948,14835,14836,14837,14840,14841,14842,29671,29672,29673,29674,29675,29678,29679,29680,29681,29682,1,-1,2,-2,1,3,1,-1,-3,-1,2,2,5,2,2,-2,-2,-5,-2,-2
0,1,4947,4950,14841,14842,14843,14846,14847,14848,29683,29684,29685,29686,29687,29690,29691,29692,29693,29694,1,-1,2,-2,1,3,1,-1,-3,-1,2,2,5,2,2,-2,-2,-5,-2,-2
0,1,4949,4952,14847,14848,14849,14852,14853,14854,29695,29696,29697,29698,29699,29702,29703,29704,29705,29706,1,-1,2,-2,1,3,1,-1,-3,-1,2,2,5,2,2,-2,-2,-5,-2,-2
0,1,4951,4954,14853,14854,14855,14858,14859,14860,29707,29708,29709,29710,29711,29714,29715,29716,29717,29718,1,-1,2,-2,1,3,1,-1,-3,-1,2,2,5,2,2,-2,-2,-5,-2,-2
0,1,4953,4956,14859,14860,14861,14864,14865,14866,29719,29720,29721,29722,29723,29726,29727,29728,29729,29730,1,-1,2,-2,1,3,1,-1,-3,-1,2,2,5,2,2,-2,-2,-5,-2,-2
0,1,4955,4958,14865,14866,14867,14870,14871,14872,29731,29732,29733,29734,29735,29738,29739,29740,29741,29742,1,-1,2,-2,1,3,1,-1,-3,-1,2,2,5,2,2,-2,-2,-5,-2,-2
0,1,4957,4960,14871,14872,14873,14876,14877,14878,29743,29744,29745,29746,29747,29750,29751,29752,29753,29754,1,-1,2,-2,1,3,1,-1,-3,-1,2,2,5,2,2,-2,-2,-5,-2,-2
0,1,4959,4962,14877,14878,14879,14882,14883,14884,29755,29756,29757,29758,29759,29762,29763,29764,29765,29766,1,-1,2,-2,1,3,1,-1,-3,-1,2,2,5,2,2,-2,-2,-5,-2,-2
0,1,4961,4964,14883,14884,14885,14888,14889,14890,29767,29768,29769,29770,29771,29774,29775,29776,29777,29778,1,-1,2,-2,1,3,1,-1,-3,-1,2,2,5,2,2,-2,-2,-5,-2,-2
0,1,4963,4966,14889,14890,14891,14894,14895,14896,29779,29780,29781,29782,29783,29786,29787,29788,29789,29790,1,-1,2,-2,1,3,1,-1,-3,-1,2,2,5,2,2,-2,-2,-5,-2,-2
0,1,4965,4968,14895,14896,14897,14900,14901,14902,29791,29792,29793,29794,29795,29798,29799,29800,29801,29802,1,-1,2,-2,1,3,1,-1,-3,-1,2,2,5,2,2,-2,-2,-5,-2,-2
0,1,4967,4970,14901,14902,14903,14906,14907,14908,29803,29804,29805,29806,29807,29810,29811,29812,29813,29814,1,-1,2,-2,1,3,1,-1,-3,-1,2,2,5,2,2,-2,-2,-5,-2,-2
0,1,4969,4972,14907,14908,14909,14912,14913,14914,29815,29816,29817,29818,29819,29822,29823,29824,29825,29826,1,-1,2,-2,1,3,1,-1,-3,-1,2,2,5,2,2,-2,-2,-5,-2,-2
0,1,4971,4974,14913,14914,14915,14918,14919,14920,29827,29828,29829,29830,29831,29834,29835,29836,29837,29838,1,-1,2,-2,1,3,1,-1,-3,-1,2,2,5,2,2,-2,-2,-5,-2,-2
0,1,4973,4976,14919,14920,14921,14924,14925,14926,29839,29840,29841,29842,29843,29846,29847,29848,29849,29850,1,-1,2,-2,1,3,1,-1,-3,-1,2,2,5,2,2,-2,-2,-5,-2,-2
0,1,4975,4978,14925,14926,14927,14930,14931,14932,29851,29852,29853,29854,29855,29858,29859,29860,29861,29862,1,-1,2,-2,1,3,1,-1,-3,-1,2,2,5,2,2,-2,-2,-5,-2,-2
0,1,4977,4980,14931,14932,14933,14936,14937,14938,29863,29864,29865,29866,29867,29870,29871,29872,29873,29874,1,-1,2,-2,1,3,1,-1,-3,-1,2,2,5,2,2,-2,-2,-5,-2,-2
0,1,4979,4982,14937,14938,14939,14942,14943,14944,29875,29876,29877,29878,29879,29882,29883,29884,29885,29886,1,-1,2,-2,1,3,1,-1,-3,-1,2,2,5,2,2,-2,-2,-5,-2,-2
0,1,4981,4984,14943,14944,14945,14948,14949,14950,29887,29888,29889,29890,29891,29894,29895,29896,29897,29898,1,-1,2,-2,1,3,1,-1,-3,-1,2,2,5,2,2,-2,-2,-5,-2,-2
0,1,4983,4986,14949,14950,14951,14954,14955,14956,29899,29900,29901,29902,29903,29906,29907,29908,29909,29910,1,-1,2,-2,1,3,1,-1,-3,-1,2,2,5,2,2,-2,-2,-5,-2,-2
0,1,4985,4988,14955,14956,14957,14960,14961,14962,29911,29912,29913,29914,29915,29918,29919,29920,29921,29922,1,-1,2,-2,1,3,1,-1,-3,-1,2,2,5,2,2,-2,-2,-5,-2,-2
0,1,4987,4990,14961,14962,14963,14966,14967,14968,29923,29924,29925,29926,29927,29930,29931,29932,29933,29934,1,-1,2,-2,1,3,1,-1,-3,-1,2,2,5,2,2,-2,-2,-5,-2,-2
0,1,4989,4992,14967,14968,14969,14972,14973,14974,29935,29936,29937,29938,29939,29942,29943,29944,29945,29946,1,-1,2,-2,1,3,1,-1,-3,-1,2,2,5,2,2,-2,-2,-5,-2,-2
0,1,4991,4994,14973,14974,14975,14978,14979,14980,29947,29948,29949,29950,29951,29954,29955,29956,29957,29958,1,-1,2,-2,1,3,1,-1,-3,-1,2,2,5,2,2,-2,-2,-5,-2,-2
0,1,4993,4996,14979,14980,14981,14984,14985,14986,29959,29960,29961,29962,29963,29966,29967,29968,29969,29970,1,-1,2,-2,1,3,1,-1,-3,-1,2,2,5,2,2,-2,-2,-5,-2,-2
0,1,4995,4998,14985,14986,14987,14990,14991,14992,29971,29972,29973,29974,29975,29978,29979,29980,29981,29982,1,-1,2,-2,1,3,1,-1,-3,-1,2,2,5,2,2,-2,-2,-5,-2,-2
0,1,4997,5000,14991,14992,14993,14996,14997,14998,29983,29984,29985,29986,29987,29990,29991,29992,29993,29994,1,-1,2,-2,1,3,1,-1,-3,-1,2,2,5,2,2,-2,-2,-5,-2,-2
0,1,4999,5002,14997,14998,14999,15002,15003,15004,29995,29996,29997,29998,29999,30002,30003,30004,30005,30006,1,-1,2,-2,1,3,1,-1,-3,-1,2,2,5,2,2,-2,-2,-5,-2,-2
0,1,5001,5004,15003,15004,15005,15008,15009,15010,30007,30008,30009,30010,30011,30014,30015,30016,30017,30018,1,-1,2,-2,1,3,1,-1,-3,-1,2,2,5,2,2,-2,-2,-5,-2,-2
0,1,5003,5006,15009,15010,15011,15014,15015,15016,30019,30020,30021,30022,30023,30026,30027,30028,30029,30030,1,-1,2,-2,1,3,1,-1,-3,-1,2,2,5,2,2,-2,-2,-5,-2,-2
0,1,5005,5008,15015,15016,15017,15020,15021,15022,30031,30032,30033,30034,30035,30038,30039,30040,30041,30042,1,-1,2,-2,1,3,1,-1,-3,-1,2,2,5,2,2,-2,-2,-5,-2,-2
0,1,5007,5010,15021,15022,15023,15026,15027,15028,30043,30044,30045,30046,30047,30050,30051,30052,30053,30054,1,-1,2,-2,1,3,1,-1,-3,-1,2,2,5,2,2,-2,-2,-5,-2,-2
0,1,5009,5012,15027,15028,15029,15032,15033,15034,30055,30056,30057,30058,30059,30062,30063,30064,30065,30066,1,-1,2,-2,1,3,1,-1,-3,-1,2,2,5,2,2,-2,-2,-5,-2,-2
0,1,5011,5014,15033,15034,15035,15038,15039,15040,30067,30068,30069,30070,30071,30074,30075,30076,30077,30078,1,-1,2,-2,1,3,1,-1,-3,-1,2,2,5,2,2,-2,-2,-5,-2,-2
0,1,5013,5016,15039,15040,15041,15044,15045,15046,30079,30080,30081,30082,30083,30086,30087,30088,30089,30090,1,-1,2,-2,1,3,1,-1,-3,-1,2,2,5,2,2,-2,-2,-5,-2,-2
0,1,5015,5018,15045,15046,15047,15050,15051,15052,30091,30092,30093,30094,30095,30098,30099,30100,30101,30102,1,-1,2,-2,1,3,1,-1,-3,-1,2,2,5,2,2,-2,-2,-5,-2,-2
0,1,5017,5020,15051,15052,15053,15056,15057,15058,30103,30104,30105,30106,30107,30110,30111,30112,30113,30114,1,-1,2,-2,1,3,1,-1,-3,-1,2,2,5,2,2,-2,-2,-5,-2,-2
0,1,5019,5022,15057,15058,15059,15062,15063,15064,30115,30116,30117,30118,30119,30122,30123,30124,30125,30126,1,-1,2,-2,1,3,1,-1,-3,-1,2,2,5,2,2,-2,-2,-5,-2,-2
0,1,5021,5024,15063,15064,15065,15068,15069,15070,30127,30128,30129,30130,30131,30134,30135,30136,30137,30138,1,-1,2,-2,1,3,1,-1,-3,-1,2,2,5,2,2,-2,-2,-5,-2,-2
0,1,5023,5026,15069,15070,15071,15074,15075,15076,30139,30140,30141,30142,30143,30146,30147,30148,30149,30150,1,-1,2,-2,1,3,1,-1,-3,-1,2,2,5,2,2,-2,-2,-5,-2,-2
0,1,5025,5028,15075,15076,15077,15080,15081,15082,30151,30152,30153,30154,30155,30158,30159,30160,30161,30162,1,-1,2,-2,1,3,1,-1,-3,-1,2,2,5,2,2,-2,-2,-5,-2,-2
0,1,5027,5030,15081,15082,15083,15086,15087,15088,30163,30164,30165,30166,30167,30170,30171,30172,30173,30174,1,-1,2,-2,1,3,1,-1,-3,-1,2,2,5,2,2,-2,-2,-5,-2,-2
0,1,5029,5032,15087,15088,15089,15092,15093,15094,30175,30176,30177,30178,30179,30182,30183,30184,30185,30186,1,-1,2,-2,1,3,1,-1,-3,-1,2,2,5,2,2,-2,-2,-5,-2,-2
0,1,5031,5034,15093,15094,15095,15098,15099,15100,30187,30188,30189,30190,30191,30194,30195,30196,30197,30198,1,-1,2,-2,1,3,1,-1,-3,-1,2,2,5,2,2,-2,-2,-5,-2,-2
0,1,5033,5036,15099,15100,15101,15104,15105,15106,30199,30200,30201,30202,30203,30206,30207,30208,30209,30210,1,-1,2,-2,1,3,1,-1,-3,-1,2,2,5,2,2,-2,-2,-5,-2,-2
0,1,5035,5038,15105,15106,15107,15110,15111,15112,30211,30212,30213,30214,30215,30218,30219,30220,30221,30222,1,-1,2,-2,1,3,1,-1,-3,-1,2,2,5,2,2,-2,-2,-5,-2,-2
0,1,5037,5040,15111,15112,15113,15116,15117,15118,30223,30224,30225,30226,30227,30230,30231,30232,30233,30234,1,-1,2,-2,1,3,1,-1,-3,-1,2,2,5,2,2,-2,-2,-5,-2,-2
0,1,5039,5042,15117,15118,15119,15122,15123,15124,30235,30236,30237,30238,30239,30242,30243,30244,30245,30246,1,-1,2,-2,1,3,1,-1,-3,-1,2,2,5,2,2,-2,-2,-5,-2,-2
0,1,5041,5044,15123,15124,15125,15128,15129,15130,30247,30248,30249,30250,30251,30254,30255,30256,30257,30258,1,-1,2,-2,1,3,1,-1,-3,-1,2,2,5,2,2,-2,-2,-5,-2,-2
0,1,5043,5046,15129,15130,15131,15134,15135,15136,30259,30260,30261,30262,30263,30266,30267,30268,30269,30270,1,-1,2,-2,1,3,1,-1,-3,-1,2,2,5,2,2,-2,-2,-5,-2,-2
0,1,5045,5048,15135,15136,15137,15140,15141,15142,30271,30272,30273,30274,30275,30278,30279,30280,30281,30282,1,-1,2,-2,1,3,1,-1,-3,-1,2,2,5,2,2,-2,-2,-5,-2,-2
0,1,5047,5050,15141,15142,15143,15146,15147,15148,30283,30284,30285,30286,30287,30290,30291,30292,30293,30294,1,-1,2,-2,1,3,1,-1,-3,-1,2,2,5,2,2,-2,-2,-5,-2,-2
0,1,5049,5052,15147,15148,15149,15152,15153,15154,30295,30296,30297,30298,30299,30302,30303,30304,30305,30306,1,-1,2,-2,1,3,1,-1,-3,-1,2,2,5,2,2,-2,-2,-5,-2,-2
0,1,5051,5054,15153,15154,15155,15158,15159,15160,30307,30308,30309,30310,30311,30314,30315,30316,30317,30318,1,-1,2,-2,1,3,1,-1,-3,-1,2,2,5,2,2,-2,-2,-5,-2,-2
0,1,5053,5056,15159,15160,15161,15164,15165,15166,30319,30320,30321,30322,30323,30326,30327,30328,30329,30330,1,-1,2,-2,1,3,1,-1,-3,-1,2,2,5,2,2,-2,-2,-5,-2,-2
0,1,5055,5058,15165,15166,15167,15170,15171,15172,30331,30332,30333,30334,30335,30338,30339,30340,30341,30342,1,-1,2,-2,1,3,1,-1,-3,-1,2,2,5,2,2,-2,-2,-5,-2,-2
0,1,5057,5060,15171,15172,15173,15176,15177,15178,30343,30344,30345,30346,30347,30350,30351,30352,30353,30354,1,-1,2,-2,1,3,1,-1,-3,-1,2,2,5,2,2,-2,-2,-5,-2,-2
0,1,5059,5062,15177,15178,15179,15182,15183,15184,30355,30356,30357,30358,30359,30362,30363,30364,30365,30366,1,-1,2,-2,1,3,1,-1,-3,-1,2,2,5,2,2,-2,-2,-5,-2,-2
0,1,5061,5064,15183,15184,15185,15188,15189,15190,30367,30368,30369,30370,30371,30374,30375,30376,30377,30378,1,-1,2,-2,1,3,1,-1,-3,-1,2,2,5,2,2,-2,-2,-5,-2,-2
0,1,5063,5066,15189,15190,15191,15194,15195,15196,30379,30380,30381,30382,30383,30386,30387,30388,30389,30390,1,-1,2,-2,1,3,1,-1,-3,-1,2,2,5,2,2,-2,-2,-5,-2,-2
0,1,5065,5068,15195,15196,15197,15200,15201,15202,30391,30392,30393,30394,30395,30398,30399,30400,30401,30402,1,-1,2,-2,1,3,1,-1,-3,-1,2,2,5,2,2,-2,-2,-5,-2,-2
0,1,5067,5070,15201,15202,15203,15206,15207,15208,30403,30404,30405,30406,30407,30410,30411,30412,30413,30414,1,-1,2,-2,1,3,1,-1,-3,-1,2,2,5,2,2,-2,-2,-5,-2,-2
0,1,5069,5072,15207,15208,15209,15212,15213,15214,30415,30416,30417,30418,30419,30422,30423,30424,30425,30426,1,-1,2,-2,1,3,1,-1,-3,-1,2,2,5,2,2,-2,-2,-5,-2,-2
0,1,5071,5074,15213,15214,15215,15218,15219,15220,30427,30428,30429,30430,30431,30434,30435,30436,30437,30438,1,-1,2,-2,1,3,1,-1,-3,-1,2,2,5,2,2,-2,-2,-5,-2,-2
0,1,5073,5076,15219,15220,15221,15224,15225,15226,30439,30440,30441,30442,30443,30446,30447,30448,30449,30450,1,-1,2,-2,1,3,1,-1,-3,-1,2,2,5,2,2,-2,-2,-5,-2,-2
0,1,5075,5078,15225,15226,15227,15230,15231,15232,30451,30452,30453,30454,30455,30458,30459,30460,30461,30462,1,-1,2,-2,1,3,1,-1,-3,-1,2,2,5,2,2,-2,-2,-5,-2,-2
0,1,5077,5080,15231,15232,15233,15236,15237,15238,30463,30464,30465,30466,30467,30470,30471,30472,30473,30474,1,-1,2,-2,1,3,1,-1,-3,-1,2,2,5,2,2,-2,-2,-5,-2,-2
0,1,5079,5082,15237,15238,15239,15242,15243,15244,30475,30476,30477,30478,30479,30482,30483,30484,30485,30486,1,-1,2,-2,1,3,1,-1,-3,-1,2,2,5,2,2,-2,-2,-5,-2,-2
0,1,5081,5084,15243,15244,15245,15248,15249,15250,30487,30488,30489,30490,30491,30494,30495,30496,30497,30498,1,-1,2,-2,1,3,1,-1,-3,-1,2,2,5,2,2,-2,-2,-5,-2,-2
0,1,5083,5086,15249,15250,15251,15254,15255,15256,30499,30500,30501,30502,30503,30506,30507,30508,30509,30510,1,-1,2,-2,1,3,1,-1,-3,-1,2,2,5,2,2,-2,-2,-5,-2,-2
0,1,5085,5088,15255,15256,15257,15260,15261,15262,30511,30512,30513,30514,30515,30518,30519,30520,30521,30522,1,-1,2,-2,1,3,1,-1,-3,-1,2,2,5,2,2,-2,-2,-5,-2,-2
0,1,5087,5090,15261,15262,15263,15266,15267,15268,30523,30524,30525,30526,30527,30530,30531,30532,30533,30534,1,-1,2,-2,1,3,1,-1,-3,-1,2,2,5,2,2,-2,-2,-5,-2,-2
0,1,5089,5092,15267,15268,15269,15272,15273,15274,30535,30536,30537,30538,30539,30542,30543,30544,30545,30546,1,-1,2,-2,1,3,1,-1,-3,-1,2,2,5,2,2,-2,-2,-5,-2,-2
0,1,5091,5094,15273,15274,15275,15278,15279,15280,30547,30548,30549,30550,30551,30554,30555,30556,30557,30558,1,-1,2,-2,1,3,1,-1,-3,-1,2,2,5,2,2,-2,-2,-5,-2,-2
0,1,5093,5096,15279,15280,15281,15284,15285,15286,30559,30560,30561,30562,30563,30566,30567,30568,30569,30570,1,-1,2,-2,1,3,1,-1,-3,-1,2,2,5,2,2,-2,-2,-5,-2,-2
0,1,5095,5098,15285,15286,15287,15290,15291,15292,30571,30572,30573,30574,30575,30578,30579,30580,30581,30582,1,-1,2,-2,1,3,1,-1,-3,-1,2,2,5,2,2,-2,-2,-5,-2,-2
0,1,5097,5100,15291,15292,15293,15296,15297,15298,30583,30584,30585,30586,30587,30590,30591,30592,30593,30594,1,-1,2,-2,1,3,1,-1,-3,-1,2,2,5,2,2,-2,-2,-5,-2,-2
0,1,5099,5102,15297,15298,15299,15302,15303,15304,30595,30596,30597,30598,30599,30602,30603,30604,30605,30606,1,-1,2,-2,1,3,1,-1,-3,-1,2,2,5,2,2,-2,-2,-5,-2,-2
0,1,5101,5104,15303,15304,15305,15308,15309,15310,30607,30608,30609,30610,30611,30614,30615,30616,30617,30618,1,-1,2,-2,1,3,1,-1,-3,-1,2,2,5,2,2,-2,-2,-5,-2,-2
0,1,5103,5106,15309,15310,15311,15314,15315,15316,30619,30620,30621,30622,30623,30626,30627,30628,30629,30630,1,-1,2,-2,1,3,1,-1,-3,-1,2,2,5,2,2,-2,-2,-5,-2,-2
0,1,5105,5108,15315,15316,15317,15320,15321,15322,30631,30632,30633,30634,30635,30638,30639,30640,30641,30642,1,-1,2,-2,1,3,1,-1,-3,-1,2,2,5,2,2,-2,-2,-5,-2,-2
0,1,5107,5110,15321,15322,15323,15326,15327,15328,30643,30644,30645,30646,30647,30650,30651,30652,30653,30654,1,-1,2,-2,1,3,1,-1,-3,-1,2,2,5,2,2,-2,-2,-5,-2,-2
0,1,5109,5112,15327,15328,15329,15332,15333,15334,30655,30656,30657,30658,30659,30662,30663,30664,30665,30666,1,-1,2,-2,1,3,1,-1,-3,-1,2,2,5,2,2,-2,-2,-5,-2,-2
0,1,5111,5114,15333,15334,15335,15338,15339,15340,30667,30668,30669,30670,30671,30674,30675,30676,30677,30678,1,-1,2,-2,1,3,1,-1,-3,-1,2,2,5,2,2,-2,-2,-5,-2,-2
0,1,5113,5116,15339,15340,15341,15344,15345,15346,30679,30680,30681,30682,30683,30686,30687,30688,30689,30690,1,-1,2,-2,1,3,1,-1,-3,-1,2,2,5,2,2,-2,-2,-5,-2,-2
0,1,5115,5118,15345,15346,15347,15350,15351,15352,30691,30692,30693,30694,30695,30698,30699,30700,30701,30702,1,-1,2,-2,1,3,1,-1,-3,-1,2,2,5,2,2,-2,-2,-5,-2,-2
0,1,5117,5120,15351,15352,15353,15356,15357,15358,30703,30704,30705,30706,30707,30710,30711,30712,30713,30714,1,-1,2,-2,1,3,1,-1,-3,-1,2,2,5,2,2,-2,-2,-5,-2,-2
0,1,5119,5122,15357,15358,15359,15362,15363,15364,30715,30716,30717,30718,30719,30722,30723,30724,30725,30726,1,-1,2,-2,1,3,1,-1,-3,-1,2,2,5,2,2,-2,-2,-5,-2,-2
0,1,5121,5124,15363,15364,15365,15368,15369,15370,30727,30728,30729,30730,30731,30734,30735,30736,30737,30738,1,-1,2,-2,1,3,1,-1,-3,-1,2,2,5,2,2,-2,-2,-5,-2,-2
0,1,5123,5126,15369,15370,15371,15374,15375,15376,30739,30740,30741,30742,30743,30746,30747,30748,30749,30750,1,-1,2,-2,1,3,1,-1,-3,-1,2,2,5,2,2,-2,-2,-5,-2,-2
0,1,5125,5128,15375,15376,15377,15380,15381,15382,30751,30752,30753,30754,30755,30758,30759,30760,30761,30762,1,-1,2,-2,1,3,1,-1,-3,-1,2,2,5,2,2,-2,-2,-5,-2,-2
0,1,5127,5130,15381,15382,15383,15386,15387,15388,30763,30764,30765,30766,30767,30770,30771,30772,30773,30774,1,-1,2,-2,1,3,1,-1,-3,-1,2,2,5,2,2,-2,-2,-5,-2,-2
0,1,5129,5132,15387,15388,15389,15392,15393,15394,30775,30776,30777,30778,30779,30782,30783,30784,30785,30786,1,-1,2,-2,1,3,1,-1,-3,-1,2,2,5,2,2,-2,-2,-5,-2,-2
0,1,5131,5134,15393,15394,15395,15398,15399,15400,30787,30788,30789,30790,30791,30794,30795,30796,30797,30798,1,-1,2,-2,1,3,1,-1,-3,-1,2,2,5,2,2,-2,-2,-5,-2,-2
0,1,5133,5136,15399,15400,15401,15404,15405,15406,30799,30800,30801,30802,30803,30806,30807,30808,30809,30810,1,-1,2,-2,1,3,1,-1,-3,-1,2,2,5,2,2,-2,-2,-5,-2,-2
0,1,5135,5138,15405,15406,15407,15410,15411,15412,30811,30812,30813,30814,30815,30818,30819,30820,30821,30822,1,-1,2,-2,1,3,1,-1,-3,-1,2,2,5,2,2,-2,-2,-5,-2,-2
0,1,5137,5140,15411,15412,15413,15416,15417,15418,30823,30824,30825,30826,30827,30830,30831,30832,30833,30834,1,-1,2,-2,1,3,1,-1,-3,-1,2,2,5,2,2,-2,-2,-5,-2,-2
0,1,5139,5142,15417,15418,15419,15422,15423,15424,30835,30836,30837,30838,30839,30842,30843,30844,30845,30846,1,-1,2,-2,1,3,1,-1,-3,-1,2,2,5,2,2,-2,-2,-5,-2,-2
0,1,5141,5144,15423,15424,15425,15428,15429,15430,30847,30848,30849,30850,30851,30854,30855,30856,30857,30858,1,-1,2,-2,1,3,1,-1,-3,-1,2,2,5,2,2,-2,-2,-5,-2,-2
0,1,5143,5146,15429,15430,15431,15434,15435,15436,30859,30860,30861,30862,30863,30866,30867,30868,30869,30870,1,-1,2,-2,1,3,1,-1,-3,-1,2,2,5,2,2,-2,-2,-5,-2,-2
0,1,5145,5148,15435,15436,15437,15440,15441,15442,30871,30872,30873,30874,30875,30878,30879,30880,30881,30882,1,-1,2,-2,1,3,1,-1,-3,-1,2,2,5,2,2,-2,-2,-5,-2,-2
0,1,5147,5150,15441,15442,15443,15446,15447,15448,30883,30884,30885,30886,30887,30890,30891,30892,30893,30894,1,-1,2,-2,1,3,1,-1,-3,-1,2,2,5,2,2,-2,-2,-5,-2,-2
0,1,5149,5152,15447,15448,15449,15452,15453,15454,30895,30896,30897,30898,30899,30902,30903,30904,30905,30906,1,-1,2,-2,1,3,1,-1,-3,-1,2,2,5,2,2,-2,-2,-5,-2,-2
0,1,5151,5154,15453,15454,15455,15458,15459,15460,30907,30908,30909,30910,30911,30914,30915,30916,30917,30918,1,-1,2,-2,1,3,1,-1,-3,-1,2,2,5,2,2,-2,-2,-5,-2,-2
0,1,5153,5156,15459,15460,15461,15464,15465,15466,30919,30920,30921,30922,30923,30926,30927,30928,30929,30930,1,-1,2,-2,1,3,1,-1,-3,-1,2,2,5,2,2,-2,-2,-5,-2,-2
0,1,5155,5158,15465,15466,15467,15470,15471,15472,30931,30932,30933,30934,30935,30938,30939,30940,30941,30942,1,-1,2,-2,1,3,1,-1,-3,-1,2,2,5,2,2,-2,-2,-5,-2,-2
0,1,5157,5160,15471,15472,15473,15476,15477,15478,30943,30944,30945,30946,30947,30950,30951,30952,30953,30954,1,-1,2,-2,1,3,1,-1,-3,-1,2,2,5,2,2,-2,-2,-5,-2,-2
0,1,5159,5162,15477,15478,15479,15482,15483,15484,30955,30956,30957,30958,30959,30962,30963,30964,30965,30966,1,-1,2,-2,1,3,1,-1,-3,-1,2,2,5,2,2,-2,-2,-5,-2,-2
0,1,5161,5164,15483,15484,15485,15488,15489,15490,30967,30968,30969,30970,30971,30974,30975,30976,30977,30978,1,-1,2,-2,1,3,1,-1,-3,-1,2,2,5,2,2,-2,-2,-5,-2,-2
0,1,5163,5166,15489,15490,15491,15494,15495,15496,30979,30980,30981,30982,30983,30986,30987,30988,30989,30990,1,-1,2,-2,1,3,1,-1,-3,-1,2,2,5,2,2,-2,-2,-5,-2,-2
0,1,5165,5168,15495,15496,15497,15500,15501,15502,30991,30992,30993,30994,30995,30998,30999,31000,31001,31002,1,-1,2,-2,1,3,1,-1,-3,-1,2,2,5,2,2,-2,-2,-5,-2,-2
0,1,5167,5170,15501,15502,15503,15506,15507,15508,31003,31004,31005,31006,31007,31010,31011,31012,31013,31014,1,-1,2,-2,1,3,1,-1,-3,-1,2,2,5,2,2,-2,-2,-5,-2,-2
0,1,5169,5172,15507,15508,15509,15512,15513,15514,31015,31016,31017,31018,31019,31022,31023,31024,31025,31026,1,-1,2,-2,1,3,1,-1,-3,-1,2,2,5,2,2,-2,-2,-5,-2,-2
0,1,5171,5174,15513,15514,15515,15518,15519,15520,31027,31028,31029,31030,31031,31034,31035,31036,31037,31038,1,-1,2,-2,1,3,1,-1,-3,-1,2,2,5,2,2,-2,-2,-5,-2,-2
0,1,5173,5176,15519,15520,15521,15524,15525,15526,31039,31040,31041,31042,31043,31046,31047,31048,31049,31050,1,-1,2,-2,1,3,1,-1,-3,-1,2,2,5,2,2,-2,-2,-5,-2,-2
0,1,5175,5178,15525,15526,15527,15530,15531,15532,31051,31052,31053,31054,31055,31058,31059,31060,31061,31062,1,-1,2,-2,1,3,1,-1,-3,-1,2,2,5,2,2,-2,-2,-5,-2,-2
0,1,5177,5180,15531,15532,15533,15536,15537,15538,31063,31064,31065,31066,31067,31070,31071,31072,31073,31074,1,-1,2,-2,1,3,1,-1,-3,-1,2,2,5,2,2,-2,-2,-5,-2,-2
0,1,5179,5182,15537,15538,15539,15542,15543,15544,31075,31076,31077,31078,31079,31082,31083,31084,31085,31086,1,-1,2,-2,1,3,1,-1,-3,-1,2,2,5,2,2,-2,-2,-5,-2,-2
0,1,5181,5184,15543,15544,15545,15548,15549,15550,31087,31088,31089,31090,31091,31094,31095,31096,31097,31098,1,-1,2,-2,1,3,1,-1,-3,-1,2,2,5,2,2,-2,-2,-5,-2,-2
0,1,5183,5186,15549,15550,15551,15554,15555,15556,31099,31100,31101,31102,31103,31106,31107,31108,31109,31110,1,-1,2,-2,1,3,1,-1,-3,-1,2,2,5,2,2,-2,-2,-5,-2,-2
0,1,5185,5188,15555,15556,15557,15560,15561,15562,31111,31112,31113,31114,31115,31118,31119,31120,31121,31122,1,-1,2,-2,1,3,1,-1,-3,-1,2,2,5,2,2,-2,-2,-5,-2,-2
0,1,5187,5190,15561,15562,15563,15566,15567,15568,31123,31124,31125,31126,31127,31130,31131,31132,31133,31134,1,-1,2,-2,1,3,1,-1,-3,-1,2,2,5,2,2,-2,-2,-5,-2,-2
0,1,5189,5192,15567,15568,15569,15572,15573,15574,31135,31136,31137,31138,31139,31142,31143,31144,31145,31146,1,-1,2,-2,1,3,1,-1,-3,-1,2,2,5,2,2,-2,-2,-5,-2,-2
0,1,5191,5194,15573,15574,15575,15578,15579,15580,31147,31148,31149,31150,31151,31154,31155,31156,31157,31158,1,-1,2,-2,1,3,1,-1,-3,-1,2,2,5,2,2,-2,-2,-5,-2,-2
0,1,5193,5196,15579,15580,15581,15584,15585,15586,31159,31160,31161,31162,31163,31166,31167,31168,31169,31170,1,-1,2,-2,1,3,1,-1,-3,-1,2,2,5,2,2,-2,-2,-5,-2,-2
0,1,5195,5198,15585,15586,15587,15590,15591,15592,31171,31172,31173,31174,31175,31178,31179,31180,31181,31182,1,-1,2,-2,1,3,1,-1,-3,-1,2,2,5,2,2,-2,-2,-5,-2,-2
0,1,5197,5200,15591,15592,15593,15596,15597,15598,31183,31184,31185,31186,31187,31190,31191,31192,31193,31194,1,-1,2,-2,1,3,1,-1,-3,-1,2,2,5,2,2,-2,-2,-5,-2,-2
0,1,5199,5202,15597,15598,15599,15602,15603,15604,31195,31196,31197,31198,31199,31202,31203,31204,31205,31206,1,-1,2,-2,1,3,1,-1,-3,-1,2,2,5,2,2,-2,-2,-5,-2,-2
0,1,5201,5204,15603,15604,15605,15608,15609,15610,31207,31208,31209,31210,31211,31214,31215,31216,31217,31218,1,-1,2,-2,1,3,1,-1,-3,-1,2,2,5,2,2,-2,-2,-5,-2,-2
0,1,5203,5206,15609,15610,15611,15614,15615,15616,31219,31220,31221,31222,31223,31226,31227,31228,31229,31230,1,-1,2,-2,1,3,1,-1,-3,-1,2,2,5,2,2,-2,-2,-5,-2,-2
0,1,5205,5208,15615,15616,15617,15620,15621,15622,31231,31232,31233,31234,31235,31238,31239,31240,31241,31242,1,-1,2,-2,1,3,1,-1,-3,-1,2,2,5,2,2,-2,-2,-5,-2,-2
0,1,5207,5210,15621,15622,15623,15626,15627,15628,31243,31244,31245,31246,31247,31250,31251,31252,31253,31254,1,-1,2,-2,1,3,1,-1,-3,-1,2,2,5,2,2,-2,-2,-5,-2,-2
0,1,5209,5212,15627,15628,15629,15632,15633,15634,31255,31256,31257,31258,31259,31262,31263,31264,31265,31266,1,-1,2,-2,1,3,1,-1,-3,-1,2,2,5,2,2,-2,-2,-5,-2,-2
0,1,5211,5214,15633,15634,15635,15638,15639,15640,31267,31268,31269,31270,31271,31274,31275,31276,31277,31278,1,-1,2,-2,1,3,1,-1,-3,-1,2,2,5,2,2,-2,-2,-5,-2,-2
0,1,5213,5216,15639,15640,15641,15644,15645,15646,31279,31280,31281,31282,31283,31286,31287,31288,31289,31290,1,-1,2,-2,1,3,1,-1,-3,-1,2,2,5,2,2,-2,-2,-5,-2,-2
0,1,5215,5218,15645,15646,15647,15650,15651,15652,31291,31292,31293,31294,31295,31298,31299,31300,31301,31302,1,-1,2,-2,1,3,1,-1,-3,-1,2,2,5,2,2,-2,-2,-5,-2,-2
0,1,5217,5220,15651,15652,15653,15656,15657,15658,31303,31304,31305,31306,31307,31310,31311,31312,31313,31314,1,-1,2,-2,1,3,1,-1,-3,-1,2,2,5,2,2,-2,-2,-5,-2,-2
0,1,5219,5222,15657,15658,15659,15662,15663,15664,31315,31316,31317,31318,31319,31322,31323,31324,31325,31326,1,-1,2,-2,1,3,1,-1,-3,-1,2,2,5,2,2,-2,-2,-5,-2,-2
0,1,5221,5224,15663,15664,15665,15668,15669,15670,31327,31328,31329,31330,31331,31334,31335,31336,31337,31338,1,-1,2,-2,1,3,1,-1,-3,-1,2,2,5,2,2,-2,-2,-5,-2,-2
0,1,5223,5226,15669,15670,15671,15674,15675,15676,31339,31340,31341,31342,31343,31346,31347,31348,31349,31350,1,-1,2,-2,1,3,1,-1,-3,-1,2,2,5,2,2,-2,-2,-5,-2,-2
0,1,5225,5228,15675,15676,15677,15680,15681,15682,31351,31352,31353,31354,31355,31358,31359,31360,31361,31362,1,-1,2,-2,1,3,1,-1,-3,-1,2,2,5,2,2,-2,-2,-5,-2,-2
0,1,5227,5230,15681,15682,15683,15686,15687,15688,31363,31364,31365,31366,31367,31370,31371,31372,31373,31374,1,-1,2,-2,1,3,1,-1,-3,-1,2,2,5,2,2,-2,-2,-5,-2,-2
0,1,5229,5232,15687,15688,15689,15692,15693,15694,31375,31376,31377,31378,31379,31382,31383,31384,31385,31386,1,-1,2,-2,1,3,1,-1,-3,-1,2,2,5,2,2,-2,-2,-5,-2,-2
0,1,5231,5234,15693,15694,15695,15698,15699,15700,31387,31388,31389,31390,31391,31394,31395,31396,31397,31398,1,-1,2,-2,1,3,1,-1,-3,-1,2,2,5,2,2,-2,-2,-5,-2,-2
0,1,5233,5236,15699,15700,15701,15704,15705,15706,31399,31400,31401,31402,31403,31406,31407,31408,31409,31410,1,-1,2,-2,1,3,1,-1,-3,-1,2,2,5,2,2,-2,-2,-5,-2,-2
0,1,5235,5238,15705,15706,15707,15710,15711,15712,31411,31412,31413,31414,31415,31418,31419,31420,31421,31422,1,-1,2,-2,1,3,1,-1,-3,-1,2,2,5,2,2,-2,-2,-5,-2,-2
0,1,5237,5240,15711,15712,15713,15716,15717,15718,31423,31424,31425,31426,31427,31430,31431,31432,31433,31434,1,-1,2,-2,1,3,1,-1,-3,-1,2,2,5,2,2,-2,-2,-5,-2,-2
0,1,5239,5242,15717,15718,15719,15722,15723,15724,31435,31436,31437,31438,31439,31442,31443,31444,31445,31446,1,-1,2,-2,1,3,1,-1,-3,-1,2,2,5,2,2,-2,-2,-5,-2,-2
0,1,5241,5244,15723,15724,15725,15728,15729,15730,31447,31448,31449,31450,31451,31454,31455,31456,31457,31458,1,-1,2,-2,1,3,1,-1,-3,-1,2,2,5,2,2,-2,-2,-5,-2,-2
0,1,5243,5246,15729,15730,15731,15734,15735,15736,31459,31460,31461,31462,31463,31466,31467,31468,31469,31470,1,-1,2,-2,1,3,1,-1,-3,-1,2,2,5,2,2,-2,-2,-5,-2,-2
0,1,5245,5248,15735,15736,15737,15740,15741,15742,31471,31472,31473,31474,31475,31478,31479,31480,31481,31482,1,-1,2,-2,1,3,1,-1,-3,-1,2,2,5,2,2,-2,-2,-5,-2,-2
0,1,5247,5250,15741,15742,15743,15746,15747,15748,31483,31484,31485,31486,31487,31490,31491,31492,31493,31494,1,-1,2,-2,1,3,1,-1,-3,-1,2,2,5,2,2,-2,-2,-5,-2,-2
0,1,5249,5252,15747,15748,15749,15752,15753,15754,31495,31496,31497,31498,31499,31502,31503,31504,31505,31506,1,-1,2,-2,1,3,1,-1,-3,-1,2,2,5,2,2,-2,-2,-5,-2,-2
0,1,5251,5254,15753,15754,15755,15758,15759,15760,31507,31508,31509,31510,31511,31514,31515,31516,31517,31518,1,-1,2,-2,1,3,1,-1,-3,-1,2,2,5,2,2,-2,-2,-5,-2,-2
0,1,5253,5256,15759,15760,15761,15764,15765,15766,31519,31520,31521,31522,31523,31526,31527,31528,31529,31530,1,-1,2,-2,1,3,1,-1,-3,-1,2,2,5,2,2,-2,-2,-5,-2,-2
0,1,5255,5258,15765,15766,15767,15770,15771,15772,31531,31532,31533,31534,31535,31538,31539,31540,31541,31542,1,-1,2,-2,1,3,1,-1,-3,-1,2,2,5,2,2,-2,-2,-5,-2,-2
0,1,5257,5260,15771,15772,15773,15776,15777,15778,31543,31544,31545,31546,31547,31550,31551,31552,31553,31554,1,-1,2,-2,1,3,1,-1,-3,-1,2,2,5,2,2,-2,-2,-5,-2,-2
0,1,5259,5262,15777,15778,15779,15782,15783,15784,31555,31556,31557,31558,31559,31562,31563,31564,31565,31566,1,-1,2,-2,1,3,1,-1,-3,-1,2,2,5,2,2,-2,-2,-5,-2,-2
0,1,5261,5264,15783,15784,15785,15788,15789,15790,31567,31568,31569,31570,31571,31574,31575,31576,31577,31578,1,-1,2,-2,1,3,1,-1,-3,-1,2,2,5,2,2,-2,-2,-5,-2,-2
0,1,5263,5266,15789,15790,15791,15794,15795,15796,31579,31580,31581,31582,31583,31586,31587,31588,31589,31590,1,-1,2,-2,1,3,1,-1,-3,-1,2,2,5,2,2,-2,-2,-5,-2,-2
0,1,5265,5268,15795,15796,15797,15800,15801,15802,31591,31592,31593,31594,31595,31598,31599,31600,31601,31602,1,-1,2,-2,1,3,1,-1,-3,-1,2,2,5,2,2,-2,-2,-5,-2,-2
0,1,5267,5270,15801,15802,15803,15806,15807,15808,31603,31604,31605,31606,31607,31610,31611,31612,31613,31614,1,-1,2,-2,1,3,1,-1,-3,-1,2,2,5,2,2,-2,-2,-5,-2,-2
0,1,5269,5272,15807,15808,15809,15812,15813,15814,31615,31616,31617,31618,31619,31622,31623,31624,31625,31626,1,-1,2,-2,1,3,1,-1,-3,-1,2,2,5,2,2,-2,-2,-5,-2,-2
0,1,5271,5274,15813,15814,15815,15818,15819,15820,31627,31628,31629,31630,31631,31634,31635,31636,31637,31638,1,-1,2,-2,1,3,1,-1,-3,-1,2,2,5,2,2,-2,-2,-5,-2,-2
0,1,5273,5276,15819,15820,15821,15824,15825,15826,31639,31640,31641,31642,31643,31646,31647,31648,31649,31650,1,-1,2,-2,1,3,1,-1,-3,-1,2,2,5,2,2,-2,-2,-5,-2,-2
0,1,5275,5278,15825,15826,15827,15830,15831,15832,31651,31652,31653,31654,31655,31658,31659,31660,31661,31662,1,-1,2,-2,1,3,1,-1,-3,-1,2,2,5,2,2,-2,-2,-5,-2,-2
0,1,5277,5280,15831,15832,15833,15836,15837,15838,31663,31664,31665,31666,31667,31670,31671,31672,31673,31674,1,-1,2,-2,1,3,1,-1,-3,-1,2,2,5,2,2,-2,-2,-5,-2,-2
0,1,5279,5282,15837,15838,15839,15842,15843,15844,31675,31676,31677,31678,31679,31682,31683,31684,31685,31686,1,-1,2,-2,1,3,1,-1,-3,-1,2,2,5,2,2,-2,-2,-5,-2,-2
0,1,5281,5284,15843,15844,15845,15848,15849,15850,31687,31688,31689,31690,31691,31694,31695,31696,31697,31698,1,-1,2,-2,1,3,1,-1,-3,-1,2,2,5,2,2,-2,-2,-5,-2,-2
0,1,5283,5286,15849,15850,15851,15854,15855,15856,31699,31700,31701,31702,31703,31706,31707,31708,31709,31710,1,-1,2,-2,1,3,1,-1,-3,-1,2,2,5,2,2,-2,-2,-5,-2,-2
0,1,5285,5288,15855,15856,15857,15860,15861,15862,31711,31712,31713,31714,31715,31718,31719,31720,31721,31722,1,-1,2,-2,1,3,1,-1,-3,-1,2,2,5,2,2,-2,-2,-5,-2,-2
0,1,5287,5290,15861,15862,15863,15866,15867,15868,31723,31724,31725,31726,31727,31730,31731,31732,31733,31734,1,-1,2,-2,1,3,1,-1,-3,-1,2,2,5,2,2,-2,-2,-5,-2,-2
0,1,5289,5292,15867,15868,15869,15872,15873,15874,31735,31736,31737,31738,31739,31742,31743,31744,31745,31746,1,-1,2,-2,1,3,1,-1,-3,-1,2,2,5,2,2,-2,-2,-5,-2,-2
0,1,5291,5294,15873,15874,15875,15878,15879,15880,31747,31748,31749,31750,31751,31754,31755,31756,31757,31758,1,-1,2,-2,1,3,1,-1,-3,-1,2,2,5,2,2,-2,-2,-5,-2,-2
0,1,5293,5296,15879,15880,15881,15884,15885,15886,31759,31760,31761,31762,31763,31766,31767,31768,31769,31770,1,-1,2,-2,1,3,1,-1,-3,-1,2,2,5,2,2,-2,-2,-5,-2,-2
0,1,5295,5298,15885,15886,15887,15890,15891,15892,31771,31772,31773,31774,31775,31778,31779,31780,31781,31782,1,-1,2,-2,1,3,1,-1,-3,-1,2,2,5,2,2,-2,-2,-5,-2,-2
0,1,5297,5300,15891,15892,15893,15896,15897,15898,31783,31784,31785,31786,31787,31790,31791,31792,31793,31794,1,-1,2,-2,1,3,1,-1,-3,-1,2,2,5,2,2,-2,-2,-5,-2,-2
0,1,5299,5302,15897,15898,15899,15902,15903,15904,31795,31796,31797,31798,31799,31802,31803,31804,31805,31806,1,-1,2,-2,1,3,1,-1,-3,-1,2,2,5,2,2,-2,-2,-5,-2,-2
0,1,5301,5304,15903,15904,15905,15908,15909,15910,31807,31808,31809,31810,31811,31814,31815,31816,31817,31818,1,-1,2,-2,1,3,1,-1,-3,-1,2,2,5,2,2,-2,-2,-5,-2,-2
0,1,5303,5306,15909,15910,15911,15914,15915,15916,31819,31820,31821,31822,31823,31826,31827,31828,31829,31830,1,-1,2,-2,1,3,1,-1,-3,-1,2,2,5,2,2,-2,-2,-5,-2,-2
0,1,5305,5308,15915,15916,15917,15920,15921,15922,31831,31832,31833,31834,31835,31838,31839,31840,31841,31842,1,-1,2,-2,1,3,1,-1,-3,-1,2,2,5,2,2,-2,-2,-5,-2,-2
0,1,5307,5310,15921,15922,15923,15926,15927,15928,31843,31844,31845,31846,31847,31850,31851,31852,31853,31854,1,-1,2,-2,1,3,1,-1,-3,-1,2,2,5,2,2,-2,-2,-5,-2,-2
0,1,5309,5312,15927,15928,15929,15932,15933,15934,31855,31856,31857,31858,31859,31862,31863,31864,31865,31866,1,-1,2,-2,1,3,1,-1,-3,-1,2,2,5,2,2,-2,-2,-5,-2,-2
0,1,5311,5314,15933,15934,15935,15938,15939,15940,31867,31868,31869,31870,31871,31874,31875,31876,31877,31878,1,-1,2,-2,1,3,1,-1,-3,-1,2,2,5,2,2,-2,-2,-5,-2,-2
0,1,5313,5316,15939,15940,15941,15944,15945,15946,31879,31880,31881,31882,31883,31886,31887,31888,31889,31890,1,-1,2,-2,1,3,1,-1,-3,-1,2,2,5,2,2,-2,-2,-5,-2,-2
0,1,5315,5318,15945,15946,15947,15950,15951,15952,31891,31892,31893,31894,31895,31898,31899,31900,31901,31902,1,-1,2,-2,1,3,1,-1,-3,-1,2,2,5,2,2,-2,-2,-5,-2,-2
0,1,5317,5320,15951,15952,15953,15956,15957,15958,31903,31904,31905,31906,31907,31910,31911,31912,31913,31914,1,-1,2,-2,1,3,1,-1,-3,-1,2,2,5,2,2,-2,-2,-5,-2,-2
0,1,5319,5322,15957,15958,15959,15962,15963,15964,31915,31916,31917,31918,31919,31922,31923,31924,31925,31926,1,-1,2,-2,1,3,1,-1,-3,-1,2,2,5,2,2,-2,-2,-5,-2,-2
0,1,5321,5324,15963,15964,15965,15968,15969,15970,31927,31928,31929,31930,31931,31934,31935,31936,31937,31938,1,-1,2,-2,1,3,1,-1,-3,-1,2,2,5,2,2,-2,-2,-5,-2,-2
0,1,5323,5326,15969,15970,15971,15974,15975,15976,31939,31940,31941,31942,31943,31946,31947,31948,31949,31950,1,-1,2,-2,1,3,1,-1,-3,-1,2,2,5,2,2,-2,-2,-5,-2,-2
0,1,5325,5328,15975,15976,15977,15980,15981,15982,31951,31952,31953,31954,31955,31958,31959,31960,31961,31962,1,-1,2,-2,1,3,1,-1,-3,-1,2,2,5,2,2,-2,-2,-5,-2,-2
0,1,5327,5330,15981,15982,15983,15986,15987,15988,31963,31964,31965,31966,31967,31970,31971,31972,31973,31974,1,-1,2,-2,1,3,1,-1,-3,-1,2,2,5,2,2,-2,-2,-5,-2,-2
0,1,5329,5332,15987,15988,15989,15992,15993,15994,31975,31976,31977,31978,31979,31982,31983,31984,31985,31986,1,-1,2,-2,1,3,1,-1,-3,-1,2,2,5,2,2,-2,-2,-5,-2,-2
0,1,5331,5334,15993,15994,15995,15998,15999,16000,31987,31988,31989,31990,31991,31994,31995,31996,31997,31998,1,-1,2,-2,1,3,1,-1,-3,-1,2,2,5,2,2,-2,-2,-5,-2,-2
0,1,5333,5336,15999,16000,16001,16004,16005,16006,31999,32000,32001,32002,32003,32006,32007,32008,32009,32010,1,-1,2,-2,1,3,1,-1,-3,-1,2,2,5,2,2,-2,-2,-5,-2,-2
0,1,5335,5338,16005,16006,16007,16010,16011,16012,32011,32012,32013,32014,32015,32018,32019,32020,32021,32022,1,-1,2,-2,1,3,1,-1,-3,-1,2,2,5,2,2,-2,-2,-5,-2,-2
0,1,5337,5340,16011,16012,16013,16016,16017,16018,32023,32024,32025,32026,32027,32030,32031,32032,32033,32034,1,-1,2,-2,1,3,1,-1,-3,-1,2,2,5,2,2,-2,-2,-5,-2,-2
0,1,5339,5342,16017,16018,16019,16022,16023,16024,32035,32036,32037,32038,32039,32042,32043,32044,32045,32046,1,-1,2,-2,1,3,1,-1,-3,-1,2,2,5,2,2,-2,-2,-5,-2,-2
0,1,5341,5344,16023,16024,16025,16028,16029,16030,32047,32048,32049,32050,32051,32054,32055,32056,32057,32058,1,-1,2,-2,1,3,1,-1,-3,-1,2,2,5,2,2,-2,-2,-5,-2,-2
0,1,5343,5346,16029,16030,16031,16034,16035,16036,32059,32060,32061,32062,32063,32066,32067,32068,32069,32070,1,-1,2,-2,1,3,1,-1,-3,-1,2,2,5,2,2,-2,-2,-5,-2,-2
0,1,5345,5348,16035,16036,16037,16040,16041,16042,32071,32072,32073,32074,32075,32078,32079,32080,32081,32082,1,-1,2,-2,1,3,1,-1,-3,-1,2,2,5,2,2,-2,-2,-5,-2,-2
0,1,5347,5350,16041,16042,16043,16046,16047,16048,32083,32084,32085,32086,32087,32090,32091,32092,32093,32094,1,-1,2,-2,1,3,1,-1,-3,-1,2,2,5,2,2,-2,-2,-5,-2,-2
0,1,5349,5352,16047,16048,16049,16052,16053,16054,32095,32096,32097,32098,32099,32102,32103,32104,32105,32106,1,-1,2,-2,1,3,1,-1,-3,-1,2,2,5,2,2,-2,-2,-5,-2,-2
0,1,5351,5354,16053,16054,16055,16058,16059,16060,32107,32108,32109,32110,32111,32114,32115,32116,32117,32118,1,-1,2,-2,1,3,1,-1,-3,-1,2,2,5,2,2,-2,-2,-5,-2,-2
0,1,5353,5356,16059,16060,16061,16064,16065,16066,32119,32120,32121,32122,32123,32126,32127,32128,32129,32130,1,-1,2,-2,1,3,1,-1,-3,-1,2,2,5,2,2,-2,-2,-5,-2,-2
0,1,5355,5358,16065,16066,16067,16070,16071,16072,32131,32132,32133,32134,32135,32138,32139,32140,32141,32142,1,-1,2,-2,1,3,1,-1,-3,-1,2,2,5,2,2,-2,-2,-5,-2,-2
0,1,5357,5360,16071,16072,16073,16076,16077,16078,32143,32144,32145,32146,32147,32150,32151,32152,32153,32154,1,-1,2,-2,1,3,1,-1,-3,-1,2,2,5,2,2,-2,-2,-5,-2,-2
0,1,5359,5362,16077,16078,16079,16082,16083,16084,32155,32156,32157,32158,32159,32162,32163,32164,32165,32166,1,-1,2,-2,1,3,1,-1,-3,-1,2,2,5,2,2,-2,-2,-5,-2,-2
0,1,5361,5364,16083,16084,16085,16088,16089,16090,32167,32168,32169,32170,32171,32174,32175,32176,32177,32178,1,-1,2,-2,1,3,1,-1,-3,-1,2,2,5,2,2,-2,-2,-5,-2,-2
0,1,5363,5366,16089,16090,16091,16094,16095,16096,32179,32180,32181,32182,32183,32186,32187,32188,32189,32190,1,-1,2,-2,1,3,1,-1,-3,-1,2,2,5,2,2,-2,-2,-5,-2,-2
0,1,5365,5368,16095,16096,16097,16100,16101,16102,32191,32192,32193,32194,32195,32198,32199,32200,32201,32202,1,-1,2,-2,1,3,1,-1,-3,-1,2,2,5,2,2,-2,-2,-5,-2,-2
0,1,5367,5370,16101,16102,16103,16106,16107,16108,32203,32204,32205,32206,32207,32210,32211,32212,32213,32214,1,-1,2,-2,1,3,1,-1,-3,-1,2,2,5,2,2,-2,-2,-5,-2,-2
0,1,5369,5372,16107,16108,16109,16112,16113,16114,32215,32216,32217,32218,32219,32222,32223,32224,32225,32226,1,-1,2,-2,1,3,1,-1,-3,-1,2,2,5,2,2,-2,-2,-5,-2,-2
0,1,5371,5374,16113,16114,16115,16118,16119,16120,32227,32228,32229,32230,32231,32234,32235,32236,32237,32238,1,-1,2,-2,1,3,1,-1,-3,-1,2,2,5,2,2,-2,-2,-5,-2,-2
0,1,5373,5376,16119,16120,16121,16124,16125,16126,32239,32240,32241,32242,32243,32246,32247,32248,32249,32250,1,-1,2,-2,1,3,1,-1,-3,-1,2,2,5,2,2,-2,-2,-5,-2,-2
0,1,5375,5378,16125,16126,16127,16130,16131,16132,32251,32252,32253,32254,32255,32258,32259,32260,32261,32262,1,-1,2,-2,1,3,1,-1,-3,-1,2,2,5,2,2,-2,-2,-5,-2,-2
0,1,5377,5380,16131,16132,16133,16136,16137,16138,32263,32264,32265,32266,32267,32270,32271,32272,32273,32274,1,-1,2,-2,1,3,1,-1,-3,-1,2,2,5,2,2,-2,-2,-5,-2,-2
0,1,5379,5382,16137,16138,16139,16142,16143,16144,32275,32276,32277,32278,32279,32282,32283,32284,32285,32286,1,-1,2,-2,1,3,1,-1,-3,-1,2,2,5,2,2,-2,-2,-5,-2,-2
0,1,5381,5384,16143,16144,16145,16148,16149,16150,32287,32288,32289,32290,32291,32294,32295,32296,32297,32298,1,-1,2,-2,1,3,1,-1,-3,-1,2,2,5,2,2,-2,-2,-5,-2,-2
0,1,5383,5386,16149,16150,16151,16154,16155,16156,32299,32300,32301,32302,32303,32306,32307,32308,32309,32310,1,-1,2,-2,1,3,1,-1,-3,-1,2,2,5,2,2,-2,-2,-5,-2,-2
0,1,5385,5388,16155,16156,16157,16160,16161,16162,32311,32312,32313,32314,32315,32318,32319,32320,32321,32322,1,-1,2,-2,1,3,1,-1,-3,-1,2,2,5,2,2,-2,-2,-5,-2,-2
0,1,5387,5390,16161,16162,16163,16166,16167,16168,32323,32324,32325,32326,32327,32330,32331,32332,32333,32334,1,-1,2,-2,1,3,1,-1,-3,-1,2,2,5,2,2,-2,-2,-5,-2,-2
0,1,5389,5392,16167,16168,16169,16172,16173,16174,32335,32336,32337,32338,32339,32342,32343,32344,32345,32346,1,-1,2,-2,1,3,1,-1,-3,-1,2,2,5,2,2,-2,-2,-5,-2,-2
0,1,5391,5394,16173,16174,16175,16178,16179,16180,32347,32348,32349,32350,32351,32354,32355,32356,32357,32358,1,-1,2,-2,1,3,1,-1,-3,-1,2,2,5,2,2,-2,-2,-5,-2,-2
0,1,5393,5396,16179,16180,16181,16184,16185,16186,32359,32360,32361,32362,32363,32366,32367,32368,32369,32370,1,-1,2,-2,1,3,1,-1,-3,-1,2,2,5,2,2,-2,-2,-5,-2,-2
0,1,5395,5398,16185,16186,16187,16190,16191,16192,32371,32372,32373,32374,32375,32378,32379,32380,32381,32382,1,-1,2,-2,1,3,1,-1,-3,-1,2,2,5,2,2,-2,-2,-5,-2,-2
0,1,5397,5400,16191,16192,16193,16196,16197,16198,32383,32384,32385,32386,32387,32390,32391,32392,32393,32394,1,-1,2,-2,1,3,1,-1,-3,-1,2,2,5,2,2,-2,-2,-5,-2,-2
0,1,5399,5402,16197,16198,16199,16202,16203,16204,32395,32396,32397,32398,32399,32402,32403,32404,32405,32406,1,-1,2,-2,1,3,1,-1,-3,-1,2,2,5,2,2,-2,-2,-5,-2,-2
0,1,5401,5404,16203,16204,16205,16208,16209,16210,32407,32408,32409,32410,32411,32414,32415,32416,32417,32418,1,-1,2,-2,1,3,1,-1,-3,-1,2,2,5,2,2,-2,-2,-5,-2,-2
0,1,5403,5406,16209,16210,16211,16214,16215,16216,32419,32420,32421,32422,32423,32426,32427,32428,32429,32430,1,-1,2,-2,1,3,1,-1,-3,-1,2,2,5,2,2,-2,-2,-5,-2,-2
0,1,5405,5408,16215,16216,16217,16220,16221,16222,32431,32432,32433,32434,32435,32438,32439,32440,32441,32442,1,-1,2,-2,1,3,1,-1,-3,-1,2,2,5,2,2,-2,-2,-5,-2,-2
0,1,5407,5410,16221,16222,16223,16226,16227,16228,32443,32444,32445,32446,32447,32450,32451,32452,32453,32454,1,-1,2,-2,1,3,1,-1,-3,-1,2,2,5,2,2,-2,-2,-5,-2,-2
0,1,5409,5412,16227,16228,16229,16232,16233,16234,32455,32456,32457,32458,32459,32462,32463,32464,32465,32466,1,-1,2,-2,1,3,1,-1,-3,-1,2,2,5,2,2,-2,-2,-5,-2,-2
0,1,5411,5414,16233,16234,16235,16238,16239,16240,32467,32468,32469,32470,32471,32474,32475,32476,32477,32478,1,-1,2,-2,1,3,1,-1,-3,-1,2,2,5,2,2,-2,-2,-5,-2,-2
0,1,5413,5416,16239,16240,16241,16244,16245,16246,32479,32480,32481,32482,32483,32486,32487,32488,32489,32490,1,-1,2,-2,1,3,1,-1,-3,-1,2,2,5,2,2,-2,-2,-5,-2,-2
0,1,5415,5418,16245,16246,16247,16250,16251,16252,32491,32492,32493,32494,32495,32498,32499,32500,32501,32502,1,-1,2,-2,1,3,1,-1,-3,-1,2,2,5,2,2,-2,-2,-5,-2,-2
0,1,5417,5420,16251,16252,16253,16256,16257,16258,32503,32504,32505,32506,32507,32510,32511,32512,32513,32514,1,-1,2,-2,1,3,1,-1,-3,-1,2,2,5,2,2,-2,-2,-5,-2,-2
0,1,5419,5422,16257,16258,16259,16262,16263,16264,32515,32516,32517,32518,32519,32522,32523,32524,32525,32526,1,-1,2,-2,1,3,1,-1,-3,-1,2,2,5,2,2,-2,-2,-5,-2,-2
0,1,5421,5424,16263,16264,16265,16268,16269,16270,32527,32528,32529,32530,32531,32534,32535,32536,32537,32538,1,-1,2,-2,1,3,1,-1,-3,-1,2,2,5,2,2,-2,-2,-5,-2,-2
0,1,5423,5426,16269,16270,16271,16274,16275,16276,32539,32540,32541,32542,32543,32546,32547,32548,32549,32550,1,-1,2,-2,1,3,1,-1,-3,-1,2,2,5,2,2,-2,-2,-5,-2,-2
0,1,5425,5428,16275,16276,16277,16280,16281,16282,32551,32552,32553,32554,32555,32558,32559,32560,32561,32562,1,-1,2,-2,1,3,1,-1,-3,-1,2,2,5,2,2,-2,-2,-5,-2,-2
0,1,5427,5430,16281,16282,16283,16286,16287,16288,32563,32564,32565,32566,32567,32570,32571,32572,32573,32574,1,-1,2,-2,1,3,1,-1,-3,-1,2,2,5,2,2,-2,-2,-5,-2,-2
0,1,5429,5432,16287,16288,16289,16292,16293,16294,32575,32576,32577,32578,32579,32582,32583,32584,32585,32586,1,-1,2,-2,1,3,1,-1,-3,-1,2,2,5,2,2,-2,-2,-5,-2,-2
0,1,5431,5434,16293,16294,16295,16298,16299,16300,32587,32588,32589,32590,32591,32594,32595,32596,32597,32598,1,-1,2,-2,1,3,1,-1,-3,-1,2,2,5,2,2,-2,-2,-5,-2,-2
0,1,5433,5436,16299,16300,16301,16304,16305,16306,32599,32600,32601,32602,32603,32606,32607,32608,32609,32610,1,-1,2,-2,1,3,1,-1,-3,-1,2,2,5,2,2,-2,-2,-5,-2,-2
0,1,5435,5438,16305,16306,16307,16310,16311,16312,32611,32612,32613,32614,32615,32618,32619,32620,32621,32622,1,-1,2,-2,1,3,1,-1,-3,-1,2,2,5,2,2,-2,-2,-5,-2,-2
0,1,5437,5440,16311,16312,16313,16316,16317,16318,32623,32624,32625,32626,32627,32630,32631,32632,32633,32634,1,-1,2,-2,1,3,1,-1,-3,-1,2,2,5,2,2,-2,-2,-5,-2,-2
0,1,5439,5442,16317,16318,16319,16322,16323,16324,32635,32636,32637,32638,32639,32642,32643,32644,32645,32646,1,-1,2,-2,1,3,1,-1,-3,-1,2,2,5,2,2,-2,-2,-5,-2,-2
0,1,5441,5444,16323,16324,16325,16328,16329,16330,32647,32648,32649,32650,32651,32654,32655,32656,32657,32658,1,-1,2,-2,1,3,1,-1,-3,-1,2,2,5,2,2,-2,-2,-5,-2,-2
0,1,5443,5446,16329,16330,16331,16334,16335,16336,32659,32660,32661,32662,32663,32666,32667,32668,32669,32670,1,-1,2,-2,1,3,1,-1,-3,-1,2,2,5,2,2,-2,-2,-5,-2,-2
0,1,5445,5448,16335,16336,16337,16340,16341,16342,32671,32672,32673,32674,32675,32678,32679,32680,32681,32682,1,-1,2,-2,1,3,1,-1,-3,-1,2,2,5,2,2,-2,-2,-5,-2,-2
0,1,5447,5450,16341,16342,16343,16346,16347,16348,32683,32684,32685,32686,32687,32690,32691,32692,32693,32694,1,-1,2,-2,1,3,1,-1,-3,-1,2,2,5,2,2,-2,-2,-5,-2,-2
0,1,5449,5452,16347,16348,16349,16352,16353,16354,32695,32696,32697,32698,32699,32702,32703,32704,32705,32706,1,-1,2,-2,1,3,1,-1,-3,-1,2,2,5,2,2,-2,-2,-5,-2,-2
0,1,5451,5454,16353,16354,16355,16358,16359,16360,32707,32708,32709,32710,32711,32714,32715,32716,32717,32718,1,-1,2,-2,1,3,1,-1,-3,-1,2,2,5,2,2,-2,-2,-5,-2,-2
0,1,5453,5456,16359,16360,16361,16364,16365,16366,32719,32720,32721,32722,32723,32726,32727,32728,32729,32730,1,-1,2,-2,1,3,1,-1,-3,-1,2,2,5,2,2,-2,-2,-5,-2,-2
0,1,5455,5458,16365,16366,16367,16370,16371,16372,32731,32732,32733,32734,32735,32738,32739,32740,32741,32742,1,-1,2,-2,1,3,1,-1,-3,-1,2,2,5,2,2,-2,-2,-5,-2,-2
0,1,5457,5460,16371,16372,16373,16376,16377,16378,32743,32744,32745,32746,32747,32750,32751,32752,32753,32754,1,-1,2,-2,1,3,1,-1,-3,-1,2,2,5,2,2,-2,-2,-5,-2,-2
0,1,5459,5462,16377,16378,16379,16382,16383,16384,32755,32756,32757,32758,32759,32762,32763,32764,32765,32766,1,-1,2,-2,1,3,1,-1,-3,-1,2,2,5,2,2,-2,-2,-5,-2,-2
0,1,5461,5464,16383,16384,16385,16388,16389,16390,32767,32768,32769,32770,32771,32774,32775,32776,32777,32778,1,-1,2,-2,1,3,1,-1,-3,-1,2,2,5,2,2,-2,-2,-5,-2,-2
0,1,5463,5466,16389,16390,16391,16394,16395,16396,32779,32780,32781,32782,32783,32786,32787,32788,32789,32790,1,-1,2,-2,1,3,1,-1,-3,-1,2,2,5,2,2,-2,-2,-5,-2,-2
0,1,5465,5468,16395,16396,16397,16400,16401,16402,32791,32792,32793,32794,32795,32798,32799,32800,32801,32802,1,-1,2,-2,1,3,1,-1,-3,-1,2,2,5,2,2,-2,-2,-5,-2,-2
0,1,5467,5470,16401,16402,16403,16406,16407,16408,32803,32804,32805,32806,32807,32810,32811,32812,32813,32814,1,-1,2,-2,1,3,1,-1,-3,-1,2,2,5,2,2,-2,-2,-5,-2,-2
0,1,5469,5472,16407,16408,16409,16412,16413,16414,32815,32816,32817,32818,32819,32822,32823,32824,32825,32826,1,-1,2,-2,1,3,1,-1,-3,-1,2,2,5,2,2,-2,-2,-5,-2,-2
0,1,5471,5474,16413,16414,16415,16418,16419,16420,32827,32828,32829,32830,32831,32834,32835,32836,32837,32838,1,-1,2,-2,1,3,1,-1,-3,-1,2,2,5,2,2,-2,-2,-5,-2,-2
0,1,5473,5476,16419,16420,16421,16424,16425,16426,32839,32840,32841,32842,32843,32846,32847,32848,32849,32850,1,-1,2,-2,1,3,1,-1,-3,-1,2,2,5,2,2,-2,-2,-5,-2,-2
0,1,5475,5478,16425,16426,16427,16430,16431,16432,32851,32852,32853,32854,32855,32858,32859,32860,32861,32862,1,-1,2,-2,1,3,1,-1,-3,-1,2,2,5,2,2,-2,-2,-5,-2,-2
0,1,5477,5480,16431,16432,16433,16436,16437,16438,32863,32864,32865,32866,32867,32870,32871,32872,32873,32874,1,-1,2,-2,1,3,1,-1,-3,-1,2,2,5,2,2,-2,-2,-5,-2,-2
0,1,5479,5482,16437,16438,16439,16442,16443,16444,32875,32876,32877,32878,32879,32882,32883,32884,32885,32886,1,-1,2,-2,1,3,1,-1,-3,-1,2,2,5,2,2,-2,-2,-5,-2,-2
0,1,5481,5484,16443,16444,16445,16448,16449,16450,32887,32888,32889,32890,32891,32894,32895,32896,32897,32898,1,-1,2,-2,1,3,1,-1,-3,-1,2,2,5,2,2,-2,-2,-5,-2,-2
0,1,5483,5486,16449,16450,16451,16454,16455,16456,32899,32900,32901,32902,32903,32906,32907,32908,32909,32910,1,-1,2,-2,1,3,1,-1,-3,-1,2,2,5,2,2,-2,-2,-5,-2,-2
0,1,5485,5488,16455,16456,16457,16460,16461,16462,32911,32912,32913,32914,32915,32918,32919,32920,32921,32922,1,-1,2,-2,1,3,1,-1,-3,-1,2,2,5,2,2,-2,-2,-5,-2,-2
0,1,5487,5490,16461,16462,16463,16466,16467,16468,32923,32924,32925,32926,32927,32930,32931,32932,32933,32934,1,-1,2,-2,1,3,1,-1,-3,-1,2,2,5,2,2,-2,-2,-5,-2,-2
0,1,5489,5492,16467,16468,16469,16472,16473,16474,32935,32936,32937,32938,32939,32942,32943,32944,32945,32946,1,-1,2,-2,1,3,1,-1,-3,-1,2,2,5,2,2,-2,-2,-5,-2,-2
0,1,5491,5494,16473,16474,16475,16478,16479,16480,32947,32948,32949,32950,32951,32954,32955,32956,32957,32958,1,-1,2,-2,1,3,1,-1,-3,-1,2,2,5,2,2,-2,-2,-5,-2,-2
0,1,5493,5496,16479,16480,16481,16484,16485,16486,32959,32960,32961,32962,32963,32966,32967,32968,32969,32970,1,-1,2,-2,1,3,1,-1,-3,-1,2,2,5,2,2,-2,-2,-5,-2,-2
0,1,5495,5498,16485,16486,16487,16490,16491,16492,32971,32972,32973,32974,32975,32978,32979,32980,32981,32982,1,-1,2,-2,1,3,1,-1,-3,-1,2,2,5,2,2,-2,-2,-5,-2,-2
0,1,5497,5500,16491,16492,16493,16496,16497,16498,32983,32984,32985,32986,32987,32990,32991,32992,32993,32994,1,-1,2,-2,1,3,1,-1,-3,-1,2,2,5,2,2,-2,-2,-5,-2,-2
0,1,5499,5502,16497,16498,16499,16502,16503,16504,32995,32996,32997,32998,32999,33002,33003,33004,33005,33006,1,-1,2,-2,1,3,1,-1,-3,-1,2,2,5,2,2,-2,-2,-5,-2,-2
0,1,5501,5504,16503,16504,16505,16508,16509,16510,33007,33008,33009,33010,33011,33014,33015,33016,33017,33018,1,-1,2,-2,1,3,1,-1,-3,-1,2,2,5,2,2,-2,-2,-5,-2,-2
0,1,5503,5506,16509,16510,16511,16514,16515,16516,33019,33020,33021,33022,33023,33026,33027,33028,33029,33030,1,-1,2,-2,1,3,1,-1,-3,-1,2,2,5,2,2,-2,-2,-5,-2,-2
0,1,5505,5508,16515,16516,16517,16520,16521,16522,33031,33032,33033,33034,33035,33038,33039,33040,33041,33042,1,-1,2,-2,1,3,1,-1,-3,-1,2,2,5,2,2,-2,-2,-5,-2,-2
0,1,5507,5510,16521,16522,16523,16526,16527,16528,33043,33044,33045,33046,33047,33050,33051,33052,33053,33054,1,-1,2,-2,1,3,1,-1,-3,-1,2,2,5,2,2,-2,-2,-5,-2,-2
0,1,5509,5512,16527,16528,16529,16532,16533,16534,33055,33056,33057,33058,33059,33062,33063,33064,33065,33066,1,-1,2,-2,1,3,1,-1,-3,-1,2,2,5,2,2,-2,-2,-5,-2,-2
0,1,5511,5514,16533,16534,16535,16538,16539,16540,33067,33068,33069,33070,33071,33074,33075,33076,33077,33078,1,-1,2,-2,1,3,1,-1,-3,-1,2,2,5,2,2,-2,-2,-5,-2,-2
0,1,5513,5516,16539,16540,16541,16544,16545,16546,33079,33080,33081,33082,33083,33086,33087,33088,33089,33090,1,-1,2,-2,1,3,1,-1,-3,-1,2,2,5,2,2,-2,-2,-5,-2,-2
0,1,5515,5518,16545,16546,16547,16550,16551,16552,33091,33092,33093,33094,33095,33098,33099,33100,33101,33102,1,-1,2,-2,1,3,1,-1,-3,-1,2,2,5,2,2,-2,-2,-5,-2,-2
0,1,5517,5520,16551,16552,16553,16556,16557,16558,33103,33104,33105,33106,33107,33110,33111,33112,33113,33114,1,-1,2,-2,1,3,1,-1,-3,-1,2,2,5,2,2,-2,-2,-5,-2,-2
0,1,5519,5522,16557,16558,16559,16562,16563,16564,33115,33116,33117,33118,33119,33122,33123,33124,33125,33126,1,-1,2,-2,1,3,1,-1,-3,-1,2,2,5,2,2,-2,-2,-5,-2,-2
0,1,5521,5524,16563,16564,16565,16568,16569,16570,33127,33128,33129,33130,33131,33134,33135,33136,33137,33138,1,-1,2,-2,1,3,1,-1,-3,-1,2,2,5,2,2,-2,-2,-5,-2,-2
0,1,5523,5526,16569,16570,16571,16574,16575,16576,33139,33140,33141,33142,33143,33146,33147,33148,33149,33150,1,-1,2,-2,1,3,1,-1,-3,-1,2,2,5,2,2,-2,-2,-5,-2,-2
0,1,5525,5528,16575,16576,16577,16580,16581,16582,33151,33152,33153,33154,33155,33158,33159,33160,33161,33162,1,-1,2,-2,1,3,1,-1,-3,-1,2,2,5,2,2,-2,-2,-5,-2,-2
0,1,5527,5530,16581,16582,16583,16586,16587,16588,33163,33164,33165,33166,33167,33170,33171,33172,33173,33174,1,-1,2,-2,1,3,1,-1,-3,-1,2,2,5,2,2,-2,-2,-5,-2,-2
0,1,5529,5532,16587,16588,16589,16592,16593,16594,33175,33176,33177,33178,33179,33182,33183,33184,33185,33186,1,-1,2,-2,1,3,1,-1,-3,-1,2,2,5,2,2,-2,-2,-5,-2,-2
0,1,5531,5534,16593,16594,16595,16598,16599,16600,33187,33188,33189,33190,33191,33194,33195,33196,33197,33198,1,-1,2,-2,1,3,1,-1,-3,-1,2,2,5,2,2,-2,-2,-5,-2,-2
0,1,5533,5536,16599,16600,16601,16604,16605,16606,33199,33200,33201,33202,33203,33206,33207,33208,33209,33210,1,-1,2,-2,1,3,1,-1,-3,-1,2,2,5,2,2,-2,-2,-5,-2,-2
0,1,5535,5538,16605,16606,16607,16610,16611,16612,33211,33212,33213,33214,33215,33218,33219,33220,33221,33222,1,-1,2,-2,1,3,1,-1,-3,-1,2,2,5,2,2,-2,-2,-5,-2,-2
0,1,5537,5540,16611,16612,16613,16616,16617,16618,33223,33224,33225,33226,33227,33230,33231,33232,33233,33234,1,-1,2,-2,1,3,1,-1,-3,-1,2,2,5,2,2,-2,-2,-5,-2,-2
0,1,5539,5542,16617,16618,16619,16622,16623,16624,33235,33236,33237,33238,33239,33242,33243,33244,33245,33246,1,-1,2,-2,1,3,1,-1,-3,-1,2,2,5,2,2,-2,-2,-5,-2,-2
0,1,5541,5544,16623,16624,16625,16628,16629,16630,33247,33248,33249,33250,33251,33254,33255,33256,33257,33258,1,-1,2,-2,1,3,1,-1,-3,-1,2,2,5,2,2,-2,-2,-5,-2,-2
0,1,5543,5546,16629,16630,16631,16634,16635,16636,33259,33260,33261,33262,33263,33266,33267,33268,33269,33270,1,-1,2,-2,1,3,1,-1,-3,-1,2,2,5,2,2,-2,-2,-5,-2,-2
0,1,5545,5548,16635,16636,16637,16640,16641,16642,33271,33272,33273,33274,33275,33278,33279,33280,33281,33282,1,-1,2,-2,1,3,1,-1,-3,-1,2,2,5,2,2,-2,-2,-5,-2,-2
0,1,5547,5550,16641,16642,16643,16646,16647,16648,33283,33284,33285,33286,33287,33290,33291,33292,33293,33294,1,-1,2,-2,1,3,1,-1,-3,-1,2,2,5,2,2,-2,-2,-5,-2,-2
0,1,5549,5552,16647,16648,16649,16652,16653,16654,33295,33296,33297,33298,33299,33302,33303,33304,33305,33306,1,-1,2,-2,1,3,1,-1,-3,-1,2,2,5,2,2,-2,-2,-5,-2,-2
0,1,5551,5554,16653,16654,16655,16658,16659,16660,33307,33308,33309,33310,33311,33314,33315,33316,33317,33318,1,-1,2,-2,1,3,1,-1,-3,-1,2,2,5,2,2,-2,-2,-5,-2,-2
0,1,5553,5556,16659,16660,16661,16664,16665,16666,33319,33320,33321,33322,33323,33326,33327,33328,33329,33330,1,-1,2,-2,1,3,1,-1,-3,-1,2,2,5,2,2,-2,-2,-5,-2,-2
0,1,5555,5558,16665,16666,16667,16670,16671,16672,33331,33332,33333,33334,33335,33338,33339,33340,33341,33342,1,-1,2,-2,1,3,1,-1,-3,-1,2,2,5,2,2,-2,-2,-5,-2,-2
0,1,5557,5560,16671,16672,16673,16676,16677,16678,33343,33344,33345,33346,33347,33350,33351,33352,33353,33354,1,-1,2,-2,1,3,1,-1,-3,-1,2,2,5,2,2,-2,-2,-5,-2,-2
0,1,5559,5562,16677,16678,16679,16682,16683,16684,33355,33356,33357,33358,33359,33362,33363,33364,33365,33366,1,-1,2,-2,1,3,1,-1,-3,-1,2,2,5,2,2,-2,-2,-5,-2,-2
0,1,5561,5564,16683,16684,16685,16688,16689,16690,33367,33368,33369,33370,33371,33374,33375,33376,33377,33378,1,-1,2,-2,1,3,1,-1,-3,-1,2,2,5,2,2,-2,-2,-5,-2,-2
0,1,5563,5566,16689,16690,16691,16694,16695,16696,33379,33380,33381,33382,33383,33386,33387,33388,33389,33390,1,-1,2,-2,1,3,1,-1,-3,-1,2,2,5,2,2,-2,-2,-5,-2,-2
0,1,5565,5568,16695,16696,16697,16700,16701,16702,33391,33392,33393,33394,33395,33398,33399,33400,33401,33402,1,-1,2,-2,1,3,1,-1,-3,-1,2,2,5,2,2,-2,-2,-5,-2,-2
0,1,5567,5570,16701,16702,16703,16706,16707,16708,33403,33404,33405,33406,33407,33410,33411,33412,33413,33414,1,-1,2,-2,1,3,1,-1,-3,-1,2,2,5,2,2,-2,-2,-5,-2,-2
0,1,5569,5572,16707,16708,16709,16712,16713,16714,33415,33416,33417,33418,33419,33422,33423,33424,33425,33426,1,-1,2,-2,1,3,1,-1,-3,-1,2,2,5,2,2,-2,-2,-5,-2,-2
0,1,5571,5574,16713,16714,16715,16718,16719,16720,33427,33428,33429,33430,33431,33434,33435,33436,33437,33438,1,-1,2,-2,1,3,1,-1,-3,-1,2,2,5,2,2,-2,-2,-5,-2,-2
0,1,5573,5576,16719,16720,16721,16724,16725,16726,33439,33440,33441,33442,33443,33446,33447,33448,33449,33450,1,-1,2,-2,1,3,1,-1,-3,-1,2,2,5,2,2,-2,-2,-5,-2,-2
0,1,5575,5578,16725,16726,16727,16730,16731,16732,33451,33452,33453,33454,33455,33458,33459,33460,33461,33462,1,-1,2,-2,1,3,1,-1,-3,-1,2,2,5,2,2,-2,-2,-5,-2,-2
0,1,5577,5580,16731,16732,16733,16736,16737,16738,33463,33464,33465,33466,33467,33470,33471,33472,33473,33474,1,-1,2,-2,1,3,1,-1,-3,-1,2,2,5,2,2,-2,-2,-5,-2,-2
0,1,5579,5582,16737,16738,16739,16742,16743,16744,33475,33476,33477,33478,33479,33482,33483,33484,33485,33486,1,-1,2,-2,1,3,1,-1,-3,-1,2,2,5,2,2,-2,-2,-5,-2,-2
0,1,5581,5584,16743,16744,16745,16748,16749,16750,33487,33488,33489,33490,33491,33494,33495,33496,33497,33498,1,-1,2,-2,1,3,1,-1,-3,-1,2,2,5,2,2,-2,-2,-5,-2,-2
0,1,5583,5586,16749,16750,16751,16754,16755,16756,33499,33500,33501,33502,33503,33506,33507,33508,33509,33510,1,-1,2,-2,1,3,1,-1,-3,-1,2,2,5,2,2,-2,-2,-5,-2,-2
0,1,5585,5588,16755,16756,16757,16760,16761,16762,33511,33512,33513,33514,33515,33518,33519,33520,33521,33522,1,-1,2,-2,1,3,1,-1,-3,-1,2,2,5,2,2,-2,-2,-5,-2,-2
0,1,5587,5590,16761,16762,16763,16766,16767,16768,33523,33524,33525,33526,33527,33530,33531,33532,33533,33534,1,-1,2,-2,1,3,1,-1,-3,-1,2,2,5,2,2,-2,-2,-5,-2,-2
0,1,5589,5592,16767,16768,16769,16772,16773,16774,33535,33536,33537,33538,33539,33542,33543,33544,33545,33546,1,-1,2,-2,1,3,1,-1,-3,-1,2,2,5,2,2,-2,-2,-5,-2,-2
0,1,5591,5594,16773,16774,16775,16778,16779,16780,33547,33548,33549,33550,33551,33554,33555,33556,33557,33558,1,-1,2,-2,1,3,1,-1,-3,-1,2,2,5,2,2,-2,-2,-5,-2,-2
0,1,5593,5596,16779,16780,16781,16784,16785,16786,33559,33560,33561,33562,33563,33566,33567,33568,33569,33570,1,-1,2,-2,1,3,1,-1,-3,-1,2,2,5,2,2,-2,-2,-5,-2,-2
0,1,5595,5598,16785,16786,16787,16790,16791,16792,33571,33572,33573,33574,33575,33578,33579,33580,33581,33582,1,-1,2,-2,1,3,1,-1,-3,-1,2,2,5,2,2,-2,-2,-5,-2,-2
0,1,5597,5600,16791,16792,16793,16796,16797,16798,33583,33584,33585,33586,33587,33590,33591,33592,33593,33594,1,-1,2,-2,1,3,1,-1,-3,-1,2,2,5,2,2,-2,-2,-5,-2,-2
0,1,5599,5602,16797,16798,16799,16802,16803,16804,33595,33596,33597,33598,33599,33602,33603,33604,33605,33606,1,-1,2,-2,1,3,1,-1,-3,-1,2,2,5,2,2,-2,-2,-5,-2,-2
0,1,5601,5604,16803,16804,16805,16808,16809,16810,33607,33608,33609,33610,33611,33614,33615,33616,33617,33618,1,-1,2,-2,1,3,1,-1,-3,-1,2,2,5,2,2,-2,-2,-5,-2,-2
0,1,5603,5606,16809,16810,16811,16814,16815,16816,33619,33620,33621,33622,33623,33626,33627,33628,33629,33630,1,-1,2,-2,1,3,1,-1,-3,-1,2,2,5,2,2,-2,-2,-5,-2,-2
0,1,5605,5608,16815,16816,16817,16820,16821,16822,33631,33632,33633,33634,33635,33638,33639,33640,33641,33642,1,-1,2,-2,1,3,1,-1,-3,-1,2,2,5,2,2,-2,-2,-5,-2,-2
0,1,5607,5610,16821,16822,16823,16826,16827,16828,33643,33644,33645,33646,33647,33650,33651,33652,33653,33654,1,-1,2,-2,1,3,1,-1,-3,-1,2,2,5,2,2,-2,-2,-5,-2,-2
0,1,5609,5612,16827,16828,16829,16832,16833,16834,33655,33656,33657,33658,33659,33662,33663,33664,33665,33666,1,-1,2,-2,1,3,1,-1,-3,-1,2,2,5,2,2,-2,-2,-5,-2,-2
0,1,5611,5614,16833,16834,16835,16838,16839,16840,33667,33668,33669,33670,33671,33674,33675,33676,33677,33678,1,-1,2,-2,1,3,1,-1,-3,-1,2,2,5,2,2,-2,-2,-5,-2,-2
0,1,5613,5616,16839,16840,16841,16844,16845,16846,33679,33680,33681,33682,33683,33686,33687,33688,33689,33690,1,-1,2,-2,1,3,1,-1,-3,-1,2,2,5,2,2,-2,-2,-5,-2,-2
0,1,5615,5618,16845,16846,16847,16850,16851,16852,33691,33692,33693,33694,33695,33698,33699,33700,33701,33702,1,-1,2,-2,1,3,1,-1,-3,-1,2,2,5,2,2,-2,-2,-5,-2,-2
0,1,5617,5620,16851,16852,16853,16856,16857,16858,33703,33704,33705,33706,33707,33710,33711,33712,33713,33714,1,-1,2,-2,1,3,1,-1,-3,-1,2,2,5,2,2,-2,-2,-5,-2,-2
0,1,5619,5622,16857,16858,16859,16862,16863,16864,33715,33716,33717,33718,33719,33722,33723,33724,33725,33726,1,-1,2,-2,1,3,1,-1,-3,-1,2,2,5,2,2,-2,-2,-5,-2,-2
0,1,5621,5624,16863,16864,16865,16868,16869,16870,33727,33728,33729,33730,33731,33734,33735,33736,33737,33738,1,-1,2,-2,1,3,1,-1,-3,-1,2,2,5,2,2,-2,-2,-5,-2,-2
0,1,5623,5626,16869,16870,16871,16874,16875,16876,33739,33740,33741,33742,33743,33746,33747,33748,33749,33750,1,-1,2,-2,1,3,1,-1,-3,-1,2,2,5,2,2,-2,-2,-5,-2,-2
0,1,5625,5628,16875,16876,16877,16880,16881,16882,33751,33752,33753,33754,33755,33758,33759,33760,33761,33762,1,-1,2,-2,1,3,1,-1,-3,-1,2,2,5,2,2,-2,-2,-5,-2,-2
0,1,5627,5630,16881,16882,16883,16886,16887,16888,33763,33764,33765,33766,33767,33770,33771,33772,33773,33774,1,-1,2,-2,1,3,1,-1,-3,-1,2,2,5,2,2,-2,-2,-5,-2,-2
0,1,5629,5632,16887,16888,16889,16892,16893,16894,33775,33776,33777,33778,33779,33782,33783,33784,33785,33786,1,-1,2,-2,1,3,1,-1,-3,-1,2,2,5,2,2,-2,-2,-5,-2,-2
0,1,5631,5634,16893,16894,16895,16898,16899,16900,33787,33788,33789,33790,33791,33794,33795,33796,33797,33798,1,-1,2,-2,1,3,1,-1,-3,-1,2,2,5,2,2,-2,-2,-5,-2,-2
0,1,5633,5636,16899,16900,16901,16904,16905,16906,33799,33800,33801,33802,33803,33806,33807,33808,33809,33810,1,-1,2,-2,1,3,1,-1,-3,-1,2,2,5,2,2,-2,-2,-5,-2,-2
0,1,5635,5638,16905,16906,16907,16910,16911,16912,33811,33812,33813,33814,33815,33818,33819,33820,33821,33822,1,-1,2,-2,1,3,1,-1,-3,-1,2,2,5,2,2,-2,-2,-5,-2,-2
0,1,5637,5640,16911,16912,16913,16916,16917,16918,33823,33824,33825,33826,33827,33830,33831,33832,33833,33834,1,-1,2,-2,1,3,1,-1,-3,-1,2,2,5,2,2,-2,-2,-5,-2,-2
0,1,5639,5642,16917,16918,16919,16922,16923,16924,33835,33836,33837,33838,33839,33842,33843,33844,33845,33846,1,-1,2,-2,1,3,1,-1,-3,-1,2,2,5,2,2,-2,-2,-5,-2,-2
0,1,5641,5644,16923,16924,16925,16928,16929,16930,33847,33848,33849,33850,33851,33854,33855,33856,33857,33858,1,-1,2,-2,1,3,1,-1,-3,-1,2,2,5,2,2,-2,-2,-5,-2,-2
0,1,5643,5646,16929,16930,16931,16934,16935,16936,33859,33860,33861,33862,33863,33866,33867,33868,33869,33870,1,-1,2,-2,1,3,1,-1,-3,-1,2,2,5,2,2,-2,-2,-5,-2,-2
0,1,5645,5648,16935,16936,16937,16940,16941,16942,33871,33872,33873,33874,33875,33878,33879,33880,33881,33882,1,-1,2,-2,1,3,1,-1,-3,-1,2,2,5,2,2,-2,-2,-5,-2,-2
0,1,5647,5650,16941,16942,16943,16946,16947,16948,33883,33884,33885,33886,33887,33890,33891,33892,33893,33894,1,-1,2,-2,1,3,1,-1,-3,-1,2,2,5,2,2,-2,-2,-5,-2,-2
0,1,5649,5652,16947,16948,16949,16952,16953,16954,33895,33896,33897,33898,33899,33902,33903,33904,33905,33906,1,-1,2,-2,1,3,1,-1,-3,-1,2,2,5,2,2,-2,-2,-5,-2,-2
0,1,5651,5654,16953,16954,16955,16958,16959,16960,33907,33908,33909,33910,33911,33914,33915,33916,33917,33918,1,-1,2,-2,1,3,1,-1,-3,-1,2,2,5,2,2,-2,-2,-5,-2,-2
0,1,5653,5656,16959,16960,16961,16964,16965,16966,33919,33920,33921,33922,33923,33926,33927,33928,33929,33930,1,-1,2,-2,1,3,1,-1,-3,-1,2,2,5,2,2,-2,-2,-5,-2,-2
0,1,5655,5658,16965,16966,16967,16970,16971,16972,33931,33932,33933,33934,33935,33938,33939,33940,33941,33942,1,-1,2,-2,1,3,1,-1,-3,-1,2,2,5,2,2,-2,-2,-5,-2,-2
0,1,5657,5660,16971,16972,16973,16976,16977,16978,33943,33944,33945,33946,33947,33950,33951,33952,33953,33954,1,-1,2,-2,1,3,1,-1,-3,-1,2,2,5,2,2,-2,-2,-5,-2,-2
0,1,5659,5662,16977,16978,16979,16982,16983,16984,33955,33956,33957,33958,33959,33962,33963,33964,33965,33966,1,-1,2,-2,1,3,1,-1,-3,-1,2,2,5,2,2,-2,-2,-5,-2,-2
0,1,5661,5664,16983,16984,16985,16988,16989,16990,33967,33968,33969,33970,33971,33974,33975,33976,33977,33978,1,-1,2,-2,1,3,1,-1,-3,-1,2,2,5,2,2,-2,-2,-5,-2,-2
0,1,5663,5666,16989,16990,16991,16994,16995,16996,33979,33980,33981,33982,33983,33986,33987,33988,33989,33990,1,-1,2,-2,1,3,1,-1,-3,-1,2,2,5,2,2,-2,-2,-5,-2,-2
0,1,5665,5668,16995,16996,16997,17000,17001,17002,33991,33992,33993,33994,33995,33998,33999,34000,34001,34002,1,-1,2,-2,1,3,1,-1,-3,-1,2,2,5,2,2,-2,-2,-5,-2,-2
0,1,5667,5670,17001,17002,17003,17006,17007,17008,34003,34004,34005,34006,34007,34010,34011,34012,34013,34014,1,-1,2,-2,1,3,1,-1,-3,-1,2,2,5,2,2,-2,-2,-5,-2,-2
0,1,5669,5672,17007,17008,17009,17012,17013,17014,34015,34016,34017,34018,34019,34022,34023,34024,34025,34026,1,-1,2,-2,1,3,1,-1,-3,-1,2,2,5,2,2,-2,-2,-5,-2,-2
0,1,5671,5674,17013,17014,17015,17018,17019,17020,34027,34028,34029,34030,34031,34034,34035,34036,34037,34038,1,-1,2,-2,1,3,1,-1,-3,-1,2,2,5,2,2,-2,-2,-5,-2,-2
0,1,5673,5676,17019,17020,17021,17024,17025,17026,34039,34040,34041,34042,34043,34046,34047,34048,34049,34050,1,-1,2,-2,1,3,1,-1,-3,-1,2,2,5,2,2,-2,-2,-5,-2,-2
0,1,5675,5678,17025,17026,17027,17030,17031,17032,34051,34052,34053,34054,34055,34058,34059,34060,34061,34062,1,-1,2,-2,1,3,1,-1,-3,-1,2,2,5,2,2,-2,-2,-5,-2,-2
0,1,5677,5680,17031,17032,17033,17036,17037,17038,34063,34064,34065,34066,34067,34070,34071,34072,34073,34074,1,-1,2,-2,1,3,1,-1,-3,-1,2,2,5,2,2,-2,-2,-5,-2,-2
0,1,5679,5682,17037,17038,17039,17042,17043,17044,34075,34076,34077,34078,34079,34082,34083,34084,34085,34086,1,-1,2,-2,1,3,1,-1,-3,-1,2,2,5,2,2,-2,-2,-5,-2,-2
0,1,5681,5684,17043,17044,17045,17048,17049,17050,34087,34088,34089,34090,34091,34094,34095,34096,34097,34098,1,-1,2,-2,1,3,1,-1,-3,-1,2,2,5,2,2,-2,-2,-5,-2,-2
0,1,5683,5686,17049,17050,17051,17054,17055,17056,34099,34100,34101,34102,34103,34106,34107,34108,34109,34110,1,-1,2,-2,1,3,1,-1,-3,-1,2,2,5,2,2,-2,-2,-5,-2,-2
0,1,5685,5688,17055,17056,17057,17060,17061,17062,34111,34112,34113,34114,34115,34118,34119,34120,34121,34122,1,-1,2,-2,1,3,1,-1,-3,-1,2,2,5,2,2,-2,-2,-5,-2,-2
0,1,5687,5690,17061,17062,17063,17066,17067,17068,34123,34124,34125,34126,34127,34130,34131,34132,34133,34134,1,-1,2,-2,1,3,1,-1,-3,-1,2,2,5,2,2,-2,-2,-5,-2,-2
0,1,5689,5692,17067,17068,17069,17072,17073,17074,34135,34136,34137,34138,34139,34142,34143,34144,34145,34146,1,-1,2,-2,1,3,1,-1,-3,-1,2,2,5,2,2,-2,-2,-5,-2,-2
0,1,5691,5694,17073,17074,17075,17078,17079,17080,34147,34148,34149,34150,34151,34154,34155,34156,34157,34158,1,-1,2,-2,1,3,1,-1,-3,-1,2,2,5,2,2,-2,-2,-5,-2,-2
0,1,5693,5696,17079,17080,17081,17084,17085,17086,34159,34160,34161,34162,34163,34166,34167,34168,34169,34170,1,-1,2,-2,1,3,1,-1,-3,-1,2,2,5,2,2,-2,-2,-5,-2,-2
0,1,5695,5698,17085,17086,17087,17090,17091,17092,34171,34172,34173,34174,34175,34178,34179,34180,34181,34182,1,-1,2,-2,1,3,1,-1,-3,-1,2,2,5,2,2,-2,-2,-5,-2,-2
0,1,5697,5700,17091,17092,17093,17096,17097,17098,34183,34184,34185,34186,34187,34190,34191,34192,34193,34194,1,-1,2,-2,1,3,1,-1,-3,-1,2,2,5,2,2,-2,-2,-5,-2,-2
0,1,5699,5702,17097,17098,17099,17102,17103,17104,34195,34196,34197,34198,34199,34202,34203,34204,34205,34206,1,-1,2,-2,1,3,1,-1,-3,-1,2,2,5,2,2,-2,-2,-5,-2,-2
0,1,5701,5704,17103,17104,17105,17108,17109,17110,34207,34208,34209,34210,34211,34214,34215,34216,34217,34218,1,-1,2,-2,1,3,1,-1,-3,-1,2,2,5,2,2,-2,-2,-5,-2,-2
0,1,5703,5706,17109,17110,17111,17114,17115,17116,34219,34220,34221,34222,34223,34226,34227,34228,34229,34230,1,-1,2,-2,1,3,1,-1,-3,-1,2,2,5,2,2,-2,-2,-5,-2,-2
0,1,5705,5708,17115,17116,17117,17120,17121,17122,34231,34232,34233,34234,34235,34238,34239,34240,34241,34242,1,-1,2,-2,1,3,1,-1,-3,-1,2,2,5,2,2,-2,-2,-5,-2,-2
0,1,5707,5710,17121,17122,17123,17126,17127,17128,34243,34244,34245,34246,34247,34250,34251,34252,34253,34254,1,-1,2,-2,1,3,1,-1,-3,-1,2,2,5,2,2,-2,-2,-5,-2,-2
0,1,5709,5712,17127,17128,17129,17132,17133,17134,34255,34256,34257,34258,34259,34262,34263,34264,34265,34266,1,-1,2,-2,1,3,1,-1,-3,-1,2,2,5,2,2,-2,-2,-5,-2,-2
0,1,5711,5714,17133,17134,17135,17138,17139,17140,34267,34268,34269,34270,34271,34274,34275,34276,34277,34278,1,-1,2,-2,1,3,1,-1,-3,-1,2,2,5,2,2,-2,-2,-5,-2,-2
0,1,5713,5716,17139,17140,17141,17144,17145,17146,34279,34280,34281,34282,34283,34286,34287,34288,34289,34290,1,-1,2,-2,1,3,1,-1,-3,-1,2,2,5,2,2,-2,-2,-5,-2,-2
0,1,5715,5718,17145,17146,17147,17150,17151,17152,34291,34292,34293,34294,34295,34298,34299,34300,34301,34302,1,-1,2,-2,1,3,1,-1,-3,-1,2,2,5,2,2,-2,-2,-5,-2,-2
0,1,5717,5720,17151,17152,17153,17156,17157,17158,34303,34304,34305,34306,34307,34310,34311,34312,34313,34314,1,-1,2,-2,1,3,1,-1,-3,-1,2,2,5,2,2,-2,-2,-5,-2,-2
0,1,5719,5722,17157,17158,17159,17162,17163,17164,34315,34316,34317,34318,34319,34322,34323,34324,34325,34326,1,-1,2,-2,1,3,1,-1,-3,-1,2,2,5,2,2,-2,-2,-5,-2,-2
0,1,5721,5724,17163,17164,17165,17168,17169,17170,34327,34328,34329,34330,34331,34334,34335,34336,34337,34338,1,-1,2,-2,1,3,1,-1,-3,-1,2,2,5,2,2,-2,-2,-5,-2,-2
0,1,5723,5726,17169,17170,17171,17174,17175,17176,34339,34340,34341,34342,34343,34346,34347,34348,34349,34350,1,-1,2,-2,1,3,1,-1,-3,-1,2,2,5,2,2,-2,-2,-5,-2,-2
0,1,5725,5728,17175,17176,17177,17180,17181,17182,34351,34352,34353,34354,34355,34358,34359,34360,34361,34362,1,-1,2,-2,1,3,1,-1,-3,-1,2,2,5,2,2,-2,-2,-5,-2,-2
0,1,5727,5730,17181,17182,17183,17186,17187,17188,34363,34364,34365,34366,34367,34370,34371,34372,34373,34374,1,-1,2,-2,1,3,1,-1,-3,-1,2,2,5,2,2,-2,-2,-5,-2,-2
0,1,5729,5732,17187,17188,17189,17192,17193,17194,34375,34376,34377,34378,34379,34382,34383,34384,34385,34386,1,-1,2,-2,1,3,1,-1,-3,-1,2,2,5,2,2,-2,-2,-5,-2,-2
0,1,5731,5734,17193,17194,17195,17198,17199,17200,34387,34388,34389,34390,34391,34394,34395,34396,34397,34398,1,-1,2,-2,1,3,1,-1,-3,-1,2,2,5,2,2,-2,-2,-5,-2,-2
0,1,5733,5736,17199,17200,17201,17204,17205,17206,34399,34400,34401,34402,34403,34406,34407,34408,34409,34410,1,-1,2,-2,1,3,1,-1,-3,-1,2,2,5,2,2,-2,-2,-5,-2,-2
0,1,5735,5738,17205,17206,17207,17210,17211,17212,34411,34412,34413,34414,34415,34418,34419,34420,34421,34422,1,-1,2,-2,1,3,1,-1,-3,-1,2,2,5,2,2,-2,-2,-5,-2,-2
0,1,5737,5740,17211,17212,17213,17216,17217,17218,34423,34424,34425,34426,34427,34430,34431,34432,34433,34434,1,-1,2,-2,1,3,1,-1,-3,-1,2,2,5,2,2,-2,-2,-5,-2,-2
0,1,5739,5742,17217,17218,17219,17222,17223,17224,34435,34436,34437,34438,34439,34442,34443,34444,34445,34446,1,-1,2,-2,1,3,1,-1,-3,-1,2,2,5,2,2,-2,-2,-5,-2,-2
0,1,5741,5744,17223,17224,17225,17228,17229,17230,34447,34448,34449,34450,34451,34454,34455,34456,34457,34458,1,-1,2,-2,1,3,1,-1,-3,-1,2,2,5,2,2,-2,-2,-5,-2,-2
0,1,5743,5746,17229,17230,17231,17234,17235,17236,34459,34460,34461,34462,34463,34466,34467,34468,34469,34470,1,-1,2,-2,1,3,1,-1,-3,-1,2,2,5,2,2,-2,-2,-5,-2,-2
0,1,5745,5748,17235,17236,17237,17240,17241,17242,34471,34472,34473,34474,34475,34478,34479,34480,34481,34482,1,-1,2,-2,1,3,1,-1,-3,-1,2,2,5,2,2,-2,-2,-5,-2,-2
0,1,5747,5750,17241,17242,17243,17246,17247,17248,34483,34484,34485,34486,34487,34490,34491,34492,34493,34494,1,-1,2,-2,1,3,1,-1,-3,-1,2,2,5,2,2,-2,-2,-5,-2,-2
0,1,5749,5752,17247,17248,17249,17252,17253,17254,34495,34496,34497,34498,34499,34502,34503,34504,34505,34506,1,-1,2,-2,1,3,1,-1,-3,-1,2,2,5,2,2,-2,-2,-5,-2,-2
0,1,5751,5754,17253,17254,17255,17258,17259,17260,34507,34508,34509,34510,34511,34514,34515,34516,34517,34518,1,-1,2,-2,1,3,1,-1,-3,-1,2,2,5,2,2,-2,-2,-5,-2,-2
0,1,5753,5756,17259,17260,17261,17264,17265,17266,34519,34520,34521,34522,34523,34526,34527,34528,34529,34530,1,-1,2,-2,1,3,1,-1,-3,-1,2,2,5,2,2,-2,-2,-5,-2,-2
0,1,5755,5758,17265,17266,17267,17270,17271,17272,34531,34532,34533,34534,34535,34538,34539,34540,34541,34542,1,-1,2,-2,1,3,1,-1,-3,-1,2,2,5,2,2,-2,-2,-5,-2,-2
0,1,5757,5760,17271,17272,17273,17276,17277,17278,34543,34544,34545,34546,34547,34550,34551,34552,34553,34554,1,-1,2,-2,1,3,1,-1,-3,-1,2,2,5,2,2,-2,-2,-5,-2,-2
0,1,5759,5762,17277,17278,17279,17282,17283,17284,34555,34556,34557,34558,34559,34562,34563,34564,34565,34566,1,-1,2,-2,1,3,1,-1,-3,-1,2,2,5,2,2,-2,-2,-5,-2,-2
0,1,5761,5764,17283,17284,17285,17288,17289,17290,34567,34568,34569,34570,34571,34574,34575,34576,34577,34578,1,-1,2,-2,1,3,1,-1,-3,-1,2,2,5,2,2,-2,-2,-5,-2,-2
0,1,5763,5766,17289,17290,17291,17294,17295,17296,34579,34580,34581,34582,34583,34586,34587,34588,34589,34590,1,-1,2,-2,1,3,1,-1,-3,-1,2,2,5,2,2,-2,-2,-5,-2,-2
0,1,5765,5768,17295,17296,17297,17300,17301,17302,34591,34592,34593,34594,34595,34598,34599,34600,34601,34602,1,-1,2,-2,1,3,1,-1,-3,-1,2,2,5,2,2,-2,-2,-5,-2,-2
0,1,5767,5770,17301,17302,17303,17306,17307,17308,34603,34604,34605,34606,34607,34610,34611,34612,34613,34614,1,-1,2,-2,1,3,1,-1,-3,-1,2,2,5,2,2,-2,-2,-5,-2,-2
0,1,5769,5772,17307,17308,17309,17312,17313,17314,34615,34616,34617,34618,34619,34622,34623,34624,34625,34626,1,-1,2,-2,1,3,1,-1,-3,-1,2,2,5,2,2,-2,-2,-5,-2,-2
0,1,5771,5774,17313,17314,17315,17318,17319,17320,34627,34628,34629,34630,34631,34634,34635,34636,34637,34638,1,-1,2,-2,1,3,1,-1,-3,-1,2,2,5,2,2,-2,-2,-5,-2,-2
0,1,5773,5776,17319,17320,17321,17324,17325,17326,34639,34640,34641,34642,34643,34646,34647,34648,34649,34650,1,-1,2,-2,1,3,1,-1,-3,-1,2,2,5,2,2,-2,-2,-5,-2,-2
0,1,5775,5778,17325,17326,17327,17330,17331,17332,34651,34652,34653,34654,34655,34658,34659,34660,34661,34662,1,-1,2,-2,1,3,1,-1,-3,-1,2,2,5,2,2,-2,-2,-5,-2,-2
0,1,5777,5780,17331,17332,17333,17336,17337,17338,34663,34664,34665,34666,34667,34670,34671,34672,34673,34674,1,-1,2,-2,1,3,1,-1,-3,-1,2,2,5,2,2,-2,-2,-5,-2,-2
0,1,5779,5782,17337,17338,17339,17342,17343,17344,34675,34676,34677,34678,34679,34682,34683,34684,34685,34686,1,-1,2,-2,1,3,1,-1,-3,-1,2,2,5,2,2,-2,-2,-5,-2,-2
0,1,5781,5784,17343,17344,17345,17348,17349,17350,34687,34688,34689,34690,34691,34694,34695,34696,34697,34698,1,-1,2,-2,1,3,1,-1,-3,-1,2,2,5,2,2,-2,-2,-5,-2,-2
0,1,5783,5786,17349,17350,17351,17354,17355,17356,34699,34700,34701,34702,34703,34706,34707,34708,34709,34710,1,-1,2,-2,1,3,1,-1,-3,-1,2,2,5,2,2,-2,-2,-5,-2,-2
0,1,5785,5788,17355,17356,17357,17360,17361,17362,34711,34712,34713,34714,34715,34718,34719,34720,34721,34722,1,-1,2,-2,1,3,1,-1,-3,-1,2,2,5,2,2,-2,-2,-5,-2,-2
0,1,5787,5790,17361,17362,17363,17366,17367,17368,34723,34724,34725,34726,34727,34730,34731,34732,34733,34734,1,-1,2,-2,1,3,1,-1,-3,-1,2,2,5,2,2,-2,-2,-5,-2,-2
0,1,5789,5792,17367,17368,17369,17372,17373,17374,34735,34736,34737,34738,34739,34742,34743,34744,34745,34746,1,-1,2,-2,1,3,1,-1,-3,-1,2,2,5,2,2,-2,-2,-5,-2,-2
0,1,5791,5794,17373,17374,17375,17378,17379,17380,34747,34748,34749,34750,34751,34754,34755,34756,34757,34758,1,-1,2,-2,1,3,1,-1,-3,-1,2,2,5,2,2,-2,-2,-5,-2,-2
0,1,5793,5796,17379,17380,17381,17384,17385,17386,34759,34760,34761,34762,34763,34766,34767,34768,34769,34770,1,-1,2,-2,1,3,1,-1,-3,-1,2,2,5,2,2,-2,-2,-5,-2,-2
0,1,5795,5798,17385,17386,17387,17390,17391,17392,34771,34772,34773,34774,34775,34778,34779,34780,34781,34782,1,-1,2,-2,1,3,1,-1,-3,-1,2,2,5,2,2,-2,-2,-5,-2,-2
0,1,5797,5800,17391,17392,17393,17396,17397,17398,34783,34784,34785,34786,34787,34790,34791,34792,34793,34794,1,-1,2,-2,1,3,1,-1,-3,-1,2,2,5,2,2,-2,-2,-5,-2,-2
0,1,5799,5802,17397,17398,17399,17402,17403,17404,34795,34796,34797,34798,34799,34802,34803,34804,34805,34806,1,-1,2,-2,1,3,1,-1,-3,-1,2,2,5,2,2,-2,-2,-5,-2,-2
0,1,5801,5804,17403,17404,17405,17408,17409,17410,34807,34808,34809,34810,34811,34814,34815,34816,34817,34818,1,-1,2,-2,1,3,1,-1,-3,-1,2,2,5,2,2,-2,-2,-5,-2,-2
0,1,5803,5806,17409,17410,17411,17414,17415,17416,34819,34820,34821,34822,34823,34826,34827,34828,34829,34830,1,-1,2,-2,1,3,1,-1,-3,-1,2,2,5,2,2,-2,-2,-5,-2,-2
0,1,5805,5808,17415,17416,17417,17420,17421,17422,34831,34832,34833,34834,34835,34838,34839,34840,34841,34842,1,-1,2,-2,1,3,1,-1,-3,-1,2,2,5,2,2,-2,-2,-5,-2,-2
0,1,5807,5810,17421,17422,17423,17426,17427,17428,34843,34844,34845,34846,34847,34850,34851,34852,34853,34854,1,-1,2,-2,1,3,1,-1,-3,-1,2,2,5,2,2,-2,-2,-5,-2,-2
0,1,5809,5812,17427,17428,17429,17432,17433,17434,34855,34856,34857,34858,34859,34862,34863,34864,34865,34866,1,-1,2,-2,1,3,1,-1,-3,-1,2,2,5,2,2,-2,-2,-5,-2,-2
0,1,5811,5814,17433,17434,17435,17438,17439,17440,34867,34868,34869,34870,34871,34874,34875,34876,34877,34878,1,-1,2,-2,1,3,1,-1,-3,-1,2,2,5,2,2,-2,-2,-5,-2,-2
0,1,5813,5816,17439,17440,17441,17444,17445,17446,34879,34880,34881,34882,34883,34886,34887,34888,34889,34890,1,-1,2,-2,1,3,1,-1,-3,-1,2,2,5,2,2,-2,-2,-5,-2,-2
0,1,5815,5818,17445,17446,17447,17450,17451,17452,34891,34892,34893,34894,34895,34898,34899,34900,34901,34902,1,-1,2,-2,1,3,1,-1,-3,-1,2,2,5,2,2,-2,-2,-5,-2,-2
0,1,5817,5820,17451,17452,17453,17456,17457,17458,34903,34904,34905,34906,34907,34910,34911,34912,34913,34914,1,-1,2,-2,1,3,1,-1,-3,-1,2,2,5,2,2,-2,-2,-5,-2,-2
0,1,5819,5822,17457,17458,17459,17462,17463,17464,34915,34916,34917,34918,34919,34922,34923,34924,34925,34926,1,-1,2,-2,1,3,1,-1,-3,-1,2,2,5,2,2,-2,-2,-5,-2,-2
0,1,5821,5824,17463,17464,17465,17468,17469,17470,34927,34928,34929,34930,34931,34934,34935,34936,34937,34938,1,-1,2,-2,1,3,1,-1,-3,-1,2,2,5,2,2,-2,-2,-5,-2,-2
0,1,5823,5826,17469,17470,17471,17474,17475,17476,34939,34940,34941,34942,34943,34946,34947,34948,34949,34950,1,-1,2,-2,1,3,1,-1,-3,-1,2,2,5,2,2,-2,-2,-5,-2,-2
0,1,5825,5828,17475,17476,17477,17480,17481,17482,34951,34952,34953,34954,34955,34958,34959,34960,34961,34962,1,-1,2,-2,1,3,1,-1,-3,-1,2,2,5,2,2,-2,-2,-5,-2,-2
0,1,5827,5830,17481,17482,17483,17486,17487,17488,34963,34964,34965,34966,34967,34970,34971,34972,34973,34974,1,-1,2,-2,1,3,1,-1,-3,-1,2,2,5,2,2,-2,-2,-5,-2,-2
0,1,5829,5832,17487,17488,17489,17492,17493,17494,34975,34976,34977,34978,34979,34982,34983,34984,34985,34986,1,-1,2,-2,1,3,1,-1,-3,-1,2,2,5,2,2,-2,-2,-5,-2,-2
0,1,5831,5834,17493,17494,17495,17498,17499,17500,34987,34988,34989,34990,34991,34994,34995,34996,34997,34998,1,-1,2,-2,1,3,1,-1,-3,-1,2,2,5,2,2,-2,-2,-5,-2,-2
0,1,5833,5836,17499,17500,17501,17504,17505,17506,34999,35000,35001,35002,35003,35006,35007,35008,35009,35010,1,-1,2,-2,1,3,1,-1,-3,-1,2,2,5,2,2,-2,-2,-5,-2,-2
0,1,5835,5838,17505,17506,17507,17510,17511,17512,35011,35012,35013,35014,35015,35018,35019,35020,35021,35022,1,-1,2,-2,1,3,1,-1,-3,-1,2,2,5,2,2,-2,-2,-5,-2,-2
0,1,5837,5840,17511,17512,17513,17516,17517,17518,35023,35024,35025,35026,35027,35030,35031,35032,35033,35034,1,-1,2,-2,1,3,1,-1,-3,-1,2,2,5,2,2,-2,-2,-5,-2,-2
0,1,5839,5842,17517,17518,17519,17522,17523,17524,35035,35036,35037,35038,35039,35042,35043,35044,35045,35046,1,-1,2,-2,1,3,1,-1,-3,-1,2,2,5,2,2,-2,-2,-5,-2,-2
0,1,5841,5844,17523,17524,17525,17528,17529,17530,35047,35048,35049,35050,35051,35054,35055,35056,35057,35058,1,-1,2,-2,1,3,1,-1,-3,-1,2,2,5,2,2,-2,-2,-5,-2,-2
0,1,5843,5846,17529,17530,17531,17534,17535,17536,35059,35060,35061,35062,35063,35066,35067,35068,35069,35070,1,-1,2,-2,1,3,1,-1,-3,-1,2,2,5,2,2,-2,-2,-5,-2,-2
0,1,5845,5848,17535,17536,17537,17540,17541,17542,35071,35072,35073,35074,35075,35078,35079,35080,35081,35082,1,-1,2,-2,1,3,1,-1,-3,-1,2,2,5,2,2,-2,-2,-5,-2,-2
0,1,5847,5850,17541,17542,17543,17546,17547,17548,35083,35084,35085,35086,35087,35090,35091,35092,35093,35094,1,-1,2,-2,1,3,1,-1,-3,-1,2,2,5,2,2,-2,-2,-5,-2,-2
0,1,5849,5852,17547,17548,17549,17552,17553,17554,35095,35096,35097,35098,35099,35102,35103,35104,35105,35106,1,-1,2,-2,1,3,1,-1,-3,-1,2,2,5,2,2,-2,-2,-5,-2,-2
0,1,5851,5854,17553,17554,17555,17558,17559,17560,35107,35108,35109,35110,35111,35114,35115,35116,35117,35118,1,-1,2,-2,1,3,1,-1,-3,-1,2,2,5,2,2,-2,-2,-5,-2,-2
0,1,5853,5856,17559,17560,17561,17564,17565,17566,35119,35120,35121,35122,35123,35126,35127,35128,35129,35130,1,-1,2,-2,1,3,1,-1,-3,-1,2,2,5,2,2,-2,-2,-5,-2,-2
0,1,5855,5858,17565,17566,17567,17570,17571,17572,35131,35132,35133,35134,35135,35138,35139,35140,35141,35142,1,-1,2,-2,1,3,1,-1,-3,-1,2,2,5,2,2,-2,-2,-5,-2,-2
0,1,5857,5860,17571,17572,17573,17576,17577,17578,35143,35144,35145,35146,35147,35150,35151,35152,35153,35154,1,-1,2,-2,1,3,1,-1,-3,-1,2,2,5,2,2,-2,-2,-5,-2,-2
0,1,5859,5862,17577,17578,17579,17582,17583,17584,35155,35156,35157,35158,35159,35162,35163,35164,35165,35166,1,-1,2,-2,1,3,1,-1,-3,-1,2,2,5,2,2,-2,-2,-5,-2,-2
0,1,5861,5864,17583,17584,17585,17588,17589,17590,35167,35168,35169,35170,35171,35174,35175,35176,35177,35178,1,-1,2,-2,1,3,1,-1,-3,-1,2,2,5,2,2,-2,-2,-5,-2,-2
0,1,5863,5866,17589,17590,17591,17594,17595,17596,35179,35180,35181,35182,35183,35186,35187,35188,35189,35190,1,-1,2,-2,1,3,1,-1,-3,-1,2,2,5,2,2,-2,-2,-5,-2,-2
0,1,5865,5868,17595,17596,17597,17600,17601,17602,35191,35192,35193,35194,35195,35198,35199,35200,35201,35202,1,-1,2,-2,1,3,1,-1,-3,-1,2,2,5,2,2,-2,-2,-5,-2,-2
0,1,5867,5870,17601,17602,17603,17606,17607,17608,35203,35204,35205,35206,35207,35210,35211,35212,35213,35214,1,-1,2,-2,1,3,1,-1,-3,-1,2,2,5,2,2,-2,-2,-5,-2,-2
0,1,5869,5872,17607,17608,17609,17612,17613,17614,35215,35216,35217,35218,35219,35222,35223,35224,35225,35226,1,-1,2,-2,1,3,1,-1,-3,-1,2,2,5,2,2,-2,-2,-5,-2,-2
0,1,5871,5874,17613,17614,17615,17618,17619,17620,35227,35228,35229,35230,35231,35234,35235,35236,35237,35238,1,-1,2,-2,1,3,1,-1,-3,-1,2,2,5,2,2,-2,-2,-5,-2,-2
0,1,5873,5876,17619,17620,17621,17624,17625,17626,35239,35240,35241,35242,35243,35246,35247,35248,35249,35250,1,-1,2,-2,1,3,1,-1,-3,-1,2,2,5,2,2,-2,-2,-5,-2,-2
0,1,5875,5878,17625,17626,17627,17630,17631,17632,35251,35252,35253,35254,35255,35258,35259,35260,35261,35262,1,-1,2,-2,1,3,1,-1,-3,-1,2,2,5,2,2,-2,-2,-5,-2,-2
0,1,5877,5880,17631,17632,17633,17636,17637,17638,35263,35264,35265,35266,35267,35270,35271,35272,35273,35274,1,-1,2,-2,1,3,1,-1,-3,-1,2,2,5,2,2,-2,-2,-5,-2,-2
0,1,5879,5882,17637,17638,17639,17642,17643,17644,35275,35276,35277,35278,35279,35282,35283,35284,35285,35286,1,-1,2,-2,1,3,1,-1,-3,-1,2,2,5,2,2,-2,-2,-5,-2,-2
0,1,5881,5884,17643,17644,17645,17648,17649,17650,35287,35288,35289,35290,35291,35294,35295,35296,35297,35298,1,-1,2,-2,1,3,1,-1,-3,-1,2,2,5,2,2,-2,-2,-5,-2,-2
0,1,5883,5886,17649,17650,17651,17654,17655,17656,35299,35300,35301,35302,35303,35306,35307,35308,35309,35310,1,-1,2,-2,1,3,1,-1,-3,-1,2,2,5,2,2,-2,-2,-5,-2,-2
0,1,5885,5888,17655,17656,17657,17660,17661,17662,35311,35312,35313,35314,35315,35318,35319,35320,35321,35322,1,-1,2,-2,1,3,1,-1,-3,-1,2,2,5,2,2,-2,-2,-5,-2,-2
0,1,5887,5890,17661,17662,17663,17666,17667,17668,35323,35324,35325,35326,35327,35330,35331,35332,35333,35334,1,-1,2,-2,1,3,1,-1,-3,-1,2,2,5,2,2,-2,-2,-5,-2,-2
0,1,5889,5892,17667,17668,17669,17672,17673,17674,35335,35336,35337,35338,35339,35342,35343,35344,35345,35346,1,-1,2,-2,1,3,1,-1,-3,-1,2,2,5,2,2,-2,-2,-5,-2,-2
0,1,5891,5894,17673,17674,17675,17678,17679,17680,35347,35348,35349,35350,35351,35354,35355,35356,35357,35358,1,-1,2,-2,1,3,1,-1,-3,-1,2,2,5,2,2,-2,-2,-5,-2,-2
0,1,5893,5896,17679,17680,17681,17684,17685,17686,35359,35360,35361,35362,35363,35366,35367,35368,35369,35370,1,-1,2,-2,1,3,1,-1,-3,-1,2,2,5,2,2,-2,-2,-5,-2,-2
0,1,5895,5898,17685,17686,17687,17690,17691,17692,35371,35372,35373,35374,35375,35378,35379,35380,35381,35382,1,-1,2,-2,1,3,1,-1,-3,-1,2,2,5,2,2,-2,-2,-5,-2,-2
0,1,5897,5900,17691,17692,17693,17696,17697,17698,35383,35384,35385,35386,35387,35390,35391,35392,35393,35394,1,-1,2,-2,1,3,1,-1,-3,-1,2,2,5,2,2,-2,-2,-5,-2,-2
0,1,5899,5902,17697,17698,17699,17702,17703,17704,35395,35396,35397,35398,35399,35402,35403,35404,35405,35406,1,-1,2,-2,1,3,1,-1,-3,-1,2,2,5,2,2,-2,-2,-5,-2,-2
0,1,5901,5904,17703,17704,17705,17708,17709,17710,35407,35408,35409,35410,35411,35414,35415,35416,35417,35418,1,-1,2,-2,1,3,1,-1,-3,-1,2,2,5,2,2,-2,-2,-5,-2,-2
0,1,5903,5906,17709,17710,17711,17714,17715,17716,35419,35420,35421,35422,35423,35426,35427,35428,35429,35430,1,-1,2,-2,1,3,1,-1,-3,-1,2,2,5,2,2,-2,-2,-5,-2,-2
0,1,5905,5908,17715,17716,17717,17720,17721,17722,35431,35432,35433,35434,35435,35438,35439,35440,35441,35442,1,-1,2,-2,1,3,1,-1,-3,-1,2,2,5,2,2,-2,-2,-5,-2,-2
0,1,5907,5910,17721,17722,17723,17726,17727,17728,35443,35444,35445,35446,35447,35450,35451,35452,35453,35454,1,-1,2,-2,1,3,1,-1,-3,-1,2,2,5,2,2,-2,-2,-5,-2,-2
0,1,5909,5912,17727,17728,17729,17732,17733,17734,35455,35456,35457,35458,35459,35462,35463,35464,35465,35466,1,-1,2,-2,1,3,1,-1,-3,-1,2,2,5,2,2,-2,-2,-5,-2,-2
0,1,5911,5914,17733,17734,17735,17738,17739,17740,35467,35468,35469,35470,35471,35474,35475,35476,35477,35478,1,-1,2,-2,1,3,1,-1,-3,-1,2,2,5,2,2,-2,-2,-5,-2,-2
0,1,5913,5916,17739,17740,17741,17744,17745,17746,35479,35480,35481,35482,35483,35486,35487,35488,35489,35490,1,-1,2,-2,1,3,1,-1,-3,-1,2,2,5,2,2,-2,-2,-5,-2,-2
0,1,5915,5918,17745,17746,17747,17750,17751,17752,35491,35492,35493,35494,35495,35498,35499,35500,35501,35502,1,-1,2,-2,1,3,1,-1,-3,-1,2,2,5,2,2,-2,-2,-5,-2,-2
0,1,5917,5920,17751,17752,17753,17756,17757,17758,35503,35504,35505,35506,35507,35510,35511,35512,35513,35514,1,-1,2,-2,1,3,1,-1,-3,-1,2,2,5,2,2,-2,-2,-5,-2,-2
0,1,5919,5922,17757,17758,17759,17762,17763,17764,35515,35516,35517,35518,35519,35522,35523,35524,35525,35526,1,-1,2,-2,1,3,1,-1,-3,-1,2,2,5,2,2,-2,-2,-5,-2,-2
0,1,5921,5924,17763,17764,17765,17768,17769,17770,35527,35528,35529,35530,35531,35534,35535,35536,35537,35538,1,-1,2,-2,1,3,1,-1,-3,-1,2,2,5,2,2,-2,-2,-5,-2,-2
0,1,5923,5926,17769,17770,17771,17774,17775,17776,35539,35540,35541,35542,35543,35546,35547,35548,35549,35550,1,-1,2,-2,1,3,1,-1,-3,-1,2,2,5,2,2,-2,-2,-5,-2,-2
0,1,5925,5928,17775,17776,17777,17780,17781,17782,35551,35552,35553,35554,35555,35558,35559,35560,35561,35562,1,-1,2,-2,1,3,1,-1,-3,-1,2,2,5,2,2,-2,-2,-5,-2,-2
0,1,5927,5930,17781,17782,17783,17786,17787,17788,35563,35564,35565,35566,35567,35570,35571,35572,35573,35574,1,-1,2,-2,1,3,1,-1,-3,-1,2,2,5,2,2,-2,-2,-5,-2,-2
0,1,5929,5932,17787,17788,17789,17792,17793,17794,35575,35576,35577,35578,35579,35582,35583,35584,35585,35586,1,-1,2,-2,1,3,1,-1,-3,-1,2,2,5,2,2,-2,-2,-5,-2,-2
0,1,5931,5934,17793,17794,17795,17798,17799,17800,35587,35588,35589,35590,35591,35594,35595,35596,35597,35598,1,-1,2,-2,1,3,1,-1,-3,-1,2,2,5,2,2,-2,-2,-5,-2,-2
0,1,5933,5936,17799,17800,17801,17804,17805,17806,35599,35600,35601,35602,35603,35606,35607,35608,35609,35610,1,-1,2,-2,1,3,1,-1,-3,-1,2,2,5,2,2,-2,-2,-5,-2,-2
0,1,5935,5938,17805,17806,17807,17810,17811,17812,35611,35612,35613,35614,35615,35618,35619,35620,35621,35622,1,-1,2,-2,1,3,1,-1,-3,-1,2,2,5,2,2,-2,-2,-5,-2,-2
0,1,5937,5940,17811,17812,17813,17816,17817,17818,35623,35624,35625,35626,35627,35630,35631,35632,35633,35634,1,-1,2,-2,1,3,1,-1,-3,-1,2,2,5,2,2,-2,-2,-5,-2,-2
0,1,5939,5942,17817,17818,17819,17822,17823,17824,35635,35636,35637,35638,35639,35642,35643,35644,35645,35646,1,-1,2,-2,1,3,1,-1,-3,-1,2,2,5,2,2,-2,-2,-5,-2,-2
0,1,5941,5944,17823,17824,17825,17828,17829,17830,35647,35648,35649,35650,35651,35654,35655,35656,35657,35658,1,-1,2,-2,1,3,1,-1,-3,-1,2,2,5,2,2,-2,-2,-5,-2,-2
0,1,5943,5946,17829,17830,17831,17834,17835,17836,35659,35660,35661,35662,35663,35666,35667,35668,35669,35670,1,-1,2,-2,1,3,1,-1,-3,-1,2,2,5,2,2,-2,-2,-5,-2,-2
0,1,5945,5948,17835,17836,17837,17840,17841,17842,35671,35672,35673,35674,35675,35678,35679,35680,35681,35682,1,-1,2,-2,1,3,1,-1,-3,-1,2,2,5,2,2,-2,-2,-5,-2,-2
0,1,5947,5950,17841,17842,17843,17846,17847,17848,35683,35684,35685,35686,35687,35690,35691,35692,35693,35694,1,-1,2,-2,1,3,1,-1,-3,-1,2,2,5,2,2,-2,-2,-5,-2,-2
0,1,5949,5952,17847,17848,17849,17852,17853,17854,35695,35696,35697,35698,35699,35702,35703,35704,35705,35706,1,-1,2,-2,1,3,1,-1,-3,-1,2,2,5,2,2,-2,-2,-5,-2,-2
0,1,5951,5954,17853,17854,17855,17858,17859,17860,35707,35708,35709,35710,35711,35714,35715,35716,35717,35718,1,-1,2,-2,1,3,1,-1,-3,-1,2,2,5,2,2,-2,-2,-5,-2,-2
0,1,5953,5956,17859,17860,17861,17864,17865,17866,35719,35720,35721,35722,35723,35726,35727,35728,35729,35730,1,-1,2,-2,1,3,1,-1,-3,-1,2,2,5,2,2,-2,-2,-5,-2,-2
0,1,5955,5958,17865,17866,17867,17870,17871,17872,35731,35732,35733,35734,35735,35738,35739,35740,35741,35742,1,-1,2,-2,1,3,1,-1,-3,-1,2,2,5,2,2,-2,-2,-5,-2,-2
0,1,5957,5960,17871,17872,17873,17876,17877,17878,35743,35744,35745,35746,35747,35750,35751,35752,35753,35754,1,-1,2,-2,1,3,1,-1,-3,-1,2,2,5,2,2,-2,-2,-5,-2,-2
0,1,5959,5962,17877,17878,17879,17882,17883,17884,35755,35756,35757,35758,35759,35762,35763,35764,35765,35766,1,-1,2,-2,1,3,1,-1,-3,-1,2,2,5,2,2,-2,-2,-5,-2,-2
0,1,5961,5964,17883,17884,17885,17888,17889,17890,35767,35768,35769,35770,35771,35774,35775,35776,35777,35778,1,-1,2,-2,1,3,1,-1,-3,-1,2,2,5,2,2,-2,-2,-5,-2,-2
0,1,5963,5966,17889,17890,17891,17894,17895,17896,35779,35780,35781,35782,35783,35786,35787,35788,35789,35790,1,-1,2,-2,1,3,1,-1,-3,-1,2,2,5,2,2,-2,-2,-5,-2,-2
0,1,5965,5968,17895,17896,17897,17900,17901,17902,35791,35792,35793,35794,35795,35798,35799,35800,35801,35802,1,-1,2,-2,1,3,1,-1,-3,-1,2,2,5,2,2,-2,-2,-5,-2,-2
0,1,5967,5970,17901,17902,17903,17906,17907,17908,35803,35804,35805,35806,35807,35810,35811,35812,35813,35814,1,-1,2,-2,1,3,1,-1,-3,-1,2,2,5,2,2,-2,-2,-5,-2,-2
0,1,5969,5972,17907,17908,17909,17912,17913,17914,35815,35816,35817,35818,35819,35822,35823,35824,35825,35826,1,-1,2,-2,1,3,1,-1,-3,-1,2,2,5,2,2,-2,-2,-5,-2,-2
0,1,5971,5974,17913,17914,17915,17918,17919,17920,35827,35828,35829,35830,35831,35834,35835,35836,35837,35838,1,-1,2,-2,1,3,1,-1,-3,-1,2,2,5,2,2,-2,-2,-5,-2,-2
0,1,5973,5976,17919,17920,17921,17924,17925,17926,35839,35840,35841,35842,35843,35846,35847,35848,35849,35850,1,-1,2,-2,1,3,1,-1,-3,-1,2,2,5,2,2,-2,-2,-5,-2,-2
0,1,5975,5978,17925,17926,17927,17930,17931,17932,35851,35852,35853,35854,35855,35858,35859,35860,35861,35862,1,-1,2,-2,1,3,1,-1,-3,-1,2,2,5,2,2,-2,-2,-5,-2,-2
0,1,5977,5980,17931,17932,17933,17936,17937,17938,35863,35864,35865,35866,35867,35870,35871,35872,35873,35874,1,-1,2,-2,1,3,1,-1,-3,-1,2,2,5,2,2,-2,-2,-5,-2,-2
0,1,5979,5982,17937,17938,17939,17942,17943,17944,35875,35876,35877,35878,35879,35882,35883,35884,35885,35886,1,-1,2,-2,1,3,1,-1,-3,-1,2,2,5,2,2,-2,-2,-5,-2,-2
0,1,5981,5984,17943,17944,17945,17948,17949,17950,35887,35888,35889,35890,35891,35894,35895,35896,35897,35898,1,-1,2,-2,1,3,1,-1,-3,-1,2,2,5,2,2,-2,-2,-5,-2,-2
0,1,5983,5986,17949,17950,17951,17954,17955,17956,35899,35900,35901,35902,35903,35906,35907,35908,35909,35910,1,-1,2,-2,1,3,1,-1,-3,-1,2,2,5,2,2,-2,-2,-5,-2,-2
0,1,5985,5988,17955,17956,17957,17960,17961,17962,35911,35912,35913,35914,35915,35918,35919,35920,35921,35922,1,-1,2,-2,1,3,1,-1,-3,-1,2,2,5,2,2,-2,-2,-5,-2,-2
0,1,5987,5990,17961,17962,17963,17966,17967,17968,35923,35924,35925,35926,35927,35930,35931,35932,35933,35934,1,-1,2,-2,1,3,1,-1,-3,-1,2,2,5,2,2,-2,-2,-5,-2,-2
0,1,5989,5992,17967,17968,17969,17972,17973,17974,35935,35936,35937,35938,35939,35942,35943,35944,35945,35946,1,-1,2,-2,1,3,1,-1,-3,-1,2,2,5,2,2,-2,-2,-5,-2,-2
0,1,5991,5994,17973,17974,17975,17978,17979,17980,35947,35948,35949,35950,35951,35954,35955,35956,35957,35958,1,-1,2,-2,1,3,1,-1,-3,-1,2,2,5,2,2,-2,-2,-5,-2,-2
0,1,5993,5996,17979,17980,17981,17984,17985,17986,35959,35960,35961,35962,35963,35966,35967,35968,35969,35970,1,-1,2,-2,1,3,1,-1,-3,-1,2,2,5,2,2,-2,-2,-5,-2,-2
0,1,5995,5998,17985,17986,17987,17990,17991,17992,35971,35972,35973,35974,35975,35978,35979,35980,35981,35982,1,-1,2,-2,1,3,1,-1,-3,-1,2,2,5,2,2,-2,-2,-5,-2,-2
0,1,5997,6000,17991,17992,17993,17996,17997,17998,35983,35984,35985,35986,35987,35990,35991,35992,35993,35994,1,-1,2,-2,1,3,1,-1,-3,-1,2,2,5,2,2,-2,-2,-5,-2,-2
0,1,5999,6002,17997,17998,17999,18002,18003,18004,35995,35996,35997,35998,35999,36002,36003,36004,36005,36006,1,-1,2,-2,1,3,1,-1,-3,-1,2,2,5,2,2,-2,-2,-5,-2,-2
0,1,6001,6004,18003,18004,18005,18008,18009,18010,36007,36008,36009,36010,36011,36014,36015,36016,36017,36018,1,-1,2,-2,1,3,1,-1,-3,-1,2,2,5,2,2,-2,-2,-5,-2,-2
0,1,6003,6006,18009,18010,18011,18014,18015,18016,36019,36020,36021,36022,36023,36026,36027,36028,36029,36030,1,-1,2,-2,1,3,1,-1,-3,-1,2,2,5,2,2,-2,-2,-5,-2,-2
0,1,6005,6008,18015,18016,18017,18020,18021,18022,36031,36032,36033,36034,36035,36038,36039,36040,36041,36042,1,-1,2,-2,1,3,1,-1,-3,-1,2,2,5,2,2,-2,-2,-5,-2,-2
0,1,6007,6010,18021,18022,18023,18026,18027,18028,36043,36044,36045,36046,36047,36050,36051,36052,36053,36054,1,-1,2,-2,1,3,1,-1,-3,-1,2,2,5,2,2,-2,-2,-5,-2,-2
0,1,6009,6012,18027,18028,18029,18032,18033,18034,36055,36056,36057,36058,36059,36062,36063,36064,36065,36066,1,-1,2,-2,1,3,1,-1,-3,-1,2,2,5,2,2,-2,-2,-5,-2,-2
0,1,6011,6014,18033,18034,18035,18038,18039,18040,36067,36068,36069,36070,36071,36074,36075,36076,36077,36078,1,-1,2,-2,1,3,1,-1,-3,-1,2,2,5,2,2,-2,-2,-5,-2,-2
0,1,6013,6016,18039,18040,18041,18044,18045,18046,36079,36080,36081,36082,36083,36086,36087,36088,36089,36090,1,-1,2,-2,1,3,1,-1,-3,-1,2,2,5,2,2,-2,-2,-5,-2,-2
0,1,6015,6018,18045,18046,18047,18050,18051,18052,36091,36092,36093,36094,36095,36098,36099,36100,36101,36102,1,-1,2,-2,1,3,1,-1,-3,-1,2,2,5,2,2,-2,-2,-5,-2,-2
0,1,6017,6020,18051,18052,18053,18056,18057,18058,36103,36104,36105,36106,36107,36110,36111,36112,36113,36114,1,-1,2,-2,1,3,1,-1,-3,-1,2,2,5,2,2,-2,-2,-5,-2,-2
0,1,6019,6022,18057,18058,18059,18062,18063,18064,36115,36116,36117,36118,36119,36122,36123,36124,36125,36126,1,-1,2,-2,1,3,1,-1,-3,-1,2,2,5,2,2,-2,-2,-5,-2,-2
0,1,6021,6024,18063,18064,18065,18068,18069,18070,36127,36128,36129,36130,36131,36134,36135,36136,36137,36138,1,-1,2,-2,1,3,1,-1,-3,-1,2,2,5,2,2,-2,-2,-5,-2,-2
0,1,6023,6026,18069,18070,18071,18074,18075,18076,36139,36140,36141,36142,36143,36146,36147,36148,36149,36150,1,-1,2,-2,1,3,1,-1,-3,-1,2,2,5,2,2,-2,-2,-5,-2,-2
0,1,6025,6028,18075,18076,18077,18080,18081,18082,36151,36152,36153,36154,36155,36158,36159,36160,36161,36162,1,-1,2,-2,1,3,1,-1,-3,-1,2,2,5,2,2,-2,-2,-5,-2,-2
0,1,6027,6030,18081,18082,18083,18086,18087,18088,36163,36164,36165,36166,36167,36170,36171,36172,36173,36174,1,-1,2,-2,1,3,1,-1,-3,-1,2,2,5,2,2,-2,-2,-5,-2,-2
0,1,6029,6032,18087,18088,18089,18092,18093,18094,36175,36176,36177,36178,36179,36182,36183,36184,36185,36186,1,-1,2,-2,1,3,1,-1,-3,-1,2,2,5,2,2,-2,-2,-5,-2,-2
0,1,6031,6034,18093,18094,18095,18098,18099,18100,36187,36188,36189,36190,36191,36194,36195,36196,36197,36198,1,-1,2,-2,1,3,1,-1,-3,-1,2,2,5,2,2,-2,-2,-5,-2,-2
0,1,6033,6036,18099,18100,18101,18104,18105,18106,36199,36200,36201,36202,36203,36206,36207,36208,36209,36210,1,-1,2,-2,1,3,1,-1,-3,-1,2,2,5,2,2,-2,-2,-5,-2,-2
0,1,6035,6038,18105,18106,18107,18110,18111,18112,36211,36212,36213,36214,36215,36218,36219,36220,36221,36222,1,-1,2,-2,1,3,1,-1,-3,-1,2,2,5,2,2,-2,-2,-5,-2,-2
0,1,6037,6040,18111,18112,18113,18116,18117,18118,36223,36224,36225,36226,36227,36230,36231,36232,36233,36234,1,-1,2,-2,1,3,1,-1,-3,-1,2,2,5,2,2,-2,-2,-5,-2,-2
0,1,6039,6042,18117,18118,18119,18122,18123,18124,36235,36236,36237,36238,36239,36242,36243,36244,36245,36246,1,-1,2,-2,1,3,1,-1,-3,-1,2,2,5,2,2,-2,-2,-5,-2,-2
0,1,6041,6044,18123,18124,18125,18128,18129,18130,36247,36248,36249,36250,36251,36254,36255,36256,36257,36258,1,-1,2,-2,1,3,1,-1,-3,-1,2,2,5,2,2,-2,-2,-5,-2,-2
0,1,6043,6046,18129,18130,18131,18134,18135,18136,36259,36260,36261,36262,36263,36266,36267,36268,36269,36270,1,-1,2,-2,1,3,1,-1,-3,-1,2,2,5,2,2,-2,-2,-5,-2,-2
0,1,6045,6048,18135,18136,18137,18140,18141,18142,36271,36272,36273,36274,36275,36278,36279,36280,36281,36282,1,-1,2,-2,1,3,1,-1,-3,-1,2,2,5,2,2,-2,-2,-5,-2,-2
0,1,6047,6050,18141,18142,18143,18146,18147,18148,36283,36284,36285,36286,36287,36290,36291,36292,36293,36294,1,-1,2,-2,1,3,1,-1,-3,-1,2,2,5,2,2,-2,-2,-5,-2,-2
0,1,6049,6052,18147,18148,18149,18152,18153,18154,36295,36296,36297,36298,36299,36302,36303,36304,36305,36306,1,-1,2,-2,1,3,1,-1,-3,-1,2,2,5,2,2,-2,-2,-5,-2,-2
0,1,6051,6054,18153,18154,18155,18158,18159,18160,36307,36308,36309,36310,36311,36314,36315,36316,36317,36318,1,-1,2,-2,1,3,1,-1,-3,-1,2,2,5,2,2,-2,-2,-5,-2,-2
0,1,6053,6056,18159,18160,18161,18164,18165,18166,36319,36320,36321,36322,36323,36326,36327,36328,36329,36330,1,-1,2,-2,1,3,1,-1,-3,-1,2,2,5,2,2,-2,-2,-5,-2,-2
0,1,6055,6058,18165,18166,18167,18170,18171,18172,36331,36332,36333,36334,36335,36338,36339,36340,36341,36342,1,-1,2,-2,1,3,1,-1,-3,-1,2,2,5,2,2,-2,-2,-5,-2,-2
0,1,6057,6060,18171,18172,18173,18176,18177,18178,36343,36344,36345,36346,36347,36350,36351,36352,36353,36354,1,-1,2,-2,1,3,1,-1,-3,-1,2,2,5,2,2,-2,-2,-5,-2,-2
0,1,6059,6062,18177,18178,18179,18182,18183,18184,36355,36356,36357,36358,36359,36362,36363,36364,36365,36366,1,-1,2,-2,1,3,1,-1,-3,-1,2,2,5,2,2,-2,-2,-5,-2,-2
0,1,6061,6064,18183,18184,18185,18188,18189,18190,36367,36368,36369,36370,36371,36374,36375,36376,36377,36378,1,-1,2,-2,1,3,1,-1,-3,-1,2,2,5,2,2,-2,-2,-5,-2,-2
0,1,6063,6066,18189,18190,18191,18194,18195,18196,36379,36380,36381,36382,36383,36386,36387,36388,36389,36390,1,-1,2,-2,1,3,1,-1,-3,-1,2,2,5,2,2,-2,-2,-5,-2,-2
0,1,6065,6068,18195,18196,18197,18200,18201,18202,36391,36392,36393,36394,36395,36398,36399,36400,36401,36402,1,-1,2,-2,1,3,1,-1,-3,-1,2,2,5,2,2,-2,-2,-5,-2,-2
0,1,6067,6070,18201,18202,18203,18206,18207,18208,36403,36404,36405,36406,36407,36410,36411,36412,36413,36414,1,-1,2,-2,1,3,1,-1,-3,-1,2,2,5,2,2,-2,-2,-5,-2,-2
0,1,6069,6072,18207,18208,18209,18212,18213,18214,36415,36416,36417,36418,36419,36422,36423,36424,36425,36426,1,-1,2,-2,1,3,1,-1,-3,-1,2,2,5,2,2,-2,-2,-5,-2,-2
0,1,6071,6074,18213,18214,18215,18218,18219,18220,36427,36428,36429,36430,36431,36434,36435,36436,36437,36438,1,-1,2,-2,1,3,1,-1,-3,-1,2,2,5,2,2,-2,-2,-5,-2,-2
0,1,6073,6076,18219,18220,18221,18224,18225,18226,36439,36440,36441,36442,36443,36446,36447,36448,36449,36450,1,-1,2,-2,1,3,1,-1,-3,-1,2,2,5,2,2,-2,-2,-5,-2,-2
0,1,6075,6078,18225,18226,18227,18230,18231,18232,36451,36452,36453,36454,36455,36458,36459,36460,36461,36462,1,-1,2,-2,1,3,1,-1,-3,-1,2,2,5,2,2,-2,-2,-5,-2,-2
0,1,6077,6080,18231,18232,18233,18236,18237,18238,36463,36464,36465,36466,36467,36470,36471,36472,36473,36474,1,-1,2,-2,1,3,1,-1,-3,-1,2,2,5,2,2,-2,-2,-5,-2,-2
0,1,6079,6082,18237,18238,18239,18242,18243,18244,36475,36476,36477,36478,36479,36482,36483,36484,36485,36486,1,-1,2,-2,1,3,1,-1,-3,-1,2,2,5,2,2,-2,-2,-5,-2,-2
0,1,6081,6084,18243,18244,18245,18248,18249,18250,36487,36488,36489,36490,36491,36494,36495,36496,36497,36498,1,-1,2,-2,1,3,1,-1,-3,-1,2,2,5,2,2,-2,-2,-5,-2,-2
0,1,6083,6086,18249,18250,18251,18254,18255,18256,36499,36500,36501,36502,36503,36506,36507,36508,36509,36510,1,-1,2,-2,1,3,1,-1,-3,-1,2,2,5,2,2,-2,-2,-5,-2,-2
0,1,6085,6088,18255,18256,18257,18260,18261,18262,36511,36512,36513,36514,36515,36518,36519,36520,36521,36522,1,-1,2,-2,1,3,1,-1,-3,-1,2,2,5,2,2,-2,-2,-5,-2,-2
0,1,6087,6090,18261,18262,18263,18266,18267,18268,36523,36524,36525,36526,36527,36530,36531,36532,36533,36534,1,-1,2,-2,1,3,1,-1,-3,-1,2,2,5,2,2,-2,-2,-5,-2,-2
0,1,6089,6092,18267,18268,18269,18272,18273,18274,36535,36536,36537,36538,36539,36542,36543,36544,36545,36546,1,-1,2,-2,1,3,1,-1,-3,-1,2,2,5,2,2,-2,-2,-5,-2,-2
0,1,6091,6094,18273,18274,18275,18278,18279,18280,36547,36548,36549,36550,36551,36554,36555,36556,36557,36558,1,-1,2,-2,1,3,1,-1,-3,-1,2,2,5,2,2,-2,-2,-5,-2,-2
0,1,6093,6096,18279,18280,18281,18284,18285,18286,36559,36560,36561,36562,36563,36566,36567,36568,36569,36570,1,-1,2,-2,1,3,1,-1,-3,-1,2,2,5,2,2,-2,-2,-5,-2,-2
0,1,6095,6098,18285,18286,18287,18290,18291,18292,36571,36572,36573,36574,36575,36578,36579,36580,36581,36582,1,-1,2,-2,1,3,1,-1,-3,-1,2,2,5,2,2,-2,-2,-5,-2,-2
0,1,6097,6100,18291,18292,18293,18296,18297,18298,36583,36584,36585,36586,36587,36590,36591,36592,36593,36594,1,-1,2,-2,1,3,1,-1,-3,-1,2,2,5,2,2,-2,-2,-5,-2,-2
0,1,6099,6102,18297,18298,18299,18302,18303,18304,36595,36596,36597,36598,36599,36602,36603,36604,36605,36606,1,-1,2,-2,1,3,1,-1,-3,-1,2,2,5,2,2,-2,-2,-5,-2,-2
0,1,6101,6104,18303,18304,18305,18308,18309,18310,36607,36608,36609,36610,36611,36614,36615,36616,36617,36618,1,-1,2,-2,1,3,1,-1,-3,-1,2,2,5,2,2,-2,-2,-5,-2,-2
0,1,6103,6106,18309,18310,18311,18314,18315,18316,36619,36620,36621,36622,36623,36626,36627,36628,36629,36630,1,-1,2,-2,1,3,1,-1,-3,-1,2,2,5,2,2,-2,-2,-5,-2,-2
0,1,6105,6108,18315,18316,18317,18320,18321,18322,36631,36632,36633,36634,36635,36638,36639,36640,36641,36642,1,-1,2,-2,1,3,1,-1,-3,-1,2,2,5,2,2,-2,-2,-5,-2,-2
0,1,6107,6110,18321,18322,18323,18326,18327,18328,36643,36644,36645,36646,36647,36650,36651,36652,36653,36654,1,-1,2,-2,1,3,1,-1,-3,-1,2,2,5,2,2,-2,-2,-5,-2,-2
0,1,6109,6112,18327,18328,18329,18332,18333,18334,36655,36656,36657,36658,36659,36662,36663,36664,36665,36666,1,-1,2,-2,1,3,1,-1,-3,-1,2,2,5,2,2,-2,-2,-5,-2,-2
0,1,6111,6114,18333,18334,18335,18338,18339,18340,36667,36668,36669,36670,36671,36674,36675,36676,36677,36678,1,-1,2,-2,1,3,1,-1,-3,-1,2,2,5,2,2,-2,-2,-5,-2,-2
0,1,6113,6116,18339,18340,18341,18344,18345,18346,36679,36680,36681,36682,36683,36686,36687,36688,36689,36690,1,-1,2,-2,1,3,1,-1,-3,-1,2,2,5,2,2,-2,-2,-5,-2,-2
0,1,6115,6118,18345,18346,18347,18350,18351,18352,36691,36692,36693,36694,36695,36698,36699,36700,36701,36702,1,-1,2,-2,1,3,1,-1,-3,-1,2,2,5,2,2,-2,-2,-5,-2,-2
0,1,6117,6120,18351,18352,18353,18356,18357,18358,36703,36704,36705,36706,36707,36710,36711,36712,36713,36714,1,-1,2,-2,1,3,1,-1,-3,-1,2,2,5,2,2,-2,-2,-5,-2,-2
0,1,6119,6122,18357,18358,18359,18362,18363,18364,36715,36716,36717,36718,36719,36722,36723,36724,36725,36726,1,-1,2,-2,1,3,1,-1,-3,-1,2,2,5,2,2,-2,-2,-5,-2,-2
0,1,6121,6124,18363,18364,18365,18368,18369,18370,36727,36728,36729,36730,36731,36734,36735,36736,36737,36738,1,-1,2,-2,1,3,1,-1,-3,-1,2,2,5,2,2,-2,-2,-5,-2,-2
0,1,6123,6126,18369,18370,18371,18374,18375,18376,36739,36740,36741,36742,36743,36746,36747,36748,36749,36750,1,-1,2,-2,1,3,1,-1,-3,-1,2,2,5,2,2,-2,-2,-5,-2,-2
0,1,6125,6128,18375,18376,18377,18380,18381,18382,36751,36752,36753,36754,36755,36758,36759,36760,36761,36762,1,-1,2,-2,1,3,1,-1,-3,-1,2,2,5,2,2,-2,-2,-5,-2,-2
0,1,6127,6130,18381,18382,18383,18386,18387,18388,36763,36764,36765,36766,36767,36770,36771,36772,36773,36774,1,-1,2,-2,1,3,1,-1,-3,-1,2,2,5,2,2,-2,-2,-5,-2,-2
0,1,6129,6132,18387,18388,18389,18392,18393,18394,36775,36776,36777,36778,36779,36782,36783,36784,36785,36786,1,-1,2,-2,1,3,1,-1,-3,-1,2,2,5,2,2,-2,-2,-5,-2,-2
0,1,6131,6134,18393,18394,18395,18398,18399,18400,36787,36788,36789,36790,36791,36794,36795,36796,36797,36798,1,-1,2,-2,1,3,1,-1,-3,-1,2,2,5,2,2,-2,-2,-5,-2,-2
0,1,6133,6136,18399,18400,18401,18404,18405,18406,36799,36800,36801,36802,36803,36806,36807,36808,36809,36810,1,-1,2,-2,1,3,1,-1,-3,-1,2,2,5,2,2,-2,-2,-5,-2,-2
0,1,6135,6138,18405,18406,18407,18410,18411,18412,36811,36812,36813,36814,36815,36818,36819,36820,36821,36822,1,-1,2,-2,1,3,1,-1,-3,-1,2,2,5,2,2,-2,-2,-5,-2,-2
0,1,6137,6140,18411,18412,18413,18416,18417,18418,36823,36824,36825,36826,36827,36830,36831,36832,36833,36834,1,-1,2,-2,1,3,1,-1,-3,-1,2,2,5,2,2,-2,-2,-5,-2,-2
0,1,6139,6142,18417,18418,18419,18422,18423,18424,36835,36836,36837,36838,36839,36842,36843,36844,36845,36846,1,-1,2,-2,1,3,1,-1,-3,-1,2,2,5,2,2,-2,-2,-5,-2,-2
0,1,6141,6144,18423,18424,18425,18428,18429,18430,36847,36848,36849,36850,36851,36854,36855,36856,36857,36858,1,-1,2,-2,1,3,1,-1,-3,-1,2,2,5,2,2,-2,-2,-5,-2,-2
0,1,6143,6146,18429,18430,18431,18434,18435,18436,36859,36860,36861,36862,36863,36866,36867,36868,36869,36870,1,-1,2,-2,1,3,1,-1,-3,-1,2,2,5,2,2,-2,-2,-5,-2,-2
0,1,6145,6148,18435,18436,18437,18440,18441,18442,36871,36872,36873,36874,36875,36878,36879,36880,36881,36882,1,-1,2,-2,1,3,1,-1,-3,-1,2,2,5,2,2,-2,-2,-5,-2,-2
0,1,6147,6150,18441,18442,18443,18446,18447,18448,36883,36884,36885,36886,36887,36890,36891,36892,36893,36894,1,-1,2,-2,1,3,1,-1,-3,-1,2,2,5,2,2,-2,-2,-5,-2,-2
0,1,6149,6152,18447,18448,18449,18452,18453,18454,36895,36896,36897,36898,36899,36902,36903,36904,36905,36906,1,-1,2,-2,1,3,1,-1,-3,-1,2,2,5,2,2,-2,-2,-5,-2,-2
0,1,6151,6154,18453,18454,18455,18458,18459,18460,36907,36908,36909,36910,36911,36914,36915,36916,36917,36918,1,-1,2,-2,1,3,1,-1,-3,-1,2,2,5,2,2,-2,-2,-5,-2,-2
0,1,6153,6156,18459,18460,18461,18464,18465,18466,36919,36920,36921,36922,36923,36926,36927,36928,36929,36930,1,-1,2,-2,1,3,1,-1,-3,-1,2,2,5,2,2,-2,-2,-5,-2,-2
0,1,6155,6158,18465,18466,18467,18470,18471,18472,36931,36932,36933,36934,36935,36938,36939,36940,36941,36942,1,-1,2,-2,1,3,1,-1,-3,-1,2,2,5,2,2,-2,-2,-5,-2,-2
0,1,6157,6160,18471,18472,18473,18476,18477,18478,36943,36944,36945,36946,36947,36950,36951,36952,36953,36954,1,-1,2,-2,1,3,1,-1,-3,-1,2,2,5,2,2,-2,-2,-5,-2,-2
0,1,6159,6162,18477,18478,18479,18482,18483,18484,36955,36956,36957,36958,36959,36962,36963,36964,36965,36966,1,-1,2,-2,1,3,1,-1,-3,-1,2,2,5,2,2,-2,-2,-5,-2,-2
0,1,6161,6164,18483,18484,18485,18488,18489,18490,36967,36968,36969,36970,36971,36974,36975,36976,36977,36978,1,-1,2,-2,1,3,1,-1,-3,-1,2,2,5,2,2,-2,-2,-5,-2,-2
0,1,6163,6166,18489,18490,18491,18494,18495,18496,36979,36980,36981,36982,36983,36986,36987,36988,36989,36990,1,-1,2,-2,1,3,1,-1,-3,-1,2,2,5,2,2,-2,-2,-5,-2,-2
0,1,6165,6168,18495,18496,18497,18500,18501,18502,36991,36992,36993,36994,36995,36998,36999,37000,37001,37002,1,-1,2,-2,1,3,1,-1,-3,-1,2,2,5,2,2,-2,-2,-5,-2,-2
0,1,6167,6170,18501,18502,18503,18506,18507,18508,37003,37004,37005,37006,37007,37010,37011,37012,37013,37014,1,-1,2,-2,1,3,1,-1,-3,-1,2,2,5,2,2,-2,-2,-5,-2,-2
0,1,6169,6172,18507,18508,18509,18512,18513,18514,37015,37016,37017,37018,37019,37022,37023,37024,37025,37026,1,-1,2,-2,1,3,1,-1,-3,-1,2,2,5,2,2,-2,-2,-5,-2,-2
0,1,6171,6174,18513,18514,18515,18518,18519,18520,37027,37028,37029,37030,37031,37034,37035,37036,37037,37038,1,-1,2,-2,1,3,1,-1,-3,-1,2,2,5,2,2,-2,-2,-5,-2,-2
0,1,6173,6176,18519,18520,18521,18524,18525,18526,37039,37040,37041,37042,37043,37046,37047,37048,37049,37050,1,-1,2,-2,1,3,1,-1,-3,-1,2,2,5,2,2,-2,-2,-5,-2,-2
0,1,6175,6178,18525,18526,18527,18530,18531,18532,37051,37052,37053,37054,37055,37058,37059,37060,37061,37062,1,-1,2,-2,1,3,1,-1,-3,-1,2,2,5,2,2,-2,-2,-5,-2,-2
0,1,6177,6180,18531,18532,18533,18536,18537,18538,37063,37064,37065,37066,37067,37070,37071,37072,37073,37074,1,-1,2,-2,1,3,1,-1,-3,-1,2,2,5,2,2,-2,-2,-5,-2,-2
0,1,6179,6182,18537,18538,18539,18542,18543,18544,37075,37076,37077,37078,37079,37082,37083,37084,37085,37086,1,-1,2,-2,1,3,1,-1,-3,-1,2,2,5,2,2,-2,-2,-5,-2,-2
0,1,6181,6184,18543,18544,18545,18548,18549,18550,37087,37088,37089,37090,37091,37094,37095,37096,37097,37098,1,-1,2,-2,1,3,1,-1,-3,-1,2,2,5,2,2,-2,-2,-5,-2,-2
0,1,6183,6186,18549,18550,18551,18554,18555,18556,37099,37100,37101,37102,37103,37106,37107,37108,37109,37110,1,-1,2,-2,1,3,1,-1,-3,-1,2,2,5,2,2,-2,-2,-5,-2,-2
0,1,6185,6188,18555,18556,18557,18560,18561,18562,37111,37112,37113,37114,37115,37118,37119,37120,37121,37122,1,-1,2,-2,1,3,1,-1,-3,-1,2,2,5,2,2,-2,-2,-5,-2,-2
0,1,6187,6190,18561,18562,18563,18566,18567,18568,37123,37124,37125,37126,37127,37130,37131,37132,37133,37134,1,-1,2,-2,1,3,1,-1,-3,-1,2,2,5,2,2,-2,-2,-5,-2,-2
0,1,6189,6192,18567,18568,18569,18572,18573,18574,37135,37136,37137,37138,37139,37142,37143,37144,37145,37146,1,-1,2,-2,1,3,1,-1,-3,-1,2,2,5,2,2,-2,-2,-5,-2,-2
0,1,6191,6194,18573,18574,18575,18578,18579,18580,37147,37148,37149,37150,37151,37154,37155,37156,37157,37158,1,-1,2,-2,1,3,1,-1,-3,-1,2,2,5,2,2,-2,-2,-5,-2,-2
0,1,6193,6196,18579,18580,18581,18584,18585,18586,37159,37160,37161,37162,37163,37166,37167,37168,37169,37170,1,-1,2,-2,1,3,1,-1,-3,-1,2,2,5,2,2,-2,-2,-5,-2,-2
0,1,6195,6198,18585,18586,18587,18590,18591,18592,37171,37172,37173,37174,37175,37178,37179,37180,37181,37182,1,-1,2,-2,1,3,1,-1,-3,-1,2,2,5,2,2,-2,-2,-5,-2,-2
0,1,6197,6200,18591,18592,18593,18596,18597,18598,37183,37184,37185,37186,37187,37190,37191,37192,37193,37194,1,-1,2,-2,1,3,1,-1,-3,-1,2,2,5,2,2,-2,-2,-5,-2,-2
0,1,6199,6202,18597,18598,18599,18602,18603,18604,37195,37196,37197,37198,37199,37202,37203,37204,37205,37206,1,-1,2,-2,1,3,1,-1,-3,-1,2,2,5,2,2,-2,-2,-5,-2,-2
0,1,6201,6204,18603,18604,18605,18608,18609,18610,37207,37208,37209,37210,37211,37214,37215,37216,37217,37218,1,-1,2,-2,1,3,1,-1,-3,-1,2,2,5,2,2,-2,-2,-5,-2,-2
0,1,6203,6206,18609,18610,18611,18614,18615,18616,37219,37220,37221,37222,37223,37226,37227,37228,37229,37230,1,-1,2,-2,1,3,1,-1,-3,-1,2,2,5,2,2,-2,-2,-5,-2,-2
0,1,6205,6208,18615,18616,18617,18620,18621,18622,37231,37232,37233,37234,37235,37238,37239,37240,37241,37242,1,-1,2,-2,1,3,1,-1,-3,-1,2,2,5,2,2,-2,-2,-5,-2,-2
0,1,6207,6210,18621,18622,18623,18626,18627,18628,37243,37244,37245,37246,37247,37250,37251,37252,37253,37254,1,-1,2,-2,1,3,1,-1,-3,-1,2,2,5,2,2,-2,-2,-5,-2,-2
0,1,6209,6212,18627,18628,18629,18632,18633,18634,37255,37256,37257,37258,37259,37262,37263,37264,37265,37266,1,-1,2,-2,1,3,1,-1,-3,-1,2,2,5,2,2,-2,-2,-5,-2,-2
0,1,6211,6214,18633,18634,18635,18638,18639,18640,37267,37268,37269,37270,37271,37274,37275,37276,37277,37278,1,-1,2,-2,1,3,1,-1,-3,-1,2,2,5,2,2,-2,-2,-5,-2,-2
0,1,6213,6216,18639,18640,18641,18644,18645,18646,37279,37280,37281,37282,37283,37286,37287,37288,37289,37290,1,-1,2,-2,1,3,1,-1,-3,-1,2,2,5,2,2,-2,-2,-5,-2,-2
0,1,6215,6218,18645,18646,18647,18650,18651,18652,37291,37292,37293,37294,37295,37298,37299,37300,37301,37302,1,-1,2,-2,1,3,1,-1,-3,-1,2,2,5,2,2,-2,-2,-5,-2,-2
0,1,6217,6220,18651,18652,18653,18656,18657,18658,37303,37304,37305,37306,37307,37310,37311,37312,37313,37314,1,-1,2,-2,1,3,1,-1,-3,-1,2,2,5,2,2,-2,-2,-5,-2,-2
0,1,6219,6222,18657,18658,18659,18662,18663,18664,37315,37316,37317,37318,37319,37322,37323,37324,37325,37326,1,-1,2,-2,1,3,1,-1,-3,-1,2,2,5,2,2,-2,-2,-5,-2,-2
0,1,6221,6224,18663,18664,18665,18668,18669,18670,37327,37328,37329,37330,37331,37334,37335,37336,37337,37338,1,-1,2,-2,1,3,1,-1,-3,-1,2,2,5,2,2,-2,-2,-5,-2,-2
0,1,6223,6226,18669,18670,18671,18674,18675,18676,37339,37340,37341,37342,37343,37346,37347,37348,37349,37350,1,-1,2,-2,1,3,1,-1,-3,-1,2,2,5,2,2,-2,-2,-5,-2,-2
0,1,6225,6228,18675,18676,18677,18680,18681,18682,37351,37352,37353,37354,37355,37358,37359,37360,37361,37362,1,-1,2,-2,1,3,1,-1,-3,-1,2,2,5,2,2,-2,-2,-5,-2,-2
0,1,6227,6230,18681,18682,18683,18686,18687,18688,37363,37364,37365,37366,37367,37370,37371,37372,37373,37374,1,-1,2,-2,1,3,1,-1,-3,-1,2,2,5,2,2,-2,-2,-5,-2,-2
0,1,6229,6232,18687,18688,18689,18692,18693,18694,37375,37376,37377,37378,37379,37382,37383,37384,37385,37386,1,-1,2,-2,1,3,1,-1,-3,-1,2,2,5,2,2,-2,-2,-5,-2,-2
0,1,6231,6234,18693,18694,18695,18698,18699,18700,37387,37388,37389,37390,37391,37394,37395,37396,37397,37398,1,-1,2,-2,1,3,1,-1,-3,-1,2,2,5,2,2,-2,-2,-5,-2,-2
0,1,6233,6236,18699,18700,18701,18704,18705,18706,37399,37400,37401,37402,37403,37406,37407,37408,37409,37410,1,-1,2,-2,1,3,1,-1,-3,-1,2,2,5,2,2,-2,-2,-5,-2,-2
0,1,6235,6238,18705,18706,18707,18710,18711,18712,37411,37412,37413,37414,37415,37418,37419,37420,37421,37422,1,-1,2,-2,1,3,1,-1,-3,-1,2,2,5,2,2,-2,-2,-5,-2,-2
0,1,6237,6240,18711,18712,18713,18716,18717,18718,37423,37424,37425,37426,37427,37430,37431,37432,37433,37434,1,-1,2,-2,1,3,1,-1,-3,-1,2,2,5,2,2,-2,-2,-5,-2,-2
0,1,6239,6242,18717,18718,18719,18722,18723,18724,37435,37436,37437,37438,37439,37442,37443,37444,37445,37446,1,-1,2,-2,1,3,1,-1,-3,-1,2,2,5,2,2,-2,-2,-5,-2,-2
0,1,6241,6244,18723,18724,18725,18728,18729,18730,37447,37448,37449,37450,37451,37454,37455,37456,37457,37458,1,-1,2,-2,1,3,1,-1,-3,-1,2,2,5,2,2,-2,-2,-5,-2,-2
0,1,6243,6246,18729,18730,18731,18734,18735,18736,37459,37460,37461,37462,37463,37466,37467,37468,37469,37470,1,-1,2,-2,1,3,1,-1,-3,-1,2,2,5,2,2,-2,-2,-5,-2,-2
0,1,6245,6248,18735,18736,18737,18740,18741,18742,37471,37472,37473,37474,37475,37478,37479,37480,37481,37482,1,-1,2,-2,1,3,1,-1,-3,-1,2,2,5,2,2,-2,-2,-5,-2,-2
0,1,6247,6250,18741,18742,18743,18746,18747,18748,37483,37484,37485,37486,37487,37490,37491,37492,37493,37494,1,-1,2,-2,1,3,1,-1,-3,-1,2,2,5,2,2,-2,-2,-5,-2,-2
0,1,6249,6252,18747,18748,18749,18752,18753,18754,37495,37496,37497,37498,37499,37502,37503,37504,37505,37506,1,-1,2,-2,1,3,1,-1,-3,-1,2,2,5,2,2,-2,-2,-5,-2,-2
0,1,6251,6254,18753,18754,18755,18758,18759,18760,37507,37508,37509,37510,37511,37514,37515,37516,37517,37518,1,-1,2,-2,1,3,1,-1,-3,-1,2,2,5,2,2,-2,-2,-5,-2,-2
0,1,6253,6256,18759,18760,18761,18764,18765,18766,37519,37520,37521,37522,37523,37526,37527,37528,37529,37530,1,-1,2,-2,1,3,1,-1,-3,-1,2,2,5,2,2,-2,-2,-5,-2,-2
0,1,6255,6258,18765,18766,18767,18770,18771,18772,37531,37532,37533,37534,37535,37538,37539,37540,37541,37542,1,-1,2,-2,1,3,1,-1,-3,-1,2,2,5,2,2,-2,-2,-5,-2,-2
0,1,6257,6260,18771,18772,18773,18776,18777,18778,37543,37544,37545,37546,37547,37550,37551,37552,37553,37554,1,-1,2,-2,1,3,1,-1,-3,-1,2,2,5,2,2,-2,-2,-5,-2,-2
0,1,6259,6262,18777,18778,18779,18782,18783,18784,37555,37556,37557,37558,37559,37562,37563,37564,37565,37566,1,-1,2,-2,1,3,1,-1,-3,-1,2,2,5,2,2,-2,-2,-5,-2,-2
0,1,6261,6264,18783,18784,18785,18788,18789,18790,37567,37568,37569,37570,37571,37574,37575,37576,37577,37578,1,-1,2,-2,1,3,1,-1,-3,-1,2,2,5,2,2,-2,-2,-5,-2,-2
0,1,6263,6266,18789,18790,18791,18794,18795,18796,37579,37580,37581,37582,37583,37586,37587,37588,37589,37590,1,-1,2,-2,1,3,1,-1,-3,-1,2,2,5,2,2,-2,-2,-5,-2,-2
0,1,6265,6268,18795,18796,18797,18800,18801,18802,37591,37592,37593,37594,37595,37598,37599,37600,37601,37602,1,-1,2,-2,1,3,1,-1,-3,-1,2,2,5,2,2,-2,-2,-5,-2,-2
0,1,6267,6270,18801,18802,18803,18806,18807,18808,37603,37604,37605,37606,37607,37610,37611,37612,37613,37614,1,-1,2,-2,1,3,1,-1,-3,-1,2,2,5,2,2,-2,-2,-5,-2,-2
0,1,6269,6272,18807,18808,18809,18812,18813,18814,37615,37616,37617,37618,37619,37622,37623,37624,37625,37626,1,-1,2,-2,1,3,1,-1,-3,-1,2,2,5,2,2,-2,-2,-5,-2,-2
0,1,6271,6274,18813,18814,18815,18818,18819,18820,37627,37628,37629,37630,37631,37634,37635,37636,37637,37638,1,-1,2,-2,1,3,1,-1,-3,-1,2,2,5,2,2,-2,-2,-5,-2,-2
0,1,6273,6276,18819,18820,18821,18824,18825,18826,37639,37640,37641,37642,37643,37646,37647,37648,37649,37650,1,-1,2,-2,1,3,1,-1,-3,-1,2,2,5,2,2,-2,-2,-5,-2,-2
0,1,6275,6278,18825,18826,18827,18830,18831,18832,37651,37652,37653,37654,37655,37658,37659,37660,37661,37662,1,-1,2,-2,1,3,1,-1,-3,-1,2,2,5,2,2,-2,-2,-5,-2,-2
0,1,6277,6280,18831,18832,18833,18836,18837,18838,37663,37664,37665,37666,37667,37670,37671,37672,37673,37674,1,-1,2,-2,1,3,1,-1,-3,-1,2,2,5,2,2,-2,-2,-5,-2,-2
0,1,6279,6282,18837,18838,18839,18842,18843,18844,37675,37676,37677,37678,37679,37682,37683,37684,37685,37686,1,-1,2,-2,1,3,1,-1,-3,-1,2,2,5,2,2,-2,-2,-5,-2,-2
0,1,6281,6284,18843,18844,18845,18848,18849,18850,37687,37688,37689,37690,37691,37694,37695,37696,37697,37698,1,-1,2,-2,1,3,1,-1,-3,-1,2,2,5,2,2,-2,-2,-5,-2,-2
0,1,6283,6286,18849,18850,18851,18854,18855,18856,37699,37700,37701,37702,37703,37706,37707,37708,37709,37710,1,-1,2,-2,1,3,1,-1,-3,-1,2,2,5,2,2,-2,-2,-5,-2,-2
0,1,6285,6288,18855,18856,18857,18860,18861,18862,37711,37712,37713,37714,37715,37718,37719,37720,37721,37722,1,-1,2,-2,1,3,1,-1,-3,-1,2,2,5,2,2,-2,-2,-5,-2,-2
0,1,6287,6290,18861,18862,18863,18866,18867,18868,37723,37724,37725,37726,37727,37730,37731,37732,37733,37734,1,-1,2,-2,1,3,1,-1,-3,-1,2,2,5,2,2,-2,-2,-5,-2,-2
0,1,6289,6292,18867,18868,18869,18872,18873,18874,37735,37736,37737,37738,37739,37742,37743,37744,37745,37746,1,-1,2,-2,1,3,1,-1,-3,-1,2,2,5,2,2,-2,-2,-5,-2,-2
0,1,6291,6294,18873,18874,18875,18878,18879,18880,37747,37748,37749,37750,37751,37754,37755,37756,37757,37758,1,-1,2,-2,1,3,1,-1,-3,-1,2,2,5,2,2,-2,-2,-5,-2,-2
0,1,6293,6296,18879,18880,18881,18884,18885,18886,37759,37760,37761,37762,37763,37766,37767,37768,37769,37770,1,-1,2,-2,1,3,1,-1,-3,-1,2,2,5,2,2,-2,-2,-5,-2,-2
0,1,6295,6298,18885,18886,18887,18890,18891,18892,37771,37772,37773,37774,37775,37778,37779,37780,37781,37782,1,-1,2,-2,1,3,1,-1,-3,-1,2,2,5,2,2,-2,-2,-5,-2,-2
0,1,6297,6300,18891,18892,18893,18896,18897,18898,37783,37784,37785,37786,37787,37790,37791,37792,37793,37794,1,-1,2,-2,1,3,1,-1,-3,-1,2,2,5,2,2,-2,-2,-5,-2,-2
0,1,6299,6302,18897,18898,18899,18902,18903,18904,37795,37796,37797,37798,37799,37802,37803,37804,37805,37806,1,-1,2,-2,1,3,1,-1,-3,-1,2,2,5,2,2,-2,-2,-5,-2,-2
0,1,6301,6304,18903,18904,18905,18908,18909,18910,37807,37808,37809,37810,37811,37814,37815,37816,37817,37818,1,-1,2,-2,1,3,1,-1,-3,-1,2,2,5,2,2,-2,-2,-5,-2,-2
0,1,6303,6306,18909,18910,18911,18914,18915,18916,37819,37820,37821,37822,37823,37826,37827,37828,37829,37830,1,-1,2,-2,1,3,1,-1,-3,-1,2,2,5,2,2,-2,-2,-5,-2,-2
0,1,6305,6308,18915,18916,18917,18920,18921,18922,37831,37832,37833,37834,37835,37838,37839,37840,37841,37842,1,-1,2,-2,1,3,1,-1,-3,-1,2,2,5,2,2,-2,-2,-5,-2,-2
0,1,6307,6310,18921,18922,18923,18926,18927,18928,37843,37844,37845,37846,37847,37850,37851,37852,37853,37854,1,-1,2,-2,1,3,1,-1,-3,-1,2,2,5,2,2,-2,-2,-5,-2,-2
0,1,6309,6312,18927,18928,18929,18932,18933,18934,37855,37856,37857,37858,37859,37862,37863,37864,37865,37866,1,-1,2,-2,1,3,1,-1,-3,-1,2,2,5,2,2,-2,-2,-5,-2,-2
0,1,6311,6314,18933,18934,18935,18938,18939,18940,37867,37868,37869,37870,37871,37874,37875,37876,37877,37878,1,-1,2,-2,1,3,1,-1,-3,-1,2,2,5,2,2,-2,-2,-5,-2,-2
0,1,6313,6316,18939,18940,18941,18944,18945,18946,37879,37880,37881,37882,37883,37886,37887,37888,37889,37890,1,-1,2,-2,1,3,1,-1,-3,-1,2,2,5,2,2,-2,-2,-5,-2,-2
0,1,6315,6318,18945,18946,18947,18950,18951,18952,37891,37892,37893,37894,37895,37898,37899,37900,37901,37902,1,-1,2,-2,1,3,1,-1,-3,-1,2,2,5,2,2,-2,-2,-5,-2,-2
0,1,6317,6320,18951,18952,18953,18956,18957,18958,37903,37904,37905,37906,37907,37910,37911,37912,37913,37914,1,-1,2,-2,1,3,1,-1,-3,-1,2,2,5,2,2,-2,-2,-5,-2,-2
0,1,6319,6322,18957,18958,18959,18962,18963,18964,37915,37916,37917,37918,37919,37922,37923,37924,37925,37926,1,-1,2,-2,1,3,1,-1,-3,-1,2,2,5,2,2,-2,-2,-5,-2,-2
0,1,6321,6324,18963,18964,18965,18968,18969,18970,37927,37928,37929,37930,37931,37934,37935,37936,37937,37938,1,-1,2,-2,1,3,1,-1,-3,-1,2,2,5,2,2,-2,-2,-5,-2,-2
0,1,6323,6326,18969,18970,18971,18974,18975,18976,37939,37940,37941,37942,37943,37946,37947,37948,37949,37950,1,-1,2,-2,1,3,1,-1,-3,-1,2,2,5,2,2,-2,-2,-5,-2,-2
0,1,6325,6328,18975,18976,18977,18980,18981,18982,37951,37952,37953,37954,37955,37958,37959,37960,37961,37962,1,-1,2,-2,1,3,1,-1,-3,-1,2,2,5,2,2,-2,-2,-5,-2,-2
0,1,6327,6330,18981,18982,18983,18986,18987,18988,37963,37964,37965,37966,37967,37970,37971,37972,37973,37974,1,-1,2,-2,1,3,1,-1,-3,-1,2,2,5,2,2,-2,-2,-5,-2,-2
0,1,6329,6332,18987,18988,18989,18992,18993,18994,37975,37976,37977,37978,37979,37982,37983,37984,37985,37986,1,-1,2,-2,1,3,1,-1,-3,-1,2,2,5,2,2,-2,-2,-5,-2,-2
0,1,6331,6334,18993,18994,18995,18998,18999,19000,37987,37988,37989,37990,37991,37994,37995,37996,37997,37998,1,-1,2,-2,1,3,1,-1,-3,-1,2,2,5,2,2,-2,-2,-5,-2,-2
0,1,6333,6336,18999,19000,19001,19004,19005,19006,37999,38000,38001,38002,38003,38006,38007,38008,38009,38010,1,-1,2,-2,1,3,1,-1,-3,-1,2,2,5,2,2,-2,-2,-5,-2,-2
0,1,6335,6338,19005,19006,19007,19010,19011,19012,38011,38012,38013,38014,38015,38018,38019,38020,38021,38022,1,-1,2,-2,1,3,1,-1,-3,-1,2,2,5,2,2,-2,-2,-5,-2,-2
0,1,6337,6340,19011,19012,19013,19016,19017,19018,38023,38024,38025,38026,38027,38030,38031,38032,38033,38034,1,-1,2,-2,1,3,1,-1,-3,-1,2,2,5,2,2,-2,-2,-5,-2,-2
0,1,6339,6342,19017,19018,19019,19022,19023,19024,38035,38036,38037,38038,38039,38042,38043,38044,38045,38046,1,-1,2,-2,1,3,1,-1,-3,-1,2,2,5,2,2,-2,-2,-5,-2,-2
0,1,6341,6344,19023,19024,19025,19028,19029,19030,38047,38048,38049,38050,38051,38054,38055,38056,38057,38058,1,-1,2,-2,1,3,1,-1,-3,-1,2,2,5,2,2,-2,-2,-5,-2,-2
0,1,6343,6346,19029,19030,19031,19034,19035,19036,38059,38060,38061,38062,38063,38066,38067,38068,38069,38070,1,-1,2,-2,1,3,1,-1,-3,-1,2,2,5,2,2,-2,-2,-5,-2,-2
0,1,6345,6348,19035,19036,19037,19040,19041,19042,38071,38072,38073,38074,38075,38078,38079,38080,38081,38082,1,-1,2,-2,1,3,1,-1,-3,-1,2,2,5,2,2,-2,-2,-5,-2,-2
0,1,6347,6350,19041,19042,19043,19046,19047,19048,38083,38084,38085,38086,38087,38090,38091,38092,38093,38094,1,-1,2,-2,1,3,1,-1,-3,-1,2,2,5,2,2,-2,-2,-5,-2,-2
0,1,6349,6352,19047,19048,19049,19052,19053,19054,38095,38096,38097,38098,38099,38102,38103,38104,38105,38106,1,-1,2,-2,1,3,1,-1,-3,-1,2,2,5,2,2,-2,-2,-5,-2,-2
0,1,6351,6354,19053,19054,19055,19058,19059,19060,38107,38108,38109,38110,38111,38114,38115,38116,38117,38118,1,-1,2,-2,1,3,1,-1,-3,-1,2,2,5,2,2,-2,-2,-5,-2,-2
0,1,6353,6356,19059,19060,19061,19064,19065,19066,38119,38120,38121,38122,38123,38126,38127,38128,38129,38130,1,-1,2,-2,1,3,1,-1,-3,-1,2,2,5,2,2,-2,-2,-5,-2,-2
0,1,6355,6358,19065,19066,19067,19070,19071,19072,38131,38132,38133,38134,38135,38138,38139,38140,38141,38142,1,-1,2,-2,1,3,1,-1,-3,-1,2,2,5,2,2,-2,-2,-5,-2,-2
0,1,6357,6360,19071,19072,19073,19076,19077,19078,38143,38144,38145,38146,38147,38150,38151,38152,38153,38154,1,-1,2,-2,1,3,1,-1,-3,-1,2,2,5,2,2,-2,-2,-5,-2,-2
0,1,6359,6362,19077,19078,19079,19082,19083,19084,38155,38156,38157,38158,38159,38162,38163,38164,38165,38166,1,-1,2,-2,1,3,1,-1,-3,-1,2,2,5,2,2,-2,-2,-5,-2,-2
0,1,6361,6364,19083,19084,19085,19088,19089,19090,38167,38168,38169,38170,38171,38174,38175,38176,38177,38178,1,-1,2,-2,1,3,1,-1,-3,-1,2,2,5,2,2,-2,-2,-5,-2,-2
0,1,6363,6366,19089,19090,19091,19094,19095,19096,38179,38180,38181,38182,38183,38186,38187,38188,38189,38190,1,-1,2,-2,1,3,1,-1,-3,-1,2,2,5,2,2,-2,-2,-5,-2,-2
0,1,6365,6368,19095,19096,19097,19100,19101,19102,38191,38192,38193,38194,38195,38198,38199,38200,38201,38202,1,-1,2,-2,1,3,1,-1,-3,-1,2,2,5,2,2,-2,-2,-5,-2,-2
0,1,6367,6370,19101,19102,19103,19106,19107,19108,38203,38204,38205,38206,38207,38210,38211,38212,38213,38214,1,-1,2,-2,1,3,1,-1,-3,-1,2,2,5,2,2,-2,-2,-5,-2,-2
0,1,6369,6372,19107,19108,19109,19112,19113,19114,38215,38216,38217,38218,38219,38222,38223,38224,38225,38226,1,-1,2,-2,1,3,1,-1,-3,-1,2,2,5,2,2,-2,-2,-5,-2,-2
0,1,6371,6374,19113,19114,19115,19118,19119,19120,38227,38228,38229,38230,38231,38234,38235,38236,38237,38238,1,-1,2,-2,1,3,1,-1,-3,-1,2,2,5,2,2,-2,-2,-5,-2,-2
0,1,6373,6376,19119,19120,19121,19124,19125,19126,38239,38240,38241,38242,38243,38246,38247,38248,38249,38250,1,-1,2,-2,1,3,1,-1,-3,-1,2,2,5,2,2,-2,-2,-5,-2,-2
0,1,6375,6378,19125,19126,19127,19130,19131,19132,38251,38252,38253,38254,38255,38258,38259,38260,38261,38262,1,-1,2,-2,1,3,1,-1,-3,-1,2,2,5,2,2,-2,-2,-5,-2,-2
0,1,6377,6380,19131,19132,19133,19136,19137,19138,38263,38264,38265,38266,38267,38270,38271,38272,38273,38274,1,-1,2,-2,1,3,1,-1,-3,-1,2,2,5,2,2,-2,-2,-5,-2,-2
0,1,6379,6382,19137,19138,19139,19142,19143,19144,38275,38276,38277,38278,38279,38282,38283,38284,38285,38286,1,-1,2,-2,1,3,1,-1,-3,-1,2,2,5,2,2,-2,-2,-5,-2,-2
0,1,6381,6384,19143,19144,19145,19148,19149,19150,38287,38288,38289,38290,38291,38294,38295,38296,38297,38298,1,-1,2,-2,1,3,1,-1,-3,-1,2,2,5,2,2,-2,-2,-5,-2,-2
0,1,6383,6386,19149,19150,19151,19154,19155,19156,38299,38300,38301,38302,38303,38306,38307,38308,38309,38310,1,-1,2,-2,1,3,1,-1,-3,-1,2,2,5,2,2,-2,-2,-5,-2,-2
0,1,6385,6388,19155,19156,19157,19160,19161,19162,38311,38312,38313,38314,38315,38318,38319,38320,38321,38322,1,-1,2,-2,1,3,1,-1,-3,-1,2,2,5,2,2,-2,-2,-5,-2,-2
0,1,6387,6390,19161,19162,19163,19166,19167,19168,38323,38324,38325,38326,38327,38330,38331,38332,38333,38334,1,-1,2,-2,1,3,1,-1,-3,-1,2,2,5,2,2,-2,-2,-5,-2,-2
0,1,6389,6392,19167,19168,19169,19172,19173,19174,38335,38336,38337,38338,38339,38342,38343,38344,38345,38346,1,-1,2,-2,1,3,1,-1,-3,-1,2,2,5,2,2,-2,-2,-5,-2,-2
0,1,6391,6394,19173,19174,19175,19178,19179,19180,38347,38348,38349,38350,38351,38354,38355,38356,38357,38358,1,-1,2,-2,1,3,1,-1,-3,-1,2,2,5,2,2,-2,-2,-5,-2,-2
0,1,6393,6396,19179,19180,19181,19184,19185,19186,38359,38360,38361,38362,38363,38366,38367,38368,38369,38370,1,-1,2,-2,1,3,1,-1,-3,-1,2,2,5,2,2,-2,-2,-5,-2,-2
0,1,6395,6398,19185,19186,19187,19190,19191,19192,38371,38372,38373,38374,38375,38378,38379,38380,38381,38382,1,-1,2,-2,1,3,1,-1,-3,-1,2,2,5,2,2,-2,-2,-5,-2,-2
0,1,6397,6400,19191,19192,19193,19196,19197,19198,38383,38384,38385,38386,38387,38390,38391,38392,38393,38394,1,-1,2,-2,1,3,1,-1,-3,-1,2,2,5,2,2,-2,-2,-5,-2,-2
0,1,6399,6402,19197,19198,19199,19202,19203,19204,38395,38396,38397,38398,38399,38402,38403,38404,38405,38406,1,-1,2,-2,1,3,1,-1,-3,-1,2,2,5,2,2,-2,-2,-5,-2,-2
0,1,6401,6404,19203,19204,19205,19208,19209,19210,38407,38408,38409,38410,38411,38414,38415,38416,38417,38418,1,-1,2,-2,1,3,1,-1,-3,-1,2,2,5,2,2,-2,-2,-5,-2,-2
0,1,6403,6406,19209,19210,19211,19214,19215,19216,38419,38420,38421,38422,38423,38426,38427,38428,38429,38430,1,-1,2,-2,1,3,1,-1,-3,-1,2,2,5,2,2,-2,-2,-5,-2,-2
0,1,6405,6408,19215,19216,19217,19220,19221,19222,38431,38432,38433,38434,38435,38438,38439,38440,38441,38442,1,-1,2,-2,1,3,1,-1,-3,-1,2,2,5,2,2,-2,-2,-5,-2,-2
0,1,6407,6410,19221,19222,19223,19226,19227,19228,38443,38444,38445,38446,38447,38450,38451,38452,38453,38454,1,-1,2,-2,1,3,1,-1,-3,-1,2,2,5,2,2,-2,-2,-5,-2,-2
0,1,6409,6412,19227,19228,19229,19232,19233,19234,38455,38456,38457,38458,38459,38462,38463,38464,38465,38466,1,-1,2,-2,1,3,1,-1,-3,-1,2,2,5,2,2,-2,-2,-5,-2,-2
0,1,6411,6414,19233,19234,19235,19238,19239,19240,38467,38468,38469,38470,38471,38474,38475,38476,38477,38478,1,-1,2,-2,1,3,1,-1,-3,-1,2,2,5,2,2,-2,-2,-5,-2,-2
0,1,6413,6416,19239,19240,19241,19244,19245,19246,38479,38480,38481,38482,38483,38486,38487,38488,38489,38490,1,-1,2,-2,1,3,1,-1,-3,-1,2,2,5,2,2,-2,-2,-5,-2,-2
0,1,6415,6418,19245,19246,19247,19250,19251,19252,38491,38492,38493,38494,38495,38498,38499,38500,38501,38502,1,-1,2,-2,1,3,1,-1,-3,-1,2,2,5,2,2,-2,-2,-5,-2,-2
0,1,6417,6420,19251,19252,19253,19256,19257,19258,38503,38504,38505,38506,38507,38510,38511,38512,38513,38514,1,-1,2,-2,1,3,1,-1,-3,-1,2,2,5,2,2,-2,-2,-5,-2,-2
0,1,6419,6422,19257,19258,19259,19262,19263,19264,38515,38516,38517,38518,38519,38522,38523,38524,38525,38526,1,-1,2,-2,1,3,1,-1,-3,-1,2,2,5,2,2,-2,-2,-5,-2,-2
0,1,6421,6424,19263,19264,19265,19268,19269,19270,38527,38528,38529,38530,38531,38534,38535,38536,38537,38538,1,-1,2,-2,1,3,1,-1,-3,-1,2,2,5,2,2,-2,-2,-5,-2,-2
0,1,6423,6426,19269,19270,19271,19274,19275,19276,38539,38540,38541,38542,38543,38546,38547,38548,38549,38550,1,-1,2,-2,1,3,1,-1,-3,-1,2,2,5,2,2,-2,-2,-5,-2,-2
0,1,6425,6428,19275,19276,19277,19280,19281,19282,38551,38552,38553,38554,38555,38558,38559,38560,38561,38562,1,-1,2,-2,1,3,1,-1,-3,-1,2,2,5,2,2,-2,-2,-5,-2,-2
0,1,6427,6430,19281,19282,19283,19286,19287,19288,38563,38564,38565,38566,38567,38570,38571,38572,38573,38574,1,-1,2,-2,1,3,1,-1,-3,-1,2,2,5,2,2,-2,-2,-5,-2,-2
0,1,6429,6432,19287,19288,19289,19292,19293,19294,38575,38576,38577,38578,38579,38582,38583,38584,38585,38586,1,-1,2,-2,1,3,1,-1,-3,-1,2,2,5,2,2,-2,-2,-5,-2,-2
0,1,6431,6434,19293,19294,19295,19298,19299,19300,38587,38588,38589,38590,38591,38594,38595,38596,38597,38598,1,-1,2,-2,1,3,1,-1,-3,-1,2,2,5,2,2,-2,-2,-5,-2,-2
0,1,6433,6436,19299,19300,19301,19304,19305,19306,38599,38600,38601,38602,38603,38606,38607,38608,38609,38610,1,-1,2,-2,1,3,1,-1,-3,-1,2,2,5,2,2,-2,-2,-5,-2,-2
0,1,6435,6438,19305,19306,19307,19310,19311,19312,38611,38612,38613,38614,38615,38618,38619,38620,38621,38622,1,-1,2,-2,1,3,1,-1,-3,-1,2,2,5,2,2,-2,-2,-5,-2,-2
0,1,6437,6440,19311,19312,19313,19316,19317,19318,38623,38624,38625,38626,38627,38630,38631,38632,38633,38634,1,-1,2,-2,1,3,1,-1,-3,-1,2,2,5,2,2,-2,-2,-5,-2,-2
0,1,6439,6442,19317,19318,19319,19322,19323,19324,38635,38636,38637,38638,38639,38642,38643,38644,38645,38646,1,-1,2,-2,1,3,1,-1,-3,-1,2,2,5,2,2,-2,-2,-5,-2,-2
0,1,6441,6444,19323,19324,19325,19328,19329,19330,38647,38648,38649,38650,38651,38654,38655,38656,38657,38658,1,-1,2,-2,1,3,1,-1,-3,-1,2,2,5,2,2,-2,-2,-5,-2,-2
0,1,6443,6446,19329,19330,19331,19334,19335,19336,38659,38660,38661,38662,38663,38666,38667,38668,38669,38670,1,-1,2,-2,1,3,1,-1,-3,-1,2,2,5,2,2,-2,-2,-5,-2,-2
0,1,6445,6448,19335,19336,19337,19340,19341,19342,38671,38672,38673,38674,38675,38678,38679,38680,38681,38682,1,-1,2,-2,1,3,1,-1,-3,-1,2,2,5,2,2,-2,-2,-5,-2,-2
0,1,6447,6450,19341,19342,19343,19346,19347,19348,38683,38684,38685,38686,38687,38690,38691,38692,38693,38694,1,-1,2,-2,1,3,1,-1,-3,-1,2,2,5,2,2,-2,-2,-5,-2,-2
0,1,6449,6452,19347,19348,19349,19352,19353,19354,38695,38696,38697,38698,38699,38702,38703,38704,38705,38706,1,-1,2,-2,1,3,1,-1,-3,-1,2,2,5,2,2,-2,-2,-5,-2,-2
0,1,6451,6454,19353,19354,19355,19358,19359,19360,38707,38708,38709,38710,38711,38714,38715,38716,38717,38718,1,-1,2,-2,1,3,1,-1,-3,-1,2,2,5,2,2,-2,-2,-5,-2,-2
0,1,6453,6456,19359,19360,19361,19364,19365,19366,38719,38720,38721,38722,38723,38726,38727,38728,38729,38730,1,-1,2,-2,1,3,1,-1,-3,-1,2,2,5,2,2,-2,-2,-5,-2,-2
0,1,6455,6458,19365,19366,19367,19370,19371,19372,38731,38732,38733,38734,38735,38738,38739,38740,38741,38742,1,-1,2,-2,1,3,1,-1,-3,-1,2,2,5,2,2,-2,-2,-5,-2,-2
0,1,6457,6460,19371,19372,19373,19376,19377,19378,38743,38744,38745,38746,38747,38750,38751,38752,38753,38754,1,-1,2,-2,1,3,1,-1,-3,-1,2,2,5,2,2,-2,-2,-5,-2,-2
0,1,6459,6462,19377,19378,19379,19382,19383,19384,38755,38756,38757,38758,38759,38762,38763,38764,38765,38766,1,-1,2,-2,1,3,1,-1,-3,-1,2,2,5,2,2,-2,-2,-5,-2,-2
0,1,6461,6464,19383,19384,19385,19388,19389,19390,38767,38768,38769,38770,38771,38774,38775,38776,38777,38778,1,-1,2,-2,1,3,1,-1,-3,-1,2,2,5,2,2,-2,-2,-5,-2,-2
0,1,6463,6466,19389,19390,19391,19394,19395,19396,38779,38780,38781,38782,38783,38786,38787,38788,38789,38790,1,-1,2,-2,1,3,1,-1,-3,-1,2,2,5,2,2,-2,-2,-5,-2,-2
0,1,6465,6468,19395,19396,19397,19400,19401,19402,38791,38792,38793,38794,38795,38798,38799,38800,38801,38802,1,-1,2,-2,1,3,1,-1,-3,-1,2,2,5,2,2,-2,-2,-5,-2,-2
0,1,6467,6470,19401,19402,19403,19406,19407,19408,38803,38804,38805,38806,38807,38810,38811,38812,38813,38814,1,-1,2,-2,1,3,1,-1,-3,-1,2,2,5,2,2,-2,-2,-5,-2,-2
0,1,6469,6472,19407,19408,19409,19412,19413,19414,38815,38816,38817,38818,38819,38822,38823,38824,38825,38826,1,-1,2,-2,1,3,1,-1,-3,-1,2,2,5,2,2,-2,-2,-5,-2,-2
0,1,6471,6474,19413,19414,19415,19418,19419,19420,38827,38828,38829,38830,38831,38834,38835,38836,38837,38838,1,-1,2,-2,1,3,1,-1,-3,-1,2,2,5,2,2,-2,-2,-5,-2,-2
0,1,6473,6476,19419,19420,19421,19424,19425,19426,38839,38840,38841,38842,38843,38846,38847,38848,38849,38850,1,-1,2,-2,1,3,1,-1,-3,-1,2,2,5,2,2,-2,-2,-5,-2,-2
0,1,6475,6478,19425,19426,19427,19430,19431,19432,38851,38852,38853,38854,38855,38858,38859,38860,38861,38862,1,-1,2,-2,1,3,1,-1,-3,-1,2,2,5,2,2,-2,-2,-5,-2,-2
0,1,6477,6480,19431,19432,19433,19436,19437,19438,38863,38864,38865,38866,38867,38870,38871,38872,38873,38874,1,-1,2,-2,1,3,1,-1,-3,-1,2,2,5,2,2,-2,-2,-5,-2,-2
0,1,6479,6482,19437,19438,19439,19442,19443,19444,38875,38876,38877,38878,38879,38882,38883,38884,38885,38886,1,-1,2,-2,1,3,1,-1,-3,-1,2,2,5,2,2,-2,-2,-5,-2,-2
0,1,6481,6484,19443,19444,19445,19448,19449,19450,38887,38888,38889,38890,38891,38894,38895,38896,38897,38898,1,-1,2,-2,1,3,1,-1,-3,-1,2,2,5,2,2,-2,-2,-5,-2,-2
0,1,6483,6486,19449,19450,19451,19454,19455,19456,38899,38900,38901,38902,38903,38906,38907,38908,38909,38910,1,-1,2,-2,1,3,1,-1,-3,-1,2,2,5,2,2,-2,-2,-5,-2,-2
0,1,6485,6488,19455,19456,19457,19460,19461,19462,38911,38912,38913,38914,38915,38918,38919,38920,38921,38922,1,-1,2,-2,1,3,1,-1,-3,-1,2,2,5,2,2,-2,-2,-5,-2,-2
0,1,6487,6490,19461,19462,19463,19466,19467,19468,38923,38924,38925,38926,38927,38930,38931,38932,38933,38934,1,-1,2,-2,1,3,1,-1,-3,-1,2,2,5,2,2,-2,-2,-5,-2,-2
0,1,6489,6492,19467,19468,19469,19472,19473,19474,38935,38936,38937,38938,38939,38942,38943,38944,38945,38946,1,-1,2,-2,1,3,1,-1,-3,-1,2,2,5,2,2,-2,-2,-5,-2,-2
0,1,6491,6494,19473,19474,19475,19478,19479,19480,38947,38948,38949,38950,38951,38954,38955,38956,38957,38958,1,-1,2,-2,1,3,1,-1,-3,-1,2,2,5,2,2,-2,-2,-5,-2,-2
0,1,6493,6496,19479,19480,19481,19484,19485,19486,38959,38960,38961,38962,38963,38966,38967,38968,38969,38970,1,-1,2,-2,1,3,1,-1,-3,-1,2,2,5,2,2,-2,-2,-5,-2,-2
0,1,6495,6498,19485,19486,19487,19490,19491,19492,38971,38972,38973,38974,38975,38978,38979,38980,38981,38982,1,-1,2,-2,1,3,1,-1,-3,-1,2,2,5,2,2,-2,-2,-5,-2,-2
0,1,6497,6500,19491,19492,19493,19496,19497,19498,38983,38984,38985,38986,38987,38990,38991,38992,38993,38994,1,-1,2,-2,1,3,1,-1,-3,-1,2,2,5,2,2,-2,-2,-5,-2,-2
0,1,6499,6502,19497,19498,19499,19502,19503,19504,38995,38996,38997,38998,38999,39002,39003,39004,39005,39006,1,-1,2,-2,1,3,1,-1,-3,-1,2,2,5,2,2,-2,-2,-5,-2,-2
0,1,6501,6504,19503,19504,19505,19508,19509,19510,39007,39008,39009,39010,39011,39014,39015,39016,39017,39018,1,-1,2,-2,1,3,1,-1,-3,-1,2,2,5,2,2,-2,-2,-5,-2,-2
0,1,6503,6506,19509,19510,19511,19514,19515,19516,39019,39020,39021,39022,39023,39026,39027,39028,39029,39030,1,-1,2,-2,1,3,1,-1,-3,-1,2,2,5,2,2,-2,-2,-5,-2,-2
0,1,6505,6508,19515,19516,19517,19520,19521,19522,39031,39032,39033,39034,39035,39038,39039,39040,39041,39042,1,-1,2,-2,1,3,1,-1,-3,-1,2,2,5,2,2,-2,-2,-5,-2,-2
0,1,6507,6510,19521,19522,19523,19526,19527,19528,39043,39044,39045,39046,39047,39050,39051,39052,39053,39054,1,-1,2,-2,1,3,1,-1,-3,-1,2,2,5,2,2,-2,-2,-5,-2,-2
0,1,6509,6512,19527,19528,19529,19532,19533,19534,39055,39056,39057,39058,39059,39062,39063,39064,39065,39066,1,-1,2,-2,1,3,1,-1,-3,-1,2,2,5,2,2,-2,-2,-5,-2,-2
0,1,6511,6514,19533,19534,19535,19538,19539,19540,39067,39068,39069,39070,39071,39074,39075,39076,39077,39078,1,-1,2,-2,1,3,1,-1,-3,-1,2,2,5,2,2,-2,-2,-5,-2,-2
0,1,6513,6516,19539,19540,19541,19544,19545,19546,39079,39080,39081,39082,39083,39086,39087,39088,39089,39090,1,-1,2,-2,1,3,1,-1,-3,-1,2,2,5,2,2,-2,-2,-5,-2,-2
0,1,6515,6518,19545,19546,19547,19550,19551,19552,39091,39092,39093,39094,39095,39098,39099,39100,39101,39102,1,-1,2,-2,1,3,1,-1,-3,-1,2,2,5,2,2,-2,-2,-5,-2,-2
0,1,6517,6520,19551,19552,19553,19556,19557,19558,39103,39104,39105,39106,39107,39110,39111,39112,39113,39114,1,-1,2,-2,1,3,1,-1,-3,-1,2,2,5,2,2,-2,-2,-5,-2,-2
0,1,6519,6522,19557,19558,19559,19562,19563,19564,39115,39116,39117,39118,39119,39122,39123,39124,39125,39126,1,-1,2,-2,1,3,1,-1,-3,-1,2,2,5,2,2,-2,-2,-5,-2,-2
0,1,6521,6524,19563,19564,19565,19568,19569,19570,39127,39128,39129,39130,39131,39134,39135,39136,39137,39138,1,-1,2,-2,1,3,1,-1,-3,-1,2,2,5,2,2,-2,-2,-5,-2,-2
0,1,6523,6526,19569,19570,19571,19574,19575,19576,39139,39140,39141,39142,39143,39146,39147,39148,39149,39150,1,-1,2,-2,1,3,1,-1,-3,-1,2,2,5,2,2,-2,-2,-5,-2,-2
0,1,6525,6528,19575,19576,19577,19580,19581,19582,39151,39152,39153,39154,39155,39158,39159,39160,39161,39162,1,-1,2,-2,1,3,1,-1,-3,-1,2,2,5,2,2,-2,-2,-5,-2,-2
0,1,6527,6530,19581,19582,19583,19586,19587,19588,39163,39164,39165,39166,39167,39170,39171,39172,39173,39174,1,-1,2,-2,1,3,1,-1,-3,-1,2,2,5,2,2,-2,-2,-5,-2,-2
0,1,6529,6532,19587,19588,19589,19592,19593,19594,39175,39176,39177,39178,39179,39182,39183,39184,39185,39186,1,-1,2,-2,1,3,1,-1,-3,-1,2,2,5,2,2,-2,-2,-5,-2,-2
0,1,6531,6534,19593,19594,19595,19598,19599,19600,39187,39188,39189,39190,39191,39194,39195,39196,39197,39198,1,-1,2,-2,1,3,1,-1,-3,-1,2,2,5,2,2,-2,-2,-5,-2,-2
0,1,6533,6536,19599,19600,19601,19604,19605,19606,39199,39200,39201,39202,39203,39206,39207,39208,39209,39210,1,-1,2,-2,1,3,1,-1,-3,-1,2,2,5,2,2,-2,-2,-5,-2,-2
0,1,6535,6538,19605,19606,19607,19610,19611,19612,39211,39212,39213,39214,39215,39218,39219,39220,39221,39222,1,-1,2,-2,1,3,1,-1,-3,-1,2,2,5,2,2,-2,-2,-5,-2,-2
0,1,6537,6540,19611,19612,19613,19616,19617,19618,39223,39224,39225,39226,39227,39230,39231,39232,39233,39234,1,-1,2,-2,1,3,1,-1,-3,-1,2,2,5,2,2,-2,-2,-5,-2,-2
0,1,6539,6542,19617,19618,19619,19622,19623,19624,39235,39236,39237,39238,39239,39242,39243,39244,39245,39246,1,-1,2,-2,1,3,1,-1,-3,-1,2,2,5,2,2,-2,-2,-5,-2,-2
0,1,6541,6544,19623,19624,19625,19628,19629,19630,39247,39248,39249,39250,39251,39254,39255,39256,39257,39258,1,-1,2,-2,1,3,1,-1,-3,-1,2,2,5,2,2,-2,-2,-5,-2,-2
0,1,6543,6546,19629,19630,19631,19634,19635,19636,39259,39260,39261,39262,39263,39266,39267,39268,39269,39270,1,-1,2,-2,1,3,1,-1,-3,-1,2,2,5,2,2,-2,-2,-5,-2,-2
0,1,6545,6548,19635,19636,19637,19640,19641,19642,39271,39272,39273,39274,39275,39278,39279,39280,39281,39282,1,-1,2,-2,1,3,1,-1,-3,-1,2,2,5,2,2,-2,-2,-5,-2,-2
0,1,6547,6550,19641,19642,19643,19646,19647,19648,39283,39284,39285,39286,39287,39290,39291,39292,39293,39294,1,-1,2,-2,1,3,1,-1,-3,-1,2,2,5,2,2,-2,-2,-5,-2,-2
0,1,6549,6552,19647,19648,19649,19652,19653,19654,39295,39296,39297,39298,39299,39302,39303,39304,39305,39306,1,-1,2,-2,1,3,1,-1,-3,-1,2,2,5,2,2,-2,-2,-5,-2,-2
0,1,6551,6554,19653,19654,19655,19658,19659,19660,39307,39308,39309,39310,39311,39314,39315,39316,39317,39318,1,-1,2,-2,1,3,1,-1,-3,-1,2,2,5,2,2,-2,-2,-5,-2,-2
0,1,6553,6556,19659,19660,19661,19664,19665,19666,39319,39320,39321,39322,39323,39326,39327,39328,39329,39330,1,-1,2,-2,1,3,1,-1,-3,-1,2,2,5,2,2,-2,-2,-5,-2,-2
0,1,6555,6558,19665,19666,19667,19670,19671,19672,39331,39332,39333,39334,39335,39338,39339,39340,39341,39342,1,-1,2,-2,1,3,1,-1,-3,-1,2,2,5,2,2,-2,-2,-5,-2,-2
0,1,6557,6560,19671,19672,19673,19676,19677,19678,39343,39344,39345,39346,39347,39350,39351,39352,39353,39354,1,-1,2,-2,1,3,1,-1,-3,-1,2,2,5,2,2,-2,-2,-5,-2,-2
0,1,6559,6562,19677,19678,19679,19682,19683,19684,39355,39356,39357,39358,39359,39362,39363,39364,39365,39366,1,-1,2,-2,1,3,1,-1,-3,-1,2,2,5,2,2,-2,-2,-5,-2,-2
0,1,6561,6564,19683,19684,19685,19688,19689,19690,39367,39368,39369,39370,39371,39374,39375,39376,39377,39378,1,-1,2,-2,1,3,1,-1,-3,-1,2,2,5,2,2,-2,-2,-5,-2,-2
0,1,6563,6566,19689,19690,19691,19694,19695,19696,39379,39380,39381,39382,39383,39386,39387,39388,39389,39390,1,-1,2,-2,1,3,1,-1,-3,-1,2,2,5,2,2,-2,-2,-5,-2,-2
0,1,6565,6568,19695,19696,19697,19700,19701,19702,39391,39392,39393,39394,39395,39398,39399,39400,39401,39402,1,-1,2,-2,1,3,1,-1,-3,-1,2,2,5,2,2,-2,-2,-5,-2,-2
0,1,6567,6570,19701,19702,19703,19706,19707,19708,39403,39404,39405,39406,39407,39410,39411,39412,39413,39414,1,-1,2,-2,1,3,1,-1,-3,-1,2,2,5,2,2,-2,-2,-5,-2,-2
0,1,6569,6572,19707,19708,19709,19712,19713,19714,39415,39416,39417,39418,39419,39422,39423,39424,39425,39426,1,-1,2,-2,1,3,1,-1,-3,-1,2,2,5,2,2,-2,-2,-5,-2,-2
0,1,6571,6574,19713,19714,19715,19718,19719,19720,39427,39428,39429,39430,39431,39434,39435,39436,39437,39438,1,-1,2,-2,1,3,1,-1,-3,-1,2,2,5,2,2,-2,-2,-5,-2,-2
0,1,6573,6576,19719,19720,19721,19724,19725,19726,39439,39440,39441,39442,39443,39446,39447,39448,39449,39450,1,-1,2,-2,1,3,1,-1,-3,-1,2,2,5,2,2,-2,-2,-5,-2,-2
0,1,6575,6578,19725,19726,19727,19730,19731,19732,39451,39452,39453,39454,39455,39458,39459,39460,39461,39462,1,-1,2,-2,1,3,1,-1,-3,-1,2,2,5,2,2,-2,-2,-5,-2,-2
0,1,6577,6580,19731,19732,19733,19736,19737,19738,39463,39464,39465,39466,39467,39470,39471,39472,39473,39474,1,-1,2,-2,1,3,1,-1,-3,-1,2,2,5,2,2,-2,-2,-5,-2,-2
0,1,6579,6582,19737,19738,19739,19742,19743,19744,39475,39476,39477,39478,39479,39482,39483,39484,39485,39486,1,-1,2,-2,1,3,1,-1,-3,-1,2,2,5,2,2,-2,-2,-5,-2,-2
0,1,6581,6584,19743,19744,19745,19748,19749,19750,39487,39488,39489,39490,39491,39494,39495,39496,39497,39498,1,-1,2,-2,1,3,1,-1,-3,-1,2,2,5,2,2,-2,-2,-5,-2,-2
0,1,6583,6586,19749,19750,19751,19754,19755,19756,39499,39500,39501,39502,39503,39506,39507,39508,39509,39510,1,-1,2,-2,1,3,1,-1,-3,-1,2,2,5,2,2,-2,-2,-5,-2,-2
0,1,6585,6588,19755,19756,19757,19760,19761,19762,39511,39512,39513,39514,39515,39518,39519,39520,39521,39522,1,-1,2,-2,1,3,1,-1,-3,-1,2,2,5,2,2,-2,-2,-5,-2,-2
0,1,6587,6590,19761,19762,19763,19766,19767,19768,39523,39524,39525,39526,39527,39530,39531,39532,39533,39534,1,-1,2,-2,1,3,1,-1,-3,-1,2,2,5,2,2,-2,-2,-5,-2,-2
0,1,6589,6592,19767,19768,19769,19772,19773,19774,39535,39536,39537,39538,39539,39542,39543,39544,39545,39546,1,-1,2,-2,1,3,1,-1,-3,-1,2,2,5,2,2,-2,-2,-5,-2,-2
0,1,6591,6594,19773,19774,19775,19778,19779,19780,39547,39548,39549,39550,39551,39554,39555,39556,39557,39558,1,-1,2,-2,1,3,1,-1,-3,-1,2,2,5,2,2,-2,-2,-5,-2,-2
0,1,6593,6596,19779,19780,19781,19784,19785,19786,39559,39560,39561,39562,39563,39566,39567,39568,39569,39570,1,-1,2,-2,1,3,1,-1,-3,-1,2,2,5,2,2,-2,-2,-5,-2,-2
0,1,6595,6598,19785,19786,19787,19790,19791,19792,39571,39572,39573,39574,39575,39578,39579,39580,39581,39582,1,-1,2,-2,1,3,1,-1,-3,-1,2,2,5,2,2,-2,-2,-5,-2,-2
0,1,6597,6600,19791,19792,19793,19796,19797,19798,39583,39584,39585,39586,39587,39590,39591,39592,39593,39594,1,-1,2,-2,1,3,1,-1,-3,-1,2,2,5,2,2,-2,-2,-5,-2,-2
0,1,6599,6602,19797,19798,19799,19802,19803,19804,39595,39596,39597,39598,39599,39602,39603,39604,39605,39606,1,-1,2,-2,1,3,1,-1,-3,-1,2,2,5,2,2,-2,-2,-5,-2,-2
0,1,6601,6604,19803,19804,19805,19808,19809,19810,39607,39608,39609,39610,39611,39614,39615,39616,39617,39618,1,-1,2,-2,1,3,1,-1,-3,-1,2,2,5,2,2,-2,-2,-5,-2,-2
0,1,6603,6606,19809,19810,19811,19814,19815,19816,39619,39620,39621,39622,39623,39626,39627,39628,39629,39630,1,-1,2,-2,1,3,1,-1,-3,-1,2,2,5,2,2,-2,-2,-5,-2,-2
0,1,6605,6608,19815,19816,19817,19820,19821,19822,39631,39632,39633,39634,39635,39638,39639,39640,39641,39642,1,-1,2,-2,1,3,1,-1,-3,-1,2,2,5,2,2,-2,-2,-5,-2,-2
0,1,6607,6610,19821,19822,19823,19826,19827,19828,39643,39644,39645,39646,39647,39650,39651,39652,39653,39654,1,-1,2,-2,1,3,1,-1,-3,-1,2,2,5,2,2,-2,-2,-5,-2,-2
0,1,6609,6612,19827,19828,19829,19832,19833,19834,39655,39656,39657,39658,39659,39662,39663,39664,39665,39666,1,-1,2,-2,1,3,1,-1,-3,-1,2,2,5,2,2,-2,-2,-5,-2,-2
0,1,6611,6614,19833,19834,19835,19838,19839,19840,39667,39668,39669,39670,39671,39674,39675,39676,39677,39678,1,-1,2,-2,1,3,1,-1,-3,-1,2,2,5,2,2,-2,-2,-5,-2,-2
0,1,6613,6616,19839,19840,19841,19844,19845,19846,39679,39680,39681,39682,39683,39686,39687,39688,39689,39690,1,-1,2,-2,1,3,1,-1,-3,-1,2,2,5,2,2,-2,-2,-5,-2,-2
0,1,6615,6618,19845,19846,19847,19850,19851,19852,39691,39692,39693,39694,39695,39698,39699,39700,39701,39702,1,-1,2,-2,1,3,1,-1,-3,-1,2,2,5,2,2,-2,-2,-5,-2,-2
0,1,6617,6620,19851,19852,19853,19856,19857,19858,39703,39704,39705,39706,39707,39710,39711,39712,39713,39714,1,-1,2,-2,1,3,1,-1,-3,-1,2,2,5,2,2,-2,-2,-5,-2,-2
0,1,6619,6622,19857,19858,19859,19862,19863,19864,39715,39716,39717,39718,39719,39722,39723,39724,39725,39726,1,-1,2,-2,1,3,1,-1,-3,-1,2,2,5,2,2,-2,-2,-5,-2,-2
0,1,6621,6624,19863,19864,19865,19868,19869,19870,39727,39728,39729,39730,39731,39734,39735,39736,39737,39738,1,-1,2,-2,1,3,1,-1,-3,-1,2,2,5,2,2,-2,-2,-5,-2,-2
0,1,6623,6626,19869,19870,19871,19874,19875,19876,39739,39740,39741,39742,39743,39746,39747,39748,39749,39750,1,-1,2,-2,1,3,1,-1,-3,-1,2,2,5,2,2,-2,-2,-5,-2,-2
0,1,6625,6628,19875,19876,19877,19880,19881,19882,39751,39752,39753,39754,39755,39758,39759,39760,39761,39762,1,-1,2,-2,1,3,1,-1,-3,-1,2,2,5,2,2,-2,-2,-5,-2,-2
0,1,6627,6630,19881,19882,19883,19886,19887,19888,39763,39764,39765,39766,39767,39770,39771,39772,39773,39774,1,-1,2,-2,1,3,1,-1,-3,-1,2,2,5,2,2,-2,-2,-5,-2,-2
0,1,6629,6632,19887,19888,19889,19892,19893,19894,39775,39776,39777,39778,39779,39782,39783,39784,39785,39786,1,-1,2,-2,1,3,1,-1,-3,-1,2,2,5,2,2,-2,-2,-5,-2,-2
0,1,6631,6634,19893,19894,19895,19898,19899,19900,39787,39788,39789,39790,39791,39794,39795,39796,39797,39798,1,-1,2,-2,1,3,1,-1,-3,-1,2,2,5,2,2,-2,-2,-5,-2,-2
0,1,6633,6636,19899,19900,19901,19904,19905,19906,39799,39800,39801,39802,39803,39806,39807,39808,39809,39810,1,-1,2,-2,1,3,1,-1,-3,-1,2,2,5,2,2,-2,-2,-5,-2,-2
0,1,6635,6638,19905,19906,19907,19910,19911,19912,39811,39812,39813,39814,39815,39818,39819,39820,39821,39822,1,-1,2,-2,1,3,1,-1,-3,-1,2,2,5,2,2,-2,-2,-5,-2,-2
0,1,6637,6640,19911,19912,19913,19916,19917,19918,39823,39824,39825,39826,39827,39830,39831,39832,39833,39834,1,-1,2,-2,1,3,1,-1,-3,-1,2,2,5,2,2,-2,-2,-5,-2,-2
0,1,6639,6642,19917,19918,19919,19922,19923,19924,39835,39836,39837,39838,39839,39842,39843,39844,39845,39846,1,-1,2,-2,1,3,1,-1,-3,-1,2,2,5,2,2,-2,-2,-5,-2,-2
0,1,6641,6644,19923,19924,19925,19928,19929,19930,39847,39848,39849,39850,39851,39854,39855,39856,39857,39858,1,-1,2,-2,1,3,1,-1,-3,-1,2,2,5,2,2,-2,-2,-5,-2,-2
0,1,6643,6646,19929,19930,19931,19934,19935,19936,39859,39860,39861,39862,39863,39866,39867,39868,39869,39870,1,-1,2,-2,1,3,1,-1,-3,-1,2,2,5,2,2,-2,-2,-5,-2,-2
0,1,6645,6648,19935,19936,19937,19940,19941,19942,39871,39872,39873,39874,39875,39878,39879,39880,39881,39882,1,-1,2,-2,1,3,1,-1,-3,-1,2,2,5,2,2,-2,-2,-5,-2,-2
0,1,6647,6650,19941,19942,19943,19946,19947,19948,39883,39884,39885,39886,39887,39890,39891,39892,39893,39894,1,-1,2,-2,1,3,1,-1,-3,-1,2,2,5,2,2,-2,-2,-5,-2,-2
0,1,6649,6652,19947,19948,19949,19952,19953,19954,39895,39896,39897,39898,39899,39902,39903,39904,39905,39906,1,-1,2,-2,1,3,1,-1,-3,-1,2,2,5,2,2,-2,-2,-5,-2,-2
0,1,6651,6654,19953,19954,19955,19958,19959,19960,39907,39908,39909,39910,39911,39914,39915,39916,39917,39918,1,-1,2,-2,1,3,1,-1,-3,-1,2,2,5,2,2,-2,-2,-5,-2,-2
0,1,6653,6656,19959,19960,19961,19964,19965,19966,39919,39920,39921,39922,39923,39926,39927,39928,39929,39930,1,-1,2,-2,1,3,1,-1,-3,-1,2,2,5,2,2,-2,-2,-5,-2,-2
0,1,6655,6658,19965,19966,19967,19970,19971,19972,39931,39932,39933,39934,39935,39938,39939,39940,39941,39942,1,-1,2,-2,1,3,1,-1,-3,-1,2,2,5,2,2,-2,-2,-5,-2,-2
0,1,6657,6660,19971,19972,19973,19976,19977,19978,39943,39944,39945,39946,39947,39950,39951,39952,39953,39954,1,-1,2,-2,1,3,1,-1,-3,-1,2,2,5,2,2,-2,-2,-5,-2,-2
0,1,6659,6662,19977,19978,19979,19982,19983,19984,39955,39956,39957,39958,39959,39962,39963,39964,39965,39966,1,-1,2,-2,1,3,1,-1,-3,-1,2,2,5,2,2,-2,-2,-5,-2,-2
0,1,6661,6664,19983,19984,19985,19988,19989,19990,39967,39968,39969,39970,39971,39974,39975,39976,39977,39978,1,-1,2,-2,1,3,1,-1,-3,-1,2,2,5,2,2,-2,-2,-5,-2,-2
0,1,6663,6666,19989,19990,19991,19994,19995,19996,39979,39980,39981,39982,39983,39986,39987,39988,39989,39990,1,-1,2,-2,1,3,1,-1,-3,-1,2,2,5,2,2,-2,-2,-5,-2,-2
0,1,6665,6668,19995,19996,19997,20000,20001,20002,39991,39992,39993,39994,39995,39998,39999,40000,40001,40002,1,-1,2,-2,1,3,1,-1,-3,-1,2,2,5,2,2,-2,-2,-5,-2,-2
0,1,6667,6670,20001,20002,20003,20006,20007,20008,40003,40004,40005,40006,40007,40010,40011,40012,40013,40014,1,-1,2,-2,1,3,1,-1,-3,-1,2,2,5,2,2,-2,-2,-5,-2,-2
0,1,6669,6672,20007,20008,20009,20012,20013,20014,40015,40016,40017,40018,40019,40022,40023,40024,40025,40026,1,-1,2,-2,1,3,1,-1,-3,-1,2,2,5,2,2,-2,-2,-5,-2,-2
0,1,6671,6674,20013,20014,20015,20018,20019,20020,40027,40028,40029,40030,40031,40034,40035,40036,40037,40038,1,-1,2,-2,1,3,1,-1,-3,-1,2,2,5,2,2,-2,-2,-5,-2,-2
0,1,6673,6676,20019,20020,20021,20024,20025,20026,40039,40040,40041,40042,40043,40046,40047,40048,40049,40050,1,-1,2,-2,1,3,1,-1,-3,-1,2,2,5,2,2,-2,-2,-5,-2,-2
0,1,6675,6678,20025,20026,20027,20030,20031,20032,40051,40052,40053,40054,40055,40058,40059,40060,40061,40062,1,-1,2,-2,1,3,1,-1,-3,-1,2,2,5,2,2,-2,-2,-5,-2,-2
0,1,6677,6680,20031,20032,20033,20036,20037,20038,40063,40064,40065,40066,40067,40070,40071,40072,40073,40074,1,-1,2,-2,1,3,1,-1,-3,-1,2,2,5,2,2,-2,-2,-5,-2,-2
0,1,6679,6682,20037,20038,20039,20042,20043,20044,40075,40076,40077,40078,40079,40082,40083,40084,40085,40086,1,-1,2,-2,1,3,1,-1,-3,-1,2,2,5,2,2,-2,-2,-5,-2,-2
0,1,6681,6684,20043,20044,20045,20048,20049,20050,40087,40088,40089,40090,40091,40094,40095,40096,40097,40098,1,-1,2,-2,1,3,1,-1,-3,-1,2,2,5,2,2,-2,-2,-5,-2,-2
0,1,6683,6686,20049,20050,20051,20054,20055,20056,40099,40100,40101,40102,40103,40106,40107,40108,40109,40110,1,-1,2,-2,1,3,1,-1,-3,-1,2,2,5,2,2,-2,-2,-5,-2,-2
0,1,6685,6688,20055,20056,20057,20060,20061,20062,40111,40112,40113,40114,40115,40118,40119,40120,40121,40122,1,-1,2,-2,1,3,1,-1,-3,-1,2,2,5,2,2,-2,-2,-5,-2,-2
0,1,6687,6690,20061,20062,20063,20066,20067,20068,40123,40124,40125,40126,40127,40130,40131,40132,40133,40134,1,-1,2,-2,1,3,1,-1,-3,-1,2,2,5,2,2,-2,-2,-5,-2,-2
0,1,6689,6692,20067,20068,20069,20072,20073,20074,40135,40136,40137,40138,40139,40142,40143,40144,40145,40146,1,-1,2,-2,1,3,1,-1,-3,-1,2,2,5,2,2,-2,-2,-5,-2,-2
0,1,6691,6694,20073,20074,20075,20078,20079,20080,40147,40148,40149,40150,40151,40154,40155,40156,40157,40158,1,-1,2,-2,1,3,1,-1,-3,-1,2,2,5,2,2,-2,-2,-5,-2,-2
0,1,6693,6696,20079,20080,20081,20084,20085,20086,40159,40160,40161,40162,40163,40166,40167,40168,40169,40170,1,-1,2,-2,1,3,1,-1,-3,-1,2,2,5,2,2,-2,-2,-5,-2,-2
0,1,6695,6698,20085,20086,20087,20090,20091,20092,40171,40172,40173,40174,40175,40178,40179,40180,40181,40182,1,-1,2,-2,1,3,1,-1,-3,-1,2,2,5,2,2,-2,-2,-5,-2,-2
0,1,6697,6700,20091,20092,20093,20096,20097,20098,40183,40184,40185,40186,40187,40190,40191,40192,40193,40194,1,-1,2,-2,1,3,1,-1,-3,-1,2,2,5,2,2,-2,-2,-5,-2,-2
0,1,6699,6702,20097,20098,20099,20102,20103,20104,40195,40196,40197,40198,40199,40202,40203,40204,40205,40206,1,-1,2,-2,1,3,1,-1,-3,-1,2,2,5,2,2,-2,-2,-5,-2,-2
0,1,6701,6704,20103,20104,20105,20108,20109,20110,40207,40208,40209,40210,40211,40214,40215,40216,40217,40218,1,-1,2,-2,1,3,1,-1,-3,-1,2,2,5,2,2,-2,-2,-5,-2,-2
0,1,6703,6706,20109,20110,20111,20114,20115,20116,40219,40220,40221,40222,40223,40226,40227,40228,40229,40230,1,-1,2,-2,1,3,1,-1,-3,-1,2,2,5,2,2,-2,-2,-5,-2,-2
0,1,6705,6708,20115,20116,20117,20120,20121,20122,40231,40232,40233,40234,40235,40238,40239,40240,40241,40242,1,-1,2,-2,1,3,1,-1,-3,-1,2,2,5,2,2,-2,-2,-5,-2,-2
0,1,6707,6710,20121,20122,20123,20126,20127,20128,40243,40244,40245,40246,40247,40250,40251,40252,40253,40254,1,-1,2,-2,1,3,1,-1,-3,-1,2,2,5,2,2,-2,-2,-5,-2,-2
0,1,6709,6712,20127,20128,20129,20132,20133,20134,40255,40256,40257,40258,40259,40262,40263,40264,40265,40266,1,-1,2,-2,1,3,1,-1,-3,-1,2,2,5,2,2,-2,-2,-5,-2,-2
0,1,6711,6714,20133,20134,20135,20138,20139,20140,40267,40268,40269,40270,40271,40274,40275,40276,40277,40278,1,-1,2,-2,1,3,1,-1,-3,-1,2,2,5,2,2,-2,-2,-5,-2,-2
0,1,6713,6716,20139,20140,20141,20144,20145,20146,40279,40280,40281,40282,40283,40286,40287,40288,40289,40290,1,-1,2,-2,1,3,1,-1,-3,-1,2,2,5,2,2,-2,-2,-5,-2,-2
0,1,6715,6718,20145,20146,20147,20150,20151,20152,40291,40292,40293,40294,40295,40298,40299,40300,40301,40302,1,-1,2,-2,1,3,1,-1,-3,-1,2,2,5,2,2,-2,-2,-5,-2,-2
0,1,6717,6720,20151,20152,20153,20156,20157,20158,40303,40304,40305,40306,40307,40310,40311,40312,40313,40314,1,-1,2,-2,1,3,1,-1,-3,-1,2,2,5,2,2,-2,-2,-5,-2,-2
0,1,6719,6722,20157,20158,20159,20162,20163,20164,40315,40316,40317,40318,40319,40322,40323,40324,40325,40326,1,-1,2,-2,1,3,1,-1,-3,-1,2,2,5,2,2,-2,-2,-5,-2,-2
0,1,6721,6724,20163,20164,20165,20168,20169,20170,40327,40328,40329,40330,40331,40334,40335,40336,40337,40338,1,-1,2,-2,1,3,1,-1,-3,-1,2,2,5,2,2,-2,-2,-5,-2,-2
0,1,6723,6726,20169,20170,20171,20174,20175,20176,40339,40340,40341,40342,40343,40346,40347,40348,40349,40350,1,-1,2,-2,1,3,1,-1,-3,-1,2,2,5,2,2,-2,-2,-5,-2,-2
0,1,6725,6728,20175,20176,20177,20180,20181,20182,40351,40352,40353,40354,40355,40358,40359,40360,40361,40362,1,-1,2,-2,1,3,1,-1,-3,-1,2,2,5,2,2,-2,-2,-5,-2,-2
0,1,6727,6730,20181,20182,20183,20186,20187,20188,40363,40364,40365,40366,40367,40370,40371,40372,40373,40374,1,-1,2,-2,1,3,1,-1,-3,-1,2,2,5,2,2,-2,-2,-5,-2,-2
0,1,6729,6732,20187,20188,20189,20192,20193,20194,40375,40376,40377,40378,40379,40382,40383,40384,40385,40386,1,-1,2,-2,1,3,1,-1,-3,-1,2,2,5,2,2,-2,-2,-5,-2,-2
0,1,6731,6734,20193,20194,20195,20198,20199,20200,40387,40388,40389,40390,40391,40394,40395,40396,40397,40398,1,-1,2,-2,1,3,1,-1,-3,-1,2,2,5,2,2,-2,-2,-5,-2,-2
0,1,6733,6736,20199,20200,20201,20204,20205,20206,40399,40400,40401,40402,40403,40406,40407,40408,40409,40410,1,-1,2,-2,1,3,1,-1,-3,-1,2,2,5,2,2,-2,-2,-5,-2,-2
0,1,6735,6738,20205,20206,20207,20210,20211,20212,40411,40412,40413,40414,40415,40418,40419,40420,40421,40422,1,-1,2,-2,1,3,1,-1,-3,-1,2,2,5,2,2,-2,-2,-5,-2,-2
0,1,6737,6740,20211,20212,20213,20216,20217,20218,40423,40424,40425,40426,40427,40430,40431,40432,40433,40434,1,-1,2,-2,1,3,1,-1,-3,-1,2,2,5,2,2,-2,-2,-5,-2,-2
0,1,6739,6742,20217,20218,20219,20222,20223,20224,40435,40436,40437,40438,40439,40442,40443,40444,40445,40446,1,-1,2,-2,1,3,1,-1,-3,-1,2,2,5,2,2,-2,-2,-5,-2,-2
0,1,6741,6744,20223,20224,20225,20228,20229,20230,40447,40448,40449,40450,40451,40454,40455,40456,40457,40458,1,-1,2,-2,1,3,1,-1,-3,-1,2,2,5,2,2,-2,-2,-5,-2,-2
0,1,6743,6746,20229,20230,20231,20234,20235,20236,40459,40460,40461,40462,40463,40466,40467,40468,40469,40470,1,-1,2,-2,1,3,1,-1,-3,-1,2,2,5,2,2,-2,-2,-5,-2,-2
0,1,6745,6748,20235,20236,20237,20240,20241,20242,40471,40472,40473,40474,40475,40478,40479,40480,40481,40482,1,-1,2,-2,1,3,1,-1,-3,-1,2,2,5,2,2,-2,-2,-5,-2,-2
0,1,6747,6750,20241,20242,20243,20246,20247,20248,40483,40484,40485,40486,40487,40490,40491,40492,40493,40494,1,-1,2,-2,1,3,1,-1,-3,-1,2,2,5,2,2,-2,-2,-5,-2,-2
0,1,6749,6752,20247,20248,20249,20252,20253,20254,40495,40496,40497,40498,40499,40502,40503,40504,40505,40506,1,-1,2,-2,1,3,1,-1,-3,-1,2,2,5,2,2,-2,-2,-5,-2,-2
0,1,6751,6754,20253,20254,20255,20258,20259,20260,40507,40508,40509,40510,40511,40514,40515,40516,40517,40518,1,-1,2,-2,1,3,1,-1,-3,-1,2,2,5,2,2,-2,-2,-5,-2,-2
0,1,6753,6756,20259,20260,20261,20264,20265,20266,40519,40520,40521,40522,40523,40526,40527,40528,40529,40530,1,-1,2,-2,1,3,1,-1,-3,-1,2,2,5,2,2,-2,-2,-5,-2,-2
0,1,6755,6758,20265,20266,20267,20270,20271,20272,40531,40532,40533,40534,40535,40538,40539,40540,40541,40542,1,-1,2,-2,1,3,1,-1,-3,-1,2,2,5,2,2,-2,-2,-5,-2,-2
0,1,6757,6760,20271,20272,20273,20276,20277,20278,40543,40544,40545,40546,40547,40550,40551,40552,40553,40554,1,-1,2,-2,1,3,1,-1,-3,-1,2,2,5,2,2,-2,-2,-5,-2,-2
0,1,6759,6762,20277,20278,20279,20282,20283,20284,40555,40556,40557,40558,40559,40562,40563,40564,40565,40566,1,-1,2,-2,1,3,1,-1,-3,-1,2,2,5,2,2,-2,-2,-5,-2,-2
0,1,6761,6764,20283,20284,20285,20288,20289,20290,40567,40568,40569,40570,40571,40574,40575,40576,40577,40578,1,-1,2,-2,1,3,1,-1,-3,-1,2,2,5,2,2,-2,-2,-5,-2,-2
0,1,6763,6766,20289,20290,20291,20294,20295,20296,40579,40580,40581,40582,40583,40586,40587,40588,40589,40590,1,-1,2,-2,1,3,1,-1,-3,-1,2,2,5,2,2,-2,-2,-5,-2,-2
0,1,6765,6768,20295,20296,20297,20300,20301,20302,40591,40592,40593,40594,40595,40598,40599,40600,40601,40602,1,-1,2,-2,1,3,1,-1,-3,-1,2,2,5,2,2,-2,-2,-5,-2,-2
0,1,6767,6770,20301,20302,20303,20306,20307,20308,40603,40604,40605,40606,40607,40610,40611,40612,40613,40614,1,-1,2,-2,1,3,1,-1,-3,-1,2,2,5,2,2,-2,-2,-5,-2,-2
0,1,6769,6772,20307,20308,20309,20312,20313,20314,40615,40616,40617,40618,40619,40622,40623,40624,40625,40626,1,-1,2,-2,1,3,1,-1,-3,-1,2,2,5,2,2,-2,-2,-5,-2,-2
0,1,6771,6774,20313,20314,20315,20318,20319,20320,40627,40628,40629,40630,40631,40634,40635,40636,40637,40638,1,-1,2,-2,1,3,1,-1,-3,-1,2,2,5,2,2,-2,-2,-5,-2,-2
0,1,6773,6776,20319,20320,20321,20324,20325,20326,40639,40640,40641,40642,40643,40646,40647,40648,40649,40650,1,-1,2,-2,1,3,1,-1,-3,-1,2,2,5,2,2,-2,-2,-5,-2,-2
0,1,6775,6778,20325,20326,20327,20330,20331,20332,40651,40652,40653,40654,40655,40658,40659,40660,40661,40662,1,-1,2,-2,1,3,1,-1,-3,-1,2,2,5,2,2,-2,-2,-5,-2,-2
0,1,6777,6780,20331,20332,20333,20336,20337,20338,40663,40664,40665,40666,40667,40670,40671,40672,40673,40674,1,-1,2,-2,1,3,1,-1,-3,-1,2,2,5,2,2,-2,-2,-5,-2,-2
0,1,6779,6782,20337,20338,20339,20342,20343,20344,40675,40676,40677,40678,40679,40682,40683,40684,40685,40686,1,-1,2,-2,1,3,1,-1,-3,-1,2,2,5,2,2,-2,-2,-5,-2,-2
0,1,6781,6784,20343,20344,20345,20348,20349,20350,40687,40688,40689,40690,40691,40694,40695,40696,40697,40698,1,-1,2,-2,1,3,1,-1,-3,-1,2,2,5,2,2,-2,-2,-5,-2,-2
0,1,6783,6786,20349,20350,20351,20354,20355,20356,40699,40700,40701,40702,40703,40706,40707,40708,40709,40710,1,-1,2,-2,1,3,1,-1,-3,-1,2,2,5,2,2,-2,-2,-5,-2,-2
0,1,6785,6788,20355,20356,20357,20360,20361,20362,40711,40712,40713,40714,40715,40718,40719,40720,40721,40722,1,-1,2,-2,1,3,1,-1,-3,-1,2,2,5,2,2,-2,-2,-5,-2,-2
0,1,6787,6790,20361,20362,20363,20366,20367,20368,40723,40724,40725,40726,40727,40730,40731,40732,40733,40734,1,-1,2,-2,1,3,1,-1,-3,-1,2,2,5,2,2,-2,-2,-5,-2,-2
0,1,6789,6792,20367,20368,20369,20372,20373,20374,40735,40736,40737,40738,40739,40742,40743,40744,40745,40746,1,-1,2,-2,1,3,1,-1,-3,-1,2,2,5,2,2,-2,-2,-5,-2,-2
0,1,6791,6794,20373,20374,20375,20378,20379,20380,40747,40748,40749,40750,40751,40754,40755,40756,40757,40758,1,-1,2,-2,1,3,1,-1,-3,-1,2,2,5,2,2,-2,-2,-5,-2,-2
0,1,6793,6796,20379,20380,20381,20384,20385,20386,40759,40760,40761,40762,40763,40766,40767,40768,40769,40770,1,-1,2,-2,1,3,1,-1,-3,-1,2,2,5,2,2,-2,-2,-5,-2,-2
0,1,6795,6798,20385,20386,20387,20390,20391,20392,40771,40772,40773,40774,40775,40778,40779,40780,40781,40782,1,-1,2,-2,1,3,1,-1,-3,-1,2,2,5,2,2,-2,-2,-5,-2,-2
0,1,6797,6800,20391,20392,20393,20396,20397,20398,40783,40784,40785,40786,40787,40790,40791,40792,40793,40794,1,-1,2,-2,1,3,1,-1,-3,-1,2,2,5,2,2,-2,-2,-5,-2,-2
0,1,6799,6802,20397,20398,20399,20402,20403,20404,40795,40796,40797,40798,40799,40802,40803,40804,40805,40806,1,-1,2,-2,1,3,1,-1,-3,-1,2,2,5,2,2,-2,-2,-5,-2,-2
0,1,6801,6804,20403,20404,20405,20408,20409,20410,40807,40808,40809,40810,40811,40814,40815,40816,40817,40818,1,-1,2,-2,1,3,1,-1,-3,-1,2,2,5,2,2,-2,-2,-5,-2,-2
0,1,6803,6806,20409,20410,20411,20414,20415,20416,40819,40820,40821,40822,40823,40826,40827,40828,40829,40830,1,-1,2,-2,1,3,1,-1,-3,-1,2,2,5,2,2,-2,-2,-5,-2,-2
0,1,6805,6808,20415,20416,20417,20420,20421,20422,40831,40832,40833,40834,40835,40838,40839,40840,40841,40842,1,-1,2,-2,1,3,1,-1,-3,-1,2,2,5,2,2,-2,-2,-5,-2,-2
0,1,6807,6810,20421,20422,20423,20426,20427,20428,40843,40844,40845,40846,40847,40850,40851,40852,40853,40854,1,-1,2,-2,1,3,1,-1,-3,-1,2,2,5,2,2,-2,-2,-5,-2,-2
0,1,6809,6812,20427,20428,20429,20432,20433,20434,40855,40856,40857,40858,40859,40862,40863,40864,40865,40866,1,-1,2,-2,1,3,1,-1,-3,-1,2,2,5,2,2,-2,-2,-5,-2,-2
0,1,6811,6814,20433,20434,20435,20438,20439,20440,40867,40868,40869,40870,40871,40874,40875,40876,40877,40878,1,-1,2,-2,1,3,1,-1,-3,-1,2,2,5,2,2,-2,-2,-5,-2,-2
0,1,6813,6816,20439,20440,20441,20444,20445,20446,40879,40880,40881,40882,40883,40886,40887,40888,40889,40890,1,-1,2,-2,1,3,1,-1,-3,-1,2,2,5,2,2,-2,-2,-5,-2,-2
0,1,6815,6818,20445,20446,20447,20450,20451,20452,40891,40892,40893,40894,40895,40898,40899,40900,40901,40902,1,-1,2,-2,1,3,1,-1,-3,-1,2,2,5,2,2,-2,-2,-5,-2,-2
0,1,6817,6820,20451,20452,20453,20456,20457,20458,40903,40904,40905,40906,40907,40910,40911,40912,40913,40914,1,-1,2,-2,1,3,1,-1,-3,-1,2,2,5,2,2,-2,-2,-5,-2,-2
0,1,6819,6822,20457,20458,20459,20462,20463,20464,40915,40916,40917,40918,40919,40922,40923,40924,40925,40926,1,-1,2,-2,1,3,1,-1,-3,-1,2,2,5,2,2,-2,-2,-5,-2,-2
0,1,6821,6824,20463,20464,20465,20468,20469,20470,40927,40928,40929,40930,40931,40934,40935,40936,40937,40938,1,-1,2,-2,1,3,1,-1,-3,-1,2,2,5,2,2,-2,-2,-5,-2,-2
0,1,6823,6826,20469,20470,20471,20474,20475,20476,40939,40940,40941,40942,40943,40946,40947,40948,40949,40950,1,-1,2,-2,1,3,1,-1,-3,-1,2,2,5,2,2,-2,-2,-5,-2,-2
0,1,6825,6828,20475,20476,20477,20480,20481,20482,40951,40952,40953,40954,40955,40958,40959,40960,40961,40962,1,-1,2,-2,1,3,1,-1,-3,-1,2,2,5,2,2,-2,-2,-5,-2,-2
0,1,6827,6830,20481,20482,20483,20486,20487,20488,40963,40964,40965,40966,40967,40970,40971,40972,40973,40974,1,-1,2,-2,1,3,1,-1,-3,-1,2,2,5,2,2,-2,-2,-5,-2,-2
0,1,6829,6832,20487,20488,20489,20492,20493,20494,40975,40976,40977,40978,40979,40982,40983,40984,40985,40986,1,-1,2,-2,1,3,1,-1,-3,-1,2,2,5,2,2,-2,-2,-5,-2,-2
0,1,6831,6834,20493,20494,20495,20498,20499,20500,40987,40988,40989,40990,40991,40994,40995,40996,40997,40998,1,-1,2,-2,1,3,1,-1,-3,-1,2,2,5,2,2,-2,-2,-5,-2,-2
0,1,6833,6836,20499,20500,20501,20504,20505,20506,40999,41000,41001,41002,41003,41006,41007,41008,41009,41010,1,-1,2,-2,1,3,1,-1,-3,-1,2,2,5,2,2,-2,-2,-5,-2,-2
0,1,6835,6838,20505,20506,20507,20510,20511,20512,41011,41012,41013,41014,41015,41018,41019,41020,41021,41022,1,-1,2,-2,1,3,1,-1,-3,-1,2,2,5,2,2,-2,-2,-5,-2,-2
0,1,6837,6840,20511,20512,20513,20516,20517,20518,41023,41024,41025,41026,41027,41030,41031,41032,41033,41034,1,-1,2,-2,1,3,1,-1,-3,-1,2,2,5,2,2,-2,-2,-5,-2,-2
0,1,6839,6842,20517,20518,20519,20522,20523,20524,41035,41036,41037,41038,41039,41042,41043,41044,41045,41046,1,-1,2,-2,1,3,1,-1,-3,-1,2,2,5,2,2,-2,-2,-5,-2,-2
0,1,6841,6844,20523,20524,20525,20528,20529,20530,41047,41048,41049,41050,41051,41054,41055,41056,41057,41058,1,-1,2,-2,1,3,1,-1,-3,-1,2,2,5,2,2,-2,-2,-5,-2,-2
0,1,6843,6846,20529,20530,20531,20534,20535,20536,41059,41060,41061,41062,41063,41066,41067,41068,41069,41070,1,-1,2,-2,1,3,1,-1,-3,-1,2,2,5,2,2,-2,-2,-5,-2,-2
0,1,6845,6848,20535,20536,20537,20540,20541,20542,41071,41072,41073,41074,41075,41078,41079,41080,41081,41082,1,-1,2,-2,1,3,1,-1,-3,-1,2,2,5,2,2,-2,-2,-5,-2,-2
0,1,6847,6850,20541,20542,20543,20546,20547,20548,41083,41084,41085,41086,41087,41090,41091,41092,41093,41094,1,-1,2,-2,1,3,1,-1,-3,-1,2,2,5,2,2,-2,-2,-5,-2,-2
0,1,6849,6852,20547,20548,20549,20552,20553,20554,41095,41096,41097,41098,41099,41102,41103,41104,41105,41106,1,-1,2,-2,1,3,1,-1,-3,-1,2,2,5,2,2,-2,-2,-5,-2,-2
0,1,6851,6854,20553,20554,20555,20558,20559,20560,41107,41108,41109,41110,41111,41114,41115,41116,41117,41118,1,-1,2,-2,1,3,1,-1,-3,-1,2,2,5,2,2,-2,-2,-5,-2,-2
0,1,6853,6856,20559,20560,20561,20564,20565,20566,41119,41120,41121,41122,41123,41126,41127,41128,41129,41130,1,-1,2,-2,1,3,1,-1,-3,-1,2,2,5,2,2,-2,-2,-5,-2,-2
0,1,6855,6858,20565,20566,20567,20570,20571,20572,41131,41132,41133,41134,41135,41138,41139,41140,41141,41142,1,-1,2,-2,1,3,1,-1,-3,-1,2,2,5,2,2,-2,-2,-5,-2,-2
0,1,6857,6860,20571,20572,20573,20576,20577,20578,41143,41144,41145,41146,41147,41150,41151,41152,41153,41154,1,-1,2,-2,1,3,1,-1,-3,-1,2,2,5,2,2,-2,-2,-5,-2,-2
0,1,6859,6862,20577,20578,20579,20582,20583,20584,41155,41156,41157,41158,41159,41162,41163,41164,41165,41166,1,-1,2,-2,1,3,1,-1,-3,-1,2,2,5,2,2,-2,-2,-5,-2,-2
0,1,6861,6864,20583,20584,20585,20588,20589,20590,41167,41168,41169,41170,41171,41174,41175,41176,41177,41178,1,-1,2,-2,1,3,1,-1,-3,-1,2,2,5,2,2,-2,-2,-5,-2,-2
0,1,6863,6866,20589,20590,20591,20594,20595,20596,41179,41180,41181,41182,41183,41186,41187,41188,41189,41190,1,-1,2,-2,1,3,1,-1,-3,-1,2,2,5,2,2,-2,-2,-5,-2,-2
0,1,6865,6868,20595,20596,20597,20600,20601,20602,41191,41192,41193,41194,41195,41198,41199,41200,41201,41202,1,-1,2,-2,1,3,1,-1,-3,-1,2,2,5,2,2,-2,-2,-5,-2,-2
0,1,6867,6870,20601,20602,20603,20606,20607,20608,41203,41204,41205,41206,41207,41210,41211,41212,41213,41214,1,-1,2,-2,1,3,1,-1,-3,-1,2,2,5,2,2,-2,-2,-5,-2,-2
0,1,6869,6872,20607,20608,20609,20612,20613,20614,41215,41216,41217,41218,41219,41222,41223,41224,41225,41226,1,-1,2,-2,1,3,1,-1,-3,-1,2,2,5,2,2,-2,-2,-5,-2,-2
0,1,6871,6874,20613,20614,20615,20618,20619,20620,41227,41228,41229,41230,41231,41234,41235,41236,41237,41238,1,-1,2,-2,1,3,1,-1,-3,-1,2,2,5,2,2,-2,-2,-5,-2,-2
0,1,6873,6876,20619,20620,20621,20624,20625,20626,41239,41240,41241,41242,41243,41246,41247,41248,41249,41250,1,-1,2,-2,1,3,1,-1,-3,-1,2,2,5,2,2,-2,-2,-5,-2,-2
0,1,6875,6878,20625,20626,20627,20630,20631,20632,41251,41252,41253,41254,41255,41258,41259,41260,41261,41262,1,-1,2,-2,1,3,1,-1,-3,-1,2,2,5,2,2,-2,-2,-5,-2,-2
0,1,6877,6880,20631,20632,20633,20636,20637,20638,41263,41264,41265,41266,41267,41270,41271,41272,41273,41274,1,-1,2,-2,1,3,1,-1,-3,-1,2,2,5,2,2,-2,-2,-5,-2,-2
0,1,6879,6882,20637,20638,20639,20642,20643,20644,41275,41276,41277,41278,41279,41282,41283,41284,41285,41286,1,-1,2,-2,1,3,1,-1,-3,-1,2,2,5,2,2,-2,-2,-5,-2,-2
0,1,6881,6884,20643,20644,20645,20648,20649,20650,41287,41288,41289,41290,41291,41294,41295,41296,41297,41298,1,-1,2,-2,1,3,1,-1,-3,-1,2,2,5,2,2,-2,-2,-5,-2,-2
0,1,6883,6886,20649,20650,20651,20654,20655,20656,41299,41300,41301,41302,41303,41306,41307,41308,41309,41310,1,-1,2,-2,1,3,1,-1,-3,-1,2,2,5,2,2,-2,-2,-5,-2,-2
0,1,6885,6888,20655,20656,20657,20660,20661,20662,41311,41312,41313,41314,41315,41318,41319,41320,41321,41322,1,-1,2,-2,1,3,1,-1,-3,-1,2,2,5,2,2,-2,-2,-5,-2,-2
0,1,6887,6890,20661,20662,20663,20666,20667,20668,41323,41324,41325,41326,41327,41330,41331,41332,41333,41334,1,-1,2,-2,1,3,1,-1,-3,-1,2,2,5,2,2,-2,-2,-5,-2,-2
0,1,6889,6892,20667,20668,20669,20672,20673,20674,41335,41336,41337,41338,41339,41342,41343,41344,41345,41346,1,-1,2,-2,1,3,1,-1,-3,-1,2,2,5,2,2,-2,-2,-5,-2,-2
0,1,6891,6894,20673,20674,20675,20678,20679,20680,41347,41348,41349,41350,41351,41354,41355,41356,41357,41358,1,-1,2,-2,1,3,1,-1,-3,-1,2,2,5,2,2,-2,-2,-5,-2,-2
0,1,6893,6896,20679,20680,20681,20684,20685,20686,41359,41360,41361,41362,41363,41366,41367,41368,41369,41370,1,-1,2,-2,1,3,1,-1,-3,-1,2,2,5,2,2,-2,-2,-5,-2,-2
0,1,6895,6898,20685,20686,20687,20690,20691,20692,41371,41372,41373,41374,41375,41378,41379,41380,41381,41382,1,-1,2,-2,1,3,1,-1,-3,-1,2,2,5,2,2,-2,-2,-5,-2,-2
0,1,6897,6900,20691,20692,20693,20696,20697,20698,41383,41384,41385,41386,41387,41390,41391,41392,41393,41394,1,-1,2,-2,1,3,1,-1,-3,-1,2,2,5,2,2,-2,-2,-5,-2,-2
0,1,6899,6902,20697,20698,20699,20702,20703,20704,41395,41396,41397,41398,41399,41402,41403,41404,41405,41406,1,-1,2,-2,1,3,1,-1,-3,-1,2,2,5,2,2,-2,-2,-5,-2,-2
0,1,6901,6904,20703,20704,20705,20708,20709,20710,41407,41408,41409,41410,41411,41414,41415,41416,41417,41418,1,-1,2,-2,1,3,1,-1,-3,-1,2,2,5,2,2,-2,-2,-5,-2,-2
0,1,6903,6906,20709,20710,20711,20714,20715,20716,41419,41420,41421,41422,41423,41426,41427,41428,41429,41430,1,-1,2,-2,1,3,1,-1,-3,-1,2,2,5,2,2,-2,-2,-5,-2,-2
0,1,6905,6908,20715,20716,20717,20720,20721,20722,41431,41432,41433,41434,41435,41438,41439,41440,41441,41442,1,-1,2,-2,1,3,1,-1,-3,-1,2,2,5,2,2,-2,-2,-5,-2,-2
0,1,6907,6910,20721,20722,20723,20726,20727,20728,41443,41444,41445,41446,41447,41450,41451,41452,41453,41454,1,-1,2,-2,1,3,1,-1,-3,-1,2,2,5,2,2,-2,-2,-5,-2,-2
0,1,6909,6912,20727,20728,20729,20732,20733,20734,41455,41456,41457,41458,41459,41462,41463,41464,41465,41466,1,-1,2,-2,1,3,1,-1,-3,-1,2,2,5,2,2,-2,-2,-5,-2,-2
0,1,6911,6914,20733,20734,20735,20738,20739,20740,41467,41468,41469,41470,41471,41474,41475,41476,41477,41478,1,-1,2,-2,1,3,1,-1,-3,-1,2,2,5,2,2,-2,-2,-5,-2,-2
0,1,6913,6916,20739,20740,20741,20744,20745,20746,41479,41480,41481,41482,41483,41486,41487,41488,41489,41490,1,-1,2,-2,1,3,1,-1,-3,-1,2,2,5,2,2,-2,-2,-5,-2,-2
0,1,6915,6918,20745,20746,20747,20750,20751,20752,41491,41492,41493,41494,41495,41498,41499,41500,41501,41502,1,-1,2,-2,1,3,1,-1,-3,-1,2,2,5,2,2,-2,-2,-5,-2,-2
0,1,6917,6920,20751,20752,20753,20756,20757,20758,41503,41504,41505,41506,41507,41510,41511,41512,41513,41514,1,-1,2,-2,1,3,1,-1,-3,-1,2,2,5,2,2,-2,-2,-5,-2,-2
0,1,6919,6922,20757,20758,20759,20762,20763,20764,41515,41516,41517,41518,41519,41522,41523,41524,41525,41526,1,-1,2,-2,1,3,1,-1,-3,-1,2,2,5,2,2,-2,-2,-5,-2,-2
0,1,6921,6924,20763,20764,20765,20768,20769,20770,41527,41528,41529,41530,41531,41534,41535,41536,41537,41538,1,-1,2,-2,1,3,1,-1,-3,-1,2,2,5,2,2,-2,-2,-5,-2,-2
0,1,6923,6926,20769,20770,20771,20774,20775,20776,41539,41540,41541,41542,41543,41546,41547,41548,41549,41550,1,-1,2,-2,1,3,1,-1,-3,-1,2,2,5,2,2,-2,-2,-5,-2,-2
0,1,6925,6928,20775,20776,20777,20780,20781,20782,41551,41552,41553,41554,41555,41558,41559,41560,41561,41562,1,-1,2,-2,1,3,1,-1,-3,-1,2,2,5,2,2,-2,-2,-5,-2,-2
0,1,6927,6930,20781,20782,20783,20786,20787,20788,41563,41564,41565,41566,41567,41570,41571,41572,41573,41574,1,-1,2,-2,1,3,1,-1,-3,-1,2,2,5,2,2,-2,-2,-5,-2,-2
0,1,6929,6932,20787,20788,20789,20792,20793,20794,41575,41576,41577,41578,41579,41582,41583,41584,41585,41586,1,-1,2,-2,1,3,1,-1,-3,-1,2,2,5,2,2,-2,-2,-5,-2,-2
0,1,6931,6934,20793,20794,20795,20798,20799,20800,41587,41588,41589,41590,41591,41594,41595,41596,41597,41598,1,-1,2,-2,1,3,1,-1,-3,-1,2,2,5,2,2,-2,-2,-5,-2,-2
0,1,6933,6936,20799,20800,20801,20804,20805,20806,41599,41600,41601,41602,41603,41606,41607,41608,41609,41610,1,-1,2,-2,1,3,1,-1,-3,-1,2,2,5,2,2,-2,-2,-5,-2,-2
0,1,6935,6938,20805,20806,20807,20810,20811,20812,41611,41612,41613,41614,41615,41618,41619,41620,41621,41622,1,-1,2,-2,1,3,1,-1,-3,-1,2,2,5,2,2,-2,-2,-5,-2,-2
0,1,6937,6940,20811,20812,20813,20816,20817,20818,41623,41624,41625,41626,41627,41630,41631,41632,41633,41634,1,-1,2,-2,1,3,1,-1,-3,-1,2,2,5,2,2,-2,-2,-5,-2,-2
0,1,6939,6942,20817,20818,20819,20822,20823,20824,41635,41636,41637,41638,41639,41642,41643,41644,41645,41646,1,-1,2,-2,1,3,1,-1,-3,-1,2,2,5,2,2,-2,-2,-5,-2,-2
0,1,6941,6944,20823,20824,20825,20828,20829,20830,41647,41648,41649,41650,41651,41654,41655,41656,41657,41658,1,-1,2,-2,1,3,1,-1,-3,-1,2,2,5,2,2,-2,-2,-5,-2,-2
0,1,6943,6946,20829,20830,20831,20834,20835,20836,41659,41660,41661,41662,41663,41666,41667,41668,41669,41670,1,-1,2,-2,1,3,1,-1,-3,-1,2,2,5,2,2,-2,-2,-5,-2,-2
0,1,6945,6948,20835,20836,20837,20840,20841,20842,41671,41672,41673,41674,41675,41678,41679,41680,41681,41682,1,-1,2,-2,1,3,1,-1,-3,-1,2,2,5,2,2,-2,-2,-5,-2,-2
0,1,6947,6950,20841,20842,20843,20846,20847,20848,41683,41684,41685,41686,41687,41690,41691,41692,41693,41694,1,-1,2,-2,1,3,1,-1,-3,-1,2,2,5,2,2,-2,-2,-5,-2,-2
0,1,6949,6952,20847,20848,20849,20852,20853,20854,41695,41696,41697,41698,41699,41702,41703,41704,41705,41706,1,-1,2,-2,1,3,1,-1,-3,-1,2,2,5,2,2,-2,-2,-5,-2,-2
0,1,6951,6954,20853,20854,20855,20858,20859,20860,41707,41708,41709,41710,41711,41714,41715,41716,41717,41718,1,-1,2,-2,1,3,1,-1,-3,-1,2,2,5,2,2,-2,-2,-5,-2,-2
0,1,6953,6956,20859,20860,20861,20864,20865,20866,41719,41720,41721,41722,41723,41726,41727,41728,41729,41730,1,-1,2,-2,1,3,1,-1,-3,-1,2,2,5,2,2,-2,-2,-5,-2,-2
0,1,6955,6958,20865,20866,20867,20870,20871,20872,41731,41732,41733,41734,41735,41738,41739,41740,41741,41742,1,-1,2,-2,1,3,1,-1,-3,-1,2,2,5,2,2,-2,-2,-5,-2,-2
0,1,6957,6960,20871,20872,20873,20876,20877,20878,41743,41744,41745,41746,41747,41750,41751,41752,41753,41754,1,-1,2,-2,1,3,1,-1,-3,-1,2,2,5,2,2,-2,-2,-5,-2,-2
0,1,6959,6962,20877,20878,20879,20882,20883,20884,41755,41756,41757,41758,41759,41762,41763,41764,41765,41766,1,-1,2,-2,1,3,1,-1,-3,-1,2,2,5,2,2,-2,-2,-5,-2,-2
0,1,6961,6964,20883,20884,20885,20888,20889,20890,41767,41768,41769,41770,41771,41774,41775,41776,41777,41778,1,-1,2,-2,1,3,1,-1,-3,-1,2,2,5,2,2,-2,-2,-5,-2,-2
0,1,6963,6966,20889,20890,20891,20894,20895,20896,41779,41780,41781,41782,41783,41786,41787,41788,41789,41790,1,-1,2,-2,1,3,1,-1,-3,-1,2,2,5,2,2,-2,-2,-5,-2,-2
0,1,6965,6968,20895,20896,20897,20900,20901,20902,41791,41792,41793,41794,41795,41798,41799,41800,41801,41802,1,-1,2,-2,1,3,1,-1,-3,-1,2,2,5,2,2,-2,-2,-5,-2,-2
0,1,6967,6970,20901,20902,20903,20906,20907,20908,41803,41804,41805,41806,41807,41810,41811,41812,41813,41814,1,-1,2,-2,1,3,1,-1,-3,-1,2,2,5,2,2,-2,-2,-5,-2,-2
0,1,6969,6972,20907,20908,20909,20912,20913,20914,41815,41816,41817,41818,41819,41822,41823,41824,41825,41826,1,-1,2,-2,1,3,1,-1,-3,-1,2,2,5,2,2,-2,-2,-5,-2,-2
0,1,6971,6974,20913,20914,20915,20918,20919,20920,41827,41828,41829,41830,41831,41834,41835,41836,41837,41838,1,-1,2,-2,1,3,1,-1,-3,-1,2,2,5,2,2,-2,-2,-5,-2,-2
0,1,6973,6976,20919,20920,20921,20924,20925,20926,41839,41840,41841,41842,41843,41846,41847,41848,41849,41850,1,-1,2,-2,1,3,1,-1,-3,-1,2,2,5,2,2,-2,-2,-5,-2,-2
0,1,6975,6978,20925,20926,20927,20930,20931,20932,41851,41852,41853,41854,41855,41858,41859,41860,41861,41862,1,-1,2,-2,1,3,1,-1,-3,-1,2,2,5,2,2,-2,-2,-5,-2,-2
0,1,6977,6980,20931,20932,20933,20936,20937,20938,41863,41864,41865,41866,41867,41870,41871,41872,41873,41874,1,-1,2,-2,1,3,1,-1,-3,-1,2,2,5,2,2,-2,-2,-5,-2,-2
0,1,6979,6982,20937,20938,20939,20942,20943,20944,41875,41876,41877,41878,41879,41882,41883,41884,41885,41886,1,-1,2,-2,1,3,1,-1,-3,-1,2,2,5,2,2,-2,-2,-5,-2,-2
0,1,6981,6984,20943,20944,20945,20948,20949,20950,41887,41888,41889,41890,41891,41894,41895,41896,41897,41898,1,-1,2,-2,1,3,1,-1,-3,-1,2,2,5,2,2,-2,-2,-5,-2,-2
0,1,6983,6986,20949,20950,20951,20954,20955,20956,41899,41900,41901,41902,41903,41906,41907,41908,41909,41910,1,-1,2,-2,1,3,1,-1,-3,-1,2,2,5,2,2,-2,-2,-5,-2,-2
0,1,6985,6988,20955,20956,20957,20960,20961,20962,41911,41912,41913,41914,41915,41918,41919,41920,41921,41922,1,-1,2,-2,1,3,1,-1,-3,-1,2,2,5,2,2,-2,-2,-5,-2,-2
0,1,6987,6990,20961,20962,20963,20966,20967,20968,41923,41924,41925,41926,41927,41930,41931,41932,41933,41934,1,-1,2,-2,1,3,1,-1,-3,-1,2,2,5,2,2,-2,-2,-5,-2,-2
0,1,6989,6992,20967,20968,20969,20972,20973,20974,41935,41936,41937,41938,41939,41942,41943,41944,41945,41946,1,-1,2,-2,1,3,1,-1,-3,-1,2,2,5,2,2,-2,-2,-5,-2,-2
0,1,6991,6994,20973,20974,20975,20978,20979,20980,41947,41948,41949,41950,41951,41954,41955,41956,41957,41958,1,-1,2,-2,1,3,1,-1,-3,-1,2,2,5,2,2,-2,-2,-5,-2,-2
0,1,6993,6996,20979,20980,20981,20984,20985,20986,41959,41960,41961,41962,41963,41966,41967,41968,41969,41970,1,-1,2,-2,1,3,1,-1,-3,-1,2,2,5,2,2,-2,-2,-5,-2,-2
0,1,6995,6998,20985,20986,20987,20990,20991,20992,41971,41972,41973,41974,41975,41978,41979,41980,41981,41982,1,-1,2,-2,1,3,1,-1,-3,-1,2,2,5,2,2,-2,-2,-5,-2,-2
0,1,6997,7000,20991,20992,20993,20996,20997,20998,41983,41984,41985,41986,41987,41990,41991,41992,41993,41994,1,-1,2,-2,1,3,1,-1,-3,-1,2,2,5,2,2,-2,-2,-5,-2,-2
0,1,6999,7002,20997,20998,20999,21002,21003,21004,41995,41996,41997,41998,41999,42002,42003,42004,42005,42006,1,-1,2,-2,1,3,1,-1,-3,-1,2,2,5,2,2,-2,-2,-5,-2,-2
0,1,7001,7004,21003,21004,21005,21008,21009,21010,42007,42008,42009,42010,42011,42014,42015,42016,42017,42018,1,-1,2,-2,1,3,1,-1,-3,-1,2,2,5,2,2,-2,-2,-5,-2,-2
0,1,7003,7006,21009,21010,21011,21014,21015,21016,42019,42020,42021,42022,42023,42026,42027,42028,42029,42030,1,-1,2,-2,1,3,1,-1,-3,-1,2,2,5,2,2,-2,-2,-5,-2,-2
0,1,7005,7008,21015,21016,21017,21020,21021,21022,42031,42032,42033,42034,42035,42038,42039,42040,42041,42042,1,-1,2,-2,1,3,1,-1,-3,-1,2,2,5,2,2,-2,-2,-5,-2,-2
0,1,7007,7010,21021,21022,21023,21026,21027,21028,42043,42044,42045,42046,42047,42050,42051,42052,42053,42054,1,-1,2,-2,1,3,1,-1,-3,-1,2,2,5,2,2,-2,-2,-5,-2,-2
0,1,7009,7012,21027,21028,21029,21032,21033,21034,42055,42056,42057,42058,42059,42062,42063,42064,42065,42066,1,-1,2,-2,1,3,1,-1,-3,-1,2,2,5,2,2,-2,-2,-5,-2,-2
0,1,7011,7014,21033,21034,21035,21038,21039,21040,42067,42068,42069,42070,42071,42074,42075,42076,42077,42078,1,-1,2,-2,1,3,1,-1,-3,-1,2,2,5,2,2,-2,-2,-5,-2,-2
0,1,7013,7016,21039,21040,21041,21044,21045,21046,42079,42080,42081,42082,42083,42086,42087,42088,42089,42090,1,-1,2,-2,1,3,1,-1,-3,-1,2,2,5,2,2,-2,-2,-5,-2,-2
0,1,7015,7018,21045,21046,21047,21050,21051,21052,42091,42092,42093,42094,42095,42098,42099,42100,42101,42102,1,-1,2,-2,1,3,1,-1,-3,-1,2,2,5,2,2,-2,-2,-5,-2,-2
0,1,7017,7020,21051,21052,21053,21056,21057,21058,42103,42104,42105,42106,42107,42110,42111,42112,42113,42114,1,-1,2,-2,1,3,1,-1,-3,-1,2,2,5,2,2,-2,-2,-5,-2,-2
0,1,7019,7022,21057,21058,21059,21062,21063,21064,42115,42116,42117,42118,42119,42122,42123,42124,42125,42126,1,-1,2,-2,1,3,1,-1,-3,-1,2,2,5,2,2,-2,-2,-5,-2,-2
0,1,7021,7024,21063,21064,21065,21068,21069,21070,42127,42128,42129,42130,42131,42134,42135,42136,42137,42138,1,-1,2,-2,1,3,1,-1,-3,-1,2,2,5,2,2,-2,-2,-5,-2,-2
0,1,7023,7026,21069,21070,21071,21074,21075,21076,42139,42140,42141,42142,42143,42146,42147,42148,42149,42150,1,-1,2,-2,1,3,1,-1,-3,-1,2,2,5,2,2,-2,-2,-5,-2,-2
0,1,7025,7028,21075,21076,21077,21080,21081,21082,42151,42152,42153,42154,42155,42158,42159,42160,42161,42162,1,-1,2,-2,1,3,1,-1,-3,-1,2,2,5,2,2,-2,-2,-5,-2,-2
0,1,7027,7030,21081,21082,21083,21086,21087,21088,42163,42164,42165,42166,42167,42170,42171,42172,42173,42174,1,-1,2,-2,1,3,1,-1,-3,-1,2,2,5,2,2,-2,-2,-5,-2,-2
0,1,7029,7032,21087,21088,21089,21092,21093,21094,42175,42176,42177,42178,42179,42182,42183,42184,42185,42186,1,-1,2,-2,1,3,1,-1,-3,-1,2,2,5,2,2,-2,-2,-5,-2,-2
0,1,7031,7034,21093,21094,21095,21098,21099,21100,42187,42188,42189,42190,42191,42194,42195,42196,42197,42198,1,-1,2,-2,1,3,1,-1,-3,-1,2,2,5,2,2,-2,-2,-5,-2,-2
0,1,7033,7036,21099,21100,21101,21104,21105,21106,42199,42200,42201,42202,42203,42206,42207,42208,42209,42210,1,-1,2,-2,1,3,1,-1,-3,-1,2,2,5,2,2,-2,-2,-5,-2,-2
0,1,7035,7038,21105,21106,21107,21110,21111,21112,42211,42212,42213,42214,42215,42218,42219,42220,42221,42222,1,-1,2,-2,1,3,1,-1,-3,-1,2,2,5,2,2,-2,-2,-5,-2,-2
0,1,7037,7040,21111,21112,21113,21116,21117,21118,42223,42224,42225,42226,42227,42230,42231,42232,42233,42234,1,-1,2,-2,1,3,1,-1,-3,-1,2,2,5,2,2,-2,-2,-5,-2,-2
0,1,7039,7042,21117,21118,21119,21122,21123,21124,42235,42236,42237,42238,42239,42242,42243,42244,42245,42246,1,-1,2,-2,1,3,1,-1,-3,-1,2,2,5,2,2,-2,-2,-5,-2,-2
0,1,7041,7044,21123,21124,21125,21128,21129,21130,42247,42248,42249,42250,42251,42254,42255,42256,42257,42258,1,-1,2,-2,1,3,1,-1,-3,-1,2,2,5,2,2,-2,-2,-5,-2,-2
0,1,7043,7046,21129,21130,21131,21134,21135,21136,42259,42260,42261,42262,42263,42266,42267,42268,42269,42270,1,-1,2,-2,1,3,1,-1,-3,-1,2,2,5,2,2,-2,-2,-5,-2,-2
0,1,7045,7048,21135,21136,21137,21140,21141,21142,42271,42272,42273,42274,42275,42278,42279,42280,42281,42282,1,-1,2,-2,1,3,1,-1,-3,-1,2,2,5,2,2,-2,-2,-5,-2,-2
0,1,7047,7050,21141,21142,21143,21146,21147,21148,42283,42284,42285,42286,42287,42290,42291,42292,42293,42294,1,-1,2,-2,1,3,1,-1,-3,-1,2,2,5,2,2,-2,-2,-5,-2,-2
0,1,7049,7052,21147,21148,21149,21152,21153,21154,42295,42296,42297,42298,42299,42302,42303,42304,42305,42306,1,-1,2,-2,1,3,1,-1,-3,-1,2,2,5,2,2,-2,-2,-5,-2,-2
0,1,7051,7054,21153,21154,21155,21158,21159,21160,42307,42308,42309,42310,42311,42314,42315,42316,42317,42318,1,-1,2,-2,1,3,1,-1,-3,-1,2,2,5,2,2,-2,-2,-5,-2,-2
0,1,7053,7056,21159,21160,21161,21164,21165,21166,42319,42320,42321,42322,42323,42326,42327,42328,42329,42330,1,-1,2,-2,1,3,1,-1,-3,-1,2,2,5,2,2,-2,-2,-5,-2,-2
0,1,7055,7058,21165,21166,21167,21170,21171,21172,42331,42332,42333,42334,42335,42338,42339,42340,42341,42342,1,-1,2,-2,1,3,1,-1,-3,-1,2,2,5,2,2,-2,-2,-5,-2,-2
0,1,7057,7060,21171,21172,21173,21176,21177,21178,42343,42344,42345,42346,42347,42350,42351,42352,42353,42354,1,-1,2,-2,1,3,1,-1,-3,-1,2,2,5,2,2,-2,-2,-5,-2,-2
0,1,7059,7062,21177,21178,21179,21182,21183,21184,42355,42356,42357,42358,42359,42362,42363,42364,42365,42366,1,-1,2,-2,1,3,1,-1,-3,-1,2,2,5,2,2,-2,-2,-5,-2,-2
0,1,7061,7064,21183,21184,21185,21188,21189,21190,42367,42368,42369,42370,42371,42374,42375,42376,42377,42378,1,-1,2,-2,1,3,1,-1,-3,-1,2,2,5,2,2,-2,-2,-5,-2,-2
0,1,7063,7066,21189,21190,21191,21194,21195,21196,42379,42380,42381,42382,42383,42386,42387,42388,42389,42390,1,-1,2,-2,1,3,1,-1,-3,-1,2,2,5,2,2,-2,-2,-5,-2,-2
0,1,7065,7068,21195,21196,21197,21200,21201,21202,42391,42392,42393,42394,42395,42398,42399,42400,42401,42402,1,-1,2,-2,1,3,1,-1,-3,-1,2,2,5,2,2,-2,-2,-5,-2,-2
0,1,7067,7070,21201,21202,21203,21206,21207,21208,42403,42404,42405,42406,42407,42410,42411,42412,42413,42414,1,-1,2,-2,1,3,1,-1,-3,-1,2,2,5,2,2,-2,-2,-5,-2,-2
0,1,7069,7072,21207,21208,21209,21212,21213,21214,42415,42416,42417,42418,42419,42422,42423,42424,42425,42426,1,-1,2,-2,1,3,1,-1,-3,-1,2,2,5,2,2,-2,-2,-5,-2,-2
0,1,7071,7074,21213,21214,21215,21218,21219,21220,42427,42428,42429,42430,42431,42434,42435,42436,42437,42438,1,-1,2,-2,1,3,1,-1,-3,-1,2,2,5,2,2,-2,-2,-5,-2,-2
0,1,7073,7076,21219,21220,21221,21224,21225,21226,42439,42440,42441,42442,42443,42446,42447,42448,42449,42450,1,-1,2,-2,1,3,1,-1,-3,-1,2,2,5,2,2,-2,-2,-5,-2,-2
0,1,7075,7078,21225,21226,21227,21230,21231,21232,42451,42452,42453,42454,42455,42458,42459,42460,42461,42462,1,-1,2,-2,1,3,1,-1,-3,-1,2,2,5,2,2,-2,-2,-5,-2,-2
0,1,7077,7080,21231,21232,21233,21236,21237,21238,42463,42464,42465,42466,42467,42470,42471,42472,42473,42474,1,-1,2,-2,1,3,1,-1,-3,-1,2,2,5,2,2,-2,-2,-5,-2,-2
0,1,7079,7082,21237,21238,21239,21242,21243,21244,42475,42476,42477,42478,42479,42482,42483,42484,42485,42486,1,-1,2,-2,1,3,1,-1,-3,-1,2,2,5,2,2,-2,-2,-5,-2,-2
0,1,7081,7084,21243,21244,21245,21248,21249,21250,42487,42488,42489,42490,42491,42494,42495,42496,42497,42498,1,-1,2,-2,1,3,1,-1,-3,-1,2,2,5,2,2,-2,-2,-5,-2,-2
0,1,7083,7086,21249,21250,21251,21254,21255,21256,42499,42500,42501,42502,42503,42506,42507,42508,42509,42510,1,-1,2,-2,1,3,1,-1,-3,-1,2,2,5,2,2,-2,-2,-5,-2,-2
0,1,7085,7088,21255,21256,21257,21260,21261,21262,42511,42512,42513,42514,42515,42518,42519,42520,42521,42522,1,-1,2,-2,1,3,1,-1,-3,-1,2,2,5,2,2,-2,-2,-5,-2,-2
0,1,7087,7090,21261,21262,21263,21266,21267,21268,42523,42524,42525,42526,42527,42530,42531,42532,42533,42534,1,-1,2,-2,1,3,1,-1,-3,-1,2,2,5,2,2,-2,-2,-5,-2,-2
0,1,7089,7092,21267,21268,21269,21272,21273,21274,42535,42536,42537,42538,42539,42542,42543,42544,42545,42546,1,-1,2,-2,1,3,1,-1,-3,-1,2,2,5,2,2,-2,-2,-5,-2,-2
0,1,7091,7094,21273,21274,21275,21278,21279,21280,42547,42548,42549,42550,42551,42554,42555,42556,42557,42558,1,-1,2,-2,1,3,1,-1,-3,-1,2,2,5,2,2,-2,-2,-5,-2,-2
0,1,7093,7096,21279,21280,21281,21284,21285,21286,42559,42560,42561,42562,42563,42566,42567,42568,42569,42570,1,-1,2,-2,1,3,1,-1,-3,-1,2,2,5,2,2,-2,-2,-5,-2,-2
0,1,7095,7098,21285,21286,21287,21290,21291,21292,42571,42572,42573,42574,42575,42578,42579,42580,42581,42582,1,-1,2,-2,1,3,1,-1,-3,-1,2,2,5,2,2,-2,-2,-5,-2,-2
0,1,7097,7100,21291,21292,21293,21296,21297,21298,42583,42584,42585,42586,42587,42590,42591,42592,42593,42594,1,-1,2,-2,1,3,1,-1,-3,-1,2,2,5,2,2,-2,-2,-5,-2,-2
0,1,7099,7102,21297,21298,21299,21302,21303,21304,42595,42596,42597,42598,42599,42602,42603,42604,42605,42606,1,-1,2,-2,1,3,1,-1,-3,-1,2,2,5,2,2,-2,-2,-5,-2,-2
0,1,7101,7104,21303,21304,21305,21308,21309,21310,42607,42608,42609,42610,42611,42614,42615,42616,42617,42618,1,-1,2,-2,1,3,1,-1,-3,-1,2,2,5,2,2,-2,-2,-5,-2,-2
0,1,7103,7106,21309,21310,21311,21314,21315,21316,42619,42620,42621,42622,42623,42626,42627,42628,42629,42630,1,-1,2,-2,1,3,1,-1,-3,-1,2,2,5,2,2,-2,-2,-5,-2,-2
0,1,7105,7108,21315,21316,21317,21320,21321,21322,42631,42632,42633,42634,42635,42638,42639,42640,42641,42642,1,-1,2,-2,1,3,1,-1,-3,-1,2,2,5,2,2,-2,-2,-5,-2,-2
0,1,7107,7110,21321,21322,21323,21326,21327,21328,42643,42644,42645,42646,42647,42650,42651,42652,42653,42654,1,-1,2,-2,1,3,1,-1,-3,-1,2,2,5,2,2,-2,-2,-5,-2,-2
0,1,7109,7112,21327,21328,21329,21332,21333,21334,42655,42656,42657,42658,42659,42662,42663,42664,42665,42666,1,-1,2,-2,1,3,1,-1,-3,-1,2,2,5,2,2,-2,-2,-5,-2,-2
0,1,7111,7114,21333,21334,21335,21338,21339,21340,42667,42668,42669,42670,42671,42674,42675,42676,42677,42678,1,-1,2,-2,1,3,1,-1,-3,-1,2,2,5,2,2,-2,-2,-5,-2,-2
0,1,7113,7116,21339,21340,21341,21344,21345,21346,42679,42680,42681,42682,42683,42686,42687,42688,42689,42690,1,-1,2,-2,1,3,1,-1,-3,-1,2,2,5,2,2,-2,-2,-5,-2,-2
0,1,7115,7118,21345,21346,21347,21350,21351,21352,42691,42692,42693,42694,42695,42698,42699,42700,42701,42702,1,-1,2,-2,1,3,1,-1,-3,-1,2,2,5,2,2,-2,-2,-5,-2,-2
0,1,7117,7120,21351,21352,21353,21356,21357,21358,42703,42704,42705,42706,42707,42710,42711,42712,42713,42714,1,-1,2,-2,1,3,1,-1,-3,-1,2,2,5,2,2,-2,-2,-5,-2,-2
0,1,7119,7122,21357,21358,21359,21362,21363,21364,42715,42716,42717,42718,42719,42722,42723,42724,42725,42726,1,-1,2,-2,1,3,1,-1,-3,-1,2,2,5,2,2,-2,-2,-5,-2,-2
0,1,7121,7124,21363,21364,21365,21368,21369,21370,42727,42728,42729,42730,42731,42734,42735,42736,42737,42738,1,-1,2,-2,1,3,1,-1,-3,-1,2,2,5,2,2,-2,-2,-5,-2,-2
0,1,7123,7126,21369,21370,21371,21374,21375,21376,42739,42740,42741,42742,42743,42746,42747,42748,42749,42750,1,-1,2,-2,1,3,1,-1,-3,-1,2,2,5,2,2,-2,-2,-5,-2,-2
0,1,7125,7128,21375,21376,21377,21380,21381,21382,42751,42752,42753,42754,42755,42758,42759,42760,42761,42762,1,-1,2,-2,1,3,1,-1,-3,-1,2,2,5,2,2,-2,-2,-5,-2,-2
0,1,7127,7130,21381,21382,21383,21386,21387,21388,42763,42764,42765,42766,42767,42770,42771,42772,42773,42774,1,-1,2,-2,1,3,1,-1,-3,-1,2,2,5,2,2,-2,-2,-5,-2,-2
0,1,7129,7132,21387,21388,21389,21392,21393,21394,42775,42776,42777,42778,42779,42782,42783,42784,42785,42786,1,-1,2,-2,1,3,1,-1,-3,-1,2,2,5,2,2,-2,-2,-5,-2,-2
0,1,7131,7134,21393,21394,21395,21398,21399,21400,42787,42788,42789,42790,42791,42794,42795,42796,42797,42798,1,-1,2,-2,1,3,1,-1,-3,-1,2,2,5,2,2,-2,-2,-5,-2,-2
0,1,7133,7136,21399,21400,21401,21404,21405,21406,42799,42800,42801,42802,42803,42806,42807,42808,42809,42810,1,-1,2,-2,1,3,1,-1,-3,-1,2,2,5,2,2,-2,-2,-5,-2,-2
0,1,7135,7138,21405,21406,21407,21410,21411,21412,42811,42812,42813,42814,42815,42818,42819,42820,42821,42822,1,-1,2,-2,1,3,1,-1,-3,-1,2,2,5,2,2,-2,-2,-5,-2,-2
0,1,7137,7140,21411,21412,21413,21416,21417,21418,42823,42824,42825,42826,42827,42830,42831,42832,42833,42834,1,-1,2,-2,1,3,1,-1,-3,-1,2,2,5,2,2,-2,-2,-5,-2,-2
0,1,7139,7142,21417,21418,21419,21422,21423,21424,42835,42836,42837,42838,42839,42842,42843,42844,42845,42846,1,-1,2,-2,1,3,1,-1,-3,-1,2,2,5,2,2,-2,-2,-5,-2,-2
0,1,7141,7144,21423,21424,21425,21428,21429,21430,42847,42848,42849,42850,42851,42854,42855,42856,42857,42858,1,-1,2,-2,1,3,1,-1,-3,-1,2,2,5,2,2,-2,-2,-5,-2,-2
0,1,7143,7146,21429,21430,21431,21434,21435,21436,42859,42860,42861,42862,42863,42866,42867,42868,42869,42870,1,-1,2,-2,1,3,1,-1,-3,-1,2,2,5,2,2,-2,-2,-5,-2,-2
0,1,7145,7148,21435,21436,21437,21440,21441,21442,42871,42872,42873,42874,42875,42878,42879,42880,42881,42882,1,-1,2,-2,1,3,1,-1,-3,-1,2,2,5,2,2,-2,-2,-5,-2,-2
0,1,7147,7150,21441,21442,21443,21446,21447,21448,42883,42884,42885,42886,42887,42890,42891,42892,42893,42894,1,-1,2,-2,1,3,1,-1,-3,-1,2,2,5,2,2,-2,-2,-5,-2,-2
0,1,7149,7152,21447,21448,21449,21452,21453,21454,42895,42896,42897,42898,42899,42902,42903,42904,42905,42906,1,-1,2,-2,1,3,1,-1,-3,-1,2,2,5,2,2,-2,-2,-5,-2,-2
0,1,7151,7154,21453,21454,21455,21458,21459,21460,42907,42908,42909,42910,42911,42914,42915,42916,42917,42918,1,-1,2,-2,1,3,1,-1,-3,-1,2,2,5,2,2,-2,-2,-5,-2,-2
0,1,7153,7156,21459,21460,21461,21464,21465,21466,42919,42920,42921,42922,42923,42926,42927,42928,42929,42930,1,-1,2,-2,1,3,1,-1,-3,-1,2,2,5,2,2,-2,-2,-5,-2,-2
0,1,7155,7158,21465,21466,21467,21470,21471,21472,42931,42932,42933,42934,42935,42938,42939,42940,42941,42942,1,-1,2,-2,1,3,1,-1,-3,-1,2,2,5,2,2,-2,-2,-5,-2,-2
0,1,7157,7160,21471,21472,21473,21476,21477,21478,42943,42944,42945,42946,42947,42950,42951,42952,42953,42954,1,-1,2,-2,1,3,1,-1,-3,-1,2,2,5,2,2,-2,-2,-5,-2,-2
0,1,7159,7162,21477,21478,21479,21482,21483,21484,42955,42956,42957,42958,42959,42962,42963,42964,42965,42966,1,-1,2,-2,1,3,1,-1,-3,-1,2,2,5,2,2,-2,-2,-5,-2,-2
0,1,7161,7164,21483,21484,21485,21488,21489,21490,42967,42968,42969,42970,42971,42974,42975,42976,42977,42978,1,-1,2,-2,1,3,1,-1,-3,-1,2,2,5,2,2,-2,-2,-5,-2,-2
0,1,7163,7166,21489,21490,21491,21494,21495,21496,42979,42980,42981,42982,42983,42986,42987,42988,42989,42990,1,-1,2,-2,1,3,1,-1,-3,-1,2,2,5,2,2,-2,-2,-5,-2,-2
0,1,7165,7168,21495,21496,21497,21500,21501,21502,42991,42992,42993,42994,42995,42998,42999,43000,43001,43002,1,-1,2,-2,1,3,1,-1,-3,-1,2,2,5,2,2,-2,-2,-5,-2,-2
0,1,7167,7170,21501,21502,21503,21506,21507,21508,43003,43004,43005,43006,43007,43010,43011,43012,43013,43014,1,-1,2,-2,1,3,1,-1,-3,-1,2,2,5,2,2,-2,-2,-5,-2,-2
0,1,7169,7172,21507,21508,21509,21512,21513,21514,43015,43016,43017,43018,43019,43022,43023,43024,43025,43026,1,-1,2,-2,1,3,1,-1,-3,-1,2,2,5,2,2,-2,-2,-5,-2,-2
0,1,7171,7174,21513,21514,21515,21518,21519,21520,43027,43028,43029,43030,43031,43034,43035,43036,43037,43038,1,-1,2,-2,1,3,1,-1,-3,-1,2,2,5,2,2,-2,-2,-5,-2,-2
0,1,7173,7176,21519,21520,21521,21524,21525,21526,43039,43040,43041,43042,43043,43046,43047,43048,43049,43050,1,-1,2,-2,1,3,1,-1,-3,-1,2,2,5,2,2,-2,-2,-5,-2,-2
0,1,7175,7178,21525,21526,21527,21530,21531,21532,43051,43052,43053,43054,43055,43058,43059,43060,43061,43062,1,-1,2,-2,1,3,1,-1,-3,-1,2,2,5,2,2,-2,-2,-5,-2,-2
0,1,7177,7180,21531,21532,21533,21536,21537,21538,43063,43064,43065,43066,43067,43070,43071,43072,43073,43074,1,-1,2,-2,1,3,1,-1,-3,-1,2,2,5,2,2,-2,-2,-5,-2,-2
0,1,7179,7182,21537,21538,21539,21542,21543,21544,43075,43076,43077,43078,43079,43082,43083,43084,43085,43086,1,-1,2,-2,1,3,1,-1,-3,-1,2,2,5,2,2,-2,-2,-5,-2,-2
0,1,7181,7184,21543,21544,21545,21548,21549,21550,43087,43088,43089,43090,43091,43094,43095,43096,43097,43098,1,-1,2,-2,1,3,1,-1,-3,-1,2,2,5,2,2,-2,-2,-5,-2,-2
0,1,7183,7186,21549,21550,21551,21554,21555,21556,43099,43100,43101,43102,43103,43106,43107,43108,43109,43110,1,-1,2,-2,1,3,1,-1,-3,-1,2,2,5,2,2,-2,-2,-5,-2,-2
0,1,7185,7188,21555,21556,21557,21560,21561,21562,43111,43112,43113,43114,43115,43118,43119,43120,43121,43122,1,-1,2,-2,1,3,1,-1,-3,-1,2,2,5,2,2,-2,-2,-5,-2,-2
0,1,7187,7190,21561,21562,21563,21566,21567,21568,43123,43124,43125,43126,43127,43130,43131,43132,43133,43134,1,-1,2,-2,1,3,1,-1,-3,-1,2,2,5,2,2,-2,-2,-5,-2,-2
0,1,7189,7192,21567,21568,21569,21572,21573,21574,43135,43136,43137,43138,43139,43142,43143,43144,43145,43146,1,-1,2,-2,1,3,1,-1,-3,-1,2,2,5,2,2,-2,-2,-5,-2,-2
0,1,7191,7194,21573,21574,21575,21578,21579,21580,43147,43148,43149,43150,43151,43154,43155,43156,43157,43158,1,-1,2,-2,1,3,1,-1,-3,-1,2,2,5,2,2,-2,-2,-5,-2,-2
0,1,7193,7196,21579,21580,21581,21584,21585,21586,43159,43160,43161,43162,43163,43166,43167,43168,43169,43170,1,-1,2,-2,1,3,1,-1,-3,-1,2,2,5,2,2,-2,-2,-5,-2,-2
0,1,7195,7198,21585,21586,21587,21590,21591,21592,43171,43172,43173,43174,43175,43178,43179,43180,43181,43182,1,-1,2,-2,1,3,1,-1,-3,-1,2,2,5,2,2,-2,-2,-5,-2,-2
0,1,7197,7200,21591,21592,21593,21596,21597,21598,43183,43184,43185,43186,43187,43190,43191,43192,43193,43194,1,-1,2,-2,1,3,1,-1,-3,-1,2,2,5,2,2,-2,-2,-5,-2,-2
0,1,7199,7202,21597,21598,21599,21602,21603,21604,43195,43196,43197,43198,43199,43202,43203,43204,43205,43206,1,-1,2,-2,1,3,1,-1,-3,-1,2,2,5,2,2,-2,-2,-5,-2,-2
0,1,7201,7204,21603,21604,21605,21608,21609,21610,43207,43208,43209,43210,43211,43214,43215,43216,43217,43218,1,-1,2,-2,1,3,1,-1,-3,-1,2,2,5,2,2,-2,-2,-5,-2,-2
0,1,7203,7206,21609,21610,21611,21614,21615,21616,43219,43220,43221,43222,43223,43226,43227,43228,43229,43230,1,-1,2,-2,1,3,1,-1,-3,-1,2,2,5,2,2,-2,-2,-5,-2,-2
0,1,7205,7208,21615,21616,21617,21620,21621,21622,43231,43232,43233,43234,43235,43238,43239,43240,43241,43242,1,-1,2,-2,1,3,1,-1,-3,-1,2,2,5,2,2,-2,-2,-5,-2,-2
0,1,7207,7210,21621,21622,21623,21626,21627,21628,43243,43244,43245,43246,43247,43250,43251,43252,43253,43254,1,-1,2,-2,1,3,1,-1,-3,-1,2,2,5,2,2,-2,-2,-5,-2,-2
0,1,7209,7212,21627,21628,21629,21632,21633,21634,43255,43256,43257,43258,43259,43262,43263,43264,43265,43266,1,-1,2,-2,1,3,1,-1,-3,-1,2,2,5,2,2,-2,-2,-5,-2,-2
0,1,7211,7214,21633,21634,21635,21638,21639,21640,43267,43268,43269,43270,43271,43274,43275,43276,43277,43278,1,-1,2,-2,1,3,1,-1,-3,-1,2,2,5,2,2,-2,-2,-5,-2,-2
0,1,7213,7216,21639,21640,21641,21644,21645,21646,43279,43280,43281,43282,43283,43286,43287,43288,43289,43290,1,-1,2,-2,1,3,1,-1,-3,-1,2,2,5,2,2,-2,-2,-5,-2,-2
0,1,7215,7218,21645,21646,21647,21650,21651,21652,43291,43292,43293,43294,43295,43298,43299,43300,43301,43302,1,-1,2,-2,1,3,1,-1,-3,-1,2,2,5,2,2,-2,-2,-5,-2,-2
0,1,7217,7220,21651,21652,21653,21656,21657,21658,43303,43304,43305,43306,43307,43310,43311,43312,43313,43314,1,-1,2,-2,1,3,1,-1,-3,-1,2,2,5,2,2,-2,-2,-5,-2,-2
0,1,7219,7222,21657,21658,21659,21662,21663,21664,43315,43316,43317,43318,43319,43322,43323,43324,43325,43326,1,-1,2,-2,1,3,1,-1,-3,-1,2,2,5,2,2,-2,-2,-5,-2,-2
0,1,7221,7224,21663,21664,21665,21668,21669,21670,43327,43328,43329,43330,43331,43334,43335,43336,43337,43338,1,-1,2,-2,1,3,1,-1,-3,-1,2,2,5,2,2,-2,-2,-5,-2,-2
0,1,7223,7226,21669,21670,21671,21674,21675,21676,43339,43340,43341,43342,43343,43346,43347,43348,43349,43350,1,-1,2,-2,1,3,1,-1,-3,-1,2,2,5,2,2,-2,-2,-5,-2,-2
0,1,7225,7228,21675,21676,21677,21680,21681,21682,43351,43352,43353,43354,43355,43358,43359,43360,43361,43362,1,-1,2,-2,1,3,1,-1,-3,-1,2,2,5,2,2,-2,-2,-5,-2,-2
0,1,7227,7230,21681,21682,21683,21686,21687,21688,43363,43364,43365,43366,43367,43370,43371,43372,43373,43374,1,-1,2,-2,1,3,1,-1,-3,-1,2,2,5,2,2,-2,-2,-5,-2,-2
0,1,7229,7232,21687,21688,21689,21692,21693,21694,43375,43376,43377,43378,43379,43382,43383,43384,43385,43386,1,-1,2,-2,1,3,1,-1,-3,-1,2,2,5,2,2,-2,-2,-5,-2,-2
0,1,7231,7234,21693,21694,21695,21698,21699,21700,43387,43388,43389,43390,43391,43394,43395,43396,43397,43398,1,-1,2,-2,1,3,1,-1,-3,-1,2,2,5,2,2,-2,-2,-5,-2,-2
0,1,7233,7236,21699,21700,21701,21704,21705,21706,43399,43400,43401,43402,43403,43406,43407,43408,43409,43410,1,-1,2,-2,1,3,1,-1,-3,-1,2,2,5,2,2,-2,-2,-5,-2,-2
0,1,7235,7238,21705,21706,21707,21710,21711,21712,43411,43412,43413,43414,43415,43418,43419,43420,43421,43422,1,-1,2,-2,1,3,1,-1,-3,-1,2,2,5,2,2,-2,-2,-5,-2,-2
0,1,7237,7240,21711,21712,21713,21716,21717,21718,43423,43424,43425,43426,43427,43430,43431,43432,43433,43434,1,-1,2,-2,1,3,1,-1,-3,-1,2,2,5,2,2,-2,-2,-5,-2,-2
0,1,7239,7242,21717,21718,21719,21722,21723,21724,43435,43436,43437,43438,43439,43442,43443,43444,43445,43446,1,-1,2,-2,1,3,1,-1,-3,-1,2,2,5,2,2,-2,-2,-5,-2,-2
0,1,7241,7244,21723,21724,21725,21728,21729,21730,43447,43448,43449,43450,43451,43454,43455,43456,43457,43458,1,-1,2,-2,1,3,1,-1,-3,-1,2,2,5,2,2,-2,-2,-5,-2,-2
0,1,7243,7246,21729,21730,21731,21734,21735,21736,43459,43460,43461,43462,43463,43466,43467,43468,43469,43470,1,-1,2,-2,1,3,1,-1,-3,-1,2,2,5,2,2,-2,-2,-5,-2,-2
0,1,7245,7248,21735,21736,21737,21740,21741,21742,43471,43472,43473,43474,43475,43478,43479,43480,43481,43482,1,-1,2,-2,1,3,1,-1,-3,-1,2,2,5,2,2,-2,-2,-5,-2,-2
0,1,7247,7250,21741,21742,21743,21746,21747,21748,43483,43484,43485,43486,43487,43490,43491,43492,43493,43494,1,-1,2,-2,1,3,1,-1,-3,-1,2,2,5,2,2,-2,-2,-5,-2,-2
0,1,7249,7252,21747,21748,21749,21752,21753,21754,43495,43496,43497,43498,43499,43502,43503,43504,43505,43506,1,-1,2,-2,1,3,1,-1,-3,-1,2,2,5,2,2,-2,-2,-5,-2,-2
0,1,7251,7254,21753,21754,21755,21758,21759,21760,43507,43508,43509,43510,43511,43514,43515,43516,43517,43518,1,-1,2,-2,1,3,1,-1,-3,-1,2,2,5,2,2,-2,-2,-5,-2,-2
0,1,7253,7256,21759,21760,21761,21764,21765,21766,43519,43520,43521,43522,43523,43526,43527,43528,43529,43530,1,-1,2,-2,1,3,1,-1,-3,-1,2,2,5,2,2,-2,-2,-5,-2,-2
0,1,7255,7258,21765,21766,21767,21770,21771,21772,43531,43532,43533,43534,43535,43538,43539,43540,43541,43542,1,-1,2,-2,1,3,1,-1,-3,-1,2,2,5,2,2,-2,-2,-5,-2,-2
0,1,7257,7260,21771,21772,21773,21776,21777,21778,43543,43544,43545,43546,43547,43550,43551,43552,43553,43554,1,-1,2,-2,1,3,1,-1,-3,-1,2,2,5,2,2,-2,-2,-5,-2,-2
0,1,7259,7262,21777,21778,21779,21782,21783,21784,43555,43556,43557,43558,43559,43562,43563,43564,43565,43566,1,-1,2,-2,1,3,1,-1,-3,-1,2,2,5,2,2,-2,-2,-5,-2,-2
0,1,7261,7264,21783,21784,21785,21788,21789,21790,43567,43568,43569,43570,43571,43574,43575,43576,43577,43578,1,-1,2,-2,1,3,1,-1,-3,-1,2,2,5,2,2,-2,-2,-5,-2,-2
0,1,7263,7266,21789,21790,21791,21794,21795,21796,43579,43580,43581,43582,43583,43586,43587,43588,43589,43590,1,-1,2,-2,1,3,1,-1,-3,-1,2,2,5,2,2,-2,-2,-5,-2,-2
0,1,7265,7268,21795,21796,21797,21800,21801,21802,43591,43592,43593,43594,43595,43598,43599,43600,43601,43602,1,-1,2,-2,1,3,1,-1,-3,-1,2,2,5,2,2,-2,-2,-5,-2,-2
0,1,7267,7270,21801,21802,21803,21806,21807,21808,43603,43604,43605,43606,43607,43610,43611,43612,43613,43614,1,-1,2,-2,1,3,1,-1,-3,-1,2,2,5,2,2,-2,-2,-5,-2,-2
0,1,7269,7272,21807,21808,21809,21812,21813,21814,43615,43616,43617,43618,43619,43622,43623,43624,43625,43626,1,-1,2,-2,1,3,1,-1,-3,-1,2,2,5,2,2,-2,-2,-5,-2,-2
0,1,7271,7274,21813,21814,21815,21818,21819,21820,43627,43628,43629,43630,43631,43634,43635,43636,43637,43638,1,-1,2,-2,1,3,1,-1,-3,-1,2,2,5,2,2,-2,-2,-5,-2,-2
0,1,7273,7276,21819,21820,21821,21824,21825,21826,43639,43640,43641,43642,43643,43646,43647,43648,43649,43650,1,-1,2,-2,1,3,1,-1,-3,-1,2,2,5,2,2,-2,-2,-5,-2,-2
0,1,7275,7278,21825,21826,21827,21830,21831,21832,43651,43652,43653,43654,43655,43658,43659,43660,43661,43662,1,-1,2,-2,1,3,1,-1,-3,-1,2,2,5,2,2,-2,-2,-5,-2,-2
0,1,7277,7280,21831,21832,21833,21836,21837,21838,43663,43664,43665,43666,43667,43670,43671,43672,43673,43674,1,-1,2,-2,1,3,1,-1,-3,-1,2,2,5,2,2,-2,-2,-5,-2,-2
0,1,7279,7282,21837,21838,21839,21842,21843,21844,43675,43676,43677,43678,43679,43682,43683,43684,43685,43686,1,-1,2,-2,1,3,1,-1,-3,-1,2,2,5,2,2,-2,-2,-5,-2,-2
0,1,7281,7284,21843,21844,21845,21848,21849,21850,43687,43688,43689,43690,43691,43694,43695,43696,43697,43698,1,-1,2,-2,1,3,1,-1,-3,-1,2,2,5,2,2,-2,-2,-5,-2,-2
0,1,7283,7286,21849,21850,21851,21854,21855,21856,43699,43700,43701,43702,43703,43706,43707,43708,43709,43710,1,-1,2,-2,1,3,1,-1,-3,-1,2,2,5,2,2,-2,-2,-5,-2,-2
0,1,7285,7288,21855,21856,21857,21860,21861,21862,43711,43712,43713,43714,43715,43718,43719,43720,43721,43722,1,-1,2,-2,1,3,1,-1,-3,-1,2,2,5,2,2,-2,-2,-5,-2,-2
0,1,7287,7290,21861,21862,21863,21866,21867,21868,43723,43724,43725,43726,43727,43730,43731,43732,43733,43734,1,-1,2,-2,1,3,1,-1,-3,-1,2,2,5,2,2,-2,-2,-5,-2,-2
0,1,7289,7292,21867,21868,21869,21872,21873,21874,43735,43736,43737,43738,43739,43742,43743,43744,43745,43746,1,-1,2,-2,1,3,1,-1,-3,-1,2,2,5,2,2,-2,-2,-5,-2,-2
0,1,7291,7294,21873,21874,21875,21878,21879,21880,43747,43748,43749,43750,43751,43754,43755,43756,43757,43758,1,-1,2,-2,1,3,1,-1,-3,-1,2,2,5,2,2,-2,-2,-5,-2,-2
0,1,7293,7296,21879,21880,21881,21884,21885,21886,43759,43760,43761,43762,43763,43766,43767,43768,43769,43770,1,-1,2,-2,1,3,1,-1,-3,-1,2,2,5,2,2,-2,-2,-5,-2,-2
0,1,7295,7298,21885,21886,21887,21890,21891,21892,43771,43772,43773,43774,43775,43778,43779,43780,43781,43782,1,-1,2,-2,1,3,1,-1,-3,-1,2,2,5,2,2,-2,-2,-5,-2,-2
0,1,7297,7300,21891,21892,21893,21896,21897,21898,43783,43784,43785,43786,43787,43790,43791,43792,43793,43794,1,-1,2,-2,1,3,1,-1,-3,-1,2,2,5,2,2,-2,-2,-5,-2,-2
0,1,7299,7302,21897,21898,21899,21902,21903,21904,43795,43796,43797,43798,43799,43802,43803,43804,43805,43806,1,-1,2,-2,1,3,1,-1,-3,-1,2,2,5,2,2,-2,-2,-5,-2,-2
0,1,7301,7304,21903,21904,21905,21908,21909,21910,43807,43808,43809,43810,43811,43814,43815,43816,43817,43818,1,-1,2,-2,1,3,1,-1,-3,-1,2,2,5,2,2,-2,-2,-5,-2,-2
0,1,7303,7306,21909,21910,21911,21914,21915,21916,43819,43820,43821,43822,43823,43826,43827,43828,43829,43830,1,-1,2,-2,1,3,1,-1,-3,-1,2,2,5,2,2,-2,-2,-5,-2,-2
0,1,7305,7308,21915,21916,21917,21920,21921,21922,43831,43832,43833,43834,43835,43838,43839,43840,43841,43842,1,-1,2,-2,1,3,1,-1,-3,-1,2,2,5,2,2,-2,-2,-5,-2,-2
0,1,7307,7310,21921,21922,21923,21926,21927,21928,43843,43844,43845,43846,43847,43850,43851,43852,43853,43854,1,-1,2,-2,1,3,1,-1,-3,-1,2,2,5,2,2,-2,-2,-5,-2,-2
0,1,7309,7312,21927,21928,21929,21932,21933,21934,43855,43856,43857,43858,43859,43862,43863,43864,43865,43866,1,-1,2,-2,1,3,1,-1,-3,-1,2,2,5,2,2,-2,-2,-5,-2,-2
0,1,7311,7314,21933,21934,21935,21938,21939,21940,43867,43868,43869,43870,43871,43874,43875,43876,43877,43878,1,-1,2,-2,1,3,1,-1,-3,-1,2,2,5,2,2,-2,-2,-5,-2,-2
0,1,7313,7316,21939,21940,21941,21944,21945,21946,43879,43880,43881,43882,43883,43886,43887,43888,43889,43890,1,-1,2,-2,1,3,1,-1,-3,-1,2,2,5,2,2,-2,-2,-5,-2,-2
0,1,7315,7318,21945,21946,21947,21950,21951,21952,43891,43892,43893,43894,43895,43898,43899,43900,43901,43902,1,-1,2,-2,1,3,1,-1,-3,-1,2,2,5,2,2,-2,-2,-5,-2,-2
0,1,7317,7320,21951,21952,21953,21956,21957,21958,43903,43904,43905,43906,43907,43910,43911,43912,43913,43914,1,-1,2,-2,1,3,1,-1,-3,-1,2,2,5,2,2,-2,-2,-5,-2,-2
0,1,7319,7322,21957,21958,21959,21962,21963,21964,43915,43916,43917,43918,43919,43922,43923,43924,43925,43926,1,-1,2,-2,1,3,1,-1,-3,-1,2,2,5,2,2,-2,-2,-5,-2,-2
0,1,7321,7324,21963,21964,21965,21968,21969,21970,43927,43928,43929,43930,43931,43934,43935,43936,43937,43938,1,-1,2,-2,1,3,1,-1,-3,-1,2,2,5,2,2,-2,-2,-5,-2,-2
0,1,7323,7326,21969,21970,21971,21974,21975,21976,43939,43940,43941,43942,43943,43946,43947,43948,43949,43950,1,-1,2,-2,1,3,1,-1,-3,-1,2,2,5,2,2,-2,-2,-5,-2,-2
0,1,7325,7328,21975,21976,21977,21980,21981,21982,43951,43952,43953,43954,43955,43958,43959,43960,43961,43962,1,-1,2,-2,1,3,1,-1,-3,-1,2,2,5,2,2,-2,-2,-5,-2,-2
0,1,7327,7330,21981,21982,21983,21986,21987,21988,43963,43964,43965,43966,43967,43970,43971,43972,43973,43974,1,-1,2,-2,1,3,1,-1,-3,-1,2,2,5,2,2,-2,-2,-5,-2,-2
0,1,7329,7332,21987,21988,21989,21992,21993,21994,43975,43976,43977,43978,43979,43982,43983,43984,43985,43986,1,-1,2,-2,1,3,1,-1,-3,-1,2,2,5,2,2,-2,-2,-5,-2,-2
0,1,7331,7334,21993,21994,21995,21998,21999,22000,43987,43988,43989,43990,43991,43994,43995,43996,43997,43998,1,-1,2,-2,1,3,1,-1,-3,-1,2,2,5,2,2,-2,-2,-5,-2,-2
0,1,7333,7336,21999,22000,22001,22004,22005,22006,43999,44000,44001,44002,44003,44006,44007,44008,44009,44010,1,-1,2,-2,1,3,1,-1,-3,-1,2,2,5,2,2,-2,-2,-5,-2,-2
0,1,7335,7338,22005,22006,22007,22010,22011,22012,44011,44012,44013,44014,44015,44018,44019,44020,44021,44022,1,-1,2,-2,1,3,1,-1,-3,-1,2,2,5,2,2,-2,-2,-5,-2,-2
0,1,7337,7340,22011,22012,22013,22016,22017,22018,44023,44024,44025,44026,44027,44030,44031,44032,44033,44034,1,-1,2,-2,1,3,1,-1,-3,-1,2,2,5,2,2,-2,-2,-5,-2,-2
0,1,7339,7342,22017,22018,22019,22022,22023,22024,44035,44036,44037,44038,44039,44042,44043,44044,44045,44046,1,-1,2,-2,1,3,1,-1,-3,-1,2,2,5,2,2,-2,-2,-5,-2,-2
0,1,7341,7344,22023,22024,22025,22028,22029,22030,44047,44048,44049,44050,44051,44054,44055,44056,44057,44058,1,-1,2,-2,1,3,1,-1,-3,-1,2,2,5,2,2,-2,-2,-5,-2,-2
0,1,7343,7346,22029,22030,22031,22034,22035,22036,44059,44060,44061,44062,44063,44066,44067,44068,44069,44070,1,-1,2,-2,1,3,1,-1,-3,-1,2,2,5,2,2,-2,-2,-5,-2,-2
0,1,7345,7348,22035,22036,22037,22040,22041,22042,44071,44072,44073,44074,44075,44078,44079,44080,44081,44082,1,-1,2,-2,1,3,1,-1,-3,-1,2,2,5,2,2,-2,-2,-5,-2,-2
0,1,7347,7350,22041,22042,22043,22046,22047,22048,44083,44084,44085,44086,44087,44090,44091,44092,44093,44094,1,-1,2,-2,1,3,1,-1,-3,-1,2,2,5,2,2,-2,-2,-5,-2,-2
0,1,7349,7352,22047,22048,22049,22052,22053,22054,44095,44096,44097,44098,44099,44102,44103,44104,44105,44106,1,-1,2,-2,1,3,1,-1,-3,-1,2,2,5,2,2,-2,-2,-5,-2,-2
0,1,7351,7354,22053,22054,22055,22058,22059,22060,44107,44108,44109,44110,44111,44114,44115,44116,44117,44118,1,-1,2,-2,1,3,1,-1,-3,-1,2,2,5,2,2,-2,-2,-5,-2,-2
0,1,7353,7356,22059,22060,22061,22064,22065,22066,44119,44120,44121,44122,44123,44126,44127,44128,44129,44130,1,-1,2,-2,1,3,1,-1,-3,-1,2,2,5,2,2,-2,-2,-5,-2,-2
0,1,7355,7358,22065,22066,22067,22070,22071,22072,44131,44132,44133,44134,44135,44138,44139,44140,44141,44142,1,-1,2,-2,1,3,1,-1,-3,-1,2,2,5,2,2,-2,-2,-5,-2,-2
0,1,7357,7360,22071,22072,22073,22076,22077,22078,44143,44144,44145,44146,44147,44150,44151,44152,44153,44154,1,-1,2,-2,1,3,1,-1,-3,-1,2,2,5,2,2,-2,-2,-5,-2,-2
0,1,7359,7362,22077,22078,22079,22082,22083,22084,44155,44156,44157,44158,44159,44162,44163,44164,44165,44166,1,-1,2,-2,1,3,1,-1,-3,-1,2,2,5,2,2,-2,-2,-5,-2,-2
0,1,7361,7364,22083,22084,22085,22088,22089,22090,44167,44168,44169,44170,44171,44174,44175,44176,44177,44178,1,-1,2,-2,1,3,1,-1,-3,-1,2,2,5,2,2,-2,-2,-5,-2,-2
0,1,7363,7366,22089,22090,22091,22094,22095,22096,44179,44180,44181,44182,44183,44186,44187,44188,44189,44190,1,-1,2,-2,1,3,1,-1,-3,-1,2,2,5,2,2,-2,-2,-5,-2,-2
0,1,7365,7368,22095,22096,22097,22100,22101,22102,44191,44192,44193,44194,44195,44198,44199,44200,44201,44202,1,-1,2,-2,1,3,1,-1,-3,-1,2,2,5,2,2,-2,-2,-5,-2,-2
0,1,7367,7370,22101,22102,22103,22106,22107,22108,44203,44204,44205,44206,44207,44210,44211,44212,44213,44214,1,-1,2,-2,1,3,1,-1,-3,-1,2,2,5,2,2,-2,-2,-5,-2,-2
0,1,7369,7372,22107,22108,22109,22112,22113,22114,44215,44216,44217,44218,44219,44222,44223,44224,44225,44226,1,-1,2,-2,1,3,1,-1,-3,-1,2,2,5,2,2,-2,-2,-5,-2,-2
0,1,7371,7374,22113,22114,22115,22118,22119,22120,44227,44228,44229,44230,44231,44234,44235,44236,44237,44238,1,-1,2,-2,1,3,1,-1,-3,-1,2,2,5,2,2,-2,-2,-5,-2,-2
0,1,7373,7376,22119,22120,22121,22124,22125,22126,44239,44240,44241,44242,44243,44246,44247,44248,44249,44250,1,-1,2,-2,1,3,1,-1,-3,-1,2,2,5,2,2,-2,-2,-5,-2,-2
0,1,7375,7378,22125,22126,22127,22130,22131,22132,44251,44252,44253,44254,44255,44258,44259,44260,44261,44262,1,-1,2,-2,1,3,1,-1,-3,-1,2,2,5,2,2,-2,-2,-5,-2,-2
0,1,7377,7380,22131,22132,22133,22136,22137,22138,44263,44264,44265,44266,44267,44270,44271,44272,44273,44274,1,-1,2,-2,1,3,1,-1,-3,-1,2,2,5,2,2,-2,-2,-5,-2,-2
0,1,7379,7382,22137,22138,22139,22142,22143,22144,44275,44276,44277,44278,44279,44282,44283,44284,44285,44286,1,-1,2,-2,1,3,1,-1,-3,-1,2,2,5,2,2,-2,-2,-5,-2,-2
0,1,7381,7384,22143,22144,22145,22148,22149,22150,44287,44288,44289,44290,44291,44294,44295,44296,44297,44298,1,-1,2,-2,1,3,1,-1,-3,-1,2,2,5,2,2,-2,-2,-5,-2,-2
0,1,7383,7386,22149,22150,22151,22154,22155,22156,44299,44300,44301,44302,44303,44306,44307,44308,44309,44310,1,-1,2,-2,1,3,1,-1,-3,-1,2,2,5,2,2,-2,-2,-5,-2,-2
0,1,7385,7388,22155,22156,22157,22160,22161,22162,44311,44312,44313,44314,44315,44318,44319,44320,44321,44322,1,-1,2,-2,1,3,1,-1,-3,-1,2,2,5,2,2,-2,-2,-5,-2,-2
0,1,7387,7390,22161,22162,22163,22166,22167,22168,44323,44324,44325,44326,44327,44330,44331,44332,44333,44334,1,-1,2,-2,1,3,1,-1,-3,-1,2,2,5,2,2,-2,-2,-5,-2,-2
0,1,7389,7392,22167,22168,22169,22172,22173,22174,44335,44336,44337,44338,44339,44342,44343,44344,44345,44346,1,-1,2,-2,1,3,1,-1,-3,-1,2,2,5,2,2,-2,-2,-5,-2,-2
0,1,7391,7394,22173,22174,22175,22178,22179,22180,44347,44348,44349,44350,44351,44354,44355,44356,44357,44358,1,-1,2,-2,1,3,1,-1,-3,-1,2,2,5,2,2,-2,-2,-5,-2,-2
0,1,7393,7396,22179,22180,22181,22184,22185,22186,44359,44360,44361,44362,44363,44366,44367,44368,44369,44370,1,-1,2,-2,1,3,1,-1,-3,-1,2,2,5,2,2,-2,-2,-5,-2,-2
0,1,7395,7398,22185,22186,22187,22190,22191,22192,44371,44372,44373,44374,44375,44378,44379,44380,44381,44382,1,-1,2,-2,1,3,1,-1,-3,-1,2,2,5,2,2,-2,-2,-5,-2,-2
0,1,7397,7400,22191,22192,22193,22196,22197,22198,44383,44384,44385,44386,44387,44390,44391,44392,44393,44394,1,-1,2,-2,1,3,1,-1,-3,-1,2,2,5,2,2,-2,-2,-5,-2,-2
0,1,7399,7402,22197,22198,22199,22202,22203,22204,44395,44396,44397,44398,44399,44402,44403,44404,44405,44406,1,-1,2,-2,1,3,1,-1,-3,-1,2,2,5,2,2,-2,-2,-5,-2,-2
0,1,7401,7404,22203,22204,22205,22208,22209,22210,44407,44408,44409,44410,44411,44414,44415,44416,44417,44418,1,-1,2,-2,1,3,1,-1,-3,-1,2,2,5,2,2,-2,-2,-5,-2,-2
0,1,7403,7406,22209,22210,22211,22214,22215,22216,44419,44420,44421,44422,44423,44426,44427,44428,44429,44430,1,-1,2,-2,1,3,1,-1,-3,-1,2,2,5,2,2,-2,-2,-5,-2,-2
0,1,7405,7408,22215,22216,22217,22220,22221,22222,44431,44432,44433,44434,44435,44438,44439,44440,44441,44442,1,-1,2,-2,1,3,1,-1,-3,-1,2,2,5,2,2,-2,-2,-5,-2,-2
0,1,7407,7410,22221,22222,22223,22226,22227,22228,44443,44444,44445,44446,44447,44450,44451,44452,44453,44454,1,-1,2,-2,1,3,1,-1,-3,-1,2,2,5,2,2,-2,-2,-5,-2,-2
0,1,7409,7412,22227,22228,22229,22232,22233,22234,44455,44456,44457,44458,44459,44462,44463,44464,44465,44466,1,-1,2,-2,1,3,1,-1,-3,-1,2,2,5,2,2,-2,-2,-5,-2,-2
0,1,7411,7414,22233,22234,22235,22238,22239,22240,44467,44468,44469,44470,44471,44474,44475,44476,44477,44478,1,-1,2,-2,1,3,1,-1,-3,-1,2,2,5,2,2,-2,-2,-5,-2,-2
0,1,7413,7416,22239,22240,22241,22244,22245,22246,44479,44480,44481,44482,44483,44486,44487,44488,44489,44490,1,-1,2,-2,1,3,1,-1,-3,-1,2,2,5,2,2,-2,-2,-5,-2,-2
0,1,7415,7418,22245,22246,22247,22250,22251,22252,44491,44492,44493,44494,44495,44498,44499,44500,44501,44502,1,-1,2,-2,1,3,1,-1,-3,-1,2,2,5,2,2,-2,-2,-5,-2,-2
0,1,7417,7420,22251,22252,22253,22256,22257,22258,44503,44504,44505,44506,44507,44510,44511,44512,44513,44514,1,-1,2,-2,1,3,1,-1,-3,-1,2,2,5,2,2,-2,-2,-5,-2,-2
0,1,7419,7422,22257,22258,22259,22262,22263,22264,44515,44516,44517,44518,44519,44522,44523,44524,44525,44526,1,-1,2,-2,1,3,1,-1,-3,-1,2,2,5,2,2,-2,-2,-5,-2,-2
0,1,7421,7424,22263,22264,22265,22268,22269,22270,44527,44528,44529,44530,44531,44534,44535,44536,44537,44538,1,-1,2,-2,1,3,1,-1,-3,-1,2,2,5,2,2,-2,-2,-5,-2,-2
0,1,7423,7426,22269,22270,22271,22274,22275,22276,44539,44540,44541,44542,44543,44546,44547,44548,44549,44550,1,-1,2,-2,1,3,1,-1,-3,-1,2,2,5,2,2,-2,-2,-5,-2,-2
0,1,7425,7428,22275,22276,22277,22280,22281,22282,44551,44552,44553,44554,44555,44558,44559,44560,44561,44562,1,-1,2,-2,1,3,1,-1,-3,-1,2,2,5,2,2,-2,-2,-5,-2,-2
0,1,7427,7430,22281,22282,22283,22286,22287,22288,44563,44564,44565,44566,44567,44570,44571,44572,44573,44574,1,-1,2,-2,1,3,1,-1,-3,-1,2,2,5,2,2,-2,-2,-5,-2,-2
0,1,7429,7432,22287,22288,22289,22292,22293,22294,44575,44576,44577,44578,44579,44582,44583,44584,44585,44586,1,-1,2,-2,1,3,1,-1,-3,-1,2,2,5,2,2,-2,-2,-5,-2,-2
0,1,7431,7434,22293,22294,22295,22298,22299,22300,44587,44588,44589,44590,44591,44594,44595,44596,44597,44598,1,-1,2,-2,1,3,1,-1,-3,-1,2,2,5,2,2,-2,-2,-5,-2,-2
0,1,7433,7436,22299,22300,22301,22304,22305,22306,44599,44600,44601,44602,44603,44606,44607,44608,44609,44610,1,-1,2,-2,1,3,1,-1,-3,-1,2,2,5,2,2,-2,-2,-5,-2,-2
0,1,7435,7438,22305,22306,22307,22310,22311,22312,44611,44612,44613,44614,44615,44618,44619,44620,44621,44622,1,-1,2,-2,1,3,1,-1,-3,-1,2,2,5,2,2,-2,-2,-5,-2,-2
0,1,7437,7440,22311,22312,22313,22316,22317,22318,44623,44624,44625,44626,44627,44630,44631,44632,44633,44634,1,-1,2,-2,1,3,1,-1,-3,-1,2,2,5,2,2,-2,-2,-5,-2,-2
0,1,7439,7442,22317,22318,22319,22322,22323,22324,44635,44636,44637,44638,44639,44642,44643,44644,44645,44646,1,-1,2,-2,1,3,1,-1,-3,-1,2,2,5,2,2,-2,-2,-5,-2,-2
0,1,7441,7444,22323,22324,22325,22328,22329,22330,44647,44648,44649,44650,44651,44654,44655,44656,44657,44658,1,-1,2,-2,1,3,1,-1,-3,-1,2,2,5,2,2,-2,-2,-5,-2,-2
0,1,7443,7446,22329,22330,22331,22334,22335,22336,44659,44660,44661,44662,44663,44666,44667,44668,44669,44670,1,-1,2,-2,1,3,1,-1,-3,-1,2,2,5,2,2,-2,-2,-5,-2,-2
0,1,7445,7448,22335,22336,22337,22340,22341,22342,44671,44672,44673,44674,44675,44678,44679,44680,44681,44682,1,-1,2,-2,1,3,1,-1,-3,-1,2,2,5,2,2,-2,-2,-5,-2,-2
0,1,7447,7450,22341,22342,22343,22346,22347,22348,44683,44684,44685,44686,44687,44690,44691,44692,44693,44694,1,-1,2,-2,1,3,1,-1,-3,-1,2,2,5,2,2,-2,-2,-5,-2,-2
0,1,7449,7452,22347,22348,22349,22352,22353,22354,44695,44696,44697,44698,44699,44702,44703,44704,44705,44706,1,-1,2,-2,1,3,1,-1,-3,-1,2,2,5,2,2,-2,-2,-5,-2,-2
0,1,7451,7454,22353,22354,22355,22358,22359,22360,44707,44708,44709,44710,44711,44714,44715,44716,44717,44718,1,-1,2,-2,1,3,1,-1,-3,-1,2,2,5,2,2,-2,-2,-5,-2,-2
0,1,7453,7456,22359,22360,22361,22364,22365,22366,44719,44720,44721,44722,44723,44726,44727,44728,44729,44730,1,-1,2,-2,1,3,1,-1,-3,-1,2,2,5,2,2,-2,-2,-5,-2,-2
0,1,7455,7458,22365,22366,22367,22370,22371,22372,44731,44732,44733,44734,44735,44738,44739,44740,44741,44742,1,-1,2,-2,1,3,1,-1,-3,-1,2,2,5,2,2,-2,-2,-5,-2,-2
0,1,7457,7460,22371,22372,22373,22376,22377,22378,44743,44744,44745,44746,44747,44750,44751,44752,44753,44754,1,-1,2,-2,1,3,1,-1,-3,-1,2,2,5,2,2,-2,-2,-5,-2,-2
0,1,7459,7462,22377,22378,22379,22382,22383,22384,44755,44756,44757,44758,44759,44762,44763,44764,44765,44766,1,-1,2,-2,1,3,1,-1,-3,-1,2,2,5,2,2,-2,-2,-5,-2,-2
0,1,7461,7464,22383,22384,22385,22388,22389,22390,44767,44768,44769,44770,44771,44774,44775,44776,44777,44778,1,-1,2,-2,1,3,1,-1,-3,-1,2,2,5,2,2,-2,-2,-5,-2,-2
0,1,7463,7466,22389,22390,22391,22394,22395,22396,44779,44780,44781,44782,44783,44786,44787,44788,44789,44790,1,-1,2,-2,1,3,1,-1,-3,-1,2,2,5,2,2,-2,-2,-5,-2,-2
0,1,7465,7468,22395,22396,22397,22400,22401,22402,44791,44792,44793,44794,44795,44798,44799,44800,44801,44802,1,-1,2,-2,1,3,1,-1,-3,-1,2,2,5,2,2,-2,-2,-5,-2,-2
0,1,7467,7470,22401,22402,22403,22406,22407,22408,44803,44804,44805,44806,44807,44810,44811,44812,44813,44814,1,-1,2,-2,1,3,1,-1,-3,-1,2,2,5,2,2,-2,-2,-5,-2,-2
0,1,7469,7472,22407,22408,22409,22412,22413,22414,44815,44816,44817,44818,44819,44822,44823,44824,44825,44826,1,-1,2,-2,1,3,1,-1,-3,-1,2,2,5,2,2,-2,-2,-5,-2,-2
0,1,7471,7474,22413,22414,22415,22418,22419,22420,44827,44828,44829,44830,44831,44834,44835,44836,44837,44838,1,-1,2,-2,1,3,1,-1,-3,-1,2,2,5,2,2,-2,-2,-5,-2,-2
0,1,7473,7476,22419,22420,22421,22424,22425,22426,44839,44840,44841,44842,44843,44846,44847,44848,44849,44850,1,-1,2,-2,1,3,1,-1,-3,-1,2,2,5,2,2,-2,-2,-5,-2,-2
0,1,7475,7478,22425,22426,22427,22430,22431,22432,44851,44852,44853,44854,44855,44858,44859,44860,44861,44862,1,-1,2,-2,1,3,1,-1,-3,-1,2,2,5,2,2,-2,-2,-5,-2,-2
0,1,7477,7480,22431,22432,22433,22436,22437,22438,44863,44864,44865,44866,44867,44870,44871,44872,44873,44874,1,-1,2,-2,1,3,1,-1,-3,-1,2,2,5,2,2,-2,-2,-5,-2,-2
0,1,7479,7482,22437,22438,22439,22442,22443,22444,44875,44876,44877,44878,44879,44882,44883,44884,44885,44886,1,-1,2,-2,1,3,1,-1,-3,-1,2,2,5,2,2,-2,-2,-5,-2,-2
0,1,7481,7484,22443,22444,22445,22448,22449,22450,44887,44888,44889,44890,44891,44894,44895,44896,44897,44898,1,-1,2,-2,1,3,1,-1,-3,-1,2,2,5,2,2,-2,-2,-5,-2,-2
0,1,7483,7486,22449,22450,22451,22454,22455,22456,44899,44900,44901,44902,44903,44906,44907,44908,44909,44910,1,-1,2,-2,1,3,1,-1,-3,-1,2,2,5,2,2,-2,-2,-5,-2,-2
0,1,7485,7488,22455,22456,22457,22460,22461,22462,44911,44912,44913,44914,44915,44918,44919,44920,44921,44922,1,-1,2,-2,1,3,1,-1,-3,-1,2,2,5,2,2,-2,-2,-5,-2,-2
0,1,7487,7490,22461,22462,22463,22466,22467,22468,44923,44924,44925,44926,44927,44930,44931,44932,44933,44934,1,-1,2,-2,1,3,1,-1,-3,-1,2,2,5,2,2,-2,-2,-5,-2,-2
0,1,7489,7492,22467,22468,22469,22472,22473,22474,44935,44936,44937,44938,44939,44942,44943,44944,44945,44946,1,-1,2,-2,1,3,1,-1,-3,-1,2,2,5,2,2,-2,-2,-5,-2,-2
0,1,7491,7494,22473,22474,22475,22478,22479,22480,44947,44948,44949,44950,44951,44954,44955,44956,44957,44958,1,-1,2,-2,1,3,1,-1,-3,-1,2,2,5,2,2,-2,-2,-5,-2,-2
0,1,7493,7496,22479,22480,22481,22484,22485,22486,44959,44960,44961,44962,44963,44966,44967,44968,44969,44970,1,-1,2,-2,1,3,1,-1,-3,-1,2,2,5,2,2,-2,-2,-5,-2,-2
0,1,7495,7498,22485,22486,22487,22490,22491,22492,44971,44972,44973,44974,44975,44978,44979,44980,44981,44982,1,-1,2,-2,1,3,1,-1,-3,-1,2,2,5,2,2,-2,-2,-5,-2,-2
0,1,7497,7500,22491,22492,22493,22496,22497,22498,44983,44984,44985,44986,44987,44990,44991,44992,44993,44994,1,-1,2,-2,1,3,1,-1,-3,-1,2,2,5,2,2,-2,-2,-5,-2,-2
0,1,7499,7502,22497,22498,22499,22502,22503,22504,44995,44996,44997,44998,44999,45002,45003,45004,45005,45006,1,-1,2,-2,1,3,1,-1,-3,-1,2,2,5,2,2,-2,-2,-5,-2,-2
0,1,7501,7504,22503,22504,22505,22508,22509,22510,45007,45008,45009,45010,45011,45014,45015,45016,45017,45018,1,-1,2,-2,1,3,1,-1,-3,-1,2,2,5,2,2,-2,-2,-5,-2,-2
0,1,7503,7506,22509,22510,22511,22514,22515,22516,45019,45020,45021,45022,45023,45026,45027,45028,45029,45030,1,-1,2,-2,1,3,1,-1,-3,-1,2,2,5,2,2,-2,-2,-5,-2,-2
0,1,7505,7508,22515,22516,22517,22520,22521,22522,45031,45032,45033,45034,45035,45038,45039,45040,45041,45042,1,-1,2,-2,1,3,1,-1,-3,-1,2,2,5,2,2,-2,-2,-5,-2,-2
0,1,7507,7510,22521,22522,22523,22526,22527,22528,45043,45044,45045,45046,45047,45050,45051,45052,45053,45054,1,-1,2,-2,1,3,1,-1,-3,-1,2,2,5,2,2,-2,-2,-5,-2,-2
0,1,7509,7512,22527,22528,22529,22532,22533,22534,45055,45056,45057,45058,45059,45062,45063,45064,45065,45066,1,-1,2,-2,1,3,1,-1,-3,-1,2,2,5,2,2,-2,-2,-5,-2,-2
0,1,7511,7514,22533,22534,22535,22538,22539,22540,45067,45068,45069,45070,45071,45074,45075,45076,45077,45078,1,-1,2,-2,1,3,1,-1,-3,-1,2,2,5,2,2,-2,-2,-5,-2,-2
0,1,7513,7516,22539,22540,22541,22544,22545,22546,45079,45080,45081,45082,45083,45086,45087,45088,45089,45090,1,-1,2,-2,1,3,1,-1,-3,-1,2,2,5,2,2,-2,-2,-5,-2,-2
0,1,7515,7518,22545,22546,22547,22550,22551,22552,45091,45092,45093,45094,45095,45098,45099,45100,45101,45102,1,-1,2,-2,1,3,1,-1,-3,-1,2,2,5,2,2,-2,-2,-5,-2,-2
0,1,7517,7520,22551,22552,22553,22556,22557,22558,45103,45104,45105,45106,45107,45110,45111,45112,45113,45114,1,-1,2,-2,1,3,1,-1,-3,-1,2,2,5,2,2,-2,-2,-5,-2,-2
0,1,7519,7522,22557,22558,22559,22562,22563,22564,45115,45116,45117,45118,45119,45122,45123,45124,45125,45126,1,-1,2,-2,1,3,1,-1,-3,-1,2,2,5,2,2,-2,-2,-5,-2,-2
0,1,7521,7524,22563,22564,22565,22568,22569,22570,45127,45128,45129,45130,45131,45134,45135,45136,45137,45138,1,-1,2,-2,1,3,1,-1,-3,-1,2,2,5,2,2,-2,-2,-5,-2,-2
0,1,7523,7526,22569,22570,22571,22574,22575,22576,45139,45140,45141,45142,45143,45146,45147,45148,45149,45150,1,-1,2,-2,1,3,1,-1,-3,-1,2,2,5,2,2,-2,-2,-5,-2,-2
0,1,7525,7528,22575,22576,22577,22580,22581,22582,45151,45152,45153,45154,45155,45158,45159,45160,45161,45162,1,-1,2,-2,1,3,1,-1,-3,-1,2,2,5,2,2,-2,-2,-5,-2,-2
0,1,7527,7530,22581,22582,22583,22586,22587,22588,45163,45164,45165,45166,45167,45170,45171,45172,45173,45174,1,-1,2,-2,1,3,1,-1,-3,-1,2,2,5,2,2,-2,-2,-5,-2,-2
0,1,7529,7532,22587,22588,22589,22592,22593,22594,45175,45176,45177,45178,45179,45182,45183,45184,45185,45186,1,-1,2,-2,1,3,1,-1,-3,-1,2,2,5,2,2,-2,-2,-5,-2,-2
0,1,7531,7534,22593,22594,22595,22598,22599,22600,45187,45188,45189,45190,45191,45194,45195,45196,45197,45198,1,-1,2,-2,1,3,1,-1,-3,-1,2,2,5,2,2,-2,-2,-5,-2,-2
0,1,7533,7536,22599,22600,22601,22604,22605,22606,45199,45200,45201,45202,45203,45206,45207,45208,45209,45210,1,-1,2,-2,1,3,1,-1,-3,-1,2,2,5,2,2,-2,-2,-5,-2,-2
0,1,7535,7538,22605,22606,22607,22610,22611,22612,45211,45212,45213,45214,45215,45218,45219,45220,45221,45222,1,-1,2,-2,1,3,1,-1,-3,-1,2,2,5,2,2,-2,-2,-5,-2,-2
0,1,7537,7540,22611,22612,22613,22616,22617,22618,45223,45224,45225,45226,45227,45230,45231,45232,45233,45234,1,-1,2,-2,1,3,1,-1,-3,-1,2,2,5,2,2,-2,-2,-5,-2,-2
0,1,7539,7542,22617,22618,22619,22622,22623,22624,45235,45236,45237,45238,45239,45242,45243,45244,45245,45246,1,-1,2,-2,1,3,1,-1,-3,-1,2,2,5,2,2,-2,-2,-5,-2,-2
0,1,7541,7544,22623,22624,22625,22628,22629,22630,45247,45248,45249,45250,45251,45254,45255,45256,45257,45258,1,-1,2,-2,1,3,1,-1,-3,-1,2,2,5,2,2,-2,-2,-5,-2,-2
0,1,7543,7546,22629,22630,22631,22634,22635,22636,45259,45260,45261,45262,45263,45266,45267,45268,45269,45270,1,-1,2,-2,1,3,1,-1,-3,-1,2,2,5,2,2,-2,-2,-5,-2,-2
0,1,7545,7548,22635,22636,22637,22640,22641,22642,45271,45272,45273,45274,45275,45278,45279,45280,45281,45282,1,-1,2,-2,1,3,1,-1,-3,-1,2,2,5,2,2,-2,-2,-5,-2,-2
0,1,7547,7550,22641,22642,22643,22646,22647,22648,45283,45284,45285,45286,45287,45290,45291,45292,45293,45294,1,-1,2,-2,1,3,1,-1,-3,-1,2,2,5,2,2,-2,-2,-5,-2,-2
0,1,7549,7552,22647,22648,22649,22652,22653,22654,45295,45296,45297,45298,45299,45302,45303,45304,45305,45306,1,-1,2,-2,1,3,1,-1,-3,-1,2,2,5,2,2,-2,-2,-5,-2,-2
0,1,7551,7554,22653,22654,22655,22658,22659,22660,45307,45308,45309,45310,45311,45314,45315,45316,45317,45318,1,-1,2,-2,1,3,1,-1,-3,-1,2,2,5,2,2,-2,-2,-5,-2,-2
0,1,7553,7556,22659,22660,22661,22664,22665,22666,45319,45320,45321,45322,45323,45326,45327,45328,45329,45330,1,-1,2,-2,1,3,1,-1,-3,-1,2,2,5,2,2,-2,-2,-5,-2,-2
0,1,7555,7558,22665,22666,22667,22670,22671,22672,45331,45332,45333,45334,45335,45338,45339,45340,45341,45342,1,-1,2,-2,1,3,1,-1,-3,-1,2,2,5,2,2,-2,-2,-5,-2,-2
0,1,7557,7560,22671,22672,22673,22676,22677,22678,45343,45344,45345,45346,45347,45350,45351,45352,45353,45354,1,-1,2,-2,1,3,1,-1,-3,-1,2,2,5,2,2,-2,-2,-5,-2,-2
0,1,7559,7562,22677,22678,22679,22682,22683,22684,45355,45356,45357,45358,45359,45362,45363,45364,45365,45366,1,-1,2,-2,1,3,1,-1,-3,-1,2,2,5,2,2,-2,-2,-5,-2,-2
0,1,7561,7564,22683,22684,22685,22688,22689,22690,45367,45368,45369,45370,45371,45374,45375,45376,45377,45378,1,-1,2,-2,1,3,1,-1,-3,-1,2,2,5,2,2,-2,-2,-5,-2,-2
0,1,7563,7566,22689,22690,22691,22694,22695,22696,45379,45380,45381,45382,45383,45386,45387,45388,45389,45390,1,-1,2,-2,1,3,1,-1,-3,-1,2,2,5,2,2,-2,-2,-5,-2,-2
0,1,7565,7568,22695,22696,22697,22700,22701,22702,45391,45392,45393,45394,45395,45398,45399,45400,45401,45402,1,-1,2,-2,1,3,1,-1,-3,-1,2,2,5,2,2,-2,-2,-5,-2,-2
0,1,7567,7570,22701,22702,22703,22706,22707,22708,45403,45404,45405,45406,45407,45410,45411,45412,45413,45414,1,-1,2,-2,1,3,1,-1,-3,-1,2,2,5,2,2,-2,-2,-5,-2,-2
0,1,7569,7572,22707,22708,22709,22712,22713,22714,45415,45416,45417,45418,45419,45422,45423,45424,45425,45426,1,-1,2,-2,1,3,1,-1,-3,-1,2,2,5,2,2,-2,-2,-5,-2,-2
0,1,7571,7574,22713,22714,22715,22718,22719,22720,45427,45428,45429,45430,45431,45434,45435,45436,45437,45438,1,-1,2,-2,1,3,1,-1,-3,-1,2,2,5,2,2,-2,-2,-5,-2,-2
0,1,7573,7576,22719,22720,22721,22724,22725,22726,45439,45440,45441,45442,45443,45446,45447,45448,45449,45450,1,-1,2,-2,1,3,1,-1,-3,-1,2,2,5,2,2,-2,-2,-5,-2,-2
0,1,7575,7578,22725,22726,22727,22730,22731,22732,45451,45452,45453,45454,45455,45458,45459,45460,45461,45462,1,-1,2,-2,1,3,1,-1,-3,-1,2,2,5,2,2,-2,-2,-5,-2,-2
0,1,7577,7580,22731,22732,22733,22736,22737,22738,45463,45464,45465,45466,45467,45470,45471,45472,45473,45474,1,-1,2,-2,1,3,1,-1,-3,-1,2,2,5,2,2,-2,-2,-5,-2,-2
0,1,7579,7582,22737,22738,22739,22742,22743,22744,45475,45476,45477,45478,45479,45482,45483,45484,45485,45486,1,-1,2,-2,1,3,1,-1,-3,-1,2,2,5,2,2,-2,-2,-5,-2,-2
0,1,7581,7584,22743,22744,22745,22748,22749,22750,45487,45488,45489,45490,45491,45494,45495,45496,45497,45498,1,-1,2,-2,1,3,1,-1,-3,-1,2,2,5,2,2,-2,-2,-5,-2,-2
0,1,7583,7586,22749,22750,22751,22754,22755,22756,45499,45500,45501,45502,45503,45506,45507,45508,45509,45510,1,-1,2,-2,1,3,1,-1,-3,-1,2,2,5,2,2,-2,-2,-5,-2,-2
0,1,7585,7588,22755,22756,22757,22760,22761,22762,45511,45512,45513,45514,45515,45518,45519,45520,45521,45522,1,-1,2,-2,1,3,1,-1,-3,-1,2,2,5,2,2,-2,-2,-5,-2,-2
0,1,7587,7590,22761,22762,22763,22766,22767,22768,45523,45524,45525,45526,45527,45530,45531,45532,45533,45534,1,-1,2,-2,1,3,1,-1,-3,-1,2,2,5,2,2,-2,-2,-5,-2,-2
0,1,7589,7592,22767,22768,22769,22772,22773,22774,45535,45536,45537,45538,45539,45542,45543,45544,45545,45546,1,-1,2,-2,1,3,1,-1,-3,-1,2,2,5,2,2,-2,-2,-5,-2,-2
0,1,7591,7594,22773,22774,22775,22778,22779,22780,45547,45548,45549,45550,45551,45554,45555,45556,45557,45558,1,-1,2,-2,1,3,1,-1,-3,-1,2,2,5,2,2,-2,-2,-5,-2,-2
0,1,7593,7596,22779,22780,22781,22784,22785,22786,45559,45560,45561,45562,45563,45566,45567,45568,45569,45570,1,-1,2,-2,1,3,1,-1,-3,-1,2,2,5,2,2,-2,-2,-5,-2,-2
0,1,7595,7598,22785,22786,22787,22790,22791,22792,45571,45572,45573,45574,45575,45578,45579,45580,45581,45582,1,-1,2,-2,1,3,1,-1,-3,-1,2,2,5,2,2,-2,-2,-5,-2,-2
0,1,7597,7600,22791,22792,22793,22796,22797,22798,45583,45584,45585,45586,45587,45590,45591,45592,45593,45594,1,-1,2,-2,1,3,1,-1,-3,-1,2,2,5,2,2,-2,-2,-5,-2,-2
0,1,7599,7602,22797,22798,22799,22802,22803,22804,45595,45596,45597,45598,45599,45602,45603,45604,45605,45606,1,-1,2,-2,1,3,1,-1,-3,-1,2,2,5,2,2,-2,-2,-5,-2,-2
0,1,7601,7604,22803,22804,22805,22808,22809,22810,45607,45608,45609,45610,45611,45614,45615,45616,45617,45618,1,-1,2,-2,1,3,1,-1,-3,-1,2,2,5,2,2,-2,-2,-5,-2,-2
0,1,7603,7606,22809,22810,22811,22814,22815,22816,45619,45620,45621,45622,45623,45626,45627,45628,45629,45630,1,-1,2,-2,1,3,1,-1,-3,-1,2,2,5,2,2,-2,-2,-5,-2,-2
0,1,7605,7608,22815,22816,22817,22820,22821,22822,45631,45632,45633,45634,45635,45638,45639,45640,45641,45642,1,-1,2,-2,1,3,1,-1,-3,-1,2,2,5,2,2,-2,-2,-5,-2,-2
0,1,7607,7610,22821,22822,22823,22826,22827,22828,45643,45644,45645,45646,45647,45650,45651,45652,45653,45654,1,-1,2,-2,1,3,1,-1,-3,-1,2,2,5,2,2,-2,-2,-5,-2,-2
0,1,7609,7612,22827,22828,22829,22832,22833,22834,45655,45656,45657,45658,45659,45662,45663,45664,45665,45666,1,-1,2,-2,1,3,1,-1,-3,-1,2,2,5,2,2,-2,-2,-5,-2,-2
0,1,7611,7614,22833,22834,22835,22838,22839,22840,45667,45668,45669,45670,45671,45674,45675,45676,45677,45678,1,-1,2,-2,1,3,1,-1,-3,-1,2,2,5,2,2,-2,-2,-5,-2,-2
0,1,7613,7616,22839,22840,22841,22844,22845,22846,45679,45680,45681,45682,45683,45686,45687,45688,45689,45690,1,-1,2,-2,1,3,1,-1,-3,-1,2,2,5,2,2,-2,-2,-5,-2,-2
0,1,7615,7618,22845,22846,22847,22850,22851,22852,45691,45692,45693,45694,45695,45698,45699,45700,45701,45702,1,-1,2,-2,1,3,1,-1,-3,-1,2,2,5,2,2,-2,-2,-5,-2,-2
0,1,7617,7620,22851,22852,22853,22856,22857,22858,45703,45704,45705,45706,45707,45710,45711,45712,45713,45714,1,-1,2,-2,1,3,1,-1,-3,-1,2,2,5,2,2,-2,-2,-5,-2,-2
0,1,7619,7622,22857,22858,22859,22862,22863,22864,45715,45716,45717,45718,45719,45722,45723,45724,45725,45726,1,-1,2,-2,1,3,1,-1,-3,-1,2,2,5,2,2,-2,-2,-5,-2,-2
0,1,7621,7624,22863,22864,22865,22868,22869,22870,45727,45728,45729,45730,45731,45734,45735,45736,45737,45738,1,-1,2,-2,1,3,1,-1,-3,-1,2,2,5,2,2,-2,-2,-5,-2,-2
0,1,7623,7626,22869,22870,22871,22874,22875,22876,45739,45740,45741,45742,45743,45746,45747,45748,45749,45750,1,-1,2,-2,1,3,1,-1,-3,-1,2,2,5,2,2,-2,-2,-5,-2,-2
0,1,7625,7628,22875,22876,22877,22880,22881,22882,45751,45752,45753,45754,45755,45758,45759,45760,45761,45762,1,-1,2,-2,1,3,1,-1,-3,-1,2,2,5,2,2,-2,-2,-5,-2,-2
0,1,7627,7630,22881,22882,22883,22886,22887,22888,45763,45764,45765,45766,45767,45770,45771,45772,45773,45774,1,-1,2,-2,1,3,1,-1,-3,-1,2,2,5,2,2,-2,-2,-5,-2,-2
0,1,7629,7632,22887,22888,22889,22892,22893,22894,45775,45776,45777,45778,45779,45782,45783,45784,45785,45786,1,-1,2,-2,1,3,1,-1,-3,-1,2,2,5,2,2,-2,-2,-5,-2,-2
0,1,7631,7634,22893,22894,22895,22898,22899,22900,45787,45788,45789,45790,45791,45794,45795,45796,45797,45798,1,-1,2,-2,1,3,1,-1,-3,-1,2,2,5,2,2,-2,-2,-5,-2,-2
0,1,7633,7636,22899,22900,22901,22904,22905,22906,45799,45800,45801,45802,45803,45806,45807,45808,45809,45810,1,-1,2,-2,1,3,1,-1,-3,-1,2,2,5,2,2,-2,-2,-5,-2,-2
0,1,7635,7638,22905,22906,22907,22910,22911,22912,45811,45812,45813,45814,45815,45818,45819,45820,45821,45822,1,-1,2,-2,1,3,1,-1,-3,-1,2,2,5,2,2,-2,-2,-5,-2,-2
0,1,7637,7640,22911,22912,22913,22916,22917,22918,45823,45824,45825,45826,45827,45830,45831,45832,45833,45834,1,-1,2,-2,1,3,1,-1,-3,-1,2,2,5,2,2,-2,-2,-5,-2,-2
0,1,7639,7642,22917,22918,22919,22922,22923,22924,45835,45836,45837,45838,45839,45842,45843,45844,45845,45846,1,-1,2,-2,1,3,1,-1,-3,-1,2,2,5,2,2,-2,-2,-5,-2,-2
0,1,7641,7644,22923,22924,22925,22928,22929,22930,45847,45848,45849,45850,45851,45854,45855,45856,45857,45858,1,-1,2,-2,1,3,1,-1,-3,-1,2,2,5,2,2,-2,-2,-5,-2,-2
0,1,7643,7646,22929,22930,22931,22934,22935,22936,45859,45860,45861,45862,45863,45866,45867,45868,45869,45870,1,-1,2,-2,1,3,1,-1,-3,-1,2,2,5,2,2,-2,-2,-5,-2,-2
0,1,7645,7648,22935,22936,22937,22940,22941,22942,45871,45872,45873,45874,45875,45878,45879,45880,45881,45882,1,-1,2,-2,1,3,1,-1,-3,-1,2,2,5,2,2,-2,-2,-5,-2,-2
0,1,7647,7650,22941,22942,22943,22946,22947,22948,45883,45884,45885,45886,45887,45890,45891,45892,45893,45894,1,-1,2,-2,1,3,1,-1,-3,-1,2,2,5,2,2,-2,-2,-5,-2,-2
0,1,7649,7652,22947,22948,22949,22952,22953,22954,45895,45896,45897,45898,45899,45902,45903,45904,45905,45906,1,-1,2,-2,1,3,1,-1,-3,-1,2,2,5,2,2,-2,-2,-5,-2,-2
0,1,7651,7654,22953,22954,22955,22958,22959,22960,45907,45908,45909,45910,45911,45914,45915,45916,45917,45918,1,-1,2,-2,1,3,1,-1,-3,-1,2,2,5,2,2,-2,-2,-5,-2,-2
0,1,7653,7656,22959,22960,22961,22964,22965,22966,45919,45920,45921,45922,45923,45926,45927,45928,45929,45930,1,-1,2,-2,1,3,1,-1,-3,-1,2,2,5,2,2,-2,-2,-5,-2,-2
0,1,7655,7658,22965,22966,22967,22970,22971,22972,45931,45932,45933,45934,45935,45938,45939,45940,45941,45942,1,-1,2,-2,1,3,1,-1,-3,-1,2,2,5,2,2,-2,-2,-5,-2,-2
0,1,7657,7660,22971,22972,22973,22976,22977,22978,45943,45944,45945,45946,45947,45950,45951,45952,45953,45954,1,-1,2,-2,1,3,1,-1,-3,-1,2,2,5,2,2,-2,-2,-5,-2,-2
0,1,7659,7662,22977,22978,22979,22982,22983,22984,45955,45956,45957,45958,45959,45962,45963,45964,45965,45966,1,-1,2,-2,1,3,1,-1,-3,-1,2,2,5,2,2,-2,-2,-5,-2,-2
0,1,7661,7664,22983,22984,22985,22988,22989,22990,45967,45968,45969,45970,45971,45974,45975,45976,45977,45978,1,-1,2,-2,1,3,1,-1,-3,-1,2,2,5,2,2,-2,-2,-5,-2,-2
0,1,7663,7666,22989,22990,22991,22994,22995,22996,45979,45980,45981,45982,45983,45986,45987,45988,45989,45990,1,-1,2,-2,1,3,1,-1,-3,-1,2,2,5,2,2,-2,-2,-5,-2,-2
0,1,7665,7668,22995,22996,22997,23000,23001,23002,45991,45992,45993,45994,45995,45998,45999,46000,46001,46002,1,-1,2,-2,1,3,1,-1,-3,-1,2,2,5,2,2,-2,-2,-5,-2,-2
0,1,7667,7670,23001,23002,23003,23006,23007,23008,46003,46004,46005,46006,46007,46010,46011,46012,46013,46014,1,-1,2,-2,1,3,1,-1,-3,-1,2,2,5,2,2,-2,-2,-5,-2,-2
0,1,7669,7672,23007,23008,23009,23012,23013,23014,46015,46016,46017,46018,46019,46022,46023,46024,46025,46026,1,-1,2,-2,1,3,1,-1,-3,-1,2,2,5,2,2,-2,-2,-5,-2,-2
0,1,7671,7674,23013,23014,23015,23018,23019,23020,46027,46028,46029,46030,46031,46034,46035,46036,46037,46038,1,-1,2,-2,1,3,1,-1,-3,-1,2,2,5,2,2,-2,-2,-5,-2,-2
0,1,7673,7676,23019,23020,23021,23024,23025,23026,46039,46040,46041,46042,46043,46046,46047,46048,46049,46050,1,-1,2,-2,1,3,1,-1,-3,-1,2,2,5,2,2,-2,-2,-5,-2,-2
0,1,7675,7678,23025,23026,23027,23030,23031,23032,46051,46052,46053,46054,46055,46058,46059,46060,46061,46062,1,-1,2,-2,1,3,1,-1,-3,-1,2,2,5,2,2,-2,-2,-5,-2,-2
0,1,7677,7680,23031,23032,23033,23036,23037,23038,46063,46064,46065,46066,46067,46070,46071,46072,46073,46074,1,-1,2,-2,1,3,1,-1,-3,-1,2,2,5,2,2,-2,-2,-5,-2,-2
0,1,7679,7682,23037,23038,23039,23042,23043,23044,46075,46076,46077,46078,46079,46082,46083,46084,46085,46086,1,-1,2,-2,1,3,1,-1,-3,-1,2,2,5,2,2,-2,-2,-5,-2,-2
0,1,7681,7684,23043,23044,23045,23048,23049,23050,46087,46088,46089,46090,46091,46094,46095,46096,46097,46098,1,-1,2,-2,1,3,1,-1,-3,-1,2,2,5,2,2,-2,-2,-5,-2,-2
0,1,7683,7686,23049,23050,23051,23054,23055,23056,46099,46100,46101,46102,46103,46106,46107,46108,46109,46110,1,-1,2,-2,1,3,1,-1,-3,-1,2,2,5,2,2,-2,-2,-5,-2,-2
0,1,7685,7688,23055,23056,23057,23060,23061,23062,46111,46112,46113,46114,46115,46118,46119,46120,46121,46122,1,-1,2,-2,1,3,1,-1,-3,-1,2,2,5,2,2,-2,-2,-5,-2,-2
0,1,7687,7690,23061,23062,23063,23066,23067,23068,46123,46124,46125,46126,46127,46130,46131,46132,46133,46134,1,-1,2,-2,1,3,1,-1,-3,-1,2,2,5,2,2,-2,-2,-5,-2,-2
0,1,7689,7692,23067,23068,23069,23072,23073,23074,46135,46136,46137,46138,46139,46142,46143,46144,46145,46146,1,-1,2,-2,1,3,1,-1,-3,-1,2,2,5,2,2,-2,-2,-5,-2,-2
0,1,7691,7694,23073,23074,23075,23078,23079,23080,46147,46148,46149,46150,46151,46154,46155,46156,46157,46158,1,-1,2,-2,1,3,1,-1,-3,-1,2,2,5,2,2,-2,-2,-5,-2,-2
0,1,7693,7696,23079,23080,23081,23084,23085,23086,46159,46160,46161,46162,46163,46166,46167,46168,46169,46170,1,-1,2,-2,1,3,1,-1,-3,-1,2,2,5,2,2,-2,-2,-5,-2,-2
0,1,7695,7698,23085,23086,23087,23090,23091,23092,46171,46172,46173,46174,46175,46178,46179,46180,46181,46182,1,-1,2,-2,1,3,1,-1,-3,-1,2,2,5,2,2,-2,-2,-5,-2,-2
0,1,7697,7700,23091,23092,23093,23096,23097,23098,46183,46184,46185,46186,46187,46190,46191,46192,46193,46194,1,-1,2,-2,1,3,1,-1,-3,-1,2,2,5,2,2,-2,-2,-5,-2,-2
0,1,7699,7702,23097,23098,23099,23102,23103,23104,46195,46196,46197,46198,46199,46202,46203,46204,46205,46206,1,-1,2,-2,1,3,1,-1,-3,-1,2,2,5,2,2,-2,-2,-5,-2,-2
0,1,7701,7704,23103,23104,23105,23108,23109,23110,46207,46208,46209,46210,46211,46214,46215,46216,46217,46218,1,-1,2,-2,1,3,1,-1,-3,-1,2,2,5,2,2,-2,-2,-5,-2,-2
0,1,7703,7706,23109,23110,23111,23114,23115,23116,46219,46220,46221,46222,46223,46226,46227,46228,46229,46230,1,-1,2,-2,1,3,1,-1,-3,-1,2,2,5,2,2,-2,-2,-5,-2,-2
0,1,7705,7708,23115,23116,23117,23120,23121,23122,46231,46232,46233,46234,46235,46238,46239,46240,46241,46242,1,-1,2,-2,1,3,1,-1,-3,-1,2,2,5,2,2,-2,-2,-5,-2,-2
0,1,7707,7710,23121,23122,23123,23126,23127,23128,46243,46244,46245,46246,46247,46250,46251,46252,46253,46254,1,-1,2,-2,1,3,1,-1,-3,-1,2,2,5,2,2,-2,-2,-5,-2,-2
0,1,7709,7712,23127,23128,23129,23132,23133,23134,46255,46256,46257,46258,46259,46262,46263,46264,46265,46266,1,-1,2,-2,1,3,1,-1,-3,-1,2,2,5,2,2,-2,-2,-5,-2,-2
0,1,7711,7714,23133,23134,23135,23138,23139,23140,46267,46268,46269,46270,46271,46274,46275,46276,46277,46278,1,-1,2,-2,1,3,1,-1,-3,-1,2,2,5,2,2,-2,-2,-5,-2,-2
0,1,7713,7716,23139,23140,23141,23144,23145,23146,46279,46280,46281,46282,46283,46286,46287,46288,46289,46290,1,-1,2,-2,1,3,1,-1,-3,-1,2,2,5,2,2,-2,-2,-5,-2,-2
0,1,7715,7718,23145,23146,23147,23150,23151,23152,46291,46292,46293,46294,46295,46298,46299,46300,46301,46302,1,-1,2,-2,1,3,1,-1,-3,-1,2,2,5,2,2,-2,-2,-5,-2,-2
0,1,7717,7720,23151,23152,23153,23156,23157,23158,46303,46304,46305,46306,46307,46310,46311,46312,46313,46314,1,-1,2,-2,1,3,1,-1,-3,-1,2,2,5,2,2,-2,-2,-5,-2,-2
0,1,7719,7722,23157,23158,23159,23162,23163,23164,46315,46316,46317,46318,46319,46322,46323,46324,46325,46326,1,-1,2,-2,1,3,1,-1,-3,-1,2,2,5,2,2,-2,-2,-5,-2,-2
0,1,7721,7724,23163,23164,23165,23168,23169,23170,46327,46328,46329,46330,46331,46334,46335,46336,46337,46338,1,-1,2,-2,1,3,1,-1,-3,-1,2,2,5,2,2,-2,-2,-5,-2,-2
0,1,7723,7726,23169,23170,23171,23174,23175,23176,46339,46340,46341,46342,46343,46346,46347,46348,46349,46350,1,-1,2,-2,1,3,1,-1,-3,-1,2,2,5,2,2,-2,-2,-5,-2,-2
0,1,7725,7728,23175,23176,23177,23180,23181,23182,46351,46352,46353,46354,46355,46358,46359,46360,46361,46362,1,-1,2,-2,1,3,1,-1,-3,-1,2,2,5,2,2,-2,-2,-5,-2,-2
0,1,7727,7730,23181,23182,23183,23186,23187,23188,46363,46364,46365,46366,46367,46370,46371,46372,46373,46374,1,-1,2,-2,1,3,1,-1,-3,-1,2,2,5,2,2,-2,-2,-5,-2,-2
0,1,7729,7732,23187,23188,23189,23192,23193,23194,46375,46376,46377,46378,46379,46382,46383,46384,46385,46386,1,-1,2,-2,1,3,1,-1,-3,-1,2,2,5,2,2,-2,-2,-5,-2,-2
0,1,7731,7734,23193,23194,23195,23198,23199,23200,46387,46388,46389,46390,46391,46394,46395,46396,46397,46398,1,-1,2,-2,1,3,1,-1,-3,-1,2,2,5,2,2,-2,-2,-5,-2,-2
0,1,7733,7736,23199,23200,23201,23204,23205,23206,46399,46400,46401,46402,46403,46406,46407,46408,46409,46410,1,-1,2,-2,1,3,1,-1,-3,-1,2,2,5,2,2,-2,-2,-5,-2,-2
0,1,7735,7738,23205,23206,23207,23210,23211,23212,46411,46412,46413,46414,46415,46418,46419,46420,46421,46422,1,-1,2,-2,1,3,1,-1,-3,-1,2,2,5,2,2,-2,-2,-5,-2,-2
0,1,7737,7740,23211,23212,23213,23216,23217,23218,46423,46424,46425,46426,46427,46430,46431,46432,46433,46434,1,-1,2,-2,1,3,1,-1,-3,-1,2,2,5,2,2,-2,-2,-5,-2,-2
0,1,7739,7742,23217,23218,23219,23222,23223,23224,46435,46436,46437,46438,46439,46442,46443,46444,46445,46446,1,-1,2,-2,1,3,1,-1,-3,-1,2,2,5,2,2,-2,-2,-5,-2,-2
0,1,7741,7744,23223,23224,23225,23228,23229,23230,46447,46448,46449,46450,46451,46454,46455,46456,46457,46458,1,-1,2,-2,1,3,1,-1,-3,-1,2,2,5,2,2,-2,-2,-5,-2,-2
0,1,7743,7746,23229,23230,23231,23234,23235,23236,46459,46460,46461,46462,46463,46466,46467,46468,46469,46470,1,-1,2,-2,1,3,1,-1,-3,-1,2,2,5,2,2,-2,-2,-5,-2,-2
0,1,7745,7748,23235,23236,23237,23240,23241,23242,46471,46472,46473,46474,46475,46478,46479,46480,46481,46482,1,-1,2,-2,1,3,1,-1,-3,-1,2,2,5,2,2,-2,-2,-5,-2,-2
0,1,7747,7750,23241,23242,23243,23246,23247,23248,46483,46484,46485,46486,46487,46490,46491,46492,46493,46494,1,-1,2,-2,1,3,1,-1,-3,-1,2,2,5,2,2,-2,-2,-5,-2,-2
0,1,7749,7752,23247,23248,23249,23252,23253,23254,46495,46496,46497,46498,46499,46502,46503,46504,46505,46506,1,-1,2,-2,1,3,1,-1,-3,-1,2,2,5,2,2,-2,-2,-5,-2,-2
0,1,7751,7754,23253,23254,23255,23258,23259,23260,46507,46508,46509,46510,46511,46514,46515,46516,46517,46518,1,-1,2,-2,1,3,1,-1,-3,-1,2,2,5,2,2,-2,-2,-5,-2,-2
0,1,7753,7756,23259,23260,23261,23264,23265,23266,46519,46520,46521,46522,46523,46526,46527,46528,46529,46530,1,-1,2,-2,1,3,1,-1,-3,-1,2,2,5,2,2,-2,-2,-5,-2,-2
0,1,7755,7758,23265,23266,23267,23270,23271,23272,46531,46532,46533,46534,46535,46538,46539,46540,46541,46542,1,-1,2,-2,1,3,1,-1,-3,-1,2,2,5,2,2,-2,-2,-5,-2,-2
0,1,7757,7760,23271,23272,23273,23276,23277,23278,46543,46544,46545,46546,46547,46550,46551,46552,46553,46554,1,-1,2,-2,1,3,1,-1,-3,-1,2,2,5,2,2,-2,-2,-5,-2,-2
0,1,7759,7762,23277,23278,23279,23282,23283,23284,46555,46556,46557,46558,46559,46562,46563,46564,46565,46566,1,-1,2,-2,1,3,1,-1,-3,-1,2,2,5,2,2,-2,-2,-5,-2,-2
0,1,7761,7764,23283,23284,23285,23288,23289,23290,46567,46568,46569,46570,46571,46574,46575,46576,46577,46578,1,-1,2,-2,1,3,1,-1,-3,-1,2,2,5,2,2,-2,-2,-5,-2,-2
0,1,7763,7766,23289,23290,23291,23294,23295,23296,46579,46580,46581,46582,46583,46586,46587,46588,46589,46590,1,-1,2,-2,1,3,1,-1,-3,-1,2,2,5,2,2,-2,-2,-5,-2,-2
0,1,7765,7768,23295,23296,23297,23300,23301,23302,46591,46592,46593,46594,46595,46598,46599,46600,46601,46602,1,-1,2,-2,1,3,1,-1,-3,-1,2,2,5,2,2,-2,-2,-5,-2,-2
0,1,7767,7770,23301,23302,23303,23306,23307,23308,46603,46604,46605,46606,46607,46610,46611,46612,46613,46614,1,-1,2,-2,1,3,1,-1,-3,-1,2,2,5,2,2,-2,-2,-5,-2,-2
0,1,7769,7772,23307,23308,23309,23312,23313,23314,46615,46616,46617,46618,46619,46622,46623,46624,46625,46626,1,-1,2,-2,1,3,1,-1,-3,-1,2,2,5,2,2,-2,-2,-5,-2,-2
0,1,7771,7774,23313,23314,23315,23318,23319,23320,46627,46628,46629,46630,46631,46634,46635,46636,46637,46638,1,-1,2,-2,1,3,1,-1,-3,-1,2,2,5,2,2,-2,-2,-5,-2,-2
0,1,7773,7776,23319,23320,23321,23324,23325,23326,46639,46640,46641,46642,46643,46646,46647,46648,46649,46650,1,-1,2,-2,1,3,1,-1,-3,-1,2,2,5,2,2,-2,-2,-5,-2,-2
0,1,7775,7778,23325,23326,23327,23330,23331,23332,46651,46652,46653,46654,46655,46658,46659,46660,46661,46662,1,-1,2,-2,1,3,1,-1,-3,-1,2,2,5,2,2,-2,-2,-5,-2,-2
0,1,7777,7780,23331,23332,23333,23336,23337,23338,46663,46664,46665,46666,46667,46670,46671,46672,46673,46674,1,-1,2,-2,1,3,1,-1,-3,-1,2,2,5,2,2,-2,-2,-5,-2,-2
0,1,7779,7782,23337,23338,23339,23342,23343,23344,46675,46676,46677,46678,46679,46682,46683,46684,46685,46686,1,-1,2,-2,1,3,1,-1,-3,-1,2,2,5,2,2,-2,-2,-5,-2,-2
0,1,7781,7784,23343,23344,23345,23348,23349,23350,46687,46688,46689,46690,46691,46694,46695,46696,46697,46698,1,-1,2,-2,1,3,1,-1,-3,-1,2,2,5,2,2,-2,-2,-5,-2,-2
0,1,7783,7786,23349,23350,23351,23354,23355,23356,46699,46700,46701,46702,46703,46706,46707,46708,46709,46710,1,-1,2,-2,1,3,1,-1,-3,-1,2,2,5,2,2,-2,-2,-5,-2,-2
0,1,7785,7788,23355,23356,23357,23360,23361,23362,46711,46712,46713,46714,46715,46718,46719,46720,46721,46722,1,-1,2,-2,1,3,1,-1,-3,-1,2,2,5,2,2,-2,-2,-5,-2,-2
0,1,7787,7790,23361,23362,23363,23366,23367,23368,46723,46724,46725,46726,46727,46730,46731,46732,46733,46734,1,-1,2,-2,1,3,1,-1,-3,-1,2,2,5,2,2,-2,-2,-5,-2,-2
0,1,7789,7792,23367,23368,23369,23372,23373,23374,46735,46736,46737,46738,46739,46742,46743,46744,46745,46746,1,-1,2,-2,1,3,1,-1,-3,-1,2,2,5,2,2,-2,-2,-5,-2,-2
0,1,7791,7794,23373,23374,23375,23378,23379,23380,46747,46748,46749,46750,46751,46754,46755,46756,46757,46758,1,-1,2,-2,1,3,1,-1,-3,-1,2,2,5,2,2,-2,-2,-5,-2,-2
0,1,7793,7796,23379,23380,23381,23384,23385,23386,46759,46760,46761,46762,46763,46766,46767,46768,46769,46770,1,-1,2,-2,1,3,1,-1,-3,-1,2,2,5,2,2,-2,-2,-5,-2,-2
0,1,7795,7798,23385,23386,23387,23390,23391,23392,46771,46772,46773,46774,46775,46778,46779,46780,46781,46782,1,-1,2,-2,1,3,1,-1,-3,-1,2,2,5,2,2,-2,-2,-5,-2,-2
0,1,7797,7800,23391,23392,23393,23396,23397,23398,46783,46784,46785,46786,46787,46790,46791,46792,46793,46794,1,-1,2,-2,1,3,1,-1,-3,-1,2,2,5,2,2,-2,-2,-5,-2,-2
0,1,7799,7802,23397,23398,23399,23402,23403,23404,46795,46796,46797,46798,46799,46802,46803,46804,46805,46806,1,-1,2,-2,1,3,1,-1,-3,-1,2,2,5,2,2,-2,-2,-5,-2,-2
0,1,7801,7804,23403,23404,23405,23408,23409,23410,46807,46808,46809,46810,46811,46814,46815,46816,46817,46818,1,-1,2,-2,1,3,1,-1,-3,-1,2,2,5,2,2,-2,-2,-5,-2,-2
0,1,7803,7806,23409,23410,23411,23414,23415,23416,46819,46820,46821,46822,46823,46826,46827,46828,46829,46830,1,-1,2,-2,1,3,1,-1,-3,-1,2,2,5,2,2,-2,-2,-5,-2,-2
0,1,7805,7808,23415,23416,23417,23420,23421,23422,46831,46832,46833,46834,46835,46838,46839,46840,46841,46842,1,-1,2,-2,1,3,1,-1,-3,-1,2,2,5,2,2,-2,-2,-5,-2,-2
0,1,7807,7810,23421,23422,23423,23426,23427,23428,46843,46844,46845,46846,46847,46850,46851,46852,46853,46854,1,-1,2,-2,1,3,1,-1,-3,-1,2,2,5,2,2,-2,-2,-5,-2,-2
0,1,7809,7812,23427,23428,23429,23432,23433,23434,46855,46856,46857,46858,46859,46862,46863,46864,46865,46866,1,-1,2,-2,1,3,1,-1,-3,-1,2,2,5,2,2,-2,-2,-5,-2,-2
0,1,7811,7814,23433,23434,23435,23438,23439,23440,46867,46868,46869,46870,46871,46874,46875,46876,46877,46878,1,-1,2,-2,1,3,1,-1,-3,-1,2,2,5,2,2,-2,-2,-5,-2,-2
0,1,7813,7816,23439,23440,23441,23444,23445,23446,46879,46880,46881,46882,46883,46886,46887,46888,46889,46890,1,-1,2,-2,1,3,1,-1,-3,-1,2,2,5,2,2,-2,-2,-5,-2,-2
0,1,7815,7818,23445,23446,23447,23450,23451,23452,46891,46892,46893,46894,46895,46898,46899,46900,46901,46902,1,-1,2,-2,1,3,1,-1,-3,-1,2,2,5,2,2,-2,-2,-5,-2,-2
0,1,7817,7820,23451,23452,23453,23456,23457,23458,46903,46904,46905,46906,46907,46910,46911,46912,46913,46914,1,-1,2,-2,1,3,1,-1,-3,-1,2,2,5,2,2,-2,-2,-5,-2,-2
0,1,7819,7822,23457,23458,23459,23462,23463,23464,46915,46916,46917,46918,46919,46922,46923,46924,46925,46926,1,-1,2,-2,1,3,1,-1,-3,-1,2,2,5,2,2,-2,-2,-5,-2,-2
0,1,7821,7824,23463,23464,23465,23468,23469,23470,46927,46928,46929,46930,46931,46934,46935,46936,46937,46938,1,-1,2,-2,1,3,1,-1,-3,-1,2,2,5,2,2,-2,-2,-5,-2,-2
0,1,7823,7826,23469,23470,23471,23474,23475,23476,46939,46940,46941,46942,46943,46946,46947,46948,46949,46950,1,-1,2,-2,1,3,1,-1,-3,-1,2,2,5,2,2,-2,-2,-5,-2,-2
0,1,7825,7828,23475,23476,23477,23480,23481,23482,46951,46952,46953,46954,46955,46958,46959,46960,46961,46962,1,-1,2,-2,1,3,1,-1,-3,-1,2,2,5,2,2,-2,-2,-5,-2,-2
0,1,7827,7830,23481,23482,23483,23486,23487,23488,46963,46964,46965,46966,46967,46970,46971,46972,46973,46974,1,-1,2,-2,1,3,1,-1,-3,-1,2,2,5,2,2,-2,-2,-5,-2,-2
0,1,7829,7832,23487,23488,23489,23492,23493,23494,46975,46976,46977,46978,46979,46982,46983,46984,46985,46986,1,-1,2,-2,1,3,1,-1,-3,-1,2,2,5,2,2,-2,-2,-5,-2,-2
0,1,7831,7834,23493,23494,23495,23498,23499,23500,46987,46988,46989,46990,46991,46994,46995,46996,46997,46998,1,-1,2,-2,1,3,1,-1,-3,-1,2,2,5,2,2,-2,-2,-5,-2,-2
0,1,7833,7836,23499,23500,23501,23504,23505,23506,46999,47000,47001,47002,47003,47006,47007,47008,47009,47010,1,-1,2,-2,1,3,1,-1,-3,-1,2,2,5,2,2,-2,-2,-5,-2,-2
0,1,7835,7838,23505,23506,23507,23510,23511,23512,47011,47012,47013,47014,47015,47018,47019,47020,47021,47022,1,-1,2,-2,1,3,1,-1,-3,-1,2,2,5,2,2,-2,-2,-5,-2,-2
0,1,7837,7840,23511,23512,23513,23516,23517,23518,47023,47024,47025,47026,47027,47030,47031,47032,47033,47034,1,-1,2,-2,1,3,1,-1,-3,-1,2,2,5,2,2,-2,-2,-5,-2,-2
0,1,7839,7842,23517,23518,23519,23522,23523,23524,47035,47036,47037,47038,47039,47042,47043,47044,47045,47046,1,-1,2,-2,1,3,1,-1,-3,-1,2,2,5,2,2,-2,-2,-5,-2,-2
0,1,7841,7844,23523,23524,23525,23528,23529,23530,47047,47048,47049,47050,47051,47054,47055,47056,47057,47058,1,-1,2,-2,1,3,1,-1,-3,-1,2,2,5,2,2,-2,-2,-5,-2,-2
0,1,7843,7846,23529,23530,23531,23534,23535,23536,47059,47060,47061,47062,47063,47066,47067,47068,47069,47070,1,-1,2,-2,1,3,1,-1,-3,-1,2,2,5,2,2,-2,-2,-5,-2,-2
0,1,7845,7848,23535,23536,23537,23540,23541,23542,47071,47072,47073,47074,47075,47078,47079,47080,47081,47082,1,-1,2,-2,1,3,1,-1,-3,-1,2,2,5,2,2,-2,-2,-5,-2,-2
0,1,7847,7850,23541,23542,23543,23546,23547,23548,47083,47084,47085,47086,47087,47090,47091,47092,47093,47094,1,-1,2,-2,1,3,1,-1,-3,-1,2,2,5,2,2,-2,-2,-5,-2,-2
0,1,7849,7852,23547,23548,23549,23552,23553,23554,47095,47096,47097,47098,47099,47102,47103,47104,47105,47106,1,-1,2,-2,1,3,1,-1,-3,-1,2,2,5,2,2,-2,-2,-5,-2,-2
0,1,7851,7854,23553,23554,23555,23558,23559,23560,47107,47108,47109,47110,47111,47114,47115,47116,47117,47118,1,-1,2,-2,1,3,1,-1,-3,-1,2,2,5,2,2,-2,-2,-5,-2,-2
0,1,7853,7856,23559,23560,23561,23564,23565,23566,47119,47120,47121,47122,47123,47126,47127,47128,47129,47130,1,-1,2,-2,1,3,1,-1,-3,-1,2,2,5,2,2,-2,-2,-5,-2,-2
0,1,7855,7858,23565,23566,23567,23570,23571,23572,47131,47132,47133,47134,47135,47138,47139,47140,47141,47142,1,-1,2,-2,1,3,1,-1,-3,-1,2,2,5,2,2,-2,-2,-5,-2,-2
0,1,7857,7860,23571,23572,23573,23576,23577,23578,47143,47144,47145,47146,47147,47150,47151,47152,47153,47154,1,-1,2,-2,1,3,1,-1,-3,-1,2,2,5,2,2,-2,-2,-5,-2,-2
0,1,7859,7862,23577,23578,23579,23582,23583,23584,47155,47156,47157,47158,47159,47162,47163,47164,47165,47166,1,-1,2,-2,1,3,1,-1,-3,-1,2,2,5,2,2,-2,-2,-5,-2,-2
0,1,7861,7864,23583,23584,23585,23588,23589,23590,47167,47168,47169,47170,47171,47174,47175,47176,47177,47178,1,-1,2,-2,1,3,1,-1,-3,-1,2,2,5,2,2,-2,-2,-5,-2,-2
0,1,7863,7866,23589,23590,23591,23594,23595,23596,47179,47180,47181,47182,47183,47186,47187,47188,47189,47190,1,-1,2,-2,1,3,1,-1,-3,-1,2,2,5,2,2,-2,-2,-5,-2,-2
0,1,7865,7868,23595,23596,23597,23600,23601,23602,47191,47192,47193,47194,47195,47198,47199,47200,47201,47202,1,-1,2,-2,1,3,1,-1,-3,-1,2,2,5,2,2,-2,-2,-5,-2,-2
0,1,7867,7870,23601,23602,23603,23606,23607,23608,47203,47204,47205,47206,47207,47210,47211,47212,47213,47214,1,-1,2,-2,1,3,1,-1,-3,-1,2,2,5,2,2,-2,-2,-5,-2,-2
0,1,7869,7872,23607,23608,23609,23612,23613,23614,47215,47216,47217,47218,47219,47222,47223,47224,47225,47226,1,-1,2,-2,1,3,1,-1,-3,-1,2,2,5,2,2,-2,-2,-5,-2,-2
0,1,7871,7874,23613,23614,23615,23618,23619,23620,47227,47228,47229,47230,47231,47234,47235,47236,47237,47238,1,-1,2,-2,1,3,1,-1,-3,-1,2,2,5,2,2,-2,-2,-5,-2,-2
0,1,7873,7876,23619,23620,23621,23624,23625,23626,47239,47240,47241,47242,47243,47246,47247,47248,47249,47250,1,-1,2,-2,1,3,1,-1,-3,-1,2,2,5,2,2,-2,-2,-5,-2,-2
0,1,7875,7878,23625,23626,23627,23630,23631,23632,47251,47252,47253,47254,47255,47258,47259,47260,47261,47262,1,-1,2,-2,1,3,1,-1,-3,-1,2,2,5,2,2,-2,-2,-5,-2,-2
0,1,7877,7880,23631,23632,23633,23636,23637,23638,47263,47264,47265,47266,47267,47270,47271,47272,47273,47274,1,-1,2,-2,1,3,1,-1,-3,-1,2,2,5,2,2,-2,-2,-5,-2,-2
0,1,7879,7882,23637,23638,23639,23642,23643,23644,47275,47276,47277,47278,47279,47282,47283,47284,47285,47286,1,-1,2,-2,1,3,1,-1,-3,-1,2,2,5,2,2,-2,-2,-5,-2,-2
0,1,7881,7884,23643,23644,23645,23648,23649,23650,47287,47288,47289,47290,47291,47294,47295,47296,47297,47298,1,-1,2,-2,1,3,1,-1,-3,-1,2,2,5,2,2,-2,-2,-5,-2,-2
0,1,7883,7886,23649,23650,23651,23654,23655,23656,47299,47300,47301,47302,47303,47306,47307,47308,47309,47310,1,-1,2,-2,1,3,1,-1,-3,-1,2,2,5,2,2,-2,-2,-5,-2,-2
0,1,7885,7888,23655,23656,23657,23660,23661,23662,47311,47312,47313,47314,47315,47318,47319,47320,47321,47322,1,-1,2,-2,1,3,1,-1,-3,-1,2,2,5,2,2,-2,-2,-5,-2,-2
0,1,7887,7890,23661,23662,23663,23666,23667,23668,47323,47324,47325,47326,47327,47330,47331,47332,47333,47334,1,-1,2,-2,1,3,1,-1,-3,-1,2,2,5,2,2,-2,-2,-5,-2,-2
0,1,7889,7892,23667,23668,23669,23672,23673,23674,47335,47336,47337,47338,47339,47342,47343,47344,47345,47346,1,-1,2,-2,1,3,1,-1,-3,-1,2,2,5,2,2,-2,-2,-5,-2,-2
0,1,7891,7894,23673,23674,23675,23678,23679,23680,47347,47348,47349,47350,47351,47354,47355,47356,47357,47358,1,-1,2,-2,1,3,1,-1,-3,-1,2,2,5,2,2,-2,-2,-5,-2,-2
0,1,7893,7896,23679,23680,23681,23684,23685,23686,47359,47360,47361,47362,47363,47366,47367,47368,47369,47370,1,-1,2,-2,1,3,1,-1,-3,-1,2,2,5,2,2,-2,-2,-5,-2,-2
0,1,7895,7898,23685,23686,23687,23690,23691,23692,47371,47372,47373,47374,47375,47378,47379,47380,47381,47382,1,-1,2,-2,1,3,1,-1,-3,-1,2,2,5,2,2,-2,-2,-5,-2,-2
0,1,7897,7900,23691,23692,23693,23696,23697,23698,47383,47384,47385,47386,47387,47390,47391,47392,47393,47394,1,-1,2,-2,1,3,1,-1,-3,-1,2,2,5,2,2,-2,-2,-5,-2,-2
0,1,7899,7902,23697,23698,23699,23702,23703,23704,47395,47396,47397,47398,47399,47402,47403,47404,47405,47406,1,-1,2,-2,1,3,1,-1,-3,-1,2,2,5,2,2,-2,-2,-5,-2,-2
0,1,7901,7904,23703,23704,23705,23708,23709,23710,47407,47408,47409,47410,47411,47414,47415,47416,47417,47418,1,-1,2,-2,1,3,1,-1,-3,-1,2,2,5,2,2,-2,-2,-5,-2,-2
0,1,7903,7906,23709,23710,23711,23714,23715,23716,47419,47420,47421,47422,47423,47426,47427,47428,47429,47430,1,-1,2,-2,1,3,1,-1,-3,-1,2,2,5,2,2,-2,-2,-5,-2,-2
0,1,7905,7908,23715,23716,23717,23720,23721,23722,47431,47432,47433,47434,47435,47438,47439,47440,47441,47442,1,-1,2,-2,1,3,1,-1,-3,-1,2,2,5,2,2,-2,-2,-5,-2,-2
0,1,7907,7910,23721,23722,23723,23726,23727,23728,47443,47444,47445,47446,47447,47450,47451,47452,47453,47454,1,-1,2,-2,1,3,1,-1,-3,-1,2,2,5,2,2,-2,-2,-5,-2,-2
0,1,7909,7912,23727,23728,23729,23732,23733,23734,47455,47456,47457,47458,47459,47462,47463,47464,47465,47466,1,-1,2,-2,1,3,1,-1,-3,-1,2,2,5,2,2,-2,-2,-5,-2,-2
0,1,7911,7914,23733,23734,23735,23738,23739,23740,47467,47468,47469,47470,47471,47474,47475,47476,47477,47478,1,-1,2,-2,1,3,1,-1,-3,-1,2,2,5,2,2,-2,-2,-5,-2,-2
0,1,7913,7916,23739,23740,23741,23744,23745,23746,47479,47480,47481,47482,47483,47486,47487,47488,47489,47490,1,-1,2,-2,1,3,1,-1,-3,-1,2,2,5,2,2,-2,-2,-5,-2,-2
0,1,7915,7918,23745,23746,23747,23750,23751,23752,47491,47492,47493,47494,47495,47498,47499,47500,47501,47502,1,-1,2,-2,1,3,1,-1,-3,-1,2,2,5,2,2,-2,-2,-5,-2,-2
0,1,7917,7920,23751,23752,23753,23756,23757,23758,47503,47504,47505,47506,47507,47510,47511,47512,47513,47514,1,-1,2,-2,1,3,1,-1,-3,-1,2,2,5,2,2,-2,-2,-5,-2,-2
0,1,7919,7922,23757,23758,23759,23762,23763,23764,47515,47516,47517,47518,47519,47522,47523,47524,47525,47526,1,-1,2,-2,1,3,1,-1,-3,-1,2,2,5,2,2,-2,-2,-5,-2,-2
0,1,7921,7924,23763,23764,23765,23768,23769,23770,47527,47528,47529,47530,47531,47534,47535,47536,47537,47538,1,-1,2,-2,1,3,1,-1,-3,-1,2,2,5,2,2,-2,-2,-5,-2,-2
0,1,7923,7926,23769,23770,23771,23774,23775,23776,47539,47540,47541,47542,47543,47546,47547,47548,47549,47550,1,-1,2,-2,1,3,1,-1,-3,-1,2,2,5,2,2,-2,-2,-5,-2,-2
0,1,7925,7928,23775,23776,23777,23780,23781,23782,47551,47552,47553,47554,47555,47558,47559,47560,47561,47562,1,-1,2,-2,1,3,1,-1,-3,-1,2,2,5,2,2,-2,-2,-5,-2,-2
0,1,7927,7930,23781,23782,23783,23786,23787,23788,47563,47564,47565,47566,47567,47570,47571,47572,47573,47574,1,-1,2,-2,1,3,1,-1,-3,-1,2,2,5,2,2,-2,-2,-5,-2,-2
0,1,7929,7932,23787,23788,23789,23792,23793,23794,47575,47576,47577,47578,47579,47582,47583,47584,47585,47586,1,-1,2,-2,1,3,1,-1,-3,-1,2,2,5,2,2,-2,-2,-5,-2,-2
0,1,7931,7934,23793,23794,23795,23798,23799,23800,47587,47588,47589,47590,47591,47594,47595,47596,47597,47598,1,-1,2,-2,1,3,1,-1,-3,-1,2,2,5,2,2,-2,-2,-5,-2,-2
0,1,7933,7936,23799,23800,23801,23804,23805,23806,47599,47600,47601,47602,47603,47606,47607,47608,47609,47610,1,-1,2,-2,1,3,1,-1,-3,-1,2,2,5,2,2,-2,-2,-5,-2,-2
0,1,7935,7938,23805,23806,23807,23810,23811,23812,47611,47612,47613,47614,47615,47618,47619,47620,47621,47622,1,-1,2,-2,1,3,1,-1,-3,-1,2,2,5,2,2,-2,-2,-5,-2,-2
0,1,7937,7940,23811,23812,23813,23816,23817,23818,47623,47624,47625,47626,47627,47630,47631,47632,47633,47634,1,-1,2,-2,1,3,1,-1,-3,-1,2,2,5,2,2,-2,-2,-5,-2,-2
0,1,7939,7942,23817,23818,23819,23822,23823,23824,47635,47636,47637,47638,47639,47642,47643,47644,47645,47646,1,-1,2,-2,1,3,1,-1,-3,-1,2,2,5,2,2,-2,-2,-5,-2,-2
0,1,7941,7944,23823,23824,23825,23828,23829,23830,47647,47648,47649,47650,47651,47654,47655,47656,47657,47658,1,-1,2,-2,1,3,1,-1,-3,-1,2,2,5,2,2,-2,-2,-5,-2,-2
0,1,7943,7946,23829,23830,23831,23834,23835,23836,47659,47660,47661,47662,47663,47666,47667,47668,47669,47670,1,-1,2,-2,1,3,1,-1,-3,-1,2,2,5,2,2,-2,-2,-5,-2,-2
0,1,7945,7948,23835,23836,23837,23840,23841,23842,47671,47672,47673,47674,47675,47678,47679,47680,47681,47682,1,-1,2,-2,1,3,1,-1,-3,-1,2,2,5,2,2,-2,-2,-5,-2,-2
0,1,7947,7950,23841,23842,23843,23846,23847,23848,47683,47684,47685,47686,47687,47690,47691,47692,47693,47694,1,-1,2,-2,1,3,1,-1,-3,-1,2,2,5,2,2,-2,-2,-5,-2,-2
0,1,7949,7952,23847,23848,23849,23852,23853,23854,47695,47696,47697,47698,47699,47702,47703,47704,47705,47706,1,-1,2,-2,1,3,1,-1,-3,-1,2,2,5,2,2,-2,-2,-5,-2,-2
0,1,7951,7954,23853,23854,23855,23858,23859,23860,47707,47708,47709,47710,47711,47714,47715,47716,47717,47718,1,-1,2,-2,1,3,1,-1,-3,-1,2,2,5,2,2,-2,-2,-5,-2,-2
0,1,7953,7956,23859,23860,23861,23864,23865,23866,47719,47720,47721,47722,47723,47726,47727,47728,47729,47730,1,-1,2,-2,1,3,1,-1,-3,-1,2,2,5,2,2,-2,-2,-5,-2,-2
0,1,7955,7958,23865,23866,23867,23870,23871,23872,47731,47732,47733,47734,47735,47738,47739,47740,47741,47742,1,-1,2,-2,1,3,1,-1,-3,-1,2,2,5,2,2,-2,-2,-5,-2,-2
0,1,7957,7960,23871,23872,23873,23876,23877,23878,47743,47744,47745,47746,47747,47750,47751,47752,47753,47754,1,-1,2,-2,1,3,1,-1,-3,-1,2,2,5,2,2,-2,-2,-5,-2,-2
0,1,7959,7962,23877,23878,23879,23882,23883,23884,47755,47756,47757,47758,47759,47762,47763,47764,47765,47766,1,-1,2,-2,1,3,1,-1,-3,-1,2,2,5,2,2,-2,-2,-5,-2,-2
0,1,7961,7964,23883,23884,23885,23888,23889,23890,47767,47768,47769,47770,47771,47774,47775,47776,47777,47778,1,-1,2,-2,1,3,1,-1,-3,-1,2,2,5,2,2,-2,-2,-5,-2,-2
0,1,7963,7966,23889,23890,23891,23894,23895,23896,47779,47780,47781,47782,47783,47786,47787,47788,47789,47790,1,-1,2,-2,1,3,1,-1,-3,-1,2,2,5,2,2,-2,-2,-5,-2,-2
0,1,7965,7968,23895,23896,23897,23900,23901,23902,47791,47792,47793,47794,47795,47798,47799,47800,47801,47802,1,-1,2,-2,1,3,1,-1,-3,-1,2,2,5,2,2,-2,-2,-5,-2,-2
0,1,7967,7970,23901,23902,23903,23906,23907,23908,47803,47804,47805,47806,47807,47810,47811,47812,47813,47814,1,-1,2,-2,1,3,1,-1,-3,-1,2,2,5,2,2,-2,-2,-5,-2,-2
0,1,7969,7972,23907,23908,23909,23912,23913,23914,47815,47816,47817,47818,47819,47822,47823,47824,47825,47826,1,-1,2,-2,1,3,1,-1,-3,-1,2,2,5,2,2,-2,-2,-5,-2,-2
0,1,7971,7974,23913,23914,23915,23918,23919,23920,47827,47828,47829,47830,47831,47834,47835,47836,47837,47838,1,-1,2,-2,1,3,1,-1,-3,-1,2,2,5,2,2,-2,-2,-5,-2,-2
0,1,7973,7976,23919,23920,23921,23924,23925,23926,47839,47840,47841,47842,47843,47846,47847,47848,47849,47850,1,-1,2,-2,1,3,1,-1,-3,-1,2,2,5,2,2,-2,-2,-5,-2,-2
0,1,7975,7978,23925,23926,23927,23930,23931,23932,47851,47852,47853,47854,47855,47858,47859,47860,47861,47862,1,-1,2,-2,1,3,1,-1,-3,-1,2,2,5,2,2,-2,-2,-5,-2,-2
0,1,7977,7980,23931,23932,23933,23936,23937,23938,47863,47864,47865,47866,47867,47870,47871,47872,47873,47874,1,-1,2,-2,1,3,1,-1,-3,-1,2,2,5,2,2,-2,-2,-5,-2,-2
0,1,7979,7982,23937,23938,23939,23942,23943,23944,47875,47876,47877,47878,47879,47882,47883,47884,47885,47886,1,-1,2,-2,1,3,1,-1,-3,-1,2,2,5,2,2,-2,-2,-5,-2,-2
0,1,7981,7984,23943,23944,23945,23948,23949,23950,47887,47888,47889,47890,47891,47894,47895,47896,47897,47898,1,-1,2,-2,1,3,1,-1,-3,-1,2,2,5,2,2,-2,-2,-5,-2,-2
0,1,7983,7986,23949,23950,23951,23954,23955,23956,47899,47900,47901,47902,47903,47906,47907,47908,47909,47910,1,-1,2,-2,1,3,1,-1,-3,-1,2,2,5,2,2,-2,-2,-5,-2,-2
0,1,7985,7988,23955,23956,23957,23960,23961,23962,47911,47912,47913,47914,47915,47918,47919,47920,47921,47922,1,-1,2,-2,1,3,1,-1,-3,-1,2,2,5,2,2,-2,-2,-5,-2,-2
0,1,7987,7990,23961,23962,23963,23966,23967,23968,47923,47924,47925,47926,47927,47930,47931,47932,47933,47934,1,-1,2,-2,1,3,1,-1,-3,-1,2,2,5,2,2,-2,-2,-5,-2,-2
0,1,7989,7992,23967,23968,23969,23972,23973,23974,47935,47936,47937,47938,47939,47942,47943,47944,47945,47946,1,-1,2,-2,1,3,1,-1,-3,-1,2,2,5,2,2,-2,-2,-5,-2,-2
0,1,7991,7994,23973,23974,23975,23978,23979,23980,47947,47948,47949,47950,47951,47954,47955,47956,47957,47958,1,-1,2,-2,1,3,1,-1,-3,-1,2,2,5,2,2,-2,-2,-5,-2,-2
0,1,7993,7996,23979,23980,23981,23984,23985,23986,47959,47960,47961,47962,47963,47966,47967,47968,47969,47970,1,-1,2,-2,1,3,1,-1,-3,-1,2,2,5,2,2,-2,-2,-5,-2,-2
0,1,7995,7998,23985,23986,23987,23990,23991,23992,47971,47972,47973,47974,47975,47978,47979,47980,47981,47982,1,-1,2,-2,1,3,1,-1,-3,-1,2,2,5,2,2,-2,-2,-5,-2,-2
0,1,7997,8000,23991,23992,23993,23996,23997,23998,47983,47984,47985,47986,47987,47990,47991,47992,47993,47994,1,-1,2,-2,1,3,1,-1,-3,-1,2,2,5,2,2,-2,-2,-5,-2,-2
0,1,7999,8002,23997,23998,23999,24002,24003,24004,47995,47996,47997,47998,47999,48002,48003,48004,48005,48006,1,-1,2,-2,1,3,1,-1,-3,-1,2,2,5,2,2,-2,-2,-5,-2,-2
0,1,8001,8004,24003,24004,24005,24008,24009,24010,48007,48008,48009,48010,48011,48014,48015,48016,48017,48018,1,-1,2,-2,1,3,1,-1,-3,-1,2,2,5,2,2,-2,-2,-5,-2,-2
0,1,8003,8006,24009,24010,24011,24014,24015,24016,48019,48020,48021,48022,48023,48026,48027,48028,48029,48030,1,-1,2,-2,1,3,1,-1,-3,-1,2,2,5,2,2,-2,-2,-5,-2,-2
0,1,8005,8008,24015,24016,24017,24020,24021,24022,48031,48032,48033,48034,48035,48038,48039,48040,48041,48042,1,-1,2,-2,1,3,1,-1,-3,-1,2,2,5,2,2,-2,-2,-5,-2,-2
0,1,8007,8010,24021,24022,24023,24026,24027,24028,48043,48044,48045,48046,48047,48050,48051,48052,48053,48054,1,-1,2,-2,1,3,1,-1,-3,-1,2,2,5,2,2,-2,-2,-5,-2,-2
0,1,8009,8012,24027,24028,24029,24032,24033,24034,48055,48056,48057,48058,48059,48062,48063,48064,48065,48066,1,-1,2,-2,1,3,1,-1,-3,-1,2,2,5,2,2,-2,-2,-5,-2,-2
0,1,8011,8014,24033,24034,24035,24038,24039,24040,48067,48068,48069,48070,48071,48074,48075,48076,48077,48078,1,-1,2,-2,1,3,1,-1,-3,-1,2,2,5,2,2,-2,-2,-5,-2,-2
0,1,8013,8016,24039,24040,24041,24044,24045,24046,48079,48080,48081,48082,48083,48086,48087,48088,48089,48090,1,-1,2,-2,1,3,1,-1,-3,-1,2,2,5,2,2,-2,-2,-5,-2,-2
0,1,8015,8018,24045,24046,24047,24050,24051,24052,48091,48092,48093,48094,48095,48098,48099,48100,48101,48102,1,-1,2,-2,1,3,1,-1,-3,-1,2,2,5,2,2,-2,-2,-5,-2,-2
0,1,8017,8020,24051,24052,24053,24056,24057,24058,48103,48104,48105,48106,48107,48110,48111,48112,48113,48114,1,-1,2,-2,1,3,1,-1,-3,-1,2,2,5,2,2,-2,-2,-5,-2,-2
0,1,8019,8022,24057,24058,24059,24062,24063,24064,48115,48116,48117,48118,48119,48122,48123,48124,48125,48126,1,-1,2,-2,1,3,1,-1,-3,-1,2,2,5,2,2,-2,-2,-5,-2,-2
0,1,8021,8024,24063,24064,24065,24068,24069,24070,48127,48128,48129,48130,48131,48134,48135,48136,48137,48138,1,-1,2,-2,1,3,1,-1,-3,-1,2,2,5,2,2,-2,-2,-5,-2,-2
0,1,8023,8026,24069,24070,24071,24074,24075,24076,48139,48140,48141,48142,48143,48146,48147,48148,48149,48150,1,-1,2,-2,1,3,1,-1,-3,-1,2,2,5,2,2,-2,-2,-5,-2,-2
0,1,8025,8028,24075,24076,24077,24080,24081,24082,48151,48152,48153,48154,48155,48158,48159,48160,48161,48162,1,-1,2,-2,1,3,1,-1,-3,-1,2,2,5,2,2,-2,-2,-5,-2,-2
0,1,8027,8030,24081,24082,24083,24086,24087,24088,48163,48164,48165,48166,48167,48170,48171,48172,48173,48174,1,-1,2,-2,1,3,1,-1,-3,-1,2,2,5,2,2,-2,-2,-5,-2,-2
0,1,8029,8032,24087,24088,24089,24092,24093,24094,48175,48176,48177,48178,48179,48182,48183,48184,48185,48186,1,-1,2,-2,1,3,1,-1,-3,-1,2,2,5,2,2,-2,-2,-5,-2,-2
0,1,8031,8034,24093,24094,24095,24098,24099,24100,48187,48188,48189,48190,48191,48194,48195,48196,48197,48198,1,-1,2,-2,1,3,1,-1,-3,-1,2,2,5,2,2,-2,-2,-5,-2,-2
0,1,8033,8036,24099,24100,24101,24104,24105,24106,48199,48200,48201,48202,48203,48206,48207,48208,48209,48210,1,-1,2,-2,1,3,1,-1,-3,-1,2,2,5,2,2,-2,-2,-5,-2,-2
0,1,8035,8038,24105,24106,24107,24110,24111,24112,48211,48212,48213,48214,48215,48218,48219,48220,48221,48222,1,-1,2,-2,1,3,1,-1,-3,-1,2,2,5,2,2,-2,-2,-5,-2,-2
0,1,8037,8040,24111,24112,24113,24116,24117,24118,48223,48224,48225,48226,48227,48230,48231,48232,48233,48234,1,-1,2,-2,1,3,1,-1,-3,-1,2,2,5,2,2,-2,-2,-5,-2,-2
0,1,8039,8042,24117,24118,24119,24122,24123,24124,48235,48236,48237,48238,48239,48242,48243,48244,48245,48246,1,-1,2,-2,1,3,1,-1,-3,-1,2,2,5,2,2,-2,-2,-5,-2,-2
0,1,8041,8044,24123,24124,24125,24128,24129,24130,48247,48248,48249,48250,48251,48254,48255,48256,48257,48258,1,-1,2,-2,1,3,1,-1,-3,-1,2,2,5,2,2,-2,-2,-5,-2,-2
0,1,8043,8046,24129,24130,24131,24134,24135,24136,48259,48260,48261,48262,48263,48266,48267,48268,48269,48270,1,-1,2,-2,1,3,1,-1,-3,-1,2,2,5,2,2,-2,-2,-5,-2,-2
0,1,8045,8048,24135,24136,24137,24140,24141,24142,48271,48272,48273,48274,48275,48278,48279,48280,48281,48282,1,-1,2,-2,1,3,1,-1,-3,-1,2,2,5,2,2,-2,-2,-5,-2,-2
0,1,8047,8050,24141,24142,24143,24146,24147,24148,48283,48284,48285,48286,48287,48290,48291,48292,48293,48294,1,-1,2,-2,1,3,1,-1,-3,-1,2,2,5,2,2,-2,-2,-5,-2,-2
0,1,8049,8052,24147,24148,24149,24152,24153,24154,48295,48296,48297,48298,48299,48302,48303,48304,48305,48306,1,-1,2,-2,1,3,1,-1,-3,-1,2,2,5,2,2,-2,-2,-5,-2,-2
0,1,8051,8054,24153,24154,24155,24158,24159,24160,48307,48308,48309,48310,48311,48314,48315,48316,48317,48318,1,-1,2,-2,1,3,1,-1,-3,-1,2,2,5,2,2,-2,-2,-5,-2,-2
0,1,8053,8056,24159,24160,24161,24164,24165,24166,48319,48320,48321,48322,48323,48326,48327,48328,48329,48330,1,-1,2,-2,1,3,1,-1,-3,-1,2,2,5,2,2,-2,-2,-5,-2,-2
0,1,8055,8058,24165,24166,24167,24170,24171,24172,48331,48332,48333,48334,48335,48338,48339,48340,48341,48342,1,-1,2,-2,1,3,1,-1,-3,-1,2,2,5,2,2,-2,-2,-5,-2,-2
0,1,8057,8060,24171,24172,24173,24176,24177,24178,48343,48344,48345,48346,48347,48350,48351,48352,48353,48354,1,-1,2,-2,1,3,1,-1,-3,-1,2,2,5,2,2,-2,-2,-5,-2,-2
0,1,8059,8062,24177,24178,24179,24182,24183,24184,48355,48356,48357,48358,48359,48362,48363,48364,48365,48366,1,-1,2,-2,1,3,1,-1,-3,-1,2,2,5,2,2,-2,-2,-5,-2,-2
0,1,8061,8064,24183,24184,24185,24188,24189,24190,48367,48368,48369,48370,48371,48374,48375,48376,48377,48378,1,-1,2,-2,1,3,1,-1,-3,-1,2,2,5,2,2,-2,-2,-5,-2,-2
0,1,8063,8066,24189,24190,24191,24194,24195,24196,48379,48380,48381,48382,48383,48386,48387,48388,48389,48390,1,-1,2,-2,1,3,1,-1,-3,-1,2,2,5,2,2,-2,-2,-5,-2,-2
0,1,8065,8068,24195,24196,24197,24200,24201,24202,48391,48392,48393,48394,48395,48398,48399,48400,48401,48402,1,-1,2,-2,1,3,1,-1,-3,-1,2,2,5,2,2,-2,-2,-5,-2,-2
0,1,8067,8070,24201,24202,24203,24206,24207,24208,48403,48404,48405,48406,48407,48410,48411,48412,48413,48414,1,-1,2,-2,1,3,1,-1,-3,-1,2,2,5,2,2,-2,-2,-5,-2,-2
0,1,8069,8072,24207,24208,24209,24212,24213,24214,48415,48416,48417,48418,48419,48422,48423,48424,48425,48426,1,-1,2,-2,1,3,1,-1,-3,-1,2,2,5,2,2,-2,-2,-5,-2,-2
0,1,8071,8074,24213,24214,24215,24218,24219,24220,48427,48428,48429,48430,48431,48434,48435,48436,48437,48438,1,-1,2,-2,1,3,1,-1,-3,-1,2,2,5,2,2,-2,-2,-5,-2,-2
0,1,8073,8076,24219,24220,24221,24224,24225,24226,48439,48440,48441,48442,48443,48446,48447,48448,48449,48450,1,-1,2,-2,1,3,1,-1,-3,-1,2,2,5,2,2,-2,-2,-5,-2,-2
0,1,8075,8078,24225,24226,24227,24230,24231,24232,48451,48452,48453,48454,48455,48458,48459,48460,48461,48462,1,-1,2,-2,1,3,1,-1,-3,-1,2,2,5,2,2,-2,-2,-5,-2,-2
0,1,8077,8080,24231,24232,24233,24236,24237,24238,48463,48464,48465,48466,48467,48470,48471,48472,48473,48474,1,-1,2,-2,1,3,1,-1,-3,-1,2,2,5,2,2,-2,-2,-5,-2,-2
0,1,8079,8082,24237,24238,24239,24242,24243,24244,48475,48476,48477,48478,48479,48482,48483,48484,48485,48486,1,-1,2,-2,1,3,1,-1,-3,-1,2,2,5,2,2,-2,-2,-5,-2,-2
0,1,8081,8084,24243,24244,24245,24248,24249,24250,48487,48488,48489,48490,48491,48494,48495,48496,48497,48498,1,-1,2,-2,1,3,1,-1,-3,-1,2,2,5,2,2,-2,-2,-5,-2,-2
0,1,8083,8086,24249,24250,24251,24254,24255,24256,48499,48500,48501,48502,48503,48506,48507,48508,48509,48510,1,-1,2,-2,1,3,1,-1,-3,-1,2,2,5,2,2,-2,-2,-5,-2,-2
0,1,8085,8088,24255,24256,24257,24260,24261,24262,48511,48512,48513,48514,48515,48518,48519,48520,48521,48522,1,-1,2,-2,1,3,1,-1,-3,-1,2,2,5,2,2,-2,-2,-5,-2,-2
0,1,8087,8090,24261,24262,24263,24266,24267,24268,48523,48524,48525,48526,48527,48530,48531,48532,48533,48534,1,-1,2,-2,1,3,1,-1,-3,-1,2,2,5,2,2,-2,-2,-5,-2,-2
0,1,8089,8092,24267,24268,24269,24272,24273,24274,48535,48536,48537,48538,48539,48542,48543,48544,48545,48546,1,-1,2,-2,1,3,1,-1,-3,-1,2,2,5,2,2,-2,-2,-5,-2,-2
0,1,8091,8094,24273,24274,24275,24278,24279,24280,48547,48548,48549,48550,48551,48554,48555,48556,48557,48558,1,-1,2,-2,1,3,1,-1,-3,-1,2,2,5,2,2,-2,-2,-5,-2,-2
0,1,8093,8096,24279,24280,24281,24284,24285,24286,48559,48560,48561,48562,48563,48566,48567,48568,48569,48570,1,-1,2,-2,1,3,1,-1,-3,-1,2,2,5,2,2,-2,-2,-5,-2,-2
0,1,8095,8098,24285,24286,24287,24290,24291,24292,48571,48572,48573,48574,48575,48578,48579,48580,48581,48582,1,-1,2,-2,1,3,1,-1,-3,-1,2,2,5,2,2,-2,-2,-5,-2,-2
0,1,8097,8100,24291,24292,24293,24296,24297,24298,48583,48584,48585,48586,48587,48590,48591,48592,48593,48594,1,-1,2,-2,1,3,1,-1,-3,-1,2,2,5,2,2,-2,-2,-5,-2,-2
0,1,8099,8102,24297,24298,24299,24302,24303,24304,48595,48596,48597,48598,48599,48602,48603,48604,48605,48606,1,-1,2,-2,1,3,1,-1,-3,-1,2,2,5,2,2,-2,-2,-5,-2,-2
0,1,8101,8104,24303,24304,24305,24308,24309,24310,48607,48608,48609,48610,48611,48614,48615,48616,48617,48618,1,-1,2,-2,1,3,1,-1,-3,-1,2,2,5,2,2,-2,-2,-5,-2,-2
0,1,8103,8106,24309,24310,24311,24314,24315,24316,48619,48620,48621,48622,48623,48626,48627,48628,48629,48630,1,-1,2,-2,1,3,1,-1,-3,-1,2,2,5,2,2,-2,-2,-5,-2,-2
0,1,8105,8108,24315,24316,24317,24320,24321,24322,48631,48632,48633,48634,48635,48638,48639,48640,48641,48642,1,-1,2,-2,1,3,1,-1,-3,-1,2,2,5,2,2,-2,-2,-5,-2,-2
0,1,8107,8110,24321,24322,24323,24326,24327,24328,48643,48644,48645,48646,48647,48650,48651,48652,48653,48654,1,-1,2,-2,1,3,1,-1,-3,-1,2,2,5,2,2,-2,-2,-5,-2,-2
0,1,8109,8112,24327,24328,24329,24332,24333,24334,48655,48656,48657,48658,48659,48662,48663,48664,48665,48666,1,-1,2,-2,1,3,1,-1,-3,-1,2,2,5,2,2,-2,-2,-5,-2,-2
0,1,8111,8114,24333,24334,24335,24338,24339,24340,48667,48668,48669,48670,48671,48674,48675,48676,48677,48678,1,-1,2,-2,1,3,1,-1,-3,-1,2,2,5,2,2,-2,-2,-5,-2,-2
0,1,8113,8116,24339,24340,24341,24344,24345,24346,48679,48680,48681,48682,48683,48686,48687,48688,48689,48690,1,-1,2,-2,1,3,1,-1,-3,-1,2,2,5,2,2,-2,-2,-5,-2,-2
0,1,8115,8118,24345,24346,24347,24350,24351,24352,48691,48692,48693,48694,48695,48698,48699,48700,48701,48702,1,-1,2,-2,1,3,1,-1,-3,-1,2,2,5,2,2,-2,-2,-5,-2,-2
0,1,8117,8120,24351,24352,24353,24356,24357,24358,48703,48704,48705,48706,48707,48710,48711,48712,48713,48714,1,-1,2,-2,1,3,1,-1,-3,-1,2,2,5,2,2,-2,-2,-5,-2,-2
0,1,8119,8122,24357,24358,24359,24362,24363,24364,48715,48716,48717,48718,48719,48722,48723,48724,48725,48726,1,-1,2,-2,1,3,1,-1,-3,-1,2,2,5,2,2,-2,-2,-5,-2,-2
0,1,8121,8124,24363,24364,24365,24368,24369,24370,48727,48728,48729,48730,48731,48734,48735,48736,48737,48738,1,-1,2,-2,1,3,1,-1,-3,-1,2,2,5,2,2,-2,-2,-5,-2,-2
0,1,8123,8126,24369,24370,24371,24374,24375,24376,48739,48740,48741,48742,48743,48746,48747,48748,48749,48750,1,-1,2,-2,1,3,1,-1,-3,-1,2,2,5,2,2,-2,-2,-5,-2,-2
0,1,8125,8128,24375,24376,24377,24380,24381,24382,48751,48752,48753,48754,48755,48758,48759,48760,48761,48762,1,-1,2,-2,1,3,1,-1,-3,-1,2,2,5,2,2,-2,-2,-5,-2,-2
0,1,8127,8130,24381,24382,24383,24386,24387,24388,48763,48764,48765,48766,48767,48770,48771,48772,48773,48774,1,-1,2,-2,1,3,1,-1,-3,-1,2,2,5,2,2,-2,-2,-5,-2,-2
0,1,8129,8132,24387,24388,24389,24392,24393,24394,48775,48776,48777,48778,48779,48782,48783,48784,48785,48786,1,-1,2,-2,1,3,1,-1,-3,-1,2,2,5,2,2,-2,-2,-5,-2,-2
0,1,8131,8134,24393,24394,24395,24398,24399,24400,48787,48788,48789,48790,48791,48794,48795,48796,48797,48798,1,-1,2,-2,1,3,1,-1,-3,-1,2,2,5,2,2,-2,-2,-5,-2,-2
0,1,8133,8136,24399,24400,24401,24404,24405,24406,48799,48800,48801,48802,48803,48806,48807,48808,48809,48810,1,-1,2,-2,1,3,1,-1,-3,-1,2,2,5,2,2,-2,-2,-5,-2,-2
0,1,8135,8138,24405,24406,24407,24410,24411,24412,48811,48812,48813,48814,48815,48818,48819,48820,48821,48822,1,-1,2,-2,1,3,1,-1,-3,-1,2,2,5,2,2,-2,-2,-5,-2,-2
0,1,8137,8140,24411,24412,24413,24416,24417,24418,48823,48824,48825,48826,48827,48830,48831,48832,48833,48834,1,-1,2,-2,1,3,1,-1,-3,-1,2,2,5,2,2,-2,-2,-5,-2,-2
0,1,8139,8142,24417,24418,24419,24422,24423,24424,48835,48836,48837,48838,48839,48842,48843,48844,48845,48846,1,-1,2,-2,1,3,1,-1,-3,-1,2,2,5,2,2,-2,-2,-5,-2,-2
0,1,8141,8144,24423,24424,24425,24428,24429,24430,48847,48848,48849,48850,48851,48854,48855,48856,48857,48858,1,-1,2,-2,1,3,1,-1,-3,-1,2,2,5,2,2,-2,-2,-5,-2,-2
0,1,8143,8146,24429,24430,24431,24434,24435,24436,48859,48860,48861,48862,48863,48866,48867,48868,48869,48870,1,-1,2,-2,1,3,1,-1,-3,-1,2,2,5,2,2,-2,-2,-5,-2,-2
0,1,8145,8148,24435,24436,24437,24440,24441,24442,48871,48872,48873,48874,48875,48878,48879,48880,48881,48882,1,-1,2,-2,1,3,1,-1,-3,-1,2,2,5,2,2,-2,-2,-5,-2,-2
0,1,8147,8150,24441,24442,24443,24446,24447,24448,48883,48884,48885,48886,48887,48890,48891,48892,48893,48894,1,-1,2,-2,1,3,1,-1,-3,-1,2,2,5,2,2,-2,-2,-5,-2,-2
0,1,8149,8152,24447,24448,24449,24452,24453,24454,48895,48896,48897,48898,48899,48902,48903,48904,48905,48906,1,-1,2,-2,1,3,1,-1,-3,-1,2,2,5,2,2,-2,-2,-5,-2,-2
0,1,8151,8154,24453,24454,24455,24458,24459,24460,48907,48908,48909,48910,48911,48914,48915,48916,48917,48918,1,-1,2,-2,1,3,1,-1,-3,-1,2,2,5,2,2,-2,-2,-5,-2,-2
0,1,8153,8156,24459,24460,24461,24464,24465,24466,48919,48920,48921,48922,48923,48926,48927,48928,48929,48930,1,-1,2,-2,1,3,1,-1,-3,-1,2,2,5,2,2,-2,-2,-5,-2,-2
0,1,8155,8158,24465,24466,24467,24470,24471,24472,48931,48932,48933,48934,48935,48938,48939,48940,48941,48942,1,-1,2,-2,1,3,1,-1,-3,-1,2,2,5,2,2,-2,-2,-5,-2,-2
0,1,8157,8160,24471,24472,24473,24476,24477,24478,48943,48944,48945,48946,48947,48950,48951,48952,48953,48954,1,-1,2,-2,1,3,1,-1,-3,-1,2,2,5,2,2,-2,-2,-5,-2,-2
0,1,8159,8162,24477,24478,24479,24482,24483,24484,48955,48956,48957,48958,48959,48962,48963,48964,48965,48966,1,-1,2,-2,1,3,1,-1,-3,-1,2,2,5,2,2,-2,-2,-5,-2,-2
0,1,8161,8164,24483,24484,24485,24488,24489,24490,48967,48968,48969,48970,48971,48974,48975,48976,48977,48978,1,-1,2,-2,1,3,1,-1,-3,-1,2,2,5,2,2,-2,-2,-5,-2,-2
0,1,8163,8166,24489,24490,24491,24494,24495,24496,48979,48980,48981,48982,48983,48986,48987,48988,48989,48990,1,-1,2,-2,1,3,1,-1,-3,-1,2,2,5,2,2,-2,-2,-5,-2,-2
0,1,8165,8168,24495,24496,24497,24500,24501,24502,48991,48992,48993,48994,48995,48998,48999,49000,49001,49002,1,-1,2,-2,1,3,1,-1,-3,-1,2,2,5,2,2,-2,-2,-5,-2,-2
0,1,8167,8170,24501,24502,24503,24506,24507,24508,49003,49004,49005,49006,49007,49010,49011,49012,49013,49014,1,-1,2,-2,1,3,1,-1,-3,-1,2,2,5,2,2,-2,-2,-5,-2,-2
0,1,8169,8172,24507,24508,24509,24512,24513,24514,49015,49016,49017,49018,49019,49022,49023,49024,49025,49026,1,-1,2,-2,1,3,1,-1,-3,-1,2,2,5,2,2,-2,-2,-5,-2,-2
0,1,8171,8174,24513,24514,24515,24518,24519,24520,49027,49028,49029,49030,49031,49034,49035,49036,49037,49038,1,-1,2,-2,1,3,1,-1,-3,-1,2,2,5,2,2,-2,-2,-5,-2,-2
0,1,8173,8176,24519,24520,24521,24524,24525,24526,49039,49040,49041,49042,49043,49046,49047,49048,49049,49050,1,-1,2,-2,1,3,1,-1,-3,-1,2,2,5,2,2,-2,-2,-5,-2,-2
0,1,8175,8178,24525,24526,24527,24530,24531,24532,49051,49052,49053,49054,49055,49058,49059,49060,49061,49062,1,-1,2,-2,1,3,1,-1,-3,-1,2,2,5,2,2,-2,-2,-5,-2,-2
0,1,8177,8180,24531,24532,24533,24536,24537,24538,49063,49064,49065,49066,49067,49070,49071,49072,49073,49074,1,-1,2,-2,1,3,1,-1,-3,-1,2,2,5,2,2,-2,-2,-5,-2,-2
0,1,8179,8182,24537,24538,24539,24542,24543,24544,49075,49076,49077,49078,49079,49082,49083,49084,49085,49086,1,-1,2,-2,1,3,1,-1,-3,-1,2,2,5,2,2,-2,-2,-5,-2,-2
0,1,8181,8184,24543,24544,24545,24548,24549,24550,49087,49088,49089,49090,49091,49094,49095,49096,49097,49098,1,-1,2,-2,1,3,1,-1,-3,-1,2,2,5,2,2,-2,-2,-5,-2,-2
0,1,8183,8186,24549,24550,24551,24554,24555,24556,49099,49100,49101,49102,49103,49106,49107,49108,49109,49110,1,-1,2,-2,1,3,1,-1,-3,-1,2,2,5,2,2,-2,-2,-5,-2,-2
0,1,8185,8188,24555,24556,24557,24560,24561,24562,49111,49112,49113,49114,49115,49118,49119,49120,49121,49122,1,-1,2,-2,1,3,1,-1,-3,-1,2,2,5,2,2,-2,-2,-5,-2,-2
0,1,8187,8190,24561,24562,24563,24566,24567,24568,49123,49124,49125,49126,49127,49130,49131,49132,49133,49134,1,-1,2,-2,1,3,1,-1,-3,-1,2,2,5,2,2,-2,-2,-5,-2,-2
0,1,8189,8192,24567,24568,24569,24572,24573,24574,49135,49136,49137,49138,49139,49142,49143,49144,49145,49146,1,-1,2,-2,1,3,1,-1,-3,-1,2,2,5,2,2,-2,-2,-5,-2,-2
0,1,8191,8194,24573,24574,24575,24578,24579,24580,49147,49148,49149,49150,49151,49154,49155,49156,49157,49158,1,-1,2,-2,1,3,1,-1,-3,-1,2,2,5,2,2,-2,-2,-5,-2,-2
0,1,8193,8196,24579,24580,24581,24584,24585,24586,49159,49160,49161,49162,49163,49166,49167,49168,49169,49170,1,-1,2,-2,1,3,1,-1,-3,-1,2,2,5,2,2,-2,-2,-5,-2,-2
0,1,8195,8198,24585,24586,24587,24590,24591,24592,49171,49172,49173,49174,49175,49178,49179,49180,49181,49182,1,-1,2,-2,1,3,1,-1,-3,-1,2,2,5,2,2,-2,-2,-5,-2,-2
0,1,8197,8200,24591,24592,24593,24596,24597,24598,49183,49184,49185,49186,49187,49190,49191,49192,49193,49194,1,-1,2,-2,1,3,1,-1,-3,-1,2,2,5,2,2,-2,-2,-5,-2,-2
0,1,8199,8202,24597,24598,24599,24602,24603,24604,49195,49196,49197,49198,49199,49202,49203,49204,49205,49206,1,-1,2,-2,1,3,1,-1,-3,-1,2,2,5,2,2,-2,-2,-5,-2,-2
0,1,8201,8204,24603,24604,24605,24608,24609,24610,49207,49208,49209,49210,49211,49214,49215,49216,49217,49218,1,-1,2,-2,1,3,1,-1,-3,-1,2,2,5,2,2,-2,-2,-5,-2,-2
0,1,8203,8206,24609,24610,24611,24614,24615,24616,49219,49220,49221,49222,49223,49226,49227,49228,49229,49230,1,-1,2,-2,1,3,1,-1,-3,-1,2,2,5,2,2,-2,-2,-5,-2,-2
0,1,8205,8208,24615,24616,24617,24620,24621,24622,49231,49232,49233,49234,49235,49238,49239,49240,49241,49242,1,-1,2,-2,1,3,1,-1,-3,-1,2,2,5,2,2,-2,-2,-5,-2,-2
0,1,8207,8210,24621,24622,24623,24626,24627,24628,49243,49244,49245,49246,49247,49250,49251,49252,49253,49254,1,-1,2,-2,1,3,1,-1,-3,-1,2,2,5,2,2,-2,-2,-5,-2,-2
0,1,8209,8212,24627,24628,24629,24632,24633,24634,49255,49256,49257,49258,49259,49262,49263,49264,49265,49266,1,-1,2,-2,1,3,1,-1,-3,-1,2,2,5,2,2,-2,-2,-5,-2,-2
0,1,8211,8214,24633,24634,24635,24638,24639,24640,49267,49268,49269,49270,49271,49274,49275,49276,49277,49278,1,-1,2,-2,1,3,1,-1,-3,-1,2,2,5,2,2,-2,-2,-5,-2,-2
0,1,8213,8216,24639,24640,24641,24644,24645,24646,49279,49280,49281,49282,49283,49286,49287,49288,49289,49290,1,-1,2,-2,1,3,1,-1,-3,-1,2,2,5,2,2,-2,-2,-5,-2,-2
0,1,8215,8218,24645,24646,24647,24650,24651,24652,49291,49292,49293,49294,49295,49298,49299,49300,49301,49302,1,-1,2,-2,1,3,1,-1,-3,-1,2,2,5,2,2,-2,-2,-5,-2,-2
0,1,8217,8220,24651,24652,24653,24656,24657,24658,49303,49304,49305,49306,49307,49310,49311,49312,49313,49314,1,-1,2,-2,1,3,1,-1,-3,-1,2,2,5,2,2,-2,-2,-5,-2,-2
0,1,8219,8222,24657,24658,24659,24662,24663,24664,49315,49316,49317,49318,49319,49322,49323,49324,49325,49326,1,-1,2,-2,1,3,1,-1,-3,-1,2,2,5,2,2,-2,-2,-5,-2,-2
0,1,8221,8224,24663,24664,24665,24668,24669,24670,49327,49328,49329,49330,49331,49334,49335,49336,49337,49338,1,-1,2,-2,1,3,1,-1,-3,-1,2,2,5,2,2,-2,-2,-5,-2,-2
0,1,8223,8226,24669,24670,24671,24674,24675,24676,49339,49340,49341,49342,49343,49346,49347,49348,49349,49350,1,-1,2,-2,1,3,1,-1,-3,-1,2,2,5,2,2,-2,-2,-5,-2,-2
0,1,8225,8228,24675,24676,24677,24680,24681,24682,49351,49352,49353,49354,49355,49358,49359,49360,49361,49362,1,-1,2,-2,1,3,1,-1,-3,-1,2,2,5,2,2,-2,-2,-5,-2,-2
0,1,8227,8230,24681,24682,24683,24686,24687,24688,49363,49364,49365,49366,49367,49370,49371,49372,49373,49374,1,-1,2,-2,1,3,1,-1,-3,-1,2,2,5,2,2,-2,-2,-5,-2,-2
0,1,8229,8232,24687,24688,24689,24692,24693,24694,49375,49376,49377,49378,49379,49382,49383,49384,49385,49386,1,-1,2,-2,1,3,1,-1,-3,-1,2,2,5,2,2,-2,-2,-5,-2,-2
0,1,8231,8234,24693,24694,24695,24698,24699,24700,49387,49388,49389,49390,49391,49394,49395,49396,49397,49398,1,-1,2,-2,1,3,1,-1,-3,-1,2,2,5,2,2,-2,-2,-5,-2,-2
0,1,8233,8236,24699,24700,24701,24704,24705,24706,49399,49400,49401,49402,49403,49406,49407,49408,49409,49410,1,-1,2,-2,1,3,1,-1,-3,-1,2,2,5,2,2,-2,-2,-5,-2,-2
0,1,8235,8238,24705,24706,24707,24710,24711,24712,49411,49412,49413,49414,49415,49418,49419,49420,49421,49422,1,-1,2,-2,1,3,1,-1,-3,-1,2,2,5,2,2,-2,-2,-5,-2,-2
0,1,8237,8240,24711,24712,24713,24716,24717,24718,49423,49424,49425,49426,49427,49430,49431,49432,49433,49434,1,-1,2,-2,1,3,1,-1,-3,-1,2,2,5,2,2,-2,-2,-5,-2,-2
0,1,8239,8242,24717,24718,24719,24722,24723,24724,49435,49436,49437,49438,49439,49442,49443,49444,49445,49446,1,-1,2,-2,1,3,1,-1,-3,-1,2,2,5,2,2,-2,-2,-5,-2,-2
0,1,8241,8244,24723,24724,24725,24728,24729,24730,49447,49448,49449,49450,49451,49454,49455,49456,49457,49458,1,-1,2,-2,1,3,1,-1,-3,-1,2,2,5,2,2,-2,-2,-5,-2,-2
0,1,8243,8246,24729,24730,24731,24734,24735,24736,49459,49460,49461,49462,49463,49466,49467,49468,49469,49470,1,-1,2,-2,1,3,1,-1,-3,-1,2,2,5,2,2,-2,-2,-5,-2,-2
0,1,8245,8248,24735,24736,24737,24740,24741,24742,49471,49472,49473,49474,49475,49478,49479,49480,49481,49482,1,-1,2,-2,1,3,1,-1,-3,-1,2,2,5,2,2,-2,-2,-5,-2,-2
0,1,8247,8250,24741,24742,24743,24746,24747,24748,49483,49484,49485,49486,49487,49490,49491,49492,49493,49494,1,-1,2,-2,1,3,1,-1,-3,-1,2,2,5,2,2,-2,-2,-5,-2,-2
0,1,8249,8252,24747,24748,24749,24752,24753,24754,49495,49496,49497,49498,49499,49502,49503,49504,49505,49506,1,-1,2,-2,1,3,1,-1,-3,-1,2,2,5,2,2,-2,-2,-5,-2,-2
0,1,8251,8254,24753,24754,24755,24758,24759,24760,49507,49508,49509,49510,49511,49514,49515,49516,49517,49518,1,-1,2,-2,1,3,1,-1,-3,-1,2,2,5,2,2,-2,-2,-5,-2,-2
0,1,8253,8256,24759,24760,24761,24764,24765,24766,49519,49520,49521,49522,49523,49526,49527,49528,49529,49530,1,-1,2,-2,1,3,1,-1,-3,-1,2,2,5,2,2,-2,-2,-5,-2,-2
0,1,8255,8258,24765,24766,24767,24770,24771,24772,49531,49532,49533,49534,49535,49538,49539,49540,49541,49542,1,-1,2,-2,1,3,1,-1,-3,-1,2,2,5,2,2,-2,-2,-5,-2,-2
0,1,8257,8260,24771,24772,24773,24776,24777,24778,49543,49544,49545,49546,49547,49550,49551,49552,49553,49554,1,-1,2,-2,1,3,1,-1,-3,-1,2,2,5,2,2,-2,-2,-5,-2,-2
0,1,8259,8262,24777,24778,24779,24782,24783,24784,49555,49556,49557,49558,49559,49562,49563,49564,49565,49566,1,-1,2,-2,1,3,1,-1,-3,-1,2,2,5,2,2,-2,-2,-5,-2,-2
0,1,8261,8264,24783,24784,24785,24788,24789,24790,49567,49568,49569,49570,49571,49574,49575,49576,49577,49578,1,-1,2,-2,1,3,1,-1,-3,-1,2,2,5,2,2,-2,-2,-5,-2,-2
0,1,8263,8266,24789,24790,24791,24794,24795,24796,49579,49580,49581,49582,49583,49586,49587,49588,49589,49590,1,-1,2,-2,1,3,1,-1,-3,-1,2,2,5,2,2,-2,-2,-5,-2,-2
0,1,8265,8268,24795,24796,24797,24800,24801,24802,49591,49592,49593,49594,49595,49598,49599,49600,49601,49602,1,-1,2,-2,1,3,1,-1,-3,-1,2,2,5,2,2,-2,-2,-5,-2,-2
0,1,8267,8270,24801,24802,24803,24806,24807,24808,49603,49604,49605,49606,49607,49610,49611,49612,49613,49614,1,-1,2,-2,1,3,1,-1,-3,-1,2,2,5,2,2,-2,-2,-5,-2,-2
0,1,8269,8272,24807,24808,24809,24812,24813,24814,49615,49616,49617,49618,49619,49622,49623,49624,49625,49626,1,-1,2,-2,1,3,1,-1,-3,-1,2,2,5,2,2,-2,-2,-5,-2,-2
0,1,8271,8274,24813,24814,24815,24818,24819,24820,49627,49628,49629,49630,49631,49634,49635,49636,49637,49638,1,-1,2,-2,1,3,1,-1,-3,-1,2,2,5,2,2,-2,-2,-5,-2,-2
0,1,8273,8276,24819,24820,24821,24824,24825,24826,49639,49640,49641,49642,49643,49646,49647,49648,49649,49650,1,-1,2,-2,1,3,1,-1,-3,-1,2,2,5,2,2,-2,-2,-5,-2,-2
0,1,8275,8278,24825,24826,24827,24830,24831,24832,49651,49652,49653,49654,49655,49658,49659,49660,49661,49662,1,-1,2,-2,1,3,1,-1,-3,-1,2,2,5,2,2,-2,-2,-5,-2,-2
0,1,8277,8280,24831,24832,24833,24836,24837,24838,49663,49664,49665,49666,49667,49670,49671,49672,49673,49674,1,-1,2,-2,1,3,1,-1,-3,-1,2,2,5,2,2,-2,-2,-5,-2,-2
0,1,8279,8282,24837,24838,24839,24842,24843,24844,49675,49676,49677,49678,49679,49682,49683,49684,49685,49686,1,-1,2,-2,1,3,1,-1,-3,-1,2,2,5,2,2,-2,-2,-5,-2,-2
0,1,8281,8284,24843,24844,24845,24848,24849,24850,49687,49688,49689,49690,49691,49694,49695,49696,49697,49698,1,-1,2,-2,1,3,1,-1,-3,-1,2,2,5,2,2,-2,-2,-5,-2,-2
0,1,8283,8286,24849,24850,24851,24854,24855,24856,49699,49700,49701,49702,49703,49706,49707,49708,49709,49710,1,-1,2,-2,1,3,1,-1,-3,-1,2,2,5,2,2,-2,-2,-5,-2,-2
0,1,8285,8288,24855,24856,24857,24860,24861,24862,49711,49712,49713,49714,49715,49718,49719,49720,49721,49722,1,-1,2,-2,1,3,1,-1,-3,-1,2,2,5,2,2,-2,-2,-5,-2,-2
0,1,8287,8290,24861,24862,24863,24866,24867,24868,49723,49724,49725,49726,49727,49730,49731,49732,49733,49734,1,-1,2,-2,1,3,1,-1,-3,-1,2,2,5,2,2,-2,-2,-5,-2,-2
0,1,8289,8292,24867,24868,24869,24872,24873,24874,49735,49736,49737,49738,49739,49742,49743,49744,49745,49746,1,-1,2,-2,1,3,1,-1,-3,-1,2,2,5,2,2,-2,-2,-5,-2,-2
0,1,8291,8294,24873,24874,24875,24878,24879,24880,49747,49748,49749,49750,49751,49754,49755,49756,49757,49758,1,-1,2,-2,1,3,1,-1,-3,-1,2,2,5,2,2,-2,-2,-5,-2,-2
0,1,8293,8296,24879,24880,24881,24884,24885,24886,49759,49760,49761,49762,49763,49766,49767,49768,49769,49770,1,-1,2,-2,1,3,1,-1,-3,-1,2,2,5,2,2,-2,-2,-5,-2,-2
0,1,8295,8298,24885,24886,24887,24890,24891,24892,49771,49772,49773,49774,49775,49778,49779,49780,49781,49782,1,-1,2,-2,1,3,1,-1,-3,-1,2,2,5,2,2,-2,-2,-5,-2,-2
0,1,8297,8300,24891,24892,24893,24896,24897,24898,49783,49784,49785,49786,49787,49790,49791,49792,49793,49794,1,-1,2,-2,1,3,1,-1,-3,-1,2,2,5,2,2,-2,-2,-5,-2,-2
0,1,8299,8302,24897,24898,24899,24902,24903,24904,49795,49796,49797,49798,49799,49802,49803,49804,49805,49806,1,-1,2,-2,1,3,1,-1,-3,-1,2,2,5,2,2,-2,-2,-5,-2,-2
0,1,8301,8304,24903,24904,24905,24908,24909,24910,49807,49808,49809,49810,49811,49814,49815,49816,49817,49818,1,-1,2,-2,1,3,1,-1,-3,-1,2,2,5,2,2,-2,-2,-5,-2,-2
0,1,8303,8306,24909,24910,24911,24914,24915,24916,49819,49820,49821,49822,49823,49826,49827,49828,49829,49830,1,-1,2,-2,1,3,1,-1,-3,-1,2,2,5,2,2,-2,-2,-5,-2,-2
0,1,8305,8308,24915,24916,24917,24920,24921,24922,49831,49832,49833,49834,49835,49838,49839,49840,49841,49842,1,-1,2,-2,1,3,1,-1,-3,-1,2,2,5,2,2,-2,-2,-5,-2,-2
0,1,8307,8310,24921,24922,24923,24926,24927,24928,49843,49844,49845,49846,49847,49850,49851,49852,49853,49854,1,-1,2,-2,1,3,1,-1,-3,-1,2,2,5,2,2,-2,-2,-5,-2,-2
0,1,8309,8312,24927,24928,24929,24932,24933,24934,49855,49856,49857,49858,49859,49862,49863,49864,49865,49866,1,-1,2,-2,1,3,1,-1,-3,-1,2,2,5,2,2,-2,-2,-5,-2,-2
0,1,8311,8314,24933,24934,24935,24938,24939,24940,49867,49868,49869,49870,49871,49874,49875,49876,49877,49878,1,-1,2,-2,1,3,1,-1,-3,-1,2,2,5,2,2,-2,-2,-5,-2,-2
0,1,8313,8316,24939,24940,24941,24944,24945,24946,49879,49880,49881,49882,49883,49886,49887,49888,49889,49890,1,-1,2,-2,1,3,1,-1,-3,-1,2,2,5,2,2,-2,-2,-5,-2,-2
0,1,8315,8318,24945,24946,24947,24950,24951,24952,49891,49892,49893,49894,49895,49898,49899,49900,49901,49902,1,-1,2,-2,1,3,1,-1,-3,-1,2,2,5,2,2,-2,-2,-5,-2,-2
0,1,8317,8320,24951,24952,24953,24956,24957,24958,49903,49904,49905,49906,49907,49910,49911,49912,49913,49914,1,-1,2,-2,1,3,1,-1,-3,-1,2,2,5,2,2,-2,-2,-5,-2,-2
0,1,8319,8322,24957,24958,24959,24962,24963,24964,49915,49916,49917,49918,49919,49922,49923,49924,49925,49926,1,-1,2,-2,1,3,1,-1,-3,-1,2,2,5,2,2,-2,-2,-5,-2,-2
0,1,8321,8324,24963,24964,24965,24968,24969,24970,49927,49928,49929,49930,49931,49934,49935,49936,49937,49938,1,-1,2,-2,1,3,1,-1,-3,-1,2,2,5,2,2,-2,-2,-5,-2,-2
0,1,8323,8326,24969,24970,24971,24974,24975,24976,49939,49940,49941,49942,49943,49946,49947,49948,49949,49950,1,-1,2,-2,1,3,1,-1,-3,-1,2,2,5,2,2,-2,-2,-5,-2,-2
0,1,8325,8328,24975,24976,24977,24980,24981,24982,49951,49952,49953,49954,49955,49958,49959,49960,49961,49962,1,-1,2,-2,1,3,1,-1,-3,-1,2,2,5,2,2,-2,-2,-5,-2,-2
0,1,8327,8330,24981,24982,24983,24986,24987,24988,49963,49964,49965,49966,49967,49970,49971,49972,49973,49974,1,-1,2,-2,1,3,1,-1,-3,-1,2,2,5,2,2,-2,-2,-5,-2,-2
0,1,8329,8332,24987,24988,24989,24992,24993,24994,49975,49976,49977,49978,49979,49982,49983,49984,49985,49986,1,-1,2,-2,1,3,1,-1,-3,-1,2,2,5,2,2,-2,-2,-5,-2,-2
0,1,8331,8334,24993,24994,24995,24998,24999,25000,49987,49988,49989,49990,49991,49994,49995,49996,49997,49998,1,-1,2,-2,1,3,1,-1,-3,-1,2,2,5,2,2,-2,-2,-5,-2,-2
0,1,8333,8336,24999,25000,25001,25004,25005,25006,49999,50000,50001,50002,50003,50006,50007,50008,50009,50010,1,-1,2,-2,1,3,1,-1,-3,-1,2,2,5,2,2,-2,-2,-5,-2,-2
0,1,8335,8338,25005,25006,25007,25010,25011,25012,50011,50012,50013,50014,50015,50018,50019,50020,50021,50022,1,-1,2,-2,1,3,1,-1,-3,-1,2,2,5,2,2,-2,-2,-5,-2,-2
0,1,8337,8340,25011,25012,25013,25016,25017,25018,50023,50024,50025,50026,50027,50030,50031,50032,50033,50034,1,-1,2,-2,1,3,1,-1,-3,-1,2,2,5,2,2,-2,-2,-5,-2,-2
0,1,8339,8342,25017,25018,25019,25022,25023,25024,50035,50036,50037,50038,50039,50042,50043,50044,50045,50046,1,-1,2,-2,1,3,1,-1,-3,-1,2,2,5,2,2,-2,-2,-5,-2,-2
0,1,8341,8344,25023,25024,25025,25028,25029,25030,50047,50048,50049,50050,50051,50054,50055,50056,50057,50058,1,-1,2,-2,1,3,1,-1,-3,-1,2,2,5,2,2,-2,-2,-5,-2,-2
0,1,8343,8346,25029,25030,25031,25034,25035,25036,50059,50060,50061,50062,50063,50066,50067,50068,50069,50070,1,-1,2,-2,1,3,1,-1,-3,-1,2,2,5,2,2,-2,-2,-5,-2,-2
0,1,8345,8348,25035,25036,25037,25040,25041,25042,50071,50072,50073,50074,50075,50078,50079,50080,50081,50082,1,-1,2,-2,1,3,1,-1,-3,-1,2,2,5,2,2,-2,-2,-5,-2,-2
0,1,8347,8350,25041,25042,25043,25046,25047,25048,50083,50084,50085,50086,50087,50090,50091,50092,50093,50094,1,-1,2,-2,1,3,1,-1,-3,-1,2,2,5,2,2,-2,-2,-5,-2,-2
0,1,8349,8352,25047,25048,25049,25052,25053,25054,50095,50096,50097,50098,50099,50102,50103,50104,50105,50106,1,-1,2,-2,1,3,1,-1,-3,-1,2,2,5,2,2,-2,-2,-5,-2,-2
0,1,8351,8354,25053,25054,25055,25058,25059,25060,50107,50108,50109,50110,50111,50114,50115,50116,50117,50118,1,-1,2,-2,1,3,1,-1,-3,-1,2,2,5,2,2,-2,-2,-5,-2,-2
0,1,8353,8356,25059,25060,25061,25064,25065,25066,50119,50120,50121,50122,50123,50126,50127,50128,50129,50130,1,-1,2,-2,1,3,1,-1,-3,-1,2,2,5,2,2,-2,-2,-5,-2,-2
0,1,8355,8358,25065,25066,25067,25070,25071,25072,50131,50132,50133,50134,50135,50138,50139,50140,50141,50142,1,-1,2,-2,1,3,1,-1,-3,-1,2,2,5,2,2,-2,-2,-5,-2,-2
0,1,8357,8360,25071,25072,25073,25076,25077,25078,50143,50144,50145,50146,50147,50150,50151,50152,50153,50154,1,-1,2,-2,1,3,1,-1,-3,-1,2,2,5,2,2,-2,-2,-5,-2,-2
0,1,8359,8362,25077,25078,25079,25082,25083,25084,50155,50156,50157,50158,50159,50162,50163,50164,50165,50166,1,-1,2,-2,1,3,1,-1,-3,-1,2,2,5,2,2,-2,-2,-5,-2,-2
0,1,8361,8364,25083,25084,25085,25088,25089,25090,50167,50168,50169,50170,50171,50174,50175,50176,50177,50178,1,-1,2,-2,1,3,1,-1,-3,-1,2,2,5,2,2,-2,-2,-5,-2,-2
0,1,8363,8366,25089,25090,25091,25094,25095,25096,50179,50180,50181,50182,50183,50186,50187,50188,50189,50190,1,-1,2,-2,1,3,1,-1,-3,-1,2,2,5,2,2,-2,-2,-5,-2,-2
0,1,8365,8368,25095,25096,25097,25100,25101,25102,50191,50192,50193,50194,50195,50198,50199,50200,50201,50202,1,-1,2,-2,1,3,1,-1,-3,-1,2,2,5,2,2,-2,-2,-5,-2,-2
0,1,8367,8370,25101,25102,25103,25106,25107,25108,50203,50204,50205,50206,50207,50210,50211,50212,50213,50214,1,-1,2,-2,1,3,1,-1,-3,-1,2,2,5,2,2,-2,-2,-5,-2,-2
0,1,8369,8372,25107,25108,25109,25112,25113,25114,50215,50216,50217,50218,50219,50222,50223,50224,50225,50226,1,-1,2,-2,1,3,1,-1,-3,-1,2,2,5,2,2,-2,-2,-5,-2,-2
0,1,8371,8374,25113,25114,25115,25118,25119,25120,50227,50228,50229,50230,50231,50234,50235,50236,50237,50238,1,-1,2,-2,1,3,1,-1,-3,-1,2,2,5,2,2,-2,-2,-5,-2,-2
0,1,8373,8376,25119,25120,25121,25124,25125,25126,50239,50240,50241,50242,50243,50246,50247,50248,50249,50250,1,-1,2,-2,1,3,1,-1,-3,-1,2,2,5,2,2,-2,-2,-5,-2,-2
0,1,8375,8378,25125,25126,25127,25130,25131,25132,50251,50252,50253,50254,50255,50258,50259,50260,50261,50262,1,-1,2,-2,1,3,1,-1,-3,-1,2,2,5,2,2,-2,-2,-5,-2,-2
0,1,8377,8380,25131,25132,25133,25136,25137,25138,50263,50264,50265,50266,50267,50270,50271,50272,50273,50274,1,-1,2,-2,1,3,1,-1,-3,-1,2,2,5,2,2,-2,-2,-5,-2,-2
0,1,8379,8382,25137,25138,25139,25142,25143,25144,50275,50276,50277,50278,50279,50282,50283,50284,50285,50286,1,-1,2,-2,1,3,1,-1,-3,-1,2,2,5,2,2,-2,-2,-5,-2,-2
0,1,8381,8384,25143,25144,25145,25148,25149,25150,50287,50288,50289,50290,50291,50294,50295,50296,50297,50298,1,-1,2,-2,1,3,1,-1,-3,-1,2,2,5,2,2,-2,-2,-5,-2,-2
0,1,8383,8386,25149,25150,25151,25154,25155,25156,50299,50300,50301,50302,50303,50306,50307,50308,50309,50310,1,-1,2,-2,1,3,1,-1,-3,-1,2,2,5,2,2,-2,-2,-5,-2,-2
0,1,8385,8388,25155,25156,25157,25160,25161,25162,50311,50312,50313,50314,50315,50318,50319,50320,50321,50322,1,-1,2,-2,1,3,1,-1,-3,-1,2,2,5,2,2,-2,-2,-5,-2,-2
0,1,8387,8390,25161,25162,25163,25166,25167,25168,50323,50324,50325,50326,50327,50330,50331,50332,50333,50334,1,-1,2,-2,1,3,1,-1,-3,-1,2,2,5,2,2,-2,-2,-5,-2,-2
0,1,8389,8392,25167,25168,25169,25172,25173,25174,50335,50336,50337,50338,50339,50342,50343,50344,50345,50346,1,-1,2,-2,1,3,1,-1,-3,-1,2,2,5,2,2,-2,-2,-5,-2,-2
0,1,8391,8394,25173,25174,25175,25178,25179,25180,50347,50348,50349,50350,50351,50354,50355,50356,50357,50358,1,-1,2,-2,1,3,1,-1,-3,-1,2,2,5,2,2,-2,-2,-5,-2,-2
0,1,8393,8396,25179,25180,25181,25184,25185,25186,50359,50360,50361,50362,50363,50366,50367,50368,50369,50370,1,-1,2,-2,1,3,1,-1,-3,-1,2,2,5,2,2,-2,-2,-5,-2,-2
0,1,8395,8398,25185,25186,25187,25190,25191,25192,50371,50372,50373,50374,50375,50378,50379,50380,50381,50382,1,-1,2,-2,1,3,1,-1,-3,-1,2,2,5,2,2,-2,-2,-5,-2,-2
0,1,8397,8400,25191,25192,25193,25196,25197,25198,50383,50384,50385,50386,50387,50390,50391,50392,50393,50394,1,-1,2,-2,1,3,1,-1,-3,-1,2,2,5,2,2,-2,-2,-5,-2,-2
0,1,8399,8402,25197,25198,25199,25202,25203,25204,50395,50396,50397,50398,50399,50402,50403,50404,50405,50406,1,-1,2,-2,1,3,1,-1,-3,-1,2,2,5,2,2,-2,-2,-5,-2,-2
0,1,8401,8404,25203,25204,25205,25208,25209,25210,50407,50408,50409,50410,50411,50414,50415,50416,50417,50418,1,-1,2,-2,1,3,1,-1,-3,-1,2,2,5,2,2,-2,-2,-5,-2,-2
0,1,8403,8406,25209,25210,25211,25214,25215,25216,50419,50420,50421,50422,50423,50426,50427,50428,50429,50430,1,-1,2,-2,1,3,1,-1,-3,-1,2,2,5,2,2,-2,-2,-5,-2,-2
0,1,8405,8408,25215,25216,25217,25220,25221,25222,50431,50432,50433,50434,50435,50438,50439,50440,50441,50442,1,-1,2,-2,1,3,1,-1,-3,-1,2,2,5,2,2,-2,-2,-5,-2,-2
0,1,8407,8410,25221,25222,25223,25226,25227,25228,50443,50444,50445,50446,50447,50450,50451,50452,50453,50454,1,-1,2,-2,1,3,1,-1,-3,-1,2,2,5,2,2,-2,-2,-5,-2,-2
0,1,8409,8412,25227,25228,25229,25232,25233,25234,50455,50456,50457,50458,50459,50462,50463,50464,50465,50466,1,-1,2,-2,1,3,1,-1,-3,-1,2,2,5,2,2,-2,-2,-5,-2,-2
0,1,8411,8414,25233,25234,25235,25238,25239,25240,50467,50468,50469,50470,50471,50474,50475,50476,50477,50478,1,-1,2,-2,1,3,1,-1,-3,-1,2,2,5,2,2,-2,-2,-5,-2,-2
0,1,8413,8416,25239,25240,25241,25244,25245,25246,50479,50480,50481,50482,50483,50486,50487,50488,50489,50490,1,-1,2,-2,1,3,1,-1,-3,-1,2,2,5,2,2,-2,-2,-5,-2,-2
0,1,8415,8418,25245,25246,25247,25250,25251,25252,50491,50492,50493,50494,50495,50498,50499,50500,50501,50502,1,-1,2,-2,1,3,1,-1,-3,-1,2,2,5,2,2,-2,-2,-5,-2,-2
0,1,8417,8420,25251,25252,25253,25256,25257,25258,50503,50504,50505,50506,50507,50510,50511,50512,50513,50514,1,-1,2,-2,1,3,1,-1,-3,-1,2,2,5,2,2,-2,-2,-5,-2,-2
0,1,8419,8422,25257,25258,25259,25262,25263,25264,50515,50516,50517,50518,50519,50522,50523,50524,50525,50526,1,-1,2,-2,1,3,1,-1,-3,-1,2,2,5,2,2,-2,-2,-5,-2,-2
0,1,8421,8424,25263,25264,25265,25268,25269,25270,50527,50528,50529,50530,50531,50534,50535,50536,50537,50538,1,-1,2,-2,1,3,1,-1,-3,-1,2,2,5,2,2,-2,-2,-5,-2,-2
0,1,8423,8426,25269,25270,25271,25274,25275,25276,50539,50540,50541,50542,50543,50546,50547,50548,50549,50550,1,-1,2,-2,1,3,1,-1,-3,-1,2,2,5,2,2,-2,-2,-5,-2,-2
0,1,8425,8428,25275,25276,25277,25280,25281,25282,50551,50552,50553,50554,50555,50558,50559,50560,50561,50562,1,-1,2,-2,1,3,1,-1,-3,-1,2,2,5,2,2,-2,-2,-5,-2,-2
0,1,8427,8430,25281,25282,25283,25286,25287,25288,50563,50564,50565,50566,50567,50570,50571,50572,50573,50574,1,-1,2,-2,1,3,1,-1,-3,-1,2,2,5,2,2,-2,-2,-5,-2,-2
0,1,8429,8432,25287,25288,25289,25292,25293,25294,50575,50576,50577,50578,50579,50582,50583,50584,50585,50586,1,-1,2,-2,1,3,1,-1,-3,-1,2,2,5,2,2,-2,-2,-5,-2,-2
0,1,8431,8434,25293,25294,25295,25298,25299,25300,50587,50588,50589,50590,50591,50594,50595,50596,50597,50598,1,-1,2,-2,1,3,1,-1,-3,-1,2,2,5,2,2,-2,-2,-5,-2,-2
0,1,8433,8436,25299,25300,25301,25304,25305,25306,50599,50600,50601,50602,50603,50606,50607,50608,50609,50610,1,-1,2,-2,1,3,1,-1,-3,-1,2,2,5,2,2,-2,-2,-5,-2,-2
0,1,8435,8438,25305,25306,25307,25310,25311,25312,50611,50612,50613,50614,50615,50618,50619,50620,50621,50622,1,-1,2,-2,1,3,1,-1,-3,-1,2,2,5,2,2,-2,-2,-5,-2,-2
0,1,8437,8440,25311,25312,25313,25316,25317,25318,50623,50624,50625,50626,50627,50630,50631,50632,50633,50634,1,-1,2,-2,1,3,1,-1,-3,-1,2,2,5,2,2,-2,-2,-5,-2,-2
0,1,8439,8442,25317,25318,25319,25322,25323,25324,50635,50636,50637,50638,50639,50642,50643,50644,50645,50646,1,-1,2,-2,1,3,1,-1,-3,-1,2,2,5,2,2,-2,-2,-5,-2,-2
0,1,8441,8444,25323,25324,25325,25328,25329,25330,50647,50648,50649,50650,50651,50654,50655,50656,50657,50658,1,-1,2,-2,1,3,1,-1,-3,-1,2,2,5,2,2,-2,-2,-5,-2,-2
0,1,8443,8446,25329,25330,25331,25334,25335,25336,50659,50660,50661,50662,50663,50666,50667,50668,50669,50670,1,-1,2,-2,1,3,1,-1,-3,-1,2,2,5,2,2,-2,-2,-5,-2,-2
0,1,8445,8448,25335,25336,25337,25340,25341,25342,50671,50672,50673,50674,50675,50678,50679,50680,50681,50682,1,-1,2,-2,1,3,1,-1,-3,-1,2,2,5,2,2,-2,-2,-5,-2,-2
0,1,8447,8450,25341,25342,25343,25346,25347,25348,50683,50684,50685,50686,50687,50690,50691,50692,50693,50694,1,-1,2,-2,1,3,1,-1,-3,-1,2,2,5,2,2,-2,-2,-5,-2,-2
0,1,8449,8452,25347,25348,25349,25352,25353,25354,50695,50696,50697,50698,50699,50702,50703,50704,50705,50706,1,-1,2,-2,1,3,1,-1,-3,-1,2,2,5,2,2,-2,-2,-5,-2,-2
0,1,8451,8454,25353,25354,25355,25358,25359,25360,50707,50708,50709,50710,50711,50714,50715,50716,50717,50718,1,-1,2,-2,1,3,1,-1,-3,-1,2,2,5,2,2,-2,-2,-5,-2,-2
0,1,8453,8456,25359,25360,25361,25364,25365,25366,50719,50720,50721,50722,50723,50726,50727,50728,50729,50730,1,-1,2,-2,1,3,1,-1,-3,-1,2,2,5,2,2,-2,-2,-5,-2,-2
0,1,8455,8458,25365,25366,25367,25370,25371,25372,50731,50732,50733,50734,50735,50738,50739,50740,50741,50742,1,-1,2,-2,1,3,1,-1,-3,-1,2,2,5,2,2,-2,-2,-5,-2,-2
0,1,8457,8460,25371,25372,25373,25376,25377,25378,50743,50744,50745,50746,50747,50750,50751,50752,50753,50754,1,-1,2,-2,1,3,1,-1,-3,-1,2,2,5,2,2,-2,-2,-5,-2,-2
0,1,8459,8462,25377,25378,25379,25382,25383,25384,50755,50756,50757,50758,50759,50762,50763,50764,50765,50766,1,-1,2,-2,1,3,1,-1,-3,-1,2,2,5,2,2,-2,-2,-5,-2,-2
0,1,8461,8464,25383,25384,25385,25388,25389,25390,50767,50768,50769,50770,50771,50774,50775,50776,50777,50778,1,-1,2,-2,1,3,1,-1,-3,-1,2,2,5,2,2,-2,-2,-5,-2,-2
0,1,8463,8466,25389,25390,25391,25394,25395,25396,50779,50780,50781,50782,50783,50786,50787,50788,50789,50790,1,-1,2,-2,1,3,1,-1,-3,-1,2,2,5,2,2,-2,-2,-5,-2,-2
0,1,8465,8468,25395,25396,25397,25400,25401,25402,50791,50792,50793,50794,50795,50798,50799,50800,50801,50802,1,-1,2,-2,1,3,1,-1,-3,-1,2,2,5,2,2,-2,-2,-5,-2,-2
0,1,8467,8470,25401,25402,25403,25406,25407,25408,50803,50804,50805,50806,50807,50810,50811,50812,50813,50814,1,-1,2,-2,1,3,1,-1,-3,-1,2,2,5,2,2,-2,-2,-5,-2,-2
0,1,8469,8472,25407,25408,25409,25412,25413,25414,50815,50816,50817,50818,50819,50822,50823,50824,50825,50826,1,-1,2,-2,1,3,1,-1,-3,-1,2,2,5,2,2,-2,-2,-5,-2,-2
0,1,8471,8474,25413,25414,25415,25418,25419,25420,50827,50828,50829,50830,50831,50834,50835,50836,50837,50838,1,-1,2,-2,1,3,1,-1,-3,-1,2,2,5,2,2,-2,-2,-5,-2,-2
0,1,8473,8476,25419,25420,25421,25424,25425,25426,50839,50840,50841,50842,50843,50846,50847,50848,50849,50850,1,-1,2,-2,1,3,1,-1,-3,-1,2,2,5,2,2,-2,-2,-5,-2,-2
0,1,8475,8478,25425,25426,25427,25430,25431,25432,50851,50852,50853,50854,50855,50858,50859,50860,50861,50862,1,-1,2,-2,1,3,1,-1,-3,-1,2,2,5,2,2,-2,-2,-5,-2,-2
0,1,8477,8480,25431,25432,25433,25436,25437,25438,50863,50864,50865,50866,50867,50870,50871,50872,50873,50874,1,-1,2,-2,1,3,1,-1,-3,-1,2,2,5,2,2,-2,-2,-5,-2,-2
0,1,8479,8482,25437,25438,25439,25442,25443,25444,50875,50876,50877,50878,50879,50882,50883,50884,50885,50886,1,-1,2,-2,1,3,1,-1,-3,-1,2,2,5,2,2,-2,-2,-5,-2,-2
0,1,8481,8484,25443,25444,25445,25448,25449,25450,50887,50888,50889,50890,50891,50894,50895,50896,50897,50898,1,-1,2,-2,1,3,1,-1,-3,-1,2,2,5,2,2,-2,-2,-5,-2,-2
0,1,8483,8486,25449,25450,25451,25454,25455,25456,50899,50900,50901,50902,50903,50906,50907,50908,50909,50910,1,-1,2,-2,1,3,1,-1,-3,-1,2,2,5,2,2,-2,-2,-5,-2,-2
0,1,8485,8488,25455,25456,25457,25460,25461,25462,50911,50912,50913,50914,50915,50918,50919,50920,50921,50922,1,-1,2,-2,1,3,1,-1,-3,-1,2,2,5,2,2,-2,-2,-5,-2,-2
0,1,8487,8490,25461,25462,25463,25466,25467,25468,50923,50924,50925,50926,50927,50930,50931,50932,50933,50934,1,-1,2,-2,1,3,1,-1,-3,-1,2,2,5,2,2,-2,-2,-5,-2,-2
0,1,8489,8492,25467,25468,25469,25472,25473,25474,50935,50936,50937,50938,50939,50942,50943,50944,50945,50946,1,-1,2,-2,1,3,1,-1,-3,-1,2,2,5,2,2,-2,-2,-5,-2,-2
0,1,8491,8494,25473,25474,25475,25478,25479,25480,50947,50948,50949,50950,50951,50954,50955,50956,50957,50958,1,-1,2,-2,1,3,1,-1,-3,-1,2,2,5,2,2,-2,-2,-5,-2,-2
0,1,8493,8496,25479,25480,25481,25484,25485,25486,50959,50960,50961,50962,50963,50966,50967,50968,50969,50970,1,-1,2,-2,1,3,1,-1,-3,-1,2,2,5,2,2,-2,-2,-5,-2,-2
0,1,8495,8498,25485,25486,25487,25490,25491,25492,50971,50972,50973,50974,50975,50978,50979,50980,50981,50982,1,-1,2,-2,1,3,1,-1,-3,-1,2,2,5,2,2,-2,-2,-5,-2,-2
0,1,8497,8500,25491,25492,25493,25496,25497,25498,50983,50984,50985,50986,50987,50990,50991,50992,50993,50994,1,-1,2,-2,1,3,1,-1,-3,-1,2,2,5,2,2,-2,-2,-5,-2,-2
0,1,8499,8502,25497,25498,25499,25502,25503,25504,50995,50996,50997,50998,50999,51002,51003,51004,51005,51006,1,-1,2,-2,1,3,1,-1,-3,-1,2,2,5,2,2,-2,-2,-5,-2,-2
0,1,8501,8504,25503,25504,25505,25508,25509,25510,51007,51008,51009,51010,51011,51014,51015,51016,51017,51018,1,-1,2,-2,1,3,1,-1,-3,-1,2,2,5,2,2,-2,-2,-5,-2,-2
0,1,8503,8506,25509,25510,25511,25514,25515,25516,51019,51020,51021,51022,51023,51026,51027,51028,51029,51030,1,-1,2,-2,1,3,1,-1,-3,-1,2,2,5,2,2,-2,-2,-5,-2,-2
0,1,8505,8508,25515,25516,25517,25520,25521,25522,51031,51032,51033,51034,51035,51038,51039,51040,51041,51042,1,-1,2,-2,1,3,1,-1,-3,-1,2,2,5,2,2,-2,-2,-5,-2,-2
0,1,8507,8510,25521,25522,25523,25526,25527,25528,51043,51044,51045,51046,51047,51050,51051,51052,51053,51054,1,-1,2,-2,1,3,1,-1,-3,-1,2,2,5,2,2,-2,-2,-5,-2,-2
0,1,8509,8512,25527,25528,25529,25532,25533,25534,51055,51056,51057,51058,51059,51062,51063,51064,51065,51066,1,-1,2,-2,1,3,1,-1,-3,-1,2,2,5,2,2,-2,-2,-5,-2,-2
0,1,8511,8514,25533,25534,25535,25538,25539,25540,51067,51068,51069,51070,51071,51074,51075,51076,51077,51078,1,-1,2,-2,1,3,1,-1,-3,-1,2,2,5,2,2,-2,-2,-5,-2,-2
0,1,8513,8516,25539,25540,25541,25544,25545,25546,51079,51080,51081,51082,51083,51086,51087,51088,51089,51090,1,-1,2,-2,1,3,1,-1,-3,-1,2,2,5,2,2,-2,-2,-5,-2,-2
0,1,8515,8518,25545,25546,25547,25550,25551,25552,51091,51092,51093,51094,51095,51098,51099,51100,51101,51102,1,-1,2,-2,1,3,1,-1,-3,-1,2,2,5,2,2,-2,-2,-5,-2,-2
0,1,8517,8520,25551,25552,25553,25556,25557,25558,51103,51104,51105,51106,51107,51110,51111,51112,51113,51114,1,-1,2,-2,1,3,1,-1,-3,-1,2,2,5,2,2,-2,-2,-5,-2,-2
0,1,8519,8522,25557,25558,25559,25562,25563,25564,51115,51116,51117,51118,51119,51122,51123,51124,51125,51126,1,-1,2,-2,1,3,1,-1,-3,-1,2,2,5,2,2,-2,-2,-5,-2,-2
0,1,8521,8524,25563,25564,25565,25568,25569,25570,51127,51128,51129,51130,51131,51134,51135,51136,51137,51138,1,-1,2,-2,1,3,1,-1,-3,-1,2,2,5,2,2,-2,-2,-5,-2,-2
0,1,8523,8526,25569,25570,25571,25574,25575,25576,51139,51140,51141,51142,51143,51146,51147,51148,51149,51150,1,-1,2,-2,1,3,1,-1,-3,-1,2,2,5,2,2,-2,-2,-5,-2,-2
0,1,8525,8528,25575,25576,25577,25580,25581,25582,51151,51152,51153,51154,51155,51158,51159,51160,51161,51162,1,-1,2,-2,1,3,1,-1,-3,-1,2,2,5,2,2,-2,-2,-5,-2,-2
0,1,8527,8530,25581,25582,25583,25586,25587,25588,51163,51164,51165,51166,51167,51170,51171,51172,51173,51174,1,-1,2,-2,1,3,1,-1,-3,-1,2,2,5,2,2,-2,-2,-5,-2,-2
0,1,8529,8532,25587,25588,25589,25592,25593,25594,51175,51176,51177,51178,51179,51182,51183,51184,51185,51186,1,-1,2,-2,1,3,1,-1,-3,-1,2,2,5,2,2,-2,-2,-5,-2,-2
0,1,8531,8534,25593,25594,25595,25598,25599,25600,51187,51188,51189,51190,51191,51194,51195,51196,51197,51198,1,-1,2,-2,1,3,1,-1,-3,-1,2,2,5,2,2,-2,-2,-5,-2,-2
0,1,8533,8536,25599,25600,25601,25604,25605,25606,51199,51200,51201,51202,51203,51206,51207,51208,51209,51210,1,-1,2,-2,1,3,1,-1,-3,-1,2,2,5,2,2,-2,-2,-5,-2,-2
0,1,8535,8538,25605,25606,25607,25610,25611,25612,51211,51212,51213,51214,51215,51218,51219,51220,51221,51222,1,-1,2,-2,1,3,1,-1,-3,-1,2,2,5,2,2,-2,-2,-5,-2,-2
0,1,8537,8540,25611,25612,25613,25616,25617,25618,51223,51224,51225,51226,51227,51230,51231,51232,51233,51234,1,-1,2,-2,1,3,1,-1,-3,-1,2,2,5,2,2,-2,-2,-5,-2,-2
0,1,8539,8542,25617,25618,25619,25622,25623,25624,51235,51236,51237,51238,51239,51242,51243,51244,51245,51246,1,-1,2,-2,1,3,1,-1,-3,-1,2,2,5,2,2,-2,-2,-5,-2,-2
0,1,8541,8544,25623,25624,25625,25628,25629,25630,51247,51248,51249,51250,51251,51254,51255,51256,51257,51258,1,-1,2,-2,1,3,1,-1,-3,-1,2,2,5,2,2,-2,-2,-5,-2,-2
0,1,8543,8546,25629,25630,25631,25634,25635,25636,51259,51260,51261,51262,51263,51266,51267,51268,51269,51270,1,-1,2,-2,1,3,1,-1,-3,-1,2,2,5,2,2,-2,-2,-5,-2,-2
0,1,8545,8548,25635,25636,25637,25640,25641,25642,51271,51272,51273,51274,51275,51278,51279,51280,51281,51282,1,-1,2,-2,1,3,1,-1,-3,-1,2,2,5,2,2,-2,-2,-5,-2,-2
0,1,8547,8550,25641,25642,25643,25646,25647,25648,51283,51284,51285,51286,51287,51290,51291,51292,51293,51294,1,-1,2,-2,1,3,1,-1,-3,-1,2,2,5,2,2,-2,-2,-5,-2,-2
0,1,8549,8552,25647,25648,25649,25652,25653,25654,51295,51296,51297,51298,51299,51302,51303,51304,51305,51306,1,-1,2,-2,1,3,1,-1,-3,-1,2,2,5,2,2,-2,-2,-5,-2,-2
0,1,8551,8554,25653,25654,25655,25658,25659,25660,51307,51308,51309,51310,51311,51314,51315,51316,51317,51318,1,-1,2,-2,1,3,1,-1,-3,-1,2,2,5,2,2,-2,-2,-5,-2,-2
0,1,8553,8556,25659,25660,25661,25664,25665,25666,51319,51320,51321,51322,51323,51326,51327,51328,51329,51330,1,-1,2,-2,1,3,1,-1,-3,-1,2,2,5,2,2,-2,-2,-5,-2,-2
0,1,8555,8558,25665,25666,25667,25670,25671,25672,51331,51332,51333,51334,51335,51338,51339,51340,51341,51342,1,-1,2,-2,1,3,1,-1,-3,-1,2,2,5,2,2,-2,-2,-5,-2,-2
0,1,8557,8560,25671,25672,25673,25676,25677,25678,51343,51344,51345,51346,51347,51350,51351,51352,51353,51354,1,-1,2,-2,1,3,1,-1,-3,-1,2,2,5,2,2,-2,-2,-5,-2,-2
0,1,8559,8562,25677,25678,25679,25682,25683,25684,51355,51356,51357,51358,51359,51362,51363,51364,51365,51366,1,-1,2,-2,1,3,1,-1,-3,-1,2,2,5,2,2,-2,-2,-5,-2,-2
0,1,8561,8564,25683,25684,25685,25688,25689,25690,51367,51368,51369,51370,51371,51374,51375,51376,51377,51378,1,-1,2,-2,1,3,1,-1,-3,-1,2,2,5,2,2,-2,-2,-5,-2,-2
0,1,8563,8566,25689,25690,25691,25694,25695,25696,51379,51380,51381,51382,51383,51386,51387,51388,51389,51390,1,-1,2,-2,1,3,1,-1,-3,-1,2,2,5,2,2,-2,-2,-5,-2,-2
0,1,8565,8568,25695,25696,25697,25700,25701,25702,51391,51392,51393,51394,51395,51398,51399,51400,51401,51402,1,-1,2,-2,1,3,1,-1,-3,-1,2,2,5,2,2,-2,-2,-5,-2,-2
0,1,8567,8570,25701,25702,25703,25706,25707,25708,51403,51404,51405,51406,51407,51410,51411,51412,51413,51414,1,-1,2,-2,1,3,1,-1,-3,-1,2,2,5,2,2,-2,-2,-5,-2,-2
0,1,8569,8572,25707,25708,25709,25712,25713,25714,51415,51416,51417,51418,51419,51422,51423,51424,51425,51426,1,-1,2,-2,1,3,1,-1,-3,-1,2,2,5,2,2,-2,-2,-5,-2,-2
0,1,8571,8574,25713,25714,25715,25718,25719,25720,51427,51428,51429,51430,51431,51434,51435,51436,51437,51438,1,-1,2,-2,1,3,1,-1,-3,-1,2,2,5,2,2,-2,-2,-5,-2,-2
0,1,8573,8576,25719,25720,25721,25724,25725,25726,51439,51440,51441,51442,51443,51446,51447,51448,51449,51450,1,-1,2,-2,1,3,1,-1,-3,-1,2,2,5,2,2,-2,-2,-5,-2,-2
0,1,8575,8578,25725,25726,25727,25730,25731,25732,51451,51452,51453,51454,51455,51458,51459,51460,51461,51462,1,-1,2,-2,1,3,1,-1,-3,-1,2,2,5,2,2,-2,-2,-5,-2,-2
0,1,8577,8580,25731,25732,25733,25736,25737,25738,51463,51464,51465,51466,51467,51470,51471,51472,51473,51474,1,-1,2,-2,1,3,1,-1,-3,-1,2,2,5,2,2,-2,-2,-5,-2,-2
0,1,8579,8582,25737,25738,25739,25742,25743,25744,51475,51476,51477,51478,51479,51482,51483,51484,51485,51486,1,-1,2,-2,1,3,1,-1,-3,-1,2,2,5,2,2,-2,-2,-5,-2,-2
0,1,8581,8584,25743,25744,25745,25748,25749,25750,51487,51488,51489,51490,51491,51494,51495,51496,51497,51498,1,-1,2,-2,1,3,1,-1,-3,-1,2,2,5,2,2,-2,-2,-5,-2,-2
0,1,8583,8586,25749,25750,25751,25754,25755,25756,51499,51500,51501,51502,51503,51506,51507,51508,51509,51510,1,-1,2,-2,1,3,1,-1,-3,-1,2,2,5,2,2,-2,-2,-5,-2,-2
0,1,8585,8588,25755,25756,25757,25760,25761,25762,51511,51512,51513,51514,51515,51518,51519,51520,51521,51522,1,-1,2,-2,1,3,1,-1,-3,-1,2,2,5,2,2,-2,-2,-5,-2,-2
0,1,8587,8590,25761,25762,25763,25766,25767,25768,51523,51524,51525,51526,51527,51530,51531,51532,51533,51534,1,-1,2,-2,1,3,1,-1,-3,-1,2,2,5,2,2,-2,-2,-5,-2,-2
0,1,8589,8592,25767,25768,25769,25772,25773,25774,51535,51536,51537,51538,51539,51542,51543,51544,51545,51546,1,-1,2,-2,1,3,1,-1,-3,-1,2,2,5,2,2,-2,-2,-5,-2,-2
0,1,8591,8594,25773,25774,25775,25778,25779,25780,51547,51548,51549,51550,51551,51554,51555,51556,51557,51558,1,-1,2,-2,1,3,1,-1,-3,-1,2,2,5,2,2,-2,-2,-5,-2,-2
0,1,8593,8596,25779,25780,25781,25784,25785,25786,51559,51560,51561,51562,51563,51566,51567,51568,51569,51570,1,-1,2,-2,1,3,1,-1,-3,-1,2,2,5,2,2,-2,-2,-5,-2,-2
0,1,8595,8598,25785,25786,25787,25790,25791,25792,51571,51572,51573,51574,51575,51578,51579,51580,51581,51582,1,-1,2,-2,1,3,1,-1,-3,-1,2,2,5,2,2,-2,-2,-5,-2,-2
0,1,8597,8600,25791,25792,25793,25796,25797,25798,51583,51584,51585,51586,51587,51590,51591,51592,51593,51594,1,-1,2,-2,1,3,1,-1,-3,-1,2,2,5,2,2,-2,-2,-5,-2,-2
0,1,8599,8602,25797,25798,25799,25802,25803,25804,51595,51596,51597,51598,51599,51602,51603,51604,51605,51606,1,-1,2,-2,1,3,1,-1,-3,-1,2,2,5,2,2,-2,-2,-5,-2,-2
0,1,8601,8604,25803,25804,25805,25808,25809,25810,51607,51608,51609,51610,51611,51614,51615,51616,51617,51618,1,-1,2,-2,1,3,1,-1,-3,-1,2,2,5,2,2,-2,-2,-5,-2,-2
0,1,8603,8606,25809,25810,25811,25814,25815,25816,51619,51620,51621,51622,51623,51626,51627,51628,51629,51630,1,-1,2,-2,1,3,1,-1,-3,-1,2,2,5,2,2,-2,-2,-5,-2,-2
0,1,8605,8608,25815,25816,25817,25820,25821,25822,51631,51632,51633,51634,51635,51638,51639,51640,51641,51642,1,-1,2,-2,1,3,1,-1,-3,-1,2,2,5,2,2,-2,-2,-5,-2,-2
0,1,8607,8610,25821,25822,25823,25826,25827,25828,51643,51644,51645,51646,51647,51650,51651,51652,51653,51654,1,-1,2,-2,1,3,1,-1,-3,-1,2,2,5,2,2,-2,-2,-5,-2,-2
0,1,8609,8612,25827,25828,25829,25832,25833,25834,51655,51656,51657,51658,51659,51662,51663,51664,51665,51666,1,-1,2,-2,1,3,1,-1,-3,-1,2,2,5,2,2,-2,-2,-5,-2,-2
0,1,8611,8614,25833,25834,25835,25838,25839,25840,51667,51668,51669,51670,51671,51674,51675,51676,51677,51678,1,-1,2,-2,1,3,1,-1,-3,-1,2,2,5,2,2,-2,-2,-5,-2,-2
0,1,8613,8616,25839,25840,25841,25844,25845,25846,51679,51680,51681,51682,51683,51686,51687,51688,51689,51690,1,-1,2,-2,1,3,1,-1,-3,-1,2,2,5,2,2,-2,-2,-5,-2,-2
0,1,8615,8618,25845,25846,25847,25850,25851,25852,51691,51692,51693,51694,51695,51698,51699,51700,51701,51702,1,-1,2,-2,1,3,1,-1,-3,-1,2,2,5,2,2,-2,-2,-5,-2,-2
0,1,8617,8620,25851,25852,25853,25856,25857,25858,51703,51704,51705,51706,51707,51710,51711,51712,51713,51714,1,-1,2,-2,1,3,1,-1,-3,-1,2,2,5,2,2,-2,-2,-5,-2,-2
0,1,8619,8622,25857,25858,25859,25862,25863,25864,51715,51716,51717,51718,51719,51722,51723,51724,51725,51726,1,-1,2,-2,1,3,1,-1,-3,-1,2,2,5,2,2,-2,-2,-5,-2,-2
0,1,8621,8624,25863,25864,25865,25868,25869,25870,51727,51728,51729,51730,51731,51734,51735,51736,51737,51738,1,-1,2,-2,1,3,1,-1,-3,-1,2,2,5,2,2,-2,-2,-5,-2,-2
0,1,8623,8626,25869,25870,25871,25874,25875,25876,51739,51740,51741,51742,51743,51746,51747,51748,51749,51750,1,-1,2,-2,1,3,1,-1,-3,-1,2,2,5,2,2,-2,-2,-5,-2,-2
0,1,8625,8628,25875,25876,25877,25880,25881,25882,51751,51752,51753,51754,51755,51758,51759,51760,51761,51762,1,-1,2,-2,1,3,1,-1,-3,-1,2,2,5,2,2,-2,-2,-5,-2,-2
0,1,8627,8630,25881,25882,25883,25886,25887,25888,51763,51764,51765,51766,51767,51770,51771,51772,51773,51774,1,-1,2,-2,1,3,1,-1,-3,-1,2,2,5,2,2,-2,-2,-5,-2,-2
0,1,8629,8632,25887,25888,25889,25892,25893,25894,51775,51776,51777,51778,51779,51782,51783,51784,51785,51786,1,-1,2,-2,1,3,1,-1,-3,-1,2,2,5,2,2,-2,-2,-5,-2,-2
0,1,8631,8634,25893,25894,25895,25898,25899,25900,51787,51788,51789,51790,51791,51794,51795,51796,51797,51798,1,-1,2,-2,1,3,1,-1,-3,-1,2,2,5,2,2,-2,-2,-5,-2,-2
0,1,8633,8636,25899,25900,25901,25904,25905,25906,51799,51800,51801,51802,51803,51806,51807,51808,51809,51810,1,-1,2,-2,1,3,1,-1,-3,-1,2,2,5,2,2,-2,-2,-5,-2,-2
0,1,8635,8638,25905,25906,25907,25910,25911,25912,51811,51812,51813,51814,51815,51818,51819,51820,51821,51822,1,-1,2,-2,1,3,1,-1,-3,-1,2,2,5,2,2,-2,-2,-5,-2,-2
0,1,8637,8640,25911,25912,25913,25916,25917,25918,51823,51824,51825,51826,51827,51830,51831,51832,51833,51834,1,-1,2,-2,1,3,1,-1,-3,-1,2,2,5,2,2,-2,-2,-5,-2,-2
0,1,8639,8642,25917,25918,25919,25922,25923,25924,51835,51836,51837,51838,51839,51842,51843,51844,51845,51846,1,-1,2,-2,1,3,1,-1,-3,-1,2,2,5,2,2,-2,-2,-5,-2,-2
0,1,8641,8644,25923,25924,25925,25928,25929,25930,51847,51848,51849,51850,51851,51854,51855,51856,51857,51858,1,-1,2,-2,1,3,1,-1,-3,-1,2,2,5,2,2,-2,-2,-5,-2,-2
0,1,8643,8646,25929,25930,25931,25934,25935,25936,51859,51860,51861,51862,51863,51866,51867,51868,51869,51870,1,-1,2,-2,1,3,1,-1,-3,-1,2,2,5,2,2,-2,-2,-5,-2,-2
0,1,8645,8648,25935,25936,25937,25940,25941,25942,51871,51872,51873,51874,51875,51878,51879,51880,51881,51882,1,-1,2,-2,1,3,1,-1,-3,-1,2,2,5,2,2,-2,-2,-5,-2,-2
0,1,8647,8650,25941,25942,25943,25946,25947,25948,51883,51884,51885,51886,51887,51890,51891,51892,51893,51894,1,-1,2,-2,1,3,1,-1,-3,-1,2,2,5,2,2,-2,-2,-5,-2,-2
0,1,8649,8652,25947,25948,25949,25952,25953,25954,51895,51896,51897,51898,51899,51902,51903,51904,51905,51906,1,-1,2,-2,1,3,1,-1,-3,-1,2,2,5,2,2,-2,-2,-5,-2,-2
0,1,8651,8654,25953,25954,25955,25958,25959,25960,51907,51908,51909,51910,51911,51914,51915,51916,51917,51918,1,-1,2,-2,1,3,1,-1,-3,-1,2,2,5,2,2,-2,-2,-5,-2,-2
0,1,8653,8656,25959,25960,25961,25964,25965,25966,51919,51920,51921,51922,51923,51926,51927,51928,51929,51930,1,-1,2,-2,1,3,1,-1,-3,-1,2,2,5,2,2,-2,-2,-5,-2,-2
0,1,8655,8658,25965,25966,25967,25970,25971,25972,51931,51932,51933,51934,51935,51938,51939,51940,51941,51942,1,-1,2,-2,1,3,1,-1,-3,-1,2,2,5,2,2,-2,-2,-5,-2,-2
0,1,8657,8660,25971,25972,25973,25976,25977,25978,51943,51944,51945,51946,51947,51950,51951,51952,51953,51954,1,-1,2,-2,1,3,1,-1,-3,-1,2,2,5,2,2,-2,-2,-5,-2,-2
0,1,8659,8662,25977,25978,25979,25982,25983,25984,51955,51956,51957,51958,51959,51962,51963,51964,51965,51966,1,-1,2,-2,1,3,1,-1,-3,-1,2,2,5,2,2,-2,-2,-5,-2,-2
0,1,8661,8664,25983,25984,25985,25988,25989,25990,51967,51968,51969,51970,51971,51974,51975,51976,51977,51978,1,-1,2,-2,1,3,1,-1,-3,-1,2,2,5,2,2,-2,-2,-5,-2,-2
0,1,8663,8666,25989,25990,25991,25994,25995,25996,51979,51980,51981,51982,51983,51986,51987,51988,51989,51990,1,-1,2,-2,1,3,1,-1,-3,-1,2,2,5,2,2,-2,-2,-5,-2,-2
0,1,8665,8668,25995,25996,25997,26000,26001,26002,51991,51992,51993,51994,51995,51998,51999,52000,52001,52002,1,-1,2,-2,1,3,1,-1,-3,-1,2,2,5,2,2,-2,-2,-5,-2,-2
0,1,8667,8670,26001,26002,26003,26006,26007,26008,52003,52004,52005,52006,52007,52010,52011,52012,52013,52014,1,-1,2,-2,1,3,1,-1,-3,-1,2,2,5,2,2,-2,-2,-5,-2,-2
0,1,8669,8672,26007,26008,26009,26012,26013,26014,52015,52016,52017,52018,52019,52022,52023,52024,52025,52026,1,-1,2,-2,1,3,1,-1,-3,-1,2,2,5,2,2,-2,-2,-5,-2,-2
0,1,8671,8674,26013,26014,26015,26018,26019,26020,52027,52028,52029,52030,52031,52034,52035,52036,52037,52038,1,-1,2,-2,1,3,1,-1,-3,-1,2,2,5,2,2,-2,-2,-5,-2,-2
0,1,8673,8676,26019,26020,26021,26024,26025,26026,52039,52040,52041,52042,52043,52046,52047,52048,52049,52050,1,-1,2,-2,1,3,1,-1,-3,-1,2,2,5,2,2,-2,-2,-5,-2,-2
0,1,8675,8678,26025,26026,26027,26030,26031,26032,52051,52052,52053,52054,52055,52058,52059,52060,52061,52062,1,-1,2,-2,1,3,1,-1,-3,-1,2,2,5,2,2,-2,-2,-5,-2,-2
0,1,8677,8680,26031,26032,26033,26036,26037,26038,52063,52064,52065,52066,52067,52070,52071,52072,52073,52074,1,-1,2,-2,1,3,1,-1,-3,-1,2,2,5,2,2,-2,-2,-5,-2,-2
0,1,8679,8682,26037,26038,26039,26042,26043,26044,52075,52076,52077,52078,52079,52082,52083,52084,52085,52086,1,-1,2,-2,1,3,1,-1,-3,-1,2,2,5,2,2,-2,-2,-5,-2,-2
0,1,8681,8684,26043,26044,26045,26048,26049,26050,52087,52088,52089,52090,52091,52094,52095,52096,52097,52098,1,-1,2,-2,1,3,1,-1,-3,-1,2,2,5,2,2,-2,-2,-5,-2,-2
0,1,8683,8686,26049,26050,26051,26054,26055,26056,52099,52100,52101,52102,52103,52106,52107,52108,52109,52110,1,-1,2,-2,1,3,1,-1,-3,-1,2,2,5,2,2,-2,-2,-5,-2,-2
0,1,8685,8688,26055,26056,26057,26060,26061,26062,52111,52112,52113,52114,52115,52118,52119,52120,52121,52122,1,-1,2,-2,1,3,1,-1,-3,-1,2,2,5,2,2,-2,-2,-5,-2,-2
0,1,8687,8690,26061,26062,26063,26066,26067,26068,52123,52124,52125,52126,52127,52130,52131,52132,52133,52134,1,-1,2,-2,1,3,1,-1,-3,-1,2,2,5,2,2,-2,-2,-5,-2,-2
0,1,8689,8692,26067,26068,26069,26072,26073,26074,52135,52136,52137,52138,52139,52142,52143,52144,52145,52146,1,-1,2,-2,1,3,1,-1,-3,-1,2,2,5,2,2,-2,-2,-5,-2,-2
0,1,8691,8694,26073,26074,26075,26078,26079,26080,52147,52148,52149,52150,52151,52154,52155,52156,52157,52158,1,-1,2,-2,1,3,1,-1,-3,-1,2,2,5,2,2,-2,-2,-5,-2,-2
0,1,8693,8696,26079,26080,26081,26084,26085,26086,52159,52160,52161,52162,52163,52166,52167,52168,52169,52170,1,-1,2,-2,1,3,1,-1,-3,-1,2,2,5,2,2,-2,-2,-5,-2,-2
0,1,8695,8698,26085,26086,26087,26090,26091,26092,52171,52172,52173,52174,52175,52178,52179,52180,52181,52182,1,-1,2,-2,1,3,1,-1,-3,-1,2,2,5,2,2,-2,-2,-5,-2,-2
0,1,8697,8700,26091,26092,26093,26096,26097,26098,52183,52184,52185,52186,52187,52190,52191,52192,52193,52194,1,-1,2,-2,1,3,1,-1,-3,-1,2,2,5,2,2,-2,-2,-5,-2,-2
0,1,8699,8702,26097,26098,26099,26102,26103,26104,52195,52196,52197,52198,52199,52202,52203,52204,52205,52206,1,-1,2,-2,1,3,1,-1,-3,-1,2,2,5,2,2,-2,-2,-5,-2,-2
0,1,8701,8704,26103,26104,26105,26108,26109,26110,52207,52208,52209,52210,52211,52214,52215,52216,52217,52218,1,-1,2,-2,1,3,1,-1,-3,-1,2,2,5,2,2,-2,-2,-5,-2,-2
0,1,8703,8706,26109,26110,26111,26114,26115,26116,52219,52220,52221,52222,52223,52226,52227,52228,52229,52230,1,-1,2,-2,1,3,1,-1,-3,-1,2,2,5,2,2,-2,-2,-5,-2,-2
0,1,8705,8708,26115,26116,26117,26120,26121,26122,52231,52232,52233,52234,52235,52238,52239,52240,52241,52242,1,-1,2,-2,1,3,1,-1,-3,-1,2,2,5,2,2,-2,-2,-5,-2,-2
0,1,8707,8710,26121,26122,26123,26126,26127,26128,52243,52244,52245,52246,52247,52250,52251,52252,52253,52254,1,-1,2,-2,1,3,1,-1,-3,-1,2,2,5,2,2,-2,-2,-5,-2,-2
0,1,8709,8712,26127,26128,26129,26132,26133,26134,52255,52256,52257,52258,52259,52262,52263,52264,52265,52266,1,-1,2,-2,1,3,1,-1,-3,-1,2,2,5,2,2,-2,-2,-5,-2,-2
0,1,8711,8714,26133,26134,26135,26138,26139,26140,52267,52268,52269,52270,52271,52274,52275,52276,52277,52278,1,-1,2,-2,1,3,1,-1,-3,-1,2,2,5,2,2,-2,-2,-5,-2,-2
0,1,8713,8716,26139,26140,26141,26144,26145,26146,52279,52280,52281,52282,52283,52286,52287,52288,52289,52290,1,-1,2,-2,1,3,1,-1,-3,-1,2,2,5,2,2,-2,-2,-5,-2,-2
0,1,8715,8718,26145,26146,26147,26150,26151,26152,52291,52292,52293,52294,52295,52298,52299,52300,52301,52302,1,-1,2,-2,1,3,1,-1,-3,-1,2,2,5,2,2,-2,-2,-5,-2,-2
0,1,8717,8720,26151,26152,26153,26156,26157,26158,52303,52304,52305,52306,52307,52310,52311,52312,52313,52314,1,-1,2,-2,1,3,1,-1,-3,-1,2,2,5,2,2,-2,-2,-5,-2,-2
0,1,8719,8722,26157,26158,26159,26162,26163,26164,52315,52316,52317,52318,52319,52322,52323,52324,52325,52326,1,-1,2,-2,1,3,1,-1,-3,-1,2,2,5,2,2,-2,-2,-5,-2,-2
0,1,8721,8724,26163,26164,26165,26168,26169,26170,52327,52328,52329,52330,52331,52334,52335,52336,52337,52338,1,-1,2,-2,1,3,1,-1,-3,-1,2,2,5,2,2,-2,-2,-5,-2,-2
0,1,8723,8726,26169,26170,26171,26174,26175,26176,52339,52340,52341,52342,52343,52346,52347,52348,52349,52350,1,-1,2,-2,1,3,1,-1,-3,-1,2,2,5,2,2,-2,-2,-5,-2,-2
0,1,8725,8728,26175,26176,26177,26180,26181,26182,52351,52352,52353,52354,52355,52358,52359,52360,52361,52362,1,-1,2,-2,1,3,1,-1,-3,-1,2,2,5,2,2,-2,-2,-5,-2,-2
0,1,8727,8730,26181,26182,26183,26186,26187,26188,52363,52364,52365,52366,52367,52370,52371,52372,52373,52374,1,-1,2,-2,1,3,1,-1,-3,-1,2,2,5,2,2,-2,-2,-5,-2,-2
0,1,8729,8732,26187,26188,26189,26192,26193,26194,52375,52376,52377,52378,52379,52382,52383,52384,52385,52386,1,-1,2,-2,1,3,1,-1,-3,-1,2,2,5,2,2,-2,-2,-5,-2,-2
0,1,8731,8734,26193,26194,26195,26198,26199,26200,52387,52388,52389,52390,52391,52394,52395,52396,52397,52398,1,-1,2,-2,1,3,1,-1,-3,-1,2,2,5,2,2,-2,-2,-5,-2,-2
0,1,8733,8736,26199,26200,26201,26204,26205,26206,52399,52400,52401,52402,52403,52406,52407,52408,52409,52410,1,-1,2,-2,1,3,1,-1,-3,-1,2,2,5,2,2,-2,-2,-5,-2,-2
0,1,8735,8738,26205,26206,26207,26210,26211,26212,52411,52412,52413,52414,52415,52418,52419,52420,52421,52422,1,-1,2,-2,1,3,1,-1,-3,-1,2,2,5,2,2,-2,-2,-5,-2,-2
0,1,8737,8740,26211,26212,26213,26216,26217,26218,52423,52424,52425,52426,52427,52430,52431,52432,52433,52434,1,-1,2,-2,1,3,1,-1,-3,-1,2,2,5,2,2,-2,-2,-5,-2,-2
0,1,8739,8742,26217,26218,26219,26222,26223,26224,52435,52436,52437,52438,52439,52442,52443,52444,52445,52446,1,-1,2,-2,1,3,1,-1,-3,-1,2,2,5,2,2,-2,-2,-5,-2,-2
0,1,8741,8744,26223,26224,26225,26228,26229,26230,52447,52448,52449,52450,52451,52454,52455,52456,52457,52458,1,-1,2,-2,1,3,1,-1,-3,-1,2,2,5,2,2,-2,-2,-5,-2,-2
0,1,8743,8746,26229,26230,26231,26234,26235,26236,52459,52460,52461,52462,52463,52466,52467,52468,52469,52470,1,-1,2,-2,1,3,1,-1,-3,-1,2,2,5,2,2,-2,-2,-5,-2,-2
0,1,8745,8748,26235,26236,26237,26240,26241,26242,52471,52472,52473,52474,52475,52478,52479,52480,52481,52482,1,-1,2,-2,1,3,1,-1,-3,-1,2,2,5,2,2,-2,-2,-5,-2,-2
0,1,8747,8750,26241,26242,26243,26246,26247,26248,52483,52484,52485,52486,52487,52490,52491,52492,52493,52494,1,-1,2,-2,1,3,1,-1,-3,-1,2,2,5,2,2,-2,-2,-5,-2,-2
0,1,8749,8752,26247,26248,26249,26252,26253,26254,52495,52496,52497,52498,52499,52502,52503,52504,52505,52506,1,-1,2,-2,1,3,1,-1,-3,-1,2,2,5,2,2,-2,-2,-5,-2,-2
0,1,8751,8754,26253,26254,26255,26258,26259,26260,52507,52508,52509,52510,52511,52514,52515,52516,52517,52518,1,-1,2,-2,1,3,1,-1,-3,-1,2,2,5,2,2,-2,-2,-5,-2,-2
0,1,8753,8756,26259,26260,26261,26264,26265,26266,52519,52520,52521,52522,52523,52526,52527,52528,52529,52530,1,-1,2,-2,1,3,1,-1,-3,-1,2,2,5,2,2,-2,-2,-5,-2,-2
0,1,8755,8758,26265,26266,26267,26270,26271,26272,52531,52532,52533,52534,52535,52538,52539,52540,52541,52542,1,-1,2,-2,1,3,1,-1,-3,-1,2,2,5,2,2,-2,-2,-5,-2,-2
0,1,8757,8760,26271,26272,26273,26276,26277,26278,52543,52544,52545,52546,52547,52550,52551,52552,52553,52554,1,-1,2,-2,1,3,1,-1,-3,-1,2,2,5,2,2,-2,-2,-5,-2,-2
0,1,8759,8762,26277,26278,26279,26282,26283,26284,52555,52556,52557,52558,52559,52562,52563,52564,52565,52566,1,-1,2,-2,1,3,1,-1,-3,-1,2,2,5,2,2,-2,-2,-5,-2,-2
0,1,8761,8764,26283,26284,26285,26288,26289,26290,52567,52568,52569,52570,52571,52574,52575,52576,52577,52578,1,-1,2,-2,1,3,1,-1,-3,-1,2,2,5,2,2,-2,-2,-5,-2,-2
0,1,8763,8766,26289,26290,26291,26294,26295,26296,52579,52580,52581,52582,52583,52586,52587,52588,52589,52590,1,-1,2,-2,1,3,1,-1,-3,-1,2,2,5,2,2,-2,-2,-5,-2,-2
0,1,8765,8768,26295,26296,26297,26300,26301,26302,52591,52592,52593,52594,52595,52598,52599,52600,52601,52602,1,-1,2,-2,1,3,1,-1,-3,-1,2,2,5,2,2,-2,-2,-5,-2,-2
0,1,8767,8770,26301,26302,26303,26306,26307,26308,52603,52604,52605,52606,52607,52610,52611,52612,52613,52614,1,-1,2,-2,1,3,1,-1,-3,-1,2,2,5,2,2,-2,-2,-5,-2,-2
0,1,8769,8772,26307,26308,26309,26312,26313,26314,52615,52616,52617,52618,52619,52622,52623,52624,52625,52626,1,-1,2,-2,1,3,1,-1,-3,-1,2,2,5,2,2,-2,-2,-5,-2,-2
0,1,8771,8774,26313,26314,26315,26318,26319,26320,52627,52628,52629,52630,52631,52634,52635,52636,52637,52638,1,-1,2,-2,1,3,1,-1,-3,-1,2,2,5,2,2,-2,-2,-5,-2,-2
0,1,8773,8776,26319,26320,26321,26324,26325,26326,52639,52640,52641,52642,52643,52646,52647,52648,52649,52650,1,-1,2,-2,1,3,1,-1,-3,-1,2,2,5,2,2,-2,-2,-5,-2,-2
0,1,8775,8778,26325,26326,26327,26330,26331,26332,52651,52652,52653,52654,52655,52658,52659,52660,52661,52662,1,-1,2,-2,1,3,1,-1,-3,-1,2,2,5,2,2,-2,-2,-5,-2,-2
0,1,8777,8780,26331,26332,26333,26336,26337,26338,52663,52664,52665,52666,52667,52670,52671,52672,52673,52674,1,-1,2,-2,1,3,1,-1,-3,-1,2,2,5,2,2,-2,-2,-5,-2,-2
0,1,8779,8782,26337,26338,26339,26342,26343,26344,52675,52676,52677,52678,52679,52682,52683,52684,52685,52686,1,-1,2,-2,1,3,1,-1,-3,-1,2,2,5,2,2,-2,-2,-5,-2,-2
0,1,8781,8784,26343,26344,26345,26348,26349,26350,52687,52688,52689,52690,52691,52694,52695,52696,52697,52698,1,-1,2,-2,1,3,1,-1,-3,-1,2,2,5,2,2,-2,-2,-5,-2,-2
0,1,8783,8786,26349,26350,26351,26354,26355,26356,52699,52700,52701,52702,52703,52706,52707,52708,52709,52710,1,-1,2,-2,1,3,1,-1,-3,-1,2,2,5,2,2,-2,-2,-5,-2,-2
0,1,8785,8788,26355,26356,26357,26360,26361,26362,52711,52712,52713,52714,52715,52718,52719,52720,52721,52722,1,-1,2,-2,1,3,1,-1,-3,-1,2,2,5,2,2,-2,-2,-5,-2,-2
0,1,8787,8790,26361,26362,26363,26366,26367,26368,52723,52724,52725,52726,52727,52730,52731,52732,52733,52734,1,-1,2,-2,1,3,1,-1,-3,-1,2,2,5,2,2,-2,-2,-5,-2,-2
0,1,8789,8792,26367,26368,26369,26372,26373,26374,52735,52736,52737,52738,52739,52742,52743,52744,52745,52746,1,-1,2,-2,1,3,1,-1,-3,-1,2,2,5,2,2,-2,-2,-5,-2,-2
0,1,8791,8794,26373,26374,26375,26378,26379,26380,52747,52748,52749,52750,52751,52754,52755,52756,52757,52758,1,-1,2,-2,1,3,1,-1,-3,-1,2,2,5,2,2,-2,-2,-5,-2,-2
0,1,8793,8796,26379,26380,26381,26384,26385,26386,52759,52760,52761,52762,52763,52766,52767,52768,52769,52770,1,-1,2,-2,1,3,1,-1,-3,-1,2,2,5,2,2,-2,-2,-5,-2,-2
0,1,8795,8798,26385,26386,26387,26390,26391,26392,52771,52772,52773,52774,52775,52778,52779,52780,52781,52782,1,-1,2,-2,1,3,1,-1,-3,-1,2,2,5,2,2,-2,-2,-5,-2,-2
0,1,8797,8800,26391,26392,26393,26396,26397,26398,52783,52784,52785,52786,52787,52790,52791,52792,52793,52794,1,-1,2,-2,1,3,1,-1,-3,-1,2,2,5,2,2,-2,-2,-5,-2,-2
0,1,8799,8802,26397,26398,26399,26402,26403,26404,52795,52796,52797,52798,52799,52802,52803,52804,52805,52806,1,-1,2,-2,1,3,1,-1,-3,-1,2,2,5,2,2,-2,-2,-5,-2,-2
0,1,8801,8804,26403,26404,26405,26408,26409,26410,52807,52808,52809,52810,52811,52814,52815,52816,52817,52818,1,-1,2,-2,1,3,1,-1,-3,-1,2,2,5,2,2,-2,-2,-5,-2,-2
0,1,8803,8806,26409,26410,26411,26414,26415,26416,52819,52820,52821,52822,52823,52826,52827,52828,52829,52830,1,-1,2,-2,1,3,1,-1,-3,-1,2,2,5,2,2,-2,-2,-5,-2,-2
0,1,8805,8808,26415,26416,26417,26420,26421,26422,52831,52832,52833,52834,52835,52838,52839,52840,52841,52842,1,-1,2,-2,1,3,1,-1,-3,-1,2,2,5,2,2,-2,-2,-5,-2,-2
0,1,8807,8810,26421,26422,26423,26426,26427,26428,52843,52844,52845,52846,52847,52850,52851,52852,52853,52854,1,-1,2,-2,1,3,1,-1,-3,-1,2,2,5,2,2,-2,-2,-5,-2,-2
0,1,8809,8812,26427,26428,26429,26432,26433,26434,52855,52856,52857,52858,52859,52862,52863,52864,52865,52866,1,-1,2,-2,1,3,1,-1,-3,-1,2,2,5,2,2,-2,-2,-5,-2,-2
0,1,8811,8814,26433,26434,26435,26438,26439,26440,52867,52868,52869,52870,52871,52874,52875,52876,52877,52878,1,-1,2,-2,1,3,1,-1,-3,-1,2,2,5,2,2,-2,-2,-5,-2,-2
0,1,8813,8816,26439,26440,26441,26444,26445,26446,52879,52880,52881,52882,52883,52886,52887,52888,52889,52890,1,-1,2,-2,1,3,1,-1,-3,-1,2,2,5,2,2,-2,-2,-5,-2,-2
0,1,8815,8818,26445,26446,26447,26450,26451,26452,52891,52892,52893,52894,52895,52898,52899,52900,52901,52902,1,-1,2,-2,1,3,1,-1,-3,-1,2,2,5,2,2,-2,-2,-5,-2,-2
0,1,8817,8820,26451,26452,26453,26456,26457,26458,52903,52904,52905,52906,52907,52910,52911,52912,52913,52914,1,-1,2,-2,1,3,1,-1,-3,-1,2,2,5,2,2,-2,-2,-5,-2,-2
0,1,8819,8822,26457,26458,26459,26462,26463,26464,52915,52916,52917,52918,52919,52922,52923,52924,52925,52926,1,-1,2,-2,1,3,1,-1,-3,-1,2,2,5,2,2,-2,-2,-5,-2,-2
0,1,8821,8824,26463,26464,26465,26468,26469,26470,52927,52928,52929,52930,52931,52934,52935,52936,52937,52938,1,-1,2,-2,1,3,1,-1,-3,-1,2,2,5,2,2,-2,-2,-5,-2,-2
0,1,8823,8826,26469,26470,26471,26474,26475,26476,52939,52940,52941,52942,52943,52946,52947,52948,52949,52950,1,-1,2,-2,1,3,1,-1,-3,-1,2,2,5,2,2,-2,-2,-5,-2,-2
0,1,8825,8828,26475,26476,26477,26480,26481,26482,52951,52952,52953,52954,52955,52958,52959,52960,52961,52962,1,-1,2,-2,1,3,1,-1,-3,-1,2,2,5,2,2,-2,-2,-5,-2,-2
0,1,8827,8830,26481,26482,26483,26486,26487,26488,52963,52964,52965,52966,52967,52970,52971,52972,52973,52974,1,-1,2,-2,1,3,1,-1,-3,-1,2,2,5,2,2,-2,-2,-5,-2,-2
0,1,8829,8832,26487,26488,26489,26492,26493,26494,52975,52976,52977,52978,52979,52982,52983,52984,52985,52986,1,-1,2,-2,1,3,1,-1,-3,-1,2,2,5,2,2,-2,-2,-5,-2,-2
0,1,8831,8834,26493,26494,26495,26498,26499,26500,52987,52988,52989,52990,52991,52994,52995,52996,52997,52998,1,-1,2,-2,1,3,1,-1,-3,-1,2,2,5,2,2,-2,-2,-5,-2,-2
0,1,8833,8836,26499,26500,26501,26504,26505,26506,52999,53000,53001,53002,53003,53006,53007,53008,53009,53010,1,-1,2,-2,1,3,1,-1,-3,-1,2,2,5,2,2,-2,-2,-5,-2,-2
0,1,8835,8838,26505,26506,26507,26510,26511,26512,53011,53012,53013,53014,53015,53018,53019,53020,53021,53022,1,-1,2,-2,1,3,1,-1,-3,-1,2,2,5,2,2,-2,-2,-5,-2,-2
0,1,8837,8840,26511,26512,26513,26516,26517,26518,53023,53024,53025,53026,53027,53030,53031,53032,53033,53034,1,-1,2,-2,1,3,1,-1,-3,-1,2,2,5,2,2,-2,-2,-5,-2,-2
0,1,8839,8842,26517,26518,26519,26522,26523,26524,53035,53036,53037,53038,53039,53042,53043,53044,53045,53046,1,-1,2,-2,1,3,1,-1,-3,-1,2,2,5,2,2,-2,-2,-5,-2,-2
0,1,8841,8844,26523,26524,26525,26528,26529,26530,53047,53048,53049,53050,53051,53054,53055,53056,53057,53058,1,-1,2,-2,1,3,1,-1,-3,-1,2,2,5,2,2,-2,-2,-5,-2,-2
0,1,8843,8846,26529,26530,26531,26534,26535,26536,53059,53060,53061,53062,53063,53066,53067,53068,53069,53070,1,-1,2,-2,1,3,1,-1,-3,-1,2,2,5,2,2,-2,-2,-5,-2,-2
0,1,8845,8848,26535,26536,26537,26540,26541,26542,53071,53072,53073,53074,53075,53078,53079,53080,53081,53082,1,-1,2,-2,1,3,1,-1,-3,-1,2,2,5,2,2,-2,-2,-5,-2,-2
0,1,8847,8850,26541,26542,26543,26546,26547,26548,53083,53084,53085,53086,53087,53090,53091,53092,53093,53094,1,-1,2,-2,1,3,1,-1,-3,-1,2,2,5,2,2,-2,-2,-5,-2,-2
0,1,8849,8852,26547,26548,26549,26552,26553,26554,53095,53096,53097,53098,53099,53102,53103,53104,53105,53106,1,-1,2,-2,1,3,1,-1,-3,-1,2,2,5,2,2,-2,-2,-5,-2,-2
0,1,8851,8854,26553,26554,26555,26558,26559,26560,53107,53108,53109,53110,53111,53114,53115,53116,53117,53118,1,-1,2,-2,1,3,1,-1,-3,-1,2,2,5,2,2,-2,-2,-5,-2,-2
0,1,8853,8856,26559,26560,26561,26564,26565,26566,53119,53120,53121,53122,53123,53126,53127,53128,53129,53130,1,-1,2,-2,1,3,1,-1,-3,-1,2,2,5,2,2,-2,-2,-5,-2,-2
0,1,8855,8858,26565,26566,26567,26570,26571,26572,53131,53132,53133,53134,53135,53138,53139,53140,53141,53142,1,-1,2,-2,1,3,1,-1,-3,-1,2,2,5,2,2,-2,-2,-5,-2,-2
0,1,8857,8860,26571,26572,26573,26576,26577,26578,53143,53144,53145,53146,53147,53150,53151,53152,53153,53154,1,-1,2,-2,1,3,1,-1,-3,-1,2,2,5,2,2,-2,-2,-5,-2,-2
0,1,8859,8862,26577,26578,26579,26582,26583,26584,53155,53156,53157,53158,53159,53162,53163,53164,53165,53166,1,-1,2,-2,1,3,1,-1,-3,-1,2,2,5,2,2,-2,-2,-5,-2,-2
0,1,8861,8864,26583,26584,26585,26588,26589,26590,53167,53168,53169,53170,53171,53174,53175,53176,53177,53178,1,-1,2,-2,1,3,1,-1,-3,-1,2,2,5,2,2,-2,-2,-5,-2,-2
0,1,8863,8866,26589,26590,26591,26594,26595,26596,53179,53180,53181,53182,53183,53186,53187,53188,53189,53190,1,-1,2,-2,1,3,1,-1,-3,-1,2,2,5,2,2,-2,-2,-5,-2,-2
0,1,8865,8868,26595,26596,26597,26600,26601,26602,53191,53192,53193,53194,53195,53198,53199,53200,53201,53202,1,-1,2,-2,1,3,1,-1,-3,-1,2,2,5,2,2,-2,-2,-5,-2,-2
0,1,8867,8870,26601,26602,26603,26606,26607,26608,53203,53204,53205,53206,53207,53210,53211,53212,53213,53214,1,-1,2,-2,1,3,1,-1,-3,-1,2,2,5,2,2,-2,-2,-5,-2,-2
0,1,8869,8872,26607,26608,26609,26612,26613,26614,53215,53216,53217,53218,53219,53222,53223,53224,53225,53226,1,-1,2,-2,1,3,1,-1,-3,-1,2,2,5,2,2,-2,-2,-5,-2,-2
0,1,8871,8874,26613,26614,26615,26618,26619,26620,53227,53228,53229,53230,53231,53234,53235,53236,53237,53238,1,-1,2,-2,1,3,1,-1,-3,-1,2,2,5,2,2,-2,-2,-5,-2,-2
0,1,8873,8876,26619,26620,26621,26624,26625,26626,53239,53240,53241,53242,53243,53246,53247,53248,53249,53250,1,-1,2,-2,1,3,1,-1,-3,-1,2,2,5,2,2,-2,-2,-5,-2,-2
0,1,8875,8878,26625,26626,26627,26630,26631,26632,53251,53252,53253,53254,53255,53258,53259,53260,53261,53262,1,-1,2,-2,1,3,1,-1,-3,-1,2,2,5,2,2,-2,-2,-5,-2,-2
0,1,8877,8880,26631,26632,26633,26636,26637,26638,53263,53264,53265,53266,53267,53270,53271,53272,53273,53274,1,-1,2,-2,1,3,1,-1,-3,-1,2,2,5,2,2,-2,-2,-5,-2,-2
0,1,8879,8882,26637,26638,26639,26642,26643,26644,53275,53276,53277,53278,53279,53282,53283,53284,53285,53286,1,-1,2,-2,1,3,1,-1,-3,-1,2,2,5,2,2,-2,-2,-5,-2,-2
0,1,8881,8884,26643,26644,26645,26648,26649,26650,53287,53288,53289,53290,53291,53294,53295,53296,53297,53298,1,-1,2,-2,1,3,1,-1,-3,-1,2,2,5,2,2,-2,-2,-5,-2,-2
0,1,8883,8886,26649,26650,26651,26654,26655,26656,53299,53300,53301,53302,53303,53306,53307,53308,53309,53310,1,-1,2,-2,1,3,1,-1,-3,-1,2,2,5,2,2,-2,-2,-5,-2,-2
0,1,8885,8888,26655,26656,26657,26660,26661,26662,53311,53312,53313,53314,53315,53318,53319,53320,53321,53322,1,-1,2,-2,1,3,1,-1,-3,-1,2,2,5,2,2,-2,-2,-5,-2,-2
0,1,8887,8890,26661,26662,26663,26666,26667,26668,53323,53324,53325,53326,53327,53330,53331,53332,53333,53334,1,-1,2,-2,1,3,1,-1,-3,-1,2,2,5,2,2,-2,-2,-5,-2,-2
0,1,8889,8892,26667,26668,26669,26672,26673,26674,53335,53336,53337,53338,53339,53342,53343,53344,53345,53346,1,-1,2,-2,1,3,1,-1,-3,-1,2,2,5,2,2,-2,-2,-5,-2,-2
0,1,8891,8894,26673,26674,26675,26678,26679,26680,53347,53348,53349,53350,53351,53354,53355,53356,53357,53358,1,-1,2,-2,1,3,1,-1,-3,-1,2,2,5,2,2,-2,-2,-5,-2,-2
0,1,8893,8896,26679,26680,26681,26684,26685,26686,53359,53360,53361,53362,53363,53366,53367,53368,53369,53370,1,-1,2,-2,1,3,1,-1,-3,-1,2,2,5,2,2,-2,-2,-5,-2,-2
0,1,8895,8898,26685,26686,26687,26690,26691,26692,53371,53372,53373,53374,53375,53378,53379,53380,53381,53382,1,-1,2,-2,1,3,1,-1,-3,-1,2,2,5,2,2,-2,-2,-5,-2,-2
0,1,8897,8900,26691,26692,26693,26696,26697,26698,53383,53384,53385,53386,53387,53390,53391,53392,53393,53394,1,-1,2,-2,1,3,1,-1,-3,-1,2,2,5,2,2,-2,-2,-5,-2,-2
0,1,8899,8902,26697,26698,26699,26702,26703,26704,53395,53396,53397,53398,53399,53402,53403,53404,53405,53406,1,-1,2,-2,1,3,1,-1,-3,-1,2,2,5,2,2,-2,-2,-5,-2,-2
0,1,8901,8904,26703,26704,26705,26708,26709,26710,53407,53408,53409,53410,53411,53414,53415,53416,53417,53418,1,-1,2,-2,1,3,1,-1,-3,-1,2,2,5,2,2,-2,-2,-5,-2,-2
0,1,8903,8906,26709,26710,26711,26714,26715,26716,53419,53420,53421,53422,53423,53426,53427,53428,53429,53430,1,-1,2,-2,1,3,1,-1,-3,-1,2,2,5,2,2,-2,-2,-5,-2,-2
0,1,8905,8908,26715,26716,26717,26720,26721,26722,53431,53432,53433,53434,53435,53438,53439,53440,53441,53442,1,-1,2,-2,1,3,1,-1,-3,-1,2,2,5,2,2,-2,-2,-5,-2,-2
0,1,8907,8910,26721,26722,26723,26726,26727,26728,53443,53444,53445,53446,53447,53450,53451,53452,53453,53454,1,-1,2,-2,1,3,1,-1,-3,-1,2,2,5,2,2,-2,-2,-5,-2,-2
0,1,8909,8912,26727,26728,26729,26732,26733,26734,53455,53456,53457,53458,53459,53462,53463,53464,53465,53466,1,-1,2,-2,1,3,1,-1,-3,-1,2,2,5,2,2,-2,-2,-5,-2,-2
0,1,8911,8914,26733,26734,26735,26738,26739,26740,53467,53468,53469,53470,53471,53474,53475,53476,53477,53478,1,-1,2,-2,1,3,1,-1,-3,-1,2,2,5,2,2,-2,-2,-5,-2,-2
0,1,8913,8916,26739,26740,26741,26744,26745,26746,53479,53480,53481,53482,53483,53486,53487,53488,53489,53490,1,-1,2,-2,1,3,1,-1,-3,-1,2,2,5,2,2,-2,-2,-5,-2,-2
0,1,8915,8918,26745,26746,26747,26750,26751,26752,53491,53492,53493,53494,53495,53498,53499,53500,53501,53502,1,-1,2,-2,1,3,1,-1,-3,-1,2,2,5,2,2,-2,-2,-5,-2,-2
0,1,8917,8920,26751,26752,26753,26756,26757,26758,53503,53504,53505,53506,53507,53510,53511,53512,53513,53514,1,-1,2,-2,1,3,1,-1,-3,-1,2,2,5,2,2,-2,-2,-5,-2,-2
0,1,8919,8922,26757,26758,26759,26762,26763,26764,53515,53516,53517,53518,53519,53522,53523,53524,53525,53526,1,-1,2,-2,1,3,1,-1,-3,-1,2,2,5,2,2,-2,-2,-5,-2,-2
0,1,8921,8924,26763,26764,26765,26768,26769,26770,53527,53528,53529,53530,53531,53534,53535,53536,53537,53538,1,-1,2,-2,1,3,1,-1,-3,-1,2,2,5,2,2,-2,-2,-5,-2,-2
0,1,8923,8926,26769,26770,26771,26774,26775,26776,53539,53540,53541,53542,53543,53546,53547,53548,53549,53550,1,-1,2,-2,1,3,1,-1,-3,-1,2,2,5,2,2,-2,-2,-5,-2,-2
0,1,8925,8928,26775,26776,26777,26780,26781,26782,53551,53552,53553,53554,53555,53558,53559,53560,53561,53562,1,-1,2,-2,1,3,1,-1,-3,-1,2,2,5,2,2,-2,-2,-5,-2,-2
0,1,8927,8930,26781,26782,26783,26786,26787,26788,53563,53564,53565,53566,53567,53570,53571,53572,53573,53574,1,-1,2,-2,1,3,1,-1,-3,-1,2,2,5,2,2,-2,-2,-5,-2,-2
0,1,8929,8932,26787,26788,26789,26792,26793,26794,53575,53576,53577,53578,53579,53582,53583,53584,53585,53586,1,-1,2,-2,1,3,1,-1,-3,-1,2,2,5,2,2,-2,-2,-5,-2,-2
0,1,8931,8934,26793,26794,26795,26798,26799,26800,53587,53588,53589,53590,53591,53594,53595,53596,53597,53598,1,-1,2,-2,1,3,1,-1,-3,-1,2,2,5,2,2,-2,-2,-5,-2,-2
0,1,8933,8936,26799,26800,26801,26804,26805,26806,53599,53600,53601,53602,53603,53606,53607,53608,53609,53610,1,-1,2,-2,1,3,1,-1,-3,-1,2,2,5,2,2,-2,-2,-5,-2,-2
0,1,8935,8938,26805,26806,26807,26810,26811,26812,53611,53612,53613,53614,53615,53618,53619,53620,53621,53622,1,-1,2,-2,1,3,1,-1,-3,-1,2,2,5,2,2,-2,-2,-5,-2,-2
0,1,8937,8940,26811,26812,26813,26816,26817,26818,53623,53624,53625,53626,53627,53630,53631,53632,53633,53634,1,-1,2,-2,1,3,1,-1,-3,-1,2,2,5,2,2,-2,-2,-5,-2,-2
0,1,8939,8942,26817,26818,26819,26822,26823,26824,53635,53636,53637,53638,53639,53642,53643,53644,53645,53646,1,-1,2,-2,1,3,1,-1,-3,-1,2,2,5,2,2,-2,-2,-5,-2,-2
0,1,8941,8944,26823,26824,26825,26828,26829,26830,53647,53648,53649,53650,53651,53654,53655,53656,53657,53658,1,-1,2,-2,1,3,1,-1,-3,-1,2,2,5,2,2,-2,-2,-5,-2,-2
0,1,8943,8946,26829,26830,26831,26834,26835,26836,53659,53660,53661,53662,53663,53666,53667,53668,53669,53670,1,-1,2,-2,1,3,1,-1,-3,-1,2,2,5,2,2,-2,-2,-5,-2,-2
0,1,8945,8948,26835,26836,26837,26840,26841,26842,53671,53672,53673,53674,53675,53678,53679,53680,53681,53682,1,-1,2,-2,1,3,1,-1,-3,-1,2,2,5,2,2,-2,-2,-5,-2,-2
0,1,8947,8950,26841,26842,26843,26846,26847,26848,53683,53684,53685,53686,53687,53690,53691,53692,53693,53694,1,-1,2,-2,1,3,1,-1,-3,-1,2,2,5,2,2,-2,-2,-5,-2,-2
0,1,8949,8952,26847,26848,26849,26852,26853,26854,53695,53696,53697,53698,53699,53702,53703,53704,53705,53706,1,-1,2,-2,1,3,1,-1,-3,-1,2,2,5,2,2,-2,-2,-5,-2,-2
0,1,8951,8954,26853,26854,26855,26858,26859,26860,53707,53708,53709,53710,53711,53714,53715,53716,53717,53718,1,-1,2,-2,1,3,1,-1,-3,-1,2,2,5,2,2,-2,-2,-5,-2,-2
0,1,8953,8956,26859,26860,26861,26864,26865,26866,53719,53720,53721,53722,53723,53726,53727,53728,53729,53730,1,-1,2,-2,1,3,1,-1,-3,-1,2,2,5,2,2,-2,-2,-5,-2,-2
0,1,8955,8958,26865,26866,26867,26870,26871,26872,53731,53732,53733,53734,53735,53738,53739,53740,53741,53742,1,-1,2,-2,1,3,1,-1,-3,-1,2,2,5,2,2,-2,-2,-5,-2,-2
0,1,8957,8960,26871,26872,26873,26876,26877,26878,53743,53744,53745,53746,53747,53750,53751,53752,53753,53754,1,-1,2,-2,1,3,1,-1,-3,-1,2,2,5,2,2,-2,-2,-5,-2,-2
0,1,8959,8962,26877,26878,26879,26882,26883,26884,53755,53756,53757,53758,53759,53762,53763,53764,53765,53766,1,-1,2,-2,1,3,1,-1,-3,-1,2,2,5,2,2,-2,-2,-5,-2,-2
0,1,8961,8964,26883,26884,26885,26888,26889,26890,53767,53768,53769,53770,53771,53774,53775,53776,53777,53778,1,-1,2,-2,1,3,1,-1,-3,-1,2,2,5,2,2,-2,-2,-5,-2,-2
0,1,8963,8966,26889,26890,26891,26894,26895,26896,53779,53780,53781,53782,53783,53786,53787,53788,53789,53790,1,-1,2,-2,1,3,1,-1,-3,-1,2,2,5,2,2,-2,-2,-5,-2,-2
0,1,8965,8968,26895,26896,26897,26900,26901,26902,53791,53792,53793,53794,53795,53798,53799,53800,53801,53802,1,-1,2,-2,1,3,1,-1,-3,-1,2,2,5,2,2,-2,-2,-5,-2,-2
0,1,8967,8970,26901,26902,26903,26906,26907,26908,53803,53804,53805,53806,53807,53810,53811,53812,53813,53814,1,-1,2,-2,1,3,1,-1,-3,-1,2,2,5,2,2,-2,-2,-5,-2,-2
0,1,8969,8972,26907,26908,26909,26912,26913,26914,53815,53816,53817,53818,53819,53822,53823,53824,53825,53826,1,-1,2,-2,1,3,1,-1,-3,-1,2,2,5,2,2,-2,-2,-5,-2,-2
0,1,8971,8974,26913,26914,26915,26918,26919,26920,53827,53828,53829,53830,53831,53834,53835,53836,53837,53838,1,-1,2,-2,1,3,1,-1,-3,-1,2,2,5,2,2,-2,-2,-5,-2,-2
0,1,8973,8976,26919,26920,26921,26924,26925,26926,53839,53840,53841,53842,53843,53846,53847,53848,53849,53850,1,-1,2,-2,1,3,1,-1,-3,-1,2,2,5,2,2,-2,-2,-5,-2,-2
0,1,8975,8978,26925,26926,26927,26930,26931,26932,53851,53852,53853,53854,53855,53858,53859,53860,53861,53862,1,-1,2,-2,1,3,1,-1,-3,-1,2,2,5,2,2,-2,-2,-5,-2,-2
0,1,8977,8980,26931,26932,26933,26936,26937,26938,53863,53864,53865,53866,53867,53870,53871,53872,53873,53874,1,-1,2,-2,1,3,1,-1,-3,-1,2,2,5,2,2,-2,-2,-5,-2,-2
0,1,8979,8982,26937,26938,26939,26942,26943,26944,53875,53876,53877,53878,53879,53882,53883,53884,53885,53886,1,-1,2,-2,1,3,1,-1,-3,-1,2,2,5,2,2,-2,-2,-5,-2,-2
0,1,8981,8984,26943,26944,26945,26948,26949,26950,53887,53888,53889,53890,53891,53894,53895,53896,53897,53898,1,-1,2,-2,1,3,1,-1,-3,-1,2,2,5,2,2,-2,-2,-5,-2,-2
0,1,8983,8986,26949,26950,26951,26954,26955,26956,53899,53900,53901,53902,53903,53906,53907,53908,53909,53910,1,-1,2,-2,1,3,1,-1,-3,-1,2,2,5,2,2,-2,-2,-5,-2,-2
0,1,8985,8988,26955,26956,26957,26960,26961,26962,53911,53912,53913,53914,53915,53918,53919,53920,53921,53922,1,-1,2,-2,1,3,1,-1,-3,-1,2,2,5,2,2,-2,-2,-5,-2,-2
0,1,8987,8990,26961,26962,26963,26966,26967,26968,53923,53924,53925,53926,53927,53930,53931,53932,53933,53934,1,-1,2,-2,1,3,1,-1,-3,-1,2,2,5,2,2,-2,-2,-5,-2,-2
0,1,8989,8992,26967,26968,26969,26972,26973,26974,53935,53936,53937,53938,53939,53942,53943,53944,53945,53946,1,-1,2,-2,1,3,1,-1,-3,-1,2,2,5,2,2,-2,-2,-5,-2,-2
0,1,8991,8994,26973,26974,26975,26978,26979,26980,53947,53948,53949,53950,53951,53954,53955,53956,53957,53958,1,-1,2,-2,1,3,1,-1,-3,-1,2,2,5,2,2,-2,-2,-5,-2,-2
0,1,8993,8996,26979,26980,26981,26984,26985,26986,53959,53960,53961,53962,53963,53966,53967,53968,53969,53970,1,-1,2,-2,1,3,1,-1,-3,-1,2,2,5,2,2,-2,-2,-5,-2,-2
0,1,8995,8998,26985,26986,26987,26990,26991,26992,53971,53972,53973,53974,53975,53978,53979,53980,53981,53982,1,-1,2,-2,1,3,1,-1,-3,-1,2,2,5,2,2,-2,-2,-5,-2,-2
0,1,8997,9000,26991,26992,26993,26996,26997,26998,53983,53984,53985,53986,53987,53990,53991,53992,53993,53994,1,-1,2,-2,1,3,1,-1,-3,-1,2,2,5,2,2,-2,-2,-5,-2,-2
0,1,8999,9002,26997,26998,26999,27002,27003,27004,53995,53996,53997,53998,53999,54002,54003,54004,54005,54006,1,-1,2,-2,1,3,1,-1,-3,-1,2,2,5,2,2,-2,-2,-5,-2,-2
0,1,9001,9004,27003,27004,27005,27008,27009,27010,54007,54008,54009,54010,54011,54014,54015,54016,54017,54018,1,-1,2,-2,1,3,1,-1,-3,-1,2,2,5,2,2,-2,-2,-5,-2,-2
0,1,9003,9006,27009,27010,27011,27014,27015,27016,54019,54020,54021,54022,54023,54026,54027,54028,54029,54030,1,-1,2,-2,1,3,1,-1,-3,-1,2,2,5,2,2,-2,-2,-5,-2,-2
0,1,9005,9008,27015,27016,27017,27020,27021,27022,54031,54032,54033,54034,54035,54038,54039,54040,54041,54042,1,-1,2,-2,1,3,1,-1,-3,-1,2,2,5,2,2,-2,-2,-5,-2,-2
0,1,9007,9010,27021,27022,27023,27026,27027,27028,54043,54044,54045,54046,54047,54050,54051,54052,54053,54054,1,-1,2,-2,1,3,1,-1,-3,-1,2,2,5,2,2,-2,-2,-5,-2,-2
0,1,9009,9012,27027,27028,27029,27032,27033,27034,54055,54056,54057,54058,54059,54062,54063,54064,54065,54066,1,-1,2,-2,1,3,1,-1,-3,-1,2,2,5,2,2,-2,-2,-5,-2,-2
0,1,9011,9014,27033,27034,27035,27038,27039,27040,54067,54068,54069,54070,54071,54074,54075,54076,54077,54078,1,-1,2,-2,1,3,1,-1,-3,-1,2,2,5,2,2,-2,-2,-5,-2,-2
0,1,9013,9016,27039,27040,27041,27044,27045,27046,54079,54080,54081,54082,54083,54086,54087,54088,54089,54090,1,-1,2,-2,1,3,1,-1,-3,-1,2,2,5,2,2,-2,-2,-5,-2,-2
0,1,9015,9018,27045,27046,27047,27050,27051,27052,54091,54092,54093,54094,54095,54098,54099,54100,54101,54102,1,-1,2,-2,1,3,1,-1,-3,-1,2,2,5,2,2,-2,-2,-5,-2,-2
0,1,9017,9020,27051,27052,27053,27056,27057,27058,54103,54104,54105,54106,54107,54110,54111,54112,54113,54114,1,-1,2,-2,1,3,1,-1,-3,-1,2,2,5,2,2,-2,-2,-5,-2,-2
0,1,9019,9022,27057,27058,27059,27062,27063,27064,54115,54116,54117,54118,54119,54122,54123,54124,54125,54126,1,-1,2,-2,1,3,1,-1,-3,-1,2,2,5,2,2,-2,-2,-5,-2,-2
0,1,9021,9024,27063,27064,27065,27068,27069,27070,54127,54128,54129,54130,54131,54134,54135,54136,54137,54138,1,-1,2,-2,1,3,1,-1,-3,-1,2,2,5,2,2,-2,-2,-5,-2,-2
0,1,9023,9026,27069,27070,27071,27074,27075,27076,54139,54140,54141,54142,54143,54146,54147,54148,54149,54150,1,-1,2,-2,1,3,1,-1,-3,-1,2,2,5,2,2,-2,-2,-5,-2,-2
0,1,9025,9028,27075,27076,27077,27080,27081,27082,54151,54152,54153,54154,54155,54158,54159,54160,54161,54162,1,-1,2,-2,1,3,1,-1,-3,-1,2,2,5,2,2,-2,-2,-5,-2,-2
0,1,9027,9030,27081,27082,27083,27086,27087,27088,54163,54164,54165,54166,54167,54170,54171,54172,54173,54174,1,-1,2,-2,1,3,1,-1,-3,-1,2,2,5,2,2,-2,-2,-5,-2,-2
0,1,9029,9032,27087,27088,27089,27092,27093,27094,54175,54176,54177,54178,54179,54182,54183,54184,54185,54186,1,-1,2,-2,1,3,1,-1,-3,-1,2,2,5,2,2,-2,-2,-5,-2,-2
0,1,9031,9034,27093,27094,27095,27098,27099,27100,54187,54188,54189,54190,54191,54194,54195,54196,54197,54198,1,-1,2,-2,1,3,1,-1,-3,-1,2,2,5,2,2,-2,-2,-5,-2,-2
0,1,9033,9036,27099,27100,27101,27104,27105,27106,54199,54200,54201,54202,54203,54206,54207,54208,54209,54210,1,-1,2,-2,1,3,1,-1,-3,-1,2,2,5,2,2,-2,-2,-5,-2,-2
0,1,9035,9038,27105,27106,27107,27110,27111,27112,54211,54212,54213,54214,54215,54218,54219,54220,54221,54222,1,-1,2,-2,1,3,1,-1,-3,-1,2,2,5,2,2,-2,-2,-5,-2,-2
0,1,9037,9040,27111,27112,27113,27116,27117,27118,54223,54224,54225,54226,54227,54230,54231,54232,54233,54234,1,-1,2,-2,1,3,1,-1,-3,-1,2,2,5,2,2,-2,-2,-5,-2,-2
0,1,9039,9042,27117,27118,27119,27122,27123,27124,54235,54236,54237,54238,54239,54242,54243,54244,54245,54246,1,-1,2,-2,1,3,1,-1,-3,-1,2,2,5,2,2,-2,-2,-5,-2,-2
0,1,9041,9044,27123,27124,27125,27128,27129,27130,54247,54248,54249,54250,54251,54254,54255,54256,54257,54258,1,-1,2,-2,1,3,1,-1,-3,-1,2,2,5,2,2,-2,-2,-5,-2,-2
0,1,9043,9046,27129,27130,27131,27134,27135,27136,54259,54260,54261,54262,54263,54266,54267,54268,54269,54270,1,-1,2,-2,1,3,1,-1,-3,-1,2,2,5,2,2,-2,-2,-5,-2,-2
0,1,9045,9048,27135,27136,27137,27140,27141,27142,54271,54272,54273,54274,54275,54278,54279,54280,54281,54282,1,-1,2,-2,1,3,1,-1,-3,-1,2,2,5,2,2,-2,-2,-5,-2,-2
0,1,9047,9050,27141,27142,27143,27146,27147,27148,54283,54284,54285,54286,54287,54290,54291,54292,54293,54294,1,-1,2,-2,1,3,1,-1,-3,-1,2,2,5,2,2,-2,-2,-5,-2,-2
0,1,9049,9052,27147,27148,27149,27152,27153,27154,54295,54296,54297,54298,54299,54302,54303,54304,54305,54306,1,-1,2,-2,1,3,1,-1,-3,-1,2,2,5,2,2,-2,-2,-5,-2,-2
0,1,9051,9054,27153,27154,27155,27158,27159,27160,54307,54308,54309,54310,54311,54314,54315,54316,54317,54318,1,-1,2,-2,1,3,1,-1,-3,-1,2,2,5,2,2,-2,-2,-5,-2,-2
0,1,9053,9056,27159,27160,27161,27164,27165,27166,54319,54320,54321,54322,54323,54326,54327,54328,54329,54330,1,-1,2,-2,1,3,1,-1,-3,-1,2,2,5,2,2,-2,-2,-5,-2,-2
0,1,9055,9058,27165,27166,27167,27170,27171,27172,54331,54332,54333,54334,54335,54338,54339,54340,54341,54342,1,-1,2,-2,1,3,1,-1,-3,-1,2,2,5,2,2,-2,-2,-5,-2,-2
0,1,9057,9060,27171,27172,27173,27176,27177,27178,54343,54344,54345,54346,54347,54350,54351,54352,54353,54354,1,-1,2,-2,1,3,1,-1,-3,-1,2,2,5,2,2,-2,-2,-5,-2,-2
0,1,9059,9062,27177,27178,27179,27182,27183,27184,54355,54356,54357,54358,54359,54362,54363,54364,54365,54366,1,-1,2,-2,1,3,1,-1,-3,-1,2,2,5,2,2,-2,-2,-5,-2,-2
0,1,9061,9064,27183,27184,27185,27188,27189,27190,54367,54368,54369,54370,54371,54374,54375,54376,54377,54378,1,-1,2,-2,1,3,1,-1,-3,-1,2,2,5,2,2,-2,-2,-5,-2,-2
0,1,9063,9066,27189,27190,27191,27194,27195,27196,54379,54380,54381,54382,54383,54386,54387,54388,54389,54390,1,-1,2,-2,1,3,1,-1,-3,-1,2,2,5,2,2,-2,-2,-5,-2,-2
0,1,9065,9068,27195,27196,27197,27200,27201,27202,54391,54392,54393,54394,54395,54398,54399,54400,54401,54402,1,-1,2,-2,1,3,1,-1,-3,-1,2,2,5,2,2,-2,-2,-5,-2,-2
0,1,9067,9070,27201,27202,27203,27206,27207,27208,54403,54404,54405,54406,54407,54410,54411,54412,54413,54414,1,-1,2,-2,1,3,1,-1,-3,-1,2,2,5,2,2,-2,-2,-5,-2,-2
0,1,9069,9072,27207,27208,27209,27212,27213,27214,54415,54416,54417,54418,54419,54422,54423,54424,54425,54426,1,-1,2,-2,1,3,1,-1,-3,-1,2,2,5,2,2,-2,-2,-5,-2,-2
0,1,9071,9074,27213,27214,27215,27218,27219,27220,54427,54428,54429,54430,54431,54434,54435,54436,54437,54438,1,-1,2,-2,1,3,1,-1,-3,-1,2,2,5,2,2,-2,-2,-5,-2,-2
0,1,9073,9076,27219,27220,27221,27224,27225,27226,54439,54440,54441,54442,54443,54446,54447,54448,54449,54450,1,-1,2,-2,1,3,1,-1,-3,-1,2,2,5,2,2,-2,-2,-5,-2,-2
0,1,9075,9078,27225,27226,27227,27230,27231,27232,54451,54452,54453,54454,54455,54458,54459,54460,54461,54462,1,-1,2,-2,1,3,1,-1,-3,-1,2,2,5,2,2,-2,-2,-5,-2,-2
0,1,9077,9080,27231,27232,27233,27236,27237,27238,54463,54464,54465,54466,54467,54470,54471,54472,54473,54474,1,-1,2,-2,1,3,1,-1,-3,-1,2,2,5,2,2,-2,-2,-5,-2,-2
0,1,9079,9082,27237,27238,27239,27242,27243,27244,54475,54476,54477,54478,54479,54482,54483,54484,54485,54486,1,-1,2,-2,1,3,1,-1,-3,-1,2,2,5,2,2,-2,-2,-5,-2,-2
0,1,9081,9084,27243,27244,27245,27248,27249,27250,54487,54488,54489,54490,54491,54494,54495,54496,54497,54498,1,-1,2,-2,1,3,1,-1,-3,-1,2,2,5,2,2,-2,-2,-5,-2,-2
0,1,9083,9086,27249,27250,27251,27254,27255,27256,54499,54500,54501,54502,54503,54506,54507,54508,54509,54510,1,-1,2,-2,1,3,1,-1,-3,-1,2,2,5,2,2,-2,-2,-5,-2,-2
0,1,9085,9088,27255,27256,27257,27260,27261,27262,54511,54512,54513,54514,54515,54518,54519,54520,54521,54522,1,-1,2,-2,1,3,1,-1,-3,-1,2,2,5,2,2,-2,-2,-5,-2,-2
0,1,9087,9090,27261,27262,27263,27266,27267,27268,54523,54524,54525,54526,54527,54530,54531,54532,54533,54534,1,-1,2,-2,1,3,1,-1,-3,-1,2,2,5,2,2,-2,-2,-5,-2,-2
0,1,9089,9092,27267,27268,27269,27272,27273,27274,54535,54536,54537,54538,54539,54542,54543,54544,54545,54546,1,-1,2,-2,1,3,1,-1,-3,-1,2,2,5,2,2,-2,-2,-5,-2,-2
0,1,9091,9094,27273,27274,27275,27278,27279,27280,54547,54548,54549,54550,54551,54554,54555,54556,54557,54558,1,-1,2,-2,1,3,1,-1,-3,-1,2,2,5,2,2,-2,-2,-5,-2,-2
0,1,9093,9096,27279,27280,27281,27284,27285,27286,54559,54560,54561,54562,54563,54566,54567,54568,54569,54570,1,-1,2,-2,1,3,1,-1,-3,-1,2,2,5,2,2,-2,-2,-5,-2,-2
0,1,9095,9098,27285,27286,27287,27290,27291,27292,54571,54572,54573,54574,54575,54578,54579,54580,54581,54582,1,-1,2,-2,1,3,1,-1,-3,-1,2,2,5,2,2,-2,-2,-5,-2,-2
0,1,9097,9100,27291,27292,27293,27296,27297,27298,54583,54584,54585,54586,54587,54590,54591,54592,54593,54594,1,-1,2,-2,1,3,1,-1,-3,-1,2,2,5,2,2,-2,-2,-5,-2,-2
0,1,9099,9102,27297,27298,27299,27302,27303,27304,54595,54596,54597,54598,54599,54602,54603,54604,54605,54606,1,-1,2,-2,1,3,1,-1,-3,-1,2,2,5,2,2,-2,-2,-5,-2,-2
0,1,9101,9104,27303,27304,27305,27308,27309,27310,54607,54608,54609,54610,54611,54614,54615,54616,54617,54618,1,-1,2,-2,1,3,1,-1,-3,-1,2,2,5,2,2,-2,-2,-5,-2,-2
0,1,9103,9106,27309,27310,27311,27314,27315,27316,54619,54620,54621,54622,54623,54626,54627,54628,54629,54630,1,-1,2,-2,1,3,1,-1,-3,-1,2,2,5,2,2,-2,-2,-5,-2,-2
0,1,9105,9108,27315,27316,27317,27320,27321,27322,54631,54632,54633,54634,54635,54638,54639,54640,54641,54642,1,-1,2,-2,1,3,1,-1,-3,-1,2,2,5,2,2,-2,-2,-5,-2,-2
0,1,9107,9110,27321,27322,27323,27326,27327,27328,54643,54644,54645,54646,54647,54650,54651,54652,54653,54654,1,-1,2,-2,1,3,1,-1,-3,-1,2,2,5,2,2,-2,-2,-5,-2,-2
0,1,9109,9112,27327,27328,27329,27332,27333,27334,54655,54656,54657,54658,54659,54662,54663,54664,54665,54666,1,-1,2,-2,1,3,1,-1,-3,-1,2,2,5,2,2,-2,-2,-5,-2,-2
0,1,9111,9114,27333,27334,27335,27338,27339,27340,54667,54668,54669,54670,54671,54674,54675,54676,54677,54678,1,-1,2,-2,1,3,1,-1,-3,-1,2,2,5,2,2,-2,-2,-5,-2,-2
0,1,9113,9116,27339,27340,27341,27344,27345,27346,54679,54680,54681,54682,54683,54686,54687,54688,54689,54690,1,-1,2,-2,1,3,1,-1,-3,-1,2,2,5,2,2,-2,-2,-5,-2,-2
0,1,9115,9118,27345,27346,27347,27350,27351,27352,54691,54692,54693,54694,54695,54698,54699,54700,54701,54702,1,-1,2,-2,1,3,1,-1,-3,-1,2,2,5,2,2,-2,-2,-5,-2,-2
0,1,9117,9120,27351,27352,27353,27356,27357,27358,54703,54704,54705,54706,54707,54710,54711,54712,54713,54714,1,-1,2,-2,1,3,1,-1,-3,-1,2,2,5,2,2,-2,-2,-5,-2,-2
0,1,9119,9122,27357,27358,27359,27362,27363,27364,54715,54716,54717,54718,54719,54722,54723,54724,54725,54726,1,-1,2,-2,1,3,1,-1,-3,-1,2,2,5,2,2,-2,-2,-5,-2,-2
0,1,9121,9124,27363,27364,27365,27368,27369,27370,54727,54728,54729,54730,54731,54734,54735,54736,54737,54738,1,-1,2,-2,1,3,1,-1,-3,-1,2,2,5,2,2,-2,-2,-5,-2,-2
0,1,9123,9126,27369,27370,27371,27374,27375,27376,54739,54740,54741,54742,54743,54746,54747,54748,54749,54750,1,-1,2,-2,1,3,1,-1,-3,-1,2,2,5,2,2,-2,-2,-5,-2,-2
0,1,9125,9128,27375,27376,27377,27380,27381,27382,54751,54752,54753,54754,54755,54758,54759,54760,54761,54762,1,-1,2,-2,1,3,1,-1,-3,-1,2,2,5,2,2,-2,-2,-5,-2,-2
0,1,9127,9130,27381,27382,27383,27386,27387,27388,54763,54764,54765,54766,54767,54770,54771,54772,54773,54774,1,-1,2,-2,1,3,1,-1,-3,-1,2,2,5,2,2,-2,-2,-5,-2,-2
0,1,9129,9132,27387,27388,27389,27392,27393,27394,54775,54776,54777,54778,54779,54782,54783,54784,54785,54786,1,-1,2,-2,1,3,1,-1,-3,-1,2,2,5,2,2,-2,-2,-5,-2,-2
0,1,9131,9134,27393,27394,27395,27398,27399,27400,54787,54788,54789,54790,54791,54794,54795,54796,54797,54798,1,-1,2,-2,1,3,1,-1,-3,-1,2,2,5,2,2,-2,-2,-5,-2,-2
0,1,9133,9136,27399,27400,27401,27404,27405,27406,54799,54800,54801,54802,54803,54806,54807,54808,54809,54810,1,-1,2,-2,1,3,1,-1,-3,-1,2,2,5,2,2,-2,-2,-5,-2,-2
0,1,9135,9138,27405,27406,27407,27410,27411,27412,54811,54812,54813,54814,54815,54818,54819,54820,54821,54822,1,-1,2,-2,1,3,1,-1,-3,-1,2,2,5,2,2,-2,-2,-5,-2,-2
0,1,9137,9140,27411,27412,27413,27416,27417,27418,54823,54824,54825,54826,54827,54830,54831,54832,54833,54834,1,-1,2,-2,1,3,1,-1,-3,-1,2,2,5,2,2,-2,-2,-5,-2,-2
0,1,9139,9142,27417,27418,27419,27422,27423,27424,54835,54836,54837,54838,54839,54842,54843,54844,54845,54846,1,-1,2,-2,1,3,1,-1,-3,-1,2,2,5,2,2,-2,-2,-5,-2,-2
0,1,9141,9144,27423,27424,27425,27428,27429,27430,54847,54848,54849,54850,54851,54854,54855,54856,54857,54858,1,-1,2,-2,1,3,1,-1,-3,-1,2,2,5,2,2,-2,-2,-5,-2,-2
0,1,9143,9146,27429,27430,27431,27434,27435,27436,54859,54860,54861,54862,54863,54866,54867,54868,54869,54870,1,-1,2,-2,1,3,1,-1,-3,-1,2,2,5,2,2,-2,-2,-5,-2,-2
0,1,9145,9148,27435,27436,27437,27440,27441,27442,54871,54872,54873,54874,54875,54878,54879,54880,54881,54882,1,-1,2,-2,1,3,1,-1,-3,-1,2,2,5,2,2,-2,-2,-5,-2,-2
0,1,9147,9150,27441,27442,27443,27446,27447,27448,54883,54884,54885,54886,54887,54890,54891,54892,54893,54894,1,-1,2,-2,1,3,1,-1,-3,-1,2,2,5,2,2,-2,-2,-5,-2,-2
0,1,9149,9152,27447,27448,27449,27452,27453,27454,54895,54896,54897,54898,54899,54902,54903,54904,54905,54906,1,-1,2,-2,1,3,1,-1,-3,-1,2,2,5,2,2,-2,-2,-5,-2,-2
0,1,9151,9154,27453,27454,27455,27458,27459,27460,54907,54908,54909,54910,54911,54914,54915,54916,54917,54918,1,-1,2,-2,1,3,1,-1,-3,-1,2,2,5,2,2,-2,-2,-5,-2,-2
0,1,9153,9156,27459,27460,27461,27464,27465,27466,54919,54920,54921,54922,54923,54926,54927,54928,54929,54930,1,-1,2,-2,1,3,1,-1,-3,-1,2,2,5,2,2,-2,-2,-5,-2,-2
0,1,9155,9158,27465,27466,27467,27470,27471,27472,54931,54932,54933,54934,54935,54938,54939,54940,54941,54942,1,-1,2,-2,1,3,1,-1,-3,-1,2,2,5,2,2,-2,-2,-5,-2,-2
0,1,9157,9160,27471,27472,27473,27476,27477,27478,54943,54944,54945,54946,54947,54950,54951,54952,54953,54954,1,-1,2,-2,1,3,1,-1,-3,-1,2,2,5,2,2,-2,-2,-5,-2,-2
0,1,9159,9162,27477,27478,27479,27482,27483,27484,54955,54956,54957,54958,54959,54962,54963,54964,54965,54966,1,-1,2,-2,1,3,1,-1,-3,-1,2,2,5,2,2,-2,-2,-5,-2,-2
0,1,9161,9164,27483,27484,27485,27488,27489,27490,54967,54968,54969,54970,54971,54974,54975,54976,54977,54978,1,-1,2,-2,1,3,1,-1,-3,-1,2,2,5,2,2,-2,-2,-5,-2,-2
0,1,9163,9166,27489,27490,27491,27494,27495,27496,54979,54980,54981,54982,54983,54986,54987,54988,54989,54990,1,-1,2,-2,1,3,1,-1,-3,-1,2,2,5,2,2,-2,-2,-5,-2,-2
0,1,9165,9168,27495,27496,27497,27500,27501,27502,54991,54992,54993,54994,54995,54998,54999,55000,55001,55002,1,-1,2,-2,1,3,1,-1,-3,-1,2,2,5,2,2,-2,-2,-5,-2,-2
0,1,9167,9170,27501,27502,27503,27506,27507,27508,55003,55004,55005,55006,55007,55010,55011,55012,55013,55014,1,-1,2,-2,1,3,1,-1,-3,-1,2,2,5,2,2,-2,-2,-5,-2,-2
0,1,9169,9172,27507,27508,27509,27512,27513,27514,55015,55016,55017,55018,55019,55022,55023,55024,55025,55026,1,-1,2,-2,1,3,1,-1,-3,-1,2,2,5,2,2,-2,-2,-5,-2,-2
0,1,9171,9174,27513,27514,27515,27518,27519,27520,55027,55028,55029,55030,55031,55034,55035,55036,55037,55038,1,-1,2,-2,1,3,1,-1,-3,-1,2,2,5,2,2,-2,-2,-5,-2,-2
0,1,9173,9176,27519,27520,27521,27524,27525,27526,55039,55040,55041,55042,55043,55046,55047,55048,55049,55050,1,-1,2,-2,1,3,1,-1,-3,-1,2,2,5,2,2,-2,-2,-5,-2,-2
0,1,9175,9178,27525,27526,27527,27530,27531,27532,55051,55052,55053,55054,55055,55058,55059,55060,55061,55062,1,-1,2,-2,1,3,1,-1,-3,-1,2,2,5,2,2,-2,-2,-5,-2,-2
0,1,9177,9180,27531,27532,27533,27536,27537,27538,55063,55064,55065,55066,55067,55070,55071,55072,55073,55074,1,-1,2,-2,1,3,1,-1,-3,-1,2,2,5,2,2,-2,-2,-5,-2,-2
0,1,9179,9182,27537,27538,27539,27542,27543,27544,55075,55076,55077,55078,55079,55082,55083,55084,55085,55086,1,-1,2,-2,1,3,1,-1,-3,-1,2,2,5,2,2,-2,-2,-5,-2,-2
0,1,9181,9184,27543,27544,27545,27548,27549,27550,55087,55088,55089,55090,55091,55094,55095,55096,55097,55098,1,-1,2,-2,1,3,1,-1,-3,-1,2,2,5,2,2,-2,-2,-5,-2,-2
0,1,9183,9186,27549,27550,27551,27554,27555,27556,55099,55100,55101,55102,55103,55106,55107,55108,55109,55110,1,-1,2,-2,1,3,1,-1,-3,-1,2,2,5,2,2,-2,-2,-5,-2,-2
0,1,9185,9188,27555,27556,27557,27560,27561,27562,55111,55112,55113,55114,55115,55118,55119,55120,55121,55122,1,-1,2,-2,1,3,1,-1,-3,-1,2,2,5,2,2,-2,-2,-5,-2,-2
0,1,9187,9190,27561,27562,27563,27566,27567,27568,55123,55124,55125,55126,55127,55130,55131,55132,55133,55134,1,-1,2,-2,1,3,1,-1,-3,-1,2,2,5,2,2,-2,-2,-5,-2,-2
0,1,9189,9192,27567,27568,27569,27572,27573,27574,55135,55136,55137,55138,55139,55142,55143,55144,55145,55146,1,-1,2,-2,1,3,1,-1,-3,-1,2,2,5,2,2,-2,-2,-5,-2,-2
0,1,9191,9194,27573,27574,27575,27578,27579,27580,55147,55148,55149,55150,55151,55154,55155,55156,55157,55158,1,-1,2,-2,1,3,1,-1,-3,-1,2,2,5,2,2,-2,-2,-5,-2,-2
0,1,9193,9196,27579,27580,27581,27584,27585,27586,55159,55160,55161,55162,55163,55166,55167,55168,55169,55170,1,-1,2,-2,1,3,1,-1,-3,-1,2,2,5,2,2,-2,-2,-5,-2,-2
0,1,9195,9198,27585,27586,27587,27590,27591,27592,55171,55172,55173,55174,55175,55178,55179,55180,55181,55182,1,-1,2,-2,1,3,1,-1,-3,-1,2,2,5,2,2,-2,-2,-5,-2,-2
0,1,9197,9200,27591,27592,27593,27596,27597,27598,55183,55184,55185,55186,55187,55190,55191,55192,55193,55194,1,-1,2,-2,1,3,1,-1,-3,-1,2,2,5,2,2,-2,-2,-5,-2,-2
0,1,9199,9202,27597,27598,27599,27602,27603,27604,55195,55196,55197,55198,55199,55202,55203,55204,55205,55206,1,-1,2,-2,1,3,1,-1,-3,-1,2,2,5,2,2,-2,-2,-5,-2,-2
0,1,9201,9204,27603,27604,27605,27608,27609,27610,55207,55208,55209,55210,55211,55214,55215,55216,55217,55218,1,-1,2,-2,1,3,1,-1,-3,-1,2,2,5,2,2,-2,-2,-5,-2,-2
0,1,9203,9206,27609,27610,27611,27614,27615,27616,55219,55220,55221,55222,55223,55226,55227,55228,55229,55230,1,-1,2,-2,1,3,1,-1,-3,-1,2,2,5,2,2,-2,-2,-5,-2,-2
0,1,9205,9208,27615,27616,27617,27620,27621,27622,55231,55232,55233,55234,55235,55238,55239,55240,55241,55242,1,-1,2,-2,1,3,1,-1,-3,-1,2,2,5,2,2,-2,-2,-5,-2,-2
0,1,9207,9210,27621,27622,27623,27626,27627,27628,55243,55244,55245,55246,55247,55250,55251,55252,55253,55254,1,-1,2,-2,1,3,1,-1,-3,-1,2,2,5,2,2,-2,-2,-5,-2,-2
0,1,9209,9212,27627,27628,27629,27632,27633,27634,55255,55256,55257,55258,55259,55262,55263,55264,55265,55266,1,-1,2,-2,1,3,1,-1,-3,-1,2,2,5,2,2,-2,-2,-5,-2,-2
0,1,9211,9214,27633,27634,27635,27638,27639,27640,55267,55268,55269,55270,55271,55274,55275,55276,55277,55278,1,-1,2,-2,1,3,1,-1,-3,-1,2,2,5,2,2,-2,-2,-5,-2,-2
0,1,9213,9216,27639,27640,27641,27644,27645,27646,55279,55280,55281,55282,55283,55286,55287,55288,55289,55290,1,-1,2,-2,1,3,1,-1,-3,-1,2,2,5,2,2,-2,-2,-5,-2,-2
0,1,9215,9218,27645,27646,27647,27650,27651,27652,55291,55292,55293,55294,55295,55298,55299,55300,55301,55302,1,-1,2,-2,1,3,1,-1,-3,-1,2,2,5,2,2,-2,-2,-5,-2,-2
0,1,9217,9220,27651,27652,27653,27656,27657,27658,55303,55304,55305,55306,55307,55310,55311,55312,55313,55314,1,-1,2,-2,1,3,1,-1,-3,-1,2,2,5,2,2,-2,-2,-5,-2,-2
0,1,9219,9222,27657,27658,27659,27662,27663,27664,55315,55316,55317,55318,55319,55322,55323,55324,55325,55326,1,-1,2,-2,1,3,1,-1,-3,-1,2,2,5,2,2,-2,-2,-5,-2,-2
0,1,9221,9224,27663,27664,27665,27668,27669,27670,55327,55328,55329,55330,55331,55334,55335,55336,55337,55338,1,-1,2,-2,1,3,1,-1,-3,-1,2,2,5,2,2,-2,-2,-5,-2,-2
0,1,9223,9226,27669,27670,27671,27674,27675,27676,55339,55340,55341,55342,55343,55346,55347,55348,55349,55350,1,-1,2,-2,1,3,1,-1,-3,-1,2,2,5,2,2,-2,-2,-5,-2,-2
0,1,9225,9228,27675,27676,27677,27680,27681,27682,55351,55352,55353,55354,55355,55358,55359,55360,55361,55362,1,-1,2,-2,1,3,1,-1,-3,-1,2,2,5,2,2,-2,-2,-5,-2,-2
0,1,9227,9230,27681,27682,27683,27686,27687,27688,55363,55364,55365,55366,55367,55370,55371,55372,55373,55374,1,-1,2,-2,1,3,1,-1,-3,-1,2,2,5,2,2,-2,-2,-5,-2,-2
0,1,9229,9232,27687,27688,27689,27692,27693,27694,55375,55376,55377,55378,55379,55382,55383,55384,55385,55386,1,-1,2,-2,1,3,1,-1,-3,-1,2,2,5,2,2,-2,-2,-5,-2,-2
0,1,9231,9234,27693,27694,27695,27698,27699,27700,55387,55388,55389,55390,55391,55394,55395,55396,55397,55398,1,-1,2,-2,1,3,1,-1,-3,-1,2,2,5,2,2,-2,-2,-5,-2,-2
0,1,9233,9236,27699,27700,27701,27704,27705,27706,55399,55400,55401,55402,55403,55406,55407,55408,55409,55410,1,-1,2,-2,1,3,1,-1,-3,-1,2,2,5,2,2,-2,-2,-5,-2,-2
0,1,9235,9238,27705,27706,27707,27710,27711,27712,55411,55412,55413,55414,55415,55418,55419,55420,55421,55422,1,-1,2,-2,1,3,1,-1,-3,-1,2,2,5,2,2,-2,-2,-5,-2,-2
0,1,9237,9240,27711,27712,27713,27716,27717,27718,55423,55424,55425,55426,55427,55430,55431,55432,55433,55434,1,-1,2,-2,1,3,1,-1,-3,-1,2,2,5,2,2,-2,-2,-5,-2,-2
0,1,9239,9242,27717,27718,27719,27722,27723,27724,55435,55436,55437,55438,55439,55442,55443,55444,55445,55446,1,-1,2,-2,1,3,1,-1,-3,-1,2,2,5,2,2,-2,-2,-5,-2,-2
0,1,9241,9244,27723,27724,27725,27728,27729,27730,55447,55448,55449,55450,55451,55454,55455,55456,55457,55458,1,-1,2,-2,1,3,1,-1,-3,-1,2,2,5,2,2,-2,-2,-5,-2,-2
0,1,9243,9246,27729,27730,27731,27734,27735,27736,55459,55460,55461,55462,55463,55466,55467,55468,55469,55470,1,-1,2,-2,1,3,1,-1,-3,-1,2,2,5,2,2,-2,-2,-5,-2,-2
0,1,9245,9248,27735,27736,27737,27740,27741,27742,55471,55472,55473,55474,55475,55478,55479,55480,55481,55482,1,-1,2,-2,1,3,1,-1,-3,-1,2,2,5,2,2,-2,-2,-5,-2,-2
0,1,9247,9250,27741,27742,27743,27746,27747,27748,55483,55484,55485,55486,55487,55490,55491,55492,55493,55494,1,-1,2,-2,1,3,1,-1,-3,-1,2,2,5,2,2,-2,-2,-5,-2,-2
0,1,9249,9252,27747,27748,27749,27752,27753,27754,55495,55496,55497,55498,55499,55502,55503,55504,55505,55506,1,-1,2,-2,1,3,1,-1,-3,-1,2,2,5,2,2,-2,-2,-5,-2,-2
0,1,9251,9254,27753,27754,27755,27758,27759,27760,55507,55508,55509,55510,55511,55514,55515,55516,55517,55518,1,-1,2,-2,1,3,1,-1,-3,-1,2,2,5,2,2,-2,-2,-5,-2,-2
0,1,9253,9256,27759,27760,27761,27764,27765,27766,55519,55520,55521,55522,55523,55526,55527,55528,55529,55530,1,-1,2,-2,1,3,1,-1,-3,-1,2,2,5,2,2,-2,-2,-5,-2,-2
0,1,9255,9258,27765,27766,27767,27770,27771,27772,55531,55532,55533,55534,55535,55538,55539,55540,55541,55542,1,-1,2,-2,1,3,1,-1,-3,-1,2,2,5,2,2,-2,-2,-5,-2,-2
0,1,9257,9260,27771,27772,27773,27776,27777,27778,55543,55544,55545,55546,55547,55550,55551,55552,55553,55554,1,-1,2,-2,1,3,1,-1,-3,-1,2,2,5,2,2,-2,-2,-5,-2,-2
0,1,9259,9262,27777,27778,27779,27782,27783,27784,55555,55556,55557,55558,55559,55562,55563,55564,55565,55566,1,-1,2,-2,1,3,1,-1,-3,-1,2,2,5,2,2,-2,-2,-5,-2,-2
0,1,9261,9264,27783,27784,27785,27788,27789,27790,55567,55568,55569,55570,55571,55574,55575,55576,55577,55578,1,-1,2,-2,1,3,1,-1,-3,-1,2,2,5,2,2,-2,-2,-5,-2,-2
0,1,9263,9266,27789,27790,27791,27794,27795,27796,55579,55580,55581,55582,55583,55586,55587,55588,55589,55590,1,-1,2,-2,1,3,1,-1,-3,-1,2,2,5,2,2,-2,-2,-5,-2,-2
0,1,9265,9268,27795,27796,27797,27800,27801,27802,55591,55592,55593,55594,55595,55598,55599,55600,55601,55602,1,-1,2,-2,1,3,1,-1,-3,-1,2,2,5,2,2,-2,-2,-5,-2,-2
0,1,9267,9270,27801,27802,27803,27806,27807,27808,55603,55604,55605,55606,55607,55610,55611,55612,55613,55614,1,-1,2,-2,1,3,1,-1,-3,-1,2,2,5,2,2,-2,-2,-5,-2,-2
0,1,9269,9272,27807,27808,27809,27812,27813,27814,55615,55616,55617,55618,55619,55622,55623,55624,55625,55626,1,-1,2,-2,1,3,1,-1,-3,-1,2,2,5,2,2,-2,-2,-5,-2,-2
0,1,9271,9274,27813,27814,27815,27818,27819,27820,55627,55628,55629,55630,55631,55634,55635,55636,55637,55638,1,-1,2,-2,1,3,1,-1,-3,-1,2,2,5,2,2,-2,-2,-5,-2,-2
0,1,9273,9276,27819,27820,27821,27824,27825,27826,55639,55640,55641,55642,55643,55646,55647,55648,55649,55650,1,-1,2,-2,1,3,1,-1,-3,-1,2,2,5,2,2,-2,-2,-5,-2,-2
0,1,9275,9278,27825,27826,27827,27830,27831,27832,55651,55652,55653,55654,55655,55658,55659,55660,55661,55662,1,-1,2,-2,1,3,1,-1,-3,-1,2,2,5,2,2,-2,-2,-5,-2,-2
0,1,9277,9280,27831,27832,27833,27836,27837,27838,55663,55664,55665,55666,55667,55670,55671,55672,55673,55674,1,-1,2,-2,1,3,1,-1,-3,-1,2,2,5,2,2,-2,-2,-5,-2,-2
0,1,9279,9282,27837,27838,27839,27842,27843,27844,55675,55676,55677,55678,55679,55682,55683,55684,55685,55686,1,-1,2,-2,1,3,1,-1,-3,-1,2,2,5,2,2,-2,-2,-5,-2,-2
0,1,9281,9284,27843,27844,27845,27848,27849,27850,55687,55688,55689,55690,55691,55694,55695,55696,55697,55698,1,-1,2,-2,1,3,1,-1,-3,-1,2,2,5,2,2,-2,-2,-5,-2,-2
0,1,9283,9286,27849,27850,27851,27854,27855,27856,55699,55700,55701,55702,55703,55706,55707,55708,55709,55710,1,-1,2,-2,1,3,1,-1,-3,-1,2,2,5,2,2,-2,-2,-5,-2,-2
0,1,9285,9288,27855,27856,27857,27860,27861,27862,55711,55712,55713,55714,55715,55718,55719,55720,55721,55722,1,-1,2,-2,1,3,1,-1,-3,-1,2,2,5,2,2,-2,-2,-5,-2,-2
0,1,9287,9290,27861,27862,27863,27866,27867,27868,55723,55724,55725,55726,55727,55730,55731,55732,55733,55734,1,-1,2,-2,1,3,1,-1,-3,-1,2,2,5,2,2,-2,-2,-5,-2,-2
0,1,9289,9292,27867,27868,27869,27872,27873,27874,55735,55736,55737,55738,55739,55742,55743,55744,55745,55746,1,-1,2,-2,1,3,1,-1,-3,-1,2,2,5,2,2,-2,-2,-5,-2,-2
0,1,9291,9294,27873,27874,27875,27878,27879,27880,55747,55748,55749,55750,55751,55754,55755,55756,55757,55758,1,-1,2,-2,1,3,1,-1,-3,-1,2,2,5,2,2,-2,-2,-5,-2,-2
0,1,9293,9296,27879,27880,27881,27884,27885,27886,55759,55760,55761,55762,55763,55766,55767,55768,55769,55770,1,-1,2,-2,1,3,1,-1,-3,-1,2,2,5,2,2,-2,-2,-5,-2,-2
0,1,9295,9298,27885,27886,27887,27890,27891,27892,55771,55772,55773,55774,55775,55778,55779,55780,55781,55782,1,-1,2,-2,1,3,1,-1,-3,-1,2,2,5,2,2,-2,-2,-5,-2,-2
0,1,9297,9300,27891,27892,27893,27896,27897,27898,55783,55784,55785,55786,55787,55790,55791,55792,55793,55794,1,-1,2,-2,1,3,1,-1,-3,-1,2,2,5,2,2,-2,-2,-5,-2,-2
0,1,9299,9302,27897,27898,27899,27902,27903,27904,55795,55796,55797,55798,55799,55802,55803,55804,55805,55806,1,-1,2,-2,1,3,1,-1,-3,-1,2,2,5,2,2,-2,-2,-5,-2,-2
0,1,9301,9304,27903,27904,27905,27908,27909,27910,55807,55808,55809,55810,55811,55814,55815,55816,55817,55818,1,-1,2,-2,1,3,1,-1,-3,-1,2,2,5,2,2,-2,-2,-5,-2,-2
0,1,9303,9306,27909,27910,27911,27914,27915,27916,55819,55820,55821,55822,55823,55826,55827,55828,55829,55830,1,-1,2,-2,1,3,1,-1,-3,-1,2,2,5,2,2,-2,-2,-5,-2,-2
0,1,9305,9308,27915,27916,27917,27920,27921,27922,55831,55832,55833,55834,55835,55838,55839,55840,55841,55842,1,-1,2,-2,1,3,1,-1,-3,-1,2,2,5,2,2,-2,-2,-5,-2,-2
0,1,9307,9310,27921,27922,27923,27926,27927,27928,55843,55844,55845,55846,55847,55850,55851,55852,55853,55854,1,-1,2,-2,1,3,1,-1,-3,-1,2,2,5,2,2,-2,-2,-5,-2,-2
0,1,9309,9312,27927,27928,27929,27932,27933,27934,55855,55856,55857,55858,55859,55862,55863,55864,55865,55866,1,-1,2,-2,1,3,1,-1,-3,-1,2,2,5,2,2,-2,-2,-5,-2,-2
0,1,9311,9314,27933,27934,27935,27938,27939,27940,55867,55868,55869,55870,55871,55874,55875,55876,55877,55878,1,-1,2,-2,1,3,1,-1,-3,-1,2,2,5,2,2,-2,-2,-5,-2,-2
0,1,9313,9316,27939,27940,27941,27944,27945,27946,55879,55880,55881,55882,55883,55886,55887,55888,55889,55890,1,-1,2,-2,1,3,1,-1,-3,-1,2,2,5,2,2,-2,-2,-5,-2,-2
0,1,9315,9318,27945,27946,27947,27950,27951,27952,55891,55892,55893,55894,55895,55898,55899,55900,55901,55902,1,-1,2,-2,1,3,1,-1,-3,-1,2,2,5,2,2,-2,-2,-5,-2,-2
0,1,9317,9320,27951,27952,27953,27956,27957,27958,55903,55904,55905,55906,55907,55910,55911,55912,55913,55914,1,-1,2,-2,1,3,1,-1,-3,-1,2,2,5,2,2,-2,-2,-5,-2,-2
0,1,9319,9322,27957,27958,27959,27962,27963,27964,55915,55916,55917,55918,55919,55922,55923,55924,55925,55926,1,-1,2,-2,1,3,1,-1,-3,-1,2,2,5,2,2,-2,-2,-5,-2,-2
0,1,9321,9324,27963,27964,27965,27968,27969,27970,55927,55928,55929,55930,55931,55934,55935,55936,55937,55938,1,-1,2,-2,1,3,1,-1,-3,-1,2,2,5,2,2,-2,-2,-5,-2,-2
0,1,9323,9326,27969,27970,27971,27974,27975,27976,55939,55940,55941,55942,55943,55946,55947,55948,55949,55950,1,-1,2,-2,1,3,1,-1,-3,-1,2,2,5,2,2,-2,-2,-5,-2,-2
0,1,9325,9328,27975,27976,27977,27980,27981,27982,55951,55952,55953,55954,55955,55958,55959,55960,55961,55962,1,-1,2,-2,1,3,1,-1,-3,-1,2,2,5,2,2,-2,-2,-5,-2,-2
0,1,9327,9330,27981,27982,27983,27986,27987,27988,55963,55964,55965,55966,55967,55970,55971,55972,55973,55974,1,-1,2,-2,1,3,1,-1,-3,-1,2,2,5,2,2,-2,-2,-5,-2,-2
0,1,9329,9332,27987,27988,27989,27992,27993,27994,55975,55976,55977,55978,55979,55982,55983,55984,55985,55986,1,-1,2,-2,1,3,1,-1,-3,-1,2,2,5,2,2,-2,-2,-5,-2,-2
0,1,9331,9334,27993,27994,27995,27998,27999,28000,55987,55988,55989,55990,55991,55994,55995,55996,55997,55998,1,-1,2,-2,1,3,1,-1,-3,-1,2,2,5,2,2,-2,-2,-5,-2,-2
0,1,9333,9336,27999,28000,28001,28004,28005,28006,55999,56000,56001,56002,56003,56006,56007,56008,56009,56010,1,-1,2,-2,1,3,1,-1,-3,-1,2,2,5,2,2,-2,-2,-5,-2,-2
0,1,9335,9338,28005,28006,28007,28010,28011,28012,56011,56012,56013,56014,56015,56018,56019,56020,56021,56022,1,-1,2,-2,1,3,1,-1,-3,-1,2,2,5,2,2,-2,-2,-5,-2,-2
0,1,9337,9340,28011,28012,28013,28016,28017,28018,56023,56024,56025,56026,56027,56030,56031,56032,56033,56034,1,-1,2,-2,1,3,1,-1,-3,-1,2,2,5,2,2,-2,-2,-5,-2,-2
0,1,9339,9342,28017,28018,28019,28022,28023,28024,56035,56036,56037,56038,56039,56042,56043,56044,56045,56046,1,-1,2,-2,1,3,1,-1,-3,-1,2,2,5,2,2,-2,-2,-5,-2,-2
0,1,9341,9344,28023,28024,28025,28028,28029,28030,56047,56048,56049,56050,56051,56054,56055,56056,56057,56058,1,-1,2,-2,1,3,1,-1,-3,-1,2,2,5,2,2,-2,-2,-5,-2,-2
0,1,9343,9346,28029,28030,28031,28034,28035,28036,56059,56060,56061,56062,56063,56066,56067,56068,56069,56070,1,-1,2,-2,1,3,1,-1,-3,-1,2,2,5,2,2,-2,-2,-5,-2,-2
0,1,9345,9348,28035,28036,28037,28040,28041,28042,56071,56072,56073,56074,56075,56078,56079,56080,56081,56082,1,-1,2,-2,1,3,1,-1,-3,-1,2,2,5,2,2,-2,-2,-5,-2,-2
0,1,9347,9350,28041,28042,28043,28046,28047,28048,56083,56084,56085,56086,56087,56090,56091,56092,56093,56094,1,-1,2,-2,1,3,1,-1,-3,-1,2,2,5,2,2,-2,-2,-5,-2,-2
0,1,9349,9352,28047,28048,28049,28052,28053,28054,56095,56096,56097,56098,56099,56102,56103,56104,56105,56106,1,-1,2,-2,1,3,1,-1,-3,-1,2,2,5,2,2,-2,-2,-5,-2,-2
0,1,9351,9354,28053,28054,28055,28058,28059,28060,56107,56108,56109,56110,56111,56114,56115,56116,56117,56118,1,-1,2,-2,1,3,1,-1,-3,-1,2,2,5,2,2,-2,-2,-5,-2,-2
0,1,9353,9356,28059,28060,28061,28064,28065,28066,56119,56120,56121,56122,56123,56126,56127,56128,56129,56130,1,-1,2,-2,1,3,1,-1,-3,-1,2,2,5,2,2,-2,-2,-5,-2,-2
0,1,9355,9358,28065,28066,28067,28070,28071,28072,56131,56132,56133,56134,56135,56138,56139,56140,56141,56142,1,-1,2,-2,1,3,1,-1,-3,-1,2,2,5,2,2,-2,-2,-5,-2,-2
0,1,9357,9360,28071,28072,28073,28076,28077,28078,56143,56144,56145,56146,56147,56150,56151,56152,56153,56154,1,-1,2,-2,1,3,1,-1,-3,-1,2,2,5,2,2,-2,-2,-5,-2,-2
0,1,9359,9362,28077,28078,28079,28082,28083,28084,56155,56156,56157,56158,56159,56162,56163,56164,56165,56166,1,-1,2,-2,1,3,1,-1,-3,-1,2,2,5,2,2,-2,-2,-5,-2,-2
0,1,9361,9364,28083,28084,28085,28088,28089,28090,56167,56168,56169,56170,56171,56174,56175,56176,56177,56178,1,-1,2,-2,1,3,1,-1,-3,-1,2,2,5,2,2,-2,-2,-5,-2,-2
0,1,9363,9366,28089,28090,28091,28094,28095,28096,56179,56180,56181,56182,56183,56186,56187,56188,56189,56190,1,-1,2,-2,1,3,1,-1,-3,-1,2,2,5,2,2,-2,-2,-5,-2,-2
0,1,9365,9368,28095,28096,28097,28100,28101,28102,56191,56192,56193,56194,56195,56198,56199,56200,56201,56202,1,-1,2,-2,1,3,1,-1,-3,-1,2,2,5,2,2,-2,-2,-5,-2,-2
0,1,9367,9370,28101,28102,28103,28106,28107,28108,56203,56204,56205,56206,56207,56210,56211,56212,56213,56214,1,-1,2,-2,1,3,1,-1,-3,-1,2,2,5,2,2,-2,-2,-5,-2,-2
0,1,9369,9372,28107,28108,28109,28112,28113,28114,56215,56216,56217,56218,56219,56222,56223,56224,56225,56226,1,-1,2,-2,1,3,1,-1,-3,-1,2,2,5,2,2,-2,-2,-5,-2,-2
0,1,9371,9374,28113,28114,28115,28118,28119,28120,56227,56228,56229,56230,56231,56234,56235,56236,56237,56238,1,-1,2,-2,1,3,1,-1,-3,-1,2,2,5,2,2,-2,-2,-5,-2,-2
0,1,9373,9376,28119,28120,28121,28124,28125,28126,56239,56240,56241,56242,56243,56246,56247,56248,56249,56250,1,-1,2,-2,1,3,1,-1,-3,-1,2,2,5,2,2,-2,-2,-5,-2,-2
0,1,9375,9378,28125,28126,28127,28130,28131,28132,56251,56252,56253,56254,56255,56258,56259,56260,56261,56262,1,-1,2,-2,1,3,1,-1,-3,-1,2,2,5,2,2,-2,-2,-5,-2,-2
0,1,9377,9380,28131,28132,28133,28136,28137,28138,56263,56264,56265,56266,56267,56270,56271,56272,56273,56274,1,-1,2,-2,1,3,1,-1,-3,-1,2,2,5,2,2,-2,-2,-5,-2,-2
0,1,9379,9382,28137,28138,28139,28142,28143,28144,56275,56276,56277,56278,56279,56282,56283,56284,56285,56286,1,-1,2,-2,1,3,1,-1,-3,-1,2,2,5,2,2,-2,-2,-5,-2,-2
0,1,9381,9384,28143,28144,28145,28148,28149,28150,56287,56288,56289,56290,56291,56294,56295,56296,56297,56298,1,-1,2,-2,1,3,1,-1,-3,-1,2,2,5,2,2,-2,-2,-5,-2,-2
0,1,9383,9386,28149,28150,28151,28154,28155,28156,56299,56300,56301,56302,56303,56306,56307,56308,56309,56310,1,-1,2,-2,1,3,1,-1,-3,-1,2,2,5,2,2,-2,-2,-5,-2,-2
0,1,9385,9388,28155,28156,28157,28160,28161,28162,56311,56312,56313,56314,56315,56318,56319,56320,56321,56322,1,-1,2,-2,1,3,1,-1,-3,-1,2,2,5,2,2,-2,-2,-5,-2,-2
0,1,9387,9390,28161,28162,28163,28166,28167,28168,56323,56324,56325,56326,56327,56330,56331,56332,56333,56334,1,-1,2,-2,1,3,1,-1,-3,-1,2,2,5,2,2,-2,-2,-5,-2,-2
0,1,9389,9392,28167,28168,28169,28172,28173,28174,56335,56336,56337,56338,56339,56342,56343,56344,56345,56346,1,-1,2,-2,1,3,1,-1,-3,-1,2,2,5,2,2,-2,-2,-5,-2,-2
0,1,9391,9394,28173,28174,28175,28178,28179,28180,56347,56348,56349,56350,56351,56354,56355,56356,56357,56358,1,-1,2,-2,1,3,1,-1,-3,-1,2,2,5,2,2,-2,-2,-5,-2,-2
0,1,9393,9396,28179,28180,28181,28184,28185,28186,56359,56360,56361,56362,56363,56366,56367,56368,56369,56370,1,-1,2,-2,1,3,1,-1,-3,-1,2,2,5,2,2,-2,-2,-5,-2,-2
0,1,9395,9398,28185,28186,28187,28190,28191,28192,56371,56372,56373,56374,56375,56378,56379,56380,56381,56382,1,-1,2,-2,1,3,1,-1,-3,-1,2,2,5,2,2,-2,-2,-5,-2,-2
0,1,9397,9400,28191,28192,28193,28196,28197,28198,56383,56384,56385,56386,56387,56390,56391,56392,56393,56394,1,-1,2,-2,1,3,1,-1,-3,-1,2,2,5,2,2,-2,-2,-5,-2,-2
0,1,9399,9402,28197,28198,28199,28202,28203,28204,56395,56396,56397,56398,56399,56402,56403,56404,56405,56406,1,-1,2,-2,1,3,1,-1,-3,-1,2,2,5,2,2,-2,-2,-5,-2,-2
0,1,9401,9404,28203,28204,28205,28208,28209,28210,56407,56408,56409,56410,56411,56414,56415,56416,56417,56418,1,-1,2,-2,1,3,1,-1,-3,-1,2,2,5,2,2,-2,-2,-5,-2,-2
0,1,9403,9406,28209,28210,28211,28214,28215,28216,56419,56420,56421,56422,56423,56426,56427,56428,56429,56430,1,-1,2,-2,1,3,1,-1,-3,-1,2,2,5,2,2,-2,-2,-5,-2,-2
0,1,9405,9408,28215,28216,28217,28220,28221,28222,56431,56432,56433,56434,56435,56438,56439,56440,56441,56442,1,-1,2,-2,1,3,1,-1,-3,-1,2,2,5,2,2,-2,-2,-5,-2,-2
0,1,9407,9410,28221,28222,28223,28226,28227,28228,56443,56444,56445,56446,56447,56450,56451,56452,56453,56454,1,-1,2,-2,1,3,1,-1,-3,-1,2,2,5,2,2,-2,-2,-5,-2,-2
0,1,9409,9412,28227,28228,28229,28232,28233,28234,56455,56456,56457,56458,56459,56462,56463,56464,56465,56466,1,-1,2,-2,1,3,1,-1,-3,-1,2,2,5,2,2,-2,-2,-5,-2,-2
0,1,9411,9414,28233,28234,28235,28238,28239,28240,56467,56468,56469,56470,56471,56474,56475,56476,56477,56478,1,-1,2,-2,1,3,1,-1,-3,-1,2,2,5,2,2,-2,-2,-5,-2,-2
0,1,9413,9416,28239,28240,28241,28244,28245,28246,56479,56480,56481,56482,56483,56486,56487,56488,56489,56490,1,-1,2,-2,1,3,1,-1,-3,-1,2,2,5,2,2,-2,-2,-5,-2,-2
0,1,9415,9418,28245,28246,28247,28250,28251,28252,56491,56492,56493,56494,56495,56498,56499,56500,56501,56502,1,-1,2,-2,1,3,1,-1,-3,-1,2,2,5,2,2,-2,-2,-5,-2,-2
0,1,9417,9420,28251,28252,28253,28256,28257,28258,56503,56504,56505,56506,56507,56510,56511,56512,56513,56514,1,-1,2,-2,1,3,1,-1,-3,-1,2,2,5,2,2,-2,-2,-5,-2,-2
0,1,9419,9422,28257,28258,28259,28262,28263,28264,56515,56516,56517,56518,56519,56522,56523,56524,56525,56526,1,-1,2,-2,1,3,1,-1,-3,-1,2,2,5,2,2,-2,-2,-5,-2,-2
0,1,9421,9424,28263,28264,28265,28268,28269,28270,56527,56528,56529,56530,56531,56534,56535,56536,56537,56538,1,-1,2,-2,1,3,1,-1,-3,-1,2,2,5,2,2,-2,-2,-5,-2,-2
0,1,9423,9426,28269,28270,28271,28274,28275,28276,56539,56540,56541,56542,56543,56546,56547,56548,56549,56550,1,-1,2,-2,1,3,1,-1,-3,-1,2,2,5,2,2,-2,-2,-5,-2,-2
0,1,9425,9428,28275,28276,28277,28280,28281,28282,56551,56552,56553,56554,56555,56558,56559,56560,56561,56562,1,-1,2,-2,1,3,1,-1,-3,-1,2,2,5,2,2,-2,-2,-5,-2,-2
0,1,9427,9430,28281,28282,28283,28286,28287,28288,56563,56564,56565,56566,56567,56570,56571,56572,56573,56574,1,-1,2,-2,1,3,1,-1,-3,-1,2,2,5,2,2,-2,-2,-5,-2,-2
0,1,9429,9432,28287,28288,28289,28292,28293,28294,56575,56576,56577,56578,56579,56582,56583,56584,56585,56586,1,-1,2,-2,1,3,1,-1,-3,-1,2,2,5,2,2,-2,-2,-5,-2,-2
0,1,9431,9434,28293,28294,28295,28298,28299,28300,56587,56588,56589,56590,56591,56594,56595,56596,56597,56598,1,-1,2,-2,1,3,1,-1,-3,-1,2,2,5,2,2,-2,-2,-5,-2,-2
0,1,9433,9436,28299,28300,28301,28304,28305,28306,56599,56600,56601,56602,56603,56606,56607,56608,56609,56610,1,-1,2,-2,1,3,1,-1,-3,-1,2,2,5,2,2,-2,-2,-5,-2,-2
0,1,9435,9438,28305,28306,28307,28310,28311,28312,56611,56612,56613,56614,56615,56618,56619,56620,56621,56622,1,-1,2,-2,1,3,1,-1,-3,-1,2,2,5,2,2,-2,-2,-5,-2,-2
0,1,9437,9440,28311,28312,28313,28316,28317,28318,56623,56624,56625,56626,56627,56630,56631,56632,56633,56634,1,-1,2,-2,1,3,1,-1,-3,-1,2,2,5,2,2,-2,-2,-5,-2,-2
0,1,9439,9442,28317,28318,28319,28322,28323,28324,56635,56636,56637,56638,56639,56642,56643,56644,56645,56646,1,-1,2,-2,1,3,1,-1,-3,-1,2,2,5,2,2,-2,-2,-5,-2,-2
0,1,9441,9444,28323,28324,28325,28328,28329,28330,56647,56648,56649,56650,56651,56654,56655,56656,56657,56658,1,-1,2,-2,1,3,1,-1,-3,-1,2,2,5,2,2,-2,-2,-5,-2,-2
0,1,9443,9446,28329,28330,28331,28334,28335,28336,56659,56660,56661,56662,56663,56666,56667,56668,56669,56670,1,-1,2,-2,1,3,1,-1,-3,-1,2,2,5,2,2,-2,-2,-5,-2,-2
0,1,9445,9448,28335,28336,28337,28340,28341,28342,56671,56672,56673,56674,56675,56678,56679,56680,56681,56682,1,-1,2,-2,1,3,1,-1,-3,-1,2,2,5,2,2,-2,-2,-5,-2,-2
0,1,9447,9450,28341,28342,28343,28346,28347,28348,56683,56684,56685,56686,56687,56690,56691,56692,56693,56694,1,-1,2,-2,1,3,1,-1,-3,-1,2,2,5,2,2,-2,-2,-5,-2,-2
0,1,9449,9452,28347,28348,28349,28352,28353,28354,56695,56696,56697,56698,56699,56702,56703,56704,56705,56706,1,-1,2,-2,1,3,1,-1,-3,-1,2,2,5,2,2,-2,-2,-5,-2,-2
0,1,9451,9454,28353,28354,28355,28358,28359,28360,56707,56708,56709,56710,56711,56714,56715,56716,56717,56718,1,-1,2,-2,1,3,1,-1,-3,-1,2,2,5,2,2,-2,-2,-5,-2,-2
0,1,9453,9456,28359,28360,28361,28364,28365,28366,56719,56720,56721,56722,56723,56726,56727,56728,56729,56730,1,-1,2,-2,1,3,1,-1,-3,-1,2,2,5,2,2,-2,-2,-5,-2,-2
0,1,9455,9458,28365,28366,28367,28370,28371,28372,56731,56732,56733,56734,56735,56738,56739,56740,56741,56742,1,-1,2,-2,1,3,1,-1,-3,-1,2,2,5,2,2,-2,-2,-5,-2,-2
0,1,9457,9460,28371,28372,28373,28376,28377,28378,56743,56744,56745,56746,56747,56750,56751,56752,56753,56754,1,-1,2,-2,1,3,1,-1,-3,-1,2,2,5,2,2,-2,-2,-5,-2,-2
0,1,9459,9462,28377,28378,28379,28382,28383,28384,56755,56756,56757,56758,56759,56762,56763,56764,56765,56766,1,-1,2,-2,1,3,1,-1,-3,-1,2,2,5,2,2,-2,-2,-5,-2,-2
0,1,9461,9464,28383,28384,28385,28388,28389,28390,56767,56768,56769,56770,56771,56774,56775,56776,56777,56778,1,-1,2,-2,1,3,1,-1,-3,-1,2,2,5,2,2,-2,-2,-5,-2,-2
0,1,9463,9466,28389,28390,28391,28394,28395,28396,56779,56780,56781,56782,56783,56786,56787,56788,56789,56790,1,-1,2,-2,1,3,1,-1,-3,-1,2,2,5,2,2,-2,-2,-5,-2,-2
0,1,9465,9468,28395,28396,28397,28400,28401,28402,56791,56792,56793,56794,56795,56798,56799,56800,56801,56802,1,-1,2,-2,1,3,1,-1,-3,-1,2,2,5,2,2,-2,-2,-5,-2,-2
0,1,9467,9470,28401,28402,28403,28406,28407,28408,56803,56804,56805,56806,56807,56810,56811,56812,56813,56814,1,-1,2,-2,1,3,1,-1,-3,-1,2,2,5,2,2,-2,-2,-5,-2,-2
0,1,9469,9472,28407,28408,28409,28412,28413,28414,56815,56816,56817,56818,56819,56822,56823,56824,56825,56826,1,-1,2,-2,1,3,1,-1,-3,-1,2,2,5,2,2,-2,-2,-5,-2,-2
0,1,9471,9474,28413,28414,28415,28418,28419,28420,56827,56828,56829,56830,56831,56834,56835,56836,56837,56838,1,-1,2,-2,1,3,1,-1,-3,-1,2,2,5,2,2,-2,-2,-5,-2,-2
0,1,9473,9476,28419,28420,28421,28424,28425,28426,56839,56840,56841,56842,56843,56846,56847,56848,56849,56850,1,-1,2,-2,1,3,1,-1,-3,-1,2,2,5,2,2,-2,-2,-5,-2,-2
0,1,9475,9478,28425,28426,28427,28430,28431,28432,56851,56852,56853,56854,56855,56858,56859,56860,56861,56862,1,-1,2,-2,1,3,1,-1,-3,-1,2,2,5,2,2,-2,-2,-5,-2,-2
0,1,9477,9480,28431,28432,28433,28436,28437,28438,56863,56864,56865,56866,56867,56870,56871,56872,56873,56874,1,-1,2,-2,1,3,1,-1,-3,-1,2,2,5,2,2,-2,-2,-5,-2,-2
0,1,9479,9482,28437,28438,28439,28442,28443,28444,56875,56876,56877,56878,56879,56882,56883,56884,56885,56886,1,-1,2,-2,1,3,1,-1,-3,-1,2,2,5,2,2,-2,-2,-5,-2,-2
0,1,9481,9484,28443,28444,28445,28448,28449,28450,56887,56888,56889,56890,56891,56894,56895,56896,56897,56898,1,-1,2,-2,1,3,1,-1,-3,-1,2,2,5,2,2,-2,-2,-5,-2,-2
0,1,9483,9486,28449,28450,28451,28454,28455,28456,56899,56900,56901,56902,56903,56906,56907,56908,56909,56910,1,-1,2,-2,1,3,1,-1,-3,-1,2,2,5,2,2,-2,-2,-5,-2,-2
0,1,9485,9488,28455,28456,28457,28460,28461,28462,56911,56912,56913,56914,56915,56918,56919,56920,56921,56922,1,-1,2,-2,1,3,1,-1,-3,-1,2,2,5,2,2,-2,-2,-5,-2,-2
0,1,9487,9490,28461,28462,28463,28466,28467,28468,56923,56924,56925,56926,56927,56930,56931,56932,56933,56934,1,-1,2,-2,1,3,1,-1,-3,-1,2,2,5,2,2,-2,-2,-5,-2,-2
0,1,9489,9492,28467,28468,28469,28472,28473,28474,56935,56936,56937,56938,56939,56942,56943,56944,56945,56946,1,-1,2,-2,1,3,1,-1,-3,-1,2,2,5,2,2,-2,-2,-5,-2,-2
0,1,9491,9494,28473,28474,28475,28478,28479,28480,56947,56948,56949,56950,56951,56954,56955,56956,56957,56958,1,-1,2,-2,1,3,1,-1,-3,-1,2,2,5,2,2,-2,-2,-5,-2,-2
0,1,9493,9496,28479,28480,28481,28484,28485,28486,56959,56960,56961,56962,56963,56966,56967,56968,56969,56970,1,-1,2,-2,1,3,1,-1,-3,-1,2,2,5,2,2,-2,-2,-5,-2,-2
0,1,9495,9498,28485,28486,28487,28490,28491,28492,56971,56972,56973,56974,56975,56978,56979,56980,56981,56982,1,-1,2,-2,1,3,1,-1,-3,-1,2,2,5,2,2,-2,-2,-5,-2,-2
0,1,9497,9500,28491,28492,28493,28496,28497,28498,56983,56984,56985,56986,56987,56990,56991,56992,56993,56994,1,-1,2,-2,1,3,1,-1,-3,-1,2,2,5,2,2,-2,-2,-5,-2,-2
0,1,9499,9502,28497,28498,28499,28502,28503,28504,56995,56996,56997,56998,56999,57002,57003,57004,57005,57006,1,-1,2,-2,1,3,1,-1,-3,-1,2,2,5,2,2,-2,-2,-5,-2,-2
0,1,9501,9504,28503,28504,28505,28508,28509,28510,57007,57008,57009,57010,57011,57014,57015,57016,57017,57018,1,-1,2,-2,1,3,1,-1,-3,-1,2,2,5,2,2,-2,-2,-5,-2,-2
0,1,9503,9506,28509,28510,28511,28514,28515,28516,57019,57020,57021,57022,57023,57026,57027,57028,57029,57030,1,-1,2,-2,1,3,1,-1,-3,-1,2,2,5,2,2,-2,-2,-5,-2,-2
0,1,9505,9508,28515,28516,28517,28520,28521,28522,57031,57032,57033,57034,57035,57038,57039,57040,57041,57042,1,-1,2,-2,1,3,1,-1,-3,-1,2,2,5,2,2,-2,-2,-5,-2,-2
0,1,9507,9510,28521,28522,28523,28526,28527,28528,57043,57044,57045,57046,57047,57050,57051,57052,57053,57054,1,-1,2,-2,1,3,1,-1,-3,-1,2,2,5,2,2,-2,-2,-5,-2,-2
0,1,9509,9512,28527,28528,28529,28532,28533,28534,57055,57056,57057,57058,57059,57062,57063,57064,57065,57066,1,-1,2,-2,1,3,1,-1,-3,-1,2,2,5,2,2,-2,-2,-5,-2,-2
0,1,9511,9514,28533,28534,28535,28538,28539,28540,57067,57068,57069,57070,57071,57074,57075,57076,57077,57078,1,-1,2,-2,1,3,1,-1,-3,-1,2,2,5,2,2,-2,-2,-5,-2,-2
0,1,9513,9516,28539,28540,28541,28544,28545,28546,57079,57080,57081,57082,57083,57086,57087,57088,57089,57090,1,-1,2,-2,1,3,1,-1,-3,-1,2,2,5,2,2,-2,-2,-5,-2,-2
0,1,9515,9518,28545,28546,28547,28550,28551,28552,57091,57092,57093,57094,57095,57098,57099,57100,57101,57102,1,-1,2,-2,1,3,1,-1,-3,-1,2,2,5,2,2,-2,-2,-5,-2,-2
0,1,9517,9520,28551,28552,28553,28556,28557,28558,57103,57104,57105,57106,57107,57110,57111,57112,57113,57114,1,-1,2,-2,1,3,1,-1,-3,-1,2,2,5,2,2,-2,-2,-5,-2,-2
0,1,9519,9522,28557,28558,28559,28562,28563,28564,57115,57116,57117,57118,57119,57122,57123,57124,57125,57126,1,-1,2,-2,1,3,1,-1,-3,-1,2,2,5,2,2,-2,-2,-5,-2,-2
0,1,9521,9524,28563,28564,28565,28568,28569,28570,57127,57128,57129,57130,57131,57134,57135,57136,57137,57138,1,-1,2,-2,1,3,1,-1,-3,-1,2,2,5,2,2,-2,-2,-5,-2,-2
0,1,9523,9526,28569,28570,28571,28574,28575,28576,57139,57140,57141,57142,57143,57146,57147,57148,57149,57150,1,-1,2,-2,1,3,1,-1,-3,-1,2,2,5,2,2,-2,-2,-5,-2,-2
0,1,9525,9528,28575,28576,28577,28580,28581,28582,57151,57152,57153,57154,57155,57158,57159,57160,57161,57162,1,-1,2,-2,1,3,1,-1,-3,-1,2,2,5,2,2,-2,-2,-5,-2,-2
0,1,9527,9530,28581,28582,28583,28586,28587,28588,57163,57164,57165,57166,57167,57170,57171,57172,57173,57174,1,-1,2,-2,1,3,1,-1,-3,-1,2,2,5,2,2,-2,-2,-5,-2,-2
0,1,9529,9532,28587,28588,28589,28592,28593,28594,57175,57176,57177,57178,57179,57182,57183,57184,57185,57186,1,-1,2,-2,1,3,1,-1,-3,-1,2,2,5,2,2,-2,-2,-5,-2,-2
0,1,9531,9534,28593,28594,28595,28598,28599,28600,57187,57188,57189,57190,57191,57194,57195,57196,57197,57198,1,-1,2,-2,1,3,1,-1,-3,-1,2,2,5,2,2,-2,-2,-5,-2,-2
0,1,9533,9536,28599,28600,28601,28604,28605,28606,57199,57200,57201,57202,57203,57206,57207,57208,57209,57210,1,-1,2,-2,1,3,1,-1,-3,-1,2,2,5,2,2,-2,-2,-5,-2,-2
0,1,9535,9538,28605,28606,28607,28610,28611,28612,57211,57212,57213,57214,57215,57218,57219,57220,57221,57222,1,-1,2,-2,1,3,1,-1,-3,-1,2,2,5,2,2,-2,-2,-5,-2,-2
0,1,9537,9540,28611,28612,28613,28616,28617,28618,57223,57224,57225,57226,57227,57230,57231,57232,57233,57234,1,-1,2,-2,1,3,1,-1,-3,-1,2,2,5,2,2,-2,-2,-5,-2,-2
0,1,9539,9542,28617,28618,28619,28622,28623,28624,57235,57236,57237,57238,57239,57242,57243,57244,57245,57246,1,-1,2,-2,1,3,1,-1,-3,-1,2,2,5,2,2,-2,-2,-5,-2,-2
0,1,9541,9544,28623,28624,28625,28628,28629,28630,57247,57248,57249,57250,57251,57254,57255,57256,57257,57258,1,-1,2,-2,1,3,1,-1,-3,-1,2,2,5,2,2,-2,-2,-5,-2,-2
0,1,9543,9546,28629,28630,28631,28634,28635,28636,57259,57260,57261,57262,57263,57266,57267,57268,57269,57270,1,-1,2,-2,1,3,1,-1,-3,-1,2,2,5,2,2,-2,-2,-5,-2,-2
0,1,9545,9548,28635,28636,28637,28640,28641,28642,57271,57272,57273,57274,57275,57278,57279,57280,57281,57282,1,-1,2,-2,1,3,1,-1,-3,-1,2,2,5,2,2,-2,-2,-5,-2,-2
0,1,9547,9550,28641,28642,28643,28646,28647,28648,57283,57284,57285,57286,57287,57290,57291,57292,57293,57294,1,-1,2,-2,1,3,1,-1,-3,-1,2,2,5,2,2,-2,-2,-5,-2,-2
0,1,9549,9552,28647,28648,28649,28652,28653,28654,57295,57296,57297,57298,57299,57302,57303,57304,57305,57306,1,-1,2,-2,1,3,1,-1,-3,-1,2,2,5,2,2,-2,-2,-5,-2,-2
0,1,9551,9554,28653,28654,28655,28658,28659,28660,57307,57308,57309,57310,57311,57314,57315,57316,57317,57318,1,-1,2,-2,1,3,1,-1,-3,-1,2,2,5,2,2,-2,-2,-5,-2,-2
0,1,9553,9556,28659,28660,28661,28664,28665,28666,57319,57320,57321,57322,57323,57326,57327,57328,57329,57330,1,-1,2,-2,1,3,1,-1,-3,-1,2,2,5,2,2,-2,-2,-5,-2,-2
0,1,9555,9558,28665,28666,28667,28670,28671,28672,57331,57332,57333,57334,57335,57338,57339,57340,57341,57342,1,-1,2,-2,1,3,1,-1,-3,-1,2,2,5,2,2,-2,-2,-5,-2,-2
0,1,9557,9560,28671,28672,28673,28676,28677,28678,57343,57344,57345,57346,57347,57350,57351,57352,57353,57354,1,-1,2,-2,1,3,1,-1,-3,-1,2,2,5,2,2,-2,-2,-5,-2,-2
0,1,9559,9562,28677,28678,28679,28682,28683,28684,57355,57356,57357,57358,57359,57362,57363,57364,57365,57366,1,-1,2,-2,1,3,1,-1,-3,-1,2,2,5,2,2,-2,-2,-5,-2,-2
0,1,9561,9564,28683,28684,28685,28688,28689,28690,57367,57368,57369,57370,57371,57374,57375,57376,57377,57378,1,-1,2,-2,1,3,1,-1,-3,-1,2,2,5,2,2,-2,-2,-5,-2,-2
0,1,9563,9566,28689,28690,28691,28694,28695,28696,57379,57380,57381,57382,57383,57386,57387,57388,57389,57390,1,-1,2,-2,1,3,1,-1,-3,-1,2,2,5,2,2,-2,-2,-5,-2,-2
0,1,9565,9568,28695,28696,28697,28700,28701,28702,57391,57392,57393,57394,57395,57398,57399,57400,57401,57402,1,-1,2,-2,1,3,1,-1,-3,-1,2,2,5,2,2,-2,-2,-5,-2,-2
0,1,9567,9570,28701,28702,28703,28706,28707,28708,57403,57404,57405,57406,57407,57410,57411,57412,57413,57414,1,-1,2,-2,1,3,1,-1,-3,-1,2,2,5,2,2,-2,-2,-5,-2,-2
0,1,9569,9572,28707,28708,28709,28712,28713,28714,57415,57416,57417,57418,57419,57422,57423,57424,57425,57426,1,-1,2,-2,1,3,1,-1,-3,-1,2,2,5,2,2,-2,-2,-5,-2,-2
0,1,9571,9574,28713,28714,28715,28718,28719,28720,57427,57428,57429,57430,57431,57434,57435,57436,57437,57438,1,-1,2,-2,1,3,1,-1,-3,-1,2,2,5,2,2,-2,-2,-5,-2,-2
0,1,9573,9576,28719,28720,28721,28724,28725,28726,57439,57440,57441,57442,57443,57446,57447,57448,57449,57450,1,-1,2,-2,1,3,1,-1,-3,-1,2,2,5,2,2,-2,-2,-5,-2,-2
0,1,9575,9578,28725,28726,28727,28730,28731,28732,57451,57452,57453,57454,57455,57458,57459,57460,57461,57462,1,-1,2,-2,1,3,1,-1,-3,-1,2,2,5,2,2,-2,-2,-5,-2,-2
0,1,9577,9580,28731,28732,28733,28736,28737,28738,57463,57464,57465,57466,57467,57470,57471,57472,57473,57474,1,-1,2,-2,1,3,1,-1,-3,-1,2,2,5,2,2,-2,-2,-5,-2,-2
0,1,9579,9582,28737,28738,28739,28742,28743,28744,57475,57476,57477,57478,57479,57482,57483,57484,57485,57486,1,-1,2,-2,1,3,1,-1,-3,-1,2,2,5,2,2,-2,-2,-5,-2,-2
0,1,9581,9584,28743,28744,28745,28748,28749,28750,57487,57488,57489,57490,57491,57494,57495,57496,57497,57498,1,-1,2,-2,1,3,1,-1,-3,-1,2,2,5,2,2,-2,-2,-5,-2,-2
0,1,9583,9586,28749,28750,28751,28754,28755,28756,57499,57500,57501,57502,57503,57506,57507,57508,57509,57510,1,-1,2,-2,1,3,1,-1,-3,-1,2,2,5,2,2,-2,-2,-5,-2,-2
0,1,9585,9588,28755,28756,28757,28760,28761,28762,57511,57512,57513,57514,57515,57518,57519,57520,57521,57522,1,-1,2,-2,1,3,1,-1,-3,-1,2,2,5,2,2,-2,-2,-5,-2,-2
0,1,9587,9590,28761,28762,28763,28766,28767,28768,57523,57524,57525,57526,57527,57530,57531,57532,57533,57534,1,-1,2,-2,1,3,1,-1,-3,-1,2,2,5,2,2,-2,-2,-5,-2,-2
0,1,9589,9592,28767,28768,28769,28772,28773,28774,57535,57536,57537,57538,57539,57542,57543,57544,57545,57546,1,-1,2,-2,1,3,1,-1,-3,-1,2,2,5,2,2,-2,-2,-5,-2,-2
0,1,9591,9594,28773,28774,28775,28778,28779,28780,57547,57548,57549,57550,57551,57554,57555,57556,57557,57558,1,-1,2,-2,1,3,1,-1,-3,-1,2,2,5,2,2,-2,-2,-5,-2,-2
0,1,9593,9596,28779,28780,28781,28784,28785,28786,57559,57560,57561,57562,57563,57566,57567,57568,57569,57570,1,-1,2,-2,1,3,1,-1,-3,-1,2,2,5,2,2,-2,-2,-5,-2,-2
0,1,9595,9598,28785,28786,28787,28790,28791,28792,57571,57572,57573,57574,57575,57578,57579,57580,57581,57582,1,-1,2,-2,1,3,1,-1,-3,-1,2,2,5,2,2,-2,-2,-5,-2,-2
0,1,9597,9600,28791,28792,28793,28796,28797,28798,57583,57584,57585,57586,57587,57590,57591,57592,57593,57594,1,-1,2,-2,1,3,1,-1,-3,-1,2,2,5,2,2,-2,-2,-5,-2,-2
0,1,9599,9602,28797,28798,28799,28802,28803,28804,57595,57596,57597,57598,57599,57602,57603,57604,57605,57606,1,-1,2,-2,1,3,1,-1,-3,-1,2,2,5,2,2,-2,-2,-5,-2,-2
0,1,9601,9604,28803,28804,28805,28808,28809,28810,57607,57608,57609,57610,57611,57614,57615,57616,57617,57618,1,-1,2,-2,1,3,1,-1,-3,-1,2,2,5,2,2,-2,-2,-5,-2,-2
0,1,9603,9606,28809,28810,28811,28814,28815,28816,57619,57620,57621,57622,57623,57626,57627,57628,57629,57630,1,-1,2,-2,1,3,1,-1,-3,-1,2,2,5,2,2,-2,-2,-5,-2,-2
0,1,9605,9608,28815,28816,28817,28820,28821,28822,57631,57632,57633,57634,57635,57638,57639,57640,57641,57642,1,-1,2,-2,1,3,1,-1,-3,-1,2,2,5,2,2,-2,-2,-5,-2,-2
0,1,9607,9610,28821,28822,28823,28826,28827,28828,57643,57644,57645,57646,57647,57650,57651,57652,57653,57654,1,-1,2,-2,1,3,1,-1,-3,-1,2,2,5,2,2,-2,-2,-5,-2,-2
0,1,9609,9612,28827,28828,28829,28832,28833,28834,57655,57656,57657,57658,57659,57662,57663,57664,57665,57666,1,-1,2,-2,1,3,1,-1,-3,-1,2,2,5,2,2,-2,-2,-5,-2,-2
0,1,9611,9614,28833,28834,28835,28838,28839,28840,57667,57668,57669,57670,57671,57674,57675,57676,57677,57678,1,-1,2,-2,1,3,1,-1,-3,-1,2,2,5,2,2,-2,-2,-5,-2,-2
0,1,9613,9616,28839,28840,28841,28844,28845,28846,57679,57680,57681,57682,57683,57686,57687,57688,57689,57690,1,-1,2,-2,1,3,1,-1,-3,-1,2,2,5,2,2,-2,-2,-5,-2,-2
0,1,9615,9618,28845,28846,28847,28850,28851,28852,57691,57692,57693,57694,57695,57698,57699,57700,57701,57702,1,-1,2,-2,1,3,1,-1,-3,-1,2,2,5,2,2,-2,-2,-5,-2,-2
0,1,9617,9620,28851,28852,28853,28856,28857,28858,57703,57704,57705,57706,57707,57710,57711,57712,57713,57714,1,-1,2,-2,1,3,1,-1,-3,-1,2,2,5,2,2,-2,-2,-5,-2,-2
0,1,9619,9622,28857,28858,28859,28862,28863,28864,57715,57716,57717,57718,57719,57722,57723,57724,57725,57726,1,-1,2,-2,1,3,1,-1,-3,-1,2,2,5,2,2,-2,-2,-5,-2,-2
0,1,9621,9624,28863,28864,28865,28868,28869,28870,57727,57728,57729,57730,57731,57734,57735,57736,57737,57738,1,-1,2,-2,1,3,1,-1,-3,-1,2,2,5,2,2,-2,-2,-5,-2,-2
0,1,9623,9626,28869,28870,28871,28874,28875,28876,57739,57740,57741,57742,57743,57746,57747,57748,57749,57750,1,-1,2,-2,1,3,1,-1,-3,-1,2,2,5,2,2,-2,-2,-5,-2,-2
0,1,9625,9628,28875,28876,28877,28880,28881,28882,57751,57752,57753,57754,57755,57758,57759,57760,57761,57762,1,-1,2,-2,1,3,1,-1,-3,-1,2,2,5,2,2,-2,-2,-5,-2,-2
0,1,9627,9630,28881,28882,28883,28886,28887,28888,57763,57764,57765,57766,57767,57770,57771,57772,57773,57774,1,-1,2,-2,1,3,1,-1,-3,-1,2,2,5,2,2,-2,-2,-5,-2,-2
0,1,9629,9632,28887,28888,28889,28892,28893,28894,57775,57776,57777,57778,57779,57782,57783,57784,57785,57786,1,-1,2,-2,1,3,1,-1,-3,-1,2,2,5,2,2,-2,-2,-5,-2,-2
0,1,9631,9634,28893,28894,28895,28898,28899,28900,57787,57788,57789,57790,57791,57794,57795,57796,57797,57798,1,-1,2,-2,1,3,1,-1,-3,-1,2,2,5,2,2,-2,-2,-5,-2,-2
0,1,9633,9636,28899,28900,28901,28904,28905,28906,57799,57800,57801,57802,57803,57806,57807,57808,57809,57810,1,-1,2,-2,1,3,1,-1,-3,-1,2,2,5,2,2,-2,-2,-5,-2,-2
0,1,9635,9638,28905,28906,28907,28910,28911,28912,57811,57812,57813,57814,57815,57818,57819,57820,57821,57822,1,-1,2,-2,1,3,1,-1,-3,-1,2,2,5,2,2,-2,-2,-5,-2,-2
0,1,9637,9640,28911,28912,28913,28916,28917,28918,57823,57824,57825,57826,57827,57830,57831,57832,57833,57834,1,-1,2,-2,1,3,1,-1,-3,-1,2,2,5,2,2,-2,-2,-5,-2,-2
0,1,9639,9642,28917,28918,28919,28922,28923,28924,57835,57836,57837,57838,57839,57842,57843,57844,57845,57846,1,-1,2,-2,1,3,1,-1,-3,-1,2,2,5,2,2,-2,-2,-5,-2,-2
0,1,9641,9644,28923,28924,28925,28928,28929,28930,57847,57848,57849,57850,57851,57854,57855,57856,57857,57858,1,-1,2,-2,1,3,1,-1,-3,-1,2,2,5,2,2,-2,-2,-5,-2,-2
0,1,9643,9646,28929,28930,28931,28934,28935,28936,57859,57860,57861,57862,57863,57866,57867,57868,57869,57870,1,-1,2,-2,1,3,1,-1,-3,-1,2,2,5,2,2,-2,-2,-5,-2,-2
0,1,9645,9648,28935,28936,28937,28940,28941,28942,57871,57872,57873,57874,57875,57878,57879,57880,57881,57882,1,-1,2,-2,1,3,1,-1,-3,-1,2,2,5,2,2,-2,-2,-5,-2,-2
0,1,9647,9650,28941,28942,28943,28946,28947,28948,57883,57884,57885,57886,57887,57890,57891,57892,57893,57894,1,-1,2,-2,1,3,1,-1,-3,-1,2,2,5,2,2,-2,-2,-5,-2,-2
0,1,9649,9652,28947,28948,28949,28952,28953,28954,57895,57896,57897,57898,57899,57902,57903,57904,57905,57906,1,-1,2,-2,1,3,1,-1,-3,-1,2,2,5,2,2,-2,-2,-5,-2,-2
0,1,9651,9654,28953,28954,28955,28958,28959,28960,57907,57908,57909,57910,57911,57914,57915,57916,57917,57918,1,-1,2,-2,1,3,1,-1,-3,-1,2,2,5,2,2,-2,-2,-5,-2,-2
0,1,9653,9656,28959,28960,28961,28964,28965,28966,57919,57920,57921,57922,57923,57926,57927,57928,57929,57930,1,-1,2,-2,1,3,1,-1,-3,-1,2,2,5,2,2,-2,-2,-5,-2,-2
0,1,9655,9658,28965,28966,28967,28970,28971,28972,57931,57932,57933,57934,57935,57938,57939,57940,57941,57942,1,-1,2,-2,1,3,1,-1,-3,-1,2,2,5,2,2,-2,-2,-5,-2,-2
0,1,9657,9660,28971,28972,28973,28976,28977,28978,57943,57944,57945,57946,57947,57950,57951,57952,57953,57954,1,-1,2,-2,1,3,1,-1,-3,-1,2,2,5,2,2,-2,-2,-5,-2,-2
0,1,9659,9662,28977,28978,28979,28982,28983,28984,57955,57956,57957,57958,57959,57962,57963,57964,57965,57966,1,-1,2,-2,1,3,1,-1,-3,-1,2,2,5,2,2,-2,-2,-5,-2,-2
0,1,9661,9664,28983,28984,28985,28988,28989,28990,57967,57968,57969,57970,57971,57974,57975,57976,57977,57978,1,-1,2,-2,1,3,1,-1,-3,-1,2,2,5,2,2,-2,-2,-5,-2,-2
0,1,9663,9666,28989,28990,28991,28994,28995,28996,57979,57980,57981,57982,57983,57986,57987,57988,57989,57990,1,-1,2,-2,1,3,1,-1,-3,-1,2,2,5,2,2,-2,-2,-5,-2,-2
0,1,9665,9668,28995,28996,28997,29000,29001,29002,57991,57992,57993,57994,57995,57998,57999,58000,58001,58002,1,-1,2,-2,1,3,1,-1,-3,-1,2,2,5,2,2,-2,-2,-5,-2,-2
0,1,9667,9670,29001,29002,29003,29006,29007,29008,58003,58004,58005,58006,58007,58010,58011,58012,58013,58014,1,-1,2,-2,1,3,1,-1,-3,-1,2,2,5,2,2,-2,-2,-5,-2,-2
0,1,9669,9672,29007,29008,29009,29012,29013,29014,58015,58016,58017,58018,58019,58022,58023,58024,58025,58026,1,-1,2,-2,1,3,1,-1,-3,-1,2,2,5,2,2,-2,-2,-5,-2,-2
0,1,9671,9674,29013,29014,29015,29018,29019,29020,58027,58028,58029,58030,58031,58034,58035,58036,58037,58038,1,-1,2,-2,1,3,1,-1,-3,-1,2,2,5,2,2,-2,-2,-5,-2,-2
0,1,9673,9676,29019,29020,29021,29024,29025,29026,58039,58040,58041,58042,58043,58046,58047,58048,58049,58050,1,-1,2,-2,1,3,1,-1,-3,-1,2,2,5,2,2,-2,-2,-5,-2,-2
0,1,9675,9678,29025,29026,29027,29030,29031,29032,58051,58052,58053,58054,58055,58058,58059,58060,58061,58062,1,-1,2,-2,1,3,1,-1,-3,-1,2,2,5,2,2,-2,-2,-5,-2,-2
0,1,9677,9680,29031,29032,29033,29036,29037,29038,58063,58064,58065,58066,58067,58070,58071,58072,58073,58074,1,-1,2,-2,1,3,1,-1,-3,-1,2,2,5,2,2,-2,-2,-5,-2,-2
0,1,9679,9682,29037,29038,29039,29042,29043,29044,58075,58076,58077,58078,58079,58082,58083,58084,58085,58086,1,-1,2,-2,1,3,1,-1,-3,-1,2,2,5,2,2,-2,-2,-5,-2,-2
0,1,9681,9684,29043,29044,29045,29048,29049,29050,58087,58088,58089,58090,58091,58094,58095,58096,58097,58098,1,-1,2,-2,1,3,1,-1,-3,-1,2,2,5,2,2,-2,-2,-5,-2,-2
0,1,9683,9686,29049,29050,29051,29054,29055,29056,58099,58100,58101,58102,58103,58106,58107,58108,58109,58110,1,-1,2,-2,1,3,1,-1,-3,-1,2,2,5,2,2,-2,-2,-5,-2,-2
0,1,9685,9688,29055,29056,29057,29060,29061,29062,58111,58112,58113,58114,58115,58118,58119,58120,58121,58122,1,-1,2,-2,1,3,1,-1,-3,-1,2,2,5,2,2,-2,-2,-5,-2,-2
0,1,9687,9690,29061,29062,29063,29066,29067,29068,58123,58124,58125,58126,58127,58130,58131,58132,58133,58134,1,-1,2,-2,1,3,1,-1,-3,-1,2,2,5,2,2,-2,-2,-5,-2,-2
0,1,9689,9692,29067,29068,29069,29072,29073,29074,58135,58136,58137,58138,58139,58142,58143,58144,58145,58146,1,-1,2,-2,1,3,1,-1,-3,-1,2,2,5,2,2,-2,-2,-5,-2,-2
0,1,9691,9694,29073,29074,29075,29078,29079,29080,58147,58148,58149,58150,58151,58154,58155,58156,58157,58158,1,-1,2,-2,1,3,1,-1,-3,-1,2,2,5,2,2,-2,-2,-5,-2,-2
0,1,9693,9696,29079,29080,29081,29084,29085,29086,58159,58160,58161,58162,58163,58166,58167,58168,58169,58170,1,-1,2,-2,1,3,1,-1,-3,-1,2,2,5,2,2,-2,-2,-5,-2,-2
0,1,9695,9698,29085,29086,29087,29090,29091,29092,58171,58172,58173,58174,58175,58178,58179,58180,58181,58182,1,-1,2,-2,1,3,1,-1,-3,-1,2,2,5,2,2,-2,-2,-5,-2,-2
0,1,9697,9700,29091,29092,29093,29096,29097,29098,58183,58184,58185,58186,58187,58190,58191,58192,58193,58194,1,-1,2,-2,1,3,1,-1,-3,-1,2,2,5,2,2,-2,-2,-5,-2,-2
0,1,9699,9702,29097,29098,29099,29102,29103,29104,58195,58196,58197,58198,58199,58202,58203,58204,58205,58206,1,-1,2,-2,1,3,1,-1,-3,-1,2,2,5,2,2,-2,-2,-5,-2,-2
0,1,9701,9704,29103,29104,29105,29108,29109,29110,58207,58208,58209,58210,58211,58214,58215,58216,58217,58218,1,-1,2,-2,1,3,1,-1,-3,-1,2,2,5,2,2,-2,-2,-5,-2,-2
0,1,9703,9706,29109,29110,29111,29114,29115,29116,58219,58220,58221,58222,58223,58226,58227,58228,58229,58230,1,-1,2,-2,1,3,1,-1,-3,-1,2,2,5,2,2,-2,-2,-5,-2,-2
0,1,9705,9708,29115,29116,29117,29120,29121,29122,58231,58232,58233,58234,58235,58238,58239,58240,58241,58242,1,-1,2,-2,1,3,1,-1,-3,-1,2,2,5,2,2,-2,-2,-5,-2,-2
0,1,9707,9710,29121,29122,29123,29126,29127,29128,58243,58244,58245,58246,58247,58250,58251,58252,58253,58254,1,-1,2,-2,1,3,1,-1,-3,-1,2,2,5,2,2,-2,-2,-5,-2,-2
0,1,9709,9712,29127,29128,29129,29132,29133,29134,58255,58256,58257,58258,58259,58262,58263,58264,58265,58266,1,-1,2,-2,1,3,1,-1,-3,-1,2,2,5,2,2,-2,-2,-5,-2,-2
0,1,9711,9714,29133,29134,29135,29138,29139,29140,58267,58268,58269,58270,58271,58274,58275,58276,58277,58278,1,-1,2,-2,1,3,1,-1,-3,-1,2,2,5,2,2,-2,-2,-5,-2,-2
0,1,9713,9716,29139,29140,29141,29144,29145,29146,58279,58280,58281,58282,58283,58286,58287,58288,58289,58290,1,-1,2,-2,1,3,1,-1,-3,-1,2,2,5,2,2,-2,-2,-5,-2,-2
0,1,9715,9718,29145,29146,29147,29150,29151,29152,58291,58292,58293,58294,58295,58298,58299,58300,58301,58302,1,-1,2,-2,1,3,1,-1,-3,-1,2,2,5,2,2,-2,-2,-5,-2,-2
0,1,9717,9720,29151,29152,29153,29156,29157,29158,58303,58304,58305,58306,58307,58310,58311,58312,58313,58314,1,-1,2,-2,1,3,1,-1,-3,-1,2,2,5,2,2,-2,-2,-5,-2,-2
0,1,9719,9722,29157,29158,29159,29162,29163,29164,58315,58316,58317,58318,58319,58322,58323,58324,58325,58326,1,-1,2,-2,1,3,1,-1,-3,-1,2,2,5,2,2,-2,-2,-5,-2,-2
0,1,9721,9724,29163,29164,29165,29168,29169,29170,58327,58328,58329,58330,58331,58334,58335,58336,58337,58338,1,-1,2,-2,1,3,1,-1,-3,-1,2,2,5,2,2,-2,-2,-5,-2,-2
0,1,9723,9726,29169,29170,29171,29174,29175,29176,58339,58340,58341,58342,58343,58346,58347,58348,58349,58350,1,-1,2,-2,1,3,1,-1,-3,-1,2,2,5,2,2,-2,-2,-5,-2,-2
0,1,9725,9728,29175,29176,29177,29180,29181,29182,58351,58352,58353,58354,58355,58358,58359,58360,58361,58362,1,-1,2,-2,1,3,1,-1,-3,-1,2,2,5,2,2,-2,-2,-5,-2,-2
0,1,9727,9730,29181,29182,29183,29186,29187,29188,58363,58364,58365,58366,58367,58370,58371,58372,58373,58374,1,-1,2,-2,1,3,1,-1,-3,-1,2,2,5,2,2,-2,-2,-5,-2,-2
0,1,9729,9732,29187,29188,29189,29192,29193,29194,58375,58376,58377,58378,58379,58382,58383,58384,58385,58386,1,-1,2,-2,1,3,1,-1,-3,-1,2,2,5,2,2,-2,-2,-5,-2,-2
0,1,9731,9734,29193,29194,29195,29198,29199,29200,58387,58388,58389,58390,58391,58394,58395,58396,58397,58398,1,-1,2,-2,1,3,1,-1,-3,-1,2,2,5,2,2,-2,-2,-5,-2,-2
0,1,9733,9736,29199,29200,29201,29204,29205,29206,58399,58400,58401,58402,58403,58406,58407,58408,58409,58410,1,-1,2,-2,1,3,1,-1,-3,-1,2,2,5,2,2,-2,-2,-5,-2,-2
0,1,9735,9738,29205,29206,29207,29210,29211,29212,58411,58412,58413,58414,58415,58418,58419,58420,58421,58422,1,-1,2,-2,1,3,1,-1,-3,-1,2,2,5,2,2,-2,-2,-5,-2,-2
0,1,9737,9740,29211,29212,29213,29216,29217,29218,58423,58424,58425,58426,58427,58430,58431,58432,58433,58434,1,-1,2,-2,1,3,1,-1,-3,-1,2,2,5,2,2,-2,-2,-5,-2,-2
0,1,9739,9742,29217,29218,29219,29222,29223,29224,58435,58436,58437,58438,58439,58442,58443,58444,58445,58446,1,-1,2,-2,1,3,1,-1,-3,-1,2,2,5,2,2,-2,-2,-5,-2,-2
0,1,9741,9744,29223,29224,29225,29228,29229,29230,58447,58448,58449,58450,58451,58454,58455,58456,58457,58458,1,-1,2,-2,1,3,1,-1,-3,-1,2,2,5,2,2,-2,-2,-5,-2,-2
0,1,9743,9746,29229,29230,29231,29234,29235,29236,58459,58460,58461,58462,58463,58466,58467,58468,58469,58470,1,-1,2,-2,1,3,1,-1,-3,-1,2,2,5,2,2,-2,-2,-5,-2,-2
0,1,9745,9748,29235,29236,29237,29240,29241,29242,58471,58472,58473,58474,58475,58478,58479,58480,58481,58482,1,-1,2,-2,1,3,1,-1,-3,-1,2,2,5,2,2,-2,-2,-5,-2,-2
0,1,9747,9750,29241,29242,29243,29246,29247,29248,58483,58484,58485,58486,58487,58490,58491,58492,58493,58494,1,-1,2,-2,1,3,1,-1,-3,-1,2,2,5,2,2,-2,-2,-5,-2,-2
0,1,9749,9752,29247,29248,29249,29252,29253,29254,58495,58496,58497,58498,58499,58502,58503,58504,58505,58506,1,-1,2,-2,1,3,1,-1,-3,-1,2,2,5,2,2,-2,-2,-5,-2,-2
0,1,9751,9754,29253,29254,29255,29258,29259,29260,58507,58508,58509,58510,58511,58514,58515,58516,58517,58518,1,-1,2,-2,1,3,1,-1,-3,-1,2,2,5,2,2,-2,-2,-5,-2,-2
0,1,9753,9756,29259,29260,29261,29264,29265,29266,58519,58520,58521,58522,58523,58526,58527,58528,58529,58530,1,-1,2,-2,1,3,1,-1,-3,-1,2,2,5,2,2,-2,-2,-5,-2,-2
0,1,9755,9758,29265,29266,29267,29270,29271,29272,58531,58532,58533,58534,58535,58538,58539,58540,58541,58542,1,-1,2,-2,1,3,1,-1,-3,-1,2,2,5,2,2,-2,-2,-5,-2,-2
0,1,9757,9760,29271,29272,29273,29276,29277,29278,58543,58544,58545,58546,58547,58550,58551,58552,58553,58554,1,-1,2,-2,1,3,1,-1,-3,-1,2,2,5,2,2,-2,-2,-5,-2,-2
0,1,9759,9762,29277,29278,29279,29282,29283,29284,58555,58556,58557,58558,58559,58562,58563,58564,58565,58566,1,-1,2,-2,1,3,1,-1,-3,-1,2,2,5,2,2,-2,-2,-5,-2,-2
0,1,9761,9764,29283,29284,29285,29288,29289,29290,58567,58568,58569,58570,58571,58574,58575,58576,58577,58578,1,-1,2,-2,1,3,1,-1,-3,-1,2,2,5,2,2,-2,-2,-5,-2,-2
0,1,9763,9766,29289,29290,29291,29294,29295,29296,58579,58580,58581,58582,58583,58586,58587,58588,58589,58590,1,-1,2,-2,1,3,1,-1,-3,-1,2,2,5,2,2,-2,-2,-5,-2,-2
0,1,9765,9768,29295,29296,29297,29300,29301,29302,58591,58592,58593,58594,58595,58598,58599,58600,58601,58602,1,-1,2,-2,1,3,1,-1,-3,-1,2,2,5,2,2,-2,-2,-5,-2,-2
0,1,9767,9770,29301,29302,29303,29306,29307,29308,58603,58604,58605,58606,58607,58610,58611,58612,58613,58614,1,-1,2,-2,1,3,1,-1,-3,-1,2,2,5,2,2,-2,-2,-5,-2,-2
0,1,9769,9772,29307,29308,29309,29312,29313,29314,58615,58616,58617,58618,58619,58622,58623,58624,58625,58626,1,-1,2,-2,1,3,1,-1,-3,-1,2,2,5,2,2,-2,-2,-5,-2,-2
0,1,9771,9774,29313,29314,29315,29318,29319,29320,58627,58628,58629,58630,58631,58634,58635,58636,58637,58638,1,-1,2,-2,1,3,1,-1,-3,-1,2,2,5,2,2,-2,-2,-5,-2,-2
0,1,9773,9776,29319,29320,29321,29324,29325,29326,58639,58640,58641,58642,58643,58646,58647,58648,58649,58650,1,-1,2,-2,1,3,1,-1,-3,-1,2,2,5,2,2,-2,-2,-5,-2,-2
0,1,9775,9778,29325,29326,29327,29330,29331,29332,58651,58652,58653,58654,58655,58658,58659,58660,58661,58662,1,-1,2,-2,1,3,1,-1,-3,-1,2,2,5,2,2,-2,-2,-5,-2,-2
0,1,9777,9780,29331,29332,29333,29336,29337,29338,58663,58664,58665,58666,58667,58670,58671,58672,58673,58674,1,-1,2,-2,1,3,1,-1,-3,-1,2,2,5,2,2,-2,-2,-5,-2,-2
0,1,9779,9782,29337,29338,29339,29342,29343,29344,58675,58676,58677,58678,58679,58682,58683,58684,58685,58686,1,-1,2,-2,1,3,1,-1,-3,-1,2,2,5,2,2,-2,-2,-5,-2,-2
0,1,9781,9784,29343,29344,29345,29348,29349,29350,58687,58688,58689,58690,58691,58694,58695,58696,58697,58698,1,-1,2,-2,1,3,1,-1,-3,-1,2,2,5,2,2,-2,-2,-5,-2,-2
0,1,9783,9786,29349,29350,29351,29354,29355,29356,58699,58700,58701,58702,58703,58706,58707,58708,58709,58710,1,-1,2,-2,1,3,1,-1,-3,-1,2,2,5,2,2,-2,-2,-5,-2,-2
0,1,9785,9788,29355,29356,29357,29360,29361,29362,58711,58712,58713,58714,58715,58718,58719,58720,58721,58722,1,-1,2,-2,1,3,1,-1,-3,-1,2,2,5,2,2,-2,-2,-5,-2,-2
0,1,9787,9790,29361,29362,29363,29366,29367,29368,58723,58724,58725,58726,58727,58730,58731,58732,58733,58734,1,-1,2,-2,1,3,1,-1,-3,-1,2,2,5,2,2,-2,-2,-5,-2,-2
0,1,9789,9792,29367,29368,29369,29372,29373,29374,58735,58736,58737,58738,58739,58742,58743,58744,58745,58746,1,-1,2,-2,1,3,1,-1,-3,-1,2,2,5,2,2,-2,-2,-5,-2,-2
0,1,9791,9794,29373,29374,29375,29378,29379,29380,58747,58748,58749,58750,58751,58754,58755,58756,58757,58758,1,-1,2,-2,1,3,1,-1,-3,-1,2,2,5,2,2,-2,-2,-5,-2,-2
0,1,9793,9796,29379,29380,29381,29384,29385,29386,58759,58760,58761,58762,58763,58766,58767,58768,58769,58770,1,-1,2,-2,1,3,1,-1,-3,-1,2,2,5,2,2,-2,-2,-5,-2,-2
0,1,9795,9798,29385,29386,29387,29390,29391,29392,58771,58772,58773,58774,58775,58778,58779,58780,58781,58782,1,-1,2,-2,1,3,1,-1,-3,-1,2,2,5,2,2,-2,-2,-5,-2,-2
0,1,9797,9800,29391,29392,29393,29396,29397,29398,58783,58784,58785,58786,58787,58790,58791,58792,58793,58794,1,-1,2,-2,1,3,1,-1,-3,-1,2,2,5,2,2,-2,-2,-5,-2,-2
0,1,9799,9802,29397,29398,29399,29402,29403,29404,58795,58796,58797,58798,58799,58802,58803,58804,58805,58806,1,-1,2,-2,1,3,1,-1,-3,-1,2,2,5,2,2,-2,-2,-5,-2,-2
0,1,9801,9804,29403,29404,29405,29408,29409,29410,58807,58808,58809,58810,58811,58814,58815,58816,58817,58818,1,-1,2,-2,1,3,1,-1,-3,-1,2,2,5,2,2,-2,-2,-5,-2,-2
0,1,9803,9806,29409,29410,29411,29414,29415,29416,58819,58820,58821,58822,58823,58826,58827,58828,58829,58830,1,-1,2,-2,1,3,1,-1,-3,-1,2,2,5,2,2,-2,-2,-5,-2,-2
0,1,9805,9808,29415,29416,29417,29420,29421,29422,58831,58832,58833,58834,58835,58838,58839,58840,58841,58842,1,-1,2,-2,1,3,1,-1,-3,-1,2,2,5,2,2,-2,-2,-5,-2,-2
0,1,9807,9810,29421,29422,29423,29426,29427,29428,58843,58844,58845,58846,58847,58850,58851,58852,58853,58854,1,-1,2,-2,1,3,1,-1,-3,-1,2,2,5,2,2,-2,-2,-5,-2,-2
0,1,9809,9812,29427,29428,29429,29432,29433,29434,58855,58856,58857,58858,58859,58862,58863,58864,58865,58866,1,-1,2,-2,1,3,1,-1,-3,-1,2,2,5,2,2,-2,-2,-5,-2,-2
0,1,9811,9814,29433,29434,29435,29438,29439,29440,58867,58868,58869,58870,58871,58874,58875,58876,58877,58878,1,-1,2,-2,1,3,1,-1,-3,-1,2,2,5,2,2,-2,-2,-5,-2,-2
0,1,9813,9816,29439,29440,29441,29444,29445,29446,58879,58880,58881,58882,58883,58886,58887,58888,58889,58890,1,-1,2,-2,1,3,1,-1,-3,-1,2,2,5,2,2,-2,-2,-5,-2,-2
0,1,9815,9818,29445,29446,29447,29450,29451,29452,58891,58892,58893,58894,58895,58898,58899,58900,58901,58902,1,-1,2,-2,1,3,1,-1,-3,-1,2,2,5,2,2,-2,-2,-5,-2,-2
0,1,9817,9820,29451,29452,29453,29456,29457,29458,58903,58904,58905,58906,58907,58910,58911,58912,58913,58914,1,-1,2,-2,1,3,1,-1,-3,-1,2,2,5,2,2,-2,-2,-5,-2,-2
0,1,9819,9822,29457,29458,29459,29462,29463,29464,58915,58916,58917,58918,58919,58922,58923,58924,58925,58926,1,-1,2,-2,1,3,1,-1,-3,-1,2,2,5,2,2,-2,-2,-5,-2,-2
0,1,9821,9824,29463,29464,29465,29468,29469,29470,58927,58928,58929,58930,58931,58934,58935,58936,58937,58938,1,-1,2,-2,1,3,1,-1,-3,-1,2,2,5,2,2,-2,-2,-5,-2,-2
0,1,9823,9826,29469,29470,29471,29474,29475,29476,58939,58940,58941,58942,58943,58946,58947,58948,58949,58950,1,-1,2,-2,1,3,1,-1,-3,-1,2,2,5,2,2,-2,-2,-5,-2,-2
0,1,9825,9828,29475,29476,29477,29480,29481,29482,58951,58952,58953,58954,58955,58958,58959,58960,58961,58962,1,-1,2,-2,1,3,1,-1,-3,-1,2,2,5,2,2,-2,-2,-5,-2,-2
0,1,9827,9830,29481,29482,29483,29486,29487,29488,58963,58964,58965,58966,58967,58970,58971,58972,58973,58974,1,-1,2,-2,1,3,1,-1,-3,-1,2,2,5,2,2,-2,-2,-5,-2,-2
0,1,9829,9832,29487,29488,29489,29492,29493,29494,58975,58976,58977,58978,58979,58982,58983,58984,58985,58986,1,-1,2,-2,1,3,1,-1,-3,-1,2,2,5,2,2,-2,-2,-5,-2,-2
0,1,9831,9834,29493,29494,29495,29498,29499,29500,58987,58988,58989,58990,58991,58994,58995,58996,58997,58998,1,-1,2,-2,1,3,1,-1,-3,-1,2,2,5,2,2,-2,-2,-5,-2,-2
0,1,9833,9836,29499,29500,29501,29504,29505,29506,58999,59000,59001,59002,59003,59006,59007,59008,59009,59010,1,-1,2,-2,1,3,1,-1,-3,-1,2,2,5,2,2,-2,-2,-5,-2,-2
0,1,9835,9838,29505,29506,29507,29510,29511,29512,59011,59012,59013,59014,59015,59018,59019,59020,59021,59022,1,-1,2,-2,1,3,1,-1,-3,-1,2,2,5,2,2,-2,-2,-5,-2,-2
0,1,9837,9840,29511,29512,29513,29516,29517,29518,59023,59024,59025,59026,59027,59030,59031,59032,59033,59034,1,-1,2,-2,1,3,1,-1,-3,-1,2,2,5,2,2,-2,-2,-5,-2,-2
0,1,9839,9842,29517,29518,29519,29522,29523,29524,59035,59036,59037,59038,59039,59042,59043,59044,59045,59046,1,-1,2,-2,1,3,1,-1,-3,-1,2,2,5,2,2,-2,-2,-5,-2,-2
0,1,9841,9844,29523,29524,29525,29528,29529,29530,59047,59048,59049,59050,59051,59054,59055,59056,59057,59058,1,-1,2,-2,1,3,1,-1,-3,-1,2,2,5,2,2,-2,-2,-5,-2,-2
0,1,9843,9846,29529,29530,29531,29534,29535,29536,59059,59060,59061,59062,59063,59066,59067,59068,59069,59070,1,-1,2,-2,1,3,1,-1,-3,-1,2,2,5,2,2,-2,-2,-5,-2,-2
0,1,9845,9848,29535,29536,29537,29540,29541,29542,59071,59072,59073,59074,59075,59078,59079,59080,59081,59082,1,-1,2,-2,1,3,1,-1,-3,-1,2,2,5,2,2,-2,-2,-5,-2,-2
0,1,9847,9850,29541,29542,29543,29546,29547,29548,59083,59084,59085,59086,59087,59090,59091,59092,59093,59094,1,-1,2,-2,1,3,1,-1,-3,-1,2,2,5,2,2,-2,-2,-5,-2,-2
0,1,9849,9852,29547,29548,29549,29552,29553,29554,59095,59096,59097,59098,59099,59102,59103,59104,59105,59106,1,-1,2,-2,1,3,1,-1,-3,-1,2,2,5,2,2,-2,-2,-5,-2,-2
0,1,9851,9854,29553,29554,29555,29558,29559,29560,59107,59108,59109,59110,59111,59114,59115,59116,59117,59118,1,-1,2,-2,1,3,1,-1,-3,-1,2,2,5,2,2,-2,-2,-5,-2,-2
0,1,9853,9856,29559,29560,29561,29564,29565,29566,59119,59120,59121,59122,59123,59126,59127,59128,59129,59130,1,-1,2,-2,1,3,1,-1,-3,-1,2,2,5,2,2,-2,-2,-5,-2,-2
0,1,9855,9858,29565,29566,29567,29570,29571,29572,59131,59132,59133,59134,59135,59138,59139,59140,59141,59142,1,-1,2,-2,1,3,1,-1,-3,-1,2,2,5,2,2,-2,-2,-5,-2,-2
0,1,9857,9860,29571,29572,29573,29576,29577,29578,59143,59144,59145,59146,59147,59150,59151,59152,59153,59154,1,-1,2,-2,1,3,1,-1,-3,-1,2,2,5,2,2,-2,-2,-5,-2,-2
0,1,9859,9862,29577,29578,29579,29582,29583,29584,59155,59156,59157,59158,59159,59162,59163,59164,59165,59166,1,-1,2,-2,1,3,1,-1,-3,-1,2,2,5,2,2,-2,-2,-5,-2,-2
0,1,9861,9864,29583,29584,29585,29588,29589,29590,59167,59168,59169,59170,59171,59174,59175,59176,59177,59178,1,-1,2,-2,1,3,1,-1,-3,-1,2,2,5,2,2,-2,-2,-5,-2,-2
0,1,9863,9866,29589,29590,29591,29594,29595,29596,59179,59180,59181,59182,59183,59186,59187,59188,59189,59190,1,-1,2,-2,1,3,1,-1,-3,-1,2,2,5,2,2,-2,-2,-5,-2,-2
0,1,9865,9868,29595,29596,29597,29600,29601,29602,59191,59192,59193,59194,59195,59198,59199,59200,59201,59202,1,-1,2,-2,1,3,1,-1,-3,-1,2,2,5,2,2,-2,-2,-5,-2,-2
0,1,9867,9870,29601,29602,29603,29606,29607,29608,59203,59204,59205,59206,59207,59210,59211,59212,59213,59214,1,-1,2,-2,1,3,1,-1,-3,-1,2,2,5,2,2,-2,-2,-5,-2,-2
0,1,9869,9872,29607,29608,29609,29612,29613,29614,59215,59216,59217,59218,59219,59222,59223,59224,59225,59226,1,-1,2,-2,1,3,1,-1,-3,-1,2,2,5,2,2,-2,-2,-5,-2,-2
0,1,9871,9874,29613,29614,29615,29618,29619,29620,59227,59228,59229,59230,59231,59234,59235,59236,59237,59238,1,-1,2,-2,1,3,1,-1,-3,-1,2,2,5,2,2,-2,-2,-5,-2,-2
0,1,9873,9876,29619,29620,29621,29624,29625,29626,59239,59240,59241,59242,59243,59246,59247,59248,59249,59250,1,-1,2,-2,1,3,1,-1,-3,-1,2,2,5,2,2,-2,-2,-5,-2,-2
0,1,9875,9878,29625,29626,29627,29630,29631,29632,59251,59252,59253,59254,59255,59258,59259,59260,59261,59262,1,-1,2,-2,1,3,1,-1,-3,-1,2,2,5,2,2,-2,-2,-5,-2,-2
0,1,9877,9880,29631,29632,29633,29636,29637,29638,59263,59264,59265,59266,59267,59270,59271,59272,59273,59274,1,-1,2,-2,1,3,1,-1,-3,-1,2,2,5,2,2,-2,-2,-5,-2,-2
0,1,9879,9882,29637,29638,29639,29642,29643,29644,59275,59276,59277,59278,59279,59282,59283,59284,59285,59286,1,-1,2,-2,1,3,1,-1,-3,-1,2,2,5,2,2,-2,-2,-5,-2,-2
0,1,9881,9884,29643,29644,29645,29648,29649,29650,59287,59288,59289,59290,59291,59294,59295,59296,59297,59298,1,-1,2,-2,1,3,1,-1,-3,-1,2,2,5,2,2,-2,-2,-5,-2,-2
0,1,9883,9886,29649,29650,29651,29654,29655,29656,59299,59300,59301,59302,59303,59306,59307,59308,59309,59310,1,-1,2,-2,1,3,1,-1,-3,-1,2,2,5,2,2,-2,-2,-5,-2,-2
0,1,9885,9888,29655,29656,29657,29660,29661,29662,59311,59312,59313,59314,59315,59318,59319,59320,59321,59322,1,-1,2,-2,1,3,1,-1,-3,-1,2,2,5,2,2,-2,-2,-5,-2,-2
0,1,9887,9890,29661,29662,29663,29666,29667,29668,59323,59324,59325,59326,59327,59330,59331,59332,59333,59334,1,-1,2,-2,1,3,1,-1,-3,-1,2,2,5,2,2,-2,-2,-5,-2,-2
0,1,9889,9892,29667,29668,29669,29672,29673,29674,59335,59336,59337,59338,59339,59342,59343,59344,59345,59346,1,-1,2,-2,1,3,1,-1,-3,-1,2,2,5,2,2,-2,-2,-5,-2,-2
0,1,9891,9894,29673,29674,29675,29678,29679,29680,59347,59348,59349,59350,59351,59354,59355,59356,59357,59358,1,-1,2,-2,1,3,1,-1,-3,-1,2,2,5,2,2,-2,-2,-5,-2,-2
0,1,9893,9896,29679,29680,29681,29684,29685,29686,59359,59360,59361,59362,59363,59366,59367,59368,59369,59370,1,-1,2,-2,1,3,1,-1,-3,-1,2,2,5,2,2,-2,-2,-5,-2,-2
0,1,9895,9898,29685,29686,29687,29690,29691,29692,59371,59372,59373,59374,59375,59378,59379,59380,59381,59382,1,-1,2,-2,1,3,1,-1,-3,-1,2,2,5,2,2,-2,-2,-5,-2,-2
0,1,9897,9900,29691,29692,29693,29696,29697,29698,59383,59384,59385,59386,59387,59390,59391,59392,59393,59394,1,-1,2,-2,1,3,1,-1,-3,-1,2,2,5,2,2,-2,-2,-5,-2,-2
0,1,9899,9902,29697,29698,29699,29702,29703,29704,59395,59396,59397,59398,59399,59402,59403,59404,59405,59406,1,-1,2,-2,1,3,1,-1,-3,-1,2,2,5,2,2,-2,-2,-5,-2,-2
0,1,9901,9904,29703,29704,29705,29708,29709,29710,59407,59408,59409,59410,59411,59414,59415,59416,59417,59418,1,-1,2,-2,1,3,1,-1,-3,-1,2,2,5,2,2,-2,-2,-5,-2,-2
0,1,9903,9906,29709,29710,29711,29714,29715,29716,59419,59420,59421,59422,59423,59426,59427,59428,59429,59430,1,-1,2,-2,1,3,1,-1,-3,-1,2,2,5,2,2,-2,-2,-5,-2,-2
0,1,9905,9908,29715,29716,29717,29720,29721,29722,59431,59432,59433,59434,59435,59438,59439,59440,59441,59442,1,-1,2,-2,1,3,1,-1,-3,-1,2,2,5,2,2,-2,-2,-5,-2,-2
0,1,9907,9910,29721,29722,29723,29726,29727,29728,59443,59444,59445,59446,59447,59450,59451,59452,59453,59454,1,-1,2,-2,1,3,1,-1,-3,-1,2,2,5,2,2,-2,-2,-5,-2,-2
0,1,9909,9912,29727,29728,29729,29732,29733,29734,59455,59456,59457,59458,59459,59462,59463,59464,59465,59466,1,-1,2,-2,1,3,1,-1,-3,-1,2,2,5,2,2,-2,-2,-5,-2,-2
0,1,9911,9914,29733,29734,29735,29738,29739,29740,59467,59468,59469,59470,59471,59474,59475,59476,59477,59478,1,-1,2,-2,1,3,1,-1,-3,-1,2,2,5,2,2,-2,-2,-5,-2,-2
0,1,9913,9916,29739,29740,29741,29744,29745,29746,59479,59480,59481,59482,59483,59486,59487,59488,59489,59490,1,-1,2,-2,1,3,1,-1,-3,-1,2,2,5,2,2,-2,-2,-5,-2,-2
0,1,9915,9918,29745,29746,29747,29750,29751,29752,59491,59492,59493,59494,59495,59498,59499,59500,59501,59502,1,-1,2,-2,1,3,1,-1,-3,-1,2,2,5,2,2,-2,-2,-5,-2,-2
0,1,9917,9920,29751,29752,29753,29756,29757,29758,59503,59504,59505,59506,59507,59510,59511,59512,59513,59514,1,-1,2,-2,1,3,1,-1,-3,-1,2,2,5,2,2,-2,-2,-5,-2,-2
0,1,9919,9922,29757,29758,29759,29762,29763,29764,59515,59516,59517,59518,59519,59522,59523,59524,59525,59526,1,-1,2,-2,1,3,1,-1,-3,-1,2,2,5,2,2,-2,-2,-5,-2,-2
0,1,9921,9924,29763,29764,29765,29768,29769,29770,59527,59528,59529,59530,59531,59534,59535,59536,59537,59538,1,-1,2,-2,1,3,1,-1,-3,-1,2,2,5,2,2,-2,-2,-5,-2,-2
0,1,9923,9926,29769,29770,29771,29774,29775,29776,59539,59540,59541,59542,59543,59546,59547,59548,59549,59550,1,-1,2,-2,1,3,1,-1,-3,-1,2,2,5,2,2,-2,-2,-5,-2,-2
0,1,9925,9928,29775,29776,29777,29780,29781,29782,59551,59552,59553,59554,59555,59558,59559,59560,59561,59562,1,-1,2,-2,1,3,1,-1,-3,-1,2,2,5,2,2,-2,-2,-5,-2,-2
0,1,9927,9930,29781,29782,29783,29786,29787,29788,59563,59564,59565,59566,59567,59570,59571,59572,59573,59574,1,-1,2,-2,1,3,1,-1,-3,-1,2,2,5,2,2,-2,-2,-5,-2,-2
0,1,9929,9932,29787,29788,29789,29792,29793,29794,59575,59576,59577,59578,59579,59582,59583,59584,59585,59586,1,-1,2,-2,1,3,1,-1,-3,-1,2,2,5,2,2,-2,-2,-5,-2,-2
0,1,9931,9934,29793,29794,29795,29798,29799,29800,59587,59588,59589,59590,59591,59594,59595,59596,59597,59598,1,-1,2,-2,1,3,1,-1,-3,-1,2,2,5,2,2,-2,-2,-5,-2,-2
0,1,9933,9936,29799,29800,29801,29804,29805,29806,59599,59600,59601,59602,59603,59606,59607,59608,59609,59610,1,-1,2,-2,1,3,1,-1,-3,-1,2,2,5,2,2,-2,-2,-5,-2,-2
0,1,9935,9938,29805,29806,29807,29810,29811,29812,59611,59612,59613,59614,59615,59618,59619,59620,59621,59622,1,-1,2,-2,1,3,1,-1,-3,-1,2,2,5,2,2,-2,-2,-5,-2,-2
0,1,9937,9940,29811,29812,29813,29816,29817,29818,59623,59624,59625,59626,59627,59630,59631,59632,59633,59634,1,-1,2,-2,1,3,1,-1,-3,-1,2,2,5,2,2,-2,-2,-5,-2,-2
0,1,9939,9942,29817,29818,29819,29822,29823,29824,59635,59636,59637,59638,59639,59642,59643,59644,59645,59646,1,-1,2,-2,1,3,1,-1,-3,-1,2,2,5,2,2,-2,-2,-5,-2,-2
0,1,9941,9944,29823,29824,29825,29828,29829,29830,59647,59648,59649,59650,59651,59654,59655,59656,59657,59658,1,-1,2,-2,1,3,1,-1,-3,-1,2,2,5,2,2,-2,-2,-5,-2,-2
0,1,9943,9946,29829,29830,29831,29834,29835,29836,59659,59660,59661,59662,59663,59666,59667,59668,59669,59670,1,-1,2,-2,1,3,1,-1,-3,-1,2,2,5,2,2,-2,-2,-5,-2,-2
0,1,9945,9948,29835,29836,29837,29840,29841,29842,59671,59672,59673,59674,59675,59678,59679,59680,59681,59682,1,-1,2,-2,1,3,1,-1,-3,-1,2,2,5,2,2,-2,-2,-5,-2,-2
0,1,9947,9950,29841,29842,29843,29846,29847,29848,59683,59684,59685,59686,59687,59690,59691,59692,59693,59694,1,-1,2,-2,1,3,1,-1,-3,-1,2,2,5,2,2,-2,-2,-5,-2,-2
0,1,9949,9952,29847,29848,29849,29852,29853,29854,59695,59696,59697,59698,59699,59702,59703,59704,59705,59706,1,-1,2,-2,1,3,1,-1,-3,-1,2,2,5,2,2,-2,-2,-5,-2,-2
0,1,9951,9954,29853,29854,29855,29858,29859,29860,59707,59708,59709,59710,59711,59714,59715,59716,59717,59718,1,-1,2,-2,1,3,1,-1,-3,-1,2,2,5,2,2,-2,-2,-5,-2,-2
0,1,9953,9956,29859,29860,29861,29864,29865,29866,59719,59720,59721,59722,59723,59726,59727,59728,59729,59730,1,-1,2,-2,1,3,1,-1,-3,-1,2,2,5,2,2,-2,-2,-5,-2,-2
0,1,9955,9958,29865,29866,29867,29870,29871,29872,59731,59732,59733,59734,59735,59738,59739,59740,59741,59742,1,-1,2,-2,1,3,1,-1,-3,-1,2,2,5,2,2,-2,-2,-5,-2,-2
0,1,9957,9960,29871,29872,29873,29876,29877,29878,59743,59744,59745,59746,59747,59750,59751,59752,59753,59754,1,-1,2,-2,1,3,1,-1,-3,-1,2,2,5,2,2,-2,-2,-5,-2,-2
0,1,9959,9962,29877,29878,29879,29882,29883,29884,59755,59756,59757,59758,59759,59762,59763,59764,59765,59766,1,-1,2,-2,1,3,1,-1,-3,-1,2,2,5,2,2,-2,-2,-5,-2,-2
0,1,9961,9964,29883,29884,29885,29888,29889,29890,59767,59768,59769,59770,59771,59774,59775,59776,59777,59778,1,-1,2,-2,1,3,1,-1,-3,-1,2,2,5,2,2,-2,-2,-5,-2,-2
0,1,9963,9966,29889,29890,29891,29894,29895,29896,59779,59780,59781,59782,59783,59786,59787,59788,59789,59790,1,-1,2,-2,1,3,1,-1,-3,-1,2,2,5,2,2,-2,-2,-5,-2,-2
0,1,9965,9968,29895,29896,29897,29900,29901,29902,59791,59792,59793,59794,59795,59798,59799,59800,59801,59802,1,-1,2,-2,1,3,1,-1,-3,-1,2,2,5,2,2,-2,-2,-5,-2,-2
0,1,9967,9970,29901,29902,29903,29906,29907,29908,59803,59804,59805,59806,59807,59810,59811,59812,59813,59814,1,-1,2,-2,1,3,1,-1,-3,-1,2,2,5,2,2,-2,-2,-5,-2,-2
0,1,9969,9972,29907,29908,29909,29912,29913,29914,59815,59816,59817,59818,59819,59822,59823,59824,59825,59826,1,-1,2,-2,1,3,1,-1,-3,-1,2,2,5,2,2,-2,-2,-5,-2,-2
0,1,9971,9974,29913,29914,29915,29918,29919,29920,59827,59828,59829,59830,59831,59834,59835,59836,59837,59838,1,-1,2,-2,1,3,1,-1,-3,-1,2,2,5,2,2,-2,-2,-5,-2,-2
0,1,9973,9976,29919,29920,29921,29924,29925,29926,59839,59840,59841,59842,59843,59846,59847,59848,59849,59850,1,-1,2,-2,1,3,1,-1,-3,-1,2,2,5,2,2,-2,-2,-5,-2,-2
0,1,9975,9978,29925,29926,29927,29930,29931,29932,59851,59852,59853,59854,59855,59858,59859,59860,59861,59862,1,-1,2,-2,1,3,1,-1,-3,-1,2,2,5,2,2,-2,-2,-5,-2,-2
0,1,9977,9980,29931,29932,29933,29936,29937,29938,59863,59864,59865,59866,59867,59870,59871,59872,59873,59874,1,-1,2,-2,1,3,1,-1,-3,-1,2,2,5,2,2,-2,-2,-5,-2,-2
0,1,9979,9982,29937,29938,29939,29942,29943,29944,59875,59876,59877,59878,59879,59882,59883,59884,59885,59886,1,-1,2,-2,1,3,1,-1,-3,-1,2,2,5,2,2,-2,-2,-5,-2,-2
0,1,9981,9984,29943,29944,29945,29948,29949,29950,59887,59888,59889,59890,59891,59894,59895,59896,59897,59898,1,-1,2,-2,1,3,1,-1,-3,-1,2,2,5,2,2,-2,-2,-5,-2,-2
0,1,9983,9986,29949,29950,29951,29954,29955,29956,59899,59900,59901,59902,59903,59906,59907,59908,59909,59910,1,-1,2,-2,1,3,1,-1,-3,-1,2,2,5,2,2,-2,-2,-5,-2,-2
0,1,9985,9988,29955,29956,29957,29960,29961,29962,59911,59912,59913,59914,59915,59918,59919,59920,59921,59922,1,-1,2,-2,1,3,1,-1,-3,-1,2,2,5,2,2,-2,-2,-5,-2,-2
0,1,9987,9990,29961,29962,29963,29966,29967,29968,59923,59924,59925,59926,59927,59930,59931,59932,59933,59934,1,-1,2,-2,1,3,1,-1,-3,-1,2,2,5,2,2,-2,-2,-5,-2,-2
0,1,9989,9992,29967,29968,29969,29972,29973,29974,59935,59936,59937,59938,59939,59942,59943,59944,59945,59946,1,-1,2,-2,1,3,1,-1,-3,-1,2,2,5,2,2,-2,-2,-5,-2,-2
0,1,9991,9994,29973,29974,29975,29978,29979,29980,59947,59948,59949,59950,59951,59954,59955,59956,59957,59958,1,-1,2,-2,1,3,1,-1,-3,-1,2,2,5,2,2,-2,-2,-5,-2,-2
0,1,9993,9996,29979,29980,29981,29984,29985,29986,59959,59960,59961,59962,59963,59966,59967,59968,59969,59970,1,-1,2,-2,1,3,1,-1,-3,-1,2,2,5,2,2,-2,-2,-5,-2,-2
0,1,9995,9998,29985,29986,29987,29990,29991,29992,59971,59972,59973,59974,59975,59978,59979,59980,59981,59982,1,-1,2,-2,1,3,1,-1,-3,-1,2,2,5,2,2,-2,-2,-5,-2,-2
0,1,9997,10000,29991,29992,29993,29996,29997,29998,59983,59984,59985,59986,59987,59990,59991,59992,59993,59994,1,-1,2,-2,1,3,1,-1,-3,-1,2,2,5,2,2,-2,-2,-5,-2,-2
0,1,9999,10002,29997,29998,29999,30002,30003,30004,59995,59996,59997,59998,59999,60002,60003,60004,60005,60006,1,-1,2,-2,1,3,1,-1,-3,-1,2,2,5,2,2,-2,-2,-5,-2,-2
0,1,10001,10004,30003,30004,30005,30008,30009,30010,60007,60008,60009,60010,60011,60014,60015,60016,60017,60018,1,-1,2,-2,1,3,1,-1,-3,-1,2,2,5,2,2,-2,-2,-5,-2,-2
0,1,10003,10006,30009,30010,30011,30014,30015,30016,60019,60020,60021,60022,60023,60026,60027,60028,60029,60030,1,-1,2,-2,1,3,1,-1,-3,-1,2,2,5,2,2,-2,-2,-5,-2,-2
0,1,10005,10008,30015,30016,30017,30020,30021,30022,60031,60032,60033,60034,60035,60038,60039,60040,60041,60042,1,-1,2,-2,1,3,1,-1,-3,-1,2,2,5,2,2,-2,-2,-5,-2,-2
0,1,10007,10010,30021,30022,30023,30026,30027,30028,60043,60044,60045,60046,60047,60050,60051,60052,60053,60054,1,-1,2,-2,1,3,1,-1,-3,-1,2,2,5,2,2,-2,-2,-5,-2,-2
0,1,10009,10012,30027,30028,30029,30032,30033,30034,60055,60056,60057,60058,60059,60062,60063,60064,60065,60066,1,-1,2,-2,1,3,1,-1,-3,-1,2,2,5,2,2,-2,-2,-5,-2,-2
0,1,10011,10014,30033,30034,30035,30038,30039,30040,60067,60068,60069,60070,60071,60074,60075,60076,60077,60078,1,-1,2,-2,1,3,1,-1,-3,-1,2,2,5,2,2,-2,-2,-5,-2,-2
0,1,10013,10016,30039,30040,30041,30044,30045,30046,60079,60080,60081,60082,60083,60086,60087,60088,60089,60090,1,-1,2,-2,1,3,1,-1,-3,-1,2,2,5,2,2,-2,-2,-5,-2,-2
0,1,10015,10018,30045,30046,30047,30050,30051,30052,60091,60092,60093,60094,60095,60098,60099,60100,60101,60102,1,-1,2,-2,1,3,1,-1,-3,-1,2,2,5,2,2,-2,-2,-5,-2,-2
0,1,10017,10020,30051,30052,30053,30056,30057,30058,60103,60104,60105,60106,60107,60110,60111,60112,60113,60114,1,-1,2,-2,1,3,1,-1,-3,-1,2,2,5,2,2,-2,-2,-5,-2,-2
0,1,10019,10022,30057,30058,30059,30062,30063,30064,60115,60116,60117,60118,60119,60122,60123,60124,60125,60126,1,-1,2,-2,1,3,1,-1,-3,-1,2,2,5,2,2,-2,-2,-5,-2,-2
0,1,10021,10024,30063,30064,30065,30068,30069,30070,60127,60128,60129,60130,60131,60134,60135,60136,60137,60138,1,-1,2,-2,1,3,1,-1,-3,-1,2,2,5,2,2,-2,-2,-5,-2,-2
0,1,10023,10026,30069,30070,30071,30074,30075,30076,60139,60140,60141,60142,60143,60146,60147,60148,60149,60150,1,-1,2,-2,1,3,1,-1,-3,-1,2,2,5,2,2,-2,-2,-5,-2,-2
0,1,10025,10028,30075,30076,30077,30080,30081,30082,60151,60152,60153,60154,60155,60158,60159,60160,60161,60162,1,-1,2,-2,1,3,1,-1,-3,-1,2,2,5,2,2,-2,-2,-5,-2,-2
0,1,10027,10030,30081,30082,30083,30086,30087,30088,60163,60164,60165,60166,60167,60170,60171,60172,60173,60174,1,-1,2,-2,1,3,1,-1,-3,-1,2,2,5,2,2,-2,-2,-5,-2,-2
0,1,10029,10032,30087,30088,30089,30092,30093,30094,60175,60176,60177,60178,60179,60182,60183,60184,60185,60186,1,-1,2,-2,1,3,1,-1,-3,-1,2,2,5,2,2,-2,-2,-5,-2,-2
0,1,10031,10034,30093,30094,30095,30098,30099,30100,60187,60188,60189,60190,60191,60194,60195,60196,60197,60198,1,-1,2,-2,1,3,1,-1,-3,-1,2,2,5,2,2,-2,-2,-5,-2,-2
0,1,10033,10036,30099,30100,30101,30104,30105,30106,60199,60200,60201,60202,60203,60206,60207,60208,60209,60210,1,-1,2,-2,1,3,1,-1,-3,-1,2,2,5,2,2,-2,-2,-5,-2,-2
0,1,10035,10038,30105,30106,30107,30110,30111,30112,60211,60212,60213,60214,60215,60218,60219,60220,60221,60222,1,-1,2,-2,1,3,1,-1,-3,-1,2,2,5,2,2,-2,-2,-5,-2,-2
0,1,10037,10040,30111,30112,30113,30116,30117,30118,60223,60224,60225,60226,60227,60230,60231,60232,60233,60234,1,-1,2,-2,1,3,1,-1,-3,-1,2,2,5,2,2,-2,-2,-5,-2,-2
0,1,10039,10042,30117,30118,30119,30122,30123,30124,60235,60236,60237,60238,60239,60242,60243,60244,60245,60246,1,-1,2,-2,1,3,1,-1,-3,-1,2,2,5,2,2,-2,-2,-5,-2,-2
0,1,10041,10044,30123,30124,30125,30128,30129,30130,60247,60248,60249,60250,60251,60254,60255,60256,60257,60258,1,-1,2,-2,1,3,1,-1,-3,-1,2,2,5,2,2,-2,-2,-5,-2,-2
0,1,10043,10046,30129,30130,30131,30134,30135,30136,60259,60260,60261,60262,60263,60266,60267,60268,60269,60270,1,-1,2,-2,1,3,1,-1,-3,-1,2,2,5,2,2,-2,-2,-5,-2,-2
0,1,10045,10048,30135,30136,30137,30140,30141,30142,60271,60272,60273,60274,60275,60278,60279,60280,60281,60282,1,-1,2,-2,1,3,1,-1,-3,-1,2,2,5,2,2,-2,-2,-5,-2,-2
0,1,10047,10050,30141,30142,30143,30146,30147,30148,60283,60284,60285,60286,60287,60290,60291,60292,60293,60294,1,-1,2,-2,1,3,1,-1,-3,-1,2,2,5,2,2,-2,-2,-5,-2,-2
0,1,10049,10052,30147,30148,30149,30152,30153,30154,60295,60296,60297,60298,60299,60302,60303,60304,60305,60306,1,-1,2,-2,1,3,1,-1,-3,-1,2,2,5,2,2,-2,-2,-5,-2,-2
0,1,10051,10054,30153,30154,30155,30158,30159,30160,60307,60308,60309,60310,60311,60314,60315,60316,60317,60318,1,-1,2,-2,1,3,1,-1,-3,-1,2,2,5,2,2,-2,-2,-5,-2,-2
0,1,10053,10056,30159,30160,30161,30164,30165,30166,60319,60320,60321,60322,60323,60326,60327,60328,60329,60330,1,-1,2,-2,1,3,1,-1,-3,-1,2,2,5,2,2,-2,-2,-5,-2,-2
0,1,10055,10058,30165,30166,30167,30170,30171,30172,60331,60332,60333,60334,60335,60338,60339,60340,60341,60342,1,-1,2,-2,1,3,1,-1,-3,-1,2,2,5,2,2,-2,-2,-5,-2,-2
0,1,10057,10060,30171,30172,30173,30176,30177,30178,60343,60344,60345,60346,60347,60350,60351,60352,60353,60354,1,-1,2,-2,1,3,1,-1,-3,-1,2,2,5,2,2,-2,-2,-5,-2,-2
0,1,10059,10062,30177,30178,30179,30182,30183,30184,60355,60356,60357,60358,60359,60362,60363,60364,60365,60366,1,-1,2,-2,1,3,1,-1,-3,-1,2,2,5,2,2,-2,-2,-5,-2,-2
0,1,10061,10064,30183,30184,30185,30188,30189,30190,60367,60368,60369,60370,60371,60374,60375,60376,60377,60378,1,-1,2,-2,1,3,1,-1,-3,-1,2,2,5,2,2,-2,-2,-5,-2,-2
0,1,10063,10066,30189,30190,30191,30194,30195,30196,60379,60380,60381,60382,60383,60386,60387,60388,60389,60390,1,-1,2,-2,1,3,1,-1,-3,-1,2,2,5,2,2,-2,-2,-5,-2,-2
0,1,10065,10068,30195,30196,30197,30200,30201,30202,60391,60392,60393,60394,60395,60398,60399,60400,60401,60402,1,-1,2,-2,1,3,1,-1,-3,-1,2,2,5,2,2,-2,-2,-5,-2,-2
0,1,10067,10070,30201,30202,30203,30206,30207,30208,60403,60404,60405,60406,60407,60410,60411,60412,60413,60414,1,-1,2,-2,1,3,1,-1,-3,-1,2,2,5,2,2,-2,-2,-5,-2,-2
0,1,10069,10072,30207,30208,30209,30212,30213,30214,60415,60416,60417,60418,60419,60422,60423,60424,60425,60426,1,-1,2,-2,1,3,1,-1,-3,-1,2,2,5,2,2,-2,-2,-5,-2,-2
0,1,10071,10074,30213,30214,30215,30218,30219,30220,60427,60428,60429,60430,60431,60434,60435,60436,60437,60438,1,-1,2,-2,1,3,1,-1,-3,-1,2,2,5,2,2,-2,-2,-5,-2,-2
0,1,10073,10076,30219,30220,30221,30224,30225,30226,60439,60440,60441,60442,60443,60446,60447,60448,60449,60450,1,-1,2,-2,1,3,1,-1,-3,-1,2,2,5,2,2,-2,-2,-5,-2,-2
0,1,10075,10078,30225,30226,30227,30230,30231,30232,60451,60452,60453,60454,60455,60458,60459,60460,60461,60462,1,-1,2,-2,1,3,1,-1,-3,-1,2,2,5,2,2,-2,-2,-5,-2,-2
0,1,10077,10080,30231,30232,30233,30236,30237,30238,60463,60464,60465,60466,60467,60470,60471,60472,60473,60474,1,-1,2,-2,1,3,1,-1,-3,-1,2,2,5,2,2,-2,-2,-5,-2,-2
0,1,10079,10082,30237,30238,30239,30242,30243,30244,60475,60476,60477,60478,60479,60482,60483,60484,60485,60486,1,-1,2,-2,1,3,1,-1,-3,-1,2,2,5,2,2,-2,-2,-5,-2,-2
0,1,10081,10084,30243,30244,30245,30248,30249,30250,60487,60488,60489,60490,60491,60494,60495,60496,60497,60498,1,-1,2,-2,1,3,1,-1,-3,-1,2,2,5,2,2,-2,-2,-5,-2,-2
0,1,10083,10086,30249,30250,30251,30254,30255,30256,60499,60500,60501,60502,60503,60506,60507,60508,60509,60510,1,-1,2,-2,1,3,1,-1,-3,-1,2,2,5,2,2,-2,-2,-5,-2,-2
0,1,10085,10088,30255,30256,30257,30260,30261,30262,60511,60512,60513,60514,60515,60518,60519,60520,60521,60522,1,-1,2,-2,1,3,1,-1,-3,-1,2,2,5,2,2,-2,-2,-5,-2,-2
0,1,10087,10090,30261,30262,30263,30266,30267,30268,60523,60524,60525,60526,60527,60530,60531,60532,60533,60534,1,-1,2,-2,1,3,1,-1,-3,-1,2,2,5,2,2,-2,-2,-5,-2,-2
0,1,10089,10092,30267,30268,30269,30272,30273,30274,60535,60536,60537,60538,60539,60542,60543,60544,60545,60546,1,-1,2,-2,1,3,1,-1,-3,-1,2,2,5,2,2,-2,-2,-5,-2,-2
0,1,10091,10094,30273,30274,30275,30278,30279,30280,60547,60548,60549,60550,60551,60554,60555,60556,60557,60558,1,-1,2,-2,1,3,1,-1,-3,-1,2,2,5,2,2,-2,-2,-5,-2,-2
0,1,10093,10096,30279,30280,30281,30284,30285,30286,60559,60560,60561,60562,60563,60566,60567,60568,60569,60570,1,-1,2,-2,1,3,1,-1,-3,-1,2,2,5,2,2,-2,-2,-5,-2,-2
0,1,10095,10098,30285,30286,30287,30290,30291,30292,60571,60572,60573,60574,60575,60578,60579,60580,60581,60582,1,-1,2,-2,1,3,1,-1,-3,-1,2,2,5,2,2,-2,-2,-5,-2,-2
0,1,10097,10100,30291,30292,30293,30296,30297,30298,60583,60584,60585,60586,60587,60590,60591,60592,60593,60594,1,-1,2,-2,1,3,1,-1,-3,-1,2,2,5,2,2,-2,-2,-5,-2,-2
0,1,10099,10102,30297,30298,30299,30302,30303,30304,60595,60596,60597,60598,60599,60602,60603,60604,60605,60606,1,-1,2,-2,1,3,1,-1,-3,-1,2,2,5,2,2,-2,-2,-5,-2,-2
0,1,10101,10104,30303,30304,30305,30308,30309,30310,60607,60608,60609,60610,60611,60614,60615,60616,60617,60618,1,-1,2,-2,1,3,1,-1,-3,-1,2,2,5,2,2,-2,-2,-5,-2,-2
0,1,10103,10106,30309,30310,30311,30314,30315,30316,60619,60620,60621,60622,60623,60626,60627,60628,60629,60630,1,-1,2,-2,1,3,1,-1,-3,-1,2,2,5,2,2,-2,-2,-5,-2,-2
0,1,10105,10108,30315,30316,30317,30320,30321,30322,60631,60632,60633,60634,60635,60638,60639,60640,60641,60642,1,-1,2,-2,1,3,1,-1,-3,-1,2,2,5,2,2,-2,-2,-5,-2,-2
0,1,10107,10110,30321,30322,30323,30326,30327,30328,60643,60644,60645,60646,60647,60650,60651,60652,60653,60654,1,-1,2,-2,1,3,1,-1,-3,-1,2,2,5,2,2,-2,-2,-5,-2,-2
0,1,10109,10112,30327,30328,30329,30332,30333,30334,60655,60656,60657,60658,60659,60662,60663,60664,60665,60666,1,-1,2,-2,1,3,1,-1,-3,-1,2,2,5,2,2,-2,-2,-5,-2,-2
0,1,10111,10114,30333,30334,30335,30338,30339,30340,60667,60668,60669,60670,60671,60674,60675,60676,60677,60678,1,-1,2,-2,1,3,1,-1,-3,-1,2,2,5,2,2,-2,-2,-5,-2,-2
0,1,10113,10116,30339,30340,30341,30344,30345,30346,60679,60680,60681,60682,60683,60686,60687,60688,60689,60690,1,-1,2,-2,1,3,1,-1,-3,-1,2,2,5,2,2,-2,-2,-5,-2,-2
0,1,10115,10118,30345,30346,30347,30350,30351,30352,60691,60692,60693,60694,60695,60698,60699,60700,60701,60702,1,-1,2,-2,1,3,1,-1,-3,-1,2,2,5,2,2,-2,-2,-5,-2,-2
0,1,10117,10120,30351,30352,30353,30356,30357,30358,60703,60704,60705,60706,60707,60710,60711,60712,60713,60714,1,-1,2,-2,1,3,1,-1,-3,-1,2,2,5,2,2,-2,-2,-5,-2,-2
0,1,10119,10122,30357,30358,30359,30362,30363,30364,60715,60716,60717,60718,60719,60722,60723,60724,60725,60726,1,-1,2,-2,1,3,1,-1,-3,-1,2,2,5,2,2,-2,-2,-5,-2,-2
0,1,10121,10124,30363,30364,30365,30368,30369,30370,60727,60728,60729,60730,60731,60734,60735,60736,60737,60738,1,-1,2,-2,1,3,1,-1,-3,-1,2,2,5,2,2,-2,-2,-5,-2,-2
0,1,10123,10126,30369,30370,30371,30374,30375,30376,60739,60740,60741,60742,60743,60746,60747,60748,60749,60750,1,-1,2,-2,1,3,1,-1,-3,-1,2,2,5,2,2,-2,-2,-5,-2,-2
0,1,10125,10128,30375,30376,30377,30380,30381,30382,60751,60752,60753,60754,60755,60758,60759,60760,60761,60762,1,-1,2,-2,1,3,1,-1,-3,-1,2,2,5,2,2,-2,-2,-5,-2,-2
0,1,10127,10130,30381,30382,30383,30386,30387,30388,60763,60764,60765,60766,60767,60770,60771,60772,60773,60774,1,-1,2,-2,1,3,1,-1,-3,-1,2,2,5,2,2,-2,-2,-5,-2,-2
0,1,10129,10132,30387,30388,30389,30392,30393,30394,60775,60776,60777,60778,60779,60782,60783,60784,60785,60786,1,-1,2,-2,1,3,1,-1,-3,-1,2,2,5,2,2,-2,-2,-5,-2,-2
0,1,10131,10134,30393,30394,30395,30398,30399,30400,60787,60788,60789,60790,60791,60794,60795,60796,60797,60798,1,-1,2,-2,1,3,1,-1,-3,-1,2,2,5,2,2,-2,-2,-5,-2,-2
0,1,10133,10136,30399,30400,30401,30404,30405,30406,60799,60800,60801,60802,60803,60806,60807,60808,60809,60810,1,-1,2,-2,1,3,1,-1,-3,-1,2,2,5,2,2,-2,-2,-5,-2,-2
0,1,10135,10138,30405,30406,30407,30410,30411,30412,60811,60812,60813,60814,60815,60818,60819,60820,60821,60822,1,-1,2,-2,1,3,1,-1,-3,-1,2,2,5,2,2,-2,-2,-5,-2,-2
0,1,10137,10140,30411,30412,30413,30416,30417,30418,60823,60824,60825,60826,60827,60830,60831,60832,60833,60834,1,-1,2,-2,1,3,1,-1,-3,-1,2,2,5,2,2,-2,-2,-5,-2,-2
0,1,10139,10142,30417,30418,30419,30422,30423,30424,60835,60836,60837,60838,60839,60842,60843,60844,60845,60846,1,-1,2,-2,1,3,1,-1,-3,-1,2,2,5,2,2,-2,-2,-5,-2,-2
0,1,10141,10144,30423,30424,30425,30428,30429,30430,60847,60848,60849,60850,60851,60854,60855,60856,60857,60858,1,-1,2,-2,1,3,1,-1,-3,-1,2,2,5,2,2,-2,-2,-5,-2,-2
0,1,10143,10146,30429,30430,30431,30434,30435,30436,60859,60860,60861,60862,60863,60866,60867,60868,60869,60870,1,-1,2,-2,1,3,1,-1,-3,-1,2,2,5,2,2,-2,-2,-5,-2,-2
0,1,10145,10148,30435,30436,30437,30440,30441,30442,60871,60872,60873,60874,60875,60878,60879,60880,60881,60882,1,-1,2,-2,1,3,1,-1,-3,-1,2,2,5,2,2,-2,-2,-5,-2,-2
0,1,10147,10150,30441,30442,30443,30446,30447,30448,60883,60884,60885,60886,60887,60890,60891,60892,60893,60894,1,-1,2,-2,1,3,1,-1,-3,-1,2,2,5,2,2,-2,-2,-5,-2,-2
0,1,10149,10152,30447,30448,30449,30452,30453,30454,60895,60896,60897,60898,60899,60902,60903,60904,60905,60906,1,-1,2,-2,1,3,1,-1,-3,-1,2,2,5,2,2,-2,-2,-5,-2,-2
0,1,10151,10154,30453,30454,30455,30458,30459,30460,60907,60908,60909,60910,60911,60914,60915,60916,60917,60918,1,-1,2,-2,1,3,1,-1,-3,-1,2,2,5,2,2,-2,-2,-5,-2,-2
0,1,10153,10156,30459,30460,30461,30464,30465,30466,60919,60920,60921,60922,60923,60926,60927,60928,60929,60930,1,-1,2,-2,1,3,1,-1,-3,-1,2,2,5,2,2,-2,-2,-5,-2,-2
0,1,10155,10158,30465,30466,30467,30470,30471,30472,60931,60932,60933,60934,60935,60938,60939,60940,60941,60942,1,-1,2,-2,1,3,1,-1,-3,-1,2,2,5,2,2,-2,-2,-5,-2,-2
0,1,10157,10160,30471,30472,30473,30476,30477,30478,60943,60944,60945,60946,60947,60950,60951,60952,60953,60954,1,-1,2,-2,1,3,1,-1,-3,-1,2,2,5,2,2,-2,-2,-5,-2,-2
0,1,10159,10162,30477,30478,30479,30482,30483,30484,60955,60956,60957,60958,60959,60962,60963,60964,60965,60966,1,-1,2,-2,1,3,1,-1,-3,-1,2,2,5,2,2,-2,-2,-5,-2,-2
0,1,10161,10164,30483,30484,30485,30488,30489,30490,60967,60968,60969,60970,60971,60974,60975,60976,60977,60978,1,-1,2,-2,1,3,1,-1,-3,-1,2,2,5,2,2,-2,-2,-5,-2,-2
0,1,10163,10166,30489,30490,30491,30494,30495,30496,60979,60980,60981,60982,60983,60986,60987,60988,60989,60990,1,-1,2,-2,1,3,1,-1,-3,-1,2,2,5,2,2,-2,-2,-5,-2,-2
0,1,10165,10168,30495,30496,30497,30500,30501,30502,60991,60992,60993,60994,60995,60998,60999,61000,61001,61002,1,-1,2,-2,1,3,1,-1,-3,-1,2,2,5,2,2,-2,-2,-5,-2,-2
0,1,10167,10170,30501,30502,30503,30506,30507,30508,61003,61004,61005,61006,61007,61010,61011,61012,61013,61014,1,-1,2,-2,1,3,1,-1,-3,-1,2,2,5,2,2,-2,-2,-5,-2,-2
0,1,10169,10172,30507,30508,30509,30512,30513,30514,61015,61016,61017,61018,61019,61022,61023,61024,61025,61026,1,-1,2,-2,1,3,1,-1,-3,-1,2,2,5,2,2,-2,-2,-5,-2,-2
0,1,10171,10174,30513,30514,30515,30518,30519,30520,61027,61028,61029,61030,61031,61034,61035,61036,61037,61038,1,-1,2,-2,1,3,1,-1,-3,-1,2,2,5,2,2,-2,-2,-5,-2,-2
0,1,10173,10176,30519,30520,30521,30524,30525,30526,61039,61040,61041,61042,61043,61046,61047,61048,61049,61050,1,-1,2,-2,1,3,1,-1,-3,-1,2,2,5,2,2,-2,-2,-5,-2,-2
0,1,10175,10178,30525,30526,30527,30530,30531,30532,61051,61052,61053,61054,61055,61058,61059,61060,61061,61062,1,-1,2,-2,1,3,1,-1,-3,-1,2,2,5,2,2,-2,-2,-5,-2,-2
0,1,10177,10180,30531,30532,30533,30536,30537,30538,61063,61064,61065,61066,61067,61070,61071,61072,61073,61074,1,-1,2,-2,1,3,1,-1,-3,-1,2,2,5,2,2,-2,-2,-5,-2,-2
0,1,10179,10182,30537,30538,30539,30542,30543,30544,61075,61076,61077,61078,61079,61082,61083,61084,61085,61086,1,-1,2,-2,1,3,1,-1,-3,-1,2,2,5,2,2,-2,-2,-5,-2,-2
0,1,10181,10184,30543,30544,30545,30548,30549,30550,61087,61088,61089,61090,61091,61094,61095,61096,61097,61098,1,-1,2,-2,1,3,1,-1,-3,-1,2,2,5,2,2,-2,-2,-5,-2,-2
0,1,10183,10186,30549,30550,30551,30554,30555,30556,61099,61100,61101,61102,61103,61106,61107,61108,61109,61110,1,-1,2,-2,1,3,1,-1,-3,-1,2,2,5,2,2,-2,-2,-5,-2,-2
0,1,10185,10188,30555,30556,30557,30560,30561,30562,61111,61112,61113,61114,61115,61118,61119,61120,61121,61122,1,-1,2,-2,1,3,1,-1,-3,-1,2,2,5,2,2,-2,-2,-5,-2,-2
0,1,10187,10190,30561,30562,30563,30566,30567,30568,61123,61124,61125,61126,61127,61130,61131,61132,61133,61134,1,-1,2,-2,1,3,1,-1,-3,-1,2,2,5,2,2,-2,-2,-5,-2,-2
0,1,10189,10192,30567,30568,30569,30572,30573,30574,61135,61136,61137,61138,61139,61142,61143,61144,61145,61146,1,-1,2,-2,1,3,1,-1,-3,-1,2,2,5,2,2,-2,-2,-5,-2,-2
0,1,10191,10194,30573,30574,30575,30578,30579,30580,61147,61148,61149,61150,61151,61154,61155,61156,61157,61158,1,-1,2,-2,1,3,1,-1,-3,-1,2,2,5,2,2,-2,-2,-5,-2,-2
0,1,10193,10196,30579,30580,30581,30584,30585,30586,61159,61160,61161,61162,61163,61166,61167,61168,61169,61170,1,-1,2,-2,1,3,1,-1,-3,-1,2,2,5,2,2,-2,-2,-5,-2,-2
0,1,10195,10198,30585,30586,30587,30590,30591,30592,61171,61172,61173,61174,61175,61178,61179,61180,61181,61182,1,-1,2,-2,1,3,1,-1,-3,-1,2,2,5,2,2,-2,-2,-5,-2,-2
0,1,10197,10200,30591,30592,30593,30596,30597,30598,61183,61184,61185,61186,61187,61190,61191,61192,61193,61194,1,-1,2,-2,1,3,1,-1,-3,-1,2,2,5,2,2,-2,-2,-5,-2,-2
0,1,10199,10202,30597,30598,30599,30602,30603,30604,61195,61196,61197,61198,61199,61202,61203,61204,61205,61206,1,-1,2,-2,1,3,1,-1,-3,-1,2,2,5,2,2,-2,-2,-5,-2,-2
0,1,10201,10204,30603,30604,30605,30608,30609,30610,61207,61208,61209,61210,61211,61214,61215,61216,61217,61218,1,-1,2,-2,1,3,1,-1,-3,-1,2,2,5,2,2,-2,-2,-5,-2,-2
0,1,10203,10206,30609,30610,30611,30614,30615,30616,61219,61220,61221,61222,61223,61226,61227,61228,61229,61230,1,-1,2,-2,1,3,1,-1,-3,-1,2,2,5,2,2,-2,-2,-5,-2,-2
0,1,10205,10208,30615,30616,30617,30620,30621,30622,61231,61232,61233,61234,61235,61238,61239,61240,61241,61242,1,-1,2,-2,1,3,1,-1,-3,-1,2,2,5,2,2,-2,-2,-5,-2,-2
0,1,10207,10210,30621,30622,30623,30626,30627,30628,61243,61244,61245,61246,61247,61250,61251,61252,61253,61254,1,-1,2,-2,1,3,1,-1,-3,-1,2,2,5,2,2,-2,-2,-5,-2,-2
0,1,10209,10212,30627,30628,30629,30632,30633,30634,61255,61256,61257,61258,61259,61262,61263,61264,61265,61266,1,-1,2,-2,1,3,1,-1,-3,-1,2,2,5,2,2,-2,-2,-5,-2,-2
0,1,10211,10214,30633,30634,30635,30638,30639,30640,61267,61268,61269,61270,61271,61274,61275,61276,61277,61278,1,-1,2,-2,1,3,1,-1,-3,-1,2,2,5,2,2,-2,-2,-5,-2,-2
0,1,10213,10216,30639,30640,30641,30644,30645,30646,61279,61280,61281,61282,61283,61286,61287,61288,61289,61290,1,-1,2,-2,1,3,1,-1,-3,-1,2,2,5,2,2,-2,-2,-5,-2,-2
0,1,10215,10218,30645,30646,30647,30650,30651,30652,61291,61292,61293,61294,61295,61298,61299,61300,61301,61302,1,-1,2,-2,1,3,1,-1,-3,-1,2,2,5,2,2,-2,-2,-5,-2,-2
0,1,10217,10220,30651,30652,30653,30656,30657,30658,61303,61304,61305,61306,61307,61310,61311,61312,61313,61314,1,-1,2,-2,1,3,1,-1,-3,-1,2,2,5,2,2,-2,-2,-5,-2,-2
0,1,10219,10222,30657,30658,30659,30662,30663,30664,61315,61316,61317,61318,61319,61322,61323,61324,61325,61326,1,-1,2,-2,1,3,1,-1,-3,-1,2,2,5,2,2,-2,-2,-5,-2,-2
0,1,10221,10224,30663,30664,30665,30668,30669,30670,61327,61328,61329,61330,61331,61334,61335,61336,61337,61338,1,-1,2,-2,1,3,1,-1,-3,-1,2,2,5,2,2,-2,-2,-5,-2,-2
0,1,10223,10226,30669,30670,30671,30674,30675,30676,61339,61340,61341,61342,61343,61346,61347,61348,61349,61350,1,-1,2,-2,1,3,1,-1,-3,-1,2,2,5,2,2,-2,-2,-5,-2,-2
0,1,10225,10228,30675,30676,30677,30680,30681,30682,61351,61352,61353,61354,61355,61358,61359,61360,61361,61362,1,-1,2,-2,1,3,1,-1,-3,-1,2,2,5,2,2,-2,-2,-5,-2,-2
0,1,10227,10230,30681,30682,30683,30686,30687,30688,61363,61364,61365,61366,61367,61370,61371,61372,61373,61374,1,-1,2,-2,1,3,1,-1,-3,-1,2,2,5,2,2,-2,-2,-5,-2,-2
0,1,10229,10232,30687,30688,30689,30692,30693,30694,61375,61376,61377,61378,61379,61382,61383,61384,61385,61386,1,-1,2,-2,1,3,1,-1,-3,-1,2,2,5,2,2,-2,-2,-5,-2,-2
0,1,10231,10234,30693,30694,30695,30698,30699,30700,61387,61388,61389,61390,61391,61394,61395,61396,61397,61398,1,-1,2,-2,1,3,1,-1,-3,-1,2,2,5,2,2,-2,-2,-5,-2,-2
0,1,10233,10236,30699,30700,30701,30704,30705,30706,61399,61400,61401,61402,61403,61406,61407,61408,61409,61410,1,-1,2,-2,1,3,1,-1,-3,-1,2,2,5,2,2,-2,-2,-5,-2,-2
0,1,10235,10238,30705,30706,30707,30710,30711,30712,61411,61412,61413,61414,61415,61418,61419,61420,61421,61422,1,-1,2,-2,1,3,1,-1,-3,-1,2,2,5,2,2,-2,-2,-5,-2,-2
0,1,10237,10240,30711,30712,30713,30716,30717,30718,61423,61424,61425,61426,61427,61430,61431,61432,61433,61434,1,-1,2,-2,1,3,1,-1,-3,-1,2,2,5,2,2,-2,-2,-5,-2,-2
0,1,10239,10242,30717,30718,30719,30722,30723,30724,61435,61436,61437,61438,61439,61442,61443,61444,61445,61446,1,-1,2,-2,1,3,1,-1,-3,-1,2,2,5,2,2,-2,-2,-5,-2,-2
0,1,10241,10244,30723,30724,30725,30728,30729,30730,61447,61448,61449,61450,61451,61454,61455,61456,61457,61458,1,-1,2,-2,1,3,1,-1,-3,-1,2,2,5,2,2,-2,-2,-5,-2,-2
0,1,10243,10246,30729,30730,30731,30734,30735,30736,61459,61460,61461,61462,61463,61466,61467,61468,61469,61470,1,-1,2,-2,1,3,1,-1,-3,-1,2,2,5,2,2,-2,-2,-5,-2,-2
0,1,10245,10248,30735,30736,30737,30740,30741,30742,61471,61472,61473,61474,61475,61478,61479,61480,61481,61482,1,-1,2,-2,1,3,1,-1,-3,-1,2,2,5,2,2,-2,-2,-5,-2,-2
0,1,10247,10250,30741,30742,30743,30746,30747,30748,61483,61484,61485,61486,61487,61490,61491,61492,61493,61494,1,-1,2,-2,1,3,1,-1,-3,-1,2,2,5,2,2,-2,-2,-5,-2,-2
0,1,10249,10252,30747,30748,30749,30752,30753,30754,61495,61496,61497,61498,61499,61502,61503,61504,61505,61506,1,-1,2,-2,1,3,1,-1,-3,-1,2,2,5,2,2,-2,-2,-5,-2,-2
0,1,10251,10254,30753,30754,30755,30758,30759,30760,61507,61508,61509,61510,61511,61514,61515,61516,61517,61518,1,-1,2,-2,1,3,1,-1,-3,-1,2,2,5,2,2,-2,-2,-5,-2,-2
0,1,10253,10256,30759,30760,30761,30764,30765,30766,61519,61520,61521,61522,61523,61526,61527,61528,61529,61530,1,-1,2,-2,1,3,1,-1,-3,-1,2,2,5,2,2,-2,-2,-5,-2,-2
0,1,10255,10258,30765,30766,30767,30770,30771,30772,61531,61532,61533,61534,61535,61538,61539,61540,61541,61542,1,-1,2,-2,1,3,1,-1,-3,-1,2,2,5,2,2,-2,-2,-5,-2,-2
0,1,10257,10260,30771,30772,30773,30776,30777,30778,61543,61544,61545,61546,61547,61550,61551,61552,61553,61554,1,-1,2,-2,1,3,1,-1,-3,-1,2,2,5,2,2,-2,-2,-5,-2,-2
0,1,10259,10262,30777,30778,30779,30782,30783,30784,61555,61556,61557,61558,61559,61562,61563,61564,61565,61566,1,-1,2,-2,1,3,1,-1,-3,-1,2,2,5,2,2,-2,-2,-5,-2,-2
0,1,10261,10264,30783,30784,30785,30788,30789,30790,61567,61568,61569,61570,61571,61574,61575,61576,61577,61578,1,-1,2,-2,1,3,1,-1,-3,-1,2,2,5,2,2,-2,-2,-5,-2,-2
0,1,10263,10266,30789,30790,30791,30794,30795,30796,61579,61580,61581,61582,61583,61586,61587,61588,61589,61590,1,-1,2,-2,1,3,1,-1,-3,-1,2,2,5,2,2,-2,-2,-5,-2,-2
0,1,10265,10268,30795,30796,30797,30800,30801,30802,61591,61592,61593,61594,61595,61598,61599,61600,61601,61602,1,-1,2,-2,1,3,1,-1,-3,-1,2,2,5,2,2,-2,-2,-5,-2,-2
0,1,10267,10270,30801,30802,30803,30806,30807,30808,61603,61604,61605,61606,61607,61610,61611,61612,61613,61614,1,-1,2,-2,1,3,1,-1,-3,-1,2,2,5,2,2,-2,-2,-5,-2,-2
0,1,10269,10272,30807,30808,30809,30812,30813,30814,61615,61616,61617,61618,61619,61622,61623,61624,61625,61626,1,-1,2,-2,1,3,1,-1,-3,-1,2,2,5,2,2,-2,-2,-5,-2,-2
0,1,10271,10274,30813,30814,30815,30818,30819,30820,61627,61628,61629,61630,61631,61634,61635,61636,61637,61638,1,-1,2,-2,1,3,1,-1,-3,-1,2,2,5,2,2,-2,-2,-5,-2,-2
0,1,10273,10276,30819,30820,30821,30824,30825,30826,61639,61640,61641,61642,61643,61646,61647,61648,61649,61650,1,-1,2,-2,1,3,1,-1,-3,-1,2,2,5,2,2,-2,-2,-5,-2,-2
0,1,10275,10278,30825,30826,30827,30830,30831,30832,61651,61652,61653,61654,61655,61658,61659,61660,61661,61662,1,-1,2,-2,1,3,1,-1,-3,-1,2,2,5,2,2,-2,-2,-5,-2,-2
0,1,10277,10280,30831,30832,30833,30836,30837,30838,61663,61664,61665,61666,61667,61670,61671,61672,61673,61674,1,-1,2,-2,1,3,1,-1,-3,-1,2,2,5,2,2,-2,-2,-5,-2,-2
0,1,10279,10282,30837,30838,30839,30842,30843,30844,61675,61676,61677,61678,61679,61682,61683,61684,61685,61686,1,-1,2,-2,1,3,1,-1,-3,-1,2,2,5,2,2,-2,-2,-5,-2,-2
0,1,10281,10284,30843,30844,30845,30848,30849,30850,61687,61688,61689,61690,61691,61694,61695,61696,61697,61698,1,-1,2,-2,1,3,1,-1,-3,-1,2,2,5,2,2,-2,-2,-5,-2,-2
0,1,10283,10286,30849,30850,30851,30854,30855,30856,61699,61700,61701,61702,61703,61706,61707,61708,61709,61710,1,-1,2,-2,1,3,1,-1,-3,-1,2,2,5,2,2,-2,-2,-5,-2,-2
0,1,10285,10288,30855,30856,30857,30860,30861,30862,61711,61712,61713,61714,61715,61718,61719,61720,61721,61722,1,-1,2,-2,1,3,1,-1,-3,-1,2,2,5,2,2,-2,-2,-5,-2,-2
0,1,10287,10290,30861,30862,30863,30866,30867,30868,61723,61724,61725,61726,61727,61730,61731,61732,61733,61734,1,-1,2,-2,1,3,1,-1,-3,-1,2,2,5,2,2,-2,-2,-5,-2,-2
0,1,10289,10292,30867,30868,30869,30872,30873,30874,61735,61736,61737,61738,61739,61742,61743,61744,61745,61746,1,-1,2,-2,1,3,1,-1,-3,-1,2,2,5,2,2,-2,-2,-5,-2,-2
0,1,10291,10294,30873,30874,30875,30878,30879,30880,61747,61748,61749,61750,61751,61754,61755,61756,61757,61758,1,-1,2,-2,1,3,1,-1,-3,-1,2,2,5,2,2,-2,-2,-5,-2,-2
0,1,10293,10296,30879,30880,30881,30884,30885,30886,61759,61760,61761,61762,61763,61766,61767,61768,61769,61770,1,-1,2,-2,1,3,1,-1,-3,-1,2,2,5,2,2,-2,-2,-5,-2,-2
0,1,10295,10298,30885,30886,30887,30890,30891,30892,61771,61772,61773,61774,61775,61778,61779,61780,61781,61782,1,-1,2,-2,1,3,1,-1,-3,-1,2,2,5,2,2,-2,-2,-5,-2,-2
0,1,10297,10300,30891,30892,30893,30896,30897,30898,61783,61784,61785,61786,61787,61790,61791,61792,61793,61794,1,-1,2,-2,1,3,1,-1,-3,-1,2,2,5,2,2,-2,-2,-5,-2,-2
0,1,10299,10302,30897,30898,30899,30902,30903,30904,61795,61796,61797,61798,61799,61802,61803,61804,61805,61806,1,-1,2,-2,1,3,1,-1,-3,-1,2,2,5,2,2,-2,-2,-5,-2,-2
0,1,10301,10304,30903,30904,30905,30908,30909,30910,61807,61808,61809,61810,61811,61814,61815,61816,61817,61818,1,-1,2,-2,1,3,1,-1,-3,-1,2,2,5,2,2,-2,-2,-5,-2,-2
0,1,10303,10306,30909,30910,30911,30914,30915,30916,61819,61820,61821,61822,61823,61826,61827,61828,61829,61830,1,-1,2,-2,1,3,1,-1,-3,-1,2,2,5,2,2,-2,-2,-5,-2,-2
0,1,10305,10308,30915,30916,30917,30920,30921,30922,61831,61832,61833,61834,61835,61838,61839,61840,61841,61842,1,-1,2,-2,1,3,1,-1,-3,-1,2,2,5,2,2,-2,-2,-5,-2,-2
0,1,10307,10310,30921,30922,30923,30926,30927,30928,61843,61844,61845,61846,61847,61850,61851,61852,61853,61854,1,-1,2,-2,1,3,1,-1,-3,-1,2,2,5,2,2,-2,-2,-5,-2,-2
0,1,10309,10312,30927,30928,30929,30932,30933,30934,61855,61856,61857,61858,61859,61862,61863,61864,61865,61866,1,-1,2,-2,1,3,1,-1,-3,-1,2,2,5,2,2,-2,-2,-5,-2,-2
0,1,10311,10314,30933,30934,30935,30938,30939,30940,61867,61868,61869,61870,61871,61874,61875,61876,61877,61878,1,-1,2,-2,1,3,1,-1,-3,-1,2,2,5,2,2,-2,-2,-5,-2,-2
0,1,10313,10316,30939,30940,30941,30944,30945,30946,61879,61880,61881,61882,61883,61886,61887,61888,61889,61890,1,-1,2,-2,1,3,1,-1,-3,-1,2,2,5,2,2,-2,-2,-5,-2,-2
0,1,10315,10318,30945,30946,30947,30950,30951,30952,61891,61892,61893,61894,61895,61898,61899,61900,61901,61902,1,-1,2,-2,1,3,1,-1,-3,-1,2,2,5,2,2,-2,-2,-5,-2,-2
0,1,10317,10320,30951,30952,30953,30956,30957,30958,61903,61904,61905,61906,61907,61910,61911,61912,61913,61914,1,-1,2,-2,1,3,1,-1,-3,-1,2,2,5,2,2,-2,-2,-5,-2,-2
0,1,10319,10322,30957,30958,30959,30962,30963,30964,61915,61916,61917,61918,61919,61922,61923,61924,61925,61926,1,-1,2,-2,1,3,1,-1,-3,-1,2,2,5,2,2,-2,-2,-5,-2,-2
0,1,10321,10324,30963,30964,30965,30968,30969,30970,61927,61928,61929,61930,61931,61934,61935,61936,61937,61938,1,-1,2,-2,1,3,1,-1,-3,-1,2,2,5,2,2,-2,-2,-5,-2,-2
0,1,10323,10326,30969,30970,30971,30974,30975,30976,61939,61940,61941,61942,61943,61946,61947,61948,61949,61950,1,-1,2,-2,1,3,1,-1,-3,-1,2,2,5,2,2,-2,-2,-5,-2,-2
0,1,10325,10328,30975,30976,30977,30980,30981,30982,61951,61952,61953,61954,61955,61958,61959,61960,61961,61962,1,-1,2,-2,1,3,1,-1,-3,-1,2,2,5,2,2,-2,-2,-5,-2,-2
0,1,10327,10330,30981,30982,30983,30986,30987,30988,61963,61964,61965,61966,61967,61970,61971,61972,61973,61974,1,-1,2,-2,1,3,1,-1,-3,-1,2,2,5,2,2,-2,-2,-5,-2,-2
0,1,10329,10332,30987,30988,30989,30992,30993,30994,61975,61976,61977,61978,61979,61982,61983,61984,61985,61986,1,-1,2,-2,1,3,1,-1,-3,-1,2,2,5,2,2,-2,-2,-5,-2,-2
0,1,10331,10334,30993,30994,30995,30998,30999,31000,61987,61988,61989,61990,61991,61994,61995,61996,61997,61998,1,-1,2,-2,1,3,1,-1,-3,-1,2,2,5,2,2,-2,-2,-5,-2,-2
0,1,10333,10336,30999,31000,31001,31004,31005,31006,61999,62000,62001,62002,62003,62006,62007,62008,62009,62010,1,-1,2,-2,1,3,1,-1,-3,-1,2,2,5,2,2,-2,-2,-5,-2,-2
0,1,10335,10338,31005,31006,31007,31010,31011,31012,62011,62012,62013,62014,62015,62018,62019,62020,62021,62022,1,-1,2,-2,1,3,1,-1,-3,-1,2,2,5,2,2,-2,-2,-5,-2,-2
0,1,10337,10340,31011,31012,31013,31016,31017,31018,62023,62024,62025,62026,62027,62030,62031,62032,62033,62034,1,-1,2,-2,1,3,1,-1,-3,-1,2,2,5,2,2,-2,-2,-5,-2,-2
0,1,10339,10342,31017,31018,31019,31022,31023,31024,62035,62036,62037,62038,62039,62042,62043,62044,62045,62046,1,-1,2,-2,1,3,1,-1,-3,-1,2,2,5,2,2,-2,-2,-5,-2,-2
0,1,10341,10344,31023,31024,31025,31028,31029,31030,62047,62048,62049,62050,62051,62054,62055,62056,62057,62058,1,-1,2,-2,1,3,1,-1,-3,-1,2,2,5,2,2,-2,-2,-5,-2,-2
0,1,10343,10346,31029,31030,31031,31034,31035,31036,62059,62060,62061,62062,62063,62066,62067,62068,62069,62070,1,-1,2,-2,1,3,1,-1,-3,-1,2,2,5,2,2,-2,-2,-5,-2,-2
0,1,10345,10348,31035,31036,31037,31040,31041,31042,62071,62072,62073,62074,62075,62078,62079,62080,62081,62082,1,-1,2,-2,1,3,1,-1,-3,-1,2,2,5,2,2,-2,-2,-5,-2,-2
0,1,10347,10350,31041,31042,31043,31046,31047,31048,62083,62084,62085,62086,62087,62090,62091,62092,62093,62094,1,-1,2,-2,1,3,1,-1,-3,-1,2,2,5,2,2,-2,-2,-5,-2,-2
0,1,10349,10352,31047,31048,31049,31052,31053,31054,62095,62096,62097,62098,62099,62102,62103,62104,62105,62106,1,-1,2,-2,1,3,1,-1,-3,-1,2,2,5,2,2,-2,-2,-5,-2,-2
0,1,10351,10354,31053,31054,31055,31058,31059,31060,62107,62108,62109,62110,62111,62114,62115,62116,62117,62118,1,-1,2,-2,1,3,1,-1,-3,-1,2,2,5,2,2,-2,-2,-5,-2,-2
0,1,10353,10356,31059,31060,31061,31064,31065,31066,62119,62120,62121,62122,62123,62126,62127,62128,62129,62130,1,-1,2,-2,1,3,1,-1,-3,-1,2,2,5,2,2,-2,-2,-5,-2,-2
0,1,10355,10358,31065,31066,31067,31070,31071,31072,62131,62132,62133,62134,62135,62138,62139,62140,62141,62142,1,-1,2,-2,1,3,1,-1,-3,-1,2,2,5,2,2,-2,-2,-5,-2,-2
0,1,10357,10360,31071,31072,31073,31076,31077,31078,62143,62144,62145,62146,62147,62150,62151,62152,62153,62154,1,-1,2,-2,1,3,1,-1,-3,-1,2,2,5,2,2,-2,-2,-5,-2,-2
0,1,10359,10362,31077,31078,31079,31082,31083,31084,62155,62156,62157,62158,62159,62162,62163,62164,62165,62166,1,-1,2,-2,1,3,1,-1,-3,-1,2,2,5,2,2,-2,-2,-5,-2,-2
0,1,10361,10364,31083,31084,31085,31088,31089,31090,62167,62168,62169,62170,62171,62174,62175,62176,62177,62178,1,-1,2,-2,1,3,1,-1,-3,-1,2,2,5,2,2,-2,-2,-5,-2,-2
0,1,10363,10366,31089,31090,31091,31094,31095,31096,62179,62180,62181,62182,62183,62186,62187,62188,62189,62190,1,-1,2,-2,1,3,1,-1,-3,-1,2,2,5,2,2,-2,-2,-5,-2,-2
0,1,10365,10368,31095,31096,31097,31100,31101,31102,62191,62192,62193,62194,62195,62198,62199,62200,62201,62202,1,-1,2,-2,1,3,1,-1,-3,-1,2,2,5,2,2,-2,-2,-5,-2,-2
0,1,10367,10370,31101,31102,31103,31106,31107,31108,62203,62204,62205,62206,62207,62210,62211,62212,62213,62214,1,-1,2,-2,1,3,1,-1,-3,-1,2,2,5,2,2,-2,-2,-5,-2,-2
0,1,10369,10372,31107,31108,31109,31112,31113,31114,62215,62216,62217,62218,62219,62222,62223,62224,62225,62226,1,-1,2,-2,1,3,1,-1,-3,-1,2,2,5,2,2,-2,-2,-5,-2,-2
0,1,10371,10374,31113,31114,31115,31118,31119,31120,62227,62228,62229,62230,62231,62234,62235,62236,62237,62238,1,-1,2,-2,1,3,1,-1,-3,-1,2,2,5,2,2,-2,-2,-5,-2,-2
0,1,10373,10376,31119,31120,31121,31124,31125,31126,62239,62240,62241,62242,62243,62246,62247,62248,62249,62250,1,-1,2,-2,1,3,1,-1,-3,-1,2,2,5,2,2,-2,-2,-5,-2,-2
0,1,10375,10378,31125,31126,31127,31130,31131,31132,62251,62252,62253,62254,62255,62258,62259,62260,62261,62262,1,-1,2,-2,1,3,1,-1,-3,-1,2,2,5,2,2,-2,-2,-5,-2,-2
0,1,10377,10380,31131,31132,31133,31136,31137,31138,62263,62264,62265,62266,62267,62270,62271,62272,62273,62274,1,-1,2,-2,1,3,1,-1,-3,-1,2,2,5,2,2,-2,-2,-5,-2,-2
0,1,10379,10382,31137,31138,31139,31142,31143,31144,62275,62276,62277,62278,62279,62282,62283,62284,62285,62286,1,-1,2,-2,1,3,1,-1,-3,-1,2,2,5,2,2,-2,-2,-5,-2,-2
0,1,10381,10384,31143,31144,31145,31148,31149,31150,62287,62288,62289,62290,62291,62294,62295,62296,62297,62298,1,-1,2,-2,1,3,1,-1,-3,-1,2,2,5,2,2,-2,-2,-5,-2,-2
0,1,10383,10386,31149,31150,31151,31154,31155,31156,62299,62300,62301,62302,62303,62306,62307,62308,62309,62310,1,-1,2,-2,1,3,1,-1,-3,-1,2,2,5,2,2,-2,-2,-5,-2,-2
0,1,10385,10388,31155,31156,31157,31160,31161,31162,62311,62312,62313,62314,62315,62318,62319,62320,62321,62322,1,-1,2,-2,1,3,1,-1,-3,-1,2,2,5,2,2,-2,-2,-5,-2,-2
0,1,10387,10390,31161,31162,31163,31166,31167,31168,62323,62324,62325,62326,62327,62330,62331,62332,62333,62334,1,-1,2,-2,1,3,1,-1,-3,-1,2,2,5,2,2,-2,-2,-5,-2,-2
0,1,10389,10392,31167,31168,31169,31172,31173,31174,62335,62336,62337,62338,62339,62342,62343,62344,62345,62346,1,-1,2,-2,1,3,1,-1,-3,-1,2,2,5,2,2,-2,-2,-5,-2,-2
0,1,10391,10394,31173,31174,31175,31178,31179,31180,62347,62348,62349,62350,62351,62354,62355,62356,62357,62358,1,-1,2,-2,1,3,1,-1,-3,-1,2,2,5,2,2,-2,-2,-5,-2,-2
0,1,10393,10396,31179,31180,31181,31184,31185,31186,62359,62360,62361,62362,62363,62366,62367,62368,62369,62370,1,-1,2,-2,1,3,1,-1,-3,-1,2,2,5,2,2,-2,-2,-5,-2,-2
0,1,10395,10398,31185,31186,31187,31190,31191,31192,62371,62372,62373,62374,62375,62378,62379,62380,62381,62382,1,-1,2,-2,1,3,1,-1,-3,-1,2,2,5,2,2,-2,-2,-5,-2,-2
0,1,10397,10400,31191,31192,31193,31196,31197,31198,62383,62384,62385,62386,62387,62390,62391,62392,62393,62394,1,-1,2,-2,1,3,1,-1,-3,-1,2,2,5,2,2,-2,-2,-5,-2,-2
0,1,10399,10402,31197,31198,31199,31202,31203,31204,62395,62396,62397,62398,62399,62402,62403,62404,62405,62406,1,-1,2,-2,1,3,1,-1,-3,-1,2,2,5,2,2,-2,-2,-5,-2,-2
0,1,10401,10404,31203,31204,31205,31208,31209,31210,62407,62408,62409,62410,62411,62414,62415,62416,62417,62418,1,-1,2,-2,1,3,1,-1,-3,-1,2,2,5,2,2,-2,-2,-5,-2,-2
0,1,10403,10406,31209,31210,31211,31214,31215,31216,62419,62420,62421,62422,62423,62426,62427,62428,62429,62430,1,-1,2,-2,1,3,1,-1,-3,-1,2,2,5,2,2,-2,-2,-5,-2,-2
0,1,10405,10408,31215,31216,31217,31220,31221,31222,62431,62432,62433,62434,62435,62438,62439,62440,62441,62442,1,-1,2,-2,1,3,1,-1,-3,-1,2,2,5,2,2,-2,-2,-5,-2,-2
0,1,10407,10410,31221,31222,31223,31226,31227,31228,62443,62444,62445,62446,62447,62450,62451,62452,62453,62454,1,-1,2,-2,1,3,1,-1,-3,-1,2,2,5,2,2,-2,-2,-5,-2,-2
0,1,10409,10412,31227,31228,31229,31232,31233,31234,62455,62456,62457,62458,62459,62462,62463,62464,62465,62466,1,-1,2,-2,1,3,1,-1,-3,-1,2,2,5,2,2,-2,-2,-5,-2,-2
0,1,10411,10414,31233,31234,31235,31238,31239,31240,62467,62468,62469,62470,62471,62474,62475,62476,62477,62478,1,-1,2,-2,1,3,1,-1,-3,-1,2,2,5,2,2,-2,-2,-5,-2,-2
0,1,10413,10416,31239,31240,31241,31244,31245,31246,62479,62480,62481,62482,62483,62486,62487,62488,62489,62490,1,-1,2,-2,1,3,1,-1,-3,-1,2,2,5,2,2,-2,-2,-5,-2,-2
0,1,10415,10418,31245,31246,31247,31250,31251,31252,62491,62492,62493,62494,62495,62498,62499,62500,62501,62502,1,-1,2,-2,1,3,1,-1,-3,-1,2,2,5,2,2,-2,-2,-5,-2,-2
0,1,10417,10420,31251,31252,31253,31256,31257,31258,62503,62504,62505,62506,62507,62510,62511,62512,62513,62514,1,-1,2,-2,1,3,1,-1,-3,-1,2,2,5,2,2,-2,-2,-5,-2,-2
0,1,10419,10422,31257,31258,31259,31262,31263,31264,62515,62516,62517,62518,62519,62522,62523,62524,62525,62526,1,-1,2,-2,1,3,1,-1,-3,-1,2,2,5,2,2,-2,-2,-5,-2,-2
0,1,10421,10424,31263,31264,31265,31268,31269,31270,62527,62528,62529,62530,62531,62534,62535,62536,62537,62538,1,-1,2,-2,1,3,1,-1,-3,-1,2,2,5,2,2,-2,-2,-5,-2,-2
0,1,10423,10426,31269,31270,31271,31274,31275,31276,62539,62540,62541,62542,62543,62546,62547,62548,62549,62550,1,-1,2,-2,1,3,1,-1,-3,-1,2,2,5,2,2,-2,-2,-5,-2,-2
0,1,10425,10428,31275,31276,31277,31280,31281,31282,62551,62552,62553,62554,62555,62558,62559,62560,62561,62562,1,-1,2,-2,1,3,1,-1,-3,-1,2,2,5,2,2,-2,-2,-5,-2,-2
0,1,10427,10430,31281,31282,31283,31286,31287,31288,62563,62564,62565,62566,62567,62570,62571,62572,62573,62574,1,-1,2,-2,1,3,1,-1,-3,-1,2,2,5,2,2,-2,-2,-5,-2,-2
0,1,10429,10432,31287,31288,31289,31292,31293,31294,62575,62576,62577,62578,62579,62582,62583,62584,62585,62586,1,-1,2,-2,1,3,1,-1,-3,-1,2,2,5,2,2,-2,-2,-5,-2,-2
0,1,10431,10434,31293,31294,31295,31298,31299,31300,62587,62588,62589,62590,62591,62594,62595,62596,62597,62598,1,-1,2,-2,1,3,1,-1,-3,-1,2,2,5,2,2,-2,-2,-5,-2,-2
0,1,10433,10436,31299,31300,31301,31304,31305,31306,62599,62600,62601,62602,62603,62606,62607,62608,62609,62610,1,-1,2,-2,1,3,1,-1,-3,-1,2,2,5,2,2,-2,-2,-5,-2,-2
0,1,10435,10438,31305,31306,31307,31310,31311,31312,62611,62612,62613,62614,62615,62618,62619,62620,62621,62622,1,-1,2,-2,1,3,1,-1,-3,-1,2,2,5,2,2,-2,-2,-5,-2,-2
0,1,10437,10440,31311,31312,31313,31316,31317,31318,62623,62624,62625,62626,62627,62630,62631,62632,62633,62634,1,-1,2,-2,1,3,1,-1,-3,-1,2,2,5,2,2,-2,-2,-5,-2,-2
0,1,10439,10442,31317,31318,31319,31322,31323,31324,62635,62636,62637,62638,62639,62642,62643,62644,62645,62646,1,-1,2,-2,1,3,1,-1,-3,-1,2,2,5,2,2,-2,-2,-5,-2,-2
0,1,10441,10444,31323,31324,31325,31328,31329,31330,62647,62648,62649,62650,62651,62654,62655,62656,62657,62658,1,-1,2,-2,1,3,1,-1,-3,-1,2,2,5,2,2,-2,-2,-5,-2,-2
0,1,10443,10446,31329,31330,31331,31334,31335,31336,62659,62660,62661,62662,62663,62666,62667,62668,62669,62670,1,-1,2,-2,1,3,1,-1,-3,-1,2,2,5,2,2,-2,-2,-5,-2,-2
0,1,10445,10448,31335,31336,31337,31340,31341,31342,62671,62672,62673,62674,62675,62678,62679,62680,62681,62682,1,-1,2,-2,1,3,1,-1,-3,-1,2,2,5,2,2,-2,-2,-5,-2,-2
0,1,10447,10450,31341,31342,31343,31346,31347,31348,62683,62684,62685,62686,62687,62690,62691,62692,62693,62694,1,-1,2,-2,1,3,1,-1,-3,-1,2,2,5,2,2,-2,-2,-5,-2,-2
0,1,10449,10452,31347,31348,31349,31352,31353,31354,62695,62696,62697,62698,62699,62702,62703,62704,62705,62706,1,-1,2,-2,1,3,1,-1,-3,-1,2,2,5,2,2,-2,-2,-5,-2,-2
0,1,10451,10454,31353,31354,31355,31358,31359,31360,62707,62708,62709,62710,62711,62714,62715,62716,62717,62718,1,-1,2,-2,1,3,1,-1,-3,-1,2,2,5,2,2,-2,-2,-5,-2,-2
0,1,10453,10456,31359,31360,31361,31364,31365,31366,62719,62720,62721,62722,62723,62726,62727,62728,62729,62730,1,-1,2,-2,1,3,1,-1,-3,-1,2,2,5,2,2,-2,-2,-5,-2,-2
0,1,10455,10458,31365,31366,31367,31370,31371,31372,62731,62732,62733,62734,62735,62738,62739,62740,62741,62742,1,-1,2,-2,1,3,1,-1,-3,-1,2,2,5,2,2,-2,-2,-5,-2,-2
0,1,10457,10460,31371,31372,31373,31376,31377,31378,62743,62744,62745,62746,62747,62750,62751,62752,62753,62754,1,-1,2,-2,1,3,1,-1,-3,-1,2,2,5,2,2,-2,-2,-5,-2,-2
0,1,10459,10462,31377,31378,31379,31382,31383,31384,62755,62756,62757,62758,62759,62762,62763,62764,62765,62766,1,-1,2,-2,1,3,1,-1,-3,-1,2,2,5,2,2,-2,-2,-5,-2,-2
0,1,10461,10464,31383,31384,31385,31388,31389,31390,62767,62768,62769,62770,62771,62774,62775,62776,62777,62778,1,-1,2,-2,1,3,1,-1,-3,-1,2,2,5,2,2,-2,-2,-5,-2,-2
0,1,10463,10466,31389,31390,31391,31394,31395,31396,62779,62780,62781,62782,62783,62786,62787,62788,62789,62790,1,-1,2,-2,1,3,1,-1,-3,-1,2,2,5,2,2,-2,-2,-5,-2,-2
0,1,10465,10468,31395,31396,31397,31400,31401,31402,62791,62792,62793,62794,62795,62798,62799,62800,62801,62802,1,-1,2,-2,1,3,1,-1,-3,-1,2,2,5,2,2,-2,-2,-5,-2,-2
0,1,10467,10470,31401,31402,31403,31406,31407,31408,62803,62804,62805,62806,62807,62810,62811,62812,62813,62814,1,-1,2,-2,1,3,1,-1,-3,-1,2,2,5,2,2,-2,-2,-5,-2,-2
0,1,10469,10472,31407,31408,31409,31412,31413,31414,62815,62816,62817,62818,62819,62822,62823,62824,62825,62826,1,-1,2,-2,1,3,1,-1,-3,-1,2,2,5,2,2,-2,-2,-5,-2,-2
0,1,10471,10474,31413,31414,31415,31418,31419,31420,62827,62828,62829,62830,62831,62834,62835,62836,62837,62838,1,-1,2,-2,1,3,1,-1,-3,-1,2,2,5,2,2,-2,-2,-5,-2,-2
0,1,10473,10476,31419,31420,31421,31424,31425,31426,62839,62840,62841,62842,62843,62846,62847,62848,62849,62850,1,-1,2,-2,1,3,1,-1,-3,-1,2,2,5,2,2,-2,-2,-5,-2,-2
0,1,10475,10478,31425,31426,31427,31430,31431,31432,62851,62852,62853,62854,62855,62858,62859,62860,62861,62862,1,-1,2,-2,1,3,1,-1,-3,-1,2,2,5,2,2,-2,-2,-5,-2,-2
0,1,10477,10480,31431,31432,31433,31436,31437,31438,62863,62864,62865,62866,62867,62870,62871,62872,62873,62874,1,-1,2,-2,1,3,1,-1,-3,-1,2,2,5,2,2,-2,-2,-5,-2,-2
0,1,10479,10482,31437,31438,31439,31442,31443,31444,62875,62876,62877,62878,62879,62882,62883,62884,62885,62886,1,-1,2,-2,1,3,1,-1,-3,-1,2,2,5,2,2,-2,-2,-5,-2,-2
0,1,10481,10484,31443,31444,31445,31448,31449,31450,62887,62888,62889,62890,62891,62894,62895,62896,62897,62898,1,-1,2,-2,1,3,1,-1,-3,-1,2,2,5,2,2,-2,-2,-5,-2,-2
0,1,10483,10486,31449,31450,31451,31454,31455,31456,62899,62900,62901,62902,62903,62906,62907,62908,62909,62910,1,-1,2,-2,1,3,1,-1,-3,-1,2,2,5,2,2,-2,-2,-5,-2,-2
0,1,10485,10488,31455,31456,31457,31460,31461,31462,62911,62912,62913,62914,62915,62918,62919,62920,62921,62922,1,-1,2,-2,1,3,1,-1,-3,-1,2,2,5,2,2,-2,-2,-5,-2,-2
0,1,10487,10490,31461,31462,31463,31466,31467,31468,62923,62924,62925,62926,62927,62930,62931,62932,62933,62934,1,-1,2,-2,1,3,1,-1,-3,-1,2,2,5,2,2,-2,-2,-5,-2,-2
0,1,10489,10492,31467,31468,31469,31472,31473,31474,62935,62936,62937,62938,62939,62942,62943,62944,62945,62946,1,-1,2,-2,1,3,1,-1,-3,-1,2,2,5,2,2,-2,-2,-5,-2,-2
0,1,10491,10494,31473,31474,31475,31478,31479,31480,62947,62948,62949,62950,62951,62954,62955,62956,62957,62958,1,-1,2,-2,1,3,1,-1,-3,-1,2,2,5,2,2,-2,-2,-5,-2,-2
0,1,10493,10496,31479,31480,31481,31484,31485,31486,62959,62960,62961,62962,62963,62966,62967,62968,62969,62970,1,-1,2,-2,1,3,1,-1,-3,-1,2,2,5,2,2,-2,-2,-5,-2,-2
0,1,10495,10498,31485,31486,31487,31490,31491,31492,62971,62972,62973,62974,62975,62978,62979,62980,62981,62982,1,-1,2,-2,1,3,1,-1,-3,-1,2,2,5,2,2,-2,-2,-5,-2,-2
0,1,10497,10500,31491,31492,31493,31496,31497,31498,62983,62984,62985,62986,62987,62990,62991,62992,62993,62994,1,-1,2,-2,1,3,1,-1,-3,-1,2,2,5,2,2,-2,-2,-5,-2,-2
0,1,10499,10502,31497,31498,31499,31502,31503,31504,62995,62996,62997,62998,62999,63002,63003,63004,63005,63006,1,-1,2,-2,1,3,1,-1,-3,-1,2,2,5,2,2,-2,-2,-5,-2,-2
0,1,10501,10504,31503,31504,31505,31508,31509,31510,63007,63008,63009,63010,63011,63014,63015,63016,63017,63018,1,-1,2,-2,1,3,1,-1,-3,-1,2,2,5,2,2,-2,-2,-5,-2,-2
0,1,10503,10506,31509,31510,31511,31514,31515,31516,63019,63020,63021,63022,63023,63026,63027,63028,63029,63030,1,-1,2,-2,1,3,1,-1,-3,-1,2,2,5,2,2,-2,-2,-5,-2,-2
0,1,10505,10508,31515,31516,31517,31520,31521,31522,63031,63032,63033,63034,63035,63038,63039,63040,63041,63042,1,-1,2,-2,1,3,1,-1,-3,-1,2,2,5,2,2,-2,-2,-5,-2,-2
0,1,10507,10510,31521,31522,31523,31526,31527,31528,63043,63044,63045,63046,63047,63050,63051,63052,63053,63054,1,-1,2,-2,1,3,1,-1,-3,-1,2,2,5,2,2,-2,-2,-5,-2,-2
0,1,10509,10512,31527,31528,31529,31532,31533,31534,63055,63056,63057,63058,63059,63062,63063,63064,63065,63066,1,-1,2,-2,1,3,1,-1,-3,-1,2,2,5,2,2,-2,-2,-5,-2,-2
0,1,10511,10514,31533,31534,31535,31538,31539,31540,63067,63068,63069,63070,63071,63074,63075,63076,63077,63078,1,-1,2,-2,1,3,1,-1,-3,-1,2,2,5,2,2,-2,-2,-5,-2,-2
0,1,10513,10516,31539,31540,31541,31544,31545,31546,63079,63080,63081,63082,63083,63086,63087,63088,63089,63090,1,-1,2,-2,1,3,1,-1,-3,-1,2,2,5,2,2,-2,-2,-5,-2,-2
0,1,10515,10518,31545,31546,31547,31550,31551,31552,63091,63092,63093,63094,63095,63098,63099,63100,63101,63102,1,-1,2,-2,1,3,1,-1,-3,-1,2,2,5,2,2,-2,-2,-5,-2,-2
0,1,10517,10520,31551,31552,31553,31556,31557,31558,63103,63104,63105,63106,63107,63110,63111,63112,63113,63114,1,-1,2,-2,1,3,1,-1,-3,-1,2,2,5,2,2,-2,-2,-5,-2,-2
0,1,10519,10522,31557,31558,31559,31562,31563,31564,63115,63116,63117,63118,63119,63122,63123,63124,63125,63126,1,-1,2,-2,1,3,1,-1,-3,-1,2,2,5,2,2,-2,-2,-5,-2,-2
0,1,10521,10524,31563,31564,31565,31568,31569,31570,63127,63128,63129,63130,63131,63134,63135,63136,63137,63138,1,-1,2,-2,1,3,1,-1,-3,-1,2,2,5,2,2,-2,-2,-5,-2,-2
0,1,10523,10526,31569,31570,31571,31574,31575,31576,63139,63140,63141,63142,63143,63146,63147,63148,63149,63150,1,-1,2,-2,1,3,1,-1,-3,-1,2,2,5,2,2,-2,-2,-5,-2,-2
0,1,10525,10528,31575,31576,31577,31580,31581,31582,63151,63152,63153,63154,63155,63158,63159,63160,63161,63162,1,-1,2,-2,1,3,1,-1,-3,-1,2,2,5,2,2,-2,-2,-5,-2,-2
0,1,10527,10530,31581,31582,31583,31586,31587,31588,63163,63164,63165,63166,63167,63170,63171,63172,63173,63174,1,-1,2,-2,1,3,1,-1,-3,-1,2,2,5,2,2,-2,-2,-5,-2,-2
0,1,10529,10532,31587,31588,31589,31592,31593,31594,63175,63176,63177,63178,63179,63182,63183,63184,63185,63186,1,-1,2,-2,1,3,1,-1,-3,-1,2,2,5,2,2,-2,-2,-5,-2,-2
0,1,10531,10534,31593,31594,31595,31598,31599,31600,63187,63188,63189,63190,63191,63194,63195,63196,63197,63198,1,-1,2,-2,1,3,1,-1,-3,-1,2,2,5,2,2,-2,-2,-5,-2,-2
0,1,10533,10536,31599,31600,31601,31604,31605,31606,63199,63200,63201,63202,63203,63206,63207,63208,63209,63210,1,-1,2,-2,1,3,1,-1,-3,-1,2,2,5,2,2,-2,-2,-5,-2,-2
0,1,10535,10538,31605,31606,31607,31610,31611,31612,63211,63212,63213,63214,63215,63218,63219,63220,63221,63222,1,-1,2,-2,1,3,1,-1,-3,-1,2,2,5,2,2,-2,-2,-5,-2,-2
0,1,10537,10540,31611,31612,31613,31616,31617,31618,63223,63224,63225,63226,63227,63230,63231,63232,63233,63234,1,-1,2,-2,1,3,1,-1,-3,-1,2,2,5,2,2,-2,-2,-5,-2,-2
0,1,10539,10542,31617,31618,31619,31622,31623,31624,63235,63236,63237,63238,63239,63242,63243,63244,63245,63246,1,-1,2,-2,1,3,1,-1,-3,-1,2,2,5,2,2,-2,-2,-5,-2,-2
0,1,10541,10544,31623,31624,31625,31628,31629,31630,63247,63248,63249,63250,63251,63254,63255,63256,63257,63258,1,-1,2,-2,1,3,1,-1,-3,-1,2,2,5,2,2,-2,-2,-5,-2,-2
0,1,10543,10546,31629,31630,31631,31634,31635,31636,63259,63260,63261,63262,63263,63266,63267,63268,63269,63270,1,-1,2,-2,1,3,1,-1,-3,-1,2,2,5,2,2,-2,-2,-5,-2,-2
0,1,10545,10548,31635,31636,31637,31640,31641,31642,63271,63272,63273,63274,63275,63278,63279,63280,63281,63282,1,-1,2,-2,1,3,1,-1,-3,-1,2,2,5,2,2,-2,-2,-5,-2,-2
0,1,10547,10550,31641,31642,31643,31646,31647,31648,63283,63284,63285,63286,63287,63290,63291,63292,63293,63294,1,-1,2,-2,1,3,1,-1,-3,-1,2,2,5,2,2,-2,-2,-5,-2,-2
0,1,10549,10552,31647,31648,31649,31652,31653,31654,63295,63296,63297,63298,63299,63302,63303,63304,63305,63306,1,-1,2,-2,1,3,1,-1,-3,-1,2,2,5,2,2,-2,-2,-5,-2,-2
0,1,10551,10554,31653,31654,31655,31658,31659,31660,63307,63308,63309,63310,63311,63314,63315,63316,63317,63318,1,-1,2,-2,1,3,1,-1,-3,-1,2,2,5,2,2,-2,-2,-5,-2,-2
0,1,10553,10556,31659,31660,31661,31664,31665,31666,63319,63320,63321,63322,63323,63326,63327,63328,63329,63330,1,-1,2,-2,1,3,1,-1,-3,-1,2,2,5,2,2,-2,-2,-5,-2,-2
0,1,10555,10558,31665,31666,31667,31670,31671,31672,63331,63332,63333,63334,63335,63338,63339,63340,63341,63342,1,-1,2,-2,1,3,1,-1,-3,-1,2,2,5,2,2,-2,-2,-5,-2,-2
0,1,10557,10560,31671,31672,31673,31676,31677,31678,63343,63344,63345,63346,63347,63350,63351,63352,63353,63354,1,-1,2,-2,1,3,1,-1,-3,-1,2,2,5,2,2,-2,-2,-5,-2,-2
0,1,10559,10562,31677,31678,31679,31682,31683,31684,63355,63356,63357,63358,63359,63362,63363,63364,63365,63366,1,-1,2,-2,1,3,1,-1,-3,-1,2,2,5,2,2,-2,-2,-5,-2,-2
0,1,10561,10564,31683,31684,31685,31688,31689,31690,63367,63368,63369,63370,63371,63374,63375,63376,63377,63378,1,-1,2,-2,1,3,1,-1,-3,-1,2,2,5,2,2,-2,-2,-5,-2,-2
0,1,10563,10566,31689,31690,31691,31694,31695,31696,63379,63380,63381,63382,63383,63386,63387,63388,63389,63390,1,-1,2,-2,1,3,1,-1,-3,-1,2,2,5,2,2,-2,-2,-5,-2,-2
0,1,10565,10568,31695,31696,31697,31700,31701,31702,63391,63392,63393,63394,63395,63398,63399,63400,63401,63402,1,-1,2,-2,1,3,1,-1,-3,-1,2,2,5,2,2,-2,-2,-5,-2,-2
0,1,10567,10570,31701,31702,31703,31706,31707,31708,63403,63404,63405,63406,63407,63410,63411,63412,63413,63414,1,-1,2,-2,1,3,1,-1,-3,-1,2,2,5,2,2,-2,-2,-5,-2,-2
0,1,10569,10572,31707,31708,31709,31712,31713,31714,63415,63416,63417,63418,63419,63422,63423,63424,63425,63426,1,-1,2,-2,1,3,1,-1,-3,-1,2,2,5,2,2,-2,-2,-5,-2,-2
0,1,10571,10574,31713,31714,31715,31718,31719,31720,63427,63428,63429,63430,63431,63434,63435,63436,63437,63438,1,-1,2,-2,1,3,1,-1,-3,-1,2,2,5,2,2,-2,-2,-5,-2,-2
0,1,10573,10576,31719,31720,31721,31724,31725,31726,63439,63440,63441,63442,63443,63446,63447,63448,63449,63450,1,-1,2,-2,1,3,1,-1,-3,-1,2,2,5,2,2,-2,-2,-5,-2,-2
0,1,10575,10578,31725,31726,31727,31730,31731,31732,63451,63452,63453,63454,63455,63458,63459,63460,63461,63462,1,-1,2,-2,1,3,1,-1,-3,-1,2,2,5,2,2,-2,-2,-5,-2,-2
0,1,10577,10580,31731,31732,31733,31736,31737,31738,63463,63464,63465,63466,63467,63470,63471,63472,63473,63474,1,-1,2,-2,1,3,1,-1,-3,-1,2,2,5,2,2,-2,-2,-5,-2,-2
0,1,10579,10582,31737,31738,31739,31742,31743,31744,63475,63476,63477,63478,63479,63482,63483,63484,63485,63486,1,-1,2,-2,1,3,1,-1,-3,-1,2,2,5,2,2,-2,-2,-5,-2,-2
0,1,10581,10584,31743,31744,31745,31748,31749,31750,63487,63488,63489,63490,63491,63494,63495,63496,63497,63498,1,-1,2,-2,1,3,1,-1,-3,-1,2,2,5,2,2,-2,-2,-5,-2,-2
0,1,10583,10586,31749,31750,31751,31754,31755,31756,63499,63500,63501,63502,63503,63506,63507,63508,63509,63510,1,-1,2,-2,1,3,1,-1,-3,-1,2,2,5,2,2,-2,-2,-5,-2,-2
0,1,10585,10588,31755,31756,31757,31760,31761,31762,63511,63512,63513,63514,63515,63518,63519,63520,63521,63522,1,-1,2,-2,1,3,1,-1,-3,-1,2,2,5,2,2,-2,-2,-5,-2,-2
0,1,10587,10590,31761,31762,31763,31766,31767,31768,63523,63524,63525,63526,63527,63530,63531,63532,63533,63534,1,-1,2,-2,1,3,1,-1,-3,-1,2,2,5,2,2,-2,-2,-5,-2,-2
0,1,10589,10592,31767,31768,31769,31772,31773,31774,63535,63536,63537,63538,63539,63542,63543,63544,63545,63546,1,-1,2,-2,1,3,1,-1,-3,-1,2,2,5,2,2,-2,-2,-5,-2,-2
0,1,10591,10594,31773,31774,31775,31778,31779,31780,63547,63548,63549,63550,63551,63554,63555,63556,63557,63558,1,-1,2,-2,1,3,1,-1,-3,-1,2,2,5,2,2,-2,-2,-5,-2,-2
0,1,10593,10596,31779,31780,31781,31784,31785,31786,63559,63560,63561,63562,63563,63566,63567,63568,63569,63570,1,-1,2,-2,1,3,1,-1,-3,-1,2,2,5,2,2,-2,-2,-5,-2,-2
0,1,10595,10598,31785,31786,31787,31790,31791,31792,63571,63572,63573,63574,63575,63578,63579,63580,63581,63582,1,-1,2,-2,1,3,1,-1,-3,-1,2,2,5,2,2,-2,-2,-5,-2,-2
0,1,10597,10600,31791,31792,31793,31796,31797,31798,63583,63584,63585,63586,63587,63590,63591,63592,63593,63594,1,-1,2,-2,1,3,1,-1,-3,-1,2,2,5,2,2,-2,-2,-5,-2,-2
0,1,10599,10602,31797,31798,31799,31802,31803,31804,63595,63596,63597,63598,63599,63602,63603,63604,63605,63606,1,-1,2,-2,1,3,1,-1,-3,-1,2,2,5,2,2,-2,-2,-5,-2,-2
0,1,10601,10604,31803,31804,31805,31808,31809,31810,63607,63608,63609,63610,63611,63614,63615,63616,63617,63618,1,-1,2,-2,1,3,1,-1,-3,-1,2,2,5,2,2,-2,-2,-5,-2,-2
0,1,10603,10606,31809,31810,31811,31814,31815,31816,63619,63620,63621,63622,63623,63626,63627,63628,63629,63630,1,-1,2,-2,1,3,1,-1,-3,-1,2,2,5,2,2,-2,-2,-5,-2,-2
0,1,10605,10608,31815,31816,31817,31820,31821,31822,63631,63632,63633,63634,63635,63638,63639,63640,63641,63642,1,-1,2,-2,1,3,1,-1,-3,-1,2,2,5,2,2,-2,-2,-5,-2,-2
0,1,10607,10610,31821,31822,31823,31826,31827,31828,63643,63644,63645,63646,63647,63650,63651,63652,63653,63654,1,-1,2,-2,1,3,1,-1,-3,-1,2,2,5,2,2,-2,-2,-5,-2,-2
0,1,10609,10612,31827,31828,31829,31832,31833,31834,63655,63656,63657,63658,63659,63662,63663,63664,63665,63666,1,-1,2,-2,1,3,1,-1,-3,-1,2,2,5,2,2,-2,-2,-5,-2,-2
0,1,10611,10614,31833,31834,31835,31838,31839,31840,63667,63668,63669,63670,63671,63674,63675,63676,63677,63678,1,-1,2,-2,1,3,1,-1,-3,-1,2,2,5,2,2,-2,-2,-5,-2,-2
0,1,10613,10616,31839,31840,31841,31844,31845,31846,63679,63680,63681,63682,63683,63686,63687,63688,63689,63690,1,-1,2,-2,1,3,1,-1,-3,-1,2,2,5,2,2,-2,-2,-5,-2,-2
0,1,10615,10618,31845,31846,31847,31850,31851,31852,63691,63692,63693,63694,63695,63698,63699,63700,63701,63702,1,-1,2,-2,1,3,1,-1,-3,-1,2,2,5,2,2,-2,-2,-5,-2,-2
0,1,10617,10620,31851,31852,31853,31856,31857,31858,63703,63704,63705,63706,63707,63710,63711,63712,63713,63714,1,-1,2,-2,1,3,1,-1,-3,-1,2,2,5,2,2,-2,-2,-5,-2,-2
0,1,10619,10622,31857,31858,31859,31862,31863,31864,63715,63716,63717,63718,63719,63722,63723,63724,63725,63726,1,-1,2,-2,1,3,1,-1,-3,-1,2,2,5,2,2,-2,-2,-5,-2,-2
0,1,10621,10624,31863,31864,31865,31868,31869,31870,63727,63728,63729,63730,63731,63734,63735,63736,63737,63738,1,-1,2,-2,1,3,1,-1,-3,-1,2,2,5,2,2,-2,-2,-5,-2,-2
0,1,10623,10626,31869,31870,31871,31874,31875,31876,63739,63740,63741,63742,63743,63746,63747,63748,63749,63750,1,-1,2,-2,1,3,1,-1,-3,-1,2,2,5,2,2,-2,-2,-5,-2,-2
0,1,10625,10628,31875,31876,31877,31880,31881,31882,63751,63752,63753,63754,63755,63758,63759,63760,63761,63762,1,-1,2,-2,1,3,1,-1,-3,-1,2,2,5,2,2,-2,-2,-5,-2,-2
0,1,10627,10630,31881,31882,31883,31886,31887,31888,63763,63764,63765,63766,63767,63770,63771,63772,63773,63774,1,-1,2,-2,1,3,1,-1,-3,-1,2,2,5,2,2,-2,-2,-5,-2,-2
0,1,10629,10632,31887,31888,31889,31892,31893,31894,63775,63776,63777,63778,63779,63782,63783,63784,63785,63786,1,-1,2,-2,1,3,1,-1,-3,-1,2,2,5,2,2,-2,-2,-5,-2,-2
0,1,10631,10634,31893,31894,31895,31898,31899,31900,63787,63788,63789,63790,63791,63794,63795,63796,63797,63798,1,-1,2,-2,1,3,1,-1,-3,-1,2,2,5,2,2,-2,-2,-5,-2,-2
0,1,10633,10636,31899,31900,31901,31904,31905,31906,63799,63800,63801,63802,63803,63806,63807,63808,63809,63810,1,-1,2,-2,1,3,1,-1,-3,-1,2,2,5,2,2,-2,-2,-5,-2,-2
0,1,10635,10638,31905,31906,31907,31910,31911,31912,63811,63812,63813,63814,63815,63818,63819,63820,63821,63822,1,-1,2,-2,1,3,1,-1,-3,-1,2,2,5,2,2,-2,-2,-5,-2,-2
0,1,10637,10640,31911,31912,31913,31916,31917,31918,63823,63824,63825,63826,63827,63830,63831,63832,63833,63834,1,-1,2,-2,1,3,1,-1,-3,-1,2,2,5,2,2,-2,-2,-5,-2,-2
0,1,10639,10642,31917,31918,31919,31922,31923,31924,63835,63836,63837,63838,63839,63842,63843,63844,63845,63846,1,-1,2,-2,1,3,1,-1,-3,-1,2,2,5,2,2,-2,-2,-5,-2,-2
0,1,10641,10644,31923,31924,31925,31928,31929,31930,63847,63848,63849,63850,63851,63854,63855,63856,63857,63858,1,-1,2,-2,1,3,1,-1,-3,-1,2,2,5,2,2,-2,-2,-5,-2,-2
0,1,10643,10646,31929,31930,31931,31934,31935,31936,63859,63860,63861,63862,63863,63866,63867,63868,63869,63870,1,-1,2,-2,1,3,1,-1,-3,-1,2,2,5,2,2,-2,-2,-5,-2,-2
0,1,10645,10648,31935,31936,31937,31940,31941,31942,63871,63872,63873,63874,63875,63878,63879,63880,63881,63882,1,-1,2,-2,1,3,1,-1,-3,-1,2,2,5,2,2,-2,-2,-5,-2,-2
0,1,10647,10650,31941,31942,31943,31946,31947,31948,63883,63884,63885,63886,63887,63890,63891,63892,63893,63894,1,-1,2,-2,1,3,1,-1,-3,-1,2,2,5,2,2,-2,-2,-5,-2,-2
0,1,10649,10652,31947,31948,31949,31952,31953,31954,63895,63896,63897,63898,63899,63902,63903,63904,63905,63906,1,-1,2,-2,1,3,1,-1,-3,-1,2,2,5,2,2,-2,-2,-5,-2,-2
0,1,10651,10654,31953,31954,31955,31958,31959,31960,63907,63908,63909,63910,63911,63914,63915,63916,63917,63918,1,-1,2,-2,1,3,1,-1,-3,-1,2,2,5,2,2,-2,-2,-5,-2,-2
0,1,10653,10656,31959,31960,31961,31964,31965,31966,63919,63920,63921,63922,63923,63926,63927,63928,63929,63930,1,-1,2,-2,1,3,1,-1,-3,-1,2,2,5,2,2,-2,-2,-5,-2,-2
0,1,10655,10658,31965,31966,31967,31970,31971,31972,63931,63932,63933,63934,63935,63938,63939,63940,63941,63942,1,-1,2,-2,1,3,1,-1,-3,-1,2,2,5,2,2,-2,-2,-5,-2,-2
0,1,10657,10660,31971,31972,31973,31976,31977,31978,63943,63944,63945,63946,63947,63950,63951,63952,63953,63954,1,-1,2,-2,1,3,1,-1,-3,-1,2,2,5,2,2,-2,-2,-5,-2,-2
0,1,10659,10662,31977,31978,31979,31982,31983,31984,63955,63956,63957,63958,63959,63962,63963,63964,63965,63966,1,-1,2,-2,1,3,1,-1,-3,-1,2,2,5,2,2,-2,-2,-5,-2,-2
0,1,10661,10664,31983,31984,31985,31988,31989,31990,63967,63968,63969,63970,63971,63974,63975,63976,63977,63978,1,-1,2,-2,1,3,1,-1,-3,-1,2,2,5,2,2,-2,-2,-5,-2,-2
0,1,10663,10666,31989,31990,31991,31994,31995,31996,63979,63980,63981,63982,63983,63986,63987,63988,63989,63990,1,-1,2,-2,1,3,1,-1,-3,-1,2,2,5,2,2,-2,-2,-5,-2,-2
0,1,10665,10668,31995,31996,31997,32000,32001,32002,63991,63992,63993,63994,63995,63998,63999,64000,64001,64002,1,-1,2,-2,1,3,1,-1,-3,-1,2,2,5,2,2,-2,-2,-5,-2,-2
0,1,10667,10670,32001,32002,32003,32006,32007,32008,64003,64004,64005,64006,64007,64010,64011,64012,64013,64014,1,-1,2,-2,1,3,1,-1,-3,-1,2,2,5,2,2,-2,-2,-5,-2,-2
0,1,10669,10672,32007,32008,32009,32012,32013,32014,64015,64016,64017,64018,64019,64022,64023,64024,64025,64026,1,-1,2,-2,1,3,1,-1,-3,-1,2,2,5,2,2,-2,-2,-5,-2,-2
0,1,10671,10674,32013,32014,32015,32018,32019,32020,64027,64028,64029,64030,64031,64034,64035,64036,64037,64038,1,-1,2,-2,1,3,1,-1,-3,-1,2,2,5,2,2,-2,-2,-5,-2,-2
0,1,10673,10676,32019,32020,32021,32024,32025,32026,64039,64040,64041,64042,64043,64046,64047,64048,64049,64050,1,-1,2,-2,1,3,1,-1,-3,-1,2,2,5,2,2,-2,-2,-5,-2,-2
0,1,10675,10678,32025,32026,32027,32030,32031,32032,64051,64052,64053,64054,64055,64058,64059,64060,64061,64062,1,-1,2,-2,1,3,1,-1,-3,-1,2,2,5,2,2,-2,-2,-5,-2,-2
0,1,10677,10680,32031,32032,32033,32036,32037,32038,64063,64064,64065,64066,64067,64070,64071,64072,64073,64074,1,-1,2,-2,1,3,1,-1,-3,-1,2,2,5,2,2,-2,-2,-5,-2,-2
0,1,10679,10682,32037,32038,32039,32042,32043,32044,64075,64076,64077,64078,64079,64082,64083,64084,64085,64086,1,-1,2,-2,1,3,1,-1,-3,-1,2,2,5,2,2,-2,-2,-5,-2,-2
0,1,10681,10684,32043,32044,32045,32048,32049,32050,64087,64088,64089,64090,64091,64094,64095,64096,64097,64098,1,-1,2,-2,1,3,1,-1,-3,-1,2,2,5,2,2,-2,-2,-5,-2,-2
0,1,10683,10686,32049,32050,32051,32054,32055,32056,64099,64100,64101,64102,64103,64106,64107,64108,64109,64110,1,-1,2,-2,1,3,1,-1,-3,-1,2,2,5,2,2,-2,-2,-5,-2,-2
0,1,10685,10688,32055,32056,32057,32060,32061,32062,64111,64112,64113,64114,64115,64118,64119,64120,64121,64122,1,-1,2,-2,1,3,1,-1,-3,-1,2,2,5,2,2,-2,-2,-5,-2,-2
0,1,10687,10690,32061,32062,32063,32066,32067,32068,64123,64124,64125,64126,64127,64130,64131,64132,64133,64134,1,-1,2,-2,1,3,1,-1,-3,-1,2,2,5,2,2,-2,-2,-5,-2,-2
0,1,10689,10692,32067,32068,32069,32072,32073,32074,64135,64136,64137,64138,64139,64142,64143,64144,64145,64146,1,-1,2,-2,1,3,1,-1,-3,-1,2,2,5,2,2,-2,-2,-5,-2,-2
0,1,10691,10694,32073,32074,32075,32078,32079,32080,64147,64148,64149,64150,64151,64154,64155,64156,64157,64158,1,-1,2,-2,1,3,1,-1,-3,-1,2,2,5,2,2,-2,-2,-5,-2,-2
0,1,10693,10696,32079,32080,32081,32084,32085,32086,64159,64160,64161,64162,64163,64166,64167,64168,64169,64170,1,-1,2,-2,1,3,1,-1,-3,-1,2,2,5,2,2,-2,-2,-5,-2,-2
0,1,10695,10698,32085,32086,32087,32090,32091,32092,64171,64172,64173,64174,64175,64178,64179,64180,64181,64182,1,-1,2,-2,1,3,1,-1,-3,-1,2,2,5,2,2,-2,-2,-5,-2,-2
0,1,10697,10700,32091,32092,32093,32096,32097,32098,64183,64184,64185,64186,64187,64190,64191,64192,64193,64194,1,-1,2,-2,1,3,1,-1,-3,-1,2,2,5,2,2,-2,-2,-5,-2,-2
0,1,10699,10702,32097,32098,32099,32102,32103,32104,64195,64196,64197,64198,64199,64202,64203,64204,64205,64206,1,-1,2,-2,1,3,1,-1,-3,-1,2,2,5,2,2,-2,-2,-5,-2,-2
0,1,10701,10704,32103,32104,32105,32108,32109,32110,64207,64208,64209,64210,64211,64214,64215,64216,64217,64218,1,-1,2,-2,1,3,1,-1,-3,-1,2,2,5,2,2,-2,-2,-5,-2,-2
0,1,10703,10706,32109,32110,32111,32114,32115,32116,64219,64220,64221,64222,64223,64226,64227,64228,64229,64230,1,-1,2,-2,1,3,1,-1,-3,-1,2,2,5,2,2,-2,-2,-5,-2,-2
0,1,10705,10708,32115,32116,32117,32120,32121,32122,64231,64232,64233,64234,64235,64238,64239,64240,64241,64242,1,-1,2,-2,1,3,1,-1,-3,-1,2,2,5,2,2,-2,-2,-5,-2,-2
0,1,10707,10710,32121,32122,32123,32126,32127,32128,64243,64244,64245,64246,64247,64250,64251,64252,64253,64254,1,-1,2,-2,1,3,1,-1,-3,-1,2,2,5,2,2,-2,-2,-5,-2,-2
0,1,10709,10712,32127,32128,32129,32132,32133,32134,64255,64256,64257,64258,64259,64262,64263,64264,64265,64266,1,-1,2,-2,1,3,1,-1,-3,-1,2,2,5,2,2,-2,-2,-5,-2,-2
0,1,10711,10714,32133,32134,32135,32138,32139,32140,64267,64268,64269,64270,64271,64274,64275,64276,64277,64278,1,-1,2,-2,1,3,1,-1,-3,-1,2,2,5,2,2,-2,-2,-5,-2,-2
0,1,10713,10716,32139,32140,32141,32144,32145,32146,64279,64280,64281,64282,64283,64286,64287,64288,64289,64290,1,-1,2,-2,1,3,1,-1,-3,-1,2,2,5,2,2,-2,-2,-5,-2,-2
0,1,10715,10718,32145,32146,32147,32150,32151,32152,64291,64292,64293,64294,64295,64298,64299,64300,64301,64302,1,-1,2,-2,1,3,1,-1,-3,-1,2,2,5,2,2,-2,-2,-5,-2,-2
0,1,10717,10720,32151,32152,32153,32156,32157,32158,64303,64304,64305,64306,64307,64310,64311,64312,64313,64314,1,-1,2,-2,1,3,1,-1,-3,-1,2,2,5,2,2,-2,-2,-5,-2,-2
0,1,10719,10722,32157,32158,32159,32162,32163,32164,64315,64316,64317,64318,64319,64322,64323,64324,64325,64326,1,-1,2,-2,1,3,1,-1,-3,-1,2,2,5,2,2,-2,-2,-5,-2,-2
0,1,10721,10724,32163,32164,32165,32168,32169,32170,64327,64328,64329,64330,64331,64334,64335,64336,64337,64338,1,-1,2,-2,1,3,1,-1,-3,-1,2,2,5,2,2,-2,-2,-5,-2,-2
0,1,10723,10726,32169,32170,32171,32174,32175,32176,64339,64340,64341,64342,64343,64346,64347,64348,64349,64350,1,-1,2,-2,1,3,1,-1,-3,-1,2,2,5,2,2,-2,-2,-5,-2,-2
0,1,10725,10728,32175,32176,32177,32180,32181,32182,64351,64352,64353,64354,64355,64358,64359,64360,64361,64362,1,-1,2,-2,1,3,1,-1,-3,-1,2,2,5,2,2,-2,-2,-5,-2,-2
0,1,10727,10730,32181,32182,32183,32186,32187,32188,64363,64364,64365,64366,64367,64370,64371,64372,64373,64374,1,-1,2,-2,1,3,1,-1,-3,-1,2,2,5,2,2,-2,-2,-5,-2,-2
0,1,10729,10732,32187,32188,32189,32192,32193,32194,64375,64376,64377,64378,64379,64382,64383,64384,64385,64386,1,-1,2,-2,1,3,1,-1,-3,-1,2,2,5,2,2,-2,-2,-5,-2,-2
0,1,10731,10734,32193,32194,32195,32198,32199,32200,64387,64388,64389,64390,64391,64394,64395,64396,64397,64398,1,-1,2,-2,1,3,1,-1,-3,-1,2,2,5,2,2,-2,-2,-5,-2,-2
0,1,10733,10736,32199,32200,32201,32204,32205,32206,64399,64400,64401,64402,64403,64406,64407,64408,64409,64410,1,-1,2,-2,1,3,1,-1,-3,-1,2,2,5,2,2,-2,-2,-5,-2,-2
0,1,10735,10738,32205,32206,32207,32210,32211,32212,64411,64412,64413,64414,64415,64418,64419,64420,64421,64422,1,-1,2,-2,1,3,1,-1,-3,-1,2,2,5,2,2,-2,-2,-5,-2,-2
0,1,10737,10740,32211,32212,32213,32216,32217,32218,64423,64424,64425,64426,64427,64430,64431,64432,64433,64434,1,-1,2,-2,1,3,1,-1,-3,-1,2,2,5,2,2,-2,-2,-5,-2,-2
0,1,10739,10742,32217,32218,32219,32222,32223,32224,64435,64436,64437,64438,64439,64442,64443,64444,64445,64446,1,-1,2,-2,1,3,1,-1,-3,-1,2,2,5,2,2,-2,-2,-5,-2,-2
0,1,10741,10744,32223,32224,32225,32228,32229,32230,64447,64448,64449,64450,64451,64454,64455,64456,64457,64458,1,-1,2,-2,1,3,1,-1,-3,-1,2,2,5,2,2,-2,-2,-5,-2,-2
0,1,10743,10746,32229,32230,32231,32234,32235,32236,64459,64460,64461,64462,64463,64466,64467,64468,64469,64470,1,-1,2,-2,1,3,1,-1,-3,-1,2,2,5,2,2,-2,-2,-5,-2,-2
0,1,10745,10748,32235,32236,32237,32240,32241,32242,64471,64472,64473,64474,64475,64478,64479,64480,64481,64482,1,-1,2,-2,1,3,1,-1,-3,-1,2,2,5,2,2,-2,-2,-5,-2,-2
0,1,10747,10750,32241,32242,32243,32246,32247,32248,64483,64484,64485,64486,64487,64490,64491,64492,64493,64494,1,-1,2,-2,1,3,1,-1,-3,-1,2,2,5,2,2,-2,-2,-5,-2,-2
0,1,10749,10752,32247,32248,32249,32252,32253,32254,64495,64496,64497,64498,64499,64502,64503,64504,64505,64506,1,-1,2,-2,1,3,1,-1,-3,-1,2,2,5,2,2,-2,-2,-5,-2,-2
0,1,10751,10754,32253,32254,32255,32258,32259,32260,64507,64508,64509,64510,64511,64514,64515,64516,64517,64518,1,-1,2,-2,1,3,1,-1,-3,-1,2,2,5,2,2,-2,-2,-5,-2,-2
0,1,10753,10756,32259,32260,32261,32264,32265,32266,64519,64520,64521,64522,64523,64526,64527,64528,64529,64530,1,-1,2,-2,1,3,1,-1,-3,-1,2,2,5,2,2,-2,-2,-5,-2,-2
0,1,10755,10758,32265,32266,32267,32270,32271,32272,64531,64532,64533,64534,64535,64538,64539,64540,64541,64542,1,-1,2,-2,1,3,1,-1,-3,-1,2,2,5,2,2,-2,-2,-5,-2,-2
0,1,10757,10760,32271,32272,32273,32276,32277,32278,64543,64544,64545,64546,64547,64550,64551,64552,64553,64554,1,-1,2,-2,1,3,1,-1,-3,-1,2,2,5,2,2,-2,-2,-5,-2,-2
0,1,10759,10762,32277,32278,32279,32282,32283,32284,64555,64556,64557,64558,64559,64562,64563,64564,64565,64566,1,-1,2,-2,1,3,1,-1,-3,-1,2,2,5,2,2,-2,-2,-5,-2,-2
0,1,10761,10764,32283,32284,32285,32288,32289,32290,64567,64568,64569,64570,64571,64574,64575,64576,64577,64578,1,-1,2,-2,1,3,1,-1,-3,-1,2,2,5,2,2,-2,-2,-5,-2,-2
0,1,10763,10766,32289,32290,32291,32294,32295,32296,64579,64580,64581,64582,64583,64586,64587,64588,64589,64590,1,-1,2,-2,1,3,1,-1,-3,-1,2,2,5,2,2,-2,-2,-5,-2,-2
0,1,10765,10768,32295,32296,32297,32300,32301,32302,64591,64592,64593,64594,64595,64598,64599,64600,64601,64602,1,-1,2,-2,1,3,1,-1,-3,-1,2,2,5,2,2,-2,-2,-5,-2,-2
0,1,10767,10770,32301,32302,32303,32306,32307,32308,64603,64604,64605,64606,64607,64610,64611,64612,64613,64614,1,-1,2,-2,1,3,1,-1,-3,-1,2,2,5,2,2,-2,-2,-5,-2,-2
0,1,10769,10772,32307,32308,32309,32312,32313,32314,64615,64616,64617,64618,64619,64622,64623,64624,64625,64626,1,-1,2,-2,1,3,1,-1,-3,-1,2,2,5,2,2,-2,-2,-5,-2,-2
0,1,10771,10774,32313,32314,32315,32318,32319,32320,64627,64628,64629,64630,64631,64634,64635,64636,64637,64638,1,-1,2,-2,1,3,1,-1,-3,-1,2,2,5,2,2,-2,-2,-5,-2,-2
0,1,10773,10776,32319,32320,32321,32324,32325,32326,64639,64640,64641,64642,64643,64646,64647,64648,64649,64650,1,-1,2,-2,1,3,1,-1,-3,-1,2,2,5,2,2,-2,-2,-5,-2,-2
0,1,10775,10778,32325,32326,32327,32330,32331,32332,64651,64652,64653,64654,64655,64658,64659,64660,64661,64662,1,-1,2,-2,1,3,1,-1,-3,-1,2,2,5,2,2,-2,-2,-5,-2,-2
0,1,10777,10780,32331,32332,32333,32336,32337,32338,64663,64664,64665,64666,64667,64670,64671,64672,64673,64674,1,-1,2,-2,1,3,1,-1,-3,-1,2,2,5,2,2,-2,-2,-5,-2,-2
0,1,10779,10782,32337,32338,32339,32342,32343,32344,64675,64676,64677,64678,64679,64682,64683,64684,64685,64686,1,-1,2,-2,1,3,1,-1,-3,-1,2,2,5,2,2,-2,-2,-5,-2,-2
0,1,10781,10784,32343,32344,32345,32348,32349,32350,64687,64688,64689,64690,64691,64694,64695,64696,64697,64698,1,-1,2,-2,1,3,1,-1,-3,-1,2,2,5,2,2,-2,-2,-5,-2,-2
0,1,10783,10786,32349,32350,32351,32354,32355,32356,64699,64700,64701,64702,64703,64706,64707,64708,64709,64710,1,-1,2,-2,1,3,1,-1,-3,-1,2,2,5,2,2,-2,-2,-5,-2,-2
0,1,10785,10788,32355,32356,32357,32360,32361,32362,64711,64712,64713,64714,64715,64718,64719,64720,64721,64722,1,-1,2,-2,1,3,1,-1,-3,-1,2,2,5,2,2,-2,-2,-5,-2,-2
0,1,10787,10790,32361,32362,32363,32366,32367,32368,64723,64724,64725,64726,64727,64730,64731,64732,64733,64734,1,-1,2,-2,1,3,1,-1,-3,-1,2,2,5,2,2,-2,-2,-5,-2,-2
0,1,10789,10792,32367,32368,32369,32372,32373,32374,64735,64736,64737,64738,64739,64742,64743,64744,64745,64746,1,-1,2,-2,1,3,1,-1,-3,-1,2,2,5,2,2,-2,-2,-5,-2,-2
0,1,10791,10794,32373,32374,32375,32378,32379,32380,64747,64748,64749,64750,64751,64754,64755,64756,64757,64758,1,-1,2,-2,1,3,1,-1,-3,-1,2,2,5,2,2,-2,-2,-5,-2,-2
0,1,10793,10796,32379,32380,32381,32384,32385,32386,64759,64760,64761,64762,64763,64766,64767,64768,64769,64770,1,-1,2,-2,1,3,1,-1,-3,-1,2,2,5,2,2,-2,-2,-5,-2,-2
0,1,10795,10798,32385,32386,32387,32390,32391,32392,64771,64772,64773,64774,64775,64778,64779,64780,64781,64782,1,-1,2,-2,1,3,1,-1,-3,-1,2,2,5,2,2,-2,-2,-5,-2,-2
0,1,10797,10800,32391,32392,32393,32396,32397,32398,64783,64784,64785,64786,64787,64790,64791,64792,64793,64794,1,-1,2,-2,1,3,1,-1,-3,-1,2,2,5,2,2,-2,-2,-5,-2,-2
0,1,10799,10802,32397,32398,32399,32402,32403,32404,64795,64796,64797,64798,64799,64802,64803,64804,64805,64806,1,-1,2,-2,1,3,1,-1,-3,-1,2,2,5,2,2,-2,-2,-5,-2,-2
0,1,10801,10804,32403,32404,32405,32408,32409,32410,64807,64808,64809,64810,64811,64814,64815,64816,64817,64818,1,-1,2,-2,1,3,1,-1,-3,-1,2,2,5,2,2,-2,-2,-5,-2,-2
0,1,10803,10806,32409,32410,32411,32414,32415,32416,64819,64820,64821,64822,64823,64826,64827,64828,64829,64830,1,-1,2,-2,1,3,1,-1,-3,-1,2,2,5,2,2,-2,-2,-5,-2,-2
0,1,10805,10808,32415,32416,32417,32420,32421,32422,64831,64832,64833,64834,64835,64838,64839,64840,64841,64842,1,-1,2,-2,1,3,1,-1,-3,-1,2,2,5,2,2,-2,-2,-5,-2,-2
0,1,10807,10810,32421,32422,32423,32426,32427,32428,64843,64844,64845,64846,64847,64850,64851,64852,64853,64854,1,-1,2,-2,1,3,1,-1,-3,-1,2,2,5,2,2,-2,-2,-5,-2,-2
0,1,10809,10812,32427,32428,32429,32432,32433,32434,64855,64856,64857,64858,64859,64862,64863,64864,64865,64866,1,-1,2,-2,1,3,1,-1,-3,-1,2,2,5,2,2,-2,-2,-5,-2,-2
0,1,10811,10814,32433,32434,32435,32438,32439,32440,64867,64868,64869,64870,64871,64874,64875,64876,64877,64878,1,-1,2,-2,1,3,1,-1,-3,-1,2,2,5,2,2,-2,-2,-5,-2,-2
0,1,10813,10816,32439,32440,32441,32444,32445,32446,64879,64880,64881,64882,64883,64886,64887,64888,64889,64890,1,-1,2,-2,1,3,1,-1,-3,-1,2,2,5,2,2,-2,-2,-5,-2,-2
0,1,10815,10818,32445,32446,32447,32450,32451,32452,64891,64892,64893,64894,64895,64898,64899,64900,64901,64902,1,-1,2,-2,1,3,1,-1,-3,-1,2,2,5,2,2,-2,-2,-5,-2,-2
0,1,10817,10820,32451,32452,32453,32456,32457,32458,64903,64904,64905,64906,64907,64910,64911,64912,64913,64914,1,-1,2,-2,1,3,1,-1,-3,-1,2,2,5,2,2,-2,-2,-5,-2,-2
0,1,10819,10822,32457,32458,32459,32462,32463,32464,64915,64916,64917,64918,64919,64922,64923,64924,64925,64926,1,-1,2,-2,1,3,1,-1,-3,-1,2,2,5,2,2,-2,-2,-5,-2,-2
0,1,10821,10824,32463,32464,32465,32468,32469,32470,64927,64928,64929,64930,64931,64934,64935,64936,64937,64938,1,-1,2,-2,1,3,1,-1,-3,-1,2,2,5,2,2,-2,-2,-5,-2,-2
0,1,10823,10826,32469,32470,32471,32474,32475,32476,64939,64940,64941,64942,64943,64946,64947,64948,64949,64950,1,-1,2,-2,1,3,1,-1,-3,-1,2,2,5,2,2,-2,-2,-5,-2,-2
0,1,10825,10828,32475,32476,32477,32480,32481,32482,64951,64952,64953,64954,64955,64958,64959,64960,64961,64962,1,-1,2,-2,1,3,1,-1,-3,-1,2,2,5,2,2,-2,-2,-5,-2,-2
0,1,10827,10830,32481,32482,32483,32486,32487,32488,64963,64964,64965,64966,64967,64970,64971,64972,64973,64974,1,-1,2,-2,1,3,1,-1,-3,-1,2,2,5,2,2,-2,-2,-5,-2,-2
0,1,10829,10832,32487,32488,32489,32492,32493,32494,64975,64976,64977,64978,64979,64982,64983,64984,64985,64986,1,-1,2,-2,1,3,1,-1,-3,-1,2,2,5,2,2,-2,-2,-5,-2,-2
0,1,10831,10834,32493,32494,32495,32498,32499,32500,64987,64988,64989,64990,64991,64994,64995,64996,64997,64998,1,-1,2,-2,1,3,1,-1,-3,-1,2,2,5,2,2,-2,-2,-5,-2,-2
0,1,10833,10836,32499,32500,32501,32504,32505,32506,64999,65000,65001,65002,65003,65006,65007,65008,65009,65010,1,-1,2,-2,1,3,1,-1,-3,-1,2,2,5,2,2,-2,-2,-5,-2,-2
0,1,10835,10838,32505,32506,32507,32510,32511,32512,65011,65012,65013,65014,65015,65018,65019,65020,65021,65022,1,-1,2,-2,1,3,1,-1,-3,-1,2,2,5,2,2,-2,-2,-5,-2,-2
0,1,10837,10840,32511,32512,32513,32516,32517,32518,65023,65024,65025,65026,65027,65030,65031,65032,65033,65034,1,-1,2,-2,1,3,1,-1,-3,-1,2,2,5,2,2,-2,-2,-5,-2,-2
0,1,10839,10842,32517,32518,32519,32522,32523,32524,65035,65036,65037,65038,65039,65042,65043,65044,65045,65046,1,-1,2,-2,1,3,1,-1,-3,-1,2,2,5,2,2,-2,-2,-5,-2,-2
0,1,10841,10844,32523,32524,32525,32528,32529,32530,65047,65048,65049,65050,65051,65054,65055,65056,65057,65058,1,-1,2,-2,1,3,1,-1,-3,-1,2,2,5,2,2,-2,-2,-5,-2,-2
0,1,10843,10846,32529,32530,32531,32534,32535,32536,65059,65060,65061,65062,65063,65066,65067,65068,65069,65070,1,-1,2,-2,1,3,1,-1,-3,-1,2,2,5,2,2,-2,-2,-5,-2,-2
0,1,10845,10848,32535,32536,32537,32540,32541,32542,65071,65072,65073,65074,65075,65078,65079,65080,65081,65082,1,-1,2,-2,1,3,1,-1,-3,-1,2,2,5,2,2,-2,-2,-5,-2,-2
0,1,10847,10850,32541,32542,32543,32546,32547,32548,65083,65084,65085,65086,65087,65090,65091,65092,65093,65094,1,-1,2,-2,1,3,1,-1,-3,-1,2,2,5,2,2,-2,-2,-5,-2,-2
0,1,10849,10852,32547,32548,32549,32552,32553,32554,65095,65096,65097,65098,65099,65102,65103,65104,65105,65106,1,-1,2,-2,1,3,1,-1,-3,-1,2,2,5,2,2,-2,-2,-5,-2,-2
0,1,10851,10854,32553,32554,32555,32558,32559,32560,65107,65108,65109,65110,65111,65114,65115,65116,65117,65118,1,-1,2,-2,1,3,1,-1,-3,-1,2,2,5,2,2,-2,-2,-5,-2,-2
0,1,10853,10856,32559,32560,32561,32564,32565,32566,65119,65120,65121,65122,65123,65126,65127,65128,65129,65130,1,-1,2,-2,1,3,1,-1,-3,-1,2,2,5,2,2,-2,-2,-5,-2,-2
0,1,10855,10858,32565,32566,32567,32570,32571,32572,65131,65132,65133,65134,65135,65138,65139,65140,65141,65142,1,-1,2,-2,1,3,1,-1,-3,-1,2,2,5,2,2,-2,-2,-5,-2,-2
0,1,10857,10860,32571,32572,32573,32576,32577,32578,65143,65144,65145,65146,65147,65150,65151,65152,65153,65154,1,-1,2,-2,1,3,1,-1,-3,-1,2,2,5,2,2,-2,-2,-5,-2,-2
0,1,10859,10862,32577,32578,32579,32582,32583,32584,65155,65156,65157,65158,65159,65162,65163,65164,65165,65166,1,-1,2,-2,1,3,1,-1,-3,-1,2,2,5,2,2,-2,-2,-5,-2,-2
0,1,10861,10864,32583,32584,32585,32588,32589,32590,65167,65168,65169,65170,65171,65174,65175,65176,65177,65178,1,-1,2,-2,1,3,1,-1,-3,-1,2,2,5,2,2,-2,-2,-5,-2,-2
0,1,10863,10866,32589,32590,32591,32594,32595,32596,65179,65180,65181,65182,65183,65186,65187,65188,65189,65190,1,-1,2,-2,1,3,1,-1,-3,-1,2,2,5,2,2,-2,-2,-5,-2,-2
0,1,10865,10868,32595,32596,32597,32600,32601,32602,65191,65192,65193,65194,65195,65198,65199,65200,65201,65202,1,-1,2,-2,1,3,1,-1,-3,-1,2,2,5,2,2,-2,-2,-5,-2,-2
0,1,10867,10870,32601,32602,32603,32606,32607,32608,65203,65204,65205,65206,65207,65210,65211,65212,65213,65214,1,-1,2,-2,1,3,1,-1,-3,-1,2,2,5,2,2,-2,-2,-5,-2,-2
0,1,10869,10872,32607,32608,32609,32612,32613,32614,65215,65216,65217,65218,65219,65222,65223,65224,65225,65226,1,-1,2,-2,1,3,1,-1,-3,-1,2,2,5,2,2,-2,-2,-5,-2,-2
0,1,10871,10874,32613,32614,32615,32618,32619,32620,65227,65228,65229,65230,65231,65234,65235,65236,65237,65238,1,-1,2,-2,1,3,1,-1,-3,-1,2,2,5,2,2,-2,-2,-5,-2,-2
0,1,10873,10876,32619,32620,32621,32624,32625,32626,65239,65240,65241,65242,65243,65246,65247,65248,65249,65250,1,-1,2,-2,1,3,1,-1,-3,-1,2,2,5,2,2,-2,-2,-5,-2,-2
0,1,10875,10878,32625,32626,32627,32630,32631,32632,65251,65252,65253,65254,65255,65258,65259,65260,65261,65262,1,-1,2,-2,1,3,1,-1,-3,-1,2,2,5,2,2,-2,-2,-5,-2,-2
0,1,10877,10880,32631,32632,32633,32636,32637,32638,65263,65264,65265,65266,65267,65270,65271,65272,65273,65274,1,-1,2,-2,1,3,1,-1,-3,-1,2,2,5,2,2,-2,-2,-5,-2,-2
0,1,10879,10882,32637,32638,32639,32642,32643,32644,65275,65276,65277,65278,65279,65282,65283,65284,65285,65286,1,-1,2,-2,1,3,1,-1,-3,-1,2,2,5,2,2,-2,-2,-5,-2,-2
0,1,10881,10884,32643,32644,32645,32648,32649,32650,65287,65288,65289,65290,65291,65294,65295,65296,65297,65298,1,-1,2,-2,1,3,1,-1,-3,-1,2,2,5,2,2,-2,-2,-5,-2,-2
0,1,10883,10886,32649,32650,32651,32654,32655,32656,65299,65300,65301,65302,65303,65306,65307,65308,65309,65310,1,-1,2,-2,1,3,1,-1,-3,-1,2,2,5,2,2,-2,-2,-5,-2,-2
0,1,10885,10888,32655,32656,32657,32660,32661,32662,65311,65312,65313,65314,65315,65318,65319,65320,65321,65322,1,-1,2,-2,1,3,1,-1,-3,-1,2,2,5,2,2,-2,-2,-5,-2,-2
0,1,10887,10890,32661,32662,32663,32666,32667,32668,65323,65324,65325,65326,65327,65330,65331,65332,65333,65334,1,-1,2,-2,1,3,1,-1,-3,-1,2,2,5,2,2,-2,-2,-5,-2,-2
0,1,10889,10892,32667,32668,32669,32672,32673,32674,65335,65336,65337,65338,65339,65342,65343,65344,65345,65346,1,-1,2,-2,1,3,1,-1,-3,-1,2,2,5,2,2,-2,-2,-5,-2,-2
0,1,10891,10894,32673,32674,32675,32678,32679,32680,65347,65348,65349,65350,65351,65354,65355,65356,65357,65358,1,-1,2,-2,1,3,1,-1,-3,-1,2,2,5,2,2,-2,-2,-5,-2,-2
0,1,10893,10896,32679,32680,32681,32684,32685,32686,65359,65360,65361,65362,65363,65366,65367,65368,65369,65370,1,-1,2,-2,1,3,1,-1,-3,-1,2,2,5,2,2,-2,-2,-5,-2,-2
0,1,10895,10898,32685,32686,32687,32690,32691,32692,65371,65372,65373,65374,65375,65378,65379,65380,65381,65382,1,-1,2,-2,1,3,1,-1,-3,-1,2,2,5,2,2,-2,-2,-5,-2,-2
0,1,10897,10900,32691,32692,32693,32696,32697,32698,65383,65384,65385,65386,65387,65390,65391,65392,65393,65394,1,-1,2,-2,1,3,1,-1,-3,-1,2,2,5,2,2,-2,-2,-5,-2,-2
0,1,10899,10902,32697,32698,32699,32702,32703,32704,65395,65396,65397,65398,65399,65402,65403,65404,65405,65406,1,-1,2,-2,1,3,1,-1,-3,-1,2,2,5,2,2,-2,-2,-5,-2,-2
0,1,10901,10904,32703,32704,32705,32708,32709,32710,65407,65408,65409,65410,65411,65414,65415,65416,65417,65418,1,-1,2,-2,1,3,1,-1,-3,-1,2,2,5,2,2,-2,-2,-5,-2,-2
0,1,10903,10906,32709,32710,32711,32714,32715,32716,65419,65420,65421,65422,65423,65426,65427,65428,65429,65430,1,-1,2,-2,1,3,1,-1,-3,-1,2,2,5,2,2,-2,-2,-5,-2,-2
0,1,10905,10908,32715,32716,32717,32720,32721,32722,65431,65432,65433,65434,65435,65438,65439,65440,65441,65442,1,-1,2,-2,1,3,1,-1,-3,-1,2,2,5,2,2,-2,-2,-5,-2,-2
0,1,10907,10910,32721,32722,32723,32726,32727,32728,65443,65444,65445,65446,65447,65450,65451,65452,65453,65454,1,-1,2,-2,1,3,1,-1,-3,-1,2,2,5,2,2,-2,-2,-5,-2,-2
0,1,10909,10912,32727,32728,32729,32732,32733,32734,65455,65456,65457,65458,65459,65462,65463,65464,65465,65466,1,-1,2,-2,1,3,1,-1,-3,-1,2,2,5,2,2,-2,-2,-5,-2,-2
0,1,10911,10914,32733,32734,32735,32738,32739,32740,65467,65468,65469,65470,65471,65474,65475,65476,65477,65478,1,-1,2,-2,1,3,1,-1,-3,-1,2,2,5,2,2,-2,-2,-5,-2,-2
0,1,10913,10916,32739,32740,32741,32744,32745,32746,65479,65480,65481,65482,65483,65486,65487,65488,65489,65490,1,-1,2,-2,1,3,1,-1,-3,-1,2,2,5,2,2,-2,-2,-5,-2,-2
0,1,10915,10918,32745,32746,32747,32750,32751,32752,65491,65492,65493,65494,65495,65498,65499,65500,65501,65502,1,-1,2,-2,1,3,1,-1,-3,-1,2,2,5,2,2,-2,-2,-5,-2,-2
0,1,10917,10920,32751,32752,32753,32756,32757,32758,65503,65504,65505,65506,65507,65510,65511,65512,65513,65514,1,-1,2,-2,1,3,1,-1,-3,-1,2,2,5,2,2,-2,-2,-5,-2,-2
0,1,10919,10922,32757,32758,32759,32762,32763,32764,65515,65516,65517,65518,65519,65522,65523,65524,65525,65526,1,-1,2,-2,1,3,1,-1,-3,-1,2,2,5,2,2,-2,-2,-5,-2,-2
0,1,10921,10924,32763,32764,32765,32768,32769,32770,65527,65528,65529,65530,65531,65534,65535,65536,65537,65538,1,-1,2,-2,1,3,1,-1,-3,-1,2,2,5,2,2,-2,-2,-5,-2,-2
0,1,10923,10926,32769,32770,32771,32774,32775,32776,65539,65540,65541,65542,65543,65546,65547,65548,65549,65550,1,-1,2,-2,1,3,1,-1,-3,-1,2,2,5,2,2,-2,-2,-5,-2,-2
0,1,10925,10928,32775,32776,32777,32780,32781,32782,65551,65552,65553,65554,65555,65558,65559,65560,65561,65562,1,-1,2,-2,1,3,1,-1,-3,-1,2,2,5,2,2,-2,-2,-5,-2,-2
0,1,10927,10930,32781,32782,32783,32786,32787,32788,65563,65564,65565,65566,65567,65570,65571,65572,65573,65574,1,-1,2,-2,1,3,1,-1,-3,-1,2,2,5,2,2,-2,-2,-5,-2,-2
0,1,10929,10932,32787,32788,32789,32792,32793,32794,65575,65576,65577,65578,65579,65582,65583,65584,65585,65586,1,-1,2,-2,1,3,1,-1,-3,-1,2,2,5,2,2,-2,-2,-5,-2,-2
0,1,10931,10934,32793,32794,32795,32798,32799,32800,65587,65588,65589,65590,65591,65594,65595,65596,65597,65598,1,-1,2,-2,1,3,1,-1,-3,-1,2,2,5,2,2,-2,-2,-5,-2,-2
0,1,10933,10936,32799,32800,32801,32804,32805,32806,65599,65600,65601,65602,65603,65606,65607,65608,65609,65610,1,-1,2,-2,1,3,1,-1,-3,-1,2,2,5,2,2,-2,-2,-5,-2,-2
0,1,10935,10938,32805,32806,32807,32810,32811,32812,65611,65612,65613,65614,65615,65618,65619,65620,65621,65622,1,-1,2,-2,1,3,1,-1,-3,-1,2,2,5,2,2,-2,-2,-5,-2,-2
0,1,10937,10940,32811,32812,32813,32816,32817,32818,65623,65624,65625,65626,65627,65630,65631,65632,65633,65634,1,-1,2,-2,1,3,1,-1,-3,-1,2,2,5,2,2,-2,-2,-5,-2,-2
0,1,10939,10942,32817,32818,32819,32822,32823,32824,65635,65636,65637,65638,65639,65642,65643,65644,65645,65646,1,-1,2,-2,1,3,1,-1,-3,-1,2,2,5,2,2,-2,-2,-5,-2,-2
0,1,10941,10944,32823,32824,32825,32828,32829,32830,65647,65648,65649,65650,65651,65654,65655,65656,65657,65658,1,-1,2,-2,1,3,1,-1,-3,-1,2,2,5,2,2,-2,-2,-5,-2,-2
0,1,10943,10946,32829,32830,32831,32834,32835,32836,65659,65660,65661,65662,65663,65666,65667,65668,65669,65670,1,-1,2,-2,1,3,1,-1,-3,-1,2,2,5,2,2,-2,-2,-5,-2,-2
0,1,10945,10948,32835,32836,32837,32840,32841,32842,65671,65672,65673,65674,65675,65678,65679,65680,65681,65682,1,-1,2,-2,1,3,1,-1,-3,-1,2,2,5,2,2,-2,-2,-5,-2,-2
0,1,10947,10950,32841,32842,32843,32846,32847,32848,65683,65684,65685,65686,65687,65690,65691,65692,65693,65694,1,-1,2,-2,1,3,1,-1,-3,-1,2,2,5,2,2,-2,-2,-5,-2,-2
0,1,10949,10952,32847,32848,32849,32852,32853,32854,65695,65696,65697,65698,65699,65702,65703,65704,65705,65706,1,-1,2,-2,1,3,1,-1,-3,-1,2,2,5,2,2,-2,-2,-5,-2,-2
0,1,10951,10954,32853,32854,32855,32858,32859,32860,65707,65708,65709,65710,65711,65714,65715,65716,65717,65718,1,-1,2,-2,1,3,1,-1,-3,-1,2,2,5,2,2,-2,-2,-5,-2,-2
0,1,10953,10956,32859,32860,32861,32864,32865,32866,65719,65720,65721,65722,65723,65726,65727,65728,65729,65730,1,-1,2,-2,1,3,1,-1,-3,-1,2,2,5,2,2,-2,-2,-5,-2,-2
0,1,10955,10958,32865,32866,32867,32870,32871,32872,65731,65732,65733,65734,65735,65738,65739,65740,65741,65742,1,-1,2,-2,1,3,1,-1,-3,-1,2,2,5,2,2,-2,-2,-5,-2,-2
0,1,10957,10960,32871,32872,32873,32876,32877,32878,65743,65744,65745,65746,65747,65750,65751,65752,65753,65754,1,-1,2,-2,1,3,1,-1,-3,-1,2,2,5,2,2,-2,-2,-5,-2,-2
0,1,10959,10962,32877,32878,32879,32882,32883,32884,65755,65756,65757,65758,65759,65762,65763,65764,65765,65766,1,-1,2,-2,1,3,1,-1,-3,-1,2,2,5,2,2,-2,-2,-5,-2,-2
0,1,10961,10964,32883,32884,32885,32888,32889,32890,65767,65768,65769,65770,65771,65774,65775,65776,65777,65778,1,-1,2,-2,1,3,1,-1,-3,-1,2,2,5,2,2,-2,-2,-5,-2,-2
0,1,10963,10966,32889,32890,32891,32894,32895,32896,65779,65780,65781,65782,65783,65786,65787,65788,65789,65790,1,-1,2,-2,1,3,1,-1,-3,-1,2,2,5,2,2,-2,-2,-5,-2,-2
0,1,10965,10968,32895,32896,32897,32900,32901,32902,65791,65792,65793,65794,65795,65798,65799,65800,65801,65802,1,-1,2,-2,1,3,1,-1,-3,-1,2,2,5,2,2,-2,-2,-5,-2,-2
0,1,10967,10970,32901,32902,32903,32906,32907,32908,65803,65804,65805,65806,65807,65810,65811,65812,65813,65814,1,-1,2,-2,1,3,1,-1,-3,-1,2,2,5,2,2,-2,-2,-5,-2,-2
0,1,10969,10972,32907,32908,32909,32912,32913,32914,65815,65816,65817,65818,65819,65822,65823,65824,65825,65826,1,-1,2,-2,1,3,1,-1,-3,-1,2,2,5,2,2,-2,-2,-5,-2,-2
0,1,10971,10974,32913,32914,32915,32918,32919,32920,65827,65828,65829,65830,65831,65834,65835,65836,65837,65838,1,-1,2,-2,1,3,1,-1,-3,-1,2,2,5,2,2,-2,-2,-5,-2,-2
0,1,10973,10976,32919,32920,32921,32924,32925,32926,65839,65840,65841,65842,65843,65846,65847,65848,65849,65850,1,-1,2,-2,1,3,1,-1,-3,-1,2,2,5,2,2,-2,-2,-5,-2,-2
0,1,10975,10978,32925,32926,32927,32930,32931,32932,65851,65852,65853,65854,65855,65858,65859,65860,65861,65862,1,-1,2,-2,1,3,1,-1,-3,-1,2,2,5,2,2,-2,-2,-5,-2,-2
0,1,10977,10980,32931,32932,32933,32936,32937,32938,65863,65864,65865,65866,65867,65870,65871,65872,65873,65874,1,-1,2,-2,1,3,1,-1,-3,-1,2,2,5,2,2,-2,-2,-5,-2,-2
0,1,10979,10982,32937,32938,32939,32942,32943,32944,65875,65876,65877,65878,65879,65882,65883,65884,65885,65886,1,-1,2,-2,1,3,1,-1,-3,-1,2,2,5,2,2,-2,-2,-5,-2,-2
0,1,10981,10984,32943,32944,32945,32948,32949,32950,65887,65888,65889,65890,65891,65894,65895,65896,65897,65898,1,-1,2,-2,1,3,1,-1,-3,-1,2,2,5,2,2,-2,-2,-5,-2,-2
0,1,10983,10986,32949,32950,32951,32954,32955,32956,65899,65900,65901,65902,65903,65906,65907,65908,65909,65910,1,-1,2,-2,1,3,1,-1,-3,-1,2,2,5,2,2,-2,-2,-5,-2,-2
0,1,10985,10988,32955,32956,32957,32960,32961,32962,65911,65912,65913,65914,65915,65918,65919,65920,65921,65922,1,-1,2,-2,1,3,1,-1,-3,-1,2,2,5,2,2,-2,-2,-5,-2,-2
0,1,10987,10990,32961,32962,32963,32966,32967,32968,65923,65924,65925,65926,65927,65930,65931,65932,65933,65934,1,-1,2,-2,1,3,1,-1,-3,-1,2,2,5,2,2,-2,-2,-5,-2,-2
0,1,10989,10992,32967,32968,32969,32972,32973,32974,65935,65936,65937,65938,65939,65942,65943,65944,65945,65946,1,-1,2,-2,1,3,1,-1,-3,-1,2,2,5,2,2,-2,-2,-5,-2,-2
0,1,10991,10994,32973,32974,32975,32978,32979,32980,65947,65948,65949,65950,65951,65954,65955,65956,65957,65958,1,-1,2,-2,1,3,1,-1,-3,-1,2,2,5,2,2,-2,-2,-5,-2,-2
0,1,10993,10996,32979,32980,32981,32984,32985,32986,65959,65960,65961,65962,65963,65966,65967,65968,65969,65970,1,-1,2,-2,1,3,1,-1,-3,-1,2,2,5,2,2,-2,-2,-5,-2,-2
0,1,10995,10998,32985,32986,32987,32990,32991,32992,65971,65972,65973,65974,65975,65978,65979,65980,65981,65982,1,-1,2,-2,1,3,1,-1,-3,-1,2,2,5,2,2,-2,-2,-5,-2,-2
0,1,10997,11000,32991,32992,32993,32996,32997,32998,65983,65984,65985,65986,65987,65990,65991,65992,65993,65994,1,-1,2,-2,1,3,1,-1,-3,-1,2,2,5,2,2,-2,-2,-5,-2,-2
0,1,10999,11002,32997,32998,32999,33002,33003,33004,65995,65996,65997,65998,65999,66002,66003,66004,66005,66006,1,-1,2,-2,1,3,1,-1,-3,-1,2,2,5,2,2,-2,-2,-5,-2,-2
0,1,11001,11004,33003,33004,33005,33008,33009,33010,66007,66008,66009,66010,66011,66014,66015,66016,66017,66018,1,-1,2,-2,1,3,1,-1,-3,-1,2,2,5,2,2,-2,-2,-5,-2,-2
0,1,11003,11006,33009,33010,33011,33014,33015,33016,66019,66020,66021,66022,66023,66026,66027,66028,66029,66030,1,-1,2,-2,1,3,1,-1,-3,-1,2,2,5,2,2,-2,-2,-5,-2,-2
0,1,11005,11008,33015,33016,33017,33020,33021,33022,66031,66032,66033,66034,66035,66038,66039,66040,66041,66042,1,-1,2,-2,1,3,1,-1,-3,-1,2,2,5,2,2,-2,-2,-5,-2,-2
0,1,11007,11010,33021,33022,33023,33026,33027,33028,66043,66044,66045,66046,66047,66050,66051,66052,66053,66054,1,-1,2,-2,1,3,1,-1,-3,-1,2,2,5,2,2,-2,-2,-5,-2,-2
0,1,11009,11012,33027,33028,33029,33032,33033,33034,66055,66056,66057,66058,66059,66062,66063,66064,66065,66066,1,-1,2,-2,1,3,1,-1,-3,-1,2,2,5,2,2,-2,-2,-5,-2,-2
0,1,11011,11014,33033,33034,33035,33038,33039,33040,66067,66068,66069,66070,66071,66074,66075,66076,66077,66078,1,-1,2,-2,1,3,1,-1,-3,-1,2,2,5,2,2,-2,-2,-5,-2,-2
0,1,11013,11016,33039,33040,33041,33044,33045,33046,66079,66080,66081,66082,66083,66086,66087,66088,66089,66090,1,-1,2,-2,1,3,1,-1,-3,-1,2,2,5,2,2,-2,-2,-5,-2,-2
0,1,11015,11018,33045,33046,33047,33050,33051,33052,66091,66092,66093,66094,66095,66098,66099,66100,66101,66102,1,-1,2,-2,1,3,1,-1,-3,-1,2,2,5,2,2,-2,-2,-5,-2,-2
0,1,11017,11020,33051,33052,33053,33056,33057,33058,66103,66104,66105,66106,66107,66110,66111,66112,66113,66114,1,-1,2,-2,1,3,1,-1,-3,-1,2,2,5,2,2,-2,-2,-5,-2,-2
0,1,11019,11022,33057,33058,33059,33062,33063,33064,66115,66116,66117,66118,66119,66122,66123,66124,66125,66126,1,-1,2,-2,1,3,1,-1,-3,-1,2,2,5,2,2,-2,-2,-5,-2,-2
0,1,11021,11024,33063,33064,33065,33068,33069,33070,66127,66128,66129,66130,66131,66134,66135,66136,66137,66138,1,-1,2,-2,1,3,1,-1,-3,-1,2,2,5,2,2,-2,-2,-5,-2,-2
0,1,11023,11026,33069,33070,33071,33074,33075,33076,66139,66140,66141,66142,66143,66146,66147,66148,66149,66150,1,-1,2,-2,1,3,1,-1,-3,-1,2,2,5,2,2,-2,-2,-5,-2,-2
0,1,11025,11028,33075,33076,33077,33080,33081,33082,66151,66152,66153,66154,66155,66158,66159,66160,66161,66162,1,-1,2,-2,1,3,1,-1,-3,-1,2,2,5,2,2,-2,-2,-5,-2,-2
0,1,11027,11030,33081,33082,33083,33086,33087,33088,66163,66164,66165,66166,66167,66170,66171,66172,66173,66174,1,-1,2,-2,1,3,1,-1,-3,-1,2,2,5,2,2,-2,-2,-5,-2,-2
0,1,11029,11032,33087,33088,33089,33092,33093,33094,66175,66176,66177,66178,66179,66182,66183,66184,66185,66186,1,-1,2,-2,1,3,1,-1,-3,-1,2,2,5,2,2,-2,-2,-5,-2,-2
0,1,11031,11034,33093,33094,33095,33098,33099,33100,66187,66188,66189,66190,66191,66194,66195,66196,66197,66198,1,-1,2,-2,1,3,1,-1,-3,-1,2,2,5,2,2,-2,-2,-5,-2,-2
0,1,11033,11036,33099,33100,33101,33104,33105,33106,66199,66200,66201,66202,66203,66206,66207,66208,66209,66210,1,-1,2,-2,1,3,1,-1,-3,-1,2,2,5,2,2,-2,-2,-5,-2,-2
0,1,11035,11038,33105,33106,33107,33110,33111,33112,66211,66212,66213,66214,66215,66218,66219,66220,66221,66222,1,-1,2,-2,1,3,1,-1,-3,-1,2,2,5,2,2,-2,-2,-5,-2,-2
0,1,11037,11040,33111,33112,33113,33116,33117,33118,66223,66224,66225,66226,66227,66230,66231,66232,66233,66234,1,-1,2,-2,1,3,1,-1,-3,-1,2,2,5,2,2,-2,-2,-5,-2,-2
0,1,11039,11042,33117,33118,33119,33122,33123,33124,66235,66236,66237,66238,66239,66242,66243,66244,66245,66246,1,-1,2,-2,1,3,1,-1,-3,-1,2,2,5,2,2,-2,-2,-5,-2,-2
0,1,11041,11044,33123,33124,33125,33128,33129,33130,66247,66248,66249,66250,66251,66254,66255,66256,66257,66258,1,-1,2,-2,1,3,1,-1,-3,-1,2,2,5,2,2,-2,-2,-5,-2,-2
0,1,11043,11046,33129,33130,33131,33134,33135,33136,66259,66260,66261,66262,66263,66266,66267,66268,66269,66270,1,-1,2,-2,1,3,1,-1,-3,-1,2,2,5,2,2,-2,-2,-5,-2,-2
0,1,11045,11048,33135,33136,33137,33140,33141,33142,66271,66272,66273,66274,66275,66278,66279,66280,66281,66282,1,-1,2,-2,1,3,1,-1,-3,-1,2,2,5,2,2,-2,-2,-5,-2,-2
0,1,11047,11050,33141,33142,33143,33146,33147,33148,66283,66284,66285,66286,66287,66290,66291,66292,66293,66294,1,-1,2,-2,1,3,1,-1,-3,-1,2,2,5,2,2,-2,-2,-5,-2,-2
0,1,11049,11052,33147,33148,33149,33152,33153,33154,66295,66296,66297,66298,66299,66302,66303,66304,66305,66306,1,-1,2,-2,1,3,1,-1,-3,-1,2,2,5,2,2,-2,-2,-5,-2,-2
0,1,11051,11054,33153,33154,33155,33158,33159,33160,66307,66308,66309,66310,66311,66314,66315,66316,66317,66318,1,-1,2,-2,1,3,1,-1,-3,-1,2,2,5,2,2,-2,-2,-5,-2,-2
0,1,11053,11056,33159,33160,33161,33164,33165,33166,66319,66320,66321,66322,66323,66326,66327,66328,66329,66330,1,-1,2,-2,1,3,1,-1,-3,-1,2,2,5,2,2,-2,-2,-5,-2,-2
0,1,11055,11058,33165,33166,33167,33170,33171,33172,66331,66332,66333,66334,66335,66338,66339,66340,66341,66342,1,-1,2,-2,1,3,1,-1,-3,-1,2,2,5,2,2,-2,-2,-5,-2,-2
0,1,11057,11060,33171,33172,33173,33176,33177,33178,66343,66344,66345,66346,66347,66350,66351,66352,66353,66354,1,-1,2,-2,1,3,1,-1,-3,-1,2,2,5,2,2,-2,-2,-5,-2,-2
0,1,11059,11062,33177,33178,33179,33182,33183,33184,66355,66356,66357,66358,66359,66362,66363,66364,66365,66366,1,-1,2,-2,1,3,1,-1,-3,-1,2,2,5,2,2,-2,-2,-5,-2,-2
0,1,11061,11064,33183,33184,33185,33188,33189,33190,66367,66368,66369,66370,66371,66374,66375,66376,66377,66378,1,-1,2,-2,1,3,1,-1,-3,-1,2,2,5,2,2,-2,-2,-5,-2,-2
0,1,11063,11066,33189,33190,33191,33194,33195,33196,66379,66380,66381,66382,66383,66386,66387,66388,66389,66390,1,-1,2,-2,1,3,1,-1,-3,-1,2,2,5,2,2,-2,-2,-5,-2,-2
0,1,11065,11068,33195,33196,33197,33200,33201,33202,66391,66392,66393,66394,66395,66398,66399,66400,66401,66402,1,-1,2,-2,1,3,1,-1,-3,-1,2,2,5,2,2,-2,-2,-5,-2,-2
0,1,11067,11070,33201,33202,33203,33206,33207,33208,66403,66404,66405,66406,66407,66410,66411,66412,66413,66414,1,-1,2,-2,1,3,1,-1,-3,-1,2,2,5,2,2,-2,-2,-5,-2,-2
0,1,11069,11072,33207,33208,33209,33212,33213,33214,66415,66416,66417,66418,66419,66422,66423,66424,66425,66426,1,-1,2,-2,1,3,1,-1,-3,-1,2,2,5,2,2,-2,-2,-5,-2,-2
0,1,11071,11074,33213,33214,33215,33218,33219,33220,66427,66428,66429,66430,66431,66434,66435,66436,66437,66438,1,-1,2,-2,1,3,1,-1,-3,-1,2,2,5,2,2,-2,-2,-5,-2,-2
0,1,11073,11076,33219,33220,33221,33224,33225,33226,66439,66440,66441,66442,66443,66446,66447,66448,66449,66450,1,-1,2,-2,1,3,1,-1,-3,-1,2,2,5,2,2,-2,-2,-5,-2,-2
0,1,11075,11078,33225,33226,33227,33230,33231,33232,66451,66452,66453,66454,66455,66458,66459,66460,66461,66462,1,-1,2,-2,1,3,1,-1,-3,-1,2,2,5,2,2,-2,-2,-5,-2,-2
0,1,11077,11080,33231,33232,33233,33236,33237,33238,66463,66464,66465,66466,66467,66470,66471,66472,66473,66474,1,-1,2,-2,1,3,1,-1,-3,-1,2,2,5,2,2,-2,-2,-5,-2,-2
0,1,11079,11082,33237,33238,33239,33242,33243,33244,66475,66476,66477,66478,66479,66482,66483,66484,66485,66486,1,-1,2,-2,1,3,1,-1,-3,-1,2,2,5,2,2,-2,-2,-5,-2,-2
0,1,11081,11084,33243,33244,33245,33248,33249,33250,66487,66488,66489,66490,66491,66494,66495,66496,66497,66498,1,-1,2,-2,1,3,1,-1,-3,-1,2,2,5,2,2,-2,-2,-5,-2,-2
0,1,11083,11086,33249,33250,33251,33254,33255,33256,66499,66500,66501,66502,66503,66506,66507,66508,66509,66510,1,-1,2,-2,1,3,1,-1,-3,-1,2,2,5,2,2,-2,-2,-5,-2,-2
0,1,11085,11088,33255,33256,33257,33260,33261,33262,66511,66512,66513,66514,66515,66518,66519,66520,66521,66522,1,-1,2,-2,1,3,1,-1,-3,-1,2,2,5,2,2,-2,-2,-5,-2,-2
0,1,11087,11090,33261,33262,33263,33266,33267,33268,66523,66524,66525,66526,66527,66530,66531,66532,66533,66534,1,-1,2,-2,1,3,1,-1,-3,-1,2,2,5,2,2,-2,-2,-5,-2,-2
0,1,11089,11092,33267,33268,33269,33272,33273,33274,66535,66536,66537,66538,66539,66542,66543,66544,66545,66546,1,-1,2,-2,1,3,1,-1,-3,-1,2,2,5,2,2,-2,-2,-5,-2,-2
0,1,11091,11094,33273,33274,33275,33278,33279,33280,66547,66548,66549,66550,66551,66554,66555,66556,66557,66558,1,-1,2,-2,1,3,1,-1,-3,-1,2,2,5,2,2,-2,-2,-5,-2,-2
0,1,11093,11096,33279,33280,33281,33284,33285,33286,66559,66560,66561,66562,66563,66566,66567,66568,66569,66570,1,-1,2,-2,1,3,1,-1,-3,-1,2,2,5,2,2,-2,-2,-5,-2,-2
0,1,11095,11098,33285,33286,33287,33290,33291,33292,66571,66572,66573,66574,66575,66578,66579,66580,66581,66582,1,-1,2,-2,1,3,1,-1,-3,-1,2,2,5,2,2,-2,-2,-5,-2,-2
0,1,11097,11100,33291,33292,33293,33296,33297,33298,66583,66584,66585,66586,66587,66590,66591,66592,66593,66594,1,-1,2,-2,1,3,1,-1,-3,-1,2,2,5,2,2,-2,-2,-5,-2,-2
0,1,11099,11102,33297,33298,33299,33302,33303,33304,66595,66596,66597,66598,66599,66602,66603,66604,66605,66606,1,-1,2,-2,1,3,1,-1,-3,-1,2,2,5,2,2,-2,-2,-5,-2,-2
0,1,11101,11104,33303,33304,33305,33308,33309,33310,66607,66608,66609,66610,66611,66614,66615,66616,66617,66618,1,-1,2,-2,1,3,1,-1,-3,-1,2,2,5,2,2,-2,-2,-5,-2,-2
0,1,11103,11106,33309,33310,33311,33314,33315,33316,66619,66620,66621,66622,66623,66626,66627,66628,66629,66630,1,-1,2,-2,1,3,1,-1,-3,-1,2,2,5,2,2,-2,-2,-5,-2,-2
0,1,11105,11108,33315,33316,33317,33320,33321,33322,66631,66632,66633,66634,66635,66638,66639,66640,66641,66642,1,-1,2,-2,1,3,1,-1,-3,-1,2,2,5,2,2,-2,-2,-5,-2,-2
0,1,11107,11110,33321,33322,33323,33326,33327,33328,66643,66644,66645,66646,66647,66650,66651,66652,66653,66654,1,-1,2,-2,1,3,1,-1,-3,-1,2,2,5,2,2,-2,-2,-5,-2,-2
0,1,11109,11112,33327,33328,33329,33332,33333,33334,66655,66656,66657,66658,66659,66662,66663,66664,66665,66666,1,-1,2,-2,1,3,1,-1,-3,-1,2,2,5,2,2,-2,-2,-5,-2,-2
0,1,11111,11114,33333,33334,33335,33338,33339,33340,66667,66668,66669,66670,66671,66674,66675,66676,66677,66678,1,-1,2,-2,1,3,1,-1,-3,-1,2,2,5,2,2,-2,-2,-5,-2,-2
0,1,11113,11116,33339,33340,33341,33344,33345,33346,66679,66680,66681,66682,66683,66686,66687,66688,66689,66690,1,-1,2,-2,1,3,1,-1,-3,-1,2,2,5,2,2,-2,-2,-5,-2,-2
0,1,11115,11118,33345,33346,33347,33350,33351,33352,66691,66692,66693,66694,66695,66698,66699,66700,66701,66702,1,-1,2,-2,1,3,1,-1,-3,-1,2,2,5,2,2,-2,-2,-5,-2,-2
0,1,11117,11120,33351,33352,33353,33356,33357,33358,66703,66704,66705,66706,66707,66710,66711,66712,66713,66714,1,-1,2,-2,1,3,1,-1,-3,-1,2,2,5,2,2,-2,-2,-5,-2,-2
0,1,11119,11122,33357,33358,33359,33362,33363,33364,66715,66716,66717,66718,66719,66722,66723,66724,66725,66726,1,-1,2,-2,1,3,1,-1,-3,-1,2,2,5,2,2,-2,-2,-5,-2,-2
0,1,11121,11124,33363,33364,33365,33368,33369,33370,66727,66728,66729,66730,66731,66734,66735,66736,66737,66738,1,-1,2,-2,1,3,1,-1,-3,-1,2,2,5,2,2,-2,-2,-5,-2,-2
0,1,11123,11126,33369,33370,33371,33374,33375,33376,66739,66740,66741,66742,66743,66746,66747,66748,66749,66750,1,-1,2,-2,1,3,1,-1,-3,-1,2,2,5,2,2,-2,-2,-5,-2,-2
0,1,11125,11128,33375,33376,33377,33380,33381,33382,66751,66752,66753,66754,66755,66758,66759,66760,66761,66762,1,-1,2,-2,1,3,1,-1,-3,-1,2,2,5,2,2,-2,-2,-5,-2,-2
0,1,11127,11130,33381,33382,33383,33386,33387,33388,66763,66764,66765,66766,66767,66770,66771,66772,66773,66774,1,-1,2,-2,1,3,1,-1,-3,-1,2,2,5,2,2,-2,-2,-5,-2,-2
0,1,11129,11132,33387,33388,33389,33392,33393,33394,66775,66776,66777,66778,66779,66782,66783,66784,66785,66786,1,-1,2,-2,1,3,1,-1,-3,-1,2,2,5,2,2,-2,-2,-5,-2,-2
0,1,11131,11134,33393,33394,33395,33398,33399,33400,66787,66788,66789,66790,66791,66794,66795,66796,66797,66798,1,-1,2,-2,1,3,1,-1,-3,-1,2,2,5,2,2,-2,-2,-5,-2,-2
0,1,11133,11136,33399,33400,33401,33404,33405,33406,66799,66800,66801,66802,66803,66806,66807,66808,66809,66810,1,-1,2,-2,1,3,1,-1,-3,-1,2,2,5,2,2,-2,-2,-5,-2,-2
0,1,11135,11138,33405,33406,33407,33410,33411,33412,66811,66812,66813,66814,66815,66818,66819,66820,66821,66822,1,-1,2,-2,1,3,1,-1,-3,-1,2,2,5,2,2,-2,-2,-5,-2,-2
0,1,11137,11140,33411,33412,33413,33416,33417,33418,66823,66824,66825,66826,66827,66830,66831,66832,66833,66834,1,-1,2,-2,1,3,1,-1,-3,-1,2,2,5,2,2,-2,-2,-5,-2,-2
0,1,11139,11142,33417,33418,33419,33422,33423,33424,66835,66836,66837,66838,66839,66842,66843,66844,66845,66846,1,-1,2,-2,1,3,1,-1,-3,-1,2,2,5,2,2,-2,-2,-5,-2,-2
0,1,11141,11144,33423,33424,33425,33428,33429,33430,66847,66848,66849,66850,66851,66854,66855,66856,66857,66858,1,-1,2,-2,1,3,1,-1,-3,-1,2,2,5,2,2,-2,-2,-5,-2,-2
0,1,11143,11146,33429,33430,33431,33434,33435,33436,66859,66860,66861,66862,66863,66866,66867,66868,66869,66870,1,-1,2,-2,1,3,1,-1,-3,-1,2,2,5,2,2,-2,-2,-5,-2,-2
0,1,11145,11148,33435,33436,33437,33440,33441,33442,66871,66872,66873,66874,66875,66878,66879,66880,66881,66882,1,-1,2,-2,1,3,1,-1,-3,-1,2,2,5,2,2,-2,-2,-5,-2,-2
0,1,11147,11150,33441,33442,33443,33446,33447,33448,66883,66884,66885,66886,66887,66890,66891,66892,66893,66894,1,-1,2,-2,1,3,1,-1,-3,-1,2,2,5,2,2,-2,-2,-5,-2,-2
0,1,11149,11152,33447,33448,33449,33452,33453,33454,66895,66896,66897,66898,66899,66902,66903,66904,66905,66906,1,-1,2,-2,1,3,1,-1,-3,-1,2,2,5,2,2,-2,-2,-5,-2,-2
0,1,11151,11154,33453,33454,33455,33458,33459,33460,66907,66908,66909,66910,66911,66914,66915,66916,66917,66918,1,-1,2,-2,1,3,1,-1,-3,-1,2,2,5,2,2,-2,-2,-5,-2,-2
0,1,11153,11156,33459,33460,33461,33464,33465,33466,66919,66920,66921,66922,66923,66926,66927,66928,66929,66930,1,-1,2,-2,1,3,1,-1,-3,-1,2,2,5,2,2,-2,-2,-5,-2,-2
0,1,11155,11158,33465,33466,33467,33470,33471,33472,66931,66932,66933,66934,66935,66938,66939,66940,66941,66942,1,-1,2,-2,1,3,1,-1,-3,-1,2,2,5,2,2,-2,-2,-5,-2,-2
0,1,11157,11160,33471,33472,33473,33476,33477,33478,66943,66944,66945,66946,66947,66950,66951,66952,66953,66954,1,-1,2,-2,1,3,1,-1,-3,-1,2,2,5,2,2,-2,-2,-5,-2,-2
0,1,11159,11162,33477,33478,33479,33482,33483,33484,66955,66956,66957,66958,66959,66962,66963,66964,66965,66966,1,-1,2,-2,1,3,1,-1,-3,-1,2,2,5,2,2,-2,-2,-5,-2,-2
0,1,11161,11164,33483,33484,33485,33488,33489,33490,66967,66968,66969,66970,66971,66974,66975,66976,66977,66978,1,-1,2,-2,1,3,1,-1,-3,-1,2,2,5,2,2,-2,-2,-5,-2,-2
0,1,11163,11166,33489,33490,33491,33494,33495,33496,66979,66980,66981,66982,66983,66986,66987,66988,66989,66990,1,-1,2,-2,1,3,1,-1,-3,-1,2,2,5,2,2,-2,-2,-5,-2,-2
0,1,11165,11168,33495,33496,33497,33500,33501,33502,66991,66992,66993,66994,66995,66998,66999,67000,67001,67002,1,-1,2,-2,1,3,1,-1,-3,-1,2,2,5,2,2,-2,-2,-5,-2,-2
0,1,11167,11170,33501,33502,33503,33506,33507,33508,67003,67004,67005,67006,67007,67010,67011,67012,67013,67014,1,-1,2,-2,1,3,1,-1,-3,-1,2,2,5,2,2,-2,-2,-5,-2,-2
0,1,11169,11172,33507,33508,33509,33512,33513,33514,67015,67016,67017,67018,67019,67022,67023,67024,67025,67026,1,-1,2,-2,1,3,1,-1,-3,-1,2,2,5,2,2,-2,-2,-5,-2,-2
0,1,11171,11174,33513,33514,33515,33518,33519,33520,67027,67028,67029,67030,67031,67034,67035,67036,67037,67038,1,-1,2,-2,1,3,1,-1,-3,-1,2,2,5,2,2,-2,-2,-5,-2,-2
0,1,11173,11176,33519,33520,33521,33524,33525,33526,67039,67040,67041,67042,67043,67046,67047,67048,67049,67050,1,-1,2,-2,1,3,1,-1,-3,-1,2,2,5,2,2,-2,-2,-5,-2,-2
0,1,11175,11178,33525,33526,33527,33530,33531,33532,67051,67052,67053,67054,67055,67058,67059,67060,67061,67062,1,-1,2,-2,1,3,1,-1,-3,-1,2,2,5,2,2,-2,-2,-5,-2,-2
0,1,11177,11180,33531,33532,33533,33536,33537,33538,67063,67064,67065,67066,67067,67070,67071,67072,67073,67074,1,-1,2,-2,1,3,1,-1,-3,-1,2,2,5,2,2,-2,-2,-5,-2,-2
0,1,11179,11182,33537,33538,33539,33542,33543,33544,67075,67076,67077,67078,67079,67082,67083,67084,67085,67086,1,-1,2,-2,1,3,1,-1,-3,-1,2,2,5,2,2,-2,-2,-5,-2,-2
0,1,11181,11184,33543,33544,33545,33548,33549,33550,67087,67088,67089,67090,67091,67094,67095,67096,67097,67098,1,-1,2,-2,1,3,1,-1,-3,-1,2,2,5,2,2,-2,-2,-5,-2,-2
0,1,11183,11186,33549,33550,33551,33554,33555,33556,67099,67100,67101,67102,67103,67106,67107,67108,67109,67110,1,-1,2,-2,1,3,1,-1,-3,-1,2,2,5,2,2,-2,-2,-5,-2,-2
0,1,11185,11188,33555,33556,33557,33560,33561,33562,67111,67112,67113,67114,67115,67118,67119,67120,67121,67122,1,-1,2,-2,1,3,1,-1,-3,-1,2,2,5,2,2,-2,-2,-5,-2,-2
0,1,11187,11190,33561,33562,33563,33566,33567,33568,67123,67124,67125,67126,67127,67130,67131,67132,67133,67134,1,-1,2,-2,1,3,1,-1,-3,-1,2,2,5,2,2,-2,-2,-5,-2,-2
0,1,11189,11192,33567,33568,33569,33572,33573,33574,67135,67136,67137,67138,67139,67142,67143,67144,67145,67146,1,-1,2,-2,1,3,1,-1,-3,-1,2,2,5,2,2,-2,-2,-5,-2,-2
0,1,11191,11194,33573,33574,33575,33578,33579,33580,67147,67148,67149,67150,67151,67154,67155,67156,67157,67158,1,-1,2,-2,1,3,1,-1,-3,-1,2,2,5,2,2,-2,-2,-5,-2,-2
0,1,11193,11196,33579,33580,33581,33584,33585,33586,67159,67160,67161,67162,67163,67166,67167,67168,67169,67170,1,-1,2,-2,1,3,1,-1,-3,-1,2,2,5,2,2,-2,-2,-5,-2,-2
0,1,11195,11198,33585,33586,33587,33590,33591,33592,67171,67172,67173,67174,67175,67178,67179,67180,67181,67182,1,-1,2,-2,1,3,1,-1,-3,-1,2,2,5,2,2,-2,-2,-5,-2,-2
0,1,11197,11200,33591,33592,33593,33596,33597,33598,67183,67184,67185,67186,67187,67190,67191,67192,67193,67194,1,-1,2,-2,1,3,1,-1,-3,-1,2,2,5,2,2,-2,-2,-5,-2,-2
0,1,11199,11202,33597,33598,33599,33602,33603,33604,67195,67196,67197,67198,67199,67202,67203,67204,67205,67206,1,-1,2,-2,1,3,1,-1,-3,-1,2,2,5,2,2,-2,-2,-5,-2,-2
0,1,11201,11204,33603,33604,33605,33608,33609,33610,67207,67208,67209,67210,67211,67214,67215,67216,67217,67218,1,-1,2,-2,1,3,1,-1,-3,-1,2,2,5,2,2,-2,-2,-5,-2,-2
0,1,11203,11206,33609,33610,33611,33614,33615,33616,67219,67220,67221,67222,67223,67226,67227,67228,67229,67230,1,-1,2,-2,1,3,1,-1,-3,-1,2,2,5,2,2,-2,-2,-5,-2,-2
0,1,11205,11208,33615,33616,33617,33620,33621,33622,67231,67232,67233,67234,67235,67238,67239,67240,67241,67242,1,-1,2,-2,1,3,1,-1,-3,-1,2,2,5,2,2,-2,-2,-5,-2,-2
0,1,11207,11210,33621,33622,33623,33626,33627,33628,67243,67244,67245,67246,67247,67250,67251,67252,67253,67254,1,-1,2,-2,1,3,1,-1,-3,-1,2,2,5,2,2,-2,-2,-5,-2,-2
0,1,11209,11212,33627,33628,33629,33632,33633,33634,67255,67256,67257,67258,67259,67262,67263,67264,67265,67266,1,-1,2,-2,1,3,1,-1,-3,-1,2,2,5,2,2,-2,-2,-5,-2,-2
0,1,11211,11214,33633,33634,33635,33638,33639,33640,67267,67268,67269,67270,67271,67274,67275,67276,67277,67278,1,-1,2,-2,1,3,1,-1,-3,-1,2,2,5,2,2,-2,-2,-5,-2,-2
0,1,11213,11216,33639,33640,33641,33644,33645,33646,67279,67280,67281,67282,67283,67286,67287,67288,67289,67290,1,-1,2,-2,1,3,1,-1,-3,-1,2,2,5,2,2,-2,-2,-5,-2,-2
0,1,11215,11218,33645,33646,33647,33650,33651,33652,67291,67292,67293,67294,67295,67298,67299,67300,67301,67302,1,-1,2,-2,1,3,1,-1,-3,-1,2,2,5,2,2,-2,-2,-5,-2,-2
0,1,11217,11220,33651,33652,33653,33656,33657,33658,67303,67304,67305,67306,67307,67310,67311,67312,67313,67314,1,-1,2,-2,1,3,1,-1,-3,-1,2,2,5,2,2,-2,-2,-5,-2,-2
0,1,11219,11222,33657,33658,33659,33662,33663,33664,67315,67316,67317,67318,67319,67322,67323,67324,67325,67326,1,-1,2,-2,1,3,1,-1,-3,-1,2,2,5,2,2,-2,-2,-5,-2,-2
0,1,11221,11224,33663,33664,33665,33668,33669,33670,67327,67328,67329,67330,67331,67334,67335,67336,67337,67338,1,-1,2,-2,1,3,1,-1,-3,-1,2,2,5,2,2,-2,-2,-5,-2,-2
0,1,11223,11226,33669,33670,33671,33674,33675,33676,67339,67340,67341,67342,67343,67346,67347,67348,67349,67350,1,-1,2,-2,1,3,1,-1,-3,-1,2,2,5,2,2,-2,-2,-5,-2,-2
0,1,11225,11228,33675,33676,33677,33680,33681,33682,67351,67352,67353,67354,67355,67358,67359,67360,67361,67362,1,-1,2,-2,1,3,1,-1,-3,-1,2,2,5,2,2,-2,-2,-5,-2,-2
0,1,11227,11230,33681,33682,33683,33686,33687,33688,67363,67364,67365,67366,67367,67370,67371,67372,67373,67374,1,-1,2,-2,1,3,1,-1,-3,-1,2,2,5,2,2,-2,-2,-5,-2,-2
0,1,11229,11232,33687,33688,33689,33692,33693,33694,67375,67376,67377,67378,67379,67382,67383,67384,67385,67386,1,-1,2,-2,1,3,1,-1,-3,-1,2,2,5,2,2,-2,-2,-5,-2,-2
0,1,11231,11234,33693,33694,33695,33698,33699,33700,67387,67388,67389,67390,67391,67394,67395,67396,67397,67398,1,-1,2,-2,1,3,1,-1,-3,-1,2,2,5,2,2,-2,-2,-5,-2,-2
0,1,11233,11236,33699,33700,33701,33704,33705,33706,67399,67400,67401,67402,67403,67406,67407,67408,67409,67410,1,-1,2,-2,1,3,1,-1,-3,-1,2,2,5,2,2,-2,-2,-5,-2,-2
0,1,11235,11238,33705,33706,33707,33710,33711,33712,67411,67412,67413,67414,67415,67418,67419,67420,67421,67422,1,-1,2,-2,1,3,1,-1,-3,-1,2,2,5,2,2,-2,-2,-5,-2,-2
0,1,11237,11240,33711,33712,33713,33716,33717,33718,67423,67424,67425,67426,67427,67430,67431,67432,67433,67434,1,-1,2,-2,1,3,1,-1,-3,-1,2,2,5,2,2,-2,-2,-5,-2,-2
0,1,11239,11242,33717,33718,33719,33722,33723,33724,67435,67436,67437,67438,67439,67442,67443,67444,67445,67446,1,-1,2,-2,1,3,1,-1,-3,-1,2,2,5,2,2,-2,-2,-5,-2,-2
0,1,11241,11244,33723,33724,33725,33728,33729,33730,67447,67448,67449,67450,67451,67454,67455,67456,67457,67458,1,-1,2,-2,1,3,1,-1,-3,-1,2,2,5,2,2,-2,-2,-5,-2,-2
0,1,11243,11246,33729,33730,33731,33734,33735,33736,67459,67460,67461,67462,67463,67466,67467,67468,67469,67470,1,-1,2,-2,1,3,1,-1,-3,-1,2,2,5,2,2,-2,-2,-5,-2,-2
0,1,11245,11248,33735,33736,33737,33740,33741,33742,67471,67472,67473,67474,67475,67478,67479,67480,67481,67482,1,-1,2,-2,1,3,1,-1,-3,-1,2,2,5,2,2,-2,-2,-5,-2,-2
0,1,11247,11250,33741,33742,33743,33746,33747,33748,67483,67484,67485,67486,67487,67490,67491,67492,67493,67494,1,-1,2,-2,1,3,1,-1,-3,-1,2,2,5,2,2,-2,-2,-5,-2,-2
0,1,11249,11252,33747,33748,33749,33752,33753,33754,67495,67496,67497,67498,67499,67502,67503,67504,67505,67506,1,-1,2,-2,1,3,1,-1,-3,-1,2,2,5,2,2,-2,-2,-5,-2,-2
0,1,11251,11254,33753,33754,33755,33758,33759,33760,67507,67508,67509,67510,67511,67514,67515,67516,67517,67518,1,-1,2,-2,1,3,1,-1,-3,-1,2,2,5,2,2,-2,-2,-5,-2,-2
0,1,11253,11256,33759,33760,33761,33764,33765,33766,67519,67520,67521,67522,67523,67526,67527,67528,67529,67530,1,-1,2,-2,1,3,1,-1,-3,-1,2,2,5,2,2,-2,-2,-5,-2,-2
0,1,11255,11258,33765,33766,33767,33770,33771,33772,67531,67532,67533,67534,67535,67538,67539,67540,67541,67542,1,-1,2,-2,1,3,1,-1,-3,-1,2,2,5,2,2,-2,-2,-5,-2,-2
0,1,11257,11260,33771,33772,33773,33776,33777,33778,67543,67544,67545,67546,67547,67550,67551,67552,67553,67554,1,-1,2,-2,1,3,1,-1,-3,-1,2,2,5,2,2,-2,-2,-5,-2,-2
0,1,11259,11262,33777,33778,33779,33782,33783,33784,67555,67556,67557,67558,67559,67562,67563,67564,67565,67566,1,-1,2,-2,1,3,1,-1,-3,-1,2,2,5,2,2,-2,-2,-5,-2,-2
0,1,11261,11264,33783,33784,33785,33788,33789,33790,67567,67568,67569,67570,67571,67574,67575,67576,67577,67578,1,-1,2,-2,1,3,1,-1,-3,-1,2,2,5,2,2,-2,-2,-5,-2,-2
0,1,11263,11266,33789,33790,33791,33794,33795,33796,67579,67580,67581,67582,67583,67586,67587,67588,67589,67590,1,-1,2,-2,1,3,1,-1,-3,-1,2,2,5,2,2,-2,-2,-5,-2,-2
0,1,11265,11268,33795,33796,33797,33800,33801,33802,67591,67592,67593,67594,67595,67598,67599,67600,67601,67602,1,-1,2,-2,1,3,1,-1,-3,-1,2,2,5,2,2,-2,-2,-5,-2,-2
0,1,11267,11270,33801,33802,33803,33806,33807,33808,67603,67604,67605,67606,67607,67610,67611,67612,67613,67614,1,-1,2,-2,1,3,1,-1,-3,-1,2,2,5,2,2,-2,-2,-5,-2,-2
0,1,11269,11272,33807,33808,33809,33812,33813,33814,67615,67616,67617,67618,67619,67622,67623,67624,67625,67626,1,-1,2,-2,1,3,1,-1,-3,-1,2,2,5,2,2,-2,-2,-5,-2,-2
0,1,11271,11274,33813,33814,33815,33818,33819,33820,67627,67628,67629,67630,67631,67634,67635,67636,67637,67638,1,-1,2,-2,1,3,1,-1,-3,-1,2,2,5,2,2,-2,-2,-5,-2,-2
0,1,11273,11276,33819,33820,33821,33824,33825,33826,67639,67640,67641,67642,67643,67646,67647,67648,67649,67650,1,-1,2,-2,1,3,1,-1,-3,-1,2,2,5,2,2,-2,-2,-5,-2,-2
0,1,11275,11278,33825,33826,33827,33830,33831,33832,67651,67652,67653,67654,67655,67658,67659,67660,67661,67662,1,-1,2,-2,1,3,1,-1,-3,-1,2,2,5,2,2,-2,-2,-5,-2,-2
0,1,11277,11280,33831,33832,33833,33836,33837,33838,67663,67664,67665,67666,67667,67670,67671,67672,67673,67674,1,-1,2,-2,1,3,1,-1,-3,-1,2,2,5,2,2,-2,-2,-5,-2,-2
0,1,11279,11282,33837,33838,33839,33842,33843,33844,67675,67676,67677,67678,67679,67682,67683,67684,67685,67686,1,-1,2,-2,1,3,1,-1,-3,-1,2,2,5,2,2,-2,-2,-5,-2,-2
0,1,11281,11284,33843,33844,33845,33848,33849,33850,67687,67688,67689,67690,67691,67694,67695,67696,67697,67698,1,-1,2,-2,1,3,1,-1,-3,-1,2,2,5,2,2,-2,-2,-5,-2,-2
0,1,11283,11286,33849,33850,33851,33854,33855,33856,67699,67700,67701,67702,67703,67706,67707,67708,67709,67710,1,-1,2,-2,1,3,1,-1,-3,-1,2,2,5,2,2,-2,-2,-5,-2,-2
0,1,11285,11288,33855,33856,33857,33860,33861,33862,67711,67712,67713,67714,67715,67718,67719,67720,67721,67722,1,-1,2,-2,1,3,1,-1,-3,-1,2,2,5,2,2,-2,-2,-5,-2,-2
0,1,11287,11290,33861,33862,33863,33866,33867,33868,67723,67724,67725,67726,67727,67730,67731,67732,67733,67734,1,-1,2,-2,1,3,1,-1,-3,-1,2,2,5,2,2,-2,-2,-5,-2,-2
0,1,11289,11292,33867,33868,33869,33872,33873,33874,67735,67736,67737,67738,67739,67742,67743,67744,67745,67746,1,-1,2,-2,1,3,1,-1,-3,-1,2,2,5,2,2,-2,-2,-5,-2,-2
0,1,11291,11294,33873,33874,33875,33878,33879,33880,67747,67748,67749,67750,67751,67754,67755,67756,67757,67758,1,-1,2,-2,1,3,1,-1,-3,-1,2,2,5,2,2,-2,-2,-5,-2,-2
0,1,11293,11296,33879,33880,33881,33884,33885,33886,67759,67760,67761,67762,67763,67766,67767,67768,67769,67770,1,-1,2,-2,1,3,1,-1,-3,-1,2,2,5,2,2,-2,-2,-5,-2,-2
0,1,11295,11298,33885,33886,33887,33890,33891,33892,67771,67772,67773,67774,67775,67778,67779,67780,67781,67782,1,-1,2,-2,1,3,1,-1,-3,-1,2,2,5,2,2,-2,-2,-5,-2,-2
0,1,11297,11300,33891,33892,33893,33896,33897,33898,67783,67784,67785,67786,67787,67790,67791,67792,67793,67794,1,-1,2,-2,1,3,1,-1,-3,-1,2,2,5,2,2,-2,-2,-5,-2,-2
0,1,11299,11302,33897,33898,33899,33902,33903,33904,67795,67796,67797,67798,67799,67802,67803,67804,67805,67806,1,-1,2,-2,1,3,1,-1,-3,-1,2,2,5,2,2,-2,-2,-5,-2,-2
0,1,11301,11304,33903,33904,33905,33908,33909,33910,67807,67808,67809,67810,67811,67814,67815,67816,67817,67818,1,-1,2,-2,1,3,1,-1,-3,-1,2,2,5,2,2,-2,-2,-5,-2,-2
0,1,11303,11306,33909,33910,33911,33914,33915,33916,67819,67820,67821,67822,67823,67826,67827,67828,67829,67830,1,-1,2,-2,1,3,1,-1,-3,-1,2,2,5,2,2,-2,-2,-5,-2,-2
0,1,11305,11308,33915,33916,33917,33920,33921,33922,67831,67832,67833,67834,67835,67838,67839,67840,67841,67842,1,-1,2,-2,1,3,1,-1,-3,-1,2,2,5,2,2,-2,-2,-5,-2,-2
0,1,11307,11310,33921,33922,33923,33926,33927,33928,67843,67844,67845,67846,67847,67850,67851,67852,67853,67854,1,-1,2,-2,1,3,1,-1,-3,-1,2,2,5,2,2,-2,-2,-5,-2,-2
0,1,11309,11312,33927,33928,33929,33932,33933,33934,67855,67856,67857,67858,67859,67862,67863,67864,67865,67866,1,-1,2,-2,1,3,1,-1,-3,-1,2,2,5,2,2,-2,-2,-5,-2,-2
0,1,11311,11314,33933,33934,33935,33938,33939,33940,67867,67868,67869,67870,67871,67874,67875,67876,67877,67878,1,-1,2,-2,1,3,1,-1,-3,-1,2,2,5,2,2,-2,-2,-5,-2,-2
0,1,11313,11316,33939,33940,33941,33944,33945,33946,67879,67880,67881,67882,67883,67886,67887,67888,67889,67890,1,-1,2,-2,1,3,1,-1,-3,-1,2,2,5,2,2,-2,-2,-5,-2,-2
0,1,11315,11318,33945,33946,33947,33950,33951,33952,67891,67892,67893,67894,67895,67898,67899,67900,67901,67902,1,-1,2,-2,1,3,1,-1,-3,-1,2,2,5,2,2,-2,-2,-5,-2,-2
0,1,11317,11320,33951,33952,33953,33956,33957,33958,67903,67904,67905,67906,67907,67910,67911,67912,67913,67914,1,-1,2,-2,1,3,1,-1,-3,-1,2,2,5,2,2,-2,-2,-5,-2,-2
0,1,11319,11322,33957,33958,33959,33962,33963,33964,67915,67916,67917,67918,67919,67922,67923,67924,67925,67926,1,-1,2,-2,1,3,1,-1,-3,-1,2,2,5,2,2,-2,-2,-5,-2,-2
0,1,11321,11324,33963,33964,33965,33968,33969,33970,67927,67928,67929,67930,67931,67934,67935,67936,67937,67938,1,-1,2,-2,1,3,1,-1,-3,-1,2,2,5,2,2,-2,-2,-5,-2,-2
0,1,11323,11326,33969,33970,33971,33974,33975,33976,67939,67940,67941,67942,67943,67946,67947,67948,67949,67950,1,-1,2,-2,1,3,1,-1,-3,-1,2,2,5,2,2,-2,-2,-5,-2,-2
0,1,11325,11328,33975,33976,33977,33980,33981,33982,67951,67952,67953,67954,67955,67958,67959,67960,67961,67962,1,-1,2,-2,1,3,1,-1,-3,-1,2,2,5,2,2,-2,-2,-5,-2,-2
0,1,11327,11330,33981,33982,33983,33986,33987,33988,67963,67964,67965,67966,67967,67970,67971,67972,67973,67974,1,-1,2,-2,1,3,1,-1,-3,-1,2,2,5,2,2,-2,-2,-5,-2,-2
0,1,11329,11332,33987,33988,33989,33992,33993,33994,67975,67976,67977,67978,67979,67982,67983,67984,67985,67986,1,-1,2,-2,1,3,1,-1,-3,-1,2,2,5,2,2,-2,-2,-5,-2,-2
0,1,11331,11334,33993,33994,33995,33998,33999,34000,67987,67988,67989,67990,67991,67994,67995,67996,67997,67998,1,-1,2,-2,1,3,1,-1,-3,-1,2,2,5,2,2,-2,-2,-5,-2,-2
0,1,11333,11336,33999,34000,34001,34004,34005,34006,67999,68000,68001,68002,68003,68006,68007,68008,68009,68010,1,-1,2,-2,1,3,1,-1,-3,-1,2,2,5,2,2,-2,-2,-5,-2,-2
0,1,11335,11338,34005,34006,34007,34010,34011,34012,68011,68012,68013,68014,68015,68018,68019,68020,68021,68022,1,-1,2,-2,1,3,1,-1,-3,-1,2,2,5,2,2,-2,-2,-5,-2,-2
0,1,11337,11340,34011,34012,34013,34016,34017,34018,68023,68024,68025,68026,68027,68030,68031,68032,68033,68034,1,-1,2,-2,1,3,1,-1,-3,-1,2,2,5,2,2,-2,-2,-5,-2,-2
0,1,11339,11342,34017,34018,34019,34022,34023,34024,68035,68036,68037,68038,68039,68042,68043,68044,68045,68046,1,-1,2,-2,1,3,1,-1,-3,-1,2,2,5,2,2,-2,-2,-5,-2,-2
0,1,11341,11344,34023,34024,34025,34028,34029,34030,68047,68048,68049,68050,68051,68054,68055,68056,68057,68058,1,-1,2,-2,1,3,1,-1,-3,-1,2,2,5,2,2,-2,-2,-5,-2,-2
0,1,11343,11346,34029,34030,34031,34034,34035,34036,68059,68060,68061,68062,68063,68066,68067,68068,68069,68070,1,-1,2,-2,1,3,1,-1,-3,-1,2,2,5,2,2,-2,-2,-5,-2,-2
0,1,11345,11348,34035,34036,34037,34040,34041,34042,68071,68072,68073,68074,68075,68078,68079,68080,68081,68082,1,-1,2,-2,1,3,1,-1,-3,-1,2,2,5,2,2,-2,-2,-5,-2,-2
0,1,11347,11350,34041,34042,34043,34046,34047,34048,68083,68084,68085,68086,68087,68090,68091,68092,68093,68094,1,-1,2,-2,1,3,1,-1,-3,-1,2,2,5,2,2,-2,-2,-5,-2,-2
0,1,11349,11352,34047,34048,34049,34052,34053,34054,68095,68096,68097,68098,68099,68102,68103,68104,68105,68106,1,-1,2,-2,1,3,1,-1,-3,-1,2,2,5,2,2,-2,-2,-5,-2,-2
0,1,11351,11354,34053,34054,34055,34058,34059,34060,68107,68108,68109,68110,68111,68114,68115,68116,68117,68118,1,-1,2,-2,1,3,1,-1,-3,-1,2,2,5,2,2,-2,-2,-5,-2,-2
0,1,11353,11356,34059,34060,34061,34064,34065,34066,68119,68120,68121,68122,68123,68126,68127,68128,68129,68130,1,-1,2,-2,1,3,1,-1,-3,-1,2,2,5,2,2,-2,-2,-5,-2,-2
0,1,11355,11358,34065,34066,34067,34070,34071,34072,68131,68132,68133,68134,68135,68138,68139,68140,68141,68142,1,-1,2,-2,1,3,1,-1,-3,-1,2,2,5,2,2,-2,-2,-5,-2,-2
0,1,11357,11360,34071,34072,34073,34076,34077,34078,68143,68144,68145,68146,68147,68150,68151,68152,68153,68154,1,-1,2,-2,1,3,1,-1,-3,-1,2,2,5,2,2,-2,-2,-5,-2,-2
0,1,11359,11362,34077,34078,34079,34082,34083,34084,68155,68156,68157,68158,68159,68162,68163,68164,68165,68166,1,-1,2,-2,1,3,1,-1,-3,-1,2,2,5,2,2,-2,-2,-5,-2,-2
0,1,11361,11364,34083,34084,34085,34088,34089,34090,68167,68168,68169,68170,68171,68174,68175,68176,68177,68178,1,-1,2,-2,1,3,1,-1,-3,-1,2,2,5,2,2,-2,-2,-5,-2,-2
0,1,11363,11366,34089,34090,34091,34094,34095,34096,68179,68180,68181,68182,68183,68186,68187,68188,68189,68190,1,-1,2,-2,1,3,1,-1,-3,-1,2,2,5,2,2,-2,-2,-5,-2,-2
0,1,11365,11368,34095,34096,34097,34100,34101,34102,68191,68192,68193,68194,68195,68198,68199,68200,68201,68202,1,-1,2,-2,1,3,1,-1,-3,-1,2,2,5,2,2,-2,-2,-5,-2,-2
0,1,11367,11370,34101,34102,34103,34106,34107,34108,68203,68204,68205,68206,68207,68210,68211,68212,68213,68214,1,-1,2,-2,1,3,1,-1,-3,-1,2,2,5,2,2,-2,-2,-5,-2,-2
0,1,11369,11372,34107,34108,34109,34112,34113,34114,68215,68216,68217,68218,68219,68222,68223,68224,68225,68226,1,-1,2,-2,1,3,1,-1,-3,-1,2,2,5,2,2,-2,-2,-5,-2,-2
0,1,11371,11374,34113,34114,34115,34118,34119,34120,68227,68228,68229,68230,68231,68234,68235,68236,68237,68238,1,-1,2,-2,1,3,1,-1,-3,-1,2,2,5,2,2,-2,-2,-5,-2,-2
0,1,11373,11376,34119,34120,34121,34124,34125,34126,68239,68240,68241,68242,68243,68246,68247,68248,68249,68250,1,-1,2,-2,1,3,1,-1,-3,-1,2,2,5,2,2,-2,-2,-5,-2,-2
0,1,11375,11378,34125,34126,34127,34130,34131,34132,68251,68252,68253,68254,68255,68258,68259,68260,68261,68262,1,-1,2,-2,1,3,1,-1,-3,-1,2,2,5,2,2,-2,-2,-5,-2,-2
0,1,11377,11380,34131,34132,34133,34136,34137,34138,68263,68264,68265,68266,68267,68270,68271,68272,68273,68274,1,-1,2,-2,1,3,1,-1,-3,-1,2,2,5,2,2,-2,-2,-5,-2,-2
0,1,11379,11382,34137,34138,34139,34142,34143,34144,68275,68276,68277,68278,68279,68282,68283,68284,68285,68286,1,-1,2,-2,1,3,1,-1,-3,-1,2,2,5,2,2,-2,-2,-5,-2,-2
0,1,11381,11384,34143,34144,34145,34148,34149,34150,68287,68288,68289,68290,68291,68294,68295,68296,68297,68298,1,-1,2,-2,1,3,1,-1,-3,-1,2,2,5,2,2,-2,-2,-5,-2,-2
0,1,11383,11386,34149,34150,34151,34154,34155,34156,68299,68300,68301,68302,68303,68306,68307,68308,68309,68310,1,-1,2,-2,1,3,1,-1,-3,-1,2,2,5,2,2,-2,-2,-5,-2,-2
0,1,11385,11388,34155,34156,34157,34160,34161,34162,68311,68312,68313,68314,68315,68318,68319,68320,68321,68322,1,-1,2,-2,1,3,1,-1,-3,-1,2,2,5,2,2,-2,-2,-5,-2,-2
0,1,11387,11390,34161,34162,34163,34166,34167,34168,68323,68324,68325,68326,68327,68330,68331,68332,68333,68334,1,-1,2,-2,1,3,1,-1,-3,-1,2,2,5,2,2,-2,-2,-5,-2,-2
0,1,11389,11392,34167,34168,34169,34172,34173,34174,68335,68336,68337,68338,68339,68342,68343,68344,68345,68346,1,-1,2,-2,1,3,1,-1,-3,-1,2,2,5,2,2,-2,-2,-5,-2,-2
0,1,11391,11394,34173,34174,34175,34178,34179,34180,68347,68348,68349,68350,68351,68354,68355,68356,68357,68358,1,-1,2,-2,1,3,1,-1,-3,-1,2,2,5,2,2,-2,-2,-5,-2,-2
0,1,11393,11396,34179,34180,34181,34184,34185,34186,68359,68360,68361,68362,68363,68366,68367,68368,68369,68370,1,-1,2,-2,1,3,1,-1,-3,-1,2,2,5,2,2,-2,-2,-5,-2,-2
0,1,11395,11398,34185,34186,34187,34190,34191,34192,68371,68372,68373,68374,68375,68378,68379,68380,68381,68382,1,-1,2,-2,1,3,1,-1,-3,-1,2,2,5,2,2,-2,-2,-5,-2,-2
0,1,11397,11400,34191,34192,34193,34196,34197,34198,68383,68384,68385,68386,68387,68390,68391,68392,68393,68394,1,-1,2,-2,1,3,1,-1,-3,-1,2,2,5,2,2,-2,-2,-5,-2,-2
0,1,11399,11402,34197,34198,34199,34202,34203,34204,68395,68396,68397,68398,68399,68402,68403,68404,68405,68406,1,-1,2,-2,1,3,1,-1,-3,-1,2,2,5,2,2,-2,-2,-5,-2,-2
0,1,11401,11404,34203,34204,34205,34208,34209,34210,68407,68408,68409,68410,68411,68414,68415,68416,68417,68418,1,-1,2,-2,1,3,1,-1,-3,-1,2,2,5,2,2,-2,-2,-5,-2,-2
0,1,11403,11406,34209,34210,34211,34214,34215,34216,68419,68420,68421,68422,68423,68426,68427,68428,68429,68430,1,-1,2,-2,1,3,1,-1,-3,-1,2,2,5,2,2,-2,-2,-5,-2,-2
0,1,11405,11408,34215,34216,34217,34220,34221,34222,68431,68432,68433,68434,68435,68438,68439,68440,68441,68442,1,-1,2,-2,1,3,1,-1,-3,-1,2,2,5,2,2,-2,-2,-5,-2,-2
0,1,11407,11410,34221,34222,34223,34226,34227,34228,68443,68444,68445,68446,68447,68450,68451,68452,68453,68454,1,-1,2,-2,1,3,1,-1,-3,-1,2,2,5,2,2,-2,-2,-5,-2,-2
0,1,11409,11412,34227,34228,34229,34232,34233,34234,68455,68456,68457,68458,68459,68462,68463,68464,68465,68466,1,-1,2,-2,1,3,1,-1,-3,-1,2,2,5,2,2,-2,-2,-5,-2,-2
0,1,11411,11414,34233,34234,34235,34238,34239,34240,68467,68468,68469,68470,68471,68474,68475,68476,68477,68478,1,-1,2,-2,1,3,1,-1,-3,-1,2,2,5,2,2,-2,-2,-5,-2,-2
0,1,11413,11416,34239,34240,34241,34244,34245,34246,68479,68480,68481,68482,68483,68486,68487,68488,68489,68490,1,-1,2,-2,1,3,1,-1,-3,-1,2,2,5,2,2,-2,-2,-5,-2,-2
0,1,11415,11418,34245,34246,34247,34250,34251,34252,68491,68492,68493,68494,68495,68498,68499,68500,68501,68502,1,-1,2,-2,1,3,1,-1,-3,-1,2,2,5,2,2,-2,-2,-5,-2,-2
0,1,11417,11420,34251,34252,34253,34256,34257,34258,68503,68504,68505,68506,68507,68510,68511,68512,68513,68514,1,-1,2,-2,1,3,1,-1,-3,-1,2,2,5,2,2,-2,-2,-5,-2,-2
0,1,11419,11422,34257,34258,34259,34262,34263,34264,68515,68516,68517,68518,68519,68522,68523,68524,68525,68526,1,-1,2,-2,1,3,1,-1,-3,-1,2,2,5,2,2,-2,-2,-5,-2,-2
0,1,11421,11424,34263,34264,34265,34268,34269,34270,68527,68528,68529,68530,68531,68534,68535,68536,68537,68538,1,-1,2,-2,1,3,1,-1,-3,-1,2,2,5,2,2,-2,-2,-5,-2,-2
0,1,11423,11426,34269,34270,34271,34274,34275,34276,68539,68540,68541,68542,68543,68546,68547,68548,68549,68550,1,-1,2,-2,1,3,1,-1,-3,-1,2,2,5,2,2,-2,-2,-5,-2,-2
0,1,11425,11428,34275,34276,34277,34280,34281,34282,68551,68552,68553,68554,68555,68558,68559,68560,68561,68562,1,-1,2,-2,1,3,1,-1,-3,-1,2,2,5,2,2,-2,-2,-5,-2,-2
0,1,11427,11430,34281,34282,34283,34286,34287,34288,68563,68564,68565,68566,68567,68570,68571,68572,68573,68574,1,-1,2,-2,1,3,1,-1,-3,-1,2,2,5,2,2,-2,-2,-5,-2,-2
0,1,11429,11432,34287,34288,34289,34292,34293,34294,68575,68576,68577,68578,68579,68582,68583,68584,68585,68586,1,-1,2,-2,1,3,1,-1,-3,-1,2,2,5,2,2,-2,-2,-5,-2,-2
0,1,11431,11434,34293,34294,34295,34298,34299,34300,68587,68588,68589,68590,68591,68594,68595,68596,68597,68598,1,-1,2,-2,1,3,1,-1,-3,-1,2,2,5,2,2,-2,-2,-5,-2,-2
0,1,11433,11436,34299,34300,34301,34304,34305,34306,68599,68600,68601,68602,68603,68606,68607,68608,68609,68610,1,-1,2,-2,1,3,1,-1,-3,-1,2,2,5,2,2,-2,-2,-5,-2,-2
0,1,11435,11438,34305,34306,34307,34310,34311,34312,68611,68612,68613,68614,68615,68618,68619,68620,68621,68622,1,-1,2,-2,1,3,1,-1,-3,-1,2,2,5,2,2,-2,-2,-5,-2,-2
0,1,11437,11440,34311,34312,34313,34316,34317,34318,68623,68624,68625,68626,68627,68630,68631,68632,68633,68634,1,-1,2,-2,1,3,1,-1,-3,-1,2,2,5,2,2,-2,-2,-5,-2,-2
0,1,11439,11442,34317,34318,34319,34322,34323,34324,68635,68636,68637,68638,68639,68642,68643,68644,68645,68646,1,-1,2,-2,1,3,1,-1,-3,-1,2,2,5,2,2,-2,-2,-5,-2,-2
0,1,11441,11444,34323,34324,34325,34328,34329,34330,68647,68648,68649,68650,68651,68654,68655,68656,68657,68658,1,-1,2,-2,1,3,1,-1,-3,-1,2,2,5,2,2,-2,-2,-5,-2,-2
0,1,11443,11446,34329,34330,34331,34334,34335,34336,68659,68660,68661,68662,68663,68666,68667,68668,68669,68670,1,-1,2,-2,1,3,1,-1,-3,-1,2,2,5,2,2,-2,-2,-5,-2,-2
0,1,11445,11448,34335,34336,34337,34340,34341,34342,68671,68672,68673,68674,68675,68678,68679,68680,68681,68682,1,-1,2,-2,1,3,1,-1,-3,-1,2,2,5,2,2,-2,-2,-5,-2,-2
0,1,11447,11450,34341,34342,34343,34346,34347,34348,68683,68684,68685,68686,68687,68690,68691,68692,68693,68694,1,-1,2,-2,1,3,1,-1,-3,-1,2,2,5,2,2,-2,-2,-5,-2,-2
0,1,11449,11452,34347,34348,34349,34352,34353,34354,68695,68696,68697,68698,68699,68702,68703,68704,68705,68706,1,-1,2,-2,1,3,1,-1,-3,-1,2,2,5,2,2,-2,-2,-5,-2,-2
0,1,11451,11454,34353,34354,34355,34358,34359,34360,68707,68708,68709,68710,68711,68714,68715,68716,68717,68718,1,-1,2,-2,1,3,1,-1,-3,-1,2,2,5,2,2,-2,-2,-5,-2,-2
0,1,11453,11456,34359,34360,34361,34364,34365,34366,68719,68720,68721,68722,68723,68726,68727,68728,68729,68730,1,-1,2,-2,1,3,1,-1,-3,-1,2,2,5,2,2,-2,-2,-5,-2,-2
0,1,11455,11458,34365,34366,34367,34370,34371,34372,68731,68732,68733,68734,68735,68738,68739,68740,68741,68742,1,-1,2,-2,1,3,1,-1,-3,-1,2,2,5,2,2,-2,-2,-5,-2,-2
0,1,11457,11460,34371,34372,34373,34376,34377,34378,68743,68744,68745,68746,68747,68750,68751,68752,68753,68754,1,-1,2,-2,1,3,1,-1,-3,-1,2,2,5,2,2,-2,-2,-5,-2,-2
0,1,11459,11462,34377,34378,34379,34382,34383,34384,68755,68756,68757,68758,68759,68762,68763,68764,68765,68766,1,-1,2,-2,1,3,1,-1,-3,-1,2,2,5,2,2,-2,-2,-5,-2,-2
0,1,11461,11464,34383,34384,34385,34388,34389,34390,68767,68768,68769,68770,68771,68774,68775,68776,68777,68778,1,-1,2,-2,1,3,1,-1,-3,-1,2,2,5,2,2,-2,-2,-5,-2,-2
0,1,11463,11466,34389,34390,34391,34394,34395,34396,68779,68780,68781,68782,68783,68786,68787,68788,68789,68790,1,-1,2,-2,1,3,1,-1,-3,-1,2,2,5,2,2,-2,-2,-5,-2,-2
0,1,11465,11468,34395,34396,34397,34400,34401,34402,68791,68792,68793,68794,68795,68798,68799,68800,68801,68802,1,-1,2,-2,1,3,1,-1,-3,-1,2,2,5,2,2,-2,-2,-5,-2,-2
0,1,11467,11470,34401,34402,34403,34406,34407,34408,68803,68804,68805,68806,68807,68810,68811,68812,68813,68814,1,-1,2,-2,1,3,1,-1,-3,-1,2,2,5,2,2,-2,-2,-5,-2,-2
0,1,11469,11472,34407,34408,34409,34412,34413,34414,68815,68816,68817,68818,68819,68822,68823,68824,68825,68826,1,-1,2,-2,1,3,1,-1,-3,-1,2,2,5,2,2,-2,-2,-5,-2,-2
0,1,11471,11474,34413,34414,34415,34418,34419,34420,68827,68828,68829,68830,68831,68834,68835,68836,68837,68838,1,-1,2,-2,1,3,1,-1,-3,-1,2,2,5,2,2,-2,-2,-5,-2,-2
0,1,11473,11476,34419,34420,34421,34424,34425,34426,68839,68840,68841,68842,68843,68846,68847,68848,68849,68850,1,-1,2,-2,1,3,1,-1,-3,-1,2,2,5,2,2,-2,-2,-5,-2,-2
0,1,11475,11478,34425,34426,34427,34430,34431,34432,68851,68852,68853,68854,68855,68858,68859,68860,68861,68862,1,-1,2,-2,1,3,1,-1,-3,-1,2,2,5,2,2,-2,-2,-5,-2,-2
0,1,11477,11480,34431,34432,34433,34436,34437,34438,68863,68864,68865,68866,68867,68870,68871,68872,68873,68874,1,-1,2,-2,1,3,1,-1,-3,-1,2,2,5,2,2,-2,-2,-5,-2,-2
0,1,11479,11482,34437,34438,34439,34442,34443,34444,68875,68876,68877,68878,68879,68882,68883,68884,68885,68886,1,-1,2,-2,1,3,1,-1,-3,-1,2,2,5,2,2,-2,-2,-5,-2,-2
0,1,11481,11484,34443,34444,34445,34448,34449,34450,68887,68888,68889,68890,68891,68894,68895,68896,68897,68898,1,-1,2,-2,1,3,1,-1,-3,-1,2,2,5,2,2,-2,-2,-5,-2,-2
0,1,11483,11486,34449,34450,34451,34454,34455,34456,68899,68900,68901,68902,68903,68906,68907,68908,68909,68910,1,-1,2,-2,1,3,1,-1,-3,-1,2,2,5,2,2,-2,-2,-5,-2,-2
0,1,11485,11488,34455,34456,34457,34460,34461,34462,68911,68912,68913,68914,68915,68918,68919,68920,68921,68922,1,-1,2,-2,1,3,1,-1,-3,-1,2,2,5,2,2,-2,-2,-5,-2,-2
0,1,11487,11490,34461,34462,34463,34466,34467,34468,68923,68924,68925,68926,68927,68930,68931,68932,68933,68934,1,-1,2,-2,1,3,1,-1,-3,-1,2,2,5,2,2,-2,-2,-5,-2,-2
0,1,11489,11492,34467,34468,34469,34472,34473,34474,68935,68936,68937,68938,68939,68942,68943,68944,68945,68946,1,-1,2,-2,1,3,1,-1,-3,-1,2,2,5,2,2,-2,-2,-5,-2,-2
0,1,11491,11494,34473,34474,34475,34478,34479,34480,68947,68948,68949,68950,68951,68954,68955,68956,68957,68958,1,-1,2,-2,1,3,1,-1,-3,-1,2,2,5,2,2,-2,-2,-5,-2,-2
0,1,11493,11496,34479,34480,34481,34484,34485,34486,68959,68960,68961,68962,68963,68966,68967,68968,68969,68970,1,-1,2,-2,1,3,1,-1,-3,-1,2,2,5,2,2,-2,-2,-5,-2,-2
0,1,11495,11498,34485,34486,34487,34490,34491,34492,68971,68972,68973,68974,68975,68978,68979,68980,68981,68982,1,-1,2,-2,1,3,1,-1,-3,-1,2,2,5,2,2,-2,-2,-5,-2,-2
0,1,11497,11500,34491,34492,34493,34496,34497,34498,68983,68984,68985,68986,68987,68990,68991,68992,68993,68994,1,-1,2,-2,1,3,1,-1,-3,-1,2,2,5,2,2,-2,-2,-5,-2,-2
0,1,11499,11502,34497,34498,34499,34502,34503,34504,68995,68996,68997,68998,68999,69002,69003,69004,69005,69006,1,-1,2,-2,1,3,1,-1,-3,-1,2,2,5,2,2,-2,-2,-5,-2,-2
0,1,11501,11504,34503,34504,34505,34508,34509,34510,69007,69008,69009,69010,69011,69014,69015,69016,69017,69018,1,-1,2,-2,1,3,1,-1,-3,-1,2,2,5,2,2,-2,-2,-5,-2,-2
0,1,11503,11506,34509,34510,34511,34514,34515,34516,69019,69020,69021,69022,69023,69026,69027,69028,69029,69030,1,-1,2,-2,1,3,1,-1,-3,-1,2,2,5,2,2,-2,-2,-5,-2,-2
0,1,11505,11508,34515,34516,34517,34520,34521,34522,69031,69032,69033,69034,69035,69038,69039,69040,69041,69042,1,-1,2,-2,1,3,1,-1,-3,-1,2,2,5,2,2,-2,-2,-5,-2,-2
0,1,11507,11510,34521,34522,34523,34526,34527,34528,69043,69044,69045,69046,69047,69050,69051,69052,69053,69054,1,-1,2,-2,1,3,1,-1,-3,-1,2,2,5,2,2,-2,-2,-5,-2,-2
0,1,11509,11512,34527,34528,34529,34532,34533,34534,69055,69056,69057,69058,69059,69062,69063,69064,69065,69066,1,-1,2,-2,1,3,1,-1,-3,-1,2,2,5,2,2,-2,-2,-5,-2,-2
0,1,11511,11514,34533,34534,34535,34538,34539,34540,69067,69068,69069,69070,69071,69074,69075,69076,69077,69078,1,-1,2,-2,1,3,1,-1,-3,-1,2,2,5,2,2,-2,-2,-5,-2,-2
0,1,11513,11516,34539,34540,34541,34544,34545,34546,69079,69080,69081,69082,69083,69086,69087,69088,69089,69090,1,-1,2,-2,1,3,1,-1,-3,-1,2,2,5,2,2,-2,-2,-5,-2,-2
0,1,11515,11518,34545,34546,34547,34550,34551,34552,69091,69092,69093,69094,69095,69098,69099,69100,69101,69102,1,-1,2,-2,1,3,1,-1,-3,-1,2,2,5,2,2,-2,-2,-5,-2,-2
0,1,11517,11520,34551,34552,34553,34556,34557,34558,69103,69104,69105,69106,69107,69110,69111,69112,69113,69114,1,-1,2,-2,1,3,1,-1,-3,-1,2,2,5,2,2,-2,-2,-5,-2,-2
0,1,11519,11522,34557,34558,34559,34562,34563,34564,69115,69116,69117,69118,69119,69122,69123,69124,69125,69126,1,-1,2,-2,1,3,1,-1,-3,-1,2,2,5,2,2,-2,-2,-5,-2,-2
0,1,11521,11524,34563,34564,34565,34568,34569,34570,69127,69128,69129,69130,69131,69134,69135,69136,69137,69138,1,-1,2,-2,1,3,1,-1,-3,-1,2,2,5,2,2,-2,-2,-5,-2,-2
0,1,11523,11526,34569,34570,34571,34574,34575,34576,69139,69140,69141,69142,69143,69146,69147,69148,69149,69150,1,-1,2,-2,1,3,1,-1,-3,-1,2,2,5,2,2,-2,-2,-5,-2,-2
0,1,11525,11528,34575,34576,34577,34580,34581,34582,69151,69152,69153,69154,69155,69158,69159,69160,69161,69162,1,-1,2,-2,1,3,1,-1,-3,-1,2,2,5,2,2,-2,-2,-5,-2,-2
0,1,11527,11530,34581,34582,34583,34586,34587,34588,69163,69164,69165,69166,69167,69170,69171,69172,69173,69174,1,-1,2,-2,1,3,1,-1,-3,-1,2,2,5,2,2,-2,-2,-5,-2,-2
0,1,11529,11532,34587,34588,34589,34592,34593,34594,69175,69176,69177,69178,69179,69182,69183,69184,69185,69186,1,-1,2,-2,1,3,1,-1,-3,-1,2,2,5,2,2,-2,-2,-5,-2,-2
0,1,11531,11534,34593,34594,34595,34598,34599,34600,69187,69188,69189,69190,69191,69194,69195,69196,69197,69198,1,-1,2,-2,1,3,1,-1,-3,-1,2,2,5,2,2,-2,-2,-5,-2,-2
0,1,11533,11536,34599,34600,34601,34604,34605,34606,69199,69200,69201,69202,69203,69206,69207,69208,69209,69210,1,-1,2,-2,1,3,1,-1,-3,-1,2,2,5,2,2,-2,-2,-5,-2,-2
0,1,11535,11538,34605,34606,34607,34610,34611,34612,69211,69212,69213,69214,69215,69218,69219,69220,69221,69222,1,-1,2,-2,1,3,1,-1,-3,-1,2,2,5,2,2,-2,-2,-5,-2,-2
0,1,11537,11540,34611,34612,34613,34616,34617,34618,69223,69224,69225,69226,69227,69230,69231,69232,69233,69234,1,-1,2,-2,1,3,1,-1,-3,-1,2,2,5,2,2,-2,-2,-5,-2,-2
0,1,11539,11542,34617,34618,34619,34622,34623,34624,69235,69236,69237,69238,69239,69242,69243,69244,69245,69246,1,-1,2,-2,1,3,1,-1,-3,-1,2,2,5,2,2,-2,-2,-5,-2,-2
0,1,11541,11544,34623,34624,34625,34628,34629,34630,69247,69248,69249,69250,69251,69254,69255,69256,69257,69258,1,-1,2,-2,1,3,1,-1,-3,-1,2,2,5,2,2,-2,-2,-5,-2,-2
0,1,11543,11546,34629,34630,34631,34634,34635,34636,69259,69260,69261,69262,69263,69266,69267,69268,69269,69270,1,-1,2,-2,1,3,1,-1,-3,-1,2,2,5,2,2,-2,-2,-5,-2,-2
0,1,11545,11548,34635,34636,34637,34640,34641,34642,69271,69272,69273,69274,69275,69278,69279,69280,69281,69282,1,-1,2,-2,1,3,1,-1,-3,-1,2,2,5,2,2,-2,-2,-5,-2,-2
0,1,11547,11550,34641,34642,34643,34646,34647,34648,69283,69284,69285,69286,69287,69290,69291,69292,69293,69294,1,-1,2,-2,1,3,1,-1,-3,-1,2,2,5,2,2,-2,-2,-5,-2,-2
0,1,11549,11552,34647,34648,34649,34652,34653,34654,69295,69296,69297,69298,69299,69302,69303,69304,69305,69306,1,-1,2,-2,1,3,1,-1,-3,-1,2,2,5,2,2,-2,-2,-5,-2,-2
0,1,11551,11554,34653,34654,34655,34658,34659,34660,69307,69308,69309,69310,69311,69314,69315,69316,69317,69318,1,-1,2,-2,1,3,1,-1,-3,-1,2,2,5,2,2,-2,-2,-5,-2,-2
0,1,11553,11556,34659,34660,34661,34664,34665,34666,69319,69320,69321,69322,69323,69326,69327,69328,69329,69330,1,-1,2,-2,1,3,1,-1,-3,-1,2,2,5,2,2,-2,-2,-5,-2,-2
0,1,11555,11558,34665,34666,34667,34670,34671,34672,69331,69332,69333,69334,69335,69338,69339,69340,69341,69342,1,-1,2,-2,1,3,1,-1,-3,-1,2,2,5,2,2,-2,-2,-5,-2,-2
0,1,11557,11560,34671,34672,34673,34676,34677,34678,69343,69344,69345,69346,69347,69350,69351,69352,69353,69354,1,-1,2,-2,1,3,1,-1,-3,-1,2,2,5,2,2,-2,-2,-5,-2,-2
0,1,11559,11562,34677,34678,34679,34682,34683,34684,69355,69356,69357,69358,69359,69362,69363,69364,69365,69366,1,-1,2,-2,1,3,1,-1,-3,-1,2,2,5,2,2,-2,-2,-5,-2,-2
0,1,11561,11564,34683,34684,34685,34688,34689,34690,69367,69368,69369,69370,69371,69374,69375,69376,69377,69378,1,-1,2,-2,1,3,1,-1,-3,-1,2,2,5,2,2,-2,-2,-5,-2,-2
0,1,11563,11566,34689,34690,34691,34694,34695,34696,69379,69380,69381,69382,69383,69386,69387,69388,69389,69390,1,-1,2,-2,1,3,1,-1,-3,-1,2,2,5,2,2,-2,-2,-5,-2,-2
0,1,11565,11568,34695,34696,34697,34700,34701,34702,69391,69392,69393,69394,69395,69398,69399,69400,69401,69402,1,-1,2,-2,1,3,1,-1,-3,-1,2,2,5,2,2,-2,-2,-5,-2,-2
0,1,11567,11570,34701,34702,34703,34706,34707,34708,69403,69404,69405,69406,69407,69410,69411,69412,69413,69414,1,-1,2,-2,1,3,1,-1,-3,-1,2,2,5,2,2,-2,-2,-5,-2,-2
0,1,11569,11572,34707,34708,34709,34712,34713,34714,69415,69416,69417,69418,69419,69422,69423,69424,69425,69426,1,-1,2,-2,1,3,1,-1,-3,-1,2,2,5,2,2,-2,-2,-5,-2,-2
0,1,11571,11574,34713,34714,34715,34718,34719,34720,69427,69428,69429,69430,69431,69434,69435,69436,69437,69438,1,-1,2,-2,1,3,1,-1,-3,-1,2,2,5,2,2,-2,-2,-5,-2,-2
0,1,11573,11576,34719,34720,34721,34724,34725,34726,69439,69440,69441,69442,69443,69446,69447,69448,69449,69450,1,-1,2,-2,1,3,1,-1,-3,-1,2,2,5,2,2,-2,-2,-5,-2,-2
0,1,11575,11578,34725,34726,34727,34730,34731,34732,69451,69452,69453,69454,69455,69458,69459,69460,69461,69462,1,-1,2,-2,1,3,1,-1,-3,-1,2,2,5,2,2,-2,-2,-5,-2,-2
0,1,11577,11580,34731,34732,34733,34736,34737,34738,69463,69464,69465,69466,69467,69470,69471,69472,69473,69474,1,-1,2,-2,1,3,1,-1,-3,-1,2,2,5,2,2,-2,-2,-5,-2,-2
0,1,11579,11582,34737,34738,34739,34742,34743,34744,69475,69476,69477,69478,69479,69482,69483,69484,69485,69486,1,-1,2,-2,1,3,1,-1,-3,-1,2,2,5,2,2,-2,-2,-5,-2,-2
0,1,11581,11584,34743,34744,34745,34748,34749,34750,69487,69488,69489,69490,69491,69494,69495,69496,69497,69498,1,-1,2,-2,1,3,1,-1,-3,-1,2,2,5,2,2,-2,-2,-5,-2,-2
0,1,11583,11586,34749,34750,34751,34754,34755,34756,69499,69500,69501,69502,69503,69506,69507,69508,69509,69510,1,-1,2,-2,1,3,1,-1,-3,-1,2,2,5,2,2,-2,-2,-5,-2,-2
0,1,11585,11588,34755,34756,34757,34760,34761,34762,69511,69512,69513,69514,69515,69518,69519,69520,69521,69522,1,-1,2,-2,1,3,1,-1,-3,-1,2,2,5,2,2,-2,-2,-5,-2,-2
0,1,11587,11590,34761,34762,34763,34766,34767,34768,69523,69524,69525,69526,69527,69530,69531,69532,69533,69534,1,-1,2,-2,1,3,1,-1,-3,-1,2,2,5,2,2,-2,-2,-5,-2,-2
0,1,11589,11592,34767,34768,34769,34772,34773,34774,69535,69536,69537,69538,69539,69542,69543,69544,69545,69546,1,-1,2,-2,1,3,1,-1,-3,-1,2,2,5,2,2,-2,-2,-5,-2,-2
0,1,11591,11594,34773,34774,34775,34778,34779,34780,69547,69548,69549,69550,69551,69554,69555,69556,69557,69558,1,-1,2,-2,1,3,1,-1,-3,-1,2,2,5,2,2,-2,-2,-5,-2,-2
0,1,11593,11596,34779,34780,34781,34784,34785,34786,69559,69560,69561,69562,69563,69566,69567,69568,69569,69570,1,-1,2,-2,1,3,1,-1,-3,-1,2,2,5,2,2,-2,-2,-5,-2,-2
0,1,11595,11598,34785,34786,34787,34790,34791,34792,69571,69572,69573,69574,69575,69578,69579,69580,69581,69582,1,-1,2,-2,1,3,1,-1,-3,-1,2,2,5,2,2,-2,-2,-5,-2,-2
0,1,11597,11600,34791,34792,34793,34796,34797,34798,69583,69584,69585,69586,69587,69590,69591,69592,69593,69594,1,-1,2,-2,1,3,1,-1,-3,-1,2,2,5,2,2,-2,-2,-5,-2,-2
0,1,11599,11602,34797,34798,34799,34802,34803,34804,69595,69596,69597,69598,69599,69602,69603,69604,69605,69606,1,-1,2,-2,1,3,1,-1,-3,-1,2,2,5,2,2,-2,-2,-5,-2,-2
0,1,11601,11604,34803,34804,34805,34808,34809,34810,69607,69608,69609,69610,69611,69614,69615,69616,69617,69618,1,-1,2,-2,1,3,1,-1,-3,-1,2,2,5,2,2,-2,-2,-5,-2,-2
0,1,11603,11606,34809,34810,34811,34814,34815,34816,69619,69620,69621,69622,69623,69626,69627,69628,69629,69630,1,-1,2,-2,1,3,1,-1,-3,-1,2,2,5,2,2,-2,-2,-5,-2,-2
0,1,11605,11608,34815,34816,34817,34820,34821,34822,69631,69632,69633,69634,69635,69638,69639,69640,69641,69642,1,-1,2,-2,1,3,1,-1,-3,-1,2,2,5,2,2,-2,-2,-5,-2,-2
0,1,11607,11610,34821,34822,34823,34826,34827,34828,69643,69644,69645,69646,69647,69650,69651,69652,69653,69654,1,-1,2,-2,1,3,1,-1,-3,-1,2,2,5,2,2,-2,-2,-5,-2,-2
0,1,11609,11612,34827,34828,34829,34832,34833,34834,69655,69656,69657,69658,69659,69662,69663,69664,69665,69666,1,-1,2,-2,1,3,1,-1,-3,-1,2,2,5,2,2,-2,-2,-5,-2,-2
0,1,11611,11614,34833,34834,34835,34838,34839,34840,69667,69668,69669,69670,69671,69674,69675,69676,69677,69678,1,-1,2,-2,1,3,1,-1,-3,-1,2,2,5,2,2,-2,-2,-5,-2,-2
0,1,11613,11616,34839,34840,34841,34844,34845,34846,69679,69680,69681,69682,69683,69686,69687,69688,69689,69690,1,-1,2,-2,1,3,1,-1,-3,-1,2,2,5,2,2,-2,-2,-5,-2,-2
0,1,11615,11618,34845,34846,34847,34850,34851,34852,69691,69692,69693,69694,69695,69698,69699,69700,69701,69702,1,-1,2,-2,1,3,1,-1,-3,-1,2,2,5,2,2,-2,-2,-5,-2,-2
0,1,11617,11620,34851,34852,34853,34856,34857,34858,69703,69704,69705,69706,69707,69710,69711,69712,69713,69714,1,-1,2,-2,1,3,1,-1,-3,-1,2,2,5,2,2,-2,-2,-5,-2,-2
0,1,11619,11622,34857,34858,34859,34862,34863,34864,69715,69716,69717,69718,69719,69722,69723,69724,69725,69726,1,-1,2,-2,1,3,1,-1,-3,-1,2,2,5,2,2,-2,-2,-5,-2,-2
0,1,11621,11624,34863,34864,34865,34868,34869,34870,69727,69728,69729,69730,69731,69734,69735,69736,69737,69738,1,-1,2,-2,1,3,1,-1,-3,-1,2,2,5,2,2,-2,-2,-5,-2,-2
0,1,11623,11626,34869,34870,34871,34874,34875,34876,69739,69740,69741,69742,69743,69746,69747,69748,69749,69750,1,-1,2,-2,1,3,1,-1,-3,-1,2,2,5,2,2,-2,-2,-5,-2,-2
0,1,11625,11628,34875,34876,34877,34880,34881,34882,69751,69752,69753,69754,69755,69758,69759,69760,69761,69762,1,-1,2,-2,1,3,1,-1,-3,-1,2,2,5,2,2,-2,-2,-5,-2,-2
0,1,11627,11630,34881,34882,34883,34886,34887,34888,69763,69764,69765,69766,69767,69770,69771,69772,69773,69774,1,-1,2,-2,1,3,1,-1,-3,-1,2,2,5,2,2,-2,-2,-5,-2,-2
0,1,11629,11632,34887,34888,34889,34892,34893,34894,69775,69776,69777,69778,69779,69782,69783,69784,69785,69786,1,-1,2,-2,1,3,1,-1,-3,-1,2,2,5,2,2,-2,-2,-5,-2,-2
0,1,11631,11634,34893,34894,34895,34898,34899,34900,69787,69788,69789,69790,69791,69794,69795,69796,69797,69798,1,-1,2,-2,1,3,1,-1,-3,-1,2,2,5,2,2,-2,-2,-5,-2,-2
0,1,11633,11636,34899,34900,34901,34904,34905,34906,69799,69800,69801,69802,69803,69806,69807,69808,69809,69810,1,-1,2,-2,1,3,1,-1,-3,-1,2,2,5,2,2,-2,-2,-5,-2,-2
0,1,11635,11638,34905,34906,34907,34910,34911,34912,69811,69812,69813,69814,69815,69818,69819,69820,69821,69822,1,-1,2,-2,1,3,1,-1,-3,-1,2,2,5,2,2,-2,-2,-5,-2,-2
0,1,11637,11640,34911,34912,34913,34916,34917,34918,69823,69824,69825,69826,69827,69830,69831,69832,69833,69834,1,-1,2,-2,1,3,1,-1,-3,-1,2,2,5,2,2,-2,-2,-5,-2,-2
0,1,11639,11642,34917,34918,34919,34922,34923,34924,69835,69836,69837,69838,69839,69842,69843,69844,69845,69846,1,-1,2,-2,1,3,1,-1,-3,-1,2,2,5,2,2,-2,-2,-5,-2,-2
0,1,11641,11644,34923,34924,34925,34928,34929,34930,69847,69848,69849,69850,69851,69854,69855,69856,69857,69858,1,-1,2,-2,1,3,1,-1,-3,-1,2,2,5,2,2,-2,-2,-5,-2,-2
0,1,11643,11646,34929,34930,34931,34934,34935,34936,69859,69860,69861,69862,69863,69866,69867,69868,69869,69870,1,-1,2,-2,1,3,1,-1,-3,-1,2,2,5,2,2,-2,-2,-5,-2,-2
0,1,11645,11648,34935,34936,34937,34940,34941,34942,69871,69872,69873,69874,69875,69878,69879,69880,69881,69882,1,-1,2,-2,1,3,1,-1,-3,-1,2,2,5,2,2,-2,-2,-5,-2,-2
0,1,11647,11650,34941,34942,34943,34946,34947,34948,69883,69884,69885,69886,69887,69890,69891,69892,69893,69894,1,-1,2,-2,1,3,1,-1,-3,-1,2,2,5,2,2,-2,-2,-5,-2,-2
0,1,11649,11652,34947,34948,34949,34952,34953,34954,69895,69896,69897,69898,69899,69902,69903,69904,69905,69906,1,-1,2,-2,1,3,1,-1,-3,-1,2,2,5,2,2,-2,-2,-5,-2,-2
0,1,11651,11654,34953,34954,34955,34958,34959,34960,69907,69908,69909,69910,69911,69914,69915,69916,69917,69918,1,-1,2,-2,1,3,1,-1,-3,-1,2,2,5,2,2,-2,-2,-5,-2,-2
0,1,11653,11656,34959,34960,34961,34964,34965,34966,69919,69920,69921,69922,69923,69926,69927,69928,69929,69930,1,-1,2,-2,1,3,1,-1,-3,-1,2,2,5,2,2,-2,-2,-5,-2,-2
0,1,11655,11658,34965,34966,34967,34970,34971,34972,69931,69932,69933,69934,69935,69938,69939,69940,69941,69942,1,-1,2,-2,1,3,1,-1,-3,-1,2,2,5,2,2,-2,-2,-5,-2,-2
0,1,11657,11660,34971,34972,34973,34976,34977,34978,69943,69944,69945,69946,69947,69950,69951,69952,69953,69954,1,-1,2,-2,1,3,1,-1,-3,-1,2,2,5,2,2,-2,-2,-5,-2,-2
0,1,11659,11662,34977,34978,34979,34982,34983,34984,69955,69956,69957,69958,69959,69962,69963,69964,69965,69966,1,-1,2,-2,1,3,1,-1,-3,-1,2,2,5,2,2,-2,-2,-5,-2,-2
0,1,11661,11664,34983,34984,34985,34988,34989,34990,69967,69968,69969,69970,69971,69974,69975,69976,69977,69978,1,-1,2,-2,1,3,1,-1,-3,-1,2,2,5,2,2,-2,-2,-5,-2,-2
0,1,11663,11666,34989,34990,34991,34994,34995,34996,69979,69980,69981,69982,69983,69986,69987,69988,69989,69990,1,-1,2,-2,1,3,1,-1,-3,-1,2,2,5,2,2,-2,-2,-5,-2,-2
0,1,11665,11668,34995,34996,34997,35000,35001,35002,69991,69992,69993,69994,69995,69998,69999,70000,70001,70002,1,-1,2,-2,1,3,1,-1,-3,-1,2,2,5,2,2,-2,-2,-5,-2,-2
0,1,11667,11670,35001,35002,35003,35006,35007,35008,70003,70004,70005,70006,70007,70010,70011,70012,70013,70014,1,-1,2,-2,1,3,1,-1,-3,-1,2,2,5,2,2,-2,-2,-5,-2,-2
0,1,11669,11672,35007,35008,35009,35012,35013,35014,70015,70016,70017,70018,70019,70022,70023,70024,70025,70026,1,-1,2,-2,1,3,1,-1,-3,-1,2,2,5,2,2,-2,-2,-5,-2,-2
0,1,11671,11674,35013,35014,35015,35018,35019,35020,70027,70028,70029,70030,70031,70034,70035,70036,70037,70038,1,-1,2,-2,1,3,1,-1,-3,-1,2,2,5,2,2,-2,-2,-5,-2,-2
0,1,11673,11676,35019,35020,35021,35024,35025,35026,70039,70040,70041,70042,70043,70046,70047,70048,70049,70050,1,-1,2,-2,1,3,1,-1,-3,-1,2,2,5,2,2,-2,-2,-5,-2,-2
0,1,11675,11678,35025,35026,35027,35030,35031,35032,70051,70052,70053,70054,70055,70058,70059,70060,70061,70062,1,-1,2,-2,1,3,1,-1,-3,-1,2,2,5,2,2,-2,-2,-5,-2,-2
0,1,11677,11680,35031,35032,35033,35036,35037,35038,70063,70064,70065,70066,70067,70070,70071,70072,70073,70074,1,-1,2,-2,1,3,1,-1,-3,-1,2,2,5,2,2,-2,-2,-5,-2,-2
0,1,11679,11682,35037,35038,35039,35042,35043,35044,70075,70076,70077,70078,70079,70082,70083,70084,70085,70086,1,-1,2,-2,1,3,1,-1,-3,-1,2,2,5,2,2,-2,-2,-5,-2,-2
0,1,11681,11684,35043,35044,35045,35048,35049,35050,70087,70088,70089,70090,70091,70094,70095,70096,70097,70098,1,-1,2,-2,1,3,1,-1,-3,-1,2,2,5,2,2,-2,-2,-5,-2,-2
0,1,11683,11686,35049,35050,35051,35054,35055,35056,70099,70100,70101,70102,70103,70106,70107,70108,70109,70110,1,-1,2,-2,1,3,1,-1,-3,-1,2,2,5,2,2,-2,-2,-5,-2,-2
0,1,11685,11688,35055,35056,35057,35060,35061,35062,70111,70112,70113,70114,70115,70118,70119,70120,70121,70122,1,-1,2,-2,1,3,1,-1,-3,-1,2,2,5,2,2,-2,-2,-5,-2,-2
0,1,11687,11690,35061,35062,35063,35066,35067,35068,70123,70124,70125,70126,70127,70130,70131,70132,70133,70134,1,-1,2,-2,1,3,1,-1,-3,-1,2,2,5,2,2,-2,-2,-5,-2,-2
0,1,11689,11692,35067,35068,35069,35072,35073,35074,70135,70136,70137,70138,70139,70142,70143,70144,70145,70146,1,-1,2,-2,1,3,1,-1,-3,-1,2,2,5,2,2,-2,-2,-5,-2,-2
0,1,11691,11694,35073,35074,35075,35078,35079,35080,70147,70148,70149,70150,70151,70154,70155,70156,70157,70158,1,-1,2,-2,1,3,1,-1,-3,-1,2,2,5,2,2,-2,-2,-5,-2,-2
0,1,11693,11696,35079,35080,35081,35084,35085,35086,70159,70160,70161,70162,70163,70166,70167,70168,70169,70170,1,-1,2,-2,1,3,1,-1,-3,-1,2,2,5,2,2,-2,-2,-5,-2,-2
0,1,11695,11698,35085,35086,35087,35090,35091,35092,70171,70172,70173,70174,70175,70178,70179,70180,70181,70182,1,-1,2,-2,1,3,1,-1,-3,-1,2,2,5,2,2,-2,-2,-5,-2,-2
0,1,11697,11700,35091,35092,35093,35096,35097,35098,70183,70184,70185,70186,70187,70190,70191,70192,70193,70194,1,-1,2,-2,1,3,1,-1,-3,-1,2,2,5,2,2,-2,-2,-5,-2,-2
0,1,11699,11702,35097,35098,35099,35102,35103,35104,70195,70196,70197,70198,70199,70202,70203,70204,70205,70206,1,-1,2,-2,1,3,1,-1,-3,-1,2,2,5,2,2,-2,-2,-5,-2,-2
0,1,11701,11704,35103,35104,35105,35108,35109,35110,70207,70208,70209,70210,70211,70214,70215,70216,70217,70218,1,-1,2,-2,1,3,1,-1,-3,-1,2,2,5,2,2,-2,-2,-5,-2,-2
0,1,11703,11706,35109,35110,35111,35114,35115,35116,70219,70220,70221,70222,70223,70226,70227,70228,70229,70230,1,-1,2,-2,1,3,1,-1,-3,-1,2,2,5,2,2,-2,-2,-5,-2,-2
0,1,11705,11708,35115,35116,35117,35120,35121,35122,70231,70232,70233,70234,70235,70238,70239,70240,70241,70242,1,-1,2,-2,1,3,1,-1,-3,-1,2,2,5,2,2,-2,-2,-5,-2,-2
0,1,11707,11710,35121,35122,35123,35126,35127,35128,70243,70244,70245,70246,70247,70250,70251,70252,70253,70254,1,-1,2,-2,1,3,1,-1,-3,-1,2,2,5,2,2,-2,-2,-5,-2,-2
0,1,11709,11712,35127,35128,35129,35132,35133,35134,70255,70256,70257,70258,70259,70262,70263,70264,70265,70266,1,-1,2,-2,1,3,1,-1,-3,-1,2,2,5,2,2,-2,-2,-5,-2,-2
0,1,11711,11714,35133,35134,35135,35138,35139,35140,70267,70268,70269,70270,70271,70274,70275,70276,70277,70278,1,-1,2,-2,1,3,1,-1,-3,-1,2,2,5,2,2,-2,-2,-5,-2,-2
0,1,11713,11716,35139,35140,35141,35144,35145,35146,70279,70280,70281,70282,70283,70286,70287,70288,70289,70290,1,-1,2,-2,1,3,1,-1,-3,-1,2,2,5,2,2,-2,-2,-5,-2,-2
0,1,11715,11718,35145,35146,35147,35150,35151,35152,70291,70292,70293,70294,70295,70298,70299,70300,70301,70302,1,-1,2,-2,1,3,1,-1,-3,-1,2,2,5,2,2,-2,-2,-5,-2,-2
0,1,11717,11720,35151,35152,35153,35156,35157,35158,70303,70304,70305,70306,70307,70310,70311,70312,70313,70314,1,-1,2,-2,1,3,1,-1,-3,-1,2,2,5,2,2,-2,-2,-5,-2,-2
0,1,11719,11722,35157,35158,35159,35162,35163,35164,70315,70316,70317,70318,70319,70322,70323,70324,70325,70326,1,-1,2,-2,1,3,1,-1,-3,-1,2,2,5,2,2,-2,-2,-5,-2,-2
0,1,11721,11724,35163,35164,35165,35168,35169,35170,70327,70328,70329,70330,70331,70334,70335,70336,70337,70338,1,-1,2,-2,1,3,1,-1,-3,-1,2,2,5,2,2,-2,-2,-5,-2,-2
0,1,11723,11726,35169,35170,35171,35174,35175,35176,70339,70340,70341,70342,70343,70346,70347,70348,70349,70350,1,-1,2,-2,1,3,1,-1,-3,-1,2,2,5,2,2,-2,-2,-5,-2,-2
0,1,11725,11728,35175,35176,35177,35180,35181,35182,70351,70352,70353,70354,70355,70358,70359,70360,70361,70362,1,-1,2,-2,1,3,1,-1,-3,-1,2,2,5,2,2,-2,-2,-5,-2,-2
0,1,11727,11730,35181,35182,35183,35186,35187,35188,70363,70364,70365,70366,70367,70370,70371,70372,70373,70374,1,-1,2,-2,1,3,1,-1,-3,-1,2,2,5,2,2,-2,-2,-5,-2,-2
0,1,11729,11732,35187,35188,35189,35192,35193,35194,70375,70376,70377,70378,70379,70382,70383,70384,70385,70386,1,-1,2,-2,1,3,1,-1,-3,-1,2,2,5,2,2,-2,-2,-5,-2,-2
0,1,11731,11734,35193,35194,35195,35198,35199,35200,70387,70388,70389,70390,70391,70394,70395,70396,70397,70398,1,-1,2,-2,1,3,1,-1,-3,-1,2,2,5,2,2,-2,-2,-5,-2,-2
0,1,11733,11736,35199,35200,35201,35204,35205,35206,70399,70400,70401,70402,70403,70406,70407,70408,70409,70410,1,-1,2,-2,1,3,1,-1,-3,-1,2,2,5,2,2,-2,-2,-5,-2,-2
0,1,11735,11738,35205,35206,35207,35210,35211,35212,70411,70412,70413,70414,70415,70418,70419,70420,70421,70422,1,-1,2,-2,1,3,1,-1,-3,-1,2,2,5,2,2,-2,-2,-5,-2,-2
0,1,11737,11740,35211,35212,35213,35216,35217,35218,70423,70424,70425,70426,70427,70430,70431,70432,70433,70434,1,-1,2,-2,1,3,1,-1,-3,-1,2,2,5,2,2,-2,-2,-5,-2,-2
0,1,11739,11742,35217,35218,35219,35222,35223,35224,70435,70436,70437,70438,70439,70442,70443,70444,70445,70446,1,-1,2,-2,1,3,1,-1,-3,-1,2,2,5,2,2,-2,-2,-5,-2,-2
0,1,11741,11744,35223,35224,35225,35228,35229,35230,70447,70448,70449,70450,70451,70454,70455,70456,70457,70458,1,-1,2,-2,1,3,1,-1,-3,-1,2,2,5,2,2,-2,-2,-5,-2,-2
0,1,11743,11746,35229,35230,35231,35234,35235,35236,70459,70460,70461,70462,70463,70466,70467,70468,70469,70470,1,-1,2,-2,1,3,1,-1,-3,-1,2,2,5,2,2,-2,-2,-5,-2,-2
0,1,11745,11748,35235,35236,35237,35240,35241,35242,70471,70472,70473,70474,70475,70478,70479,70480,70481,70482,1,-1,2,-2,1,3,1,-1,-3,-1,2,2,5,2,2,-2,-2,-5,-2,-2
0,1,11747,11750,35241,35242,35243,35246,35247,35248,70483,70484,70485,70486,70487,70490,70491,70492,70493,70494,1,-1,2,-2,1,3,1,-1,-3,-1,2,2,5,2,2,-2,-2,-5,-2,-2
0,1,11749,11752,35247,35248,35249,35252,35253,35254,70495,70496,70497,70498,70499,70502,70503,70504,70505,70506,1,-1,2,-2,1,3,1,-1,-3,-1,2,2,5,2,2,-2,-2,-5,-2,-2
0,1,11751,11754,35253,35254,35255,35258,35259,35260,70507,70508,70509,70510,70511,70514,70515,70516,70517,70518,1,-1,2,-2,1,3,1,-1,-3,-1,2,2,5,2,2,-2,-2,-5,-2,-2
0,1,11753,11756,35259,35260,35261,35264,35265,35266,70519,70520,70521,70522,70523,70526,70527,70528,70529,70530,1,-1,2,-2,1,3,1,-1,-3,-1,2,2,5,2,2,-2,-2,-5,-2,-2
0,1,11755,11758,35265,35266,35267,35270,35271,35272,70531,70532,70533,70534,70535,70538,70539,70540,70541,70542,1,-1,2,-2,1,3,1,-1,-3,-1,2,2,5,2,2,-2,-2,-5,-2,-2
0,1,11757,11760,35271,35272,35273,35276,35277,35278,70543,70544,70545,70546,70547,70550,70551,70552,70553,70554,1,-1,2,-2,1,3,1,-1,-3,-1,2,2,5,2,2,-2,-2,-5,-2,-2
0,1,11759,11762,35277,35278,35279,35282,35283,35284,70555,70556,70557,70558,70559,70562,70563,70564,70565,70566,1,-1,2,-2,1,3,1,-1,-3,-1,2,2,5,2,2,-2,-2,-5,-2,-2
0,1,11761,11764,35283,35284,35285,35288,35289,35290,70567,70568,70569,70570,70571,70574,70575,70576,70577,70578,1,-1,2,-2,1,3,1,-1,-3,-1,2,2,5,2,2,-2,-2,-5,-2,-2
0,1,11763,11766,35289,35290,35291,35294,35295,35296,70579,70580,70581,70582,70583,70586,70587,70588,70589,70590,1,-1,2,-2,1,3,1,-1,-3,-1,2,2,5,2,2,-2,-2,-5,-2,-2
0,1,11765,11768,35295,35296,35297,35300,35301,35302,70591,70592,70593,70594,70595,70598,70599,70600,70601,70602,1,-1,2,-2,1,3,1,-1,-3,-1,2,2,5,2,2,-2,-2,-5,-2,-2
0,1,11767,11770,35301,35302,35303,35306,35307,35308,70603,70604,70605,70606,70607,70610,70611,70612,70613,70614,1,-1,2,-2,1,3,1,-1,-3,-1,2,2,5,2,2,-2,-2,-5,-2,-2
0,1,11769,11772,35307,35308,35309,35312,35313,35314,70615,70616,70617,70618,70619,70622,70623,70624,70625,70626,1,-1,2,-2,1,3,1,-1,-3,-1,2,2,5,2,2,-2,-2,-5,-2,-2
0,1,11771,11774,35313,35314,35315,35318,35319,35320,70627,70628,70629,70630,70631,70634,70635,70636,70637,70638,1,-1,2,-2,1,3,1,-1,-3,-1,2,2,5,2,2,-2,-2,-5,-2,-2
0,1,11773,11776,35319,35320,35321,35324,35325,35326,70639,70640,70641,70642,70643,70646,70647,70648,70649,70650,1,-1,2,-2,1,3,1,-1,-3,-1,2,2,5,2,2,-2,-2,-5,-2,-2
0,1,11775,11778,35325,35326,35327,35330,35331,35332,70651,70652,70653,70654,70655,70658,70659,70660,70661,70662,1,-1,2,-2,1,3,1,-1,-3,-1,2,2,5,2,2,-2,-2,-5,-2,-2
0,1,11777,11780,35331,35332,35333,35336,35337,35338,70663,70664,70665,70666,70667,70670,70671,70672,70673,70674,1,-1,2,-2,1,3,1,-1,-3,-1,2,2,5,2,2,-2,-2,-5,-2,-2
0,1,11779,11782,35337,35338,35339,35342,35343,35344,70675,70676,70677,70678,70679,70682,70683,70684,70685,70686,1,-1,2,-2,1,3,1,-1,-3,-1,2,2,5,2,2,-2,-2,-5,-2,-2
0,1,11781,11784,35343,35344,35345,35348,35349,35350,70687,70688,70689,70690,70691,70694,70695,70696,70697,70698,1,-1,2,-2,1,3,1,-1,-3,-1,2,2,5,2,2,-2,-2,-5,-2,-2
0,1,11783,11786,35349,35350,35351,35354,35355,35356,70699,70700,70701,70702,70703,70706,70707,70708,70709,70710,1,-1,2,-2,1,3,1,-1,-3,-1,2,2,5,2,2,-2,-2,-5,-2,-2
0,1,11785,11788,35355,35356,35357,35360,35361,35362,70711,70712,70713,70714,70715,70718,70719,70720,70721,70722,1,-1,2,-2,1,3,1,-1,-3,-1,2,2,5,2,2,-2,-2,-5,-2,-2
0,1,11787,11790,35361,35362,35363,35366,35367,35368,70723,70724,70725,70726,70727,70730,70731,70732,70733,70734,1,-1,2,-2,1,3,1,-1,-3,-1,2,2,5,2,2,-2,-2,-5,-2,-2
0,1,11789,11792,35367,35368,35369,35372,35373,35374,70735,70736,70737,70738,70739,70742,70743,70744,70745,70746,1,-1,2,-2,1,3,1,-1,-3,-1,2,2,5,2,2,-2,-2,-5,-2,-2
0,1,11791,11794,35373,35374,35375,35378,35379,35380,70747,70748,70749,70750,70751,70754,70755,70756,70757,70758,1,-1,2,-2,1,3,1,-1,-3,-1,2,2,5,2,2,-2,-2,-5,-2,-2
0,1,11793,11796,35379,35380,35381,35384,35385,35386,70759,70760,70761,70762,70763,70766,70767,70768,70769,70770,1,-1,2,-2,1,3,1,-1,-3,-1,2,2,5,2,2,-2,-2,-5,-2,-2
0,1,11795,11798,35385,35386,35387,35390,35391,35392,70771,70772,70773,70774,70775,70778,70779,70780,70781,70782,1,-1,2,-2,1,3,1,-1,-3,-1,2,2,5,2,2,-2,-2,-5,-2,-2
0,1,11797,11800,35391,35392,35393,35396,35397,35398,70783,70784,70785,70786,70787,70790,70791,70792,70793,70794,1,-1,2,-2,1,3,1,-1,-3,-1,2,2,5,2,2,-2,-2,-5,-2,-2
0,1,11799,11802,35397,35398,35399,35402,35403,35404,70795,70796,70797,70798,70799,70802,70803,70804,70805,70806,1,-1,2,-2,1,3,1,-1,-3,-1,2,2,5,2,2,-2,-2,-5,-2,-2
0,1,11801,11804,35403,35404,35405,35408,35409,35410,70807,70808,70809,70810,70811,70814,70815,70816,70817,70818,1,-1,2,-2,1,3,1,-1,-3,-1,2,2,5,2,2,-2,-2,-5,-2,-2
0,1,11803,11806,35409,35410,35411,35414,35415,35416,70819,70820,70821,70822,70823,70826,70827,70828,70829,70830,1,-1,2,-2,1,3,1,-1,-3,-1,2,2,5,2,2,-2,-2,-5,-2,-2
0,1,11805,11808,35415,35416,35417,35420,35421,35422,70831,70832,70833,70834,70835,70838,70839,70840,70841,70842,1,-1,2,-2,1,3,1,-1,-3,-1,2,2,5,2,2,-2,-2,-5,-2,-2
0,1,11807,11810,35421,35422,35423,35426,35427,35428,70843,70844,70845,70846,70847,70850,70851,70852,70853,70854,1,-1,2,-2,1,3,1,-1,-3,-1,2,2,5,2,2,-2,-2,-5,-2,-2
0,1,11809,11812,35427,35428,35429,35432,35433,35434,70855,70856,70857,70858,70859,70862,70863,70864,70865,70866,1,-1,2,-2,1,3,1,-1,-3,-1,2,2,5,2,2,-2,-2,-5,-2,-2
0,1,11811,11814,35433,35434,35435,35438,35439,35440,70867,70868,70869,70870,70871,70874,70875,70876,70877,70878,1,-1,2,-2,1,3,1,-1,-3,-1,2,2,5,2,2,-2,-2,-5,-2,-2
0,1,11813,11816,35439,35440,35441,35444,35445,35446,70879,70880,70881,70882,70883,70886,70887,70888,70889,70890,1,-1,2,-2,1,3,1,-1,-3,-1,2,2,5,2,2,-2,-2,-5,-2,-2
0,1,11815,11818,35445,35446,35447,35450,35451,35452,70891,70892,70893,70894,70895,70898,70899,70900,70901,70902,1,-1,2,-2,1,3,1,-1,-3,-1,2,2,5,2,2,-2,-2,-5,-2,-2
0,1,11817,11820,35451,35452,35453,35456,35457,35458,70903,70904,70905,70906,70907,70910,70911,70912,70913,70914,1,-1,2,-2,1,3,1,-1,-3,-1,2,2,5,2,2,-2,-2,-5,-2,-2
0,1,11819,11822,35457,35458,35459,35462,35463,35464,70915,70916,70917,70918,70919,70922,70923,70924,70925,70926,1,-1,2,-2,1,3,1,-1,-3,-1,2,2,5,2,2,-2,-2,-5,-2,-2
0,1,11821,11824,35463,35464,35465,35468,35469,35470,70927,70928,70929,70930,70931,70934,70935,70936,70937,70938,1,-1,2,-2,1,3,1,-1,-3,-1,2,2,5,2,2,-2,-2,-5,-2,-2
0,1,11823,11826,35469,35470,35471,35474,35475,35476,70939,70940,70941,70942,70943,70946,70947,70948,70949,70950,1,-1,2,-2,1,3,1,-1,-3,-1,2,2,5,2,2,-2,-2,-5,-2,-2
0,1,11825,11828,35475,35476,35477,35480,35481,35482,70951,70952,70953,70954,70955,70958,70959,70960,70961,70962,1,-1,2,-2,1,3,1,-1,-3,-1,2,2,5,2,2,-2,-2,-5,-2,-2
0,1,11827,11830,35481,35482,35483,35486,35487,35488,70963,70964,70965,70966,70967,70970,70971,70972,70973,70974,1,-1,2,-2,1,3,1,-1,-3,-1,2,2,5,2,2,-2,-2,-5,-2,-2
0,1,11829,11832,35487,35488,35489,35492,35493,35494,70975,70976,70977,70978,70979,70982,70983,70984,70985,70986,1,-1,2,-2,1,3,1,-1,-3,-1,2,2,5,2,2,-2,-2,-5,-2,-2
0,1,11831,11834,35493,35494,35495,35498,35499,35500,70987,70988,70989,70990,70991,70994,70995,70996,70997,70998,1,-1,2,-2,1,3,1,-1,-3,-1,2,2,5,2,2,-2,-2,-5,-2,-2
0,1,11833,11836,35499,35500,35501,35504,35505,35506,70999,71000,71001,71002,71003,71006,71007,71008,71009,71010,1,-1,2,-2,1,3,1,-1,-3,-1,2,2,5,2,2,-2,-2,-5,-2,-2
0,1,11835,11838,35505,35506,35507,35510,35511,35512,71011,71012,71013,71014,71015,71018,71019,71020,71021,71022,1,-1,2,-2,1,3,1,-1,-3,-1,2,2,5,2,2,-2,-2,-5,-2,-2
0,1,11837,11840,35511,35512,35513,35516,35517,35518,71023,71024,71025,71026,71027,71030,71031,71032,71033,71034,1,-1,2,-2,1,3,1,-1,-3,-1,2,2,5,2,2,-2,-2,-5,-2,-2
0,1,11839,11842,35517,35518,35519,35522,35523,35524,71035,71036,71037,71038,71039,71042,71043,71044,71045,71046,1,-1,2,-2,1,3,1,-1,-3,-1,2,2,5,2,2,-2,-2,-5,-2,-2
0,1,11841,11844,35523,35524,35525,35528,35529,35530,71047,71048,71049,71050,71051,71054,71055,71056,71057,71058,1,-1,2,-2,1,3,1,-1,-3,-1,2,2,5,2,2,-2,-2,-5,-2,-2
0,1,11843,11846,35529,35530,35531,35534,35535,35536,71059,71060,71061,71062,71063,71066,71067,71068,71069,71070,1,-1,2,-2,1,3,1,-1,-3,-1,2,2,5,2,2,-2,-2,-5,-2,-2
0,1,11845,11848,35535,35536,35537,35540,35541,35542,71071,71072,71073,71074,71075,71078,71079,71080,71081,71082,1,-1,2,-2,1,3,1,-1,-3,-1,2,2,5,2,2,-2,-2,-5,-2,-2
0,1,11847,11850,35541,35542,35543,35546,35547,35548,71083,71084,71085,71086,71087,71090,71091,71092,71093,71094,1,-1,2,-2,1,3,1,-1,-3,-1,2,2,5,2,2,-2,-2,-5,-2,-2
0,1,11849,11852,35547,35548,35549,35552,35553,35554,71095,71096,71097,71098,71099,71102,71103,71104,71105,71106,1,-1,2,-2,1,3,1,-1,-3,-1,2,2,5,2,2,-2,-2,-5,-2,-2
0,1,11851,11854,35553,35554,35555,35558,35559,35560,71107,71108,71109,71110,71111,71114,71115,71116,71117,71118,1,-1,2,-2,1,3,1,-1,-3,-1,2,2,5,2,2,-2,-2,-5,-2,-2
0,1,11853,11856,35559,35560,35561,35564,35565,35566,71119,71120,71121,71122,71123,71126,71127,71128,71129,71130,1,-1,2,-2,1,3,1,-1,-3,-1,2,2,5,2,2,-2,-2,-5,-2,-2
0,1,11855,11858,35565,35566,35567,35570,35571,35572,71131,71132,71133,71134,71135,71138,71139,71140,71141,71142,1,-1,2,-2,1,3,1,-1,-3,-1,2,2,5,2,2,-2,-2,-5,-2,-2
0,1,11857,11860,35571,35572,35573,35576,35577,35578,71143,71144,71145,71146,71147,71150,71151,71152,71153,71154,1,-1,2,-2,1,3,1,-1,-3,-1,2,2,5,2,2,-2,-2,-5,-2,-2
0,1,11859,11862,35577,35578,35579,35582,35583,35584,71155,71156,71157,71158,71159,71162,71163,71164,71165,71166,1,-1,2,-2,1,3,1,-1,-3,-1,2,2,5,2,2,-2,-2,-5,-2,-2
0,1,11861,11864,35583,35584,35585,35588,35589,35590,71167,71168,71169,71170,71171,71174,71175,71176,71177,71178,1,-1,2,-2,1,3,1,-1,-3,-1,2,2,5,2,2,-2,-2,-5,-2,-2
0,1,11863,11866,35589,35590,35591,35594,35595,35596,71179,71180,71181,71182,71183,71186,71187,71188,71189,71190,1,-1,2,-2,1,3,1,-1,-3,-1,2,2,5,2,2,-2,-2,-5,-2,-2
0,1,11865,11868,35595,35596,35597,35600,35601,35602,71191,71192,71193,71194,71195,71198,71199,71200,71201,71202,1,-1,2,-2,1,3,1,-1,-3,-1,2,2,5,2,2,-2,-2,-5,-2,-2
0,1,11867,11870,35601,35602,35603,35606,35607,35608,71203,71204,71205,71206,71207,71210,71211,71212,71213,71214,1,-1,2,-2,1,3,1,-1,-3,-1,2,2,5,2,2,-2,-2,-5,-2,-2
0,1,11869,11872,35607,35608,35609,35612,35613,35614,71215,71216,71217,71218,71219,71222,71223,71224,71225,71226,1,-1,2,-2,1,3,1,-1,-3,-1,2,2,5,2,2,-2,-2,-5,-2,-2
0,1,11871,11874,35613,35614,35615,35618,35619,35620,71227,71228,71229,71230,71231,71234,71235,71236,71237,71238,1,-1,2,-2,1,3,1,-1,-3,-1,2,2,5,2,2,-2,-2,-5,-2,-2
0,1,11873,11876,35619,35620,35621,35624,35625,35626,71239,71240,71241,71242,71243,71246,71247,71248,71249,71250,1,-1,2,-2,1,3,1,-1,-3,-1,2,2,5,2,2,-2,-2,-5,-2,-2
0,1,11875,11878,35625,35626,35627,35630,35631,35632,71251,71252,71253,71254,71255,71258,71259,71260,71261,71262,1,-1,2,-2,1,3,1,-1,-3,-1,2,2,5,2,2,-2,-2,-5,-2,-2
0,1,11877,11880,35631,35632,35633,35636,35637,35638,71263,71264,71265,71266,71267,71270,71271,71272,71273,71274,1,-1,2,-2,1,3,1,-1,-3,-1,2,2,5,2,2,-2,-2,-5,-2,-2
0,1,11879,11882,35637,35638,35639,35642,35643,35644,71275,71276,71277,71278,71279,71282,71283,71284,71285,71286,1,-1,2,-2,1,3,1,-1,-3,-1,2,2,5,2,2,-2,-2,-5,-2,-2
0,1,11881,11884,35643,35644,35645,35648,35649,35650,71287,71288,71289,71290,71291,71294,71295,71296,71297,71298,1,-1,2,-2,1,3,1,-1,-3,-1,2,2,5,2,2,-2,-2,-5,-2,-2
0,1,11883,11886,35649,35650,35651,35654,35655,35656,71299,71300,71301,71302,71303,71306,71307,71308,71309,71310,1,-1,2,-2,1,3,1,-1,-3,-1,2,2,5,2,2,-2,-2,-5,-2,-2
0,1,11885,11888,35655,35656,35657,35660,35661,35662,71311,71312,71313,71314,71315,71318,71319,71320,71321,71322,1,-1,2,-2,1,3,1,-1,-3,-1,2,2,5,2,2,-2,-2,-5,-2,-2
0,1,11887,11890,35661,35662,35663,35666,35667,35668,71323,71324,71325,71326,71327,71330,71331,71332,71333,71334,1,-1,2,-2,1,3,1,-1,-3,-1,2,2,5,2,2,-2,-2,-5,-2,-2
0,1,11889,11892,35667,35668,35669,35672,35673,35674,71335,71336,71337,71338,71339,71342,71343,71344,71345,71346,1,-1,2,-2,1,3,1,-1,-3,-1,2,2,5,2,2,-2,-2,-5,-2,-2
0,1,11891,11894,35673,35674,35675,35678,35679,35680,71347,71348,71349,71350,71351,71354,71355,71356,71357,71358,1,-1,2,-2,1,3,1,-1,-3,-1,2,2,5,2,2,-2,-2,-5,-2,-2
0,1,11893,11896,35679,35680,35681,35684,35685,35686,71359,71360,71361,71362,71363,71366,71367,71368,71369,71370,1,-1,2,-2,1,3,1,-1,-3,-1,2,2,5,2,2,-2,-2,-5,-2,-2
0,1,11895,11898,35685,35686,35687,35690,35691,35692,71371,71372,71373,71374,71375,71378,71379,71380,71381,71382,1,-1,2,-2,1,3,1,-1,-3,-1,2,2,5,2,2,-2,-2,-5,-2,-2
0,1,11897,11900,35691,35692,35693,35696,35697,35698,71383,71384,71385,71386,71387,71390,71391,71392,71393,71394,1,-1,2,-2,1,3,1,-1,-3,-1,2,2,5,2,2,-2,-2,-5,-2,-2
0,1,11899,11902,35697,35698,35699,35702,35703,35704,71395,71396,71397,71398,71399,71402,71403,71404,71405,71406,1,-1,2,-2,1,3,1,-1,-3,-1,2,2,5,2,2,-2,-2,-5,-2,-2
0,1,11901,11904,35703,35704,35705,35708,35709,35710,71407,71408,71409,71410,71411,71414,71415,71416,71417,71418,1,-1,2,-2,1,3,1,-1,-3,-1,2,2,5,2,2,-2,-2,-5,-2,-2
0,1,11903,11906,35709,35710,35711,35714,35715,35716,71419,71420,71421,71422,71423,71426,71427,71428,71429,71430,1,-1,2,-2,1,3,1,-1,-3,-1,2,2,5,2,2,-2,-2,-5,-2,-2
0,1,11905,11908,35715,35716,35717,35720,35721,35722,71431,71432,71433,71434,71435,71438,71439,71440,71441,71442,1,-1,2,-2,1,3,1,-1,-3,-1,2,2,5,2,2,-2,-2,-5,-2,-2
0,1,11907,11910,35721,35722,35723,35726,35727,35728,71443,71444,71445,71446,71447,71450,71451,71452,71453,71454,1,-1,2,-2,1,3,1,-1,-3,-1,2,2,5,2,2,-2,-2,-5,-2,-2
0,1,11909,11912,35727,35728,35729,35732,35733,35734,71455,71456,71457,71458,71459,71462,71463,71464,71465,71466,1,-1,2,-2,1,3,1,-1,-3,-1,2,2,5,2,2,-2,-2,-5,-2,-2
0,1,11911,11914,35733,35734,35735,35738,35739,35740,71467,71468,71469,71470,71471,71474,71475,71476,71477,71478,1,-1,2,-2,1,3,1,-1,-3,-1,2,2,5,2,2,-2,-2,-5,-2,-2
0,1,11913,11916,35739,35740,35741,35744,35745,35746,71479,71480,71481,71482,71483,71486,71487,71488,71489,71490,1,-1,2,-2,1,3,1,-1,-3,-1,2,2,5,2,2,-2,-2,-5,-2,-2
0,1,11915,11918,35745,35746,35747,35750,35751,35752,71491,71492,71493,71494,71495,71498,71499,71500,71501,71502,1,-1,2,-2,1,3,1,-1,-3,-1,2,2,5,2,2,-2,-2,-5,-2,-2
0,1,11917,11920,35751,35752,35753,35756,35757,35758,71503,71504,71505,71506,71507,71510,71511,71512,71513,71514,1,-1,2,-2,1,3,1,-1,-3,-1,2,2,5,2,2,-2,-2,-5,-2,-2
0,1,11919,11922,35757,35758,35759,35762,35763,35764,71515,71516,71517,71518,71519,71522,71523,71524,71525,71526,1,-1,2,-2,1,3,1,-1,-3,-1,2,2,5,2,2,-2,-2,-5,-2,-2
0,1,11921,11924,35763,35764,35765,35768,35769,35770,71527,71528,71529,71530,71531,71534,71535,71536,71537,71538,1,-1,2,-2,1,3,1,-1,-3,-1,2,2,5,2,2,-2,-2,-5,-2,-2
0,1,11923,11926,35769,35770,35771,35774,35775,35776,71539,71540,71541,71542,71543,71546,71547,71548,71549,71550,1,-1,2,-2,1,3,1,-1,-3,-1,2,2,5,2,2,-2,-2,-5,-2,-2
0,1,11925,11928,35775,35776,35777,35780,35781,35782,71551,71552,71553,71554,71555,71558,71559,71560,71561,71562,1,-1,2,-2,1,3,1,-1,-3,-1,2,2,5,2,2,-2,-2,-5,-2,-2
0,1,11927,11930,35781,35782,35783,35786,35787,35788,71563,71564,71565,71566,71567,71570,71571,71572,71573,71574,1,-1,2,-2,1,3,1,-1,-3,-1,2,2,5,2,2,-2,-2,-5,-2,-2
0,1,11929,11932,35787,35788,35789,35792,35793,35794,71575,71576,71577,71578,71579,71582,71583,71584,71585,71586,1,-1,2,-2,1,3,1,-1,-3,-1,2,2,5,2,2,-2,-2,-5,-2,-2
0,1,11931,11934,35793,35794,35795,35798,35799,35800,71587,71588,71589,71590,71591,71594,71595,71596,71597,71598,1,-1,2,-2,1,3,1,-1,-3,-1,2,2,5,2,2,-2,-2,-5,-2,-2
0,1,11933,11936,35799,35800,35801,35804,35805,35806,71599,71600,71601,71602,71603,71606,71607,71608,71609,71610,1,-1,2,-2,1,3,1,-1,-3,-1,2,2,5,2,2,-2,-2,-5,-2,-2
0,1,11935,11938,35805,35806,35807,35810,35811,35812,71611,71612,71613,71614,71615,71618,71619,71620,71621,71622,1,-1,2,-2,1,3,1,-1,-3,-1,2,2,5,2,2,-2,-2,-5,-2,-2
0,1,11937,11940,35811,35812,35813,35816,35817,35818,71623,71624,71625,71626,71627,71630,71631,71632,71633,71634,1,-1,2,-2,1,3,1,-1,-3,-1,2,2,5,2,2,-2,-2,-5,-2,-2
0,1,11939,11942,35817,35818,35819,35822,35823,35824,71635,71636,71637,71638,71639,71642,71643,71644,71645,71646,1,-1,2,-2,1,3,1,-1,-3,-1,2,2,5,2,2,-2,-2,-5,-2,-2
0,1,11941,11944,35823,35824,35825,35828,35829,35830,71647,71648,71649,71650,71651,71654,71655,71656,71657,71658,1,-1,2,-2,1,3,1,-1,-3,-1,2,2,5,2,2,-2,-2,-5,-2,-2
0,1,11943,11946,35829,35830,35831,35834,35835,35836,71659,71660,71661,71662,71663,71666,71667,71668,71669,71670,1,-1,2,-2,1,3,1,-1,-3,-1,2,2,5,2,2,-2,-2,-5,-2,-2
0,1,11945,11948,35835,35836,35837,35840,35841,35842,71671,71672,71673,71674,71675,71678,71679,71680,71681,71682,1,-1,2,-2,1,3,1,-1,-3,-1,2,2,5,2,2,-2,-2,-5,-2,-2
0,1,11947,11950,35841,35842,35843,35846,35847,35848,71683,71684,71685,71686,71687,71690,71691,71692,71693,71694,1,-1,2,-2,1,3,1,-1,-3,-1,2,2,5,2,2,-2,-2,-5,-2,-2
0,1,11949,11952,35847,35848,35849,35852,35853,35854,71695,71696,71697,71698,71699,71702,71703,71704,71705,71706,1,-1,2,-2,1,3,1,-1,-3,-1,2,2,5,2,2,-2,-2,-5,-2,-2
0,1,11951,11954,35853,35854,35855,35858,35859,35860,71707,71708,71709,71710,71711,71714,71715,71716,71717,71718,1,-1,2,-2,1,3,1,-1,-3,-1,2,2,5,2,2,-2,-2,-5,-2,-2
0,1,11953,11956,35859,35860,35861,35864,35865,35866,71719,71720,71721,71722,71723,71726,71727,71728,71729,71730,1,-1,2,-2,1,3,1,-1,-3,-1,2,2,5,2,2,-2,-2,-5,-2,-2
0,1,11955,11958,35865,35866,35867,35870,35871,35872,71731,71732,71733,71734,71735,71738,71739,71740,71741,71742,1,-1,2,-2,1,3,1,-1,-3,-1,2,2,5,2,2,-2,-2,-5,-2,-2
0,1,11957,11960,35871,35872,35873,35876,35877,35878,71743,71744,71745,71746,71747,71750,71751,71752,71753,71754,1,-1,2,-2,1,3,1,-1,-3,-1,2,2,5,2,2,-2,-2,-5,-2,-2
0,1,11959,11962,35877,35878,35879,35882,35883,35884,71755,71756,71757,71758,71759,71762,71763,71764,71765,71766,1,-1,2,-2,1,3,1,-1,-3,-1,2,2,5,2,2,-2,-2,-5,-2,-2
0,1,11961,11964,35883,35884,35885,35888,35889,35890,71767,71768,71769,71770,71771,71774,71775,71776,71777,71778,1,-1,2,-2,1,3,1,-1,-3,-1,2,2,5,2,2,-2,-2,-5,-2,-2
0,1,11963,11966,35889,35890,35891,35894,35895,35896,71779,71780,71781,71782,71783,71786,71787,71788,71789,71790,1,-1,2,-2,1,3,1,-1,-3,-1,2,2,5,2,2,-2,-2,-5,-2,-2
0,1,11965,11968,35895,35896,35897,35900,35901,35902,71791,71792,71793,71794,71795,71798,71799,71800,71801,71802,1,-1,2,-2,1,3,1,-1,-3,-1,2,2,5,2,2,-2,-2,-5,-2,-2
0,1,11967,11970,35901,35902,35903,35906,35907,35908,71803,71804,71805,71806,71807,71810,71811,71812,71813,71814,1,-1,2,-2,1,3,1,-1,-3,-1,2,2,5,2,2,-2,-2,-5,-2,-2
0,1,11969,11972,35907,35908,35909,35912,35913,35914,71815,71816,71817,71818,71819,71822,71823,71824,71825,71826,1,-1,2,-2,1,3,1,-1,-3,-1,2,2,5,2,2,-2,-2,-5,-2,-2
0,1,11971,11974,35913,35914,35915,35918,35919,35920,71827,71828,71829,71830,71831,71834,71835,71836,71837,71838,1,-1,2,-2,1,3,1,-1,-3,-1,2,2,5,2,2,-2,-2,-5,-2,-2
0,1,11973,11976,35919,35920,35921,35924,35925,35926,71839,71840,71841,71842,71843,71846,71847,71848,71849,71850,1,-1,2,-2,1,3,1,-1,-3,-1,2,2,5,2,2,-2,-2,-5,-2,-2
0,1,11975,11978,35925,35926,35927,35930,35931,35932,71851,71852,71853,71854,71855,71858,71859,71860,71861,71862,1,-1,2,-2,1,3,1,-1,-3,-1,2,2,5,2,2,-2,-2,-5,-2,-2
0,1,11977,11980,35931,35932,35933,35936,35937,35938,71863,71864,71865,71866,71867,71870,71871,71872,71873,71874,1,-1,2,-2,1,3,1,-1,-3,-1,2,2,5,2,2,-2,-2,-5,-2,-2
0,1,11979,11982,35937,35938,35939,35942,35943,35944,71875,71876,71877,71878,71879,71882,71883,71884,71885,71886,1,-1,2,-2,1,3,1,-1,-3,-1,2,2,5,2,2,-2,-2,-5,-2,-2
0,1,11981,11984,35943,35944,35945,35948,35949,35950,71887,71888,71889,71890,71891,71894,71895,71896,71897,71898,1,-1,2,-2,1,3,1,-1,-3,-1,2,2,5,2,2,-2,-2,-5,-2,-2
0,1,11983,11986,35949,35950,35951,35954,35955,35956,71899,71900,71901,71902,71903,71906,71907,71908,71909,71910,1,-1,2,-2,1,3,1,-1,-3,-1,2,2,5,2,2,-2,-2,-5,-2,-2
0,1,11985,11988,35955,35956,35957,35960,35961,35962,71911,71912,71913,71914,71915,71918,71919,71920,71921,71922,1,-1,2,-2,1,3,1,-1,-3,-1,2,2,5,2,2,-2,-2,-5,-2,-2
0,1,11987,11990,35961,35962,35963,35966,35967,35968,71923,71924,71925,71926,71927,71930,71931,71932,71933,71934,1,-1,2,-2,1,3,1,-1,-3,-1,2,2,5,2,2,-2,-2,-5,-2,-2
0,1,11989,11992,35967,35968,35969,35972,35973,35974,71935,71936,71937,71938,71939,71942,71943,71944,71945,71946,1,-1,2,-2,1,3,1,-1,-3,-1,2,2,5,2,2,-2,-2,-5,-2,-2
0,1,11991,11994,35973,35974,35975,35978,35979,35980,71947,71948,71949,71950,71951,71954,71955,71956,71957,71958,1,-1,2,-2,1,3,1,-1,-3,-1,2,2,5,2,2,-2,-2,-5,-2,-2
0,1,11993,11996,35979,35980,35981,35984,35985,35986,71959,71960,71961,71962,71963,71966,71967,71968,71969,71970,1,-1,2,-2,1,3,1,-1,-3,-1,2,2,5,2,2,-2,-2,-5,-2,-2
0,1,11995,11998,35985,35986,35987,35990,35991,35992,71971,71972,71973,71974,71975,71978,71979,71980,71981,71982,1,-1,2,-2,1,3,1,-1,-3,-1,2,2,5,2,2,-2,-2,-5,-2,-2
0,1,11997,12000,35991,35992,35993,35996,35997,35998,71983,71984,71985,71986,71987,71990,71991,71992,71993,71994,1,-1,2,-2,1,3,1,-1,-3,-1,2,2,5,2,2,-2,-2,-5,-2,-2
0,1,11999,12002,35997,35998,35999,36002,36003,36004,71995,71996,71997,71998,71999,72002,72003,72004,72005,72006,1,-1,2,-2,1,3,1,-1,-3,-1,2,2,5,2,2,-2,-2,-5,-2,-2
0,1,12001,12004,36003,36004,36005,36008,36009,36010,72007,72008,72009,72010,72011,72014,72015,72016,72017,72018,1,-1,2,-2,1,3,1,-1,-3,-1,2,2,5,2,2,-2,-2,-5,-2,-2
0,1,12003,12006,36009,36010,36011,36014,36015,36016,72019,72020,72021,72022,72023,72026,72027,72028,72029,72030,1,-1,2,-2,1,3,1,-1,-3,-1,2,2,5,2,2,-2,-2,-5,-2,-2
0,1,12005,12008,36015,36016,36017,36020,36021,36022,72031,72032,72033,72034,72035,72038,72039,72040,72041,72042,1,-1,2,-2,1,3,1,-1,-3,-1,2,2,5,2,2,-2,-2,-5,-2,-2
0,1,12007,12010,36021,36022,36023,36026,36027,36028,72043,72044,72045,72046,72047,72050,72051,72052,72053,72054,1,-1,2,-2,1,3,1,-1,-3,-1,2,2,5,2,2,-2,-2,-5,-2,-2
0,1,12009,12012,36027,36028,36029,36032,36033,36034,72055,72056,72057,72058,72059,72062,72063,72064,72065,72066,1,-1,2,-2,1,3,1,-1,-3,-1,2,2,5,2,2,-2,-2,-5,-2,-2
0,1,12011,12014,36033,36034,36035,36038,36039,36040,72067,72068,72069,72070,72071,72074,72075,72076,72077,72078,1,-1,2,-2,1,3,1,-1,-3,-1,2,2,5,2,2,-2,-2,-5,-2,-2
0,1,12013,12016,36039,36040,36041,36044,36045,36046,72079,72080,72081,72082,72083,72086,72087,72088,72089,72090,1,-1,2,-2,1,3,1,-1,-3,-1,2,2,5,2,2,-2,-2,-5,-2,-2
0,1,12015,12018,36045,36046,36047,36050,36051,36052,72091,72092,72093,72094,72095,72098,72099,72100,72101,72102,1,-1,2,-2,1,3,1,-1,-3,-1,2,2,5,2,2,-2,-2,-5,-2,-2
0,1,12017,12020,36051,36052,36053,36056,36057,36058,72103,72104,72105,72106,72107,72110,72111,72112,72113,72114,1,-1,2,-2,1,3,1,-1,-3,-1,2,2,5,2,2,-2,-2,-5,-2,-2
0,1,12019,12022,36057,36058,36059,36062,36063,36064,72115,72116,72117,72118,72119,72122,72123,72124,72125,72126,1,-1,2,-2,1,3,1,-1,-3,-1,2,2,5,2,2,-2,-2,-5,-2,-2
0,1,12021,12024,36063,36064,36065,36068,36069,36070,72127,72128,72129,72130,72131,72134,72135,72136,72137,72138,1,-1,2,-2,1,3,1,-1,-3,-1,2,2,5,2,2,-2,-2,-5,-2,-2
0,1,12023,12026,36069,36070,36071,36074,36075,36076,72139,72140,72141,72142,72143,72146,72147,72148,72149,72150,1,-1,2,-2,1,3,1,-1,-3,-1,2,2,5,2,2,-2,-2,-5,-2,-2
0,1,12025,12028,36075,36076,36077,36080,36081,36082,72151,72152,72153,72154,72155,72158,72159,72160,72161,72162,1,-1,2,-2,1,3,1,-1,-3,-1,2,2,5,2,2,-2,-2,-5,-2,-2
0,1,12027,12030,36081,36082,36083,36086,36087,36088,72163,72164,72165,72166,72167,72170,72171,72172,72173,72174,1,-1,2,-2,1,3,1,-1,-3,-1,2,2,5,2,2,-2,-2,-5,-2,-2
0,1,12029,12032,36087,36088,36089,36092,36093,36094,72175,72176,72177,72178,72179,72182,72183,72184,72185,72186,1,-1,2,-2,1,3,1,-1,-3,-1,2,2,5,2,2,-2,-2,-5,-2,-2
0,1,12031,12034,36093,36094,36095,36098,36099,36100,72187,72188,72189,72190,72191,72194,72195,72196,72197,72198,1,-1,2,-2,1,3,1,-1,-3,-1,2,2,5,2,2,-2,-2,-5,-2,-2
0,1,12033,12036,36099,36100,36101,36104,36105,36106,72199,72200,72201,72202,72203,72206,72207,72208,72209,72210,1,-1,2,-2,1,3,1,-1,-3,-1,2,2,5,2,2,-2,-2,-5,-2,-2
0,1,12035,12038,36105,36106,36107,36110,36111,36112,72211,72212,72213,72214,72215,72218,72219,72220,72221,72222,1,-1,2,-2,1,3,1,-1,-3,-1,2,2,5,2,2,-2,-2,-5,-2,-2
0,1,12037,12040,36111,36112,36113,36116,36117,36118,72223,72224,72225,72226,72227,72230,72231,72232,72233,72234,1,-1,2,-2,1,3,1,-1,-3,-1,2,2,5,2,2,-2,-2,-5,-2,-2
0,1,12039,12042,36117,36118,36119,36122,36123,36124,72235,72236,72237,72238,72239,72242,72243,72244,72245,72246,1,-1,2,-2,1,3,1,-1,-3,-1,2,2,5,2,2,-2,-2,-5,-2,-2
0,1,12041,12044,36123,36124,36125,36128,36129,36130,72247,72248,72249,72250,72251,72254,72255,72256,72257,72258,1,-1,2,-2,1,3,1,-1,-3,-1,2,2,5,2,2,-2,-2,-5,-2,-2
0,1,12043,12046,36129,36130,36131,36134,36135,36136,72259,72260,72261,72262,72263,72266,72267,72268,72269,72270,1,-1,2,-2,1,3,1,-1,-3,-1,2,2,5,2,2,-2,-2,-5,-2,-2
0,1,12045,12048,36135,36136,36137,36140,36141,36142,72271,72272,72273,72274,72275,72278,72279,72280,72281,72282,1,-1,2,-2,1,3,1,-1,-3,-1,2,2,5,2,2,-2,-2,-5,-2,-2
0,1,12047,12050,36141,36142,36143,36146,36147,36148,72283,72284,72285,72286,72287,72290,72291,72292,72293,72294,1,-1,2,-2,1,3,1,-1,-3,-1,2,2,5,2,2,-2,-2,-5,-2,-2
0,1,12049,12052,36147,36148,36149,36152,36153,36154,72295,72296,72297,72298,72299,72302,72303,72304,72305,72306,1,-1,2,-2,1,3,1,-1,-3,-1,2,2,5,2,2,-2,-2,-5,-2,-2
0,1,12051,12054,36153,36154,36155,36158,36159,36160,72307,72308,72309,72310,72311,72314,72315,72316,72317,72318,1,-1,2,-2,1,3,1,-1,-3,-1,2,2,5,2,2,-2,-2,-5,-2,-2
0,1,12053,12056,36159,36160,36161,36164,36165,36166,72319,72320,72321,72322,72323,72326,72327,72328,72329,72330,1,-1,2,-2,1,3,1,-1,-3,-1,2,2,5,2,2,-2,-2,-5,-2,-2
0,1,12055,12058,36165,36166,36167,36170,36171,36172,72331,72332,72333,72334,72335,72338,72339,72340,72341,72342,1,-1,2,-2,1,3,1,-1,-3,-1,2,2,5,2,2,-2,-2,-5,-2,-2
0,1,12057,12060,36171,36172,36173,36176,36177,36178,72343,72344,72345,72346,72347,72350,72351,72352,72353,72354,1,-1,2,-2,1,3,1,-1,-3,-1,2,2,5,2,2,-2,-2,-5,-2,-2
0,1,12059,12062,36177,36178,36179,36182,36183,36184,72355,72356,72357,72358,72359,72362,72363,72364,72365,72366,1,-1,2,-2,1,3,1,-1,-3,-1,2,2,5,2,2,-2,-2,-5,-2,-2
0,1,12061,12064,36183,36184,36185,36188,36189,36190,72367,72368,72369,72370,72371,72374,72375,72376,72377,72378,1,-1,2,-2,1,3,1,-1,-3,-1,2,2,5,2,2,-2,-2,-5,-2,-2
0,1,12063,12066,36189,36190,36191,36194,36195,36196,72379,72380,72381,72382,72383,72386,72387,72388,72389,72390,1,-1,2,-2,1,3,1,-1,-3,-1,2,2,5,2,2,-2,-2,-5,-2,-2
0,1,12065,12068,36195,36196,36197,36200,36201,36202,72391,72392,72393,72394,72395,72398,72399,72400,72401,72402,1,-1,2,-2,1,3,1,-1,-3,-1,2,2,5,2,2,-2,-2,-5,-2,-2
0,1,12067,12070,36201,36202,36203,36206,36207,36208,72403,72404,72405,72406,72407,72410,72411,72412,72413,72414,1,-1,2,-2,1,3,1,-1,-3,-1,2,2,5,2,2,-2,-2,-5,-2,-2
0,1,12069,12072,36207,36208,36209,36212,36213,36214,72415,72416,72417,72418,72419,72422,72423,72424,72425,72426,1,-1,2,-2,1,3,1,-1,-3,-1,2,2,5,2,2,-2,-2,-5,-2,-2
0,1,12071,12074,36213,36214,36215,36218,36219,36220,72427,72428,72429,72430,72431,72434,72435,72436,72437,72438,1,-1,2,-2,1,3,1,-1,-3,-1,2,2,5,2,2,-2,-2,-5,-2,-2
0,1,12073,12076,36219,36220,36221,36224,36225,36226,72439,72440,72441,72442,72443,72446,72447,72448,72449,72450,1,-1,2,-2,1,3,1,-1,-3,-1,2,2,5,2,2,-2,-2,-5,-2,-2
0,1,12075,12078,36225,36226,36227,36230,36231,36232,72451,72452,72453,72454,72455,72458,72459,72460,72461,72462,1,-1,2,-2,1,3,1,-1,-3,-1,2,2,5,2,2,-2,-2,-5,-2,-2
0,1,12077,12080,36231,36232,36233,36236,36237,36238,72463,72464,72465,72466,72467,72470,72471,72472,72473,72474,1,-1,2,-2,1,3,1,-1,-3,-1,2,2,5,2,2,-2,-2,-5,-2,-2
0,1,12079,12082,36237,36238,36239,36242,36243,36244,72475,72476,72477,72478,72479,72482,72483,72484,72485,72486,1,-1,2,-2,1,3,1,-1,-3,-1,2,2,5,2,2,-2,-2,-5,-2,-2
0,1,12081,12084,36243,36244,36245,36248,36249,36250,72487,72488,72489,72490,72491,72494,72495,72496,72497,72498,1,-1,2,-2,1,3,1,-1,-3,-1,2,2,5,2,2,-2,-2,-5,-2,-2
0,1,12083,12086,36249,36250,36251,36254,36255,36256,72499,72500,72501,72502,72503,72506,72507,72508,72509,72510,1,-1,2,-2,1,3,1,-1,-3,-1,2,2,5,2,2,-2,-2,-5,-2,-2
0,1,12085,12088,36255,36256,36257,36260,36261,36262,72511,72512,72513,72514,72515,72518,72519,72520,72521,72522,1,-1,2,-2,1,3,1,-1,-3,-1,2,2,5,2,2,-2,-2,-5,-2,-2
0,1,12087,12090,36261,36262,36263,36266,36267,36268,72523,72524,72525,72526,72527,72530,72531,72532,72533,72534,1,-1,2,-2,1,3,1,-1,-3,-1,2,2,5,2,2,-2,-2,-5,-2,-2
0,1,12089,12092,36267,36268,36269,36272,36273,36274,72535,72536,72537,72538,72539,72542,72543,72544,72545,72546,1,-1,2,-2,1,3,1,-1,-3,-1,2,2,5,2,2,-2,-2,-5,-2,-2
0,1,12091,12094,36273,36274,36275,36278,36279,36280,72547,72548,72549,72550,72551,72554,72555,72556,72557,72558,1,-1,2,-2,1,3,1,-1,-3,-1,2,2,5,2,2,-2,-2,-5,-2,-2
0,1,12093,12096,36279,36280,36281,36284,36285,36286,72559,72560,72561,72562,72563,72566,72567,72568,72569,72570,1,-1,2,-2,1,3,1,-1,-3,-1,2,2,5,2,2,-2,-2,-5,-2,-2
0,1,12095,12098,36285,36286,36287,36290,36291,36292,72571,72572,72573,72574,72575,72578,72579,72580,72581,72582,1,-1,2,-2,1,3,1,-1,-3,-1,2,2,5,2,2,-2,-2,-5,-2,-2
0,1,12097,12100,36291,36292,36293,36296,36297,36298,72583,72584,72585,72586,72587,72590,72591,72592,72593,72594,1,-1,2,-2,1,3,1,-1,-3,-1,2,2,5,2,2,-2,-2,-5,-2,-2
0,1,12099,12102,36297,36298,36299,36302,36303,36304,72595,72596,72597,72598,72599,72602,72603,72604,72605,72606,1,-1,2,-2,1,3,1,-1,-3,-1,2,2,5,2,2,-2,-2,-5,-2,-2
0,1,12101,12104,36303,36304,36305,36308,36309,36310,72607,72608,72609,72610,72611,72614,72615,72616,72617,72618,1,-1,2,-2,1,3,1,-1,-3,-1,2,2,5,2,2,-2,-2,-5,-2,-2
0,1,12103,12106,36309,36310,36311,36314,36315,36316,72619,72620,72621,72622,72623,72626,72627,72628,72629,72630,1,-1,2,-2,1,3,1,-1,-3,-1,2,2,5,2,2,-2,-2,-5,-2,-2
0,1,12105,12108,36315,36316,36317,36320,36321,36322,72631,72632,72633,72634,72635,72638,72639,72640,72641,72642,1,-1,2,-2,1,3,1,-1,-3,-1,2,2,5,2,2,-2,-2,-5,-2,-2
0,1,12107,12110,36321,36322,36323,36326,36327,36328,72643,72644,72645,72646,72647,72650,72651,72652,72653,72654,1,-1,2,-2,1,3,1,-1,-3,-1,2,2,5,2,2,-2,-2,-5,-2,-2
0,1,12109,12112,36327,36328,36329,36332,36333,36334,72655,72656,72657,72658,72659,72662,72663,72664,72665,72666,1,-1,2,-2,1,3,1,-1,-3,-1,2,2,5,2,2,-2,-2,-5,-2,-2
0,1,12111,12114,36333,36334,36335,36338,36339,36340,72667,72668,72669,72670,72671,72674,72675,72676,72677,72678,1,-1,2,-2,1,3,1,-1,-3,-1,2,2,5,2,2,-2,-2,-5,-2,-2
0,1,12113,12116,36339,36340,36341,36344,36345,36346,72679,72680,72681,72682,72683,72686,72687,72688,72689,72690,1,-1,2,-2,1,3,1,-1,-3,-1,2,2,5,2,2,-2,-2,-5,-2,-2
0,1,12115,12118,36345,36346,36347,36350,36351,36352,72691,72692,72693,72694,72695,72698,72699,72700,72701,72702,1,-1,2,-2,1,3,1,-1,-3,-1,2,2,5,2,2,-2,-2,-5,-2,-2
0,1,12117,12120,36351,36352,36353,36356,36357,36358,72703,72704,72705,72706,72707,72710,72711,72712,72713,72714,1,-1,2,-2,1,3,1,-1,-3,-1,2,2,5,2,2,-2,-2,-5,-2,-2
0,1,12119,12122,36357,36358,36359,36362,36363,36364,72715,72716,72717,72718,72719,72722,72723,72724,72725,72726,1,-1,2,-2,1,3,1,-1,-3,-1,2,2,5,2,2,-2,-2,-5,-2,-2
0,1,12121,12124,36363,36364,36365,36368,36369,36370,72727,72728,72729,72730,72731,72734,72735,72736,72737,72738,1,-1,2,-2,1,3,1,-1,-3,-1,2,2,5,2,2,-2,-2,-5,-2,-2
0,1,12123,12126,36369,36370,36371,36374,36375,36376,72739,72740,72741,72742,72743,72746,72747,72748,72749,72750,1,-1,2,-2,1,3,1,-1,-3,-1,2,2,5,2,2,-2,-2,-5,-2,-2
0,1,12125,12128,36375,36376,36377,36380,36381,36382,72751,72752,72753,72754,72755,72758,72759,72760,72761,72762,1,-1,2,-2,1,3,1,-1,-3,-1,2,2,5,2,2,-2,-2,-5,-2,-2
0,1,12127,12130,36381,36382,36383,36386,36387,36388,72763,72764,72765,72766,72767,72770,72771,72772,72773,72774,1,-1,2,-2,1,3,1,-1,-3,-1,2,2,5,2,2,-2,-2,-5,-2,-2
0,1,12129,12132,36387,36388,36389,36392,36393,36394,72775,72776,72777,72778,72779,72782,72783,72784,72785,72786,1,-1,2,-2,1,3,1,-1,-3,-1,2,2,5,2,2,-2,-2,-5,-2,-2
0,1,12131,12134,36393,36394,36395,36398,36399,36400,72787,72788,72789,72790,72791,72794,72795,72796,72797,72798,1,-1,2,-2,1,3,1,-1,-3,-1,2,2,5,2,2,-2,-2,-5,-2,-2
0,1,12133,12136,36399,36400,36401,36404,36405,36406,72799,72800,72801,72802,72803,72806,72807,72808,72809,72810,1,-1,2,-2,1,3,1,-1,-3,-1,2,2,5,2,2,-2,-2,-5,-2,-2
0,1,12135,12138,36405,36406,36407,36410,36411,36412,72811,72812,72813,72814,72815,72818,72819,72820,72821,72822,1,-1,2,-2,1,3,1,-1,-3,-1,2,2,5,2,2,-2,-2,-5,-2,-2
0,1,12137,12140,36411,36412,36413,36416,36417,36418,72823,72824,72825,72826,72827,72830,72831,72832,72833,72834,1,-1,2,-2,1,3,1,-1,-3,-1,2,2,5,2,2,-2,-2,-5,-2,-2
0,1,12139,12142,36417,36418,36419,36422,36423,36424,72835,72836,72837,72838,72839,72842,72843,72844,72845,72846,1,-1,2,-2,1,3,1,-1,-3,-1,2,2,5,2,2,-2,-2,-5,-2,-2
0,1,12141,12144,36423,36424,36425,36428,36429,36430,72847,72848,72849,72850,72851,72854,72855,72856,72857,72858,1,-1,2,-2,1,3,1,-1,-3,-1,2,2,5,2,2,-2,-2,-5,-2,-2
0,1,12143,12146,36429,36430,36431,36434,36435,36436,72859,72860,72861,72862,72863,72866,72867,72868,72869,72870,1,-1,2,-2,1,3,1,-1,-3,-1,2,2,5,2,2,-2,-2,-5,-2,-2
0,1,12145,12148,36435,36436,36437,36440,36441,36442,72871,72872,72873,72874,72875,72878,72879,72880,72881,72882,1,-1,2,-2,1,3,1,-1,-3,-1,2,2,5,2,2,-2,-2,-5,-2,-2
0,1,12147,12150,36441,36442,36443,36446,36447,36448,72883,72884,72885,72886,72887,72890,72891,72892,72893,72894,1,-1,2,-2,1,3,1,-1,-3,-1,2,2,5,2,2,-2,-2,-5,-2,-2
0,1,12149,12152,36447,36448,36449,36452,36453,36454,72895,72896,72897,72898,72899,72902,72903,72904,72905,72906,1,-1,2,-2,1,3,1,-1,-3,-1,2,2,5,2,2,-2,-2,-5,-2,-2
0,1,12151,12154,36453,36454,36455,36458,36459,36460,72907,72908,72909,72910,72911,72914,72915,72916,72917,72918,1,-1,2,-2,1,3,1,-1,-3,-1,2,2,5,2,2,-2,-2,-5,-2,-2
0,1,12153,12156,36459,36460,36461,36464,36465,36466,72919,72920,72921,72922,72923,72926,72927,72928,72929,72930,1,-1,2,-2,1,3,1,-1,-3,-1,2,2,5,2,2,-2,-2,-5,-2,-2
0,1,12155,12158,36465,36466,36467,36470,36471,36472,72931,72932,72933,72934,72935,72938,72939,72940,72941,72942,1,-1,2,-2,1,3,1,-1,-3,-1,2,2,5,2,2,-2,-2,-5,-2,-2
0,1,12157,12160,36471,36472,36473,36476,36477,36478,72943,72944,72945,72946,72947,72950,72951,72952,72953,72954,1,-1,2,-2,1,3,1,-1,-3,-1,2,2,5,2,2,-2,-2,-5,-2,-2
0,1,12159,12162,36477,36478,36479,36482,36483,36484,72955,72956,72957,72958,72959,72962,72963,72964,72965,72966,1,-1,2,-2,1,3,1,-1,-3,-1,2,2,5,2,2,-2,-2,-5,-2,-2
0,1,12161,12164,36483,36484,36485,36488,36489,36490,72967,72968,72969,72970,72971,72974,72975,72976,72977,72978,1,-1,2,-2,1,3,1,-1,-3,-1,2,2,5,2,2,-2,-2,-5,-2,-2
0,1,12163,12166,36489,36490,36491,36494,36495,36496,72979,72980,72981,72982,72983,72986,72987,72988,72989,72990,1,-1,2,-2,1,3,1,-1,-3,-1,2,2,5,2,2,-2,-2,-5,-2,-2
0,1,12165,12168,36495,36496,36497,36500,36501,36502,72991,72992,72993,72994,72995,72998,72999,73000,73001,73002,1,-1,2,-2,1,3,1,-1,-3,-1,2,2,5,2,2,-2,-2,-5,-2,-2
0,1,12167,12170,36501,36502,36503,36506,36507,36508,73003,73004,73005,73006,73007,73010,73011,73012,73013,73014,1,-1,2,-2,1,3,1,-1,-3,-1,2,2,5,2,2,-2,-2,-5,-2,-2
0,1,12169,12172,36507,36508,36509,36512,36513,36514,73015,73016,73017,73018,73019,73022,73023,73024,73025,73026,1,-1,2,-2,1,3,1,-1,-3,-1,2,2,5,2,2,-2,-2,-5,-2,-2
0,1,12171,12174,36513,36514,36515,36518,36519,36520,73027,73028,73029,73030,73031,73034,73035,73036,73037,73038,1,-1,2,-2,1,3,1,-1,-3,-1,2,2,5,2,2,-2,-2,-5,-2,-2
0,1,12173,12176,36519,36520,36521,36524,36525,36526,73039,73040,73041,73042,73043,73046,73047,73048,73049,73050,1,-1,2,-2,1,3,1,-1,-3,-1,2,2,5,2,2,-2,-2,-5,-2,-2
0,1,12175,12178,36525,36526,36527,36530,36531,36532,73051,73052,73053,73054,73055,73058,73059,73060,73061,73062,1,-1,2,-2,1,3,1,-1,-3,-1,2,2,5,2,2,-2,-2,-5,-2,-2
0,1,12177,12180,36531,36532,36533,36536,36537,36538,73063,73064,73065,73066,73067,73070,73071,73072,73073,73074,1,-1,2,-2,1,3,1,-1,-3,-1,2,2,5,2,2,-2,-2,-5,-2,-2
0,1,12179,12182,36537,36538,36539,36542,36543,36544,73075,73076,73077,73078,73079,73082,73083,73084,73085,73086,1,-1,2,-2,1,3,1,-1,-3,-1,2,2,5,2,2,-2,-2,-5,-2,-2
0,1,12181,12184,36543,36544,36545,36548,36549,36550,73087,73088,73089,73090,73091,73094,73095,73096,73097,73098,1,-1,2,-2,1,3,1,-1,-3,-1,2,2,5,2,2,-2,-2,-5,-2,-2
0,1,12183,12186,36549,36550,36551,36554,36555,36556,73099,73100,73101,73102,73103,73106,73107,73108,73109,73110,1,-1,2,-2,1,3,1,-1,-3,-1,2,2,5,2,2,-2,-2,-5,-2,-2
0,1,12185,12188,36555,36556,36557,36560,36561,36562,73111,73112,73113,73114,73115,73118,73119,73120,73121,73122,1,-1,2,-2,1,3,1,-1,-3,-1,2,2,5,2,2,-2,-2,-5,-2,-2
0,1,12187,12190,36561,36562,36563,36566,36567,36568,73123,73124,73125,73126,73127,73130,73131,73132,73133,73134,1,-1,2,-2,1,3,1,-1,-3,-1,2,2,5,2,2,-2,-2,-5,-2,-2
0,1,12189,12192,36567,36568,36569,36572,36573,36574,73135,73136,73137,73138,73139,73142,73143,73144,73145,73146,1,-1,2,-2,1,3,1,-1,-3,-1,2,2,5,2,2,-2,-2,-5,-2,-2
0,1,12191,12194,36573,36574,36575,36578,36579,36580,73147,73148,73149,73150,73151,73154,73155,73156,73157,73158,1,-1,2,-2,1,3,1,-1,-3,-1,2,2,5,2,2,-2,-2,-5,-2,-2
0,1,12193,12196,36579,36580,36581,36584,36585,36586,73159,73160,73161,73162,73163,73166,73167,73168,73169,73170,1,-1,2,-2,1,3,1,-1,-3,-1,2,2,5,2,2,-2,-2,-5,-2,-2
0,1,12195,12198,36585,36586,36587,36590,36591,36592,73171,73172,73173,73174,73175,73178,73179,73180,73181,73182,1,-1,2,-2,1,3,1,-1,-3,-1,2,2,5,2,2,-2,-2,-5,-2,-2
0,1,12197,12200,36591,36592,36593,36596,36597,36598,73183,73184,73185,73186,73187,73190,73191,73192,73193,73194,1,-1,2,-2,1,3,1,-1,-3,-1,2,2,5,2,2,-2,-2,-5,-2,-2
0,1,12199,12202,36597,36598,36599,36602,36603,36604,73195,73196,73197,73198,73199,73202,73203,73204,73205,73206,1,-1,2,-2,1,3,1,-1,-3,-1,2,2,5,2,2,-2,-2,-5,-2,-2
0,1,12201,12204,36603,36604,36605,36608,36609,36610,73207,73208,73209,73210,73211,73214,73215,73216,73217,73218,1,-1,2,-2,1,3,1,-1,-3,-1,2,2,5,2,2,-2,-2,-5,-2,-2
0,1,12203,12206,36609,36610,36611,36614,36615,36616,73219,73220,73221,73222,73223,73226,73227,73228,73229,73230,1,-1,2,-2,1,3,1,-1,-3,-1,2,2,5,2,2,-2,-2,-5,-2,-2
0,1,12205,12208,36615,36616,36617,36620,36621,36622,73231,73232,73233,73234,73235,73238,73239,73240,73241,73242,1,-1,2,-2,1,3,1,-1,-3,-1,2,2,5,2,2,-2,-2,-5,-2,-2
0,1,12207,12210,36621,36622,36623,36626,36627,36628,73243,73244,73245,73246,73247,73250,73251,73252,73253,73254,1,-1,2,-2,1,3,1,-1,-3,-1,2,2,5,2,2,-2,-2,-5,-2,-2
0,1,12209,12212,36627,36628,36629,36632,36633,36634,73255,73256,73257,73258,73259,73262,73263,73264,73265,73266,1,-1,2,-2,1,3,1,-1,-3,-1,2,2,5,2,2,-2,-2,-5,-2,-2
0,1,12211,12214,36633,36634,36635,36638,36639,36640,73267,73268,73269,73270,73271,73274,73275,73276,73277,73278,1,-1,2,-2,1,3,1,-1,-3,-1,2,2,5,2,2,-2,-2,-5,-2,-2
0,1,12213,12216,36639,36640,36641,36644,36645,36646,73279,73280,73281,73282,73283,73286,73287,73288,73289,73290,1,-1,2,-2,1,3,1,-1,-3,-1,2,2,5,2,2,-2,-2,-5,-2,-2
0,1,12215,12218,36645,36646,36647,36650,36651,36652,73291,73292,73293,73294,73295,73298,73299,73300,73301,73302,1,-1,2,-2,1,3,1,-1,-3,-1,2,2,5,2,2,-2,-2,-5,-2,-2
0,1,12217,12220,36651,36652,36653,36656,36657,36658,73303,73304,73305,73306,73307,73310,73311,73312,73313,73314,1,-1,2,-2,1,3,1,-1,-3,-1,2,2,5,2,2,-2,-2,-5,-2,-2
0,1,12219,12222,36657,36658,36659,36662,36663,36664,73315,73316,73317,73318,73319,73322,73323,73324,73325,73326,1,-1,2,-2,1,3,1,-1,-3,-1,2,2,5,2,2,-2,-2,-5,-2,-2
0,1,12221,12224,36663,36664,36665,36668,36669,36670,73327,73328,73329,73330,73331,73334,73335,73336,73337,73338,1,-1,2,-2,1,3,1,-1,-3,-1,2,2,5,2,2,-2,-2,-5,-2,-2
0,1,12223,12226,36669,36670,36671,36674,36675,36676,73339,73340,73341,73342,73343,73346,73347,73348,73349,73350,1,-1,2,-2,1,3,1,-1,-3,-1,2,2,5,2,2,-2,-2,-5,-2,-2
0,1,12225,12228,36675,36676,36677,36680,36681,36682,73351,73352,73353,73354,73355,73358,73359,73360,73361,73362,1,-1,2,-2,1,3,1,-1,-3,-1,2,2,5,2,2,-2,-2,-5,-2,-2
0,1,12227,12230,36681,36682,36683,36686,36687,36688,73363,73364,73365,73366,73367,73370,73371,73372,73373,73374,1,-1,2,-2,1,3,1,-1,-3,-1,2,2,5,2,2,-2,-2,-5,-2,-2
0,1,12229,12232,36687,36688,36689,36692,36693,36694,73375,73376,73377,73378,73379,73382,73383,73384,73385,73386,1,-1,2,-2,1,3,1,-1,-3,-1,2,2,5,2,2,-2,-2,-5,-2,-2
0,1,12231,12234,36693,36694,36695,36698,36699,36700,73387,73388,73389,73390,73391,73394,73395,73396,73397,73398,1,-1,2,-2,1,3,1,-1,-3,-1,2,2,5,2,2,-2,-2,-5,-2,-2
0,1,12233,12236,36699,36700,36701,36704,36705,36706,73399,73400,73401,73402,73403,73406,73407,73408,73409,73410,1,-1,2,-2,1,3,1,-1,-3,-1,2,2,5,2,2,-2,-2,-5,-2,-2
0,1,12235,12238,36705,36706,36707,36710,36711,36712,73411,73412,73413,73414,73415,73418,73419,73420,73421,73422,1,-1,2,-2,1,3,1,-1,-3,-1,2,2,5,2,2,-2,-2,-5,-2,-2
0,1,12237,12240,36711,36712,36713,36716,36717,36718,73423,73424,73425,73426,73427,73430,73431,73432,73433,73434,1,-1,2,-2,1,3,1,-1,-3,-1,2,2,5,2,2,-2,-2,-5,-2,-2
0,1,12239,12242,36717,36718,36719,36722,36723,36724,73435,73436,73437,73438,73439,73442,73443,73444,73445,73446,1,-1,2,-2,1,3,1,-1,-3,-1,2,2,5,2,2,-2,-2,-5,-2,-2
0,1,12241,12244,36723,36724,36725,36728,36729,36730,73447,73448,73449,73450,73451,73454,73455,73456,73457,73458,1,-1,2,-2,1,3,1,-1,-3,-1,2,2,5,2,2,-2,-2,-5,-2,-2
0,1,12243,12246,36729,36730,36731,36734,36735,36736,73459,73460,73461,73462,73463,73466,73467,73468,73469,73470,1,-1,2,-2,1,3,1,-1,-3,-1,2,2,5,2,2,-2,-2,-5,-2,-2
0,1,12245,12248,36735,36736,36737,36740,36741,36742,73471,73472,73473,73474,73475,73478,73479,73480,73481,73482,1,-1,2,-2,1,3,1,-1,-3,-1,2,2,5,2,2,-2,-2,-5,-2,-2
0,1,12247,12250,36741,36742,36743,36746,36747,36748,73483,73484,73485,73486,73487,73490,73491,73492,73493,73494,1,-1,2,-2,1,3,1,-1,-3,-1,2,2,5,2,2,-2,-2,-5,-2,-2
0,1,12249,12252,36747,36748,36749,36752,36753,36754,73495,73496,73497,73498,73499,73502,73503,73504,73505,73506,1,-1,2,-2,1,3,1,-1,-3,-1,2,2,5,2,2,-2,-2,-5,-2,-2
0,1,12251,12254,36753,36754,36755,36758,36759,36760,73507,73508,73509,73510,73511,73514,73515,73516,73517,73518,1,-1,2,-2,1,3,1,-1,-3,-1,2,2,5,2,2,-2,-2,-5,-2,-2
0,1,12253,12256,36759,36760,36761,36764,36765,36766,73519,73520,73521,73522,73523,73526,73527,73528,73529,73530,1,-1,2,-2,1,3,1,-1,-3,-1,2,2,5,2,2,-2,-2,-5,-2,-2
0,1,12255,12258,36765,36766,36767,36770,36771,36772,73531,73532,73533,73534,73535,73538,73539,73540,73541,73542,1,-1,2,-2,1,3,1,-1,-3,-1,2,2,5,2,2,-2,-2,-5,-2,-2
0,1,12257,12260,36771,36772,36773,36776,36777,36778,73543,73544,73545,73546,73547,73550,73551,73552,73553,73554,1,-1,2,-2,1,3,1,-1,-3,-1,2,2,5,2,2,-2,-2,-5,-2,-2
0,1,12259,12262,36777,36778,36779,36782,36783,36784,73555,73556,73557,73558,73559,73562,73563,73564,73565,73566,1,-1,2,-2,1,3,1,-1,-3,-1,2,2,5,2,2,-2,-2,-5,-2,-2
0,1,12261,12264,36783,36784,36785,36788,36789,36790,73567,73568,73569,73570,73571,73574,73575,73576,73577,73578,1,-1,2,-2,1,3,1,-1,-3,-1,2,2,5,2,2,-2,-2,-5,-2,-2
0,1,12263,12266,36789,36790,36791,36794,36795,36796,73579,73580,73581,73582,73583,73586,73587,73588,73589,73590,1,-1,2,-2,1,3,1,-1,-3,-1,2,2,5,2,2,-2,-2,-5,-2,-2
0,1,12265,12268,36795,36796,36797,36800,36801,36802,73591,73592,73593,73594,73595,73598,73599,73600,73601,73602,1,-1,2,-2,1,3,1,-1,-3,-1,2,2,5,2,2,-2,-2,-5,-2,-2
0,1,12267,12270,36801,36802,36803,36806,36807,36808,73603,73604,73605,73606,73607,73610,73611,73612,73613,73614,1,-1,2,-2,1,3,1,-1,-3,-1,2,2,5,2,2,-2,-2,-5,-2,-2
0,1,12269,12272,36807,36808,36809,36812,36813,36814,73615,73616,73617,73618,73619,73622,73623,73624,73625,73626,1,-1,2,-2,1,3,1,-1,-3,-1,2,2,5,2,2,-2,-2,-5,-2,-2
0,1,12271,12274,36813,36814,36815,36818,36819,36820,73627,73628,73629,73630,73631,73634,73635,73636,73637,73638,1,-1,2,-2,1,3,1,-1,-3,-1,2,2,5,2,2,-2,-2,-5,-2,-2
0,1,12273,12276,36819,36820,36821,36824,36825,36826,73639,73640,73641,73642,73643,73646,73647,73648,73649,73650,1,-1,2,-2,1,3,1,-1,-3,-1,2,2,5,2,2,-2,-2,-5,-2,-2
0,1,12275,12278,36825,36826,36827,36830,36831,36832,73651,73652,73653,73654,73655,73658,73659,73660,73661,73662,1,-1,2,-2,1,3,1,-1,-3,-1,2,2,5,2,2,-2,-2,-5,-2,-2
0,1,12277,12280,36831,36832,36833,36836,36837,36838,73663,73664,73665,73666,73667,73670,73671,73672,73673,73674,1,-1,2,-2,1,3,1,-1,-3,-1,2,2,5,2,2,-2,-2,-5,-2,-2
0,1,12279,12282,36837,36838,36839,36842,36843,36844,73675,73676,73677,73678,73679,73682,73683,73684,73685,73686,1,-1,2,-2,1,3,1,-1,-3,-1,2,2,5,2,2,-2,-2,-5,-2,-2
0,1,12281,12284,36843,36844,36845,36848,36849,36850,73687,73688,73689,73690,73691,73694,73695,73696,73697,73698,1,-1,2,-2,1,3,1,-1,-3,-1,2,2,5,2,2,-2,-2,-5,-2,-2
0,1,12283,12286,36849,36850,36851,36854,36855,36856,73699,73700,73701,73702,73703,73706,73707,73708,73709,73710,1,-1,2,-2,1,3,1,-1,-3,-1,2,2,5,2,2,-2,-2,-5,-2,-2
0,1,12285,12288,36855,36856,36857,36860,36861,36862,73711,73712,73713,73714,73715,73718,73719,73720,73721,73722,1,-1,2,-2,1,3,1,-1,-3,-1,2,2,5,2,2,-2,-2,-5,-2,-2
0,1,12287,12290,36861,36862,36863,36866,36867,36868,73723,73724,73725,73726,73727,73730,73731,73732,73733,73734,1,-1,2,-2,1,3,1,-1,-3,-1,2,2,5,2,2,-2,-2,-5,-2,-2
0,1,12289,12292,36867,36868,36869,36872,36873,36874,73735,73736,73737,73738,73739,73742,73743,73744,73745,73746,1,-1,2,-2,1,3,1,-1,-3,-1,2,2,5,2,2,-2,-2,-5,-2,-2
0,1,12291,12294,36873,36874,36875,36878,36879,36880,73747,73748,73749,73750,73751,73754,73755,73756,73757,73758,1,-1,2,-2,1,3,1,-1,-3,-1,2,2,5,2,2,-2,-2,-5,-2,-2
0,1,12293,12296,36879,36880,36881,36884,36885,36886,73759,73760,73761,73762,73763,73766,73767,73768,73769,73770,1,-1,2,-2,1,3,1,-1,-3,-1,2,2,5,2,2,-2,-2,-5,-2,-2
0,1,12295,12298,36885,36886,36887,36890,36891,36892,73771,73772,73773,73774,73775,73778,73779,73780,73781,73782,1,-1,2,-2,1,3,1,-1,-3,-1,2,2,5,2,2,-2,-2,-5,-2,-2
0,1,12297,12300,36891,36892,36893,36896,36897,36898,73783,73784,73785,73786,73787,73790,73791,73792,73793,73794,1,-1,2,-2,1,3,1,-1,-3,-1,2,2,5,2,2,-2,-2,-5,-2,-2
0,1,12299,12302,36897,36898,36899,36902,36903,36904,73795,73796,73797,73798,73799,73802,73803,73804,73805,73806,1,-1,2,-2,1,3,1,-1,-3,-1,2,2,5,2,2,-2,-2,-5,-2,-2
0,1,12301,12304,36903,36904,36905,36908,36909,36910,73807,73808,73809,73810,73811,73814,73815,73816,73817,73818,1,-1,2,-2,1,3,1,-1,-3,-1,2,2,5,2,2,-2,-2,-5,-2,-2
0,1,12303,12306,36909,36910,36911,36914,36915,36916,73819,73820,73821,73822,73823,73826,73827,73828,73829,73830,1,-1,2,-2,1,3,1,-1,-3,-1,2,2,5,2,2,-2,-2,-5,-2,-2
0,1,12305,12308,36915,36916,36917,36920,36921,36922,73831,73832,73833,73834,73835,73838,73839,73840,73841,73842,1,-1,2,-2,1,3,1,-1,-3,-1,2,2,5,2,2,-2,-2,-5,-2,-2
0,1,12307,12310,36921,36922,36923,36926,36927,36928,73843,73844,73845,73846,73847,73850,73851,73852,73853,73854,1,-1,2,-2,1,3,1,-1,-3,-1,2,2,5,2,2,-2,-2,-5,-2,-2
0,1,12309,12312,36927,36928,36929,36932,36933,36934,73855,73856,73857,73858,73859,73862,73863,73864,73865,73866,1,-1,2,-2,1,3,1,-1,-3,-1,2,2,5,2,2,-2,-2,-5,-2,-2
0,1,12311,12314,36933,36934,36935,36938,36939,36940,73867,73868,73869,73870,73871,73874,73875,73876,73877,73878,1,-1,2,-2,1,3,1,-1,-3,-1,2,2,5,2,2,-2,-2,-5,-2,-2
0,1,12313,12316,36939,36940,36941,36944,36945,36946,73879,73880,73881,73882,73883,73886,73887,73888,73889,73890,1,-1,2,-2,1,3,1,-1,-3,-1,2,2,5,2,2,-2,-2,-5,-2,-2
0,1,12315,12318,36945,36946,36947,36950,36951,36952,73891,73892,73893,73894,73895,73898,73899,73900,73901,73902,1,-1,2,-2,1,3,1,-1,-3,-1,2,2,5,2,2,-2,-2,-5,-2,-2
0,1,12317,12320,36951,36952,36953,36956,36957,36958,73903,73904,73905,73906,73907,73910,73911,73912,73913,73914,1,-1,2,-2,1,3,1,-1,-3,-1,2,2,5,2,2,-2,-2,-5,-2,-2
0,1,12319,12322,36957,36958,36959,36962,36963,36964,73915,73916,73917,73918,73919,73922,73923,73924,73925,73926,1,-1,2,-2,1,3,1,-1,-3,-1,2,2,5,2,2,-2,-2,-5,-2,-2
0,1,12321,12324,36963,36964,36965,36968,36969,36970,73927,73928,73929,73930,73931,73934,73935,73936,73937,73938,1,-1,2,-2,1,3,1,-1,-3,-1,2,2,5,2,2,-2,-2,-5,-2,-2
0,1,12323,12326,36969,36970,36971,36974,36975,36976,73939,73940,73941,73942,73943,73946,73947,73948,73949,73950,1,-1,2,-2,1,3,1,-1,-3,-1,2,2,5,2,2,-2,-2,-5,-2,-2
0,1,12325,12328,36975,36976,36977,36980,36981,36982,73951,73952,73953,73954,73955,73958,73959,73960,73961,73962,1,-1,2,-2,1,3,1,-1,-3,-1,2,2,5,2,2,-2,-2,-5,-2,-2
0,1,12327,12330,36981,36982,36983,36986,36987,36988,73963,73964,73965,73966,73967,73970,73971,73972,73973,73974,1,-1,2,-2,1,3,1,-1,-3,-1,2,2,5,2,2,-2,-2,-5,-2,-2
0,1,12329,12332,36987,36988,36989,36992,36993,36994,73975,73976,73977,73978,73979,73982,73983,73984,73985,73986,1,-1,2,-2,1,3,1,-1,-3,-1,2,2,5,2,2,-2,-2,-5,-2,-2
0,1,12331,12334,36993,36994,36995,36998,36999,37000,73987,73988,73989,73990,73991,73994,73995,73996,73997,73998,1,-1,2,-2,1,3,1,-1,-3,-1,2,2,5,2,2,-2,-2,-5,-2,-2
0,1,12333,12336,36999,37000,37001,37004,37005,37006,73999,74000,74001,74002,74003,74006,74007,74008,74009,74010,1,-1,2,-2,1,3,1,-1,-3,-1,2,2,5,2,2,-2,-2,-5,-2,-2
0,1,12335,12338,37005,37006,37007,37010,37011,37012,74011,74012,74013,74014,74015,74018,74019,74020,74021,74022,1,-1,2,-2,1,3,1,-1,-3,-1,2,2,5,2,2,-2,-2,-5,-2,-2
0,1,12337,12340,37011,37012,37013,37016,37017,37018,74023,74024,74025,74026,74027,74030,74031,74032,74033,74034,1,-1,2,-2,1,3,1,-1,-3,-1,2,2,5,2,2,-2,-2,-5,-2,-2
0,1,12339,12342,37017,37018,37019,37022,37023,37024,74035,74036,74037,74038,74039,74042,74043,74044,74045,74046,1,-1,2,-2,1,3,1,-1,-3,-1,2,2,5,2,2,-2,-2,-5,-2,-2
0,1,12341,12344,37023,37024,37025,37028,37029,37030,74047,74048,74049,74050,74051,74054,74055,74056,74057,74058,1,-1,2,-2,1,3,1,-1,-3,-1,2,2,5,2,2,-2,-2,-5,-2,-2
0,1,12343,12346,37029,37030,37031,37034,37035,37036,74059,74060,74061,74062,74063,74066,74067,74068,74069,74070,1,-1,2,-2,1,3,1,-1,-3,-1,2,2,5,2,2,-2,-2,-5,-2,-2
0,1,12345,12348,37035,37036,37037,37040,37041,37042,74071,74072,74073,74074,74075,74078,74079,74080,74081,74082,1,-1,2,-2,1,3,1,-1,-3,-1,2,2,5,2,2,-2,-2,-5,-2,-2
0,1,12347,12350,37041,37042,37043,37046,37047,37048,74083,74084,74085,74086,74087,74090,74091,74092,74093,74094,1,-1,2,-2,1,3,1,-1,-3,-1,2,2,5,2,2,-2,-2,-5,-2,-2
0,1,12349,12352,37047,37048,37049,37052,37053,37054,74095,74096,74097,74098,74099,74102,74103,74104,74105,74106,1,-1,2,-2,1,3,1,-1,-3,-1,2,2,5,2,2,-2,-2,-5,-2,-2
0,1,12351,12354,37053,37054,37055,37058,37059,37060,74107,74108,74109,74110,74111,74114,74115,74116,74117,74118,1,-1,2,-2,1,3,1,-1,-3,-1,2,2,5,2,2,-2,-2,-5,-2,-2
0,1,12353,12356,37059,37060,37061,37064,37065,37066,74119,74120,74121,74122,74123,74126,74127,74128,74129,74130,1,-1,2,-2,1,3,1,-1,-3,-1,2,2,5,2,2,-2,-2,-5,-2,-2
0,1,12355,12358,37065,37066,37067,37070,37071,37072,74131,74132,74133,74134,74135,74138,74139,74140,74141,74142,1,-1,2,-2,1,3,1,-1,-3,-1,2,2,5,2,2,-2,-2,-5,-2,-2
0,1,12357,12360,37071,37072,37073,37076,37077,37078,74143,74144,74145,74146,74147,74150,74151,74152,74153,74154,1,-1,2,-2,1,3,1,-1,-3,-1,2,2,5,2,2,-2,-2,-5,-2,-2
0,1,12359,12362,37077,37078,37079,37082,37083,37084,74155,74156,74157,74158,74159,74162,74163,74164,74165,74166,1,-1,2,-2,1,3,1,-1,-3,-1,2,2,5,2,2,-2,-2,-5,-2,-2
0,1,12361,12364,37083,37084,37085,37088,37089,37090,74167,74168,74169,74170,74171,74174,74175,74176,74177,74178,1,-1,2,-2,1,3,1,-1,-3,-1,2,2,5,2,2,-2,-2,-5,-2,-2
0,1,12363,12366,37089,37090,37091,37094,37095,37096,74179,74180,74181,74182,74183,74186,74187,74188,74189,74190,1,-1,2,-2,1,3,1,-1,-3,-1,2,2,5,2,2,-2,-2,-5,-2,-2
0,1,12365,12368,37095,37096,37097,37100,37101,37102,74191,74192,74193,74194,74195,74198,74199,74200,74201,74202,1,-1,2,-2,1,3,1,-1,-3,-1,2,2,5,2,2,-2,-2,-5,-2,-2
0,1,12367,12370,37101,37102,37103,37106,37107,37108,74203,74204,74205,74206,74207,74210,74211,74212,74213,74214,1,-1,2,-2,1,3,1,-1,-3,-1,2,2,5,2,2,-2,-2,-5,-2,-2
0,1,12369,12372,37107,37108,37109,37112,37113,37114,74215,74216,74217,74218,74219,74222,74223,74224,74225,74226,1,-1,2,-2,1,3,1,-1,-3,-1,2,2,5,2,2,-2,-2,-5,-2,-2
0,1,12371,12374,37113,37114,37115,37118,37119,37120,74227,74228,74229,74230,74231,74234,74235,74236,74237,74238,1,-1,2,-2,1,3,1,-1,-3,-1,2,2,5,2,2,-2,-2,-5,-2,-2
0,1,12373,12376,37119,37120,37121,37124,37125,37126,74239,74240,74241,74242,74243,74246,74247,74248,74249,74250,1,-1,2,-2,1,3,1,-1,-3,-1,2,2,5,2,2,-2,-2,-5,-2,-2
0,1,12375,12378,37125,37126,37127,37130,37131,37132,74251,74252,74253,74254,74255,74258,74259,74260,74261,74262,1,-1,2,-2,1,3,1,-1,-3,-1,2,2,5,2,2,-2,-2,-5,-2,-2
0,1,12377,12380,37131,37132,37133,37136,37137,37138,74263,74264,74265,74266,74267,74270,74271,74272,74273,74274,1,-1,2,-2,1,3,1,-1,-3,-1,2,2,5,2,2,-2,-2,-5,-2,-2
0,1,12379,12382,37137,37138,37139,37142,37143,37144,74275,74276,74277,74278,74279,74282,74283,74284,74285,74286,1,-1,2,-2,1,3,1,-1,-3,-1,2,2,5,2,2,-2,-2,-5,-2,-2
0,1,12381,12384,37143,37144,37145,37148,37149,37150,74287,74288,74289,74290,74291,74294,74295,74296,74297,74298,1,-1,2,-2,1,3,1,-1,-3,-1,2,2,5,2,2,-2,-2,-5,-2,-2
0,1,12383,12386,37149,37150,37151,37154,37155,37156,74299,74300,74301,74302,74303,74306,74307,74308,74309,74310,1,-1,2,-2,1,3,1,-1,-3,-1,2,2,5,2,2,-2,-2,-5,-2,-2
0,1,12385,12388,37155,37156,37157,37160,37161,37162,74311,74312,74313,74314,74315,74318,74319,74320,74321,74322,1,-1,2,-2,1,3,1,-1,-3,-1,2,2,5,2,2,-2,-2,-5,-2,-2
0,1,12387,12390,37161,37162,37163,37166,37167,37168,74323,74324,74325,74326,74327,74330,74331,74332,74333,74334,1,-1,2,-2,1,3,1,-1,-3,-1,2,2,5,2,2,-2,-2,-5,-2,-2
0,1,12389,12392,37167,37168,37169,37172,37173,37174,74335,74336,74337,74338,74339,74342,74343,74344,74345,74346,1,-1,2,-2,1,3,1,-1,-3,-1,2,2,5,2,2,-2,-2,-5,-2,-2
0,1,12391,12394,37173,37174,37175,37178,37179,37180,74347,74348,74349,74350,74351,74354,74355,74356,74357,74358,1,-1,2,-2,1,3,1,-1,-3,-1,2,2,5,2,2,-2,-2,-5,-2,-2
0,1,12393,12396,37179,37180,37181,37184,37185,37186,74359,74360,74361,74362,74363,74366,74367,74368,74369,74370,1,-1,2,-2,1,3,1,-1,-3,-1,2,2,5,2,2,-2,-2,-5,-2,-2
0,1,12395,12398,37185,37186,37187,37190,37191,37192,74371,74372,74373,74374,74375,74378,74379,74380,74381,74382,1,-1,2,-2,1,3,1,-1,-3,-1,2,2,5,2,2,-2,-2,-5,-2,-2
0,1,12397,12400,37191,37192,37193,37196,37197,37198,74383,74384,74385,74386,74387,74390,74391,74392,74393,74394,1,-1,2,-2,1,3,1,-1,-3,-1,2,2,5,2,2,-2,-2,-5,-2,-2
0,1,12399,12402,37197,37198,37199,37202,37203,37204,74395,74396,74397,74398,74399,74402,74403,74404,74405,74406,1,-1,2,-2,1,3,1,-1,-3,-1,2,2,5,2,2,-2,-2,-5,-2,-2
0,1,12401,12404,37203,37204,37205,37208,37209,37210,74407,74408,74409,74410,74411,74414,74415,74416,74417,74418,1,-1,2,-2,1,3,1,-1,-3,-1,2,2,5,2,2,-2,-2,-5,-2,-2
0,1,12403,12406,37209,37210,37211,37214,37215,37216,74419,74420,74421,74422,74423,74426,74427,74428,74429,74430,1,-1,2,-2,1,3,1,-1,-3,-1,2,2,5,2,2,-2,-2,-5,-2,-2
0,1,12405,12408,37215,37216,37217,37220,37221,37222,74431,74432,74433,74434,74435,74438,74439,74440,74441,74442,1,-1,2,-2,1,3,1,-1,-3,-1,2,2,5,2,2,-2,-2,-5,-2,-2
0,1,12407,12410,37221,37222,37223,37226,37227,37228,74443,74444,74445,74446,74447,74450,74451,74452,74453,74454,1,-1,2,-2,1,3,1,-1,-3,-1,2,2,5,2,2,-2,-2,-5,-2,-2
0,1,12409,12412,37227,37228,37229,37232,37233,37234,74455,74456,74457,74458,74459,74462,74463,74464,74465,74466,1,-1,2,-2,1,3,1,-1,-3,-1,2,2,5,2,2,-2,-2,-5,-2,-2
0,1,12411,12414,37233,37234,37235,37238,37239,37240,74467,74468,74469,74470,74471,74474,74475,74476,74477,74478,1,-1,2,-2,1,3,1,-1,-3,-1,2,2,5,2,2,-2,-2,-5,-2,-2
0,1,12413,12416,37239,37240,37241,37244,37245,37246,74479,74480,74481,74482,74483,74486,74487,74488,74489,74490,1,-1,2,-2,1,3,1,-1,-3,-1,2,2,5,2,2,-2,-2,-5,-2,-2
0,1,12415,12418,37245,37246,37247,37250,37251,37252,74491,74492,74493,74494,74495,74498,74499,74500,74501,74502,1,-1,2,-2,1,3,1,-1,-3,-1,2,2,5,2,2,-2,-2,-5,-2,-2
0,1,12417,12420,37251,37252,37253,37256,37257,37258,74503,74504,74505,74506,74507,74510,74511,74512,74513,74514,1,-1,2,-2,1,3,1,-1,-3,-1,2,2,5,2,2,-2,-2,-5,-2,-2
0,1,12419,12422,37257,37258,37259,37262,37263,37264,74515,74516,74517,74518,74519,74522,74523,74524,74525,74526,1,-1,2,-2,1,3,1,-1,-3,-1,2,2,5,2,2,-2,-2,-5,-2,-2
0,1,12421,12424,37263,37264,37265,37268,37269,37270,74527,74528,74529,74530,74531,74534,74535,74536,74537,74538,1,-1,2,-2,1,3,1,-1,-3,-1,2,2,5,2,2,-2,-2,-5,-2,-2
0,1,12423,12426,37269,37270,37271,37274,37275,37276,74539,74540,74541,74542,74543,74546,74547,74548,74549,74550,1,-1,2,-2,1,3,1,-1,-3,-1,2,2,5,2,2,-2,-2,-5,-2,-2
0,1,12425,12428,37275,37276,37277,37280,37281,37282,74551,74552,74553,74554,74555,74558,74559,74560,74561,74562,1,-1,2,-2,1,3,1,-1,-3,-1,2,2,5,2,2,-2,-2,-5,-2,-2
0,1,12427,12430,37281,37282,37283,37286,37287,37288,74563,74564,74565,74566,74567,74570,74571,74572,74573,74574,1,-1,2,-2,1,3,1,-1,-3,-1,2,2,5,2,2,-2,-2,-5,-2,-2
0,1,12429,12432,37287,37288,37289,37292,37293,37294,74575,74576,74577,74578,74579,74582,74583,74584,74585,74586,1,-1,2,-2,1,3,1,-1,-3,-1,2,2,5,2,2,-2,-2,-5,-2,-2
0,1,12431,12434,37293,37294,37295,37298,37299,37300,74587,74588,74589,74590,74591,74594,74595,74596,74597,74598,1,-1,2,-2,1,3,1,-1,-3,-1,2,2,5,2,2,-2,-2,-5,-2,-2
0,1,12433,12436,37299,37300,37301,37304,37305,37306,74599,74600,74601,74602,74603,74606,74607,74608,74609,74610,1,-1,2,-2,1,3,1,-1,-3,-1,2,2,5,2,2,-2,-2,-5,-2,-2
0,1,12435,12438,37305,37306,37307,37310,37311,37312,74611,74612,74613,74614,74615,74618,74619,74620,74621,74622,1,-1,2,-2,1,3,1,-1,-3,-1,2,2,5,2,2,-2,-2,-5,-2,-2
0,1,12437,12440,37311,37312,37313,37316,37317,37318,74623,74624,74625,74626,74627,74630,74631,74632,74633,74634,1,-1,2,-2,1,3,1,-1,-3,-1,2,2,5,2,2,-2,-2,-5,-2,-2
0,1,12439,12442,37317,37318,37319,37322,37323,37324,74635,74636,74637,74638,74639,74642,74643,74644,74645,74646,1,-1,2,-2,1,3,1,-1,-3,-1,2,2,5,2,2,-2,-2,-5,-2,-2
0,1,12441,12444,37323,37324,37325,37328,37329,37330,74647,74648,74649,74650,74651,74654,74655,74656,74657,74658,1,-1,2,-2,1,3,1,-1,-3,-1,2,2,5,2,2,-2,-2,-5,-2,-2
0,1,12443,12446,37329,37330,37331,37334,37335,37336,74659,74660,74661,74662,74663,74666,74667,74668,74669,74670,1,-1,2,-2,1,3,1,-1,-3,-1,2,2,5,2,2,-2,-2,-5,-2,-2
0,1,12445,12448,37335,37336,37337,37340,37341,37342,74671,74672,74673,74674,74675,74678,74679,74680,74681,74682,1,-1,2,-2,1,3,1,-1,-3,-1,2,2,5,2,2,-2,-2,-5,-2,-2
0,1,12447,12450,37341,37342,37343,37346,37347,37348,74683,74684,74685,74686,74687,74690,74691,74692,74693,74694,1,-1,2,-2,1,3,1,-1,-3,-1,2,2,5,2,2,-2,-2,-5,-2,-2
0,1,12449,12452,37347,37348,37349,37352,37353,37354,74695,74696,74697,74698,74699,74702,74703,74704,74705,74706,1,-1,2,-2,1,3,1,-1,-3,-1,2,2,5,2,2,-2,-2,-5,-2,-2
0,1,12451,12454,37353,37354,37355,37358,37359,37360,74707,74708,74709,74710,74711,74714,74715,74716,74717,74718,1,-1,2,-2,1,3,1,-1,-3,-1,2,2,5,2,2,-2,-2,-5,-2,-2
0,1,12453,12456,37359,37360,37361,37364,37365,37366,74719,74720,74721,74722,74723,74726,74727,74728,74729,74730,1,-1,2,-2,1,3,1,-1,-3,-1,2,2,5,2,2,-2,-2,-5,-2,-2
0,1,12455,12458,37365,37366,37367,37370,37371,37372,74731,74732,74733,74734,74735,74738,74739,74740,74741,74742,1,-1,2,-2,1,3,1,-1,-3,-1,2,2,5,2,2,-2,-2,-5,-2,-2
0,1,12457,12460,37371,37372,37373,37376,37377,37378,74743,74744,74745,74746,74747,74750,74751,74752,74753,74754,1,-1,2,-2,1,3,1,-1,-3,-1,2,2,5,2,2,-2,-2,-5,-2,-2
0,1,12459,12462,37377,37378,37379,37382,37383,37384,74755,74756,74757,74758,74759,74762,74763,74764,74765,74766,1,-1,2,-2,1,3,1,-1,-3,-1,2,2,5,2,2,-2,-2,-5,-2,-2
0,1,12461,12464,37383,37384,37385,37388,37389,37390,74767,74768,74769,74770,74771,74774,74775,74776,74777,74778,1,-1,2,-2,1,3,1,-1,-3,-1,2,2,5,2,2,-2,-2,-5,-2,-2
0,1,12463,12466,37389,37390,37391,37394,37395,37396,74779,74780,74781,74782,74783,74786,74787,74788,74789,74790,1,-1,2,-2,1,3,1,-1,-3,-1,2,2,5,2,2,-2,-2,-5,-2,-2
0,1,12465,12468,37395,37396,37397,37400,37401,37402,74791,74792,74793,74794,74795,74798,74799,74800,74801,74802,1,-1,2,-2,1,3,1,-1,-3,-1,2,2,5,2,2,-2,-2,-5,-2,-2
0,1,12467,12470,37401,37402,37403,37406,37407,37408,74803,74804,74805,74806,74807,74810,74811,74812,74813,74814,1,-1,2,-2,1,3,1,-1,-3,-1,2,2,5,2,2,-2,-2,-5,-2,-2
0,1,12469,12472,37407,37408,37409,37412,37413,37414,74815,74816,74817,74818,74819,74822,74823,74824,74825,74826,1,-1,2,-2,1,3,1,-1,-3,-1,2,2,5,2,2,-2,-2,-5,-2,-2
0,1,12471,12474,37413,37414,37415,37418,37419,37420,74827,74828,74829,74830,74831,74834,74835,74836,74837,74838,1,-1,2,-2,1,3,1,-1,-3,-1,2,2,5,2,2,-2,-2,-5,-2,-2
0,1,12473,12476,37419,37420,37421,37424,37425,37426,74839,74840,74841,74842,74843,74846,74847,74848,74849,74850,1,-1,2,-2,1,3,1,-1,-3,-1,2,2,5,2,2,-2,-2,-5,-2,-2
0,1,12475,12478,37425,37426,37427,37430,37431,37432,74851,74852,74853,74854,74855,74858,74859,74860,74861,74862,1,-1,2,-2,1,3,1,-1,-3,-1,2,2,5,2,2,-2,-2,-5,-2,-2
0,1,12477,12480,37431,37432,37433,37436,37437,37438,74863,74864,74865,74866,74867,74870,74871,74872,74873,74874,1,-1,2,-2,1,3,1,-1,-3,-1,2,2,5,2,2,-2,-2,-5,-2,-2
0,1,12479,12482,37437,37438,37439,37442,37443,37444,74875,74876,74877,74878,74879,74882,74883,74884,74885,74886,1,-1,2,-2,1,3,1,-1,-3,-1,2,2,5,2,2,-2,-2,-5,-2,-2
0,1,12481,12484,37443,37444,37445,37448,37449,37450,74887,74888,74889,74890,74891,74894,74895,74896,74897,74898,1,-1,2,-2,1,3,1,-1,-3,-1,2,2,5,2,2,-2,-2,-5,-2,-2
0,1,12483,12486,37449,37450,37451,37454,37455,37456,74899,74900,74901,74902,74903,74906,74907,74908,74909,74910,1,-1,2,-2,1,3,1,-1,-3,-1,2,2,5,2,2,-2,-2,-5,-2,-2
0,1,12485,12488,37455,37456,37457,37460,37461,37462,74911,74912,74913,74914,74915,74918,74919,74920,74921,74922,1,-1,2,-2,1,3,1,-1,-3,-1,2,2,5,2,2,-2,-2,-5,-2,-2
0,1,12487,12490,37461,37462,37463,37466,37467,37468,74923,74924,74925,74926,74927,74930,74931,74932,74933,74934,1,-1,2,-2,1,3,1,-1,-3,-1,2,2,5,2,2,-2,-2,-5,-2,-2
0,1,12489,12492,37467,37468,37469,37472,37473,37474,74935,74936,74937,74938,74939,74942,74943,74944,74945,74946,1,-1,2,-2,1,3,1,-1,-3,-1,2,2,5,2,2,-2,-2,-5,-2,-2
0,1,12491,12494,37473,37474,37475,37478,37479,37480,74947,74948,74949,74950,74951,74954,74955,74956,74957,74958,1,-1,2,-2,1,3,1,-1,-3,-1,2,2,5,2,2,-2,-2,-5,-2,-2
0,1,12493,12496,37479,37480,37481,37484,37485,37486,74959,74960,74961,74962,74963,74966,74967,74968,74969,74970,1,-1,2,-2,1,3,1,-1,-3,-1,2,2,5,2,2,-2,-2,-5,-2,-2
0,1,12495,12498,37485,37486,37487,37490,37491,37492,74971,74972,74973,74974,74975,74978,74979,74980,74981,74982,1,-1,2,-2,1,3,1,-1,-3,-1,2,2,5,2,2,-2,-2,-5,-2,-2
0,1,12497,12500,37491,37492,37493,37496,37497,37498,74983,74984,74985,74986,74987,74990,74991,74992,74993,74994,1,-1,2,-2,1,3,1,-1,-3,-1,2,2,5,2,2,-2,-2,-5,-2,-2
0,1,12499,12502,37497,37498,37499,37502,37503,37504,74995,74996,74997,74998,74999,75002,75003,75004,75005,75006,1,-1,2,-2,1,3,1,-1,-3,-1,2,2,5,2,2,-2,-2,-5,-2,-2
0,1,12501,12504,37503,37504,37505,37508,37509,37510,75007,75008,75009,75010,75011,75014,75015,75016,75017,75018,1,-1,2,-2,1,3,1,-1,-3,-1,2,2,5,2,2,-2,-2,-5,-2,-2
0,1,12503,12506,37509,37510,37511,37514,37515,37516,75019,75020,75021,75022,75023,75026,75027,75028,75029,75030,1,-1,2,-2,1,3,1,-1,-3,-1,2,2,5,2,2,-2,-2,-5,-2,-2
0,1,12505,12508,37515,37516,37517,37520,37521,37522,75031,75032,75033,75034,75035,75038,75039,75040,75041,75042,1,-1,2,-2,1,3,1,-1,-3,-1,2,2,5,2,2,-2,-2,-5,-2,-2
0,1,12507,12510,37521,37522,37523,37526,37527,37528,75043,75044,75045,75046,75047,75050,75051,75052,75053,75054,1,-1,2,-2,1,3,1,-1,-3,-1,2,2,5,2,2,-2,-2,-5,-2,-2
0,1,12509,12512,37527,37528,37529,37532,37533,37534,75055,75056,75057,75058,75059,75062,75063,75064,75065,75066,1,-1,2,-2,1,3,1,-1,-3,-1,2,2,5,2,2,-2,-2,-5,-2,-2
0,1,12511,12514,37533,37534,37535,37538,37539,37540,75067,75068,75069,75070,75071,75074,75075,75076,75077,75078,1,-1,2,-2,1,3,1,-1,-3,-1,2,2,5,2,2,-2,-2,-5,-2,-2
0,1,12513,12516,37539,37540,37541,37544,37545,37546,75079,75080,75081,75082,75083,75086,75087,75088,75089,75090,1,-1,2,-2,1,3,1,-1,-3,-1,2,2,5,2,2,-2,-2,-5,-2,-2
0,1,12515,12518,37545,37546,37547,37550,37551,37552,75091,75092,75093,75094,75095,75098,75099,75100,75101,75102,1,-1,2,-2,1,3,1,-1,-3,-1,2,2,5,2,2,-2,-2,-5,-2,-2
0,1,12517,12520,37551,37552,37553,37556,37557,37558,75103,75104,75105,75106,75107,75110,75111,75112,75113,75114,1,-1,2,-2,1,3,1,-1,-3,-1,2,2,5,2,2,-2,-2,-5,-2,-2
0,1,12519,12522,37557,37558,37559,37562,37563,37564,75115,75116,75117,75118,75119,75122,75123,75124,75125,75126,1,-1,2,-2,1,3,1,-1,-3,-1,2,2,5,2,2,-2,-2,-5,-2,-2
0,1,12521,12524,37563,37564,37565,37568,37569,37570,75127,75128,75129,75130,75131,75134,75135,75136,75137,75138,1,-1,2,-2,1,3,1,-1,-3,-1,2,2,5,2,2,-2,-2,-5,-2,-2
0,1,12523,12526,37569,37570,37571,37574,37575,37576,75139,75140,75141,75142,75143,75146,75147,75148,75149,75150,1,-1,2,-2,1,3,1,-1,-3,-1,2,2,5,2,2,-2,-2,-5,-2,-2
0,1,12525,12528,37575,37576,37577,37580,37581,37582,75151,75152,75153,75154,75155,75158,75159,75160,75161,75162,1,-1,2,-2,1,3,1,-1,-3,-1,2,2,5,2,2,-2,-2,-5,-2,-2
0,1,12527,12530,37581,37582,37583,37586,37587,37588,75163,75164,75165,75166,75167,75170,75171,75172,75173,75174,1,-1,2,-2,1,3,1,-1,-3,-1,2,2,5,2,2,-2,-2,-5,-2,-2
0,1,12529,12532,37587,37588,37589,37592,37593,37594,75175,75176,75177,75178,75179,75182,75183,75184,75185,75186,1,-1,2,-2,1,3,1,-1,-3,-1,2,2,5,2,2,-2,-2,-5,-2,-2
0,1,12531,12534,37593,37594,37595,37598,37599,37600,75187,75188,75189,75190,75191,75194,75195,75196,75197,75198,1,-1,2,-2,1,3,1,-1,-3,-1,2,2,5,2,2,-2,-2,-5,-2,-2
0,1,12533,12536,37599,37600,37601,37604,37605,37606,75199,75200,75201,75202,75203,75206,75207,75208,75209,75210,1,-1,2,-2,1,3,1,-1,-3,-1,2,2,5,2,2,-2,-2,-5,-2,-2
0,1,12535,12538,37605,37606,37607,37610,37611,37612,75211,75212,75213,75214,75215,75218,75219,75220,75221,75222,1,-1,2,-2,1,3,1,-1,-3,-1,2,2,5,2,2,-2,-2,-5,-2,-2
0,1,12537,12540,37611,37612,37613,37616,37617,37618,75223,75224,75225,75226,75227,75230,75231,75232,75233,75234,1,-1,2,-2,1,3,1,-1,-3,-1,2,2,5,2,2,-2,-2,-5,-2,-2
0,1,12539,12542,37617,37618,37619,37622,37623,37624,75235,75236,75237,75238,75239,75242,75243,75244,75245,75246,1,-1,2,-2,1,3,1,-1,-3,-1,2,2,5,2,2,-2,-2,-5,-2,-2
0,1,12541,12544,37623,37624,37625,37628,37629,37630,75247,75248,75249,75250,75251,75254,75255,75256,75257,75258,1,-1,2,-2,1,3,1,-1,-3,-1,2,2,5,2,2,-2,-2,-5,-2,-2
0,1,12543,12546,37629,37630,37631,37634,37635,37636,75259,75260,75261,75262,75263,75266,75267,75268,75269,75270,1,-1,2,-2,1,3,1,-1,-3,-1,2,2,5,2,2,-2,-2,-5,-2,-2
0,1,12545,12548,37635,37636,37637,37640,37641,37642,75271,75272,75273,75274,75275,75278,75279,75280,75281,75282,1,-1,2,-2,1,3,1,-1,-3,-1,2,2,5,2,2,-2,-2,-5,-2,-2
0,1,12547,12550,37641,37642,37643,37646,37647,37648,75283,75284,75285,75286,75287,75290,75291,75292,75293,75294,1,-1,2,-2,1,3,1,-1,-3,-1,2,2,5,2,2,-2,-2,-5,-2,-2
0,1,12549,12552,37647,37648,37649,37652,37653,37654,75295,75296,75297,75298,75299,75302,75303,75304,75305,75306,1,-1,2,-2,1,3,1,-1,-3,-1,2,2,5,2,2,-2,-2,-5,-2,-2
0,1,12551,12554,37653,37654,37655,37658,37659,37660,75307,75308,75309,75310,75311,75314,75315,75316,75317,75318,1,-1,2,-2,1,3,1,-1,-3,-1,2,2,5,2,2,-2,-2,-5,-2,-2
0,1,12553,12556,37659,37660,37661,37664,37665,37666,75319,75320,75321,75322,75323,75326,75327,75328,75329,75330,1,-1,2,-2,1,3,1,-1,-3,-1,2,2,5,2,2,-2,-2,-5,-2,-2
0,1,12555,12558,37665,37666,37667,37670,37671,37672,75331,75332,75333,75334,75335,75338,75339,75340,75341,75342,1,-1,2,-2,1,3,1,-1,-3,-1,2,2,5,2,2,-2,-2,-5,-2,-2
0,1,12557,12560,37671,37672,37673,37676,37677,37678,75343,75344,75345,75346,75347,75350,75351,75352,75353,75354,1,-1,2,-2,1,3,1,-1,-3,-1,2,2,5,2,2,-2,-2,-5,-2,-2
0,1,12559,12562,37677,37678,37679,37682,37683,37684,75355,75356,75357,75358,75359,75362,75363,75364,75365,75366,1,-1,2,-2,1,3,1,-1,-3,-1,2,2,5,2,2,-2,-2,-5,-2,-2
0,1,12561,12564,37683,37684,37685,37688,37689,37690,75367,75368,75369,75370,75371,75374,75375,75376,75377,75378,1,-1,2,-2,1,3,1,-1,-3,-1,2,2,5,2,2,-2,-2,-5,-2,-2
0,1,12563,12566,37689,37690,37691,37694,37695,37696,75379,75380,75381,75382,75383,75386,75387,75388,75389,75390,1,-1,2,-2,1,3,1,-1,-3,-1,2,2,5,2,2,-2,-2,-5,-2,-2
0,1,12565,12568,37695,37696,37697,37700,37701,37702,75391,75392,75393,75394,75395,75398,75399,75400,75401,75402,1,-1,2,-2,1,3,1,-1,-3,-1,2,2,5,2,2,-2,-2,-5,-2,-2
0,1,12567,12570,37701,37702,37703,37706,37707,37708,75403,75404,75405,75406,75407,75410,75411,75412,75413,75414,1,-1,2,-2,1,3,1,-1,-3,-1,2,2,5,2,2,-2,-2,-5,-2,-2
0,1,12569,12572,37707,37708,37709,37712,37713,37714,75415,75416,75417,75418,75419,75422,75423,75424,75425,75426,1,-1,2,-2,1,3,1,-1,-3,-1,2,2,5,2,2,-2,-2,-5,-2,-2
0,1,12571,12574,37713,37714,37715,37718,37719,37720,75427,75428,75429,75430,75431,75434,75435,75436,75437,75438,1,-1,2,-2,1,3,1,-1,-3,-1,2,2,5,2,2,-2,-2,-5,-2,-2
0,1,12573,12576,37719,37720,37721,37724,37725,37726,75439,75440,75441,75442,75443,75446,75447,75448,75449,75450,1,-1,2,-2,1,3,1,-1,-3,-1,2,2,5,2,2,-2,-2,-5,-2,-2
0,1,12575,12578,37725,37726,37727,37730,37731,37732,75451,75452,75453,75454,75455,75458,75459,75460,75461,75462,1,-1,2,-2,1,3,1,-1,-3,-1,2,2,5,2,2,-2,-2,-5,-2,-2
0,1,12577,12580,37731,37732,37733,37736,37737,37738,75463,75464,75465,75466,75467,75470,75471,75472,75473,75474,1,-1,2,-2,1,3,1,-1,-3,-1,2,2,5,2,2,-2,-2,-5,-2,-2
0,1,12579,12582,37737,37738,37739,37742,37743,37744,75475,75476,75477,75478,75479,75482,75483,75484,75485,75486,1,-1,2,-2,1,3,1,-1,-3,-1,2,2,5,2,2,-2,-2,-5,-2,-2
0,1,12581,12584,37743,37744,37745,37748,37749,37750,75487,75488,75489,75490,75491,75494,75495,75496,75497,75498,1,-1,2,-2,1,3,1,-1,-3,-1,2,2,5,2,2,-2,-2,-5,-2,-2
0,1,12583,12586,37749,37750,37751,37754,37755,37756,75499,75500,75501,75502,75503,75506,75507,75508,75509,75510,1,-1,2,-2,1,3,1,-1,-3,-1,2,2,5,2,2,-2,-2,-5,-2,-2
0,1,12585,12588,37755,37756,37757,37760,37761,37762,75511,75512,75513,75514,75515,75518,75519,75520,75521,75522,1,-1,2,-2,1,3,1,-1,-3,-1,2,2,5,2,2,-2,-2,-5,-2,-2
0,1,12587,12590,37761,37762,37763,37766,37767,37768,75523,75524,75525,75526,75527,75530,75531,75532,75533,75534,1,-1,2,-2,1,3,1,-1,-3,-1,2,2,5,2,2,-2,-2,-5,-2,-2
0,1,12589,12592,37767,37768,37769,37772,37773,37774,75535,75536,75537,75538,75539,75542,75543,75544,75545,75546,1,-1,2,-2,1,3,1,-1,-3,-1,2,2,5,2,2,-2,-2,-5,-2,-2
0,1,12591,12594,37773,37774,37775,37778,37779,37780,75547,75548,75549,75550,75551,75554,75555,75556,75557,75558,1,-1,2,-2,1,3,1,-1,-3,-1,2,2,5,2,2,-2,-2,-5,-2,-2
0,1,12593,12596,37779,37780,37781,37784,37785,37786,75559,75560,75561,75562,75563,75566,75567,75568,75569,75570,1,-1,2,-2,1,3,1,-1,-3,-1,2,2,5,2,2,-2,-2,-5,-2,-2
0,1,12595,12598,37785,37786,37787,37790,37791,37792,75571,75572,75573,75574,75575,75578,75579,75580,75581,75582,1,-1,2,-2,1,3,1,-1,-3,-1,2,2,5,2,2,-2,-2,-5,-2,-2
0,1,12597,12600,37791,37792,37793,37796,37797,37798,75583,75584,75585,75586,75587,75590,75591,75592,75593,75594,1,-1,2,-2,1,3,1,-1,-3,-1,2,2,5,2,2,-2,-2,-5,-2,-2
0,1,12599,12602,37797,37798,37799,37802,37803,37804,75595,75596,75597,75598,75599,75602,75603,75604,75605,75606,1,-1,2,-2,1,3,1,-1,-3,-1,2,2,5,2,2,-2,-2,-5,-2,-2
0,1,12601,12604,37803,37804,37805,37808,37809,37810,75607,75608,75609,75610,75611,75614,75615,75616,75617,75618,1,-1,2,-2,1,3,1,-1,-3,-1,2,2,5,2,2,-2,-2,-5,-2,-2
0,1,12603,12606,37809,37810,37811,37814,37815,37816,75619,75620,75621,75622,75623,75626,75627,75628,75629,75630,1,-1,2,-2,1,3,1,-1,-3,-1,2,2,5,2,2,-2,-2,-5,-2,-2
0,1,12605,12608,37815,37816,37817,37820,37821,37822,75631,75632,75633,75634,75635,75638,75639,75640,75641,75642,1,-1,2,-2,1,3,1,-1,-3,-1,2,2,5,2,2,-2,-2,-5,-2,-2
0,1,12607,12610,37821,37822,37823,37826,37827,37828,75643,75644,75645,75646,75647,75650,75651,75652,75653,75654,1,-1,2,-2,1,3,1,-1,-3,-1,2,2,5,2,2,-2,-2,-5,-2,-2
0,1,12609,12612,37827,37828,37829,37832,37833,37834,75655,75656,75657,75658,75659,75662,75663,75664,75665,75666,1,-1,2,-2,1,3,1,-1,-3,-1,2,2,5,2,2,-2,-2,-5,-2,-2
0,1,12611,12614,37833,37834,37835,37838,37839,37840,75667,75668,75669,75670,75671,75674,75675,75676,75677,75678,1,-1,2,-2,1,3,1,-1,-3,-1,2,2,5,2,2,-2,-2,-5,-2,-2
0,1,12613,12616,37839,37840,37841,37844,37845,37846,75679,75680,75681,75682,75683,75686,75687,75688,75689,75690,1,-1,2,-2,1,3,1,-1,-3,-1,2,2,5,2,2,-2,-2,-5,-2,-2
0,1,12615,12618,37845,37846,37847,37850,37851,37852,75691,75692,75693,75694,75695,75698,75699,75700,75701,75702,1,-1,2,-2,1,3,1,-1,-3,-1,2,2,5,2,2,-2,-2,-5,-2,-2
0,1,12617,12620,37851,37852,37853,37856,37857,37858,75703,75704,75705,75706,75707,75710,75711,75712,75713,75714,1,-1,2,-2,1,3,1,-1,-3,-1,2,2,5,2,2,-2,-2,-5,-2,-2
0,1,12619,12622,37857,37858,37859,37862,37863,37864,75715,75716,75717,75718,75719,75722,75723,75724,75725,75726,1,-1,2,-2,1,3,1,-1,-3,-1,2,2,5,2,2,-2,-2,-5,-2,-2
0,1,12621,12624,37863,37864,37865,37868,37869,37870,75727,75728,75729,75730,75731,75734,75735,75736,75737,75738,1,-1,2,-2,1,3,1,-1,-3,-1,2,2,5,2,2,-2,-2,-5,-2,-2
0,1,12623,12626,37869,37870,37871,37874,37875,37876,75739,75740,75741,75742,75743,75746,75747,75748,75749,75750,1,-1,2,-2,1,3,1,-1,-3,-1,2,2,5,2,2,-2,-2,-5,-2,-2
0,1,12625,12628,37875,37876,37877,37880,37881,37882,75751,75752,75753,75754,75755,75758,75759,75760,75761,75762,1,-1,2,-2,1,3,1,-1,-3,-1,2,2,5,2,2,-2,-2,-5,-2,-2
0,1,12627,12630,37881,37882,37883,37886,37887,37888,75763,75764,75765,75766,75767,75770,75771,75772,75773,75774,1,-1,2,-2,1,3,1,-1,-3,-1,2,2,5,2,2,-2,-2,-5,-2,-2
0,1,12629,12632,37887,37888,37889,37892,37893,37894,75775,75776,75777,75778,75779,75782,75783,75784,75785,75786,1,-1,2,-2,1,3,1,-1,-3,-1,2,2,5,2,2,-2,-2,-5,-2,-2
0,1,12631,12634,37893,37894,37895,37898,37899,37900,75787,75788,75789,75790,75791,75794,75795,75796,75797,75798,1,-1,2,-2,1,3,1,-1,-3,-1,2,2,5,2,2,-2,-2,-5,-2,-2
0,1,12633,12636,37899,37900,37901,37904,37905,37906,75799,75800,75801,75802,75803,75806,75807,75808,75809,75810,1,-1,2,-2,1,3,1,-1,-3,-1,2,2,5,2,2,-2,-2,-5,-2,-2
0,1,12635,12638,37905,37906,37907,37910,37911,37912,75811,75812,75813,75814,75815,75818,75819,75820,75821,75822,1,-1,2,-2,1,3,1,-1,-3,-1,2,2,5,2,2,-2,-2,-5,-2,-2
0,1,12637,12640,37911,37912,37913,37916,37917,37918,75823,75824,75825,75826,75827,75830,75831,75832,75833,75834,1,-1,2,-2,1,3,1,-1,-3,-1,2,2,5,2,2,-2,-2,-5,-2,-2
0,1,12639,12642,37917,37918,37919,37922,37923,37924,75835,75836,75837,75838,75839,75842,75843,75844,75845,75846,1,-1,2,-2,1,3,1,-1,-3,-1,2,2,5,2,2,-2,-2,-5,-2,-2
0,1,12641,12644,37923,37924,37925,37928,37929,37930,75847,75848,75849,75850,75851,75854,75855,75856,75857,75858,1,-1,2,-2,1,3,1,-1,-3,-1,2,2,5,2,2,-2,-2,-5,-2,-2
0,1,12643,12646,37929,37930,37931,37934,37935,37936,75859,75860,75861,75862,75863,75866,75867,75868,75869,75870,1,-1,2,-2,1,3,1,-1,-3,-1,2,2,5,2,2,-2,-2,-5,-2,-2
0,1,12645,12648,37935,37936,37937,37940,37941,37942,75871,75872,75873,75874,75875,75878,75879,75880,75881,75882,1,-1,2,-2,1,3,1,-1,-3,-1,2,2,5,2,2,-2,-2,-5,-2,-2
0,1,12647,12650,37941,37942,37943,37946,37947,37948,75883,75884,75885,75886,75887,75890,75891,75892,75893,75894,1,-1,2,-2,1,3,1,-1,-3,-1,2,2,5,2,2,-2,-2,-5,-2,-2
0,1,12649,12652,37947,37948,37949,37952,37953,37954,75895,75896,75897,75898,75899,75902,75903,75904,75905,75906,1,-1,2,-2,1,3,1,-1,-3,-1,2,2,5,2,2,-2,-2,-5,-2,-2
0,1,12651,12654,37953,37954,37955,37958,37959,37960,75907,75908,75909,75910,75911,75914,75915,75916,75917,75918,1,-1,2,-2,1,3,1,-1,-3,-1,2,2,5,2,2,-2,-2,-5,-2,-2
0,1,12653,12656,37959,37960,37961,37964,37965,37966,75919,75920,75921,75922,75923,75926,75927,75928,75929,75930,1,-1,2,-2,1,3,1,-1,-3,-1,2,2,5,2,2,-2,-2,-5,-2,-2
0,1,12655,12658,37965,37966,37967,37970,37971,37972,75931,75932,75933,75934,75935,75938,75939,75940,75941,75942,1,-1,2,-2,1,3,1,-1,-3,-1,2,2,5,2,2,-2,-2,-5,-2,-2
0,1,12657,12660,37971,37972,37973,37976,37977,37978,75943,75944,75945,75946,75947,75950,75951,75952,75953,75954,1,-1,2,-2,1,3,1,-1,-3,-1,2,2,5,2,2,-2,-2,-5,-2,-2
0,1,12659,12662,37977,37978,37979,37982,37983,37984,75955,75956,75957,75958,75959,75962,75963,75964,75965,75966,1,-1,2,-2,1,3,1,-1,-3,-1,2,2,5,2,2,-2,-2,-5,-2,-2
0,1,12661,12664,37983,37984,37985,37988,37989,37990,75967,75968,75969,75970,75971,75974,75975,75976,75977,75978,1,-1,2,-2,1,3,1,-1,-3,-1,2,2,5,2,2,-2,-2,-5,-2,-2
0,1,12663,12666,37989,37990,37991,37994,37995,37996,75979,75980,75981,75982,75983,75986,75987,75988,75989,75990,1,-1,2,-2,1,3,1,-1,-3,-1,2,2,5,2,2,-2,-2,-5,-2,-2
0,1,12665,12668,37995,37996,37997,38000,38001,38002,75991,75992,75993,75994,75995,75998,75999,76000,76001,76002,1,-1,2,-2,1,3,1,-1,-3,-1,2,2,5,2,2,-2,-2,-5,-2,-2
0,1,12667,12670,38001,38002,38003,38006,38007,38008,76003,76004,76005,76006,76007,76010,76011,76012,76013,76014,1,-1,2,-2,1,3,1,-1,-3,-1,2,2,5,2,2,-2,-2,-5,-2,-2
0,1,12669,12672,38007,38008,38009,38012,38013,38014,76015,76016,76017,76018,76019,76022,76023,76024,76025,76026,1,-1,2,-2,1,3,1,-1,-3,-1,2,2,5,2,2,-2,-2,-5,-2,-2
0,1,12671,12674,38013,38014,38015,38018,38019,38020,76027,76028,76029,76030,76031,76034,76035,76036,76037,76038,1,-1,2,-2,1,3,1,-1,-3,-1,2,2,5,2,2,-2,-2,-5,-2,-2
0,1,12673,12676,38019,38020,38021,38024,38025,38026,76039,76040,76041,76042,76043,76046,76047,76048,76049,76050,1,-1,2,-2,1,3,1,-1,-3,-1,2,2,5,2,2,-2,-2,-5,-2,-2
0,1,12675,12678,38025,38026,38027,38030,38031,38032,76051,76052,76053,76054,76055,76058,76059,76060,76061,76062,1,-1,2,-2,1,3,1,-1,-3,-1,2,2,5,2,2,-2,-2,-5,-2,-2
0,1,12677,12680,38031,38032,38033,38036,38037,38038,76063,76064,76065,76066,76067,76070,76071,76072,76073,76074,1,-1,2,-2,1,3,1,-1,-3,-1,2,2,5,2,2,-2,-2,-5,-2,-2
0,1,12679,12682,38037,38038,38039,38042,38043,38044,76075,76076,76077,76078,76079,76082,76083,76084,76085,76086,1,-1,2,-2,1,3,1,-1,-3,-1,2,2,5,2,2,-2,-2,-5,-2,-2
0,1,12681,12684,38043,38044,38045,38048,38049,38050,76087,76088,76089,76090,76091,76094,76095,76096,76097,76098,1,-1,2,-2,1,3,1,-1,-3,-1,2,2,5,2,2,-2,-2,-5,-2,-2
0,1,12683,12686,38049,38050,38051,38054,38055,38056,76099,76100,76101,76102,76103,76106,76107,76108,76109,76110,1,-1,2,-2,1,3,1,-1,-3,-1,2,2,5,2,2,-2,-2,-5,-2,-2
0,1,12685,12688,38055,38056,38057,38060,38061,38062,76111,76112,76113,76114,76115,76118,76119,76120,76121,76122,1,-1,2,-2,1,3,1,-1,-3,-1,2,2,5,2,2,-2,-2,-5,-2,-2
0,1,12687,12690,38061,38062,38063,38066,38067,38068,76123,76124,76125,76126,76127,76130,76131,76132,76133,76134,1,-1,2,-2,1,3,1,-1,-3,-1,2,2,5,2,2,-2,-2,-5,-2,-2
0,1,12689,12692,38067,38068,38069,38072,38073,38074,76135,76136,76137,76138,76139,76142,76143,76144,76145,76146,1,-1,2,-2,1,3,1,-1,-3,-1,2,2,5,2,2,-2,-2,-5,-2,-2
0,1,12691,12694,38073,38074,38075,38078,38079,38080,76147,76148,76149,76150,76151,76154,76155,76156,76157,76158,1,-1,2,-2,1,3,1,-1,-3,-1,2,2,5,2,2,-2,-2,-5,-2,-2
0,1,12693,12696,38079,38080,38081,38084,38085,38086,76159,76160,76161,76162,76163,76166,76167,76168,76169,76170,1,-1,2,-2,1,3,1,-1,-3,-1,2,2,5,2,2,-2,-2,-5,-2,-2
0,1,12695,12698,38085,38086,38087,38090,38091,38092,76171,76172,76173,76174,76175,76178,76179,76180,76181,76182,1,-1,2,-2,1,3,1,-1,-3,-1,2,2,5,2,2,-2,-2,-5,-2,-2
0,1,12697,12700,38091,38092,38093,38096,38097,38098,76183,76184,76185,76186,76187,76190,76191,76192,76193,76194,1,-1,2,-2,1,3,1,-1,-3,-1,2,2,5,2,2,-2,-2,-5,-2,-2
0,1,12699,12702,38097,38098,38099,38102,38103,38104,76195,76196,76197,76198,76199,76202,76203,76204,76205,76206,1,-1,2,-2,1,3,1,-1,-3,-1,2,2,5,2,2,-2,-2,-5,-2,-2
0,1,12701,12704,38103,38104,38105,38108,38109,38110,76207,76208,76209,76210,76211,76214,76215,76216,76217,76218,1,-1,2,-2,1,3,1,-1,-3,-1,2,2,5,2,2,-2,-2,-5,-2,-2
0,1,12703,12706,38109,38110,38111,38114,38115,38116,76219,76220,76221,76222,76223,76226,76227,76228,76229,76230,1,-1,2,-2,1,3,1,-1,-3,-1,2,2,5,2,2,-2,-2,-5,-2,-2
0,1,12705,12708,38115,38116,38117,38120,38121,38122,76231,76232,76233,76234,76235,76238,76239,76240,76241,76242,1,-1,2,-2,1,3,1,-1,-3,-1,2,2,5,2,2,-2,-2,-5,-2,-2
0,1,12707,12710,38121,38122,38123,38126,38127,38128,76243,76244,76245,76246,76247,76250,76251,76252,76253,76254,1,-1,2,-2,1,3,1,-1,-3,-1,2,2,5,2,2,-2,-2,-5,-2,-2
0,1,12709,12712,38127,38128,38129,38132,38133,38134,76255,76256,76257,76258,76259,76262,76263,76264,76265,76266,1,-1,2,-2,1,3,1,-1,-3,-1,2,2,5,2,2,-2,-2,-5,-2,-2
0,1,12711,12714,38133,38134,38135,38138,38139,38140,76267,76268,76269,76270,76271,76274,76275,76276,76277,76278,1,-1,2,-2,1,3,1,-1,-3,-1,2,2,5,2,2,-2,-2,-5,-2,-2
0,1,12713,12716,38139,38140,38141,38144,38145,38146,76279,76280,76281,76282,76283,76286,76287,76288,76289,76290,1,-1,2,-2,1,3,1,-1,-3,-1,2,2,5,2,2,-2,-2,-5,-2,-2
0,1,12715,12718,38145,38146,38147,38150,38151,38152,76291,76292,76293,76294,76295,76298,76299,76300,76301,76302,1,-1,2,-2,1,3,1,-1,-3,-1,2,2,5,2,2,-2,-2,-5,-2,-2
0,1,12717,12720,38151,38152,38153,38156,38157,38158,76303,76304,76305,76306,76307,76310,76311,76312,76313,76314,1,-1,2,-2,1,3,1,-1,-3,-1,2,2,5,2,2,-2,-2,-5,-2,-2
0,1,12719,12722,38157,38158,38159,38162,38163,38164,76315,76316,76317,76318,76319,76322,76323,76324,76325,76326,1,-1,2,-2,1,3,1,-1,-3,-1,2,2,5,2,2,-2,-2,-5,-2,-2
0,1,12721,12724,38163,38164,38165,38168,38169,38170,76327,76328,76329,76330,76331,76334,76335,76336,76337,76338,1,-1,2,-2,1,3,1,-1,-3,-1,2,2,5,2,2,-2,-2,-5,-2,-2
0,1,12723,12726,38169,38170,38171,38174,38175,38176,76339,76340,76341,76342,76343,76346,76347,76348,76349,76350,1,-1,2,-2,1,3,1,-1,-3,-1,2,2,5,2,2,-2,-2,-5,-2,-2
0,1,12725,12728,38175,38176,38177,38180,38181,38182,76351,76352,76353,76354,76355,76358,76359,76360,76361,76362,1,-1,2,-2,1,3,1,-1,-3,-1,2,2,5,2,2,-2,-2,-5,-2,-2
0,1,12727,12730,38181,38182,38183,38186,38187,38188,76363,76364,76365,76366,76367,76370,76371,76372,76373,76374,1,-1,2,-2,1,3,1,-1,-3,-1,2,2,5,2,2,-2,-2,-5,-2,-2
0,1,12729,12732,38187,38188,38189,38192,38193,38194,76375,76376,76377,76378,76379,76382,76383,76384,76385,76386,1,-1,2,-2,1,3,1,-1,-3,-1,2,2,5,2,2,-2,-2,-5,-2,-2
0,1,12731,12734,38193,38194,38195,38198,38199,38200,76387,76388,76389,76390,76391,76394,76395,76396,76397,76398,1,-1,2,-2,1,3,1,-1,-3,-1,2,2,5,2,2,-2,-2,-5,-2,-2
0,1,12733,12736,38199,38200,38201,38204,38205,38206,76399,76400,76401,76402,76403,76406,76407,76408,76409,76410,1,-1,2,-2,1,3,1,-1,-3,-1,2,2,5,2,2,-2,-2,-5,-2,-2
0,1,12735,12738,38205,38206,38207,38210,38211,38212,76411,76412,76413,76414,76415,76418,76419,76420,76421,76422,1,-1,2,-2,1,3,1,-1,-3,-1,2,2,5,2,2,-2,-2,-5,-2,-2
0,1,12737,12740,38211,38212,38213,38216,38217,38218,76423,76424,76425,76426,76427,76430,76431,76432,76433,76434,1,-1,2,-2,1,3,1,-1,-3,-1,2,2,5,2,2,-2,-2,-5,-2,-2
0,1,12739,12742,38217,38218,38219,38222,38223,38224,76435,76436,76437,76438,76439,76442,76443,76444,76445,76446,1,-1,2,-2,1,3,1,-1,-3,-1,2,2,5,2,2,-2,-2,-5,-2,-2
0,1,12741,12744,38223,38224,38225,38228,38229,38230,76447,76448,76449,76450,76451,76454,76455,76456,76457,76458,1,-1,2,-2,1,3,1,-1,-3,-1,2,2,5,2,2,-2,-2,-5,-2,-2
0,1,12743,12746,38229,38230,38231,38234,38235,38236,76459,76460,76461,76462,76463,76466,76467,76468,76469,76470,1,-1,2,-2,1,3,1,-1,-3,-1,2,2,5,2,2,-2,-2,-5,-2,-2
0,1,12745,12748,38235,38236,38237,38240,38241,38242,76471,76472,76473,76474,76475,76478,76479,76480,76481,76482,1,-1,2,-2,1,3,1,-1,-3,-1,2,2,5,2,2,-2,-2,-5,-2,-2
0,1,12747,12750,38241,38242,38243,38246,38247,38248,76483,76484,76485,76486,76487,76490,76491,76492,76493,76494,1,-1,2,-2,1,3,1,-1,-3,-1,2,2,5,2,2,-2,-2,-5,-2,-2
0,1,12749,12752,38247,38248,38249,38252,38253,38254,76495,76496,76497,76498,76499,76502,76503,76504,76505,76506,1,-1,2,-2,1,3,1,-1,-3,-1,2,2,5,2,2,-2,-2,-5,-2,-2
0,1,12751,12754,38253,38254,38255,38258,38259,38260,76507,76508,76509,76510,76511,76514,76515,76516,76517,76518,1,-1,2,-2,1,3,1,-1,-3,-1,2,2,5,2,2,-2,-2,-5,-2,-2
0,1,12753,12756,38259,38260,38261,38264,38265,38266,76519,76520,76521,76522,76523,76526,76527,76528,76529,76530,1,-1,2,-2,1,3,1,-1,-3,-1,2,2,5,2,2,-2,-2,-5,-2,-2
0,1,12755,12758,38265,38266,38267,38270,38271,38272,76531,76532,76533,76534,76535,76538,76539,76540,76541,76542,1,-1,2,-2,1,3,1,-1,-3,-1,2,2,5,2,2,-2,-2,-5,-2,-2
0,1,12757,12760,38271,38272,38273,38276,38277,38278,76543,76544,76545,76546,76547,76550,76551,76552,76553,76554,1,-1,2,-2,1,3,1,-1,-3,-1,2,2,5,2,2,-2,-2,-5,-2,-2
0,1,12759,12762,38277,38278,38279,38282,38283,38284,76555,76556,76557,76558,76559,76562,76563,76564,76565,76566,1,-1,2,-2,1,3,1,-1,-3,-1,2,2,5,2,2,-2,-2,-5,-2,-2
0,1,12761,12764,38283,38284,38285,38288,38289,38290,76567,76568,76569,76570,76571,76574,76575,76576,76577,76578,1,-1,2,-2,1,3,1,-1,-3,-1,2,2,5,2,2,-2,-2,-5,-2,-2
0,1,12763,12766,38289,38290,38291,38294,38295,38296,76579,76580,76581,76582,76583,76586,76587,76588,76589,76590,1,-1,2,-2,1,3,1,-1,-3,-1,2,2,5,2,2,-2,-2,-5,-2,-2
0,1,12765,12768,38295,38296,38297,38300,38301,38302,76591,76592,76593,76594,76595,76598,76599,76600,76601,76602,1,-1,2,-2,1,3,1,-1,-3,-1,2,2,5,2,2,-2,-2,-5,-2,-2
0,1,12767,12770,38301,38302,38303,38306,38307,38308,76603,76604,76605,76606,76607,76610,76611,76612,76613,76614,1,-1,2,-2,1,3,1,-1,-3,-1,2,2,5,2,2,-2,-2,-5,-2,-2
0,1,12769,12772,38307,38308,38309,38312,38313,38314,76615,76616,76617,76618,76619,76622,76623,76624,76625,76626,1,-1,2,-2,1,3,1,-1,-3,-1,2,2,5,2,2,-2,-2,-5,-2,-2
0,1,12771,12774,38313,38314,38315,38318,38319,38320,76627,76628,76629,76630,76631,76634,76635,76636,76637,76638,1,-1,2,-2,1,3,1,-1,-3,-1,2,2,5,2,2,-2,-2,-5,-2,-2
0,1,12773,12776,38319,38320,38321,38324,38325,38326,76639,76640,76641,76642,76643,76646,76647,76648,76649,76650,1,-1,2,-2,1,3,1,-1,-3,-1,2,2,5,2,2,-2,-2,-5,-2,-2
0,1,12775,12778,38325,38326,38327,38330,38331,38332,76651,76652,76653,76654,76655,76658,76659,76660,76661,76662,1,-1,2,-2,1,3,1,-1,-3,-1,2,2,5,2,2,-2,-2,-5,-2,-2
0,1,12777,12780,38331,38332,38333,38336,38337,38338,76663,76664,76665,76666,76667,76670,76671,76672,76673,76674,1,-1,2,-2,1,3,1,-1,-3,-1,2,2,5,2,2,-2,-2,-5,-2,-2
0,1,12779,12782,38337,38338,38339,38342,38343,38344,76675,76676,76677,76678,76679,76682,76683,76684,76685,76686,1,-1,2,-2,1,3,1,-1,-3,-1,2,2,5,2,2,-2,-2,-5,-2,-2
0,1,12781,12784,38343,38344,38345,38348,38349,38350,76687,76688,76689,76690,76691,76694,76695,76696,76697,76698,1,-1,2,-2,1,3,1,-1,-3,-1,2,2,5,2,2,-2,-2,-5,-2,-2
0,1,12783,12786,38349,38350,38351,38354,38355,38356,76699,76700,76701,76702,76703,76706,76707,76708,76709,76710,1,-1,2,-2,1,3,1,-1,-3,-1,2,2,5,2,2,-2,-2,-5,-2,-2
0,1,12785,12788,38355,38356,38357,38360,38361,38362,76711,76712,76713,76714,76715,76718,76719,76720,76721,76722,1,-1,2,-2,1,3,1,-1,-3,-1,2,2,5,2,2,-2,-2,-5,-2,-2
0,1,12787,12790,38361,38362,38363,38366,38367,38368,76723,76724,76725,76726,76727,76730,76731,76732,76733,76734,1,-1,2,-2,1,3,1,-1,-3,-1,2,2,5,2,2,-2,-2,-5,-2,-2
0,1,12789,12792,38367,38368,38369,38372,38373,38374,76735,76736,76737,76738,76739,76742,76743,76744,76745,76746,1,-1,2,-2,1,3,1,-1,-3,-1,2,2,5,2,2,-2,-2,-5,-2,-2
0,1,12791,12794,38373,38374,38375,38378,38379,38380,76747,76748,76749,76750,76751,76754,76755,76756,76757,76758,1,-1,2,-2,1,3,1,-1,-3,-1,2,2,5,2,2,-2,-2,-5,-2,-2
0,1,12793,12796,38379,38380,38381,38384,38385,38386,76759,76760,76761,76762,76763,76766,76767,76768,76769,76770,1,-1,2,-2,1,3,1,-1,-3,-1,2,2,5,2,2,-2,-2,-5,-2,-2
0,1,12795,12798,38385,38386,38387,38390,38391,38392,76771,76772,76773,76774,76775,76778,76779,76780,76781,76782,1,-1,2,-2,1,3,1,-1,-3,-1,2,2,5,2,2,-2,-2,-5,-2,-2
0,1,12797,12800,38391,38392,38393,38396,38397,38398,76783,76784,76785,76786,76787,76790,76791,76792,76793,76794,1,-1,2,-2,1,3,1,-1,-3,-1,2,2,5,2,2,-2,-2,-5,-2,-2
0,1,12799,12802,38397,38398,38399,38402,38403,38404,76795,76796,76797,76798,76799,76802,76803,76804,76805,76806,1,-1,2,-2,1,3,1,-1,-3,-1,2,2,5,2,2,-2,-2,-5,-2,-2
0,1,12801,12804,38403,38404,38405,38408,38409,38410,76807,76808,76809,76810,76811,76814,76815,76816,76817,76818,1,-1,2,-2,1,3,1,-1,-3,-1,2,2,5,2,2,-2,-2,-5,-2,-2
0,1,12803,12806,38409,38410,38411,38414,38415,38416,76819,76820,76821,76822,76823,76826,76827,76828,76829,76830,1,-1,2,-2,1,3,1,-1,-3,-1,2,2,5,2,2,-2,-2,-5,-2,-2
0,1,12805,12808,38415,38416,38417,38420,38421,38422,76831,76832,76833,76834,76835,76838,76839,76840,76841,76842,1,-1,2,-2,1,3,1,-1,-3,-1,2,2,5,2,2,-2,-2,-5,-2,-2
0,1,12807,12810,38421,38422,38423,38426,38427,38428,76843,76844,76845,76846,76847,76850,76851,76852,76853,76854,1,-1,2,-2,1,3,1,-1,-3,-1,2,2,5,2,2,-2,-2,-5,-2,-2
0,1,12809,12812,38427,38428,38429,38432,38433,38434,76855,76856,76857,76858,76859,76862,76863,76864,76865,76866,1,-1,2,-2,1,3,1,-1,-3,-1,2,2,5,2,2,-2,-2,-5,-2,-2
0,1,12811,12814,38433,38434,38435,38438,38439,38440,76867,76868,76869,76870,76871,76874,76875,76876,76877,76878,1,-1,2,-2,1,3,1,-1,-3,-1,2,2,5,2,2,-2,-2,-5,-2,-2
0,1,12813,12816,38439,38440,38441,38444,38445,38446,76879,76880,76881,76882,76883,76886,76887,76888,76889,76890,1,-1,2,-2,1,3,1,-1,-3,-1,2,2,5,2,2,-2,-2,-5,-2,-2
0,1,12815,12818,38445,38446,38447,38450,38451,38452,76891,76892,76893,76894,76895,76898,76899,76900,76901,76902,1,-1,2,-2,1,3,1,-1,-3,-1,2,2,5,2,2,-2,-2,-5,-2,-2
0,1,12817,12820,38451,38452,38453,38456,38457,38458,76903,76904,76905,76906,76907,76910,76911,76912,76913,76914,1,-1,2,-2,1,3,1,-1,-3,-1,2,2,5,2,2,-2,-2,-5,-2,-2
0,1,12819,12822,38457,38458,38459,38462,38463,38464,76915,76916,76917,76918,76919,76922,76923,76924,76925,76926,1,-1,2,-2,1,3,1,-1,-3,-1,2,2,5,2,2,-2,-2,-5,-2,-2
0,1,12821,12824,38463,38464,38465,38468,38469,38470,76927,76928,76929,76930,76931,76934,76935,76936,76937,76938,1,-1,2,-2,1,3,1,-1,-3,-1,2,2,5,2,2,-2,-2,-5,-2,-2
0,1,12823,12826,38469,38470,38471,38474,38475,38476,76939,76940,76941,76942,76943,76946,76947,76948,76949,76950,1,-1,2,-2,1,3,1,-1,-3,-1,2,2,5,2,2,-2,-2,-5,-2,-2
0,1,12825,12828,38475,38476,38477,38480,38481,38482,76951,76952,76953,76954,76955,76958,76959,76960,76961,76962,1,-1,2,-2,1,3,1,-1,-3,-1,2,2,5,2,2,-2,-2,-5,-2,-2
0,1,12827,12830,38481,38482,38483,38486,38487,38488,76963,76964,76965,76966,76967,76970,76971,76972,76973,76974,1,-1,2,-2,1,3,1,-1,-3,-1,2,2,5,2,2,-2,-2,-5,-2,-2
0,1,12829,12832,38487,38488,38489,38492,38493,38494,76975,76976,76977,76978,76979,76982,76983,76984,76985,76986,1,-1,2,-2,1,3,1,-1,-3,-1,2,2,5,2,2,-2,-2,-5,-2,-2
0,1,12831,12834,38493,38494,38495,38498,38499,38500,76987,76988,76989,76990,76991,76994,76995,76996,76997,76998,1,-1,2,-2,1,3,1,-1,-3,-1,2,2,5,2,2,-2,-2,-5,-2,-2
0,1,12833,12836,38499,38500,38501,38504,38505,38506,76999,77000,77001,77002,77003,77006,77007,77008,77009,77010,1,-1,2,-2,1,3,1,-1,-3,-1,2,2,5,2,2,-2,-2,-5,-2,-2
0,1,12835,12838,38505,38506,38507,38510,38511,38512,77011,77012,77013,77014,77015,77018,77019,77020,77021,77022,1,-1,2,-2,1,3,1,-1,-3,-1,2,2,5,2,2,-2,-2,-5,-2,-2
0,1,12837,12840,38511,38512,38513,38516,38517,38518,77023,77024,77025,77026,77027,77030,77031,77032,77033,77034,1,-1,2,-2,1,3,1,-1,-3,-1,2,2,5,2,2,-2,-2,-5,-2,-2
0,1,12839,12842,38517,38518,38519,38522,38523,38524,77035,77036,77037,77038,77039,77042,77043,77044,77045,77046,1,-1,2,-2,1,3,1,-1,-3,-1,2,2,5,2,2,-2,-2,-5,-2,-2
0,1,12841,12844,38523,38524,38525,38528,38529,38530,77047,77048,77049,77050,77051,77054,77055,77056,77057,77058,1,-1,2,-2,1,3,1,-1,-3,-1,2,2,5,2,2,-2,-2,-5,-2,-2
0,1,12843,12846,38529,38530,38531,38534,38535,38536,77059,77060,77061,77062,77063,77066,77067,77068,77069,77070,1,-1,2,-2,1,3,1,-1,-3,-1,2,2,5,2,2,-2,-2,-5,-2,-2
0,1,12845,12848,38535,38536,38537,38540,38541,38542,77071,77072,77073,77074,77075,77078,77079,77080,77081,77082,1,-1,2,-2,1,3,1,-1,-3,-1,2,2,5,2,2,-2,-2,-5,-2,-2
0,1,12847,12850,38541,38542,38543,38546,38547,38548,77083,77084,77085,77086,77087,77090,77091,77092,77093,77094,1,-1,2,-2,1,3,1,-1,-3,-1,2,2,5,2,2,-2,-2,-5,-2,-2
0,1,12849,12852,38547,38548,38549,38552,38553,38554,77095,77096,77097,77098,77099,77102,77103,77104,77105,77106,1,-1,2,-2,1,3,1,-1,-3,-1,2,2,5,2,2,-2,-2,-5,-2,-2
0,1,12851,12854,38553,38554,38555,38558,38559,38560,77107,77108,77109,77110,77111,77114,77115,77116,77117,77118,1,-1,2,-2,1,3,1,-1,-3,-1,2,2,5,2,2,-2,-2,-5,-2,-2
0,1,12853,12856,38559,38560,38561,38564,38565,38566,77119,77120,77121,77122,77123,77126,77127,77128,77129,77130,1,-1,2,-2,1,3,1,-1,-3,-1,2,2,5,2,2,-2,-2,-5,-2,-2
0,1,12855,12858,38565,38566,38567,38570,38571,38572,77131,77132,77133,77134,77135,77138,77139,77140,77141,77142,1,-1,2,-2,1,3,1,-1,-3,-1,2,2,5,2,2,-2,-2,-5,-2,-2
0,1,12857,12860,38571,38572,38573,38576,38577,38578,77143,77144,77145,77146,77147,77150,77151,77152,77153,77154,1,-1,2,-2,1,3,1,-1,-3,-1,2,2,5,2,2,-2,-2,-5,-2,-2
0,1,12859,12862,38577,38578,38579,38582,38583,38584,77155,77156,77157,77158,77159,77162,77163,77164,77165,77166,1,-1,2,-2,1,3,1,-1,-3,-1,2,2,5,2,2,-2,-2,-5,-2,-2
0,1,12861,12864,38583,38584,38585,38588,38589,38590,77167,77168,77169,77170,77171,77174,77175,77176,77177,77178,1,-1,2,-2,1,3,1,-1,-3,-1,2,2,5,2,2,-2,-2,-5,-2,-2
0,1,12863,12866,38589,38590,38591,38594,38595,38596,77179,77180,77181,77182,77183,77186,77187,77188,77189,77190,1,-1,2,-2,1,3,1,-1,-3,-1,2,2,5,2,2,-2,-2,-5,-2,-2
0,1,12865,12868,38595,38596,38597,38600,38601,38602,77191,77192,77193,77194,77195,77198,77199,77200,77201,77202,1,-1,2,-2,1,3,1,-1,-3,-1,2,2,5,2,2,-2,-2,-5,-2,-2
0,1,12867,12870,38601,38602,38603,38606,38607,38608,77203,77204,77205,77206,77207,77210,77211,77212,77213,77214,1,-1,2,-2,1,3,1,-1,-3,-1,2,2,5,2,2,-2,-2,-5,-2,-2
0,1,12869,12872,38607,38608,38609,38612,38613,38614,77215,77216,77217,77218,77219,77222,77223,77224,77225,77226,1,-1,2,-2,1,3,1,-1,-3,-1,2,2,5,2,2,-2,-2,-5,-2,-2
0,1,12871,12874,38613,38614,38615,38618,38619,38620,77227,77228,77229,77230,77231,77234,77235,77236,77237,77238,1,-1,2,-2,1,3,1,-1,-3,-1,2,2,5,2,2,-2,-2,-5,-2,-2
0,1,12873,12876,38619,38620,38621,38624,38625,38626,77239,77240,77241,77242,77243,77246,77247,77248,77249,77250,1,-1,2,-2,1,3,1,-1,-3,-1,2,2,5,2,2,-2,-2,-5,-2,-2
0,1,12875,12878,38625,38626,38627,38630,38631,38632,77251,77252,77253,77254,77255,77258,77259,77260,77261,77262,1,-1,2,-2,1,3,1,-1,-3,-1,2,2,5,2,2,-2,-2,-5,-2,-2
0,1,12877,12880,38631,38632,38633,38636,38637,38638,77263,77264,77265,77266,77267,77270,77271,77272,77273,77274,1,-1,2,-2,1,3,1,-1,-3,-1,2,2,5,2,2,-2,-2,-5,-2,-2
0,1,12879,12882,38637,38638,38639,38642,38643,38644,77275,77276,77277,77278,77279,77282,77283,77284,77285,77286,1,-1,2,-2,1,3,1,-1,-3,-1,2,2,5,2,2,-2,-2,-5,-2,-2
0,1,12881,12884,38643,38644,38645,38648,38649,38650,77287,77288,77289,77290,77291,77294,77295,77296,77297,77298,1,-1,2,-2,1,3,1,-1,-3,-1,2,2,5,2,2,-2,-2,-5,-2,-2
0,1,12883,12886,38649,38650,38651,38654,38655,38656,77299,77300,77301,77302,77303,77306,77307,77308,77309,77310,1,-1,2,-2,1,3,1,-1,-3,-1,2,2,5,2,2,-2,-2,-5,-2,-2
0,1,12885,12888,38655,38656,38657,38660,38661,38662,77311,77312,77313,77314,77315,77318,77319,77320,77321,77322,1,-1,2,-2,1,3,1,-1,-3,-1,2,2,5,2,2,-2,-2,-5,-2,-2
0,1,12887,12890,38661,38662,38663,38666,38667,38668,77323,77324,77325,77326,77327,77330,77331,77332,77333,77334,1,-1,2,-2,1,3,1,-1,-3,-1,2,2,5,2,2,-2,-2,-5,-2,-2
0,1,12889,12892,38667,38668,38669,38672,38673,38674,77335,77336,77337,77338,77339,77342,77343,77344,77345,77346,1,-1,2,-2,1,3,1,-1,-3,-1,2,2,5,2,2,-2,-2,-5,-2,-2
0,1,12891,12894,38673,38674,38675,38678,38679,38680,77347,77348,77349,77350,77351,77354,77355,77356,77357,77358,1,-1,2,-2,1,3,1,-1,-3,-1,2,2,5,2,2,-2,-2,-5,-2,-2
0,1,12893,12896,38679,38680,38681,38684,38685,38686,77359,77360,77361,77362,77363,77366,77367,77368,77369,77370,1,-1,2,-2,1,3,1,-1,-3,-1,2,2,5,2,2,-2,-2,-5,-2,-2
0,1,12895,12898,38685,38686,38687,38690,38691,38692,77371,77372,77373,77374,77375,77378,77379,77380,77381,77382,1,-1,2,-2,1,3,1,-1,-3,-1,2,2,5,2,2,-2,-2,-5,-2,-2
0,1,12897,12900,38691,38692,38693,38696,38697,38698,77383,77384,77385,77386,77387,77390,77391,77392,77393,77394,1,-1,2,-2,1,3,1,-1,-3,-1,2,2,5,2,2,-2,-2,-5,-2,-2
0,1,12899,12902,38697,38698,38699,38702,38703,38704,77395,77396,77397,77398,77399,77402,77403,77404,77405,77406,1,-1,2,-2,1,3,1,-1,-3,-1,2,2,5,2,2,-2,-2,-5,-2,-2
0,1,12901,12904,38703,38704,38705,38708,38709,38710,77407,77408,77409,77410,77411,77414,77415,77416,77417,77418,1,-1,2,-2,1,3,1,-1,-3,-1,2,2,5,2,2,-2,-2,-5,-2,-2
0,1,12903,12906,38709,38710,38711,38714,38715,38716,77419,77420,77421,77422,77423,77426,77427,77428,77429,77430,1,-1,2,-2,1,3,1,-1,-3,-1,2,2,5,2,2,-2,-2,-5,-2,-2
0,1,12905,12908,38715,38716,38717,38720,38721,38722,77431,77432,77433,77434,77435,77438,77439,77440,77441,77442,1,-1,2,-2,1,3,1,-1,-3,-1,2,2,5,2,2,-2,-2,-5,-2,-2
0,1,12907,12910,38721,38722,38723,38726,38727,38728,77443,77444,77445,77446,77447,77450,77451,77452,77453,77454,1,-1,2,-2,1,3,1,-1,-3,-1,2,2,5,2,2,-2,-2,-5,-2,-2
0,1,12909,12912,38727,38728,38729,38732,38733,38734,77455,77456,77457,77458,77459,77462,77463,77464,77465,77466,1,-1,2,-2,1,3,1,-1,-3,-1,2,2,5,2,2,-2,-2,-5,-2,-2
0,1,12911,12914,38733,38734,38735,38738,38739,38740,77467,77468,77469,77470,77471,77474,77475,77476,77477,77478,1,-1,2,-2,1,3,1,-1,-3,-1,2,2,5,2,2,-2,-2,-5,-2,-2
0,1,12913,12916,38739,38740,38741,38744,38745,38746,77479,77480,77481,77482,77483,77486,77487,77488,77489,77490,1,-1,2,-2,1,3,1,-1,-3,-1,2,2,5,2,2,-2,-2,-5,-2,-2
0,1,12915,12918,38745,38746,38747,38750,38751,38752,77491,77492,77493,77494,77495,77498,77499,77500,77501,77502,1,-1,2,-2,1,3,1,-1,-3,-1,2,2,5,2,2,-2,-2,-5,-2,-2
0,1,12917,12920,38751,38752,38753,38756,38757,38758,77503,77504,77505,77506,77507,77510,77511,77512,77513,77514,1,-1,2,-2,1,3,1,-1,-3,-1,2,2,5,2,2,-2,-2,-5,-2,-2
0,1,12919,12922,38757,38758,38759,38762,38763,38764,77515,77516,77517,77518,77519,77522,77523,77524,77525,77526,1,-1,2,-2,1,3,1,-1,-3,-1,2,2,5,2,2,-2,-2,-5,-2,-2
0,1,12921,12924,38763,38764,38765,38768,38769,38770,77527,77528,77529,77530,77531,77534,77535,77536,77537,77538,1,-1,2,-2,1,3,1,-1,-3,-1,2,2,5,2,2,-2,-2,-5,-2,-2
0,1,12923,12926,38769,38770,38771,38774,38775,38776,77539,77540,77541,77542,77543,77546,77547,77548,77549,77550,1,-1,2,-2,1,3,1,-1,-3,-1,2,2,5,2,2,-2,-2,-5,-2,-2
0,1,12925,12928,38775,38776,38777,38780,38781,38782,77551,77552,77553,77554,77555,77558,77559,77560,77561,77562,1,-1,2,-2,1,3,1,-1,-3,-1,2,2,5,2,2,-2,-2,-5,-2,-2
0,1,12927,12930,38781,38782,38783,38786,38787,38788,77563,77564,77565,77566,77567,77570,77571,77572,77573,77574,1,-1,2,-2,1,3,1,-1,-3,-1,2,2,5,2,2,-2,-2,-5,-2,-2
0,1,12929,12932,38787,38788,38789,38792,38793,38794,77575,77576,77577,77578,77579,77582,77583,77584,77585,77586,1,-1,2,-2,1,3,1,-1,-3,-1,2,2,5,2,2,-2,-2,-5,-2,-2
0,1,12931,12934,38793,38794,38795,38798,38799,38800,77587,77588,77589,77590,77591,77594,77595,77596,77597,77598,1,-1,2,-2,1,3,1,-1,-3,-1,2,2,5,2,2,-2,-2,-5,-2,-2
0,1,12933,12936,38799,38800,38801,38804,38805,38806,77599,77600,77601,77602,77603,77606,77607,77608,77609,77610,1,-1,2,-2,1,3,1,-1,-3,-1,2,2,5,2,2,-2,-2,-5,-2,-2
0,1,12935,12938,38805,38806,38807,38810,38811,38812,77611,77612,77613,77614,77615,77618,77619,77620,77621,77622,1,-1,2,-2,1,3,1,-1,-3,-1,2,2,5,2,2,-2,-2,-5,-2,-2
0,1,12937,12940,38811,38812,38813,38816,38817,38818,77623,77624,77625,77626,77627,77630,77631,77632,77633,77634,1,-1,2,-2,1,3,1,-1,-3,-1,2,2,5,2,2,-2,-2,-5,-2,-2
0,1,12939,12942,38817,38818,38819,38822,38823,38824,77635,77636,77637,77638,77639,77642,77643,77644,77645,77646,1,-1,2,-2,1,3,1,-1,-3,-1,2,2,5,2,2,-2,-2,-5,-2,-2
0,1,12941,12944,38823,38824,38825,38828,38829,38830,77647,77648,77649,77650,77651,77654,77655,77656,77657,77658,1,-1,2,-2,1,3,1,-1,-3,-1,2,2,5,2,2,-2,-2,-5,-2,-2
0,1,12943,12946,38829,38830,38831,38834,38835,38836,77659,77660,77661,77662,77663,77666,77667,77668,77669,77670,1,-1,2,-2,1,3,1,-1,-3,-1,2,2,5,2,2,-2,-2,-5,-2,-2
0,1,12945,12948,38835,38836,38837,38840,38841,38842,77671,77672,77673,77674,77675,77678,77679,77680,77681,77682,1,-1,2,-2,1,3,1,-1,-3,-1,2,2,5,2,2,-2,-2,-5,-2,-2
0,1,12947,12950,38841,38842,38843,38846,38847,38848,77683,77684,77685,77686,77687,77690,77691,77692,77693,77694,1,-1,2,-2,1,3,1,-1,-3,-1,2,2,5,2,2,-2,-2,-5,-2,-2
0,1,12949,12952,38847,38848,38849,38852,38853,38854,77695,77696,77697,77698,77699,77702,77703,77704,77705,77706,1,-1,2,-2,1,3,1,-1,-3,-1,2,2,5,2,2,-2,-2,-5,-2,-2
0,1,12951,12954,38853,38854,38855,38858,38859,38860,77707,77708,77709,77710,77711,77714,77715,77716,77717,77718,1,-1,2,-2,1,3,1,-1,-3,-1,2,2,5,2,2,-2,-2,-5,-2,-2
0,1,12953,12956,38859,38860,38861,38864,38865,38866,77719,77720,77721,77722,77723,77726,77727,77728,77729,77730,1,-1,2,-2,1,3,1,-1,-3,-1,2,2,5,2,2,-2,-2,-5,-2,-2
0,1,12955,12958,38865,38866,38867,38870,38871,38872,77731,77732,77733,77734,77735,77738,77739,77740,77741,77742,1,-1,2,-2,1,3,1,-1,-3,-1,2,2,5,2,2,-2,-2,-5,-2,-2
0,1,12957,12960,38871,38872,38873,38876,38877,38878,77743,77744,77745,77746,77747,77750,77751,77752,77753,77754,1,-1,2,-2,1,3,1,-1,-3,-1,2,2,5,2,2,-2,-2,-5,-2,-2
0,1,12959,12962,38877,38878,38879,38882,38883,38884,77755,77756,77757,77758,77759,77762,77763,77764,77765,77766,1,-1,2,-2,1,3,1,-1,-3,-1,2,2,5,2,2,-2,-2,-5,-2,-2
0,1,12961,12964,38883,38884,38885,38888,38889,38890,77767,77768,77769,77770,77771,77774,77775,77776,77777,77778,1,-1,2,-2,1,3,1,-1,-3,-1,2,2,5,2,2,-2,-2,-5,-2,-2
0,1,12963,12966,38889,38890,38891,38894,38895,38896,77779,77780,77781,77782,77783,77786,77787,77788,77789,77790,1,-1,2,-2,1,3,1,-1,-3,-1,2,2,5,2,2,-2,-2,-5,-2,-2
0,1,12965,12968,38895,38896,38897,38900,38901,38902,77791,77792,77793,77794,77795,77798,77799,77800,77801,77802,1,-1,2,-2,1,3,1,-1,-3,-1,2,2,5,2,2,-2,-2,-5,-2,-2
0,1,12967,12970,38901,38902,38903,38906,38907,38908,77803,77804,77805,77806,77807,77810,77811,77812,77813,77814,1,-1,2,-2,1,3,1,-1,-3,-1,2,2,5,2,2,-2,-2,-5,-2,-2
0,1,12969,12972,38907,38908,38909,38912,38913,38914,77815,77816,77817,77818,77819,77822,77823,77824,77825,77826,1,-1,2,-2,1,3,1,-1,-3,-1,2,2,5,2,2,-2,-2,-5,-2,-2
0,1,12971,12974,38913,38914,38915,38918,38919,38920,77827,77828,77829,77830,77831,77834,77835,77836,77837,77838,1,-1,2,-2,1,3,1,-1,-3,-1,2,2,5,2,2,-2,-2,-5,-2,-2
0,1,12973,12976,38919,38920,38921,38924,38925,38926,77839,77840,77841,77842,77843,77846,77847,77848,77849,77850,1,-1,2,-2,1,3,1,-1,-3,-1,2,2,5,2,2,-2,-2,-5,-2,-2
0,1,12975,12978,38925,38926,38927,38930,38931,38932,77851,77852,77853,77854,77855,77858,77859,77860,77861,77862,1,-1,2,-2,1,3,1,-1,-3,-1,2,2,5,2,2,-2,-2,-5,-2,-2
0,1,12977,12980,38931,38932,38933,38936,38937,38938,77863,77864,77865,77866,77867,77870,77871,77872,77873,77874,1,-1,2,-2,1,3,1,-1,-3,-1,2,2,5,2,2,-2,-2,-5,-2,-2
0,1,12979,12982,38937,38938,38939,38942,38943,38944,77875,77876,77877,77878,77879,77882,77883,77884,77885,77886,1,-1,2,-2,1,3,1,-1,-3,-1,2,2,5,2,2,-2,-2,-5,-2,-2
0,1,12981,12984,38943,38944,38945,38948,38949,38950,77887,77888,77889,77890,77891,77894,77895,77896,77897,77898,1,-1,2,-2,1,3,1,-1,-3,-1,2,2,5,2,2,-2,-2,-5,-2,-2
0,1,12983,12986,38949,38950,38951,38954,38955,38956,77899,77900,77901,77902,77903,77906,77907,77908,77909,77910,1,-1,2,-2,1,3,1,-1,-3,-1,2,2,5,2,2,-2,-2,-5,-2,-2
0,1,12985,12988,38955,38956,38957,38960,38961,38962,77911,77912,77913,77914,77915,77918,77919,77920,77921,77922,1,-1,2,-2,1,3,1,-1,-3,-1,2,2,5,2,2,-2,-2,-5,-2,-2
0,1,12987,12990,38961,38962,38963,38966,38967,38968,77923,77924,77925,77926,77927,77930,77931,77932,77933,77934,1,-1,2,-2,1,3,1,-1,-3,-1,2,2,5,2,2,-2,-2,-5,-2,-2
0,1,12989,12992,38967,38968,38969,38972,38973,38974,77935,77936,77937,77938,77939,77942,77943,77944,77945,77946,1,-1,2,-2,1,3,1,-1,-3,-1,2,2,5,2,2,-2,-2,-5,-2,-2
0,1,12991,12994,38973,38974,38975,38978,38979,38980,77947,77948,77949,77950,77951,77954,77955,77956,77957,77958,1,-1,2,-2,1,3,1,-1,-3,-1,2,2,5,2,2,-2,-2,-5,-2,-2
0,1,12993,12996,38979,38980,38981,38984,38985,38986,77959,77960,77961,77962,77963,77966,77967,77968,77969,77970,1,-1,2,-2,1,3,1,-1,-3,-1,2,2,5,2,2,-2,-2,-5,-2,-2
0,1,12995,12998,38985,38986,38987,38990,38991,38992,77971,77972,77973,77974,77975,77978,77979,77980,77981,77982,1,-1,2,-2,1,3,1,-1,-3,-1,2,2,5,2,2,-2,-2,-5,-2,-2
0,1,12997,13000,38991,38992,38993,38996,38997,38998,77983,77984,77985,77986,77987,77990,77991,77992,77993,77994,1,-1,2,-2,1,3,1,-1,-3,-1,2,2,5,2,2,-2,-2,-5,-2,-2
0,1,12999,13002,38997,38998,38999,39002,39003,39004,77995,77996,77997,77998,77999,78002,78003,78004,78005,78006,1,-1,2,-2,1,3,1,-1,-3,-1,2,2,5,2,2,-2,-2,-5,-2,-2
0,1,13001,13004,39003,39004,39005,39008,39009,39010,78007,78008,78009,78010,78011,78014,78015,78016,78017,78018,1,-1,2,-2,1,3,1,-1,-3,-1,2,2,5,2,2,-2,-2,-5,-2,-2
0,1,13003,13006,39009,39010,39011,39014,39015,39016,78019,78020,78021,78022,78023,78026,78027,78028,78029,78030,1,-1,2,-2,1,3,1,-1,-3,-1,2,2,5,2,2,-2,-2,-5,-2,-2
0,1,13005,13008,39015,39016,39017,39020,39021,39022,78031,78032,78033,78034,78035,78038,78039,78040,78041,78042,1,-1,2,-2,1,3,1,-1,-3,-1,2,2,5,2,2,-2,-2,-5,-2,-2
0,1,13007,13010,39021,39022,39023,39026,39027,39028,78043,78044,78045,78046,78047,78050,78051,78052,78053,78054,1,-1,2,-2,1,3,1,-1,-3,-1,2,2,5,2,2,-2,-2,-5,-2,-2
0,1,13009,13012,39027,39028,39029,39032,39033,39034,78055,78056,78057,78058,78059,78062,78063,78064,78065,78066,1,-1,2,-2,1,3,1,-1,-3,-1,2,2,5,2,2,-2,-2,-5,-2,-2
0,1,13011,13014,39033,39034,39035,39038,39039,39040,78067,78068,78069,78070,78071,78074,78075,78076,78077,78078,1,-1,2,-2,1,3,1,-1,-3,-1,2,2,5,2,2,-2,-2,-5,-2,-2
0,1,13013,13016,39039,39040,39041,39044,39045,39046,78079,78080,78081,78082,78083,78086,78087,78088,78089,78090,1,-1,2,-2,1,3,1,-1,-3,-1,2,2,5,2,2,-2,-2,-5,-2,-2
0,1,13015,13018,39045,39046,39047,39050,39051,39052,78091,78092,78093,78094,78095,78098,78099,78100,78101,78102,1,-1,2,-2,1,3,1,-1,-3,-1,2,2,5,2,2,-2,-2,-5,-2,-2
0,1,13017,13020,39051,39052,39053,39056,39057,39058,78103,78104,78105,78106,78107,78110,78111,78112,78113,78114,1,-1,2,-2,1,3,1,-1,-3,-1,2,2,5,2,2,-2,-2,-5,-2,-2
0,1,13019,13022,39057,39058,39059,39062,39063,39064,78115,78116,78117,78118,78119,78122,78123,78124,78125,78126,1,-1,2,-2,1,3,1,-1,-3,-1,2,2,5,2,2,-2,-2,-5,-2,-2
0,1,13021,13024,39063,39064,39065,39068,39069,39070,78127,78128,78129,78130,78131,78134,78135,78136,78137,78138,1,-1,2,-2,1,3,1,-1,-3,-1,2,2,5,2,2,-2,-2,-5,-2,-2
0,1,13023,13026,39069,39070,39071,39074,39075,39076,78139,78140,78141,78142,78143,78146,78147,78148,78149,78150,1,-1,2,-2,1,3,1,-1,-3,-1,2,2,5,2,2,-2,-2,-5,-2,-2
0,1,13025,13028,39075,39076,39077,39080,39081,39082,78151,78152,78153,78154,78155,78158,78159,78160,78161,78162,1,-1,2,-2,1,3,1,-1,-3,-1,2,2,5,2,2,-2,-2,-5,-2,-2
0,1,13027,13030,39081,39082,39083,39086,39087,39088,78163,78164,78165,78166,78167,78170,78171,78172,78173,78174,1,-1,2,-2,1,3,1,-1,-3,-1,2,2,5,2,2,-2,-2,-5,-2,-2
0,1,13029,13032,39087,39088,39089,39092,39093,39094,78175,78176,78177,78178,78179,78182,78183,78184,78185,78186,1,-1,2,-2,1,3,1,-1,-3,-1,2,2,5,2,2,-2,-2,-5,-2,-2
0,1,13031,13034,39093,39094,39095,39098,39099,39100,78187,78188,78189,78190,78191,78194,78195,78196,78197,78198,1,-1,2,-2,1,3,1,-1,-3,-1,2,2,5,2,2,-2,-2,-5,-2,-2
0,1,13033,13036,39099,39100,39101,39104,39105,39106,78199,78200,78201,78202,78203,78206,78207,78208,78209,78210,1,-1,2,-2,1,3,1,-1,-3,-1,2,2,5,2,2,-2,-2,-5,-2,-2
0,1,13035,13038,39105,39106,39107,39110,39111,39112,78211,78212,78213,78214,78215,78218,78219,78220,78221,78222,1,-1,2,-2,1,3,1,-1,-3,-1,2,2,5,2,2,-2,-2,-5,-2,-2
0,1,13037,13040,39111,39112,39113,39116,39117,39118,78223,78224,78225,78226,78227,78230,78231,78232,78233,78234,1,-1,2,-2,1,3,1,-1,-3,-1,2,2,5,2,2,-2,-2,-5,-2,-2
0,1,13039,13042,39117,39118,39119,39122,39123,39124,78235,78236,78237,78238,78239,78242,78243,78244,78245,78246,1,-1,2,-2,1,3,1,-1,-3,-1,2,2,5,2,2,-2,-2,-5,-2,-2
0,1,13041,13044,39123,39124,39125,39128,39129,39130,78247,78248,78249,78250,78251,78254,78255,78256,78257,78258,1,-1,2,-2,1,3,1,-1,-3,-1,2,2,5,2,2,-2,-2,-5,-2,-2
0,1,13043,13046,39129,39130,39131,39134,39135,39136,78259,78260,78261,78262,78263,78266,78267,78268,78269,78270,1,-1,2,-2,1,3,1,-1,-3,-1,2,2,5,2,2,-2,-2,-5,-2,-2
0,1,13045,13048,39135,39136,39137,39140,39141,39142,78271,78272,78273,78274,78275,78278,78279,78280,78281,78282,1,-1,2,-2,1,3,1,-1,-3,-1,2,2,5,2,2,-2,-2,-5,-2,-2
0,1,13047,13050,39141,39142,39143,39146,39147,39148,78283,78284,78285,78286,78287,78290,78291,78292,78293,78294,1,-1,2,-2,1,3,1,-1,-3,-1,2,2,5,2,2,-2,-2,-5,-2,-2
0,1,13049,13052,39147,39148,39149,39152,39153,39154,78295,78296,78297,78298,78299,78302,78303,78304,78305,78306,1,-1,2,-2,1,3,1,-1,-3,-1,2,2,5,2,2,-2,-2,-5,-2,-2
0,1,13051,13054,39153,39154,39155,39158,39159,39160,78307,78308,78309,78310,78311,78314,78315,78316,78317,78318,1,-1,2,-2,1,3,1,-1,-3,-1,2,2,5,2,2,-2,-2,-5,-2,-2
0,1,13053,13056,39159,39160,39161,39164,39165,39166,78319,78320,78321,78322,78323,78326,78327,78328,78329,78330,1,-1,2,-2,1,3,1,-1,-3,-1,2,2,5,2,2,-2,-2,-5,-2,-2
0,1,13055,13058,39165,39166,39167,39170,39171,39172,78331,78332,78333,78334,78335,78338,78339,78340,78341,78342,1,-1,2,-2,1,3,1,-1,-3,-1,2,2,5,2,2,-2,-2,-5,-2,-2
0,1,13057,13060,39171,39172,39173,39176,39177,39178,78343,78344,78345,78346,78347,78350,78351,78352,78353,78354,1,-1,2,-2,1,3,1,-1,-3,-1,2,2,5,2,2,-2,-2,-5,-2,-2
0,1,13059,13062,39177,39178,39179,39182,39183,39184,78355,78356,78357,78358,78359,78362,78363,78364,78365,78366,1,-1,2,-2,1,3,1,-1,-3,-1,2,2,5,2,2,-2,-2,-5,-2,-2
0,1,13061,13064,39183,39184,39185,39188,39189,39190,78367,78368,78369,78370,78371,78374,78375,78376,78377,78378,1,-1,2,-2,1,3,1,-1,-3,-1,2,2,5,2,2,-2,-2,-5,-2,-2
0,1,13063,13066,39189,39190,39191,39194,39195,39196,78379,78380,78381,78382,78383,78386,78387,78388,78389,78390,1,-1,2,-2,1,3,1,-1,-3,-1,2,2,5,2,2,-2,-2,-5,-2,-2
0,1,13065,13068,39195,39196,39197,39200,39201,39202,78391,78392,78393,78394,78395,78398,78399,78400,78401,78402,1,-1,2,-2,1,3,1,-1,-3,-1,2,2,5,2,2,-2,-2,-5,-2,-2
0,1,13067,13070,39201,39202,39203,39206,39207,39208,78403,78404,78405,78406,78407,78410,78411,78412,78413,78414,1,-1,2,-2,1,3,1,-1,-3,-1,2,2,5,2,2,-2,-2,-5,-2,-2
0,1,13069,13072,39207,39208,39209,39212,39213,39214,78415,78416,78417,78418,78419,78422,78423,78424,78425,78426,1,-1,2,-2,1,3,1,-1,-3,-1,2,2,5,2,2,-2,-2,-5,-2,-2
0,1,13071,13074,39213,39214,39215,39218,39219,39220,78427,78428,78429,78430,78431,78434,78435,78436,78437,78438,1,-1,2,-2,1,3,1,-1,-3,-1,2,2,5,2,2,-2,-2,-5,-2,-2
0,1,13073,13076,39219,39220,39221,39224,39225,39226,78439,78440,78441,78442,78443,78446,78447,78448,78449,78450,1,-1,2,-2,1,3,1,-1,-3,-1,2,2,5,2,2,-2,-2,-5,-2,-2
0,1,13075,13078,39225,39226,39227,39230,39231,39232,78451,78452,78453,78454,78455,78458,78459,78460,78461,78462,1,-1,2,-2,1,3,1,-1,-3,-1,2,2,5,2,2,-2,-2,-5,-2,-2
0,1,13077,13080,39231,39232,39233,39236,39237,39238,78463,78464,78465,78466,78467,78470,78471,78472,78473,78474,1,-1,2,-2,1,3,1,-1,-3,-1,2,2,5,2,2,-2,-2,-5,-2,-2
0,1,13079,13082,39237,39238,39239,39242,39243,39244,78475,78476,78477,78478,78479,78482,78483,78484,78485,78486,1,-1,2,-2,1,3,1,-1,-3,-1,2,2,5,2,2,-2,-2,-5,-2,-2
0,1,13081,13084,39243,39244,39245,39248,39249,39250,78487,78488,78489,78490,78491,78494,78495,78496,78497,78498,1,-1,2,-2,1,3,1,-1,-3,-1,2,2,5,2,2,-2,-2,-5,-2,-2
0,1,13083,13086,39249,39250,39251,39254,39255,39256,78499,78500,78501,78502,78503,78506,78507,78508,78509,78510,1,-1,2,-2,1,3,1,-1,-3,-1,2,2,5,2,2,-2,-2,-5,-2,-2
0,1,13085,13088,39255,39256,39257,39260,39261,39262,78511,78512,78513,78514,78515,78518,78519,78520,78521,78522,1,-1,2,-2,1,3,1,-1,-3,-1,2,2,5,2,2,-2,-2,-5,-2,-2
0,1,13087,13090,39261,39262,39263,39266,39267,39268,78523,78524,78525,78526,78527,78530,78531,78532,78533,78534,1,-1,2,-2,1,3,1,-1,-3,-1,2,2,5,2,2,-2,-2,-5,-2,-2
0,1,13089,13092,39267,39268,39269,39272,39273,39274,78535,78536,78537,78538,78539,78542,78543,78544,78545,78546,1,-1,2,-2,1,3,1,-1,-3,-1,2,2,5,2,2,-2,-2,-5,-2,-2
0,1,13091,13094,39273,39274,39275,39278,39279,39280,78547,78548,78549,78550,78551,78554,78555,78556,78557,78558,1,-1,2,-2,1,3,1,-1,-3,-1,2,2,5,2,2,-2,-2,-5,-2,-2
0,1,13093,13096,39279,39280,39281,39284,39285,39286,78559,78560,78561,78562,78563,78566,78567,78568,78569,78570,1,-1,2,-2,1,3,1,-1,-3,-1,2,2,5,2,2,-2,-2,-5,-2,-2
0,1,13095,13098,39285,39286,39287,39290,39291,39292,78571,78572,78573,78574,78575,78578,78579,78580,78581,78582,1,-1,2,-2,1,3,1,-1,-3,-1,2,2,5,2,2,-2,-2,-5,-2,-2
0,1,13097,13100,39291,39292,39293,39296,39297,39298,78583,78584,78585,78586,78587,78590,78591,78592,78593,78594,1,-1,2,-2,1,3,1,-1,-3,-1,2,2,5,2,2,-2,-2,-5,-2,-2
0,1,13099,13102,39297,39298,39299,39302,39303,39304,78595,78596,78597,78598,78599,78602,78603,78604,78605,78606,1,-1,2,-2,1,3,1,-1,-3,-1,2,2,5,2,2,-2,-2,-5,-2,-2
0,1,13101,13104,39303,39304,39305,39308,39309,39310,78607,78608,78609,78610,78611,78614,78615,78616,78617,78618,1,-1,2,-2,1,3,1,-1,-3,-1,2,2,5,2,2,-2,-2,-5,-2,-2
0,1,13103,13106,39309,39310,39311,39314,39315,39316,78619,78620,78621,78622,78623,78626,78627,78628,78629,78630,1,-1,2,-2,1,3,1,-1,-3,-1,2,2,5,2,2,-2,-2,-5,-2,-2
0,1,13105,13108,39315,39316,39317,39320,39321,39322,78631,78632,78633,78634,78635,78638,78639,78640,78641,78642,1,-1,2,-2,1,3,1,-1,-3,-1,2,2,5,2,2,-2,-2,-5,-2,-2
0,1,13107,13110,39321,39322,39323,39326,39327,39328,78643,78644,78645,78646,78647,78650,78651,78652,78653,78654,1,-1,2,-2,1,3,1,-1,-3,-1,2,2,5,2,2,-2,-2,-5,-2,-2
0,1,13109,13112,39327,39328,39329,39332,39333,39334,78655,78656,78657,78658,78659,78662,78663,78664,78665,78666,1,-1,2,-2,1,3,1,-1,-3,-1,2,2,5,2,2,-2,-2,-5,-2,-2
0,1,13111,13114,39333,39334,39335,39338,39339,39340,78667,78668,78669,78670,78671,78674,78675,78676,78677,78678,1,-1,2,-2,1,3,1,-1,-3,-1,2,2,5,2,2,-2,-2,-5,-2,-2
0,1,13113,13116,39339,39340,39341,39344,39345,39346,78679,78680,78681,78682,78683,78686,78687,78688,78689,78690,1,-1,2,-2,1,3,1,-1,-3,-1,2,2,5,2,2,-2,-2,-5,-2,-2
0,1,13115,13118,39345,39346,39347,39350,39351,39352,78691,78692,78693,78694,78695,78698,78699,78700,78701,78702,1,-1,2,-2,1,3,1,-1,-3,-1,2,2,5,2,2,-2,-2,-5,-2,-2
0,1,13117,13120,39351,39352,39353,39356,39357,39358,78703,78704,78705,78706,78707,78710,78711,78712,78713,78714,1,-1,2,-2,1,3,1,-1,-3,-1,2,2,5,2,2,-2,-2,-5,-2,-2
0,1,13119,13122,39357,39358,39359,39362,39363,39364,78715,78716,78717,78718,78719,78722,78723,78724,78725,78726,1,-1,2,-2,1,3,1,-1,-3,-1,2,2,5,2,2,-2,-2,-5,-2,-2
0,1,13121,13124,39363,39364,39365,39368,39369,39370,78727,78728,78729,78730,78731,78734,78735,78736,78737,78738,1,-1,2,-2,1,3,1,-1,-3,-1,2,2,5,2,2,-2,-2,-5,-2,-2
0,1,13123,13126,39369,39370,39371,39374,39375,39376,78739,78740,78741,78742,78743,78746,78747,78748,78749,78750,1,-1,2,-2,1,3,1,-1,-3,-1,2,2,5,2,2,-2,-2,-5,-2,-2
0,1,13125,13128,39375,39376,39377,39380,39381,39382,78751,78752,78753,78754,78755,78758,78759,78760,78761,78762,1,-1,2,-2,1,3,1,-1,-3,-1,2,2,5,2,2,-2,-2,-5,-2,-2
0,1,13127,13130,39381,39382,39383,39386,39387,39388,78763,78764,78765,78766,78767,78770,78771,78772,78773,78774,1,-1,2,-2,1,3,1,-1,-3,-1,2,2,5,2,2,-2,-2,-5,-2,-2
0,1,13129,13132,39387,39388,39389,39392,39393,39394,78775,78776,78777,78778,78779,78782,78783,78784,78785,78786,1,-1,2,-2,1,3,1,-1,-3,-1,2,2,5,2,2,-2,-2,-5,-2,-2
0,1,13131,13134,39393,39394,39395,39398,39399,39400,78787,78788,78789,78790,78791,78794,78795,78796,78797,78798,1,-1,2,-2,1,3,1,-1,-3,-1,2,2,5,2,2,-2,-2,-5,-2,-2
0,1,13133,13136,39399,39400,39401,39404,39405,39406,78799,78800,78801,78802,78803,78806,78807,78808,78809,78810,1,-1,2,-2,1,3,1,-1,-3,-1,2,2,5,2,2,-2,-2,-5,-2,-2
0,1,13135,13138,39405,39406,39407,39410,39411,39412,78811,78812,78813,78814,78815,78818,78819,78820,78821,78822,1,-1,2,-2,1,3,1,-1,-3,-1,2,2,5,2,2,-2,-2,-5,-2,-2
0,1,13137,13140,39411,39412,39413,39416,39417,39418,78823,78824,78825,78826,78827,78830,78831,78832,78833,78834,1,-1,2,-2,1,3,1,-1,-3,-1,2,2,5,2,2,-2,-2,-5,-2,-2
0,1,13139,13142,39417,39418,39419,39422,39423,39424,78835,78836,78837,78838,78839,78842,78843,78844,78845,78846,1,-1,2,-2,1,3,1,-1,-3,-1,2,2,5,2,2,-2,-2,-5,-2,-2
0,1,13141,13144,39423,39424,39425,39428,39429,39430,78847,78848,78849,78850,78851,78854,78855,78856,78857,78858,1,-1,2,-2,1,3,1,-1,-3,-1,2,2,5,2,2,-2,-2,-5,-2,-2
0,1,13143,13146,39429,39430,39431,39434,39435,39436,78859,78860,78861,78862,78863,78866,78867,78868,78869,78870,1,-1,2,-2,1,3,1,-1,-3,-1,2,2,5,2,2,-2,-2,-5,-2,-2
0,1,13145,13148,39435,39436,39437,39440,39441,39442,78871,78872,78873,78874,78875,78878,78879,78880,78881,78882,1,-1,2,-2,1,3,1,-1,-3,-1,2,2,5,2,2,-2,-2,-5,-2,-2
0,1,13147,13150,39441,39442,39443,39446,39447,39448,78883,78884,78885,78886,78887,78890,78891,78892,78893,78894,1,-1,2,-2,1,3,1,-1,-3,-1,2,2,5,2,2,-2,-2,-5,-2,-2
0,1,13149,13152,39447,39448,39449,39452,39453,39454,78895,78896,78897,78898,78899,78902,78903,78904,78905,78906,1,-1,2,-2,1,3,1,-1,-3,-1,2,2,5,2,2,-2,-2,-5,-2,-2
0,1,13151,13154,39453,39454,39455,39458,39459,39460,78907,78908,78909,78910,78911,78914,78915,78916,78917,78918,1,-1,2,-2,1,3,1,-1,-3,-1,2,2,5,2,2,-2,-2,-5,-2,-2
0,1,13153,13156,39459,39460,39461,39464,39465,39466,78919,78920,78921,78922,78923,78926,78927,78928,78929,78930,1,-1,2,-2,1,3,1,-1,-3,-1,2,2,5,2,2,-2,-2,-5,-2,-2
0,1,13155,13158,39465,39466,39467,39470,39471,39472,78931,78932,78933,78934,78935,78938,78939,78940,78941,78942,1,-1,2,-2,1,3,1,-1,-3,-1,2,2,5,2,2,-2,-2,-5,-2,-2
0,1,13157,13160,39471,39472,39473,39476,39477,39478,78943,78944,78945,78946,78947,78950,78951,78952,78953,78954,1,-1,2,-2,1,3,1,-1,-3,-1,2,2,5,2,2,-2,-2,-5,-2,-2
0,1,13159,13162,39477,39478,39479,39482,39483,39484,78955,78956,78957,78958,78959,78962,78963,78964,78965,78966,1,-1,2,-2,1,3,1,-1,-3,-1,2,2,5,2,2,-2,-2,-5,-2,-2
0,1,13161,13164,39483,39484,39485,39488,39489,39490,78967,78968,78969,78970,78971,78974,78975,78976,78977,78978,1,-1,2,-2,1,3,1,-1,-3,-1,2,2,5,2,2,-2,-2,-5,-2,-2
0,1,13163,13166,39489,39490,39491,39494,39495,39496,78979,78980,78981,78982,78983,78986,78987,78988,78989,78990,1,-1,2,-2,1,3,1,-1,-3,-1,2,2,5,2,2,-2,-2,-5,-2,-2
0,1,13165,13168,39495,39496,39497,39500,39501,39502,78991,78992,78993,78994,78995,78998,78999,79000,79001,79002,1,-1,2,-2,1,3,1,-1,-3,-1,2,2,5,2,2,-2,-2,-5,-2,-2
0,1,13167,13170,39501,39502,39503,39506,39507,39508,79003,79004,79005,79006,79007,79010,79011,79012,79013,79014,1,-1,2,-2,1,3,1,-1,-3,-1,2,2,5,2,2,-2,-2,-5,-2,-2
0,1,13169,13172,39507,39508,39509,39512,39513,39514,79015,79016,79017,79018,79019,79022,79023,79024,79025,79026,1,-1,2,-2,1,3,1,-1,-3,-1,2,2,5,2,2,-2,-2,-5,-2,-2
0,1,13171,13174,39513,39514,39515,39518,39519,39520,79027,79028,79029,79030,79031,79034,79035,79036,79037,79038,1,-1,2,-2,1,3,1,-1,-3,-1,2,2,5,2,2,-2,-2,-5,-2,-2
0,1,13173,13176,39519,39520,39521,39524,39525,39526,79039,79040,79041,79042,79043,79046,79047,79048,79049,79050,1,-1,2,-2,1,3,1,-1,-3,-1,2,2,5,2,2,-2,-2,-5,-2,-2
0,1,13175,13178,39525,39526,39527,39530,39531,39532,79051,79052,79053,79054,79055,79058,79059,79060,79061,79062,1,-1,2,-2,1,3,1,-1,-3,-1,2,2,5,2,2,-2,-2,-5,-2,-2
0,1,13177,13180,39531,39532,39533,39536,39537,39538,79063,79064,79065,79066,79067,79070,79071,79072,79073,79074,1,-1,2,-2,1,3,1,-1,-3,-1,2,2,5,2,2,-2,-2,-5,-2,-2
0,1,13179,13182,39537,39538,39539,39542,39543,39544,79075,79076,79077,79078,79079,79082,79083,79084,79085,79086,1,-1,2,-2,1,3,1,-1,-3,-1,2,2,5,2,2,-2,-2,-5,-2,-2
0,1,13181,13184,39543,39544,39545,39548,39549,39550,79087,79088,79089,79090,79091,79094,79095,79096,79097,79098,1,-1,2,-2,1,3,1,-1,-3,-1,2,2,5,2,2,-2,-2,-5,-2,-2
0,1,13183,13186,39549,39550,39551,39554,39555,39556,79099,79100,79101,79102,79103,79106,79107,79108,79109,79110,1,-1,2,-2,1,3,1,-1,-3,-1,2,2,5,2,2,-2,-2,-5,-2,-2
0,1,13185,13188,39555,39556,39557,39560,39561,39562,79111,79112,79113,79114,79115,79118,79119,79120,79121,79122,1,-1,2,-2,1,3,1,-1,-3,-1,2,2,5,2,2,-2,-2,-5,-2,-2
0,1,13187,13190,39561,39562,39563,39566,39567,39568,79123,79124,79125,79126,79127,79130,79131,79132,79133,79134,1,-1,2,-2,1,3,1,-1,-3,-1,2,2,5,2,2,-2,-2,-5,-2,-2
0,1,13189,13192,39567,39568,39569,39572,39573,39574,79135,79136,79137,79138,79139,79142,79143,79144,79145,79146,1,-1,2,-2,1,3,1,-1,-3,-1,2,2,5,2,2,-2,-2,-5,-2,-2
0,1,13191,13194,39573,39574,39575,39578,39579,39580,79147,79148,79149,79150,79151,79154,79155,79156,79157,79158,1,-1,2,-2,1,3,1,-1,-3,-1,2,2,5,2,2,-2,-2,-5,-2,-2
0,1,13193,13196,39579,39580,39581,39584,39585,39586,79159,79160,79161,79162,79163,79166,79167,79168,79169,79170,1,-1,2,-2,1,3,1,-1,-3,-1,2,2,5,2,2,-2,-2,-5,-2,-2
0,1,13195,13198,39585,39586,39587,39590,39591,39592,79171,79172,79173,79174,79175,79178,79179,79180,79181,79182,1,-1,2,-2,1,3,1,-1,-3,-1,2,2,5,2,2,-2,-2,-5,-2,-2
0,1,13197,13200,39591,39592,39593,39596,39597,39598,79183,79184,79185,79186,79187,79190,79191,79192,79193,79194,1,-1,2,-2,1,3,1,-1,-3,-1,2,2,5,2,2,-2,-2,-5,-2,-2
0,1,13199,13202,39597,39598,39599,39602,39603,39604,79195,79196,79197,79198,79199,79202,79203,79204,79205,79206,1,-1,2,-2,1,3,1,-1,-3,-1,2,2,5,2,2,-2,-2,-5,-2,-2
0,1,13201,13204,39603,39604,39605,39608,39609,39610,79207,79208,79209,79210,79211,79214,79215,79216,79217,79218,1,-1,2,-2,1,3,1,-1,-3,-1,2,2,5,2,2,-2,-2,-5,-2,-2
0,1,13203,13206,39609,39610,39611,39614,39615,39616,79219,79220,79221,79222,79223,79226,79227,79228,79229,79230,1,-1,2,-2,1,3,1,-1,-3,-1,2,2,5,2,2,-2,-2,-5,-2,-2
0,1,13205,13208,39615,39616,39617,39620,39621,39622,79231,79232,79233,79234,79235,79238,79239,79240,79241,79242,1,-1,2,-2,1,3,1,-1,-3,-1,2,2,5,2,2,-2,-2,-5,-2,-2
0,1,13207,13210,39621,39622,39623,39626,39627,39628,79243,79244,79245,79246,79247,79250,79251,79252,79253,79254,1,-1,2,-2,1,3,1,-1,-3,-1,2,2,5,2,2,-2,-2,-5,-2,-2
0,1,13209,13212,39627,39628,39629,39632,39633,39634,79255,79256,79257,79258,79259,79262,79263,79264,79265,79266,1,-1,2,-2,1,3,1,-1,-3,-1,2,2,5,2,2,-2,-2,-5,-2,-2
0,1,13211,13214,39633,39634,39635,39638,39639,39640,79267,79268,79269,79270,79271,79274,79275,79276,79277,79278,1,-1,2,-2,1,3,1,-1,-3,-1,2,2,5,2,2,-2,-2,-5,-2,-2
0,1,13213,13216,39639,39640,39641,39644,39645,39646,79279,79280,79281,79282,79283,79286,79287,79288,79289,79290,1,-1,2,-2,1,3,1,-1,-3,-1,2,2,5,2,2,-2,-2,-5,-2,-2
0,1,13215,13218,39645,39646,39647,39650,39651,39652,79291,79292,79293,79294,79295,79298,79299,79300,79301,79302,1,-1,2,-2,1,3,1,-1,-3,-1,2,2,5,2,2,-2,-2,-5,-2,-2
0,1,13217,13220,39651,39652,39653,39656,39657,39658,79303,79304,79305,79306,79307,79310,79311,79312,79313,79314,1,-1,2,-2,1,3,1,-1,-3,-1,2,2,5,2,2,-2,-2,-5,-2,-2
0,1,13219,13222,39657,39658,39659,39662,39663,39664,79315,79316,79317,79318,79319,79322,79323,79324,79325,79326,1,-1,2,-2,1,3,1,-1,-3,-1,2,2,5,2,2,-2,-2,-5,-2,-2
0,1,13221,13224,39663,39664,39665,39668,39669,39670,79327,79328,79329,79330,79331,79334,79335,79336,79337,79338,1,-1,2,-2,1,3,1,-1,-3,-1,2,2,5,2,2,-2,-2,-5,-2,-2
0,1,13223,13226,39669,39670,39671,39674,39675,39676,79339,79340,79341,79342,79343,79346,79347,79348,79349,79350,1,-1,2,-2,1,3,1,-1,-3,-1,2,2,5,2,2,-2,-2,-5,-2,-2
0,1,13225,13228,39675,39676,39677,39680,39681,39682,79351,79352,79353,79354,79355,79358,79359,79360,79361,79362,1,-1,2,-2,1,3,1,-1,-3,-1,2,2,5,2,2,-2,-2,-5,-2,-2
0,1,13227,13230,39681,39682,39683,39686,39687,39688,79363,79364,79365,79366,79367,79370,79371,79372,79373,79374,1,-1,2,-2,1,3,1,-1,-3,-1,2,2,5,2,2,-2,-2,-5,-2,-2
0,1,13229,13232,39687,39688,39689,39692,39693,39694,79375,79376,79377,79378,79379,79382,79383,79384,79385,79386,1,-1,2,-2,1,3,1,-1,-3,-1,2,2,5,2,2,-2,-2,-5,-2,-2
0,1,13231,13234,39693,39694,39695,39698,39699,39700,79387,79388,79389,79390,79391,79394,79395,79396,79397,79398,1,-1,2,-2,1,3,1,-1,-3,-1,2,2,5,2,2,-2,-2,-5,-2,-2
0,1,13233,13236,39699,39700,39701,39704,39705,39706,79399,79400,79401,79402,79403,79406,79407,79408,79409,79410,1,-1,2,-2,1,3,1,-1,-3,-1,2,2,5,2,2,-2,-2,-5,-2,-2
0,1,13235,13238,39705,39706,39707,39710,39711,39712,79411,79412,79413,79414,79415,79418,79419,79420,79421,79422,1,-1,2,-2,1,3,1,-1,-3,-1,2,2,5,2,2,-2,-2,-5,-2,-2
0,1,13237,13240,39711,39712,39713,39716,39717,39718,79423,79424,79425,79426,79427,79430,79431,79432,79433,79434,1,-1,2,-2,1,3,1,-1,-3,-1,2,2,5,2,2,-2,-2,-5,-2,-2
0,1,13239,13242,39717,39718,39719,39722,39723,39724,79435,79436,79437,79438,79439,79442,79443,79444,79445,79446,1,-1,2,-2,1,3,1,-1,-3,-1,2,2,5,2,2,-2,-2,-5,-2,-2
0,1,13241,13244,39723,39724,39725,39728,39729,39730,79447,79448,79449,79450,79451,79454,79455,79456,79457,79458,1,-1,2,-2,1,3,1,-1,-3,-1,2,2,5,2,2,-2,-2,-5,-2,-2
0,1,13243,13246,39729,39730,39731,39734,39735,39736,79459,79460,79461,79462,79463,79466,79467,79468,79469,79470,1,-1,2,-2,1,3,1,-1,-3,-1,2,2,5,2,2,-2,-2,-5,-2,-2
0,1,13245,13248,39735,39736,39737,39740,39741,39742,79471,79472,79473,79474,79475,79478,79479,79480,79481,79482,1,-1,2,-2,1,3,1,-1,-3,-1,2,2,5,2,2,-2,-2,-5,-2,-2
0,1,13247,13250,39741,39742,39743,39746,39747,39748,79483,79484,79485,79486,79487,79490,79491,79492,79493,79494,1,-1,2,-2,1,3,1,-1,-3,-1,2,2,5,2,2,-2,-2,-5,-2,-2
0,1,13249,13252,39747,39748,39749,39752,39753,39754,79495,79496,79497,79498,79499,79502,79503,79504,79505,79506,1,-1,2,-2,1,3,1,-1,-3,-1,2,2,5,2,2,-2,-2,-5,-2,-2
0,1,13251,13254,39753,39754,39755,39758,39759,39760,79507,79508,79509,79510,79511,79514,79515,79516,79517,79518,1,-1,2,-2,1,3,1,-1,-3,-1,2,2,5,2,2,-2,-2,-5,-2,-2
0,1,13253,13256,39759,39760,39761,39764,39765,39766,79519,79520,79521,79522,79523,79526,79527,79528,79529,79530,1,-1,2,-2,1,3,1,-1,-3,-1,2,2,5,2,2,-2,-2,-5,-2,-2
0,1,13255,13258,39765,39766,39767,39770,39771,39772,79531,79532,79533,79534,79535,79538,79539,79540,79541,79542,1,-1,2,-2,1,3,1,-1,-3,-1,2,2,5,2,2,-2,-2,-5,-2,-2
0,1,13257,13260,39771,39772,39773,39776,39777,39778,79543,79544,79545,79546,79547,79550,79551,79552,79553,79554,1,-1,2,-2,1,3,1,-1,-3,-1,2,2,5,2,2,-2,-2,-5,-2,-2
0,1,13259,13262,39777,39778,39779,39782,39783,39784,79555,79556,79557,79558,79559,79562,79563,79564,79565,79566,1,-1,2,-2,1,3,1,-1,-3,-1,2,2,5,2,2,-2,-2,-5,-2,-2
0,1,13261,13264,39783,39784,39785,39788,39789,39790,79567,79568,79569,79570,79571,79574,79575,79576,79577,79578,1,-1,2,-2,1,3,1,-1,-3,-1,2,2,5,2,2,-2,-2,-5,-2,-2
0,1,13263,13266,39789,39790,39791,39794,39795,39796,79579,79580,79581,79582,79583,79586,79587,79588,79589,79590,1,-1,2,-2,1,3,1,-1,-3,-1,2,2,5,2,2,-2,-2,-5,-2,-2
0,1,13265,13268,39795,39796,39797,39800,39801,39802,79591,79592,79593,79594,79595,79598,79599,79600,79601,79602,1,-1,2,-2,1,3,1,-1,-3,-1,2,2,5,2,2,-2,-2,-5,-2,-2
0,1,13267,13270,39801,39802,39803,39806,39807,39808,79603,79604,79605,79606,79607,79610,79611,79612,79613,79614,1,-1,2,-2,1,3,1,-1,-3,-1,2,2,5,2,2,-2,-2,-5,-2,-2
0,1,13269,13272,39807,39808,39809,39812,39813,39814,79615,79616,79617,79618,79619,79622,79623,79624,79625,79626,1,-1,2,-2,1,3,1,-1,-3,-1,2,2,5,2,2,-2,-2,-5,-2,-2
0,1,13271,13274,39813,39814,39815,39818,39819,39820,79627,79628,79629,79630,79631,79634,79635,79636,79637,79638,1,-1,2,-2,1,3,1,-1,-3,-1,2,2,5,2,2,-2,-2,-5,-2,-2
0,1,13273,13276,39819,39820,39821,39824,39825,39826,79639,79640,79641,79642,79643,79646,79647,79648,79649,79650,1,-1,2,-2,1,3,1,-1,-3,-1,2,2,5,2,2,-2,-2,-5,-2,-2
0,1,13275,13278,39825,39826,39827,39830,39831,39832,79651,79652,79653,79654,79655,79658,79659,79660,79661,79662,1,-1,2,-2,1,3,1,-1,-3,-1,2,2,5,2,2,-2,-2,-5,-2,-2
0,1,13277,13280,39831,39832,39833,39836,39837,39838,79663,79664,79665,79666,79667,79670,79671,79672,79673,79674,1,-1,2,-2,1,3,1,-1,-3,-1,2,2,5,2,2,-2,-2,-5,-2,-2
0,1,13279,13282,39837,39838,39839,39842,39843,39844,79675,79676,79677,79678,79679,79682,79683,79684,79685,79686,1,-1,2,-2,1,3,1,-1,-3,-1,2,2,5,2,2,-2,-2,-5,-2,-2
0,1,13281,13284,39843,39844,39845,39848,39849,39850,79687,79688,79689,79690,79691,79694,79695,79696,79697,79698,1,-1,2,-2,1,3,1,-1,-3,-1,2,2,5,2,2,-2,-2,-5,-2,-2
0,1,13283,13286,39849,39850,39851,39854,39855,39856,79699,79700,79701,79702,79703,79706,79707,79708,79709,79710,1,-1,2,-2,1,3,1,-1,-3,-1,2,2,5,2,2,-2,-2,-5,-2,-2
0,1,13285,13288,39855,39856,39857,39860,39861,39862,79711,79712,79713,79714,79715,79718,79719,79720,79721,79722,1,-1,2,-2,1,3,1,-1,-3,-1,2,2,5,2,2,-2,-2,-5,-2,-2
0,1,13287,13290,39861,39862,39863,39866,39867,39868,79723,79724,79725,79726,79727,79730,79731,79732,79733,79734,1,-1,2,-2,1,3,1,-1,-3,-1,2,2,5,2,2,-2,-2,-5,-2,-2
0,1,13289,13292,39867,39868,39869,39872,39873,39874,79735,79736,79737,79738,79739,79742,79743,79744,79745,79746,1,-1,2,-2,1,3,1,-1,-3,-1,2,2,5,2,2,-2,-2,-5,-2,-2
0,1,13291,13294,39873,39874,39875,39878,39879,39880,79747,79748,79749,79750,79751,79754,79755,79756,79757,79758,1,-1,2,-2,1,3,1,-1,-3,-1,2,2,5,2,2,-2,-2,-5,-2,-2
0,1,13293,13296,39879,39880,39881,39884,39885,39886,79759,79760,79761,79762,79763,79766,79767,79768,79769,79770,1,-1,2,-2,1,3,1,-1,-3,-1,2,2,5,2,2,-2,-2,-5,-2,-2
0,1,13295,13298,39885,39886,39887,39890,39891,39892,79771,79772,79773,79774,79775,79778,79779,79780,79781,79782,1,-1,2,-2,1,3,1,-1,-3,-1,2,2,5,2,2,-2,-2,-5,-2,-2
0,1,13297,13300,39891,39892,39893,39896,39897,39898,79783,79784,79785,79786,79787,79790,79791,79792,79793,79794,1,-1,2,-2,1,3,1,-1,-3,-1,2,2,5,2,2,-2,-2,-5,-2,-2
0,1,13299,13302,39897,39898,39899,39902,39903,39904,79795,79796,79797,79798,79799,79802,79803,79804,79805,79806,1,-1,2,-2,1,3,1,-1,-3,-1,2,2,5,2,2,-2,-2,-5,-2,-2
0,1,13301,13304,39903,39904,39905,39908,39909,39910,79807,79808,79809,79810,79811,79814,79815,79816,79817,79818,1,-1,2,-2,1,3,1,-1,-3,-1,2,2,5,2,2,-2,-2,-5,-2,-2
0,1,13303,13306,39909,39910,39911,39914,39915,39916,79819,79820,79821,79822,79823,79826,79827,79828,79829,79830,1,-1,2,-2,1,3,1,-1,-3,-1,2,2,5,2,2,-2,-2,-5,-2,-2
0,1,13305,13308,39915,39916,39917,39920,39921,39922,79831,79832,79833,79834,79835,79838,79839,79840,79841,79842,1,-1,2,-2,1,3,1,-1,-3,-1,2,2,5,2,2,-2,-2,-5,-2,-2
0,1,13307,13310,39921,39922,39923,39926,39927,39928,79843,79844,79845,79846,79847,79850,79851,79852,79853,79854,1,-1,2,-2,1,3,1,-1,-3,-1,2,2,5,2,2,-2,-2,-5,-2,-2
0,1,13309,13312,39927,39928,39929,39932,39933,39934,79855,79856,79857,79858,79859,79862,79863,79864,79865,79866,1,-1,2,-2,1,3,1,-1,-3,-1,2,2,5,2,2,-2,-2,-5,-2,-2
0,1,13311,13314,39933,39934,39935,39938,39939,39940,79867,79868,79869,79870,79871,79874,79875,79876,79877,79878,1,-1,2,-2,1,3,1,-1,-3,-1,2,2,5,2,2,-2,-2,-5,-2,-2
0,1,13313,13316,39939,39940,39941,39944,39945,39946,79879,79880,79881,79882,79883,79886,79887,79888,79889,79890,1,-1,2,-2,1,3,1,-1,-3,-1,2,2,5,2,2,-2,-2,-5,-2,-2
0,1,13315,13318,39945,39946,39947,39950,39951,39952,79891,79892,79893,79894,79895,79898,79899,79900,79901,79902,1,-1,2,-2,1,3,1,-1,-3,-1,2,2,5,2,2,-2,-2,-5,-2,-2
0,1,13317,13320,39951,39952,39953,39956,39957,39958,79903,79904,79905,79906,79907,79910,79911,79912,79913,79914,1,-1,2,-2,1,3,1,-1,-3,-1,2,2,5,2,2,-2,-2,-5,-2,-2
0,1,13319,13322,39957,39958,39959,39962,39963,39964,79915,79916,79917,79918,79919,79922,79923,79924,79925,79926,1,-1,2,-2,1,3,1,-1,-3,-1,2,2,5,2,2,-2,-2,-5,-2,-2
0,1,13321,13324,39963,39964,39965,39968,39969,39970,79927,79928,79929,79930,79931,79934,79935,79936,79937,79938,1,-1,2,-2,1,3,1,-1,-3,-1,2,2,5,2,2,-2,-2,-5,-2,-2
0,1,13323,13326,39969,39970,39971,39974,39975,39976,79939,79940,79941,79942,79943,79946,79947,79948,79949,79950,1,-1,2,-2,1,3,1,-1,-3,-1,2,2,5,2,2,-2,-2,-5,-2,-2
0,1,13325,13328,39975,39976,39977,39980,39981,39982,79951,79952,79953,79954,79955,79958,79959,79960,79961,79962,1,-1,2,-2,1,3,1,-1,-3,-1,2,2,5,2,2,-2,-2,-5,-2,-2
0,1,13327,13330,39981,39982,39983,39986,39987,39988,79963,79964,79965,79966,79967,79970,79971,79972,79973,79974,1,-1,2,-2,1,3,1,-1,-3,-1,2,2,5,2,2,-2,-2,-5,-2,-2
0,1,13329,13332,39987,39988,39989,39992,39993,39994,79975,79976,79977,79978,79979,79982,79983,79984,79985,79986,1,-1,2,-2,1,3,1,-1,-3,-1,2,2,5,2,2,-2,-2,-5,-2,-2
0,1,13331,13334,39993,39994,39995,39998,39999,40000,79987,79988,79989,79990,79991,79994,79995,79996,79997,79998,1,-1,2,-2,1,3,1,-1,-3,-1,2,2,5,2,2,-2,-2,-5,-2,-2
0,1,13333,13336,39999,40000,40001,40004,40005,40006,79999,80000,80001,80002,80003,80006,80007,80008,80009,80010,1,-1,2,-2,1,3,1,-1,-3,-1,2,2,5,2,2,-2,-2,-5,-2,-2
0,1,13335,13338,40005,40006,40007,40010,40011,40012,80011,80012,80013,80014,80015,80018,80019,80020,80021,80022,1,-1,2,-2,1,3,1,-1,-3,-1,2,2,5,2,2,-2,-2,-5,-2,-2
0,1,13337,13340,40011,40012,40013,40016,40017,40018,80023,80024,80025,80026,80027,80030,80031,80032,80033,80034,1,-1,2,-2,1,3,1,-1,-3,-1,2,2,5,2,2,-2,-2,-5,-2,-2
0,1,13339,13342,40017,40018,40019,40022,40023,40024,80035,80036,80037,80038,80039,80042,80043,80044,80045,80046,1,-1,2,-2,1,3,1,-1,-3,-1,2,2,5,2,2,-2,-2,-5,-2,-2
0,1,13341,13344,40023,40024,40025,40028,40029,40030,80047,80048,80049,80050,80051,80054,80055,80056,80057,80058,1,-1,2,-2,1,3,1,-1,-3,-1,2,2,5,2,2,-2,-2,-5,-2,-2
0,1,13343,13346,40029,40030,40031,40034,40035,40036,80059,80060,80061,80062,80063,80066,80067,80068,80069,80070,1,-1,2,-2,1,3,1,-1,-3,-1,2,2,5,2,2,-2,-2,-5,-2,-2
0,1,13345,13348,40035,40036,40037,40040,40041,40042,80071,80072,80073,80074,80075,80078,80079,80080,80081,80082,1,-1,2,-2,1,3,1,-1,-3,-1,2,2,5,2,2,-2,-2,-5,-2,-2
0,1,13347,13350,40041,40042,40043,40046,40047,40048,80083,80084,80085,80086,80087,80090,80091,80092,80093,80094,1,-1,2,-2,1,3,1,-1,-3,-1,2,2,5,2,2,-2,-2,-5,-2,-2
0,1,13349,13352,40047,40048,40049,40052,40053,40054,80095,80096,80097,80098,80099,80102,80103,80104,80105,80106,1,-1,2,-2,1,3,1,-1,-3,-1,2,2,5,2,2,-2,-2,-5,-2,-2
0,1,13351,13354,40053,40054,40055,40058,40059,40060,80107,80108,80109,80110,80111,80114,80115,80116,80117,80118,1,-1,2,-2,1,3,1,-1,-3,-1,2,2,5,2,2,-2,-2,-5,-2,-2
0,1,13353,13356,40059,40060,40061,40064,40065,40066,80119,80120,80121,80122,80123,80126,80127,80128,80129,80130,1,-1,2,-2,1,3,1,-1,-3,-1,2,2,5,2,2,-2,-2,-5,-2,-2
0,1,13355,13358,40065,40066,40067,40070,40071,40072,80131,80132,80133,80134,80135,80138,80139,80140,80141,80142,1,-1,2,-2,1,3,1,-1,-3,-1,2,2,5,2,2,-2,-2,-5,-2,-2
0,1,13357,13360,40071,40072,40073,40076,40077,40078,80143,80144,80145,80146,80147,80150,80151,80152,80153,80154,1,-1,2,-2,1,3,1,-1,-3,-1,2,2,5,2,2,-2,-2,-5,-2,-2
0,1,13359,13362,40077,40078,40079,40082,40083,40084,80155,80156,80157,80158,80159,80162,80163,80164,80165,80166,1,-1,2,-2,1,3,1,-1,-3,-1,2,2,5,2,2,-2,-2,-5,-2,-2
0,1,13361,13364,40083,40084,40085,40088,40089,40090,80167,80168,80169,80170,80171,80174,80175,80176,80177,80178,1,-1,2,-2,1,3,1,-1,-3,-1,2,2,5,2,2,-2,-2,-5,-2,-2
0,1,13363,13366,40089,40090,40091,40094,40095,40096,80179,80180,80181,80182,80183,80186,80187,80188,80189,80190,1,-1,2,-2,1,3,1,-1,-3,-1,2,2,5,2,2,-2,-2,-5,-2,-2
0,1,13365,13368,40095,40096,40097,40100,40101,40102,80191,80192,80193,80194,80195,80198,80199,80200,80201,80202,1,-1,2,-2,1,3,1,-1,-3,-1,2,2,5,2,2,-2,-2,-5,-2,-2
0,1,13367,13370,40101,40102,40103,40106,40107,40108,80203,80204,80205,80206,80207,80210,80211,80212,80213,80214,1,-1,2,-2,1,3,1,-1,-3,-1,2,2,5,2,2,-2,-2,-5,-2,-2
0,1,13369,13372,40107,40108,40109,40112,40113,40114,80215,80216,80217,80218,80219,80222,80223,80224,80225,80226,1,-1,2,-2,1,3,1,-1,-3,-1,2,2,5,2,2,-2,-2,-5,-2,-2
0,1,13371,13374,40113,40114,40115,40118,40119,40120,80227,80228,80229,80230,80231,80234,80235,80236,80237,80238,1,-1,2,-2,1,3,1,-1,-3,-1,2,2,5,2,2,-2,-2,-5,-2,-2
0,1,13373,13376,40119,40120,40121,40124,40125,40126,80239,80240,80241,80242,80243,80246,80247,80248,80249,80250,1,-1,2,-2,1,3,1,-1,-3,-1,2,2,5,2,2,-2,-2,-5,-2,-2
0,1,13375,13378,40125,40126,40127,40130,40131,40132,80251,80252,80253,80254,80255,80258,80259,80260,80261,80262,1,-1,2,-2,1,3,1,-1,-3,-1,2,2,5,2,2,-2,-2,-5,-2,-2
0,1,13377,13380,40131,40132,40133,40136,40137,40138,80263,80264,80265,80266,80267,80270,80271,80272,80273,80274,1,-1,2,-2,1,3,1,-1,-3,-1,2,2,5,2,2,-2,-2,-5,-2,-2
0,1,13379,13382,40137,40138,40139,40142,40143,40144,80275,80276,80277,80278,80279,80282,80283,80284,80285,80286,1,-1,2,-2,1,3,1,-1,-3,-1,2,2,5,2,2,-2,-2,-5,-2,-2
0,1,13381,13384,40143,40144,40145,40148,40149,40150,80287,80288,80289,80290,80291,80294,80295,80296,80297,80298,1,-1,2,-2,1,3,1,-1,-3,-1,2,2,5,2,2,-2,-2,-5,-2,-2
0,1,13383,13386,40149,40150,40151,40154,40155,40156,80299,80300,80301,80302,80303,80306,80307,80308,80309,80310,1,-1,2,-2,1,3,1,-1,-3,-1,2,2,5,2,2,-2,-2,-5,-2,-2
0,1,13385,13388,40155,40156,40157,40160,40161,40162,80311,80312,80313,80314,80315,80318,80319,80320,80321,80322,1,-1,2,-2,1,3,1,-1,-3,-1,2,2,5,2,2,-2,-2,-5,-2,-2
0,1,13387,13390,40161,40162,40163,40166,40167,40168,80323,80324,80325,80326,80327,80330,80331,80332,80333,80334,1,-1,2,-2,1,3,1,-1,-3,-1,2,2,5,2,2,-2,-2,-5,-2,-2
0,1,13389,13392,40167,40168,40169,40172,40173,40174,80335,80336,80337,80338,80339,80342,80343,80344,80345,80346,1,-1,2,-2,1,3,1,-1,-3,-1,2,2,5,2,2,-2,-2,-5,-2,-2
0,1,13391,13394,40173,40174,40175,40178,40179,40180,80347,80348,80349,80350,80351,80354,80355,80356,80357,80358,1,-1,2,-2,1,3,1,-1,-3,-1,2,2,5,2,2,-2,-2,-5,-2,-2
0,1,13393,13396,40179,40180,40181,40184,40185,40186,80359,80360,80361,80362,80363,80366,80367,80368,80369,80370,1,-1,2,-2,1,3,1,-1,-3,-1,2,2,5,2,2,-2,-2,-5,-2,-2
0,1,13395,13398,40185,40186,40187,40190,40191,40192,80371,80372,80373,80374,80375,80378,80379,80380,80381,80382,1,-1,2,-2,1,3,1,-1,-3,-1,2,2,5,2,2,-2,-2,-5,-2,-2
0,1,13397,13400,40191,40192,40193,40196,40197,40198,80383,80384,80385,80386,80387,80390,80391,80392,80393,80394,1,-1,2,-2,1,3,1,-1,-3,-1,2,2,5,2,2,-2,-2,-5,-2,-2
0,1,13399,13402,40197,40198,40199,40202,40203,40204,80395,80396,80397,80398,80399,80402,80403,80404,80405,80406,1,-1,2,-2,1,3,1,-1,-3,-1,2,2,5,2,2,-2,-2,-5,-2,-2
0,1,13401,13404,40203,40204,40205,40208,40209,40210,80407,80408,80409,80410,80411,80414,80415,80416,80417,80418,1,-1,2,-2,1,3,1,-1,-3,-1,2,2,5,2,2,-2,-2,-5,-2,-2
0,1,13403,13406,40209,40210,40211,40214,40215,40216,80419,80420,80421,80422,80423,80426,80427,80428,80429,80430,1,-1,2,-2,1,3,1,-1,-3,-1,2,2,5,2,2,-2,-2,-5,-2,-2
0,1,13405,13408,40215,40216,40217,40220,40221,40222,80431,80432,80433,80434,80435,80438,80439,80440,80441,80442,1,-1,2,-2,1,3,1,-1,-3,-1,2,2,5,2,2,-2,-2,-5,-2,-2
0,1,13407,13410,40221,40222,40223,40226,40227,40228,80443,80444,80445,80446,80447,80450,80451,80452,80453,80454,1,-1,2,-2,1,3,1,-1,-3,-1,2,2,5,2,2,-2,-2,-5,-2,-2
0,1,13409,13412,40227,40228,40229,40232,40233,40234,80455,80456,80457,80458,80459,80462,80463,80464,80465,80466,1,-1,2,-2,1,3,1,-1,-3,-1,2,2,5,2,2,-2,-2,-5,-2,-2
0,1,13411,13414,40233,40234,40235,40238,40239,40240,80467,80468,80469,80470,80471,80474,80475,80476,80477,80478,1,-1,2,-2,1,3,1,-1,-3,-1,2,2,5,2,2,-2,-2,-5,-2,-2
0,1,13413,13416,40239,40240,40241,40244,40245,40246,80479,80480,80481,80482,80483,80486,80487,80488,80489,80490,1,-1,2,-2,1,3,1,-1,-3,-1,2,2,5,2,2,-2,-2,-5,-2,-2
0,1,13415,13418,40245,40246,40247,40250,40251,40252,80491,80492,80493,80494,80495,80498,80499,80500,80501,80502,1,-1,2,-2,1,3,1,-1,-3,-1,2,2,5,2,2,-2,-2,-5,-2,-2
0,1,13417,13420,40251,40252,40253,40256,40257,40258,80503,80504,80505,80506,80507,80510,80511,80512,80513,80514,1,-1,2,-2,1,3,1,-1,-3,-1,2,2,5,2,2,-2,-2,-5,-2,-2
0,1,13419,13422,40257,40258,40259,40262,40263,40264,80515,80516,80517,80518,80519,80522,80523,80524,80525,80526,1,-1,2,-2,1,3,1,-1,-3,-1,2,2,5,2,2,-2,-2,-5,-2,-2
0,1,13421,13424,40263,40264,40265,40268,40269,40270,80527,80528,80529,80530,80531,80534,80535,80536,80537,80538,1,-1,2,-2,1,3,1,-1,-3,-1,2,2,5,2,2,-2,-2,-5,-2,-2
0,1,13423,13426,40269,40270,40271,40274,40275,40276,80539,80540,80541,80542,80543,80546,80547,80548,80549,80550,1,-1,2,-2,1,3,1,-1,-3,-1,2,2,5,2,2,-2,-2,-5,-2,-2
0,1,13425,13428,40275,40276,40277,40280,40281,40282,80551,80552,80553,80554,80555,80558,80559,80560,80561,80562,1,-1,2,-2,1,3,1,-1,-3,-1,2,2,5,2,2,-2,-2,-5,-2,-2
0,1,13427,13430,40281,40282,40283,40286,40287,40288,80563,80564,80565,80566,80567,80570,80571,80572,80573,80574,1,-1,2,-2,1,3,1,-1,-3,-1,2,2,5,2,2,-2,-2,-5,-2,-2
0,1,13429,13432,40287,40288,40289,40292,40293,40294,80575,80576,80577,80578,80579,80582,80583,80584,80585,80586,1,-1,2,-2,1,3,1,-1,-3,-1,2,2,5,2,2,-2,-2,-5,-2,-2
0,1,13431,13434,40293,40294,40295,40298,40299,40300,80587,80588,80589,80590,80591,80594,80595,80596,80597,80598,1,-1,2,-2,1,3,1,-1,-3,-1,2,2,5,2,2,-2,-2,-5,-2,-2
0,1,13433,13436,40299,40300,40301,40304,40305,40306,80599,80600,80601,80602,80603,80606,80607,80608,80609,80610,1,-1,2,-2,1,3,1,-1,-3,-1,2,2,5,2,2,-2,-2,-5,-2,-2
0,1,13435,13438,40305,40306,40307,40310,40311,40312,80611,80612,80613,80614,80615,80618,80619,80620,80621,80622,1,-1,2,-2,1,3,1,-1,-3,-1,2,2,5,2,2,-2,-2,-5,-2,-2
0,1,13437,13440,40311,40312,40313,40316,40317,40318,80623,80624,80625,80626,80627,80630,80631,80632,80633,80634,1,-1,2,-2,1,3,1,-1,-3,-1,2,2,5,2,2,-2,-2,-5,-2,-2
0,1,13439,13442,40317,40318,40319,40322,40323,40324,80635,80636,80637,80638,80639,80642,80643,80644,80645,80646,1,-1,2,-2,1,3,1,-1,-3,-1,2,2,5,2,2,-2,-2,-5,-2,-2
0,1,13441,13444,40323,40324,40325,40328,40329,40330,80647,80648,80649,80650,80651,80654,80655,80656,80657,80658,1,-1,2,-2,1,3,1,-1,-3,-1,2,2,5,2,2,-2,-2,-5,-2,-2
0,1,13443,13446,40329,40330,40331,40334,40335,40336,80659,80660,80661,80662,80663,80666,80667,80668,80669,80670,1,-1,2,-2,1,3,1,-1,-3,-1,2,2,5,2,2,-2,-2,-5,-2,-2
0,1,13445,13448,40335,40336,40337,40340,40341,40342,80671,80672,80673,80674,80675,80678,80679,80680,80681,80682,1,-1,2,-2,1,3,1,-1,-3,-1,2,2,5,2,2,-2,-2,-5,-2,-2
0,1,13447,13450,40341,40342,40343,40346,40347,40348,80683,80684,80685,80686,80687,80690,80691,80692,80693,80694,1,-1,2,-2,1,3,1,-1,-3,-1,2,2,5,2,2,-2,-2,-5,-2,-2
0,1,13449,13452,40347,40348,40349,40352,40353,40354,80695,80696,80697,80698,80699,80702,80703,80704,80705,80706,1,-1,2,-2,1,3,1,-1,-3,-1,2,2,5,2,2,-2,-2,-5,-2,-2
0,1,13451,13454,40353,40354,40355,40358,40359,40360,80707,80708,80709,80710,80711,80714,80715,80716,80717,80718,1,-1,2,-2,1,3,1,-1,-3,-1,2,2,5,2,2,-2,-2,-5,-2,-2
0,1,13453,13456,40359,40360,40361,40364,40365,40366,80719,80720,80721,80722,80723,80726,80727,80728,80729,80730,1,-1,2,-2,1,3,1,-1,-3,-1,2,2,5,2,2,-2,-2,-5,-2,-2
0,1,13455,13458,40365,40366,40367,40370,40371,40372,80731,80732,80733,80734,80735,80738,80739,80740,80741,80742,1,-1,2,-2,1,3,1,-1,-3,-1,2,2,5,2,2,-2,-2,-5,-2,-2
0,1,13457,13460,40371,40372,40373,40376,40377,40378,80743,80744,80745,80746,80747,80750,80751,80752,80753,80754,1,-1,2,-2,1,3,1,-1,-3,-1,2,2,5,2,2,-2,-2,-5,-2,-2
0,1,13459,13462,40377,40378,40379,40382,40383,40384,80755,80756,80757,80758,80759,80762,80763,80764,80765,80766,1,-1,2,-2,1,3,1,-1,-3,-1,2,2,5,2,2,-2,-2,-5,-2,-2
0,1,13461,13464,40383,40384,40385,40388,40389,40390,80767,80768,80769,80770,80771,80774,80775,80776,80777,80778,1,-1,2,-2,1,3,1,-1,-3,-1,2,2,5,2,2,-2,-2,-5,-2,-2
0,1,13463,13466,40389,40390,40391,40394,40395,40396,80779,80780,80781,80782,80783,80786,80787,80788,80789,80790,1,-1,2,-2,1,3,1,-1,-3,-1,2,2,5,2,2,-2,-2,-5,-2,-2
0,1,13465,13468,40395,40396,40397,40400,40401,40402,80791,80792,80793,80794,80795,80798,80799,80800,80801,80802,1,-1,2,-2,1,3,1,-1,-3,-1,2,2,5,2,2,-2,-2,-5,-2,-2
0,1,13467,13470,40401,40402,40403,40406,40407,40408,80803,80804,80805,80806,80807,80810,80811,80812,80813,80814,1,-1,2,-2,1,3,1,-1,-3,-1,2,2,5,2,2,-2,-2,-5,-2,-2
0,1,13469,13472,40407,40408,40409,40412,40413,40414,80815,80816,80817,80818,80819,80822,80823,80824,80825,80826,1,-1,2,-2,1,3,1,-1,-3,-1,2,2,5,2,2,-2,-2,-5,-2,-2
0,1,13471,13474,40413,40414,40415,40418,40419,40420,80827,80828,80829,80830,80831,80834,80835,80836,80837,80838,1,-1,2,-2,1,3,1,-1,-3,-1,2,2,5,2,2,-2,-2,-5,-2,-2
0,1,13473,13476,40419,40420,40421,40424,40425,40426,80839,80840,80841,80842,80843,80846,80847,80848,80849,80850,1,-1,2,-2,1,3,1,-1,-3,-1,2,2,5,2,2,-2,-2,-5,-2,-2
0,1,13475,13478,40425,40426,40427,40430,40431,40432,80851,80852,80853,80854,80855,80858,80859,80860,80861,80862,1,-1,2,-2,1,3,1,-1,-3,-1,2,2,5,2,2,-2,-2,-5,-2,-2
0,1,13477,13480,40431,40432,40433,40436,40437,40438,80863,80864,80865,80866,80867,80870,80871,80872,80873,80874,1,-1,2,-2,1,3,1,-1,-3,-1,2,2,5,2,2,-2,-2,-5,-2,-2
0,1,13479,13482,40437,40438,40439,40442,40443,40444,80875,80876,80877,80878,80879,80882,80883,80884,80885,80886,1,-1,2,-2,1,3,1,-1,-3,-1,2,2,5,2,2,-2,-2,-5,-2,-2
0,1,13481,13484,40443,40444,40445,40448,40449,40450,80887,80888,80889,80890,80891,80894,80895,80896,80897,80898,1,-1,2,-2,1,3,1,-1,-3,-1,2,2,5,2,2,-2,-2,-5,-2,-2
0,1,13483,13486,40449,40450,40451,40454,40455,40456,80899,80900,80901,80902,80903,80906,80907,80908,80909,80910,1,-1,2,-2,1,3,1,-1,-3,-1,2,2,5,2,2,-2,-2,-5,-2,-2
0,1,13485,13488,40455,40456,40457,40460,40461,40462,80911,80912,80913,80914,80915,80918,80919,80920,80921,80922,1,-1,2,-2,1,3,1,-1,-3,-1,2,2,5,2,2,-2,-2,-5,-2,-2
0,1,13487,13490,40461,40462,40463,40466,40467,40468,80923,80924,80925,80926,80927,80930,80931,80932,80933,80934,1,-1,2,-2,1,3,1,-1,-3,-1,2,2,5,2,2,-2,-2,-5,-2,-2
0,1,13489,13492,40467,40468,40469,40472,40473,40474,80935,80936,80937,80938,80939,80942,80943,80944,80945,80946,1,-1,2,-2,1,3,1,-1,-3,-1,2,2,5,2,2,-2,-2,-5,-2,-2
0,1,13491,13494,40473,40474,40475,40478,40479,40480,80947,80948,80949,80950,80951,80954,80955,80956,80957,80958,1,-1,2,-2,1,3,1,-1,-3,-1,2,2,5,2,2,-2,-2,-5,-2,-2
0,1,13493,13496,40479,40480,40481,40484,40485,40486,80959,80960,80961,80962,80963,80966,80967,80968,80969,80970,1,-1,2,-2,1,3,1,-1,-3,-1,2,2,5,2,2,-2,-2,-5,-2,-2
0,1,13495,13498,40485,40486,40487,40490,40491,40492,80971,80972,80973,80974,80975,80978,80979,80980,80981,80982,1,-1,2,-2,1,3,1,-1,-3,-1,2,2,5,2,2,-2,-2,-5,-2,-2
0,1,13497,13500,40491,40492,40493,40496,40497,40498,80983,80984,80985,80986,80987,80990,80991,80992,80993,80994,1,-1,2,-2,1,3,1,-1,-3,-1,2,2,5,2,2,-2,-2,-5,-2,-2
0,1,13499,13502,40497,40498,40499,40502,40503,40504,80995,80996,80997,80998,80999,81002,81003,81004,81005,81006,1,-1,2,-2,1,3,1,-1,-3,-1,2,2,5,2,2,-2,-2,-5,-2,-2
0,1,13501,13504,40503,40504,40505,40508,40509,40510,81007,81008,81009,81010,81011,81014,81015,81016,81017,81018,1,-1,2,-2,1,3,1,-1,-3,-1,2,2,5,2,2,-2,-2,-5,-2,-2
0,1,13503,13506,40509,40510,40511,40514,40515,40516,81019,81020,81021,81022,81023,81026,81027,81028,81029,81030,1,-1,2,-2,1,3,1,-1,-3,-1,2,2,5,2,2,-2,-2,-5,-2,-2
0,1,13505,13508,40515,40516,40517,40520,40521,40522,81031,81032,81033,81034,81035,81038,81039,81040,81041,81042,1,-1,2,-2,1,3,1,-1,-3,-1,2,2,5,2,2,-2,-2,-5,-2,-2
0,1,13507,13510,40521,40522,40523,40526,40527,40528,81043,81044,81045,81046,81047,81050,81051,81052,81053,81054,1,-1,2,-2,1,3,1,-1,-3,-1,2,2,5,2,2,-2,-2,-5,-2,-2
0,1,13509,13512,40527,40528,40529,40532,40533,40534,81055,81056,81057,81058,81059,81062,81063,81064,81065,81066,1,-1,2,-2,1,3,1,-1,-3,-1,2,2,5,2,2,-2,-2,-5,-2,-2
0,1,13511,13514,40533,40534,40535,40538,40539,40540,81067,81068,81069,81070,81071,81074,81075,81076,81077,81078,1,-1,2,-2,1,3,1,-1,-3,-1,2,2,5,2,2,-2,-2,-5,-2,-2
0,1,13513,13516,40539,40540,40541,40544,40545,40546,81079,81080,81081,81082,81083,81086,81087,81088,81089,81090,1,-1,2,-2,1,3,1,-1,-3,-1,2,2,5,2,2,-2,-2,-5,-2,-2
0,1,13515,13518,40545,40546,40547,40550,40551,40552,81091,81092,81093,81094,81095,81098,81099,81100,81101,81102,1,-1,2,-2,1,3,1,-1,-3,-1,2,2,5,2,2,-2,-2,-5,-2,-2
0,1,13517,13520,40551,40552,40553,40556,40557,40558,81103,81104,81105,81106,81107,81110,81111,81112,81113,81114,1,-1,2,-2,1,3,1,-1,-3,-1,2,2,5,2,2,-2,-2,-5,-2,-2
0,1,13519,13522,40557,40558,40559,40562,40563,40564,81115,81116,81117,81118,81119,81122,81123,81124,81125,81126,1,-1,2,-2,1,3,1,-1,-3,-1,2,2,5,2,2,-2,-2,-5,-2,-2
0,1,13521,13524,40563,40564,40565,40568,40569,40570,81127,81128,81129,81130,81131,81134,81135,81136,81137,81138,1,-1,2,-2,1,3,1,-1,-3,-1,2,2,5,2,2,-2,-2,-5,-2,-2
0,1,13523,13526,40569,40570,40571,40574,40575,40576,81139,81140,81141,81142,81143,81146,81147,81148,81149,81150,1,-1,2,-2,1,3,1,-1,-3,-1,2,2,5,2,2,-2,-2,-5,-2,-2
0,1,13525,13528,40575,40576,40577,40580,40581,40582,81151,81152,81153,81154,81155,81158,81159,81160,81161,81162,1,-1,2,-2,1,3,1,-1,-3,-1,2,2,5,2,2,-2,-2,-5,-2,-2
0,1,13527,13530,40581,40582,40583,40586,40587,40588,81163,81164,81165,81166,81167,81170,81171,81172,81173,81174,1,-1,2,-2,1,3,1,-1,-3,-1,2,2,5,2,2,-2,-2,-5,-2,-2
0,1,13529,13532,40587,40588,40589,40592,40593,40594,81175,81176,81177,81178,81179,81182,81183,81184,81185,81186,1,-1,2,-2,1,3,1,-1,-3,-1,2,2,5,2,2,-2,-2,-5,-2,-2
0,1,13531,13534,40593,40594,40595,40598,40599,40600,81187,81188,81189,81190,81191,81194,81195,81196,81197,81198,1,-1,2,-2,1,3,1,-1,-3,-1,2,2,5,2,2,-2,-2,-5,-2,-2
0,1,13533,13536,40599,40600,40601,40604,40605,40606,81199,81200,81201,81202,81203,81206,81207,81208,81209,81210,1,-1,2,-2,1,3,1,-1,-3,-1,2,2,5,2,2,-2,-2,-5,-2,-2
0,1,13535,13538,40605,40606,40607,40610,40611,40612,81211,81212,81213,81214,81215,81218,81219,81220,81221,81222,1,-1,2,-2,1,3,1,-1,-3,-1,2,2,5,2,2,-2,-2,-5,-2,-2
0,1,13537,13540,40611,40612,40613,40616,40617,40618,81223,81224,81225,81226,81227,81230,81231,81232,81233,81234,1,-1,2,-2,1,3,1,-1,-3,-1,2,2,5,2,2,-2,-2,-5,-2,-2
0,1,13539,13542,40617,40618,40619,40622,40623,40624,81235,81236,81237,81238,81239,81242,81243,81244,81245,81246,1,-1,2,-2,1,3,1,-1,-3,-1,2,2,5,2,2,-2,-2,-5,-2,-2
0,1,13541,13544,40623,40624,40625,40628,40629,40630,81247,81248,81249,81250,81251,81254,81255,81256,81257,81258,1,-1,2,-2,1,3,1,-1,-3,-1,2,2,5,2,2,-2,-2,-5,-2,-2
0,1,13543,13546,40629,40630,40631,40634,40635,40636,81259,81260,81261,81262,81263,81266,81267,81268,81269,81270,1,-1,2,-2,1,3,1,-1,-3,-1,2,2,5,2,2,-2,-2,-5,-2,-2
0,1,13545,13548,40635,40636,40637,40640,40641,40642,81271,81272,81273,81274,81275,81278,81279,81280,81281,81282,1,-1,2,-2,1,3,1,-1,-3,-1,2,2,5,2,2,-2,-2,-5,-2,-2
0,1,13547,13550,40641,40642,40643,40646,40647,40648,81283,81284,81285,81286,81287,81290,81291,81292,81293,81294,1,-1,2,-2,1,3,1,-1,-3,-1,2,2,5,2,2,-2,-2,-5,-2,-2
0,1,13549,13552,40647,40648,40649,40652,40653,40654,81295,81296,81297,81298,81299,81302,81303,81304,81305,81306,1,-1,2,-2,1,3,1,-1,-3,-1,2,2,5,2,2,-2,-2,-5,-2,-2
0,1,13551,13554,40653,40654,40655,40658,40659,40660,81307,81308,81309,81310,81311,81314,81315,81316,81317,81318,1,-1,2,-2,1,3,1,-1,-3,-1,2,2,5,2,2,-2,-2,-5,-2,-2
0,1,13553,13556,40659,40660,40661,40664,40665,40666,81319,81320,81321,81322,81323,81326,81327,81328,81329,81330,1,-1,2,-2,1,3,1,-1,-3,-1,2,2,5,2,2,-2,-2,-5,-2,-2
0,1,13555,13558,40665,40666,40667,40670,40671,40672,81331,81332,81333,81334,81335,81338,81339,81340,81341,81342,1,-1,2,-2,1,3,1,-1,-3,-1,2,2,5,2,2,-2,-2,-5,-2,-2
0,1,13557,13560,40671,40672,40673,40676,40677,40678,81343,81344,81345,81346,81347,81350,81351,81352,81353,81354,1,-1,2,-2,1,3,1,-1,-3,-1,2,2,5,2,2,-2,-2,-5,-2,-2
0,1,13559,13562,40677,40678,40679,40682,40683,40684,81355,81356,81357,81358,81359,81362,81363,81364,81365,81366,1,-1,2,-2,1,3,1,-1,-3,-1,2,2,5,2,2,-2,-2,-5,-2,-2
0,1,13561,13564,40683,40684,40685,40688,40689,40690,81367,81368,81369,81370,81371,81374,81375,81376,81377,81378,1,-1,2,-2,1,3,1,-1,-3,-1,2,2,5,2,2,-2,-2,-5,-2,-2
0,1,13563,13566,40689,40690,40691,40694,40695,40696,81379,81380,81381,81382,81383,81386,81387,81388,81389,81390,1,-1,2,-2,1,3,1,-1,-3,-1,2,2,5,2,2,-2,-2,-5,-2,-2
0,1,13565,13568,40695,40696,40697,40700,40701,40702,81391,81392,81393,81394,81395,81398,81399,81400,81401,81402,1,-1,2,-2,1,3,1,-1,-3,-1,2,2,5,2,2,-2,-2,-5,-2,-2
0,1,13567,13570,40701,40702,40703,40706,40707,40708,81403,81404,81405,81406,81407,81410,81411,81412,81413,81414,1,-1,2,-2,1,3,1,-1,-3,-1,2,2,5,2,2,-2,-2,-5,-2,-2
0,1,13569,13572,40707,40708,40709,40712,40713,40714,81415,81416,81417,81418,81419,81422,81423,81424,81425,81426,1,-1,2,-2,1,3,1,-1,-3,-1,2,2,5,2,2,-2,-2,-5,-2,-2
0,1,13571,13574,40713,40714,40715,40718,40719,40720,81427,81428,81429,81430,81431,81434,81435,81436,81437,81438,1,-1,2,-2,1,3,1,-1,-3,-1,2,2,5,2,2,-2,-2,-5,-2,-2
0,1,13573,13576,40719,40720,40721,40724,40725,40726,81439,81440,81441,81442,81443,81446,81447,81448,81449,81450,1,-1,2,-2,1,3,1,-1,-3,-1,2,2,5,2,2,-2,-2,-5,-2,-2
0,1,13575,13578,40725,40726,40727,40730,40731,40732,81451,81452,81453,81454,81455,81458,81459,81460,81461,81462,1,-1,2,-2,1,3,1,-1,-3,-1,2,2,5,2,2,-2,-2,-5,-2,-2
0,1,13577,13580,40731,40732,40733,40736,40737,40738,81463,81464,81465,81466,81467,81470,81471,81472,81473,81474,1,-1,2,-2,1,3,1,-1,-3,-1,2,2,5,2,2,-2,-2,-5,-2,-2
0,1,13579,13582,40737,40738,40739,40742,40743,40744,81475,81476,81477,81478,81479,81482,81483,81484,81485,81486,1,-1,2,-2,1,3,1,-1,-3,-1,2,2,5,2,2,-2,-2,-5,-2,-2
0,1,13581,13584,40743,40744,40745,40748,40749,40750,81487,81488,81489,81490,81491,81494,81495,81496,81497,81498,1,-1,2,-2,1,3,1,-1,-3,-1,2,2,5,2,2,-2,-2,-5,-2,-2
0,1,13583,13586,40749,40750,40751,40754,40755,40756,81499,81500,81501,81502,81503,81506,81507,81508,81509,81510,1,-1,2,-2,1,3,1,-1,-3,-1,2,2,5,2,2,-2,-2,-5,-2,-2
0,1,13585,13588,40755,40756,40757,40760,40761,40762,81511,81512,81513,81514,81515,81518,81519,81520,81521,81522,1,-1,2,-2,1,3,1,-1,-3,-1,2,2,5,2,2,-2,-2,-5,-2,-2
0,1,13587,13590,40761,40762,40763,40766,40767,40768,81523,81524,81525,81526,81527,81530,81531,81532,81533,81534,1,-1,2,-2,1,3,1,-1,-3,-1,2,2,5,2,2,-2,-2,-5,-2,-2
0,1,13589,13592,40767,40768,40769,40772,40773,40774,81535,81536,81537,81538,81539,81542,81543,81544,81545,81546,1,-1,2,-2,1,3,1,-1,-3,-1,2,2,5,2,2,-2,-2,-5,-2,-2
0,1,13591,13594,40773,40774,40775,40778,40779,40780,81547,81548,81549,81550,81551,81554,81555,81556,81557,81558,1,-1,2,-2,1,3,1,-1,-3,-1,2,2,5,2,2,-2,-2,-5,-2,-2
0,1,13593,13596,40779,40780,40781,40784,40785,40786,81559,81560,81561,81562,81563,81566,81567,81568,81569,81570,1,-1,2,-2,1,3,1,-1,-3,-1,2,2,5,2,2,-2,-2,-5,-2,-2
0,1,13595,13598,40785,40786,40787,40790,40791,40792,81571,81572,81573,81574,81575,81578,81579,81580,81581,81582,1,-1,2,-2,1,3,1,-1,-3,-1,2,2,5,2,2,-2,-2,-5,-2,-2
0,1,13597,13600,40791,40792,40793,40796,40797,40798,81583,81584,81585,81586,81587,81590,81591,81592,81593,81594,1,-1,2,-2,1,3,1,-1,-3,-1,2,2,5,2,2,-2,-2,-5,-2,-2
0,1,13599,13602,40797,40798,40799,40802,40803,40804,81595,81596,81597,81598,81599,81602,81603,81604,81605,81606,1,-1,2,-2,1,3,1,-1,-3,-1,2,2,5,2,2,-2,-2,-5,-2,-2
0,1,13601,13604,40803,40804,40805,40808,40809,40810,81607,81608,81609,81610,81611,81614,81615,81616,81617,81618,1,-1,2,-2,1,3,1,-1,-3,-1,2,2,5,2,2,-2,-2,-5,-2,-2
0,1,13603,13606,40809,40810,40811,40814,40815,40816,81619,81620,81621,81622,81623,81626,81627,81628,81629,81630,1,-1,2,-2,1,3,1,-1,-3,-1,2,2,5,2,2,-2,-2,-5,-2,-2
0,1,13605,13608,40815,40816,40817,40820,40821,40822,81631,81632,81633,81634,81635,81638,81639,81640,81641,81642,1,-1,2,-2,1,3,1,-1,-3,-1,2,2,5,2,2,-2,-2,-5,-2,-2
0,1,13607,13610,40821,40822,40823,40826,40827,40828,81643,81644,81645,81646,81647,81650,81651,81652,81653,81654,1,-1,2,-2,1,3,1,-1,-3,-1,2,2,5,2,2,-2,-2,-5,-2,-2
0,1,13609,13612,40827,40828,40829,40832,40833,40834,81655,81656,81657,81658,81659,81662,81663,81664,81665,81666,1,-1,2,-2,1,3,1,-1,-3,-1,2,2,5,2,2,-2,-2,-5,-2,-2
0,1,13611,13614,40833,40834,40835,40838,40839,40840,81667,81668,81669,81670,81671,81674,81675,81676,81677,81678,1,-1,2,-2,1,3,1,-1,-3,-1,2,2,5,2,2,-2,-2,-5,-2,-2
0,1,13613,13616,40839,40840,40841,40844,40845,40846,81679,81680,81681,81682,81683,81686,81687,81688,81689,81690,1,-1,2,-2,1,3,1,-1,-3,-1,2,2,5,2,2,-2,-2,-5,-2,-2
0,1,13615,13618,40845,40846,40847,40850,40851,40852,81691,81692,81693,81694,81695,81698,81699,81700,81701,81702,1,-1,2,-2,1,3,1,-1,-3,-1,2,2,5,2,2,-2,-2,-5,-2,-2
0,1,13617,13620,40851,40852,40853,40856,40857,40858,81703,81704,81705,81706,81707,81710,81711,81712,81713,81714,1,-1,2,-2,1,3,1,-1,-3,-1,2,2,5,2,2,-2,-2,-5,-2,-2
0,1,13619,13622,40857,40858,40859,40862,40863,40864,81715,81716,81717,81718,81719,81722,81723,81724,81725,81726,1,-1,2,-2,1,3,1,-1,-3,-1,2,2,5,2,2,-2,-2,-5,-2,-2
0,1,13621,13624,40863,40864,40865,40868,40869,40870,81727,81728,81729,81730,81731,81734,81735,81736,81737,81738,1,-1,2,-2,1,3,1,-1,-3,-1,2,2,5,2,2,-2,-2,-5,-2,-2
0,1,13623,13626,40869,40870,40871,40874,40875,40876,81739,81740,81741,81742,81743,81746,81747,81748,81749,81750,1,-1,2,-2,1,3,1,-1,-3,-1,2,2,5,2,2,-2,-2,-5,-2,-2
0,1,13625,13628,40875,40876,40877,40880,40881,40882,81751,81752,81753,81754,81755,81758,81759,81760,81761,81762,1,-1,2,-2,1,3,1,-1,-3,-1,2,2,5,2,2,-2,-2,-5,-2,-2
0,1,13627,13630,40881,40882,40883,40886,40887,40888,81763,81764,81765,81766,81767,81770,81771,81772,81773,81774,1,-1,2,-2,1,3,1,-1,-3,-1,2,2,5,2,2,-2,-2,-5,-2,-2
0,1,13629,13632,40887,40888,40889,40892,40893,40894,81775,81776,81777,81778,81779,81782,81783,81784,81785,81786,1,-1,2,-2,1,3,1,-1,-3,-1,2,2,5,2,2,-2,-2,-5,-2,-2
0,1,13631,13634,40893,40894,40895,40898,40899,40900,81787,81788,81789,81790,81791,81794,81795,81796,81797,81798,1,-1,2,-2,1,3,1,-1,-3,-1,2,2,5,2,2,-2,-2,-5,-2,-2
0,1,13633,13636,40899,40900,40901,40904,40905,40906,81799,81800,81801,81802,81803,81806,81807,81808,81809,81810,1,-1,2,-2,1,3,1,-1,-3,-1,2,2,5,2,2,-2,-2,-5,-2,-2
0,1,13635,13638,40905,40906,40907,40910,40911,40912,81811,81812,81813,81814,81815,81818,81819,81820,81821,81822,1,-1,2,-2,1,3,1,-1,-3,-1,2,2,5,2,2,-2,-2,-5,-2,-2
0,1,13637,13640,40911,40912,40913,40916,40917,40918,81823,81824,81825,81826,81827,81830,81831,81832,81833,81834,1,-1,2,-2,1,3,1,-1,-3,-1,2,2,5,2,2,-2,-2,-5,-2,-2
0,1,13639,13642,40917,40918,40919,40922,40923,40924,81835,81836,81837,81838,81839,81842,81843,81844,81845,81846,1,-1,2,-2,1,3,1,-1,-3,-1,2,2,5,2,2,-2,-2,-5,-2,-2
0,1,13641,13644,40923,40924,40925,40928,40929,40930,81847,81848,81849,81850,81851,81854,81855,81856,81857,81858,1,-1,2,-2,1,3,1,-1,-3,-1,2,2,5,2,2,-2,-2,-5,-2,-2
0,1,13643,13646,40929,40930,40931,40934,40935,40936,81859,81860,81861,81862,81863,81866,81867,81868,81869,81870,1,-1,2,-2,1,3,1,-1,-3,-1,2,2,5,2,2,-2,-2,-5,-2,-2
0,1,13645,13648,40935,40936,40937,40940,40941,40942,81871,81872,81873,81874,81875,81878,81879,81880,81881,81882,1,-1,2,-2,1,3,1,-1,-3,-1,2,2,5,2,2,-2,-2,-5,-2,-2
0,1,13647,13650,40941,40942,40943,40946,40947,40948,81883,81884,81885,81886,81887,81890,81891,81892,81893,81894,1,-1,2,-2,1,3,1,-1,-3,-1,2,2,5,2,2,-2,-2,-5,-2,-2
0,1,13649,13652,40947,40948,40949,40952,40953,40954,81895,81896,81897,81898,81899,81902,81903,81904,81905,81906,1,-1,2,-2,1,3,1,-1,-3,-1,2,2,5,2,2,-2,-2,-5,-2,-2
0,1,13651,13654,40953,40954,40955,40958,40959,40960,81907,81908,81909,81910,81911,81914,81915,81916,81917,81918,1,-1,2,-2,1,3,1,-1,-3,-1,2,2,5,2,2,-2,-2,-5,-2,-2
0,1,13653,13656,40959,40960,40961,40964,40965,40966,81919,81920,81921,81922,81923,81926,81927,81928,81929,81930,1,-1,2,-2,1,3,1,-1,-3,-1,2,2,5,2,2,-2,-2,-5,-2,-2
0,1,13655,13658,40965,40966,40967,40970,40971,40972,81931,81932,81933,81934,81935,81938,81939,81940,81941,81942,1,-1,2,-2,1,3,1,-1,-3,-1,2,2,5,2,2,-2,-2,-5,-2,-2
0,1,13657,13660,40971,40972,40973,40976,40977,40978,81943,81944,81945,81946,81947,81950,81951,81952,81953,81954,1,-1,2,-2,1,3,1,-1,-3,-1,2,2,5,2,2,-2,-2,-5,-2,-2
0,1,13659,13662,40977,40978,40979,40982,40983,40984,81955,81956,81957,81958,81959,81962,81963,81964,81965,81966,1,-1,2,-2,1,3,1,-1,-3,-1,2,2,5,2,2,-2,-2,-5,-2,-2
0,1,13661,13664,40983,40984,40985,40988,40989,40990,81967,81968,81969,81970,81971,81974,81975,81976,81977,81978,1,-1,2,-2,1,3,1,-1,-3,-1,2,2,5,2,2,-2,-2,-5,-2,-2
0,1,13663,13666,40989,40990,40991,40994,40995,40996,81979,81980,81981,81982,81983,81986,81987,81988,81989,81990,1,-1,2,-2,1,3,1,-1,-3,-1,2,2,5,2,2,-2,-2,-5,-2,-2
0,1,13665,13668,40995,40996,40997,41000,41001,41002,81991,81992,81993,81994,81995,81998,81999,82000,82001,82002,1,-1,2,-2,1,3,1,-1,-3,-1,2,2,5,2,2,-2,-2,-5,-2,-2
0,1,13667,13670,41001,41002,41003,41006,41007,41008,82003,82004,82005,82006,82007,82010,82011,82012,82013,82014,1,-1,2,-2,1,3,1,-1,-3,-1,2,2,5,2,2,-2,-2,-5,-2,-2
0,1,13669,13672,41007,41008,41009,41012,41013,41014,82015,82016,82017,82018,82019,82022,82023,82024,82025,82026,1,-1,2,-2,1,3,1,-1,-3,-1,2,2,5,2,2,-2,-2,-5,-2,-2
0,1,13671,13674,41013,41014,41015,41018,41019,41020,82027,82028,82029,82030,82031,82034,82035,82036,82037,82038,1,-1,2,-2,1,3,1,-1,-3,-1,2,2,5,2,2,-2,-2,-5,-2,-2
0,1,13673,13676,41019,41020,41021,41024,41025,41026,82039,82040,82041,82042,82043,82046,82047,82048,82049,82050,1,-1,2,-2,1,3,1,-1,-3,-1,2,2,5,2,2,-2,-2,-5,-2,-2
0,1,13675,13678,41025,41026,41027,41030,41031,41032,82051,82052,82053,82054,82055,82058,82059,82060,82061,82062,1,-1,2,-2,1,3,1,-1,-3,-1,2,2,5,2,2,-2,-2,-5,-2,-2
0,1,13677,13680,41031,41032,41033,41036,41037,41038,82063,82064,82065,82066,82067,82070,82071,82072,82073,82074,1,-1,2,-2,1,3,1,-1,-3,-1,2,2,5,2,2,-2,-2,-5,-2,-2
0,1,13679,13682,41037,41038,41039,41042,41043,41044,82075,82076,82077,82078,82079,82082,82083,82084,82085,82086,1,-1,2,-2,1,3,1,-1,-3,-1,2,2,5,2,2,-2,-2,-5,-2,-2
0,1,13681,13684,41043,41044,41045,41048,41049,41050,82087,82088,82089,82090,82091,82094,82095,82096,82097,82098,1,-1,2,-2,1,3,1,-1,-3,-1,2,2,5,2,2,-2,-2,-5,-2,-2
0,1,13683,13686,41049,41050,41051,41054,41055,41056,82099,82100,82101,82102,82103,82106,82107,82108,82109,82110,1,-1,2,-2,1,3,1,-1,-3,-1,2,2,5,2,2,-2,-2,-5,-2,-2
0,1,13685,13688,41055,41056,41057,41060,41061,41062,82111,82112,82113,82114,82115,82118,82119,82120,82121,82122,1,-1,2,-2,1,3,1,-1,-3,-1,2,2,5,2,2,-2,-2,-5,-2,-2
0,1,13687,13690,41061,41062,41063,41066,41067,41068,82123,82124,82125,82126,82127,82130,82131,82132,82133,82134,1,-1,2,-2,1,3,1,-1,-3,-1,2,2,5,2,2,-2,-2,-5,-2,-2
0,1,13689,13692,41067,41068,41069,41072,41073,41074,82135,82136,82137,82138,82139,82142,82143,82144,82145,82146,1,-1,2,-2,1,3,1,-1,-3,-1,2,2,5,2,2,-2,-2,-5,-2,-2
0,1,13691,13694,41073,41074,41075,41078,41079,41080,82147,82148,82149,82150,82151,82154,82155,82156,82157,82158,1,-1,2,-2,1,3,1,-1,-3,-1,2,2,5,2,2,-2,-2,-5,-2,-2
0,1,13693,13696,41079,41080,41081,41084,41085,41086,82159,82160,82161,82162,82163,82166,82167,82168,82169,82170,1,-1,2,-2,1,3,1,-1,-3,-1,2,2,5,2,2,-2,-2,-5,-2,-2
0,1,13695,13698,41085,41086,41087,41090,41091,41092,82171,82172,82173,82174,82175,82178,82179,82180,82181,82182,1,-1,2,-2,1,3,1,-1,-3,-1,2,2,5,2,2,-2,-2,-5,-2,-2
0,1,13697,13700,41091,41092,41093,41096,41097,41098,82183,82184,82185,82186,82187,82190,82191,82192,82193,82194,1,-1,2,-2,1,3,1,-1,-3,-1,2,2,5,2,2,-2,-2,-5,-2,-2
0,1,13699,13702,41097,41098,41099,41102,41103,41104,82195,82196,82197,82198,82199,82202,82203,82204,82205,82206,1,-1,2,-2,1,3,1,-1,-3,-1,2,2,5,2,2,-2,-2,-5,-2,-2
0,1,13701,13704,41103,41104,41105,41108,41109,41110,82207,82208,82209,82210,82211,82214,82215,82216,82217,82218,1,-1,2,-2,1,3,1,-1,-3,-1,2,2,5,2,2,-2,-2,-5,-2,-2
0,1,13703,13706,41109,41110,41111,41114,41115,41116,82219,82220,82221,82222,82223,82226,82227,82228,82229,82230,1,-1,2,-2,1,3,1,-1,-3,-1,2,2,5,2,2,-2,-2,-5,-2,-2
0,1,13705,13708,41115,41116,41117,41120,41121,41122,82231,82232,82233,82234,82235,82238,82239,82240,82241,82242,1,-1,2,-2,1,3,1,-1,-3,-1,2,2,5,2,2,-2,-2,-5,-2,-2
0,1,13707,13710,41121,41122,41123,41126,41127,41128,82243,82244,82245,82246,82247,82250,82251,82252,82253,82254,1,-1,2,-2,1,3,1,-1,-3,-1,2,2,5,2,2,-2,-2,-5,-2,-2
0,1,13709,13712,41127,41128,41129,41132,41133,41134,82255,82256,82257,82258,82259,82262,82263,82264,82265,82266,1,-1,2,-2,1,3,1,-1,-3,-1,2,2,5,2,2,-2,-2,-5,-2,-2
0,1,13711,13714,41133,41134,41135,41138,41139,41140,82267,82268,82269,82270,82271,82274,82275,82276,82277,82278,1,-1,2,-2,1,3,1,-1,-3,-1,2,2,5,2,2,-2,-2,-5,-2,-2
0,1,13713,13716,41139,41140,41141,41144,41145,41146,82279,82280,82281,82282,82283,82286,82287,82288,82289,82290,1,-1,2,-2,1,3,1,-1,-3,-1,2,2,5,2,2,-2,-2,-5,-2,-2
0,1,13715,13718,41145,41146,41147,41150,41151,41152,82291,82292,82293,82294,82295,82298,82299,82300,82301,82302,1,-1,2,-2,1,3,1,-1,-3,-1,2,2,5,2,2,-2,-2,-5,-2,-2
0,1,13717,13720,41151,41152,41153,41156,41157,41158,82303,82304,82305,82306,82307,82310,82311,82312,82313,82314,1,-1,2,-2,1,3,1,-1,-3,-1,2,2,5,2,2,-2,-2,-5,-2,-2
0,1,13719,13722,41157,41158,41159,41162,41163,41164,82315,82316,82317,82318,82319,82322,82323,82324,82325,82326,1,-1,2,-2,1,3,1,-1,-3,-1,2,2,5,2,2,-2,-2,-5,-2,-2
0,1,13721,13724,41163,41164,41165,41168,41169,41170,82327,82328,82329,82330,82331,82334,82335,82336,82337,82338,1,-1,2,-2,1,3,1,-1,-3,-1,2,2,5,2,2,-2,-2,-5,-2,-2
0,1,13723,13726,41169,41170,41171,41174,41175,41176,82339,82340,82341,82342,82343,82346,82347,82348,82349,82350,1,-1,2,-2,1,3,1,-1,-3,-1,2,2,5,2,2,-2,-2,-5,-2,-2
0,1,13725,13728,41175,41176,41177,41180,41181,41182,82351,82352,82353,82354,82355,82358,82359,82360,82361,82362,1,-1,2,-2,1,3,1,-1,-3,-1,2,2,5,2,2,-2,-2,-5,-2,-2
0,1,13727,13730,41181,41182,41183,41186,41187,41188,82363,82364,82365,82366,82367,82370,82371,82372,82373,82374,1,-1,2,-2,1,3,1,-1,-3,-1,2,2,5,2,2,-2,-2,-5,-2,-2
0,1,13729,13732,41187,41188,41189,41192,41193,41194,82375,82376,82377,82378,82379,82382,82383,82384,82385,82386,1,-1,2,-2,1,3,1,-1,-3,-1,2,2,5,2,2,-2,-2,-5,-2,-2
0,1,13731,13734,41193,41194,41195,41198,41199,41200,82387,82388,82389,82390,82391,82394,82395,82396,82397,82398,1,-1,2,-2,1,3,1,-1,-3,-1,2,2,5,2,2,-2,-2,-5,-2,-2
0,1,13733,13736,41199,41200,41201,41204,41205,41206,82399,82400,82401,82402,82403,82406,82407,82408,82409,82410,1,-1,2,-2,1,3,1,-1,-3,-1,2,2,5,2,2,-2,-2,-5,-2,-2
0,1,13735,13738,41205,41206,41207,41210,41211,41212,82411,82412,82413,82414,82415,82418,82419,82420,82421,82422,1,-1,2,-2,1,3,1,-1,-3,-1,2,2,5,2,2,-2,-2,-5,-2,-2
0,1,13737,13740,41211,41212,41213,41216,41217,41218,82423,82424,82425,82426,82427,82430,82431,82432,82433,82434,1,-1,2,-2,1,3,1,-1,-3,-1,2,2,5,2,2,-2,-2,-5,-2,-2
0,1,13739,13742,41217,41218,41219,41222,41223,41224,82435,82436,82437,82438,82439,82442,82443,82444,82445,82446,1,-1,2,-2,1,3,1,-1,-3,-1,2,2,5,2,2,-2,-2,-5,-2,-2
0,1,13741,13744,41223,41224,41225,41228,41229,41230,82447,82448,82449,82450,82451,82454,82455,82456,82457,82458,1,-1,2,-2,1,3,1,-1,-3,-1,2,2,5,2,2,-2,-2,-5,-2,-2
0,1,13743,13746,41229,41230,41231,41234,41235,41236,82459,82460,82461,82462,82463,82466,82467,82468,82469,82470,1,-1,2,-2,1,3,1,-1,-3,-1,2,2,5,2,2,-2,-2,-5,-2,-2
0,1,13745,13748,41235,41236,41237,41240,41241,41242,82471,82472,82473,82474,82475,82478,82479,82480,82481,82482,1,-1,2,-2,1,3,1,-1,-3,-1,2,2,5,2,2,-2,-2,-5,-2,-2
0,1,13747,13750,41241,41242,41243,41246,41247,41248,82483,82484,82485,82486,82487,82490,82491,82492,82493,82494,1,-1,2,-2,1,3,1,-1,-3,-1,2,2,5,2,2,-2,-2,-5,-2,-2
0,1,13749,13752,41247,41248,41249,41252,41253,41254,82495,82496,82497,82498,82499,82502,82503,82504,82505,82506,1,-1,2,-2,1,3,1,-1,-3,-1,2,2,5,2,2,-2,-2,-5,-2,-2
0,1,13751,13754,41253,41254,41255,41258,41259,41260,82507,82508,82509,82510,82511,82514,82515,82516,82517,82518,1,-1,2,-2,1,3,1,-1,-3,-1,2,2,5,2,2,-2,-2,-5,-2,-2
0,1,13753,13756,41259,41260,41261,41264,41265,41266,82519,82520,82521,82522,82523,82526,82527,82528,82529,82530,1,-1,2,-2,1,3,1,-1,-3,-1,2,2,5,2,2,-2,-2,-5,-2,-2
0,1,13755,13758,41265,41266,41267,41270,41271,41272,82531,82532,82533,82534,82535,82538,82539,82540,82541,82542,1,-1,2,-2,1,3,1,-1,-3,-1,2,2,5,2,2,-2,-2,-5,-2,-2
0,1,13757,13760,41271,41272,41273,41276,41277,41278,82543,82544,82545,82546,82547,82550,82551,82552,82553,82554,1,-1,2,-2,1,3,1,-1,-3,-1,2,2,5,2,2,-2,-2,-5,-2,-2
0,1,13759,13762,41277,41278,41279,41282,41283,41284,82555,82556,82557,82558,82559,82562,82563,82564,82565,82566,1,-1,2,-2,1,3,1,-1,-3,-1,2,2,5,2,2,-2,-2,-5,-2,-2
0,1,13761,13764,41283,41284,41285,41288,41289,41290,82567,82568,82569,82570,82571,82574,82575,82576,82577,82578,1,-1,2,-2,1,3,1,-1,-3,-1,2,2,5,2,2,-2,-2,-5,-2,-2
0,1,13763,13766,41289,41290,41291,41294,41295,41296,82579,82580,82581,82582,82583,82586,82587,82588,82589,82590,1,-1,2,-2,1,3,1,-1,-3,-1,2,2,5,2,2,-2,-2,-5,-2,-2
0,1,13765,13768,41295,41296,41297,41300,41301,41302,82591,82592,82593,82594,82595,82598,82599,82600,82601,82602,1,-1,2,-2,1,3,1,-1,-3,-1,2,2,5,2,2,-2,-2,-5,-2,-2
0,1,13767,13770,41301,41302,41303,41306,41307,41308,82603,82604,82605,82606,82607,82610,82611,82612,82613,82614,1,-1,2,-2,1,3,1,-1,-3,-1,2,2,5,2,2,-2,-2,-5,-2,-2
0,1,13769,13772,41307,41308,41309,41312,41313,41314,82615,82616,82617,82618,82619,82622,82623,82624,82625,82626,1,-1,2,-2,1,3,1,-1,-3,-1,2,2,5,2,2,-2,-2,-5,-2,-2
0,1,13771,13774,41313,41314,41315,41318,41319,41320,82627,82628,82629,82630,82631,82634,82635,82636,82637,82638,1,-1,2,-2,1,3,1,-1,-3,-1,2,2,5,2,2,-2,-2,-5,-2,-2
0,1,13773,13776,41319,41320,41321,41324,41325,41326,82639,82640,82641,82642,82643,82646,82647,82648,82649,82650,1,-1,2,-2,1,3,1,-1,-3,-1,2,2,5,2,2,-2,-2,-5,-2,-2
0,1,13775,13778,41325,41326,41327,41330,41331,41332,82651,82652,82653,82654,82655,82658,82659,82660,82661,82662,1,-1,2,-2,1,3,1,-1,-3,-1,2,2,5,2,2,-2,-2,-5,-2,-2
0,1,13777,13780,41331,41332,41333,41336,41337,41338,82663,82664,82665,82666,82667,82670,82671,82672,82673,82674,1,-1,2,-2,1,3,1,-1,-3,-1,2,2,5,2,2,-2,-2,-5,-2,-2
0,1,13779,13782,41337,41338,41339,41342,41343,41344,82675,82676,82677,82678,82679,82682,82683,82684,82685,82686,1,-1,2,-2,1,3,1,-1,-3,-1,2,2,5,2,2,-2,-2,-5,-2,-2
0,1,13781,13784,41343,41344,41345,41348,41349,41350,82687,82688,82689,82690,82691,82694,82695,82696,82697,82698,1,-1,2,-2,1,3,1,-1,-3,-1,2,2,5,2,2,-2,-2,-5,-2,-2
0,1,13783,13786,41349,41350,41351,41354,41355,41356,82699,82700,82701,82702,82703,82706,82707,82708,82709,82710,1,-1,2,-2,1,3,1,-1,-3,-1,2,2,5,2,2,-2,-2,-5,-2,-2
0,1,13785,13788,41355,41356,41357,41360,41361,41362,82711,82712,82713,82714,82715,82718,82719,82720,82721,82722,1,-1,2,-2,1,3,1,-1,-3,-1,2,2,5,2,2,-2,-2,-5,-2,-2
0,1,13787,13790,41361,41362,41363,41366,41367,41368,82723,82724,82725,82726,82727,82730,82731,82732,82733,82734,1,-1,2,-2,1,3,1,-1,-3,-1,2,2,5,2,2,-2,-2,-5,-2,-2
0,1,13789,13792,41367,41368,41369,41372,41373,41374,82735,82736,82737,82738,82739,82742,82743,82744,82745,82746,1,-1,2,-2,1,3,1,-1,-3,-1,2,2,5,2,2,-2,-2,-5,-2,-2
0,1,13791,13794,41373,41374,41375,41378,41379,41380,82747,82748,82749,82750,82751,82754,82755,82756,82757,82758,1,-1,2,-2,1,3,1,-1,-3,-1,2,2,5,2,2,-2,-2,-5,-2,-2
0,1,13793,13796,41379,41380,41381,41384,41385,41386,82759,82760,82761,82762,82763,82766,82767,82768,82769,82770,1,-1,2,-2,1,3,1,-1,-3,-1,2,2,5,2,2,-2,-2,-5,-2,-2
0,1,13795,13798,41385,41386,41387,41390,41391,41392,82771,82772,82773,82774,82775,82778,82779,82780,82781,82782,1,-1,2,-2,1,3,1,-1,-3,-1,2,2,5,2,2,-2,-2,-5,-2,-2
0,1,13797,13800,41391,41392,41393,41396,41397,41398,82783,82784,82785,82786,82787,82790,82791,82792,82793,82794,1,-1,2,-2,1,3,1,-1,-3,-1,2,2,5,2,2,-2,-2,-5,-2,-2
0,1,13799,13802,41397,41398,41399,41402,41403,41404,82795,82796,82797,82798,82799,82802,82803,82804,82805,82806,1,-1,2,-2,1,3,1,-1,-3,-1,2,2,5,2,2,-2,-2,-5,-2,-2
0,1,13801,13804,41403,41404,41405,41408,41409,41410,82807,82808,82809,82810,82811,82814,82815,82816,82817,82818,1,-1,2,-2,1,3,1,-1,-3,-1,2,2,5,2,2,-2,-2,-5,-2,-2
0,1,13803,13806,41409,41410,41411,41414,41415,41416,82819,82820,82821,82822,82823,82826,82827,82828,82829,82830,1,-1,2,-2,1,3,1,-1,-3,-1,2,2,5,2,2,-2,-2,-5,-2,-2
0,1,13805,13808,41415,41416,41417,41420,41421,41422,82831,82832,82833,82834,82835,82838,82839,82840,82841,82842,1,-1,2,-2,1,3,1,-1,-3,-1,2,2,5,2,2,-2,-2,-5,-2,-2
0,1,13807,13810,41421,41422,41423,41426,41427,41428,82843,82844,82845,82846,82847,82850,82851,82852,82853,82854,1,-1,2,-2,1,3,1,-1,-3,-1,2,2,5,2,2,-2,-2,-5,-2,-2
0,1,13809,13812,41427,41428,41429,41432,41433,41434,82855,82856,82857,82858,82859,82862,82863,82864,82865,82866,1,-1,2,-2,1,3,1,-1,-3,-1,2,2,5,2,2,-2,-2,-5,-2,-2
0,1,13811,13814,41433,41434,41435,41438,41439,41440,82867,82868,82869,82870,82871,82874,82875,82876,82877,82878,1,-1,2,-2,1,3,1,-1,-3,-1,2,2,5,2,2,-2,-2,-5,-2,-2
0,1,13813,13816,41439,41440,41441,41444,41445,41446,82879,82880,82881,82882,82883,82886,82887,82888,82889,82890,1,-1,2,-2,1,3,1,-1,-3,-1,2,2,5,2,2,-2,-2,-5,-2,-2
0,1,13815,13818,41445,41446,41447,41450,41451,41452,82891,82892,82893,82894,82895,82898,82899,82900,82901,82902,1,-1,2,-2,1,3,1,-1,-3,-1,2,2,5,2,2,-2,-2,-5,-2,-2
0,1,13817,13820,41451,41452,41453,41456,41457,41458,82903,82904,82905,82906,82907,82910,82911,82912,82913,82914,1,-1,2,-2,1,3,1,-1,-3,-1,2,2,5,2,2,-2,-2,-5,-2,-2
0,1,13819,13822,41457,41458,41459,41462,41463,41464,82915,82916,82917,82918,82919,82922,82923,82924,82925,82926,1,-1,2,-2,1,3,1,-1,-3,-1,2,2,5,2,2,-2,-2,-5,-2,-2
0,1,13821,13824,41463,41464,41465,41468,41469,41470,82927,82928,82929,82930,82931,82934,82935,82936,82937,82938,1,-1,2,-2,1,3,1,-1,-3,-1,2,2,5,2,2,-2,-2,-5,-2,-2
0,1,13823,13826,41469,41470,41471,41474,41475,41476,82939,82940,82941,82942,82943,82946,82947,82948,82949,82950,1,-1,2,-2,1,3,1,-1,-3,-1,2,2,5,2,2,-2,-2,-5,-2,-2
0,1,13825,13828,41475,41476,41477,41480,41481,41482,82951,82952,82953,82954,82955,82958,82959,82960,82961,82962,1,-1,2,-2,1,3,1,-1,-3,-1,2,2,5,2,2,-2,-2,-5,-2,-2
0,1,13827,13830,41481,41482,41483,41486,41487,41488,82963,82964,82965,82966,82967,82970,82971,82972,82973,82974,1,-1,2,-2,1,3,1,-1,-3,-1,2,2,5,2,2,-2,-2,-5,-2,-2
0,1,13829,13832,41487,41488,41489,41492,41493,41494,82975,82976,82977,82978,82979,82982,82983,82984,82985,82986,1,-1,2,-2,1,3,1,-1,-3,-1,2,2,5,2,2,-2,-2,-5,-2,-2
0,1,13831,13834,41493,41494,41495,41498,41499,41500,82987,82988,82989,82990,82991,82994,82995,82996,82997,82998,1,-1,2,-2,1,3,1,-1,-3,-1,2,2,5,2,2,-2,-2,-5,-2,-2
0,1,13833,13836,41499,41500,41501,41504,41505,41506,82999,83000,83001,83002,83003,83006,83007,83008,83009,83010,1,-1,2,-2,1,3,1,-1,-3,-1,2,2,5,2,2,-2,-2,-5,-2,-2
0,1,13835,13838,41505,41506,41507,41510,41511,41512,83011,83012,83013,83014,83015,83018,83019,83020,83021,83022,1,-1,2,-2,1,3,1,-1,-3,-1,2,2,5,2,2,-2,-2,-5,-2,-2
0,1,13837,13840,41511,41512,41513,41516,41517,41518,83023,83024,83025,83026,83027,83030,83031,83032,83033,83034,1,-1,2,-2,1,3,1,-1,-3,-1,2,2,5,2,2,-2,-2,-5,-2,-2
0,1,13839,13842,41517,41518,41519,41522,41523,41524,83035,83036,83037,83038,83039,83042,83043,83044,83045,83046,1,-1,2,-2,1,3,1,-1,-3,-1,2,2,5,2,2,-2,-2,-5,-2,-2
0,1,13841,13844,41523,41524,41525,41528,41529,41530,83047,83048,83049,83050,83051,83054,83055,83056,83057,83058,1,-1,2,-2,1,3,1,-1,-3,-1,2,2,5,2,2,-2,-2,-5,-2,-2
0,1,13843,13846,41529,41530,41531,41534,41535,41536,83059,83060,83061,83062,83063,83066,83067,83068,83069,83070,1,-1,2,-2,1,3,1,-1,-3,-1,2,2,5,2,2,-2,-2,-5,-2,-2
0,1,13845,13848,41535,41536,41537,41540,41541,41542,83071,83072,83073,83074,83075,83078,83079,83080,83081,83082,1,-1,2,-2,1,3,1,-1,-3,-1,2,2,5,2,2,-2,-2,-5,-2,-2
0,1,13847,13850,41541,41542,41543,41546,41547,41548,83083,83084,83085,83086,83087,83090,83091,83092,83093,83094,1,-1,2,-2,1,3,1,-1,-3,-1,2,2,5,2,2,-2,-2,-5,-2,-2
0,1,13849,13852,41547,41548,41549,41552,41553,41554,83095,83096,83097,83098,83099,83102,83103,83104,83105,83106,1,-1,2,-2,1,3,1,-1,-3,-1,2,2,5,2,2,-2,-2,-5,-2,-2
0,1,13851,13854,41553,41554,41555,41558,41559,41560,83107,83108,83109,83110,83111,83114,83115,83116,83117,83118,1,-1,2,-2,1,3,1,-1,-3,-1,2,2,5,2,2,-2,-2,-5,-2,-2
0,1,13853,13856,41559,41560,41561,41564,41565,41566,83119,83120,83121,83122,83123,83126,83127,83128,83129,83130,1,-1,2,-2,1,3,1,-1,-3,-1,2,2,5,2,2,-2,-2,-5,-2,-2
0,1,13855,13858,41565,41566,41567,41570,41571,41572,83131,83132,83133,83134,83135,83138,83139,83140,83141,83142,1,-1,2,-2,1,3,1,-1,-3,-1,2,2,5,2,2,-2,-2,-5,-2,-2
0,1,13857,13860,41571,41572,41573,41576,41577,41578,83143,83144,83145,83146,83147,83150,83151,83152,83153,83154,1,-1,2,-2,1,3,1,-1,-3,-1,2,2,5,2,2,-2,-2,-5,-2,-2
0,1,13859,13862,41577,41578,41579,41582,41583,41584,83155,83156,83157,83158,83159,83162,83163,83164,83165,83166,1,-1,2,-2,1,3,1,-1,-3,-1,2,2,5,2,2,-2,-2,-5,-2,-2
0,1,13861,13864,41583,41584,41585,41588,41589,41590,83167,83168,83169,83170,83171,83174,83175,83176,83177,83178,1,-1,2,-2,1,3,1,-1,-3,-1,2,2,5,2,2,-2,-2,-5,-2,-2
0,1,13863,13866,41589,41590,41591,41594,41595,41596,83179,83180,83181,83182,83183,83186,83187,83188,83189,83190,1,-1,2,-2,1,3,1,-1,-3,-1,2,2,5,2,2,-2,-2,-5,-2,-2
0,1,13865,13868,41595,41596,41597,41600,41601,41602,83191,83192,83193,83194,83195,83198,83199,83200,83201,83202,1,-1,2,-2,1,3,1,-1,-3,-1,2,2,5,2,2,-2,-2,-5,-2,-2
0,1,13867,13870,41601,41602,41603,41606,41607,41608,83203,83204,83205,83206,83207,83210,83211,83212,83213,83214,1,-1,2,-2,1,3,1,-1,-3,-1,2,2,5,2,2,-2,-2,-5,-2,-2
0,1,13869,13872,41607,41608,41609,41612,41613,41614,83215,83216,83217,83218,83219,83222,83223,83224,83225,83226,1,-1,2,-2,1,3,1,-1,-3,-1,2,2,5,2,2,-2,-2,-5,-2,-2
0,1,13871,13874,41613,41614,41615,41618,41619,41620,83227,83228,83229,83230,83231,83234,83235,83236,83237,83238,1,-1,2,-2,1,3,1,-1,-3,-1,2,2,5,2,2,-2,-2,-5,-2,-2
0,1,13873,13876,41619,41620,41621,41624,41625,41626,83239,83240,83241,83242,83243,83246,83247,83248,83249,83250,1,-1,2,-2,1,3,1,-1,-3,-1,2,2,5,2,2,-2,-2,-5,-2,-2
0,1,13875,13878,41625,41626,41627,41630,41631,41632,83251,83252,83253,83254,83255,83258,83259,83260,83261,83262,1,-1,2,-2,1,3,1,-1,-3,-1,2,2,5,2,2,-2,-2,-5,-2,-2
0,1,13877,13880,41631,41632,41633,41636,41637,41638,83263,83264,83265,83266,83267,83270,83271,83272,83273,83274,1,-1,2,-2,1,3,1,-1,-3,-1,2,2,5,2,2,-2,-2,-5,-2,-2
0,1,13879,13882,41637,41638,41639,41642,41643,41644,83275,83276,83277,83278,83279,83282,83283,83284,83285,83286,1,-1,2,-2,1,3,1,-1,-3,-1,2,2,5,2,2,-2,-2,-5,-2,-2
0,1,13881,13884,41643,41644,41645,41648,41649,41650,83287,83288,83289,83290,83291,83294,83295,83296,83297,83298,1,-1,2,-2,1,3,1,-1,-3,-1,2,2,5,2,2,-2,-2,-5,-2,-2
0,1,13883,13886,41649,41650,41651,41654,41655,41656,83299,83300,83301,83302,83303,83306,83307,83308,83309,83310,1,-1,2,-2,1,3,1,-1,-3,-1,2,2,5,2,2,-2,-2,-5,-2,-2
0,1,13885,13888,41655,41656,41657,41660,41661,41662,83311,83312,83313,83314,83315,83318,83319,83320,83321,83322,1,-1,2,-2,1,3,1,-1,-3,-1,2,2,5,2,2,-2,-2,-5,-2,-2
0,1,13887,13890,41661,41662,41663,41666,41667,41668,83323,83324,83325,83326,83327,83330,83331,83332,83333,83334,1,-1,2,-2,1,3,1,-1,-3,-1,2,2,5,2,2,-2,-2,-5,-2,-2
0,1,13889,13892,41667,41668,41669,41672,41673,41674,83335,83336,83337,83338,83339,83342,83343,83344,83345,83346,1,-1,2,-2,1,3,1,-1,-3,-1,2,2,5,2,2,-2,-2,-5,-2,-2
0,1,13891,13894,41673,41674,41675,41678,41679,41680,83347,83348,83349,83350,83351,83354,83355,83356,83357,83358,1,-1,2,-2,1,3,1,-1,-3,-1,2,2,5,2,2,-2,-2,-5,-2,-2
0,1,13893,13896,41679,41680,41681,41684,41685,41686,83359,83360,83361,83362,83363,83366,83367,83368,83369,83370,1,-1,2,-2,1,3,1,-1,-3,-1,2,2,5,2,2,-2,-2,-5,-2,-2
0,1,13895,13898,41685,41686,41687,41690,41691,41692,83371,83372,83373,83374,83375,83378,83379,83380,83381,83382,1,-1,2,-2,1,3,1,-1,-3,-1,2,2,5,2,2,-2,-2,-5,-2,-2
0,1,13897,13900,41691,41692,41693,41696,41697,41698,83383,83384,83385,83386,83387,83390,83391,83392,83393,83394,1,-1,2,-2,1,3,1,-1,-3,-1,2,2,5,2,2,-2,-2,-5,-2,-2
0,1,13899,13902,41697,41698,41699,41702,41703,41704,83395,83396,83397,83398,83399,83402,83403,83404,83405,83406,1,-1,2,-2,1,3,1,-1,-3,-1,2,2,5,2,2,-2,-2,-5,-2,-2
0,1,13901,13904,41703,41704,41705,41708,41709,41710,83407,83408,83409,83410,83411,83414,83415,83416,83417,83418,1,-1,2,-2,1,3,1,-1,-3,-1,2,2,5,2,2,-2,-2,-5,-2,-2
0,1,13903,13906,41709,41710,41711,41714,41715,41716,83419,83420,83421,83422,83423,83426,83427,83428,83429,83430,1,-1,2,-2,1,3,1,-1,-3,-1,2,2,5,2,2,-2,-2,-5,-2,-2
0,1,13905,13908,41715,41716,41717,41720,41721,41722,83431,83432,83433,83434,83435,83438,83439,83440,83441,83442,1,-1,2,-2,1,3,1,-1,-3,-1,2,2,5,2,2,-2,-2,-5,-2,-2
0,1,13907,13910,41721,41722,41723,41726,41727,41728,83443,83444,83445,83446,83447,83450,83451,83452,83453,83454,1,-1,2,-2,1,3,1,-1,-3,-1,2,2,5,2,2,-2,-2,-5,-2,-2
0,1,13909,13912,41727,41728,41729,41732,41733,41734,83455,83456,83457,83458,83459,83462,83463,83464,83465,83466,1,-1,2,-2,1,3,1,-1,-3,-1,2,2,5,2,2,-2,-2,-5,-2,-2
0,1,13911,13914,41733,41734,41735,41738,41739,41740,83467,83468,83469,83470,83471,83474,83475,83476,83477,83478,1,-1,2,-2,1,3,1,-1,-3,-1,2,2,5,2,2,-2,-2,-5,-2,-2
0,1,13913,13916,41739,41740,41741,41744,41745,41746,83479,83480,83481,83482,83483,83486,83487,83488,83489,83490,1,-1,2,-2,1,3,1,-1,-3,-1,2,2,5,2,2,-2,-2,-5,-2,-2
0,1,13915,13918,41745,41746,41747,41750,41751,41752,83491,83492,83493,83494,83495,83498,83499,83500,83501,83502,1,-1,2,-2,1,3,1,-1,-3,-1,2,2,5,2,2,-2,-2,-5,-2,-2
0,1,13917,13920,41751,41752,41753,41756,41757,41758,83503,83504,83505,83506,83507,83510,83511,83512,83513,83514,1,-1,2,-2,1,3,1,-1,-3,-1,2,2,5,2,2,-2,-2,-5,-2,-2
0,1,13919,13922,41757,41758,41759,41762,41763,41764,83515,83516,83517,83518,83519,83522,83523,83524,83525,83526,1,-1,2,-2,1,3,1,-1,-3,-1,2,2,5,2,2,-2,-2,-5,-2,-2
0,1,13921,13924,41763,41764,41765,41768,41769,41770,83527,83528,83529,83530,83531,83534,83535,83536,83537,83538,1,-1,2,-2,1,3,1,-1,-3,-1,2,2,5,2,2,-2,-2,-5,-2,-2
0,1,13923,13926,41769,41770,41771,41774,41775,41776,83539,83540,83541,83542,83543,83546,83547,83548,83549,83550,1,-1,2,-2,1,3,1,-1,-3,-1,2,2,5,2,2,-2,-2,-5,-2,-2
0,1,13925,13928,41775,41776,41777,41780,41781,41782,83551,83552,83553,83554,83555,83558,83559,83560,83561,83562,1,-1,2,-2,1,3,1,-1,-3,-1,2,2,5,2,2,-2,-2,-5,-2,-2
0,1,13927,13930,41781,41782,41783,41786,41787,41788,83563,83564,83565,83566,83567,83570,83571,83572,83573,83574,1,-1,2,-2,1,3,1,-1,-3,-1,2,2,5,2,2,-2,-2,-5,-2,-2
0,1,13929,13932,41787,41788,41789,41792,41793,41794,83575,83576,83577,83578,83579,83582,83583,83584,83585,83586,1,-1,2,-2,1,3,1,-1,-3,-1,2,2,5,2,2,-2,-2,-5,-2,-2
0,1,13931,13934,41793,41794,41795,41798,41799,41800,83587,83588,83589,83590,83591,83594,83595,83596,83597,83598,1,-1,2,-2,1,3,1,-1,-3,-1,2,2,5,2,2,-2,-2,-5,-2,-2
0,1,13933,13936,41799,41800,41801,41804,41805,41806,83599,83600,83601,83602,83603,83606,83607,83608,83609,83610,1,-1,2,-2,1,3,1,-1,-3,-1,2,2,5,2,2,-2,-2,-5,-2,-2
0,1,13935,13938,41805,41806,41807,41810,41811,41812,83611,83612,83613,83614,83615,83618,83619,83620,83621,83622,1,-1,2,-2,1,3,1,-1,-3,-1,2,2,5,2,2,-2,-2,-5,-2,-2
0,1,13937,13940,41811,41812,41813,41816,41817,41818,83623,83624,83625,83626,83627,83630,83631,83632,83633,83634,1,-1,2,-2,1,3,1,-1,-3,-1,2,2,5,2,2,-2,-2,-5,-2,-2
0,1,13939,13942,41817,41818,41819,41822,41823,41824,83635,83636,83637,83638,83639,83642,83643,83644,83645,83646,1,-1,2,-2,1,3,1,-1,-3,-1,2,2,5,2,2,-2,-2,-5,-2,-2
0,1,13941,13944,41823,41824,41825,41828,41829,41830,83647,83648,83649,83650,83651,83654,83655,83656,83657,83658,1,-1,2,-2,1,3,1,-1,-3,-1,2,2,5,2,2,-2,-2,-5,-2,-2
0,1,13943,13946,41829,41830,41831,41834,41835,41836,83659,83660,83661,83662,83663,83666,83667,83668,83669,83670,1,-1,2,-2,1,3,1,-1,-3,-1,2,2,5,2,2,-2,-2,-5,-2,-2
0,1,13945,13948,41835,41836,41837,41840,41841,41842,83671,83672,83673,83674,83675,83678,83679,83680,83681,83682,1,-1,2,-2,1,3,1,-1,-3,-1,2,2,5,2,2,-2,-2,-5,-2,-2
0,1,13947,13950,41841,41842,41843,41846,41847,41848,83683,83684,83685,83686,83687,83690,83691,83692,83693,83694,1,-1,2,-2,1,3,1,-1,-3,-1,2,2,5,2,2,-2,-2,-5,-2,-2
0,1,13949,13952,41847,41848,41849,41852,41853,41854,83695,83696,83697,83698,83699,83702,83703,83704,83705,83706,1,-1,2,-2,1,3,1,-1,-3,-1,2,2,5,2,2,-2,-2,-5,-2,-2
0,1,13951,13954,41853,41854,41855,41858,41859,41860,83707,83708,83709,83710,83711,83714,83715,83716,83717,83718,1,-1,2,-2,1,3,1,-1,-3,-1,2,2,5,2,2,-2,-2,-5,-2,-2
0,1,13953,13956,41859,41860,41861,41864,41865,41866,83719,83720,83721,83722,83723,83726,83727,83728,83729,83730,1,-1,2,-2,1,3,1,-1,-3,-1,2,2,5,2,2,-2,-2,-5,-2,-2
0,1,13955,13958,41865,41866,41867,41870,41871,41872,83731,83732,83733,83734,83735,83738,83739,83740,83741,83742,1,-1,2,-2,1,3,1,-1,-3,-1,2,2,5,2,2,-2,-2,-5,-2,-2
0,1,13957,13960,41871,41872,41873,41876,41877,41878,83743,83744,83745,83746,83747,83750,83751,83752,83753,83754,1,-1,2,-2,1,3,1,-1,-3,-1,2,2,5,2,2,-2,-2,-5,-2,-2
0,1,13959,13962,41877,41878,41879,41882,41883,41884,83755,83756,83757,83758,83759,83762,83763,83764,83765,83766,1,-1,2,-2,1,3,1,-1,-3,-1,2,2,5,2,2,-2,-2,-5,-2,-2
0,1,13961,13964,41883,41884,41885,41888,41889,41890,83767,83768,83769,83770,83771,83774,83775,83776,83777,83778,1,-1,2,-2,1,3,1,-1,-3,-1,2,2,5,2,2,-2,-2,-5,-2,-2
0,1,13963,13966,41889,41890,41891,41894,41895,41896,83779,83780,83781,83782,83783,83786,83787,83788,83789,83790,1,-1,2,-2,1,3,1,-1,-3,-1,2,2,5,2,2,-2,-2,-5,-2,-2
0,1,13965,13968,41895,41896,41897,41900,41901,41902,83791,83792,83793,83794,83795,83798,83799,83800,83801,83802,1,-1,2,-2,1,3,1,-1,-3,-1,2,2,5,2,2,-2,-2,-5,-2,-2
0,1,13967,13970,41901,41902,41903,41906,41907,41908,83803,83804,83805,83806,83807,83810,83811,83812,83813,83814,1,-1,2,-2,1,3,1,-1,-3,-1,2,2,5,2,2,-2,-2,-5,-2,-2
0,1,13969,13972,41907,41908,41909,41912,41913,41914,83815,83816,83817,83818,83819,83822,83823,83824,83825,83826,1,-1,2,-2,1,3,1,-1,-3,-1,2,2,5,2,2,-2,-2,-5,-2,-2
0,1,13971,13974,41913,41914,41915,41918,41919,41920,83827,83828,83829,83830,83831,83834,83835,83836,83837,83838,1,-1,2,-2,1,3,1,-1,-3,-1,2,2,5,2,2,-2,-2,-5,-2,-2
0,1,13973,13976,41919,41920,41921,41924,41925,41926,83839,83840,83841,83842,83843,83846,83847,83848,83849,83850,1,-1,2,-2,1,3,1,-1,-3,-1,2,2,5,2,2,-2,-2,-5,-2,-2
0,1,13975,13978,41925,41926,41927,41930,41931,41932,83851,83852,83853,83854,83855,83858,83859,83860,83861,83862,1,-1,2,-2,1,3,1,-1,-3,-1,2,2,5,2,2,-2,-2,-5,-2,-2
0,1,13977,13980,41931,41932,41933,41936,41937,41938,83863,83864,83865,83866,83867,83870,83871,83872,83873,83874,1,-1,2,-2,1,3,1,-1,-3,-1,2,2,5,2,2,-2,-2,-5,-2,-2
0,1,13979,13982,41937,41938,41939,41942,41943,41944,83875,83876,83877,83878,83879,83882,83883,83884,83885,83886,1,-1,2,-2,1,3,1,-1,-3,-1,2,2,5,2,2,-2,-2,-5,-2,-2
0,1,13981,13984,41943,41944,41945,41948,41949,41950,83887,83888,83889,83890,83891,83894,83895,83896,83897,83898,1,-1,2,-2,1,3,1,-1,-3,-1,2,2,5,2,2,-2,-2,-5,-2,-2
0,1,13983,13986,41949,41950,41951,41954,41955,41956,83899,83900,83901,83902,83903,83906,83907,83908,83909,83910,1,-1,2,-2,1,3,1,-1,-3,-1,2,2,5,2,2,-2,-2,-5,-2,-2
0,1,13985,13988,41955,41956,41957,41960,41961,41962,83911,83912,83913,83914,83915,83918,83919,83920,83921,83922,1,-1,2,-2,1,3,1,-1,-3,-1,2,2,5,2,2,-2,-2,-5,-2,-2
0,1,13987,13990,41961,41962,41963,41966,41967,41968,83923,83924,83925,83926,83927,83930,83931,83932,83933,83934,1,-1,2,-2,1,3,1,-1,-3,-1,2,2,5,2,2,-2,-2,-5,-2,-2
0,1,13989,13992,41967,41968,41969,41972,41973,41974,83935,83936,83937,83938,83939,83942,83943,83944,83945,83946,1,-1,2,-2,1,3,1,-1,-3,-1,2,2,5,2,2,-2,-2,-5,-2,-2
0,1,13991,13994,41973,41974,41975,41978,41979,41980,83947,83948,83949,83950,83951,83954,83955,83956,83957,83958,1,-1,2,-2,1,3,1,-1,-3,-1,2,2,5,2,2,-2,-2,-5,-2,-2
0,1,13993,13996,41979,41980,41981,41984,41985,41986,83959,83960,83961,83962,83963,83966,83967,83968,83969,83970,1,-1,2,-2,1,3,1,-1,-3,-1,2,2,5,2,2,-2,-2,-5,-2,-2
0,1,13995,13998,41985,41986,41987,41990,41991,41992,83971,83972,83973,83974,83975,83978,83979,83980,83981,83982,1,-1,2,-2,1,3,1,-1,-3,-1,2,2,5,2,2,-2,-2,-5,-2,-2
0,1,13997,14000,41991,41992,41993,41996,41997,41998,83983,83984,83985,83986,83987,83990,83991,83992,83993,83994,1,-1,2,-2,1,3,1,-1,-3,-1,2,2,5,2,2,-2,-2,-5,-2,-2
0,1,13999,14002,41997,41998,41999,42002,42003,42004,83995,83996,83997,83998,83999,84002,84003,84004,84005,84006,1,-1,2,-2,1,3,1,-1,-3,-1,2,2,5,2,2,-2,-2,-5,-2,-2
0,1,14001,14004,42003,42004,42005,42008,42009,42010,84007,84008,84009,84010,84011,84014,84015,84016,84017,84018,1,-1,2,-2,1,3,1,-1,-3,-1,2,2,5,2,2,-2,-2,-5,-2,-2
0,1,14003,14006,42009,42010,42011,42014,42015,42016,84019,84020,84021,84022,84023,84026,84027,84028,84029,84030,1,-1,2,-2,1,3,1,-1,-3,-1,2,2,5,2,2,-2,-2,-5,-2,-2
0,1,14005,14008,42015,42016,42017,42020,42021,42022,84031,84032,84033,84034,84035,84038,84039,84040,84041,84042,1,-1,2,-2,1,3,1,-1,-3,-1,2,2,5,2,2,-2,-2,-5,-2,-2
0,1,14007,14010,42021,42022,42023,42026,42027,42028,84043,84044,84045,84046,84047,84050,84051,84052,84053,84054,1,-1,2,-2,1,3,1,-1,-3,-1,2,2,5,2,2,-2,-2,-5,-2,-2
0,1,14009,14012,42027,42028,42029,42032,42033,42034,84055,84056,84057,84058,84059,84062,84063,84064,84065,84066,1,-1,2,-2,1,3,1,-1,-3,-1,2,2,5,2,2,-2,-2,-5,-2,-2
0,1,14011,14014,42033,42034,42035,42038,42039,42040,84067,84068,84069,84070,84071,84074,84075,84076,84077,84078,1,-1,2,-2,1,3,1,-1,-3,-1,2,2,5,2,2,-2,-2,-5,-2,-2
0,1,14013,14016,42039,42040,42041,42044,42045,42046,84079,84080,84081,84082,84083,84086,84087,84088,84089,84090,1,-1,2,-2,1,3,1,-1,-3,-1,2,2,5,2,2,-2,-2,-5,-2,-2
0,1,14015,14018,42045,42046,42047,42050,42051,42052,84091,84092,84093,84094,84095,84098,84099,84100,84101,84102,1,-1,2,-2,1,3,1,-1,-3,-1,2,2,5,2,2,-2,-2,-5,-2,-2
0,1,14017,14020,42051,42052,42053,42056,42057,42058,84103,84104,84105,84106,84107,84110,84111,84112,84113,84114,1,-1,2,-2,1,3,1,-1,-3,-1,2,2,5,2,2,-2,-2,-5,-2,-2
0,1,14019,14022,42057,42058,42059,42062,42063,42064,84115,84116,84117,84118,84119,84122,84123,84124,84125,84126,1,-1,2,-2,1,3,1,-1,-3,-1,2,2,5,2,2,-2,-2,-5,-2,-2
0,1,14021,14024,42063,42064,42065,42068,42069,42070,84127,84128,84129,84130,84131,84134,84135,84136,84137,84138,1,-1,2,-2,1,3,1,-1,-3,-1,2,2,5,2,2,-2,-2,-5,-2,-2
0,1,14023,14026,42069,42070,42071,42074,42075,42076,84139,84140,84141,84142,84143,84146,84147,84148,84149,84150,1,-1,2,-2,1,3,1,-1,-3,-1,2,2,5,2,2,-2,-2,-5,-2,-2
0,1,14025,14028,42075,42076,42077,42080,42081,42082,84151,84152,84153,84154,84155,84158,84159,84160,84161,84162,1,-1,2,-2,1,3,1,-1,-3,-1,2,2,5,2,2,-2,-2,-5,-2,-2
0,1,14027,14030,42081,42082,42083,42086,42087,42088,84163,84164,84165,84166,84167,84170,84171,84172,84173,84174,1,-1,2,-2,1,3,1,-1,-3,-1,2,2,5,2,2,-2,-2,-5,-2,-2
0,1,14029,14032,42087,42088,42089,42092,42093,42094,84175,84176,84177,84178,84179,84182,84183,84184,84185,84186,1,-1,2,-2,1,3,1,-1,-3,-1,2,2,5,2,2,-2,-2,-5,-2,-2
0,1,14031,14034,42093,42094,42095,42098,42099,42100,84187,84188,84189,84190,84191,84194,84195,84196,84197,84198,1,-1,2,-2,1,3,1,-1,-3,-1,2,2,5,2,2,-2,-2,-5,-2,-2
0,1,14033,14036,42099,42100,42101,42104,42105,42106,84199,84200,84201,84202,84203,84206,84207,84208,84209,84210,1,-1,2,-2,1,3,1,-1,-3,-1,2,2,5,2,2,-2,-2,-5,-2,-2
0,1,14035,14038,42105,42106,42107,42110,42111,42112,84211,84212,84213,84214,84215,84218,84219,84220,84221,84222,1,-1,2,-2,1,3,1,-1,-3,-1,2,2,5,2,2,-2,-2,-5,-2,-2
0,1,14037,14040,42111,42112,42113,42116,42117,42118,84223,84224,84225,84226,84227,84230,84231,84232,84233,84234,1,-1,2,-2,1,3,1,-1,-3,-1,2,2,5,2,2,-2,-2,-5,-2,-2
0,1,14039,14042,42117,42118,42119,42122,42123,42124,84235,84236,84237,84238,84239,84242,84243,84244,84245,84246,1,-1,2,-2,1,3,1,-1,-3,-1,2,2,5,2,2,-2,-2,-5,-2,-2
0,1,14041,14044,42123,42124,42125,42128,42129,42130,84247,84248,84249,84250,84251,84254,84255,84256,84257,84258,1,-1,2,-2,1,3,1,-1,-3,-1,2,2,5,2,2,-2,-2,-5,-2,-2
0,1,14043,14046,42129,42130,42131,42134,42135,42136,84259,84260,84261,84262,84263,84266,84267,84268,84269,84270,1,-1,2,-2,1,3,1,-1,-3,-1,2,2,5,2,2,-2,-2,-5,-2,-2
0,1,14045,14048,42135,42136,42137,42140,42141,42142,84271,84272,84273,84274,84275,84278,84279,84280,84281,84282,1,-1,2,-2,1,3,1,-1,-3,-1,2,2,5,2,2,-2,-2,-5,-2,-2
0,1,14047,14050,42141,42142,42143,42146,42147,42148,84283,84284,84285,84286,84287,84290,84291,84292,84293,84294,1,-1,2,-2,1,3,1,-1,-3,-1,2,2,5,2,2,-2,-2,-5,-2,-2
0,1,14049,14052,42147,42148,42149,42152,42153,42154,84295,84296,84297,84298,84299,84302,84303,84304,84305,84306,1,-1,2,-2,1,3,1,-1,-3,-1,2,2,5,2,2,-2,-2,-5,-2,-2
0,1,14051,14054,42153,42154,42155,42158,42159,42160,84307,84308,84309,84310,84311,84314,84315,84316,84317,84318,1,-1,2,-2,1,3,1,-1,-3,-1,2,2,5,2,2,-2,-2,-5,-2,-2
0,1,14053,14056,42159,42160,42161,42164,42165,42166,84319,84320,84321,84322,84323,84326,84327,84328,84329,84330,1,-1,2,-2,1,3,1,-1,-3,-1,2,2,5,2,2,-2,-2,-5,-2,-2
0,1,14055,14058,42165,42166,42167,42170,42171,42172,84331,84332,84333,84334,84335,84338,84339,84340,84341,84342,1,-1,2,-2,1,3,1,-1,-3,-1,2,2,5,2,2,-2,-2,-5,-2,-2
0,1,14057,14060,42171,42172,42173,42176,42177,42178,84343,84344,84345,84346,84347,84350,84351,84352,84353,84354,1,-1,2,-2,1,3,1,-1,-3,-1,2,2,5,2,2,-2,-2,-5,-2,-2
0,1,14059,14062,42177,42178,42179,42182,42183,42184,84355,84356,84357,84358,84359,84362,84363,84364,84365,84366,1,-1,2,-2,1,3,1,-1,-3,-1,2,2,5,2,2,-2,-2,-5,-2,-2
0,1,14061,14064,42183,42184,42185,42188,42189,42190,84367,84368,84369,84370,84371,84374,84375,84376,84377,84378,1,-1,2,-2,1,3,1,-1,-3,-1,2,2,5,2,2,-2,-2,-5,-2,-2
0,1,14063,14066,42189,42190,42191,42194,42195,42196,84379,84380,84381,84382,84383,84386,84387,84388,84389,84390,1,-1,2,-2,1,3,1,-1,-3,-1,2,2,5,2,2,-2,-2,-5,-2,-2
0,1,14065,14068,42195,42196,42197,42200,42201,42202,84391,84392,84393,84394,84395,84398,84399,84400,84401,84402,1,-1,2,-2,1,3,1,-1,-3,-1,2,2,5,2,2,-2,-2,-5,-2,-2
0,1,14067,14070,42201,42202,42203,42206,42207,42208,84403,84404,84405,84406,84407,84410,84411,84412,84413,84414,1,-1,2,-2,1,3,1,-1,-3,-1,2,2,5,2,2,-2,-2,-5,-2,-2
0,1,14069,14072,42207,42208,42209,42212,42213,42214,84415,84416,84417,84418,84419,84422,84423,84424,84425,84426,1,-1,2,-2,1,3,1,-1,-3,-1,2,2,5,2,2,-2,-2,-5,-2,-2
0,1,14071,14074,42213,42214,42215,42218,42219,42220,84427,84428,84429,84430,84431,84434,84435,84436,84437,84438,1,-1,2,-2,1,3,1,-1,-3,-1,2,2,5,2,2,-2,-2,-5,-2,-2
0,1,14073,14076,42219,42220,42221,42224,42225,42226,84439,84440,84441,84442,84443,84446,84447,84448,84449,84450,1,-1,2,-2,1,3,1,-1,-3,-1,2,2,5,2,2,-2,-2,-5,-2,-2
0,1,14075,14078,42225,42226,42227,42230,42231,42232,84451,84452,84453,84454,84455,84458,84459,84460,84461,84462,1,-1,2,-2,1,3,1,-1,-3,-1,2,2,5,2,2,-2,-2,-5,-2,-2
0,1,14077,14080,42231,42232,42233,42236,42237,42238,84463,84464,84465,84466,84467,84470,84471,84472,84473,84474,1,-1,2,-2,1,3,1,-1,-3,-1,2,2,5,2,2,-2,-2,-5,-2,-2
0,1,14079,14082,42237,42238,42239,42242,42243,42244,84475,84476,84477,84478,84479,84482,84483,84484,84485,84486,1,-1,2,-2,1,3,1,-1,-3,-1,2,2,5,2,2,-2,-2,-5,-2,-2
0,1,14081,14084,42243,42244,42245,42248,42249,42250,84487,84488,84489,84490,84491,84494,84495,84496,84497,84498,1,-1,2,-2,1,3,1,-1,-3,-1,2,2,5,2,2,-2,-2,-5,-2,-2
0,1,14083,14086,42249,42250,42251,42254,42255,42256,84499,84500,84501,84502,84503,84506,84507,84508,84509,84510,1,-1,2,-2,1,3,1,-1,-3,-1,2,2,5,2,2,-2,-2,-5,-2,-2
0,1,14085,14088,42255,42256,42257,42260,42261,42262,84511,84512,84513,84514,84515,84518,84519,84520,84521,84522,1,-1,2,-2,1,3,1,-1,-3,-1,2,2,5,2,2,-2,-2,-5,-2,-2
0,1,14087,14090,42261,42262,42263,42266,42267,42268,84523,84524,84525,84526,84527,84530,84531,84532,84533,84534,1,-1,2,-2,1,3,1,-1,-3,-1,2,2,5,2,2,-2,-2,-5,-2,-2
0,1,14089,14092,42267,42268,42269,42272,42273,42274,84535,84536,84537,84538,84539,84542,84543,84544,84545,84546,1,-1,2,-2,1,3,1,-1,-3,-1,2,2,5,2,2,-2,-2,-5,-2,-2
0,1,14091,14094,42273,42274,42275,42278,42279,42280,84547,84548,84549,84550,84551,84554,84555,84556,84557,84558,1,-1,2,-2,1,3,1,-1,-3,-1,2,2,5,2,2,-2,-2,-5,-2,-2
0,1,14093,14096,42279,42280,42281,42284,42285,42286,84559,84560,84561,84562,84563,84566,84567,84568,84569,84570,1,-1,2,-2,1,3,1,-1,-3,-1,2,2,5,2,2,-2,-2,-5,-2,-2
0,1,14095,14098,42285,42286,42287,42290,42291,42292,84571,84572,84573,84574,84575,84578,84579,84580,84581,84582,1,-1,2,-2,1,3,1,-1,-3,-1,2,2,5,2,2,-2,-2,-5,-2,-2
0,1,14097,14100,42291,42292,42293,42296,42297,42298,84583,84584,84585,84586,84587,84590,84591,84592,84593,84594,1,-1,2,-2,1,3,1,-1,-3,-1,2,2,5,2,2,-2,-2,-5,-2,-2
0,1,14099,14102,42297,42298,42299,42302,42303,42304,84595,84596,84597,84598,84599,84602,84603,84604,84605,84606,1,-1,2,-2,1,3,1,-1,-3,-1,2,2,5,2,2,-2,-2,-5,-2,-2
0,1,14101,14104,42303,42304,42305,42308,42309,42310,84607,84608,84609,84610,84611,84614,84615,84616,84617,84618,1,-1,2,-2,1,3,1,-1,-3,-1,2,2,5,2,2,-2,-2,-5,-2,-2
0,1,14103,14106,42309,42310,42311,42314,42315,42316,84619,84620,84621,84622,84623,84626,84627,84628,84629,84630,1,-1,2,-2,1,3,1,-1,-3,-1,2,2,5,2,2,-2,-2,-5,-2,-2
0,1,14105,14108,42315,42316,42317,42320,42321,42322,84631,84632,84633,84634,84635,84638,84639,84640,84641,84642,1,-1,2,-2,1,3,1,-1,-3,-1,2,2,5,2,2,-2,-2,-5,-2,-2
0,1,14107,14110,42321,42322,42323,42326,42327,42328,84643,84644,84645,84646,84647,84650,84651,84652,84653,84654,1,-1,2,-2,1,3,1,-1,-3,-1,2,2,5,2,2,-2,-2,-5,-2,-2
0,1,14109,14112,42327,42328,42329,42332,42333,42334,84655,84656,84657,84658,84659,84662,84663,84664,84665,84666,1,-1,2,-2,1,3,1,-1,-3,-1,2,2,5,2,2,-2,-2,-5,-2,-2
0,1,14111,14114,42333,42334,42335,42338,42339,42340,84667,84668,84669,84670,84671,84674,84675,84676,84677,84678,1,-1,2,-2,1,3,1,-1,-3,-1,2,2,5,2,2,-2,-2,-5,-2,-2
0,1,14113,14116,42339,42340,42341,42344,42345,42346,84679,84680,84681,84682,84683,84686,84687,84688,84689,84690,1,-1,2,-2,1,3,1,-1,-3,-1,2,2,5,2,2,-2,-2,-5,-2,-2
0,1,14115,14118,42345,42346,42347,42350,42351,42352,84691,84692,84693,84694,84695,84698,84699,84700,84701,84702,1,-1,2,-2,1,3,1,-1,-3,-1,2,2,5,2,2,-2,-2,-5,-2,-2
0,1,14117,14120,42351,42352,42353,42356,42357,42358,84703,84704,84705,84706,84707,84710,84711,84712,84713,84714,1,-1,2,-2,1,3,1,-1,-3,-1,2,2,5,2,2,-2,-2,-5,-2,-2
0,1,14119,14122,42357,42358,42359,42362,42363,42364,84715,84716,84717,84718,84719,84722,84723,84724,84725,84726,1,-1,2,-2,1,3,1,-1,-3,-1,2,2,5,2,2,-2,-2,-5,-2,-2
0,1,14121,14124,42363,42364,42365,42368,42369,42370,84727,84728,84729,84730,84731,84734,84735,84736,84737,84738,1,-1,2,-2,1,3,1,-1,-3,-1,2,2,5,2,2,-2,-2,-5,-2,-2
0,1,14123,14126,42369,42370,42371,42374,42375,42376,84739,84740,84741,84742,84743,84746,84747,84748,84749,84750,1,-1,2,-2,1,3,1,-1,-3,-1,2,2,5,2,2,-2,-2,-5,-2,-2
0,1,14125,14128,42375,42376,42377,42380,42381,42382,84751,84752,84753,84754,84755,84758,84759,84760,84761,84762,1,-1,2,-2,1,3,1,-1,-3,-1,2,2,5,2,2,-2,-2,-5,-2,-2
0,1,14127,14130,42381,42382,42383,42386,42387,42388,84763,84764,84765,84766,84767,84770,84771,84772,84773,84774,1,-1,2,-2,1,3,1,-1,-3,-1,2,2,5,2,2,-2,-2,-5,-2,-2
0,1,14129,14132,42387,42388,42389,42392,42393,42394,84775,84776,84777,84778,84779,84782,84783,84784,84785,84786,1,-1,2,-2,1,3,1,-1,-3,-1,2,2,5,2,2,-2,-2,-5,-2,-2
0,1,14131,14134,42393,42394,42395,42398,42399,42400,84787,84788,84789,84790,84791,84794,84795,84796,84797,84798,1,-1,2,-2,1,3,1,-1,-3,-1,2,2,5,2,2,-2,-2,-5,-2,-2
0,1,14133,14136,42399,42400,42401,42404,42405,42406,84799,84800,84801,84802,84803,84806,84807,84808,84809,84810,1,-1,2,-2,1,3,1,-1,-3,-1,2,2,5,2,2,-2,-2,-5,-2,-2
0,1,14135,14138,42405,42406,42407,42410,42411,42412,84811,84812,84813,84814,84815,84818,84819,84820,84821,84822,1,-1,2,-2,1,3,1,-1,-3,-1,2,2,5,2,2,-2,-2,-5,-2,-2
0,1,14137,14140,42411,42412,42413,42416,42417,42418,84823,84824,84825,84826,84827,84830,84831,84832,84833,84834,1,-1,2,-2,1,3,1,-1,-3,-1,2,2,5,2,2,-2,-2,-5,-2,-2
0,1,14139,14142,42417,42418,42419,42422,42423,42424,84835,84836,84837,84838,84839,84842,84843,84844,84845,84846,1,-1,2,-2,1,3,1,-1,-3,-1,2,2,5,2,2,-2,-2,-5,-2,-2
0,1,14141,14144,42423,42424,42425,42428,42429,42430,84847,84848,84849,84850,84851,84854,84855,84856,84857,84858,1,-1,2,-2,1,3,1,-1,-3,-1,2,2,5,2,2,-2,-2,-5,-2,-2
0,1,14143,14146,42429,42430,42431,42434,42435,42436,84859,84860,84861,84862,84863,84866,84867,84868,84869,84870,1,-1,2,-2,1,3,1,-1,-3,-1,2,2,5,2,2,-2,-2,-5,-2,-2
0,1,14145,14148,42435,42436,42437,42440,42441,42442,84871,84872,84873,84874,84875,84878,84879,84880,84881,84882,1,-1,2,-2,1,3,1,-1,-3,-1,2,2,5,2,2,-2,-2,-5,-2,-2
0,1,14147,14150,42441,42442,42443,42446,42447,42448,84883,84884,84885,84886,84887,84890,84891,84892,84893,84894,1,-1,2,-2,1,3,1,-1,-3,-1,2,2,5,2,2,-2,-2,-5,-2,-2
0,1,14149,14152,42447,42448,42449,42452,42453,42454,84895,84896,84897,84898,84899,84902,84903,84904,84905,84906,1,-1,2,-2,1,3,1,-1,-3,-1,2,2,5,2,2,-2,-2,-5,-2,-2
0,1,14151,14154,42453,42454,42455,42458,42459,42460,84907,84908,84909,84910,84911,84914,84915,84916,84917,84918,1,-1,2,-2,1,3,1,-1,-3,-1,2,2,5,2,2,-2,-2,-5,-2,-2
0,1,14153,14156,42459,42460,42461,42464,42465,42466,84919,84920,84921,84922,84923,84926,84927,84928,84929,84930,1,-1,2,-2,1,3,1,-1,-3,-1,2,2,5,2,2,-2,-2,-5,-2,-2
0,1,14155,14158,42465,42466,42467,42470,42471,42472,84931,84932,84933,84934,84935,84938,84939,84940,84941,84942,1,-1,2,-2,1,3,1,-1,-3,-1,2,2,5,2,2,-2,-2,-5,-2,-2
0,1,14157,14160,42471,42472,42473,42476,42477,42478,84943,84944,84945,84946,84947,84950,84951,84952,84953,84954,1,-1,2,-2,1,3,1,-1,-3,-1,2,2,5,2,2,-2,-2,-5,-2,-2
0,1,14159,14162,42477,42478,42479,42482,42483,42484,84955,84956,84957,84958,84959,84962,84963,84964,84965,84966,1,-1,2,-2,1,3,1,-1,-3,-1,2,2,5,2,2,-2,-2,-5,-2,-2
0,1,14161,14164,42483,42484,42485,42488,42489,42490,84967,84968,84969,84970,84971,84974,84975,84976,84977,84978,1,-1,2,-2,1,3,1,-1,-3,-1,2,2,5,2,2,-2,-2,-5,-2,-2
0,1,14163,14166,42489,42490,42491,42494,42495,42496,84979,84980,84981,84982,84983,84986,84987,84988,84989,84990,1,-1,2,-2,1,3,1,-1,-3,-1,2,2,5,2,2,-2,-2,-5,-2,-2
0,1,14165,14168,42495,42496,42497,42500,42501,42502,84991,84992,84993,84994,84995,84998,84999,85000,85001,85002,1,-1,2,-2,1,3,1,-1,-3,-1,2,2,5,2,2,-2,-2,-5,-2,-2
0,1,14167,14170,42501,42502,42503,42506,42507,42508,85003,85004,85005,85006,85007,85010,85011,85012,85013,85014,1,-1,2,-2,1,3,1,-1,-3,-1,2,2,5,2,2,-2,-2,-5,-2,-2
0,1,14169,14172,42507,42508,42509,42512,42513,42514,85015,85016,85017,85018,85019,85022,85023,85024,85025,85026,1,-1,2,-2,1,3,1,-1,-3,-1,2,2,5,2,2,-2,-2,-5,-2,-2
0,1,14171,14174,42513,42514,42515,42518,42519,42520,85027,85028,85029,85030,85031,85034,85035,85036,85037,85038,1,-1,2,-2,1,3,1,-1,-3,-1,2,2,5,2,2,-2,-2,-5,-2,-2
0,1,14173,14176,42519,42520,42521,42524,42525,42526,85039,85040,85041,85042,85043,85046,85047,85048,85049,85050,1,-1,2,-2,1,3,1,-1,-3,-1,2,2,5,2,2,-2,-2,-5,-2,-2
0,1,14175,14178,42525,42526,42527,42530,42531,42532,85051,85052,85053,85054,85055,85058,85059,85060,85061,85062,1,-1,2,-2,1,3,1,-1,-3,-1,2,2,5,2,2,-2,-2,-5,-2,-2
0,1,14177,14180,42531,42532,42533,42536,42537,42538,85063,85064,85065,85066,85067,85070,85071,85072,85073,85074,1,-1,2,-2,1,3,1,-1,-3,-1,2,2,5,2,2,-2,-2,-5,-2,-2
0,1,14179,14182,42537,42538,42539,42542,42543,42544,85075,85076,85077,85078,85079,85082,85083,85084,85085,85086,1,-1,2,-2,1,3,1,-1,-3,-1,2,2,5,2,2,-2,-2,-5,-2,-2
0,1,14181,14184,42543,42544,42545,42548,42549,42550,85087,85088,85089,85090,85091,85094,85095,85096,85097,85098,1,-1,2,-2,1,3,1,-1,-3,-1,2,2,5,2,2,-2,-2,-5,-2,-2
0,1,14183,14186,42549,42550,42551,42554,42555,42556,85099,85100,85101,85102,85103,85106,85107,85108,85109,85110,1,-1,2,-2,1,3,1,-1,-3,-1,2,2,5,2,2,-2,-2,-5,-2,-2
0,1,14185,14188,42555,42556,42557,42560,42561,42562,85111,85112,85113,85114,85115,85118,85119,85120,85121,85122,1,-1,2,-2,1,3,1,-1,-3,-1,2,2,5,2,2,-2,-2,-5,-2,-2
0,1,14187,14190,42561,42562,42563,42566,42567,42568,85123,85124,85125,85126,85127,85130,85131,85132,85133,85134,1,-1,2,-2,1,3,1,-1,-3,-1,2,2,5,2,2,-2,-2,-5,-2,-2
0,1,14189,14192,42567,42568,42569,42572,42573,42574,85135,85136,85137,85138,85139,85142,85143,85144,85145,85146,1,-1,2,-2,1,3,1,-1,-3,-1,2,2,5,2,2,-2,-2,-5,-2,-2
0,1,14191,14194,42573,42574,42575,42578,42579,42580,85147,85148,85149,85150,85151,85154,85155,85156,85157,85158,1,-1,2,-2,1,3,1,-1,-3,-1,2,2,5,2,2,-2,-2,-5,-2,-2
0,1,14193,14196,42579,42580,42581,42584,42585,42586,85159,85160,85161,85162,85163,85166,85167,85168,85169,85170,1,-1,2,-2,1,3,1,-1,-3,-1,2,2,5,2,2,-2,-2,-5,-2,-2
0,1,14195,14198,42585,42586,42587,42590,42591,42592,85171,85172,85173,85174,85175,85178,85179,85180,85181,85182,1,-1,2,-2,1,3,1,-1,-3,-1,2,2,5,2,2,-2,-2,-5,-2,-2
0,1,14197,14200,42591,42592,42593,42596,42597,42598,85183,85184,85185,85186,85187,85190,85191,85192,85193,85194,1,-1,2,-2,1,3,1,-1,-3,-1,2,2,5,2,2,-2,-2,-5,-2,-2
0,1,14199,14202,42597,42598,42599,42602,42603,42604,85195,85196,85197,85198,85199,85202,85203,85204,85205,85206,1,-1,2,-2,1,3,1,-1,-3,-1,2,2,5,2,2,-2,-2,-5,-2,-2
0,1,14201,14204,42603,42604,42605,42608,42609,42610,85207,85208,85209,85210,85211,85214,85215,85216,85217,85218,1,-1,2,-2,1,3,1,-1,-3,-1,2,2,5,2,2,-2,-2,-5,-2,-2
0,1,14203,14206,42609,42610,42611,42614,42615,42616,85219,85220,85221,85222,85223,85226,85227,85228,85229,85230,1,-1,2,-2,1,3,1,-1,-3,-1,2,2,5,2,2,-2,-2,-5,-2,-2
0,1,14205,14208,42615,42616,42617,42620,42621,42622,85231,85232,85233,85234,85235,85238,85239,85240,85241,85242,1,-1,2,-2,1,3,1,-1,-3,-1,2,2,5,2,2,-2,-2,-5,-2,-2
0,1,14207,14210,42621,42622,42623,42626,42627,42628,85243,85244,85245,85246,85247,85250,85251,85252,85253,85254,1,-1,2,-2,1,3,1,-1,-3,-1,2,2,5,2,2,-2,-2,-5,-2,-2
0,1,14209,14212,42627,42628,42629,42632,42633,42634,85255,85256,85257,85258,85259,85262,85263,85264,85265,85266,1,-1,2,-2,1,3,1,-1,-3,-1,2,2,5,2,2,-2,-2,-5,-2,-2
0,1,14211,14214,42633,42634,42635,42638,42639,42640,85267,85268,85269,85270,85271,85274,85275,85276,85277,85278,1,-1,2,-2,1,3,1,-1,-3,-1,2,2,5,2,2,-2,-2,-5,-2,-2
0,1,14213,14216,42639,42640,42641,42644,42645,42646,85279,85280,85281,85282,85283,85286,85287,85288,85289,85290,1,-1,2,-2,1,3,1,-1,-3,-1,2,2,5,2,2,-2,-2,-5,-2,-2
0,1,14215,14218,42645,42646,42647,42650,42651,42652,85291,85292,85293,85294,85295,85298,85299,85300,85301,85302,1,-1,2,-2,1,3,1,-1,-3,-1,2,2,5,2,2,-2,-2,-5,-2,-2
0,1,14217,14220,42651,42652,42653,42656,42657,42658,85303,85304,85305,85306,85307,85310,85311,85312,85313,85314,1,-1,2,-2,1,3,1,-1,-3,-1,2,2,5,2,2,-2,-2,-5,-2,-2
0,1,14219,14222,42657,42658,42659,42662,42663,42664,85315,85316,85317,85318,85319,85322,85323,85324,85325,85326,1,-1,2,-2,1,3,1,-1,-3,-1,2,2,5,2,2,-2,-2,-5,-2,-2
0,1,14221,14224,42663,42664,42665,42668,42669,42670,85327,85328,85329,85330,85331,85334,85335,85336,85337,85338,1,-1,2,-2,1,3,1,-1,-3,-1,2,2,5,2,2,-2,-2,-5,-2,-2
0,1,14223,14226,42669,42670,42671,42674,42675,42676,85339,85340,85341,85342,85343,85346,85347,85348,85349,85350,1,-1,2,-2,1,3,1,-1,-3,-1,2,2,5,2,2,-2,-2,-5,-2,-2
0,1,14225,14228,42675,42676,42677,42680,42681,42682,85351,85352,85353,85354,85355,85358,85359,85360,85361,85362,1,-1,2,-2,1,3,1,-1,-3,-1,2,2,5,2,2,-2,-2,-5,-2,-2
0,1,14227,14230,42681,42682,42683,42686,42687,42688,85363,85364,85365,85366,85367,85370,85371,85372,85373,85374,1,-1,2,-2,1,3,1,-1,-3,-1,2,2,5,2,2,-2,-2,-5,-2,-2
0,1,14229,14232,42687,42688,42689,42692,42693,42694,85375,85376,85377,85378,85379,85382,85383,85384,85385,85386,1,-1,2,-2,1,3,1,-1,-3,-1,2,2,5,2,2,-2,-2,-5,-2,-2
0,1,14231,14234,42693,42694,42695,42698,42699,42700,85387,85388,85389,85390,85391,85394,85395,85396,85397,85398,1,-1,2,-2,1,3,1,-1,-3,-1,2,2,5,2,2,-2,-2,-5,-2,-2
0,1,14233,14236,42699,42700,42701,42704,42705,42706,85399,85400,85401,85402,85403,85406,85407,85408,85409,85410,1,-1,2,-2,1,3,1,-1,-3,-1,2,2,5,2,2,-2,-2,-5,-2,-2
0,1,14235,14238,42705,42706,42707,42710,42711,42712,85411,85412,85413,85414,85415,85418,85419,85420,85421,85422,1,-1,2,-2,1,3,1,-1,-3,-1,2,2,5,2,2,-2,-2,-5,-2,-2
0,1,14237,14240,42711,42712,42713,42716,42717,42718,85423,85424,85425,85426,85427,85430,85431,85432,85433,85434,1,-1,2,-2,1,3,1,-1,-3,-1,2,2,5,2,2,-2,-2,-5,-2,-2
0,1,14239,14242,42717,42718,42719,42722,42723,42724,85435,85436,85437,85438,85439,85442,85443,85444,85445,85446,1,-1,2,-2,1,3,1,-1,-3,-1,2,2,5,2,2,-2,-2,-5,-2,-2
0,1,14241,14244,42723,42724,42725,42728,42729,42730,85447,85448,85449,85450,85451,85454,85455,85456,85457,85458,1,-1,2,-2,1,3,1,-1,-3,-1,2,2,5,2,2,-2,-2,-5,-2,-2
0,1,14243,14246,42729,42730,42731,42734,42735,42736,85459,85460,85461,85462,85463,85466,85467,85468,85469,85470,1,-1,2,-2,1,3,1,-1,-3,-1,2,2,5,2,2,-2,-2,-5,-2,-2
0,1,14245,14248,42735,42736,42737,42740,42741,42742,85471,85472,85473,85474,85475,85478,85479,85480,85481,85482,1,-1,2,-2,1,3,1,-1,-3,-1,2,2,5,2,2,-2,-2,-5,-2,-2
0,1,14247,14250,42741,42742,42743,42746,42747,42748,85483,85484,85485,85486,85487,85490,85491,85492,85493,85494,1,-1,2,-2,1,3,1,-1,-3,-1,2,2,5,2,2,-2,-2,-5,-2,-2
0,1,14249,14252,42747,42748,42749,42752,42753,42754,85495,85496,85497,85498,85499,85502,85503,85504,85505,85506,1,-1,2,-2,1,3,1,-1,-3,-1,2,2,5,2,2,-2,-2,-5,-2,-2
0,1,14251,14254,42753,42754,42755,42758,42759,42760,85507,85508,85509,85510,85511,85514,85515,85516,85517,85518,1,-1,2,-2,1,3,1,-1,-3,-1,2,2,5,2,2,-2,-2,-5,-2,-2
0,1,14253,14256,42759,42760,42761,42764,42765,42766,85519,85520,85521,85522,85523,85526,85527,85528,85529,85530,1,-1,2,-2,1,3,1,-1,-3,-1,2,2,5,2,2,-2,-2,-5,-2,-2
0,1,14255,14258,42765,42766,42767,42770,42771,42772,85531,85532,85533,85534,85535,85538,85539,85540,85541,85542,1,-1,2,-2,1,3,1,-1,-3,-1,2,2,5,2,2,-2,-2,-5,-2,-2
0,1,14257,14260,42771,42772,42773,42776,42777,42778,85543,85544,85545,85546,85547,85550,85551,85552,85553,85554,1,-1,2,-2,1,3,1,-1,-3,-1,2,2,5,2,2,-2,-2,-5,-2,-2
0,1,14259,14262,42777,42778,42779,42782,42783,42784,85555,85556,85557,85558,85559,85562,85563,85564,85565,85566,1,-1,2,-2,1,3,1,-1,-3,-1,2,2,5,2,2,-2,-2,-5,-2,-2
0,1,14261,14264,42783,42784,42785,42788,42789,42790,85567,85568,85569,85570,85571,85574,85575,85576,85577,85578,1,-1,2,-2,1,3,1,-1,-3,-1,2,2,5,2,2,-2,-2,-5,-2,-2
0,1,14263,14266,42789,42790,42791,42794,42795,42796,85579,85580,85581,85582,85583,85586,85587,85588,85589,85590,1,-1,2,-2,1,3,1,-1,-3,-1,2,2,5,2,2,-2,-2,-5,-2,-2
0,1,14265,14268,42795,42796,42797,42800,42801,42802,85591,85592,85593,85594,85595,85598,85599,85600,85601,85602,1,-1,2,-2,1,3,1,-1,-3,-1,2,2,5,2,2,-2,-2,-5,-2,-2
0,1,14267,14270,42801,42802,42803,42806,42807,42808,85603,85604,85605,85606,85607,85610,85611,85612,85613,85614,1,-1,2,-2,1,3,1,-1,-3,-1,2,2,5,2,2,-2,-2,-5,-2,-2
0,1,14269,14272,42807,42808,42809,42812,42813,42814,85615,85616,85617,85618,85619,85622,85623,85624,85625,85626,1,-1,2,-2,1,3,1,-1,-3,-1,2,2,5,2,2,-2,-2,-5,-2,-2
0,1,14271,14274,42813,42814,42815,42818,42819,42820,85627,85628,85629,85630,85631,85634,85635,85636,85637,85638,1,-1,2,-2,1,3,1,-1,-3,-1,2,2,5,2,2,-2,-2,-5,-2,-2
0,1,14273,14276,42819,42820,42821,42824,42825,42826,85639,85640,85641,85642,85643,85646,85647,85648,85649,85650,1,-1,2,-2,1,3,1,-1,-3,-1,2,2,5,2,2,-2,-2,-5,-2,-2
0,1,14275,14278,42825,42826,42827,42830,42831,42832,85651,85652,85653,85654,85655,85658,85659,85660,85661,85662,1,-1,2,-2,1,3,1,-1,-3,-1,2,2,5,2,2,-2,-2,-5,-2,-2
0,1,14277,14280,42831,42832,42833,42836,42837,42838,85663,85664,85665,85666,85667,85670,85671,85672,85673,85674,1,-1,2,-2,1,3,1,-1,-3,-1,2,2,5,2,2,-2,-2,-5,-2,-2
0,1,14279,14282,42837,42838,42839,42842,42843,42844,85675,85676,85677,85678,85679,85682,85683,85684,85685,85686,1,-1,2,-2,1,3,1,-1,-3,-1,2,2,5,2,2,-2,-2,-5,-2,-2
0,1,14281,14284,42843,42844,42845,42848,42849,42850,85687,85688,85689,85690,85691,85694,85695,85696,85697,85698,1,-1,2,-2,1,3,1,-1,-3,-1,2,2,5,2,2,-2,-2,-5,-2,-2
0,1,14283,14286,42849,42850,42851,42854,42855,42856,85699,85700,85701,85702,85703,85706,85707,85708,85709,85710,1,-1,2,-2,1,3,1,-1,-3,-1,2,2,5,2,2,-2,-2,-5,-2,-2
0,1,14285,14288,42855,42856,42857,42860,42861,42862,85711,85712,85713,85714,85715,85718,85719,85720,85721,85722,1,-1,2,-2,1,3,1,-1,-3,-1,2,2,5,2,2,-2,-2,-5,-2,-2
0,1,14287,14290,42861,42862,42863,42866,42867,42868,85723,85724,85725,85726,85727,85730,85731,85732,85733,85734,1,-1,2,-2,1,3,1,-1,-3,-1,2,2,5,2,2,-2,-2,-5,-2,-2
0,1,14289,14292,42867,42868,42869,42872,42873,42874,85735,85736,85737,85738,85739,85742,85743,85744,85745,85746,1,-1,2,-2,1,3,1,-1,-3,-1,2,2,5,2,2,-2,-2,-5,-2,-2
0,1,14291,14294,42873,42874,42875,42878,42879,42880,85747,85748,85749,85750,85751,85754,85755,85756,85757,85758,1,-1,2,-2,1,3,1,-1,-3,-1,2,2,5,2,2,-2,-2,-5,-2,-2
0,1,14293,14296,42879,42880,42881,42884,42885,42886,85759,85760,85761,85762,85763,85766,85767,85768,85769,85770,1,-1,2,-2,1,3,1,-1,-3,-1,2,2,5,2,2,-2,-2,-5,-2,-2
0,1,14295,14298,42885,42886,42887,42890,42891,42892,85771,85772,85773,85774,85775,85778,85779,85780,85781,85782,1,-1,2,-2,1,3,1,-1,-3,-1,2,2,5,2,2,-2,-2,-5,-2,-2
0,1,14297,14300,42891,42892,42893,42896,42897,42898,85783,85784,85785,85786,85787,85790,85791,85792,85793,85794,1,-1,2,-2,1,3,1,-1,-3,-1,2,2,5,2,2,-2,-2,-5,-2,-2
0,1,14299,14302,42897,42898,42899,42902,42903,42904,85795,85796,85797,85798,85799,85802,85803,85804,85805,85806,1,-1,2,-2,1,3,1,-1,-3,-1,2,2,5,2,2,-2,-2,-5,-2,-2
0,1,14301,14304,42903,42904,42905,42908,42909,42910,85807,85808,85809,85810,85811,85814,85815,85816,85817,85818,1,-1,2,-2,1,3,1,-1,-3,-1,2,2,5,2,2,-2,-2,-5,-2,-2
0,1,14303,14306,42909,42910,42911,42914,42915,42916,85819,85820,85821,85822,85823,85826,85827,85828,85829,85830,1,-1,2,-2,1,3,1,-1,-3,-1,2,2,5,2,2,-2,-2,-5,-2,-2
0,1,14305,14308,42915,42916,42917,42920,42921,42922,85831,85832,85833,85834,85835,85838,85839,85840,85841,85842,1,-1,2,-2,1,3,1,-1,-3,-1,2,2,5,2,2,-2,-2,-5,-2,-2
0,1,14307,14310,42921,42922,42923,42926,42927,42928,85843,85844,85845,85846,85847,85850,85851,85852,85853,85854,1,-1,2,-2,1,3,1,-1,-3,-1,2,2,5,2,2,-2,-2,-5,-2,-2
0,1,14309,14312,42927,42928,42929,42932,42933,42934,85855,85856,85857,85858,85859,85862,85863,85864,85865,85866,1,-1,2,-2,1,3,1,-1,-3,-1,2,2,5,2,2,-2,-2,-5,-2,-2
0,1,14311,14314,42933,42934,42935,42938,42939,42940,85867,85868,85869,85870,85871,85874,85875,85876,85877,85878,1,-1,2,-2,1,3,1,-1,-3,-1,2,2,5,2,2,-2,-2,-5,-2,-2
0,1,14313,14316,42939,42940,42941,42944,42945,42946,85879,85880,85881,85882,85883,85886,85887,85888,85889,85890,1,-1,2,-2,1,3,1,-1,-3,-1,2,2,5,2,2,-2,-2,-5,-2,-2
0,1,14315,14318,42945,42946,42947,42950,42951,42952,85891,85892,85893,85894,85895,85898,85899,85900,85901,85902,1,-1,2,-2,1,3,1,-1,-3,-1,2,2,5,2,2,-2,-2,-5,-2,-2
0,1,14317,14320,42951,42952,42953,42956,42957,42958,85903,85904,85905,85906,85907,85910,85911,85912,85913,85914,1,-1,2,-2,1,3,1,-1,-3,-1,2,2,5,2,2,-2,-2,-5,-2,-2
0,1,14319,14322,42957,42958,42959,42962,42963,42964,85915,85916,85917,85918,85919,85922,85923,85924,85925,85926,1,-1,2,-2,1,3,1,-1,-3,-1,2,2,5,2,2,-2,-2,-5,-2,-2
0,1,14321,14324,42963,42964,42965,42968,42969,42970,85927,85928,85929,85930,85931,85934,85935,85936,85937,85938,1,-1,2,-2,1,3,1,-1,-3,-1,2,2,5,2,2,-2,-2,-5,-2,-2
0,1,14323,14326,42969,42970,42971,42974,42975,42976,85939,85940,85941,85942,85943,85946,85947,85948,85949,85950,1,-1,2,-2,1,3,1,-1,-3,-1,2,2,5,2,2,-2,-2,-5,-2,-2
0,1,14325,14328,42975,42976,42977,42980,42981,42982,85951,85952,85953,85954,85955,85958,85959,85960,85961,85962,1,-1,2,-2,1,3,1,-1,-3,-1,2,2,5,2,2,-2,-2,-5,-2,-2
0,1,14327,14330,42981,42982,42983,42986,42987,42988,85963,85964,85965,85966,85967,85970,85971,85972,85973,85974,1,-1,2,-2,1,3,1,-1,-3,-1,2,2,5,2,2,-2,-2,-5,-2,-2
0,1,14329,14332,42987,42988,42989,42992,42993,42994,85975,85976,85977,85978,85979,85982,85983,85984,85985,85986,1,-1,2,-2,1,3,1,-1,-3,-1,2,2,5,2,2,-2,-2,-5,-2,-2
0,1,14331,14334,42993,42994,42995,42998,42999,43000,85987,85988,85989,85990,85991,85994,85995,85996,85997,85998,1,-1,2,-2,1,3,1,-1,-3,-1,2,2,5,2,2,-2,-2,-5,-2,-2
0,1,14333,14336,42999,43000,43001,43004,43005,43006,85999,86000,86001,86002,86003,86006,86007,86008,86009,86010,1,-1,2,-2,1,3,1,-1,-3,-1,2,2,5,2,2,-2,-2,-5,-2,-2
0,1,14335,14338,43005,43006,43007,43010,43011,43012,86011,86012,86013,86014,86015,86018,86019,86020,86021,86022,1,-1,2,-2,1,3,1,-1,-3,-1,2,2,5,2,2,-2,-2,-5,-2,-2
0,1,14337,14340,43011,43012,43013,43016,43017,43018,86023,86024,86025,86026,86027,86030,86031,86032,86033,86034,1,-1,2,-2,1,3,1,-1,-3,-1,2,2,5,2,2,-2,-2,-5,-2,-2
0,1,14339,14342,43017,43018,43019,43022,43023,43024,86035,86036,86037,86038,86039,86042,86043,86044,86045,86046,1,-1,2,-2,1,3,1,-1,-3,-1,2,2,5,2,2,-2,-2,-5,-2,-2
0,1,14341,14344,43023,43024,43025,43028,43029,43030,86047,86048,86049,86050,86051,86054,86055,86056,86057,86058,1,-1,2,-2,1,3,1,-1,-3,-1,2,2,5,2,2,-2,-2,-5,-2,-2
0,1,14343,14346,43029,43030,43031,43034,43035,43036,86059,86060,86061,86062,86063,86066,86067,86068,86069,86070,1,-1,2,-2,1,3,1,-1,-3,-1,2,2,5,2,2,-2,-2,-5,-2,-2
0,1,14345,14348,43035,43036,43037,43040,43041,43042,86071,86072,86073,86074,86075,86078,86079,86080,86081,86082,1,-1,2,-2,1,3,1,-1,-3,-1,2,2,5,2,2,-2,-2,-5,-2,-2
0,1,14347,14350,43041,43042,43043,43046,43047,43048,86083,86084,86085,86086,86087,86090,86091,86092,86093,86094,1,-1,2,-2,1,3,1,-1,-3,-1,2,2,5,2,2,-2,-2,-5,-2,-2
0,1,14349,14352,43047,43048,43049,43052,43053,43054,86095,86096,86097,86098,86099,86102,86103,86104,86105,86106,1,-1,2,-2,1,3,1,-1,-3,-1,2,2,5,2,2,-2,-2,-5,-2,-2
0,1,14351,14354,43053,43054,43055,43058,43059,43060,86107,86108,86109,86110,86111,86114,86115,86116,86117,86118,1,-1,2,-2,1,3,1,-1,-3,-1,2,2,5,2,2,-2,-2,-5,-2,-2
0,1,14353,14356,43059,43060,43061,43064,43065,43066,86119,86120,86121,86122,86123,86126,86127,86128,86129,86130,1,-1,2,-2,1,3,1,-1,-3,-1,2,2,5,2,2,-2,-2,-5,-2,-2
0,1,14355,14358,43065,43066,43067,43070,43071,43072,86131,86132,86133,86134,86135,86138,86139,86140,86141,86142,1,-1,2,-2,1,3,1,-1,-3,-1,2,2,5,2,2,-2,-2,-5,-2,-2
0,1,14357,14360,43071,43072,43073,43076,43077,43078,86143,86144,86145,86146,86147,86150,86151,86152,86153,86154,1,-1,2,-2,1,3,1,-1,-3,-1,2,2,5,2,2,-2,-2,-5,-2,-2
0,1,14359,14362,43077,43078,43079,43082,43083,43084,86155,86156,86157,86158,86159,86162,86163,86164,86165,86166,1,-1,2,-2,1,3,1,-1,-3,-1,2,2,5,2,2,-2,-2,-5,-2,-2
0,1,14361,14364,43083,43084,43085,43088,43089,43090,86167,86168,86169,86170,86171,86174,86175,86176,86177,86178,1,-1,2,-2,1,3,1,-1,-3,-1,2,2,5,2,2,-2,-2,-5,-2,-2
0,1,14363,14366,43089,43090,43091,43094,43095,43096,86179,86180,86181,86182,86183,86186,86187,86188,86189,86190,1,-1,2,-2,1,3,1,-1,-3,-1,2,2,5,2,2,-2,-2,-5,-2,-2
0,1,14365,14368,43095,43096,43097,43100,43101,43102,86191,86192,86193,86194,86195,86198,86199,86200,86201,86202,1,-1,2,-2,1,3,1,-1,-3,-1,2,2,5,2,2,-2,-2,-5,-2,-2
0,1,14367,14370,43101,43102,43103,43106,43107,43108,86203,86204,86205,86206,86207,86210,86211,86212,86213,86214,1,-1,2,-2,1,3,1,-1,-3,-1,2,2,5,2,2,-2,-2,-5,-2,-2
0,1,14369,14372,43107,43108,43109,43112,43113,43114,86215,86216,86217,86218,86219,86222,86223,86224,86225,86226,1,-1,2,-2,1,3,1,-1,-3,-1,2,2,5,2,2,-2,-2,-5,-2,-2
0,1,14371,14374,43113,43114,43115,43118,43119,43120,86227,86228,86229,86230,86231,86234,86235,86236,86237,86238,1,-1,2,-2,1,3,1,-1,-3,-1,2,2,5,2,2,-2,-2,-5,-2,-2
0,1,14373,14376,43119,43120,43121,43124,43125,43126,86239,86240,86241,86242,86243,86246,86247,86248,86249,86250,1,-1,2,-2,1,3,1,-1,-3,-1,2,2,5,2,2,-2,-2,-5,-2,-2
0,1,14375,14378,43125,43126,43127,43130,43131,43132,86251,86252,86253,86254,86255,86258,86259,86260,86261,86262,1,-1,2,-2,1,3,1,-1,-3,-1,2,2,5,2,2,-2,-2,-5,-2,-2
0,1,14377,14380,43131,43132,43133,43136,43137,43138,86263,86264,86265,86266,86267,86270,86271,86272,86273,86274,1,-1,2,-2,1,3,1,-1,-3,-1,2,2,5,2,2,-2,-2,-5,-2,-2
0,1,14379,14382,43137,43138,43139,43142,43143,43144,86275,86276,86277,86278,86279,86282,86283,86284,86285,86286,1,-1,2,-2,1,3,1,-1,-3,-1,2,2,5,2,2,-2,-2,-5,-2,-2
0,1,14381,14384,43143,43144,43145,43148,43149,43150,86287,86288,86289,86290,86291,86294,86295,86296,86297,86298,1,-1,2,-2,1,3,1,-1,-3,-1,2,2,5,2,2,-2,-2,-5,-2,-2
0,1,14383,14386,43149,43150,43151,43154,43155,43156,86299,86300,86301,86302,86303,86306,86307,86308,86309,86310,1,-1,2,-2,1,3,1,-1,-3,-1,2,2,5,2,2,-2,-2,-5,-2,-2
0,1,14385,14388,43155,43156,43157,43160,43161,43162,86311,86312,86313,86314,86315,86318,86319,86320,86321,86322,1,-1,2,-2,1,3,1,-1,-3,-1,2,2,5,2,2,-2,-2,-5,-2,-2
0,1,14387,14390,43161,43162,43163,43166,43167,43168,86323,86324,86325,86326,86327,86330,86331,86332,86333,86334,1,-1,2,-2,1,3,1,-1,-3,-1,2,2,5,2,2,-2,-2,-5,-2,-2
0,1,14389,14392,43167,43168,43169,43172,43173,43174,86335,86336,86337,86338,86339,86342,86343,86344,86345,86346,1,-1,2,-2,1,3,1,-1,-3,-1,2,2,5,2,2,-2,-2,-5,-2,-2
0,1,14391,14394,43173,43174,43175,43178,43179,43180,86347,86348,86349,86350,86351,86354,86355,86356,86357,86358,1,-1,2,-2,1,3,1,-1,-3,-1,2,2,5,2,2,-2,-2,-5,-2,-2
0,1,14393,14396,43179,43180,43181,43184,43185,43186,86359,86360,86361,86362,86363,86366,86367,86368,86369,86370,1,-1,2,-2,1,3,1,-1,-3,-1,2,2,5,2,2,-2,-2,-5,-2,-2
0,1,14395,14398,43185,43186,43187,43190,43191,43192,86371,86372,86373,86374,86375,86378,86379,86380,86381,86382,1,-1,2,-2,1,3,1,-1,-3,-1,2,2,5,2,2,-2,-2,-5,-2,-2
0,1,14397,14400,43191,43192,43193,43196,43197,43198,86383,86384,86385,86386,86387,86390,86391,86392,86393,86394,1,-1,2,-2,1,3,1,-1,-3,-1,2,2,5,2,2,-2,-2,-5,-2,-2
0,1,14399,14402,43197,43198,43199,43202,43203,43204,86395,86396,86397,86398,86399,86402,86403,86404,86405,86406,1,-1,2,-2,1,3,1,-1,-3,-1,2,2,5,2,2,-2,-2,-5,-2,-2
0,1,14401,14404,43203,43204,43205,43208,43209,43210,86407,86408,86409,86410,86411,86414,86415,86416,86417,86418,1,-1,2,-2,1,3,1,-1,-3,-1,2,2,5,2,2,-2,-2,-5,-2,-2
0,1,14403,14406,43209,43210,43211,43214,43215,43216,86419,86420,86421,86422,86423,86426,86427,86428,86429,86430,1,-1,2,-2,1,3,1,-1,-3,-1,2,2,5,2,2,-2,-2,-5,-2,-2
0,1,14405,14408,43215,43216,43217,43220,43221,43222,86431,86432,86433,86434,86435,86438,86439,86440,86441,86442,1,-1,2,-2,1,3,1,-1,-3,-1,2,2,5,2,2,-2,-2,-5,-2,-2
0,1,14407,14410,43221,43222,43223,43226,43227,43228,86443,86444,86445,86446,86447,86450,86451,86452,86453,86454,1,-1,2,-2,1,3,1,-1,-3,-1,2,2,5,2,2,-2,-2,-5,-2,-2
0,1,14409,14412,43227,43228,43229,43232,43233,43234,86455,86456,86457,86458,86459,86462,86463,86464,86465,86466,1,-1,2,-2,1,3,1,-1,-3,-1,2,2,5,2,2,-2,-2,-5,-2,-2
0,1,14411,14414,43233,43234,43235,43238,43239,43240,86467,86468,86469,86470,86471,86474,86475,86476,86477,86478,1,-1,2,-2,1,3,1,-1,-3,-1,2,2,5,2,2,-2,-2,-5,-2,-2
0,1,14413,14416,43239,43240,43241,43244,43245,43246,86479,86480,86481,86482,86483,86486,86487,86488,86489,86490,1,-1,2,-2,1,3,1,-1,-3,-1,2,2,5,2,2,-2,-2,-5,-2,-2
0,1,14415,14418,43245,43246,43247,43250,43251,43252,86491,86492,86493,86494,86495,86498,86499,86500,86501,86502,1,-1,2,-2,1,3,1,-1,-3,-1,2,2,5,2,2,-2,-2,-5,-2,-2
0,1,14417,14420,43251,43252,43253,43256,43257,43258,86503,86504,86505,86506,86507,86510,86511,86512,86513,86514,1,-1,2,-2,1,3,1,-1,-3,-1,2,2,5,2,2,-2,-2,-5,-2,-2
0,1,14419,14422,43257,43258,43259,43262,43263,43264,86515,86516,86517,86518,86519,86522,86523,86524,86525,86526,1,-1,2,-2,1,3,1,-1,-3,-1,2,2,5,2,2,-2,-2,-5,-2,-2
0,1,14421,14424,43263,43264,43265,43268,43269,43270,86527,86528,86529,86530,86531,86534,86535,86536,86537,86538,1,-1,2,-2,1,3,1,-1,-3,-1,2,2,5,2,2,-2,-2,-5,-2,-2
0,1,14423,14426,43269,43270,43271,43274,43275,43276,86539,86540,86541,86542,86543,86546,86547,86548,86549,86550,1,-1,2,-2,1,3,1,-1,-3,-1,2,2,5,2,2,-2,-2,-5,-2,-2
0,1,14425,14428,43275,43276,43277,43280,43281,43282,86551,86552,86553,86554,86555,86558,86559,86560,86561,86562,1,-1,2,-2,1,3,1,-1,-3,-1,2,2,5,2,2,-2,-2,-5,-2,-2
0,1,14427,14430,43281,43282,43283,43286,43287,43288,86563,86564,86565,86566,86567,86570,86571,86572,86573,86574,1,-1,2,-2,1,3,1,-1,-3,-1,2,2,5,2,2,-2,-2,-5,-2,-2
0,1,14429,14432,43287,43288,43289,43292,43293,43294,86575,86576,86577,86578,86579,86582,86583,86584,86585,86586,1,-1,2,-2,1,3,1,-1,-3,-1,2,2,5,2,2,-2,-2,-5,-2,-2
0,1,14431,14434,43293,43294,43295,43298,43299,43300,86587,86588,86589,86590,86591,86594,86595,86596,86597,86598,1,-1,2,-2,1,3,1,-1,-3,-1,2,2,5,2,2,-2,-2,-5,-2,-2
0,1,14433,14436,43299,43300,43301,43304,43305,43306,86599,86600,86601,86602,86603,86606,86607,86608,86609,86610,1,-1,2,-2,1,3,1,-1,-3,-1,2,2,5,2,2,-2,-2,-5,-2,-2
0,1,14435,14438,43305,43306,43307,43310,43311,43312,86611,86612,86613,86614,86615,86618,86619,86620,86621,86622,1,-1,2,-2,1,3,1,-1,-3,-1,2,2,5,2,2,-2,-2,-5,-2,-2
0,1,14437,14440,43311,43312,43313,43316,43317,43318,86623,86624,86625,86626,86627,86630,86631,86632,86633,86634,1,-1,2,-2,1,3,1,-1,-3,-1,2,2,5,2,2,-2,-2,-5,-2,-2
0,1,14439,14442,43317,43318,43319,43322,43323,43324,86635,86636,86637,86638,86639,86642,86643,86644,86645,86646,1,-1,2,-2,1,3,1,-1,-3,-1,2,2,5,2,2,-2,-2,-5,-2,-2
0,1,14441,14444,43323,43324,43325,43328,43329,43330,86647,86648,86649,86650,86651,86654,86655,86656,86657,86658,1,-1,2,-2,1,3,1,-1,-3,-1,2,2,5,2,2,-2,-2,-5,-2,-2
0,1,14443,14446,43329,43330,43331,43334,43335,43336,86659,86660,86661,86662,86663,86666,86667,86668,86669,86670,1,-1,2,-2,1,3,1,-1,-3,-1,2,2,5,2,2,-2,-2,-5,-2,-2
0,1,14445,14448,43335,43336,43337,43340,43341,43342,86671,86672,86673,86674,86675,86678,86679,86680,86681,86682,1,-1,2,-2,1,3,1,-1,-3,-1,2,2,5,2,2,-2,-2,-5,-2,-2
0,1,14447,14450,43341,43342,43343,43346,43347,43348,86683,86684,86685,86686,86687,86690,86691,86692,86693,86694,1,-1,2,-2,1,3,1,-1,-3,-1,2,2,5,2,2,-2,-2,-5,-2,-2
0,1,14449,14452,43347,43348,43349,43352,43353,43354,86695,86696,86697,86698,86699,86702,86703,86704,86705,86706,1,-1,2,-2,1,3,1,-1,-3,-1,2,2,5,2,2,-2,-2,-5,-2,-2
0,1,14451,14454,43353,43354,43355,43358,43359,43360,86707,86708,86709,86710,86711,86714,86715,86716,86717,86718,1,-1,2,-2,1,3,1,-1,-3,-1,2,2,5,2,2,-2,-2,-5,-2,-2
0,1,14453,14456,43359,43360,43361,43364,43365,43366,86719,86720,86721,86722,86723,86726,86727,86728,86729,86730,1,-1,2,-2,1,3,1,-1,-3,-1,2,2,5,2,2,-2,-2,-5,-2,-2
0,1,14455,14458,43365,43366,43367,43370,43371,43372,86731,86732,86733,86734,86735,86738,86739,86740,86741,86742,1,-1,2,-2,1,3,1,-1,-3,-1,2,2,5,2,2,-2,-2,-5,-2,-2
0,1,14457,14460,43371,43372,43373,43376,43377,43378,86743,86744,86745,86746,86747,86750,86751,86752,86753,86754,1,-1,2,-2,1,3,1,-1,-3,-1,2,2,5,2,2,-2,-2,-5,-2,-2
0,1,14459,14462,43377,43378,43379,43382,43383,43384,86755,86756,86757,86758,86759,86762,86763,86764,86765,86766,1,-1,2,-2,1,3,1,-1,-3,-1,2,2,5,2,2,-2,-2,-5,-2,-2
0,1,14461,14464,43383,43384,43385,43388,43389,43390,86767,86768,86769,86770,86771,86774,86775,86776,86777,86778,1,-1,2,-2,1,3,1,-1,-3,-1,2,2,5,2,2,-2,-2,-5,-2,-2
0,1,14463,14466,43389,43390,43391,43394,43395,43396,86779,86780,86781,86782,86783,86786,86787,86788,86789,86790,1,-1,2,-2,1,3,1,-1,-3,-1,2,2,5,2,2,-2,-2,-5,-2,-2
0,1,14465,14468,43395,43396,43397,43400,43401,43402,86791,86792,86793,86794,86795,86798,86799,86800,86801,86802,1,-1,2,-2,1,3,1,-1,-3,-1,2,2,5,2,2,-2,-2,-5,-2,-2
0,1,14467,14470,43401,43402,43403,43406,43407,43408,86803,86804,86805,86806,86807,86810,86811,86812,86813,86814,1,-1,2,-2,1,3,1,-1,-3,-1,2,2,5,2,2,-2,-2,-5,-2,-2
0,1,14469,14472,43407,43408,43409,43412,43413,43414,86815,86816,86817,86818,86819,86822,86823,86824,86825,86826,1,-1,2,-2,1,3,1,-1,-3,-1,2,2,5,2,2,-2,-2,-5,-2,-2
0,1,14471,14474,43413,43414,43415,43418,43419,43420,86827,86828,86829,86830,86831,86834,86835,86836,86837,86838,1,-1,2,-2,1,3,1,-1,-3,-1,2,2,5,2,2,-2,-2,-5,-2,-2
0,1,14473,14476,43419,43420,43421,43424,43425,43426,86839,86840,86841,86842,86843,86846,86847,86848,86849,86850,1,-1,2,-2,1,3,1,-1,-3,-1,2,2,5,2,2,-2,-2,-5,-2,-2
0,1,14475,14478,43425,43426,43427,43430,43431,43432,86851,86852,86853,86854,86855,86858,86859,86860,86861,86862,1,-1,2,-2,1,3,1,-1,-3,-1,2,2,5,2,2,-2,-2,-5,-2,-2
0,1,14477,14480,43431,43432,43433,43436,43437,43438,86863,86864,86865,86866,86867,86870,86871,86872,86873,86874,1,-1,2,-2,1,3,1,-1,-3,-1,2,2,5,2,2,-2,-2,-5,-2,-2
0,1,14479,14482,43437,43438,43439,43442,43443,43444,86875,86876,86877,86878,86879,86882,86883,86884,86885,86886,1,-1,2,-2,1,3,1,-1,-3,-1,2,2,5,2,2,-2,-2,-5,-2,-2
0,1,14481,14484,43443,43444,43445,43448,43449,43450,86887,86888,86889,86890,86891,86894,86895,86896,86897,86898,1,-1,2,-2,1,3,1,-1,-3,-1,2,2,5,2,2,-2,-2,-5,-2,-2
0,1,14483,14486,43449,43450,43451,43454,43455,43456,86899,86900,86901,86902,86903,86906,86907,86908,86909,86910,1,-1,2,-2,1,3,1,-1,-3,-1,2,2,5,2,2,-2,-2,-5,-2,-2
0,1,14485,14488,43455,43456,43457,43460,43461,43462,86911,86912,86913,86914,86915,86918,86919,86920,86921,86922,1,-1,2,-2,1,3,1,-1,-3,-1,2,2,5,2,2,-2,-2,-5,-2,-2
0,1,14487,14490,43461,43462,43463,43466,43467,43468,86923,86924,86925,86926,86927,86930,86931,86932,86933,86934,1,-1,2,-2,1,3,1,-1,-3,-1,2,2,5,2,2,-2,-2,-5,-2,-2
0,1,14489,14492,43467,43468,43469,43472,43473,43474,86935,86936,86937,86938,86939,86942,86943,86944,86945,86946,1,-1,2,-2,1,3,1,-1,-3,-1,2,2,5,2,2,-2,-2,-5,-2,-2
0,1,14491,14494,43473,43474,43475,43478,43479,43480,86947,86948,86949,86950,86951,86954,86955,86956,86957,86958,1,-1,2,-2,1,3,1,-1,-3,-1,2,2,5,2,2,-2,-2,-5,-2,-2
0,1,14493,14496,43479,43480,43481,43484,43485,43486,86959,86960,86961,86962,86963,86966,86967,86968,86969,86970,1,-1,2,-2,1,3,1,-1,-3,-1,2,2,5,2,2,-2,-2,-5,-2,-2
0,1,14495,14498,43485,43486,43487,43490,43491,43492,86971,86972,86973,86974,86975,86978,86979,86980,86981,86982,1,-1,2,-2,1,3,1,-1,-3,-1,2,2,5,2,2,-2,-2,-5,-2,-2
0,1,14497,14500,43491,43492,43493,43496,43497,43498,86983,86984,86985,86986,86987,86990,86991,86992,86993,86994,1,-1,2,-2,1,3,1,-1,-3,-1,2,2,5,2,2,-2,-2,-5,-2,-2
0,1,14499,14502,43497,43498,43499,43502,43503,43504,86995,86996,86997,86998,86999,87002,87003,87004,87005,87006,1,-1,2,-2,1,3,1,-1,-3,-1,2,2,5,2,2,-2,-2,-5,-2,-2
0,1,14501,14504,43503,43504,43505,43508,43509,43510,87007,87008,87009,87010,87011,87014,87015,87016,87017,87018,1,-1,2,-2,1,3,1,-1,-3,-1,2,2,5,2,2,-2,-2,-5,-2,-2
0,1,14503,14506,43509,43510,43511,43514,43515,43516,87019,87020,87021,87022,87023,87026,87027,87028,87029,87030,1,-1,2,-2,1,3,1,-1,-3,-1,2,2,5,2,2,-2,-2,-5,-2,-2
0,1,14505,14508,43515,43516,43517,43520,43521,43522,87031,87032,87033,87034,87035,87038,87039,87040,87041,87042,1,-1,2,-2,1,3,1,-1,-3,-1,2,2,5,2,2,-2,-2,-5,-2,-2
0,1,14507,14510,43521,43522,43523,43526,43527,43528,87043,87044,87045,87046,87047,87050,87051,87052,87053,87054,1,-1,2,-2,1,3,1,-1,-3,-1,2,2,5,2,2,-2,-2,-5,-2,-2
0,1,14509,14512,43527,43528,43529,43532,43533,43534,87055,87056,87057,87058,87059,87062,87063,87064,87065,87066,1,-1,2,-2,1,3,1,-1,-3,-1,2,2,5,2,2,-2,-2,-5,-2,-2
0,1,14511,14514,43533,43534,43535,43538,43539,43540,87067,87068,87069,87070,87071,87074,87075,87076,87077,87078,1,-1,2,-2,1,3,1,-1,-3,-1,2,2,5,2,2,-2,-2,-5,-2,-2
0,1,14513,14516,43539,43540,43541,43544,43545,43546,87079,87080,87081,87082,87083,87086,87087,87088,87089,87090,1,-1,2,-2,1,3,1,-1,-3,-1,2,2,5,2,2,-2,-2,-5,-2,-2
0,1,14515,14518,43545,43546,43547,43550,43551,43552,87091,87092,87093,87094,87095,87098,87099,87100,87101,87102,1,-1,2,-2,1,3,1,-1,-3,-1,2,2,5,2,2,-2,-2,-5,-2,-2
0,1,14517,14520,43551,43552,43553,43556,43557,43558,87103,87104,87105,87106,87107,87110,87111,87112,87113,87114,1,-1,2,-2,1,3,1,-1,-3,-1,2,2,5,2,2,-2,-2,-5,-2,-2
0,1,14519,14522,43557,43558,43559,43562,43563,43564,87115,87116,87117,87118,87119,87122,87123,87124,87125,87126,1,-1,2,-2,1,3,1,-1,-3,-1,2,2,5,2,2,-2,-2,-5,-2,-2
0,1,14521,14524,43563,43564,43565,43568,43569,43570,87127,87128,87129,87130,87131,87134,87135,87136,87137,87138,1,-1,2,-2,1,3,1,-1,-3,-1,2,2,5,2,2,-2,-2,-5,-2,-2
0,1,14523,14526,43569,43570,43571,43574,43575,43576,87139,87140,87141,87142,87143,87146,87147,87148,87149,87150,1,-1,2,-2,1,3,1,-1,-3,-1,2,2,5,2,2,-2,-2,-5,-2,-2
0,1,14525,14528,43575,43576,43577,43580,43581,43582,87151,87152,87153,87154,87155,87158,87159,87160,87161,87162,1,-1,2,-2,1,3,1,-1,-3,-1,2,2,5,2,2,-2,-2,-5,-2,-2
0,1,14527,14530,43581,43582,43583,43586,43587,43588,87163,87164,87165,87166,87167,87170,87171,87172,87173,87174,1,-1,2,-2,1,3,1,-1,-3,-1,2,2,5,2,2,-2,-2,-5,-2,-2
0,1,14529,14532,43587,43588,43589,43592,43593,43594,87175,87176,87177,87178,87179,87182,87183,87184,87185,87186,1,-1,2,-2,1,3,1,-1,-3,-1,2,2,5,2,2,-2,-2,-5,-2,-2
0,1,14531,14534,43593,43594,43595,43598,43599,43600,87187,87188,87189,87190,87191,87194,87195,87196,87197,87198,1,-1,2,-2,1,3,1,-1,-3,-1,2,2,5,2,2,-2,-2,-5,-2,-2
0,1,14533,14536,43599,43600,43601,43604,43605,43606,87199,87200,87201,87202,87203,87206,87207,87208,87209,87210,1,-1,2,-2,1,3,1,-1,-3,-1,2,2,5,2,2,-2,-2,-5,-2,-2
0,1,14535,14538,43605,43606,43607,43610,43611,43612,87211,87212,87213,87214,87215,87218,87219,87220,87221,87222,1,-1,2,-2,1,3,1,-1,-3,-1,2,2,5,2,2,-2,-2,-5,-2,-2
0,1,14537,14540,43611,43612,43613,43616,43617,43618,87223,87224,87225,87226,87227,87230,87231,87232,87233,87234,1,-1,2,-2,1,3,1,-1,-3,-1,2,2,5,2,2,-2,-2,-5,-2,-2
0,1,14539,14542,43617,43618,43619,43622,43623,43624,87235,87236,87237,87238,87239,87242,87243,87244,87245,87246,1,-1,2,-2,1,3,1,-1,-3,-1,2,2,5,2,2,-2,-2,-5,-2,-2
0,1,14541,14544,43623,43624,43625,43628,43629,43630,87247,87248,87249,87250,87251,87254,87255,87256,87257,87258,1,-1,2,-2,1,3,1,-1,-3,-1,2,2,5,2,2,-2,-2,-5,-2,-2
0,1,14543,14546,43629,43630,43631,43634,43635,43636,87259,87260,87261,87262,87263,87266,87267,87268,87269,87270,1,-1,2,-2,1,3,1,-1,-3,-1,2,2,5,2,2,-2,-2,-5,-2,-2
0,1,14545,14548,43635,43636,43637,43640,43641,43642,87271,87272,87273,87274,87275,87278,87279,87280,87281,87282,1,-1,2,-2,1,3,1,-1,-3,-1,2,2,5,2,2,-2,-2,-5,-2,-2
0,1,14547,14550,43641,43642,43643,43646,43647,43648,87283,87284,87285,87286,87287,87290,87291,87292,87293,87294,1,-1,2,-2,1,3,1,-1,-3,-1,2,2,5,2,2,-2,-2,-5,-2,-2
0,1,14549,14552,43647,43648,43649,43652,43653,43654,87295,87296,87297,87298,87299,87302,87303,87304,87305,87306,1,-1,2,-2,1,3,1,-1,-3,-1,2,2,5,2,2,-2,-2,-5,-2,-2
0,1,14551,14554,43653,43654,43655,43658,43659,43660,87307,87308,87309,87310,87311,87314,87315,87316,87317,87318,1,-1,2,-2,1,3,1,-1,-3,-1,2,2,5,2,2,-2,-2,-5,-2,-2
0,1,14553,14556,43659,43660,43661,43664,43665,43666,87319,87320,87321,87322,87323,87326,87327,87328,87329,87330,1,-1,2,-2,1,3,1,-1,-3,-1,2,2,5,2,2,-2,-2,-5,-2,-2
0,1,14555,14558,43665,43666,43667,43670,43671,43672,87331,87332,87333,87334,87335,87338,87339,87340,87341,87342,1,-1,2,-2,1,3,1,-1,-3,-1,2,2,5,2,2,-2,-2,-5,-2,-2
0,1,14557,14560,43671,43672,43673,43676,43677,43678,87343,87344,87345,87346,87347,87350,87351,87352,87353,87354,1,-1,2,-2,1,3,1,-1,-3,-1,2,2,5,2,2,-2,-2,-5,-2,-2
0,1,14559,14562,43677,43678,43679,43682,43683,43684,87355,87356,87357,87358,87359,87362,87363,87364,87365,87366,1,-1,2,-2,1,3,1,-1,-3,-1,2,2,5,2,2,-2,-2,-5,-2,-2
0,1,14561,14564,43683,43684,43685,43688,43689,43690,87367,87368,87369,87370,87371,87374,87375,87376,87377,87378,1,-1,2,-2,1,3,1,-1,-3,-1,2,2,5,2,2,-2,-2,-5,-2,-2
0,1,14563,14566,43689,43690,43691,43694,43695,43696,87379,87380,87381,87382,87383,87386,87387,87388,87389,87390,1,-1,2,-2,1,3,1,-1,-3,-1,2,2,5,2,2,-2,-2,-5,-2,-2
0,1,14565,14568,43695,43696,43697,43700,43701,43702,87391,87392,87393,87394,87395,87398,87399,87400,87401,87402,1,-1,2,-2,1,3,1,-1,-3,-1,2,2,5,2,2,-2,-2,-5,-2,-2
0,1,14567,14570,43701,43702,43703,43706,43707,43708,87403,87404,87405,87406,87407,87410,87411,87412,87413,87414,1,-1,2,-2,1,3,1,-1,-3,-1,2,2,5,2,2,-2,-2,-5,-2,-2
0,1,14569,14572,43707,43708,43709,43712,43713,43714,87415,87416,87417,87418,87419,87422,87423,87424,87425,87426,1,-1,2,-2,1,3,1,-1,-3,-1,2,2,5,2,2,-2,-2,-5,-2,-2
0,1,14571,14574,43713,43714,43715,43718,43719,43720,87427,87428,87429,87430,87431,87434,87435,87436,87437,87438,1,-1,2,-2,1,3,1,-1,-3,-1,2,2,5,2,2,-2,-2,-5,-2,-2
0,1,14573,14576,43719,43720,43721,43724,43725,43726,87439,87440,87441,87442,87443,87446,87447,87448,87449,87450,1,-1,2,-2,1,3,1,-1,-3,-1,2,2,5,2,2,-2,-2,-5,-2,-2
0,1,14575,14578,43725,43726,43727,43730,43731,43732,87451,87452,87453,87454,87455,87458,87459,87460,87461,87462,1,-1,2,-2,1,3,1,-1,-3,-1,2,2,5,2,2,-2,-2,-5,-2,-2
0,1,14577,14580,43731,43732,43733,43736,43737,43738,87463,87464,87465,87466,87467,87470,87471,87472,87473,87474,1,-1,2,-2,1,3,1,-1,-3,-1,2,2,5,2,2,-2,-2,-5,-2,-2
0,1,14579,14582,43737,43738,43739,43742,43743,43744,87475,87476,87477,87478,87479,87482,87483,87484,87485,87486,1,-1,2,-2,1,3,1,-1,-3,-1,2,2,5,2,2,-2,-2,-5,-2,-2
0,1,14581,14584,43743,43744,43745,43748,43749,43750,87487,87488,87489,87490,87491,87494,87495,87496,87497,87498,1,-1,2,-2,1,3,1,-1,-3,-1,2,2,5,2,2,-2,-2,-5,-2,-2
0,1,14583,14586,43749,43750,43751,43754,43755,43756,87499,87500,87501,87502,87503,87506,87507,87508,87509,87510,1,-1,2,-2,1,3,1,-1,-3,-1,2,2,5,2,2,-2,-2,-5,-2,-2
0,1,14585,14588,43755,43756,43757,43760,43761,43762,87511,87512,87513,87514,87515,87518,87519,87520,87521,87522,1,-1,2,-2,1,3,1,-1,-3,-1,2,2,5,2,2,-2,-2,-5,-2,-2
0,1,14587,14590,43761,43762,43763,43766,43767,43768,87523,87524,87525,87526,87527,87530,87531,87532,87533,87534,1,-1,2,-2,1,3,1,-1,-3,-1,2,2,5,2,2,-2,-2,-5,-2,-2
0,1,14589,14592,43767,43768,43769,43772,43773,43774,87535,87536,87537,87538,87539,87542,87543,87544,87545,87546,1,-1,2,-2,1,3,1,-1,-3,-1,2,2,5,2,2,-2,-2,-5,-2,-2
0,1,14591,14594,43773,43774,43775,43778,43779,43780,87547,87548,87549,87550,87551,87554,87555,87556,87557,87558,1,-1,2,-2,1,3,1,-1,-3,-1,2,2,5,2,2,-2,-2,-5,-2,-2
0,1,14593,14596,43779,43780,43781,43784,43785,43786,87559,87560,87561,87562,87563,87566,87567,87568,87569,87570,1,-1,2,-2,1,3,1,-1,-3,-1,2,2,5,2,2,-2,-2,-5,-2,-2
0,1,14595,14598,43785,43786,43787,43790,43791,43792,87571,87572,87573,87574,87575,87578,87579,87580,87581,87582,1,-1,2,-2,1,3,1,-1,-3,-1,2,2,5,2,2,-2,-2,-5,-2,-2
0,1,14597,14600,43791,43792,43793,43796,43797,43798,87583,87584,87585,87586,87587,87590,87591,87592,87593,87594,1,-1,2,-2,1,3,1,-1,-3,-1,2,2,5,2,2,-2,-2,-5,-2,-2
0,1,14599,14602,43797,43798,43799,43802,43803,43804,87595,87596,87597,87598,87599,87602,87603,87604,87605,87606,1,-1,2,-2,1,3,1,-1,-3,-1,2,2,5,2,2,-2,-2,-5,-2,-2
0,1,14601,14604,43803,43804,43805,43808,43809,43810,87607,87608,87609,87610,87611,87614,87615,87616,87617,87618,1,-1,2,-2,1,3,1,-1,-3,-1,2,2,5,2,2,-2,-2,-5,-2,-2
0,1,14603,14606,43809,43810,43811,43814,43815,43816,87619,87620,87621,87622,87623,87626,87627,87628,87629,87630,1,-1,2,-2,1,3,1,-1,-3,-1,2,2,5,2,2,-2,-2,-5,-2,-2
0,1,14605,14608,43815,43816,43817,43820,43821,43822,87631,87632,87633,87634,87635,87638,87639,87640,87641,87642,1,-1,2,-2,1,3,1,-1,-3,-1,2,2,5,2,2,-2,-2,-5,-2,-2
0,1,14607,14610,43821,43822,43823,43826,43827,43828,87643,87644,87645,87646,87647,87650,87651,87652,87653,87654,1,-1,2,-2,1,3,1,-1,-3,-1,2,2,5,2,2,-2,-2,-5,-2,-2
0,1,14609,14612,43827,43828,43829,43832,43833,43834,87655,87656,87657,87658,87659,87662,87663,87664,87665,87666,1,-1,2,-2,1,3,1,-1,-3,-1,2,2,5,2,2,-2,-2,-5,-2,-2
0,1,14611,14614,43833,43834,43835,43838,43839,43840,87667,87668,87669,87670,87671,87674,87675,87676,87677,87678,1,-1,2,-2,1,3,1,-1,-3,-1,2,2,5,2,2,-2,-2,-5,-2,-2
0,1,14613,14616,43839,43840,43841,43844,43845,43846,87679,87680,87681,87682,87683,87686,87687,87688,87689,87690,1,-1,2,-2,1,3,1,-1,-3,-1,2,2,5,2,2,-2,-2,-5,-2,-2
0,1,14615,14618,43845,43846,43847,43850,43851,43852,87691,87692,87693,87694,87695,87698,87699,87700,87701,87702,1,-1,2,-2,1,3,1,-1,-3,-1,2,2,5,2,2,-2,-2,-5,-2,-2
0,1,14617,14620,43851,43852,43853,43856,43857,43858,87703,87704,87705,87706,87707,87710,87711,87712,87713,87714,1,-1,2,-2,1,3,1,-1,-3,-1,2,2,5,2,2,-2,-2,-5,-2,-2
0,1,14619,14622,43857,43858,43859,43862,43863,43864,87715,87716,87717,87718,87719,87722,87723,87724,87725,87726,1,-1,2,-2,1,3,1,-1,-3,-1,2,2,5,2,2,-2,-2,-5,-2,-2
0,1,14621,14624,43863,43864,43865,43868,43869,43870,87727,87728,87729,87730,87731,87734,87735,87736,87737,87738,1,-1,2,-2,1,3,1,-1,-3,-1,2,2,5,2,2,-2,-2,-5,-2,-2
0,1,14623,14626,43869,43870,43871,43874,43875,43876,87739,87740,87741,87742,87743,87746,87747,87748,87749,87750,1,-1,2,-2,1,3,1,-1,-3,-1,2,2,5,2,2,-2,-2,-5,-2,-2
0,1,14625,14628,43875,43876,43877,43880,43881,43882,87751,87752,87753,87754,87755,87758,87759,87760,87761,87762,1,-1,2,-2,1,3,1,-1,-3,-1,2,2,5,2,2,-2,-2,-5,-2,-2
0,1,14627,14630,43881,43882,43883,43886,43887,43888,87763,87764,87765,87766,87767,87770,87771,87772,87773,87774,1,-1,2,-2,1,3,1,-1,-3,-1,2,2,5,2,2,-2,-2,-5,-2,-2
0,1,14629,14632,43887,43888,43889,43892,43893,43894,87775,87776,87777,87778,87779,87782,87783,87784,87785,87786,1,-1,2,-2,1,3,1,-1,-3,-1,2,2,5,2,2,-2,-2,-5,-2,-2
0,1,14631,14634,43893,43894,43895,43898,43899,43900,87787,87788,87789,87790,87791,87794,87795,87796,87797,87798,1,-1,2,-2,1,3,1,-1,-3,-1,2,2,5,2,2,-2,-2,-5,-2,-2
0,1,14633,14636,43899,43900,43901,43904,43905,43906,87799,87800,87801,87802,87803,87806,87807,87808,87809,87810,1,-1,2,-2,1,3,1,-1,-3,-1,2,2,5,2,2,-2,-2,-5,-2,-2
0,1,14635,14638,43905,43906,43907,43910,43911,43912,87811,87812,87813,87814,87815,87818,87819,87820,87821,87822,1,-1,2,-2,1,3,1,-1,-3,-1,2,2,5,2,2,-2,-2,-5,-2,-2
0,1,14637,14640,43911,43912,43913,43916,43917,43918,87823,87824,87825,87826,87827,87830,87831,87832,87833,87834,1,-1,2,-2,1,3,1,-1,-3,-1,2,2,5,2,2,-2,-2,-5,-2,-2
0,1,14639,14642,43917,43918,43919,43922,43923,43924,87835,87836,87837,87838,87839,87842,87843,87844,87845,87846,1,-1,2,-2,1,3,1,-1,-3,-1,2,2,5,2,2,-2,-2,-5,-2,-2
0,1,14641,14644,43923,43924,43925,43928,43929,43930,87847,87848,87849,87850,87851,87854,87855,87856,87857,87858,1,-1,2,-2,1,3,1,-1,-3,-1,2,2,5,2,2,-2,-2,-5,-2,-2
0,1,14643,14646,43929,43930,43931,43934,43935,43936,87859,87860,87861,87862,87863,87866,87867,87868,87869,87870,1,-1,2,-2,1,3,1,-1,-3,-1,2,2,5,2,2,-2,-2,-5,-2,-2
0,1,14645,14648,43935,43936,43937,43940,43941,43942,87871,87872,87873,87874,87875,87878,87879,87880,87881,87882,1,-1,2,-2,1,3,1,-1,-3,-1,2,2,5,2,2,-2,-2,-5,-2,-2
0,1,14647,14650,43941,43942,43943,43946,43947,43948,87883,87884,87885,87886,87887,87890,87891,87892,87893,87894,1,-1,2,-2,1,3,1,-1,-3,-1,2,2,5,2,2,-2,-2,-5,-2,-2
0,1,14649,14652,43947,43948,43949,43952,43953,43954,87895,87896,87897,87898,87899,87902,87903,87904,87905,87906,1,-1,2,-2,1,3,1,-1,-3,-1,2,2,5,2,2,-2,-2,-5,-2,-2
0,1,14651,14654,43953,43954,43955,43958,43959,43960,87907,87908,87909,87910,87911,87914,87915,87916,87917,87918,1,-1,2,-2,1,3,1,-1,-3,-1,2,2,5,2,2,-2,-2,-5,-2,-2
0,1,14653,14656,43959,43960,43961,43964,43965,43966,87919,87920,87921,87922,87923,87926,87927,87928,87929,87930,1,-1,2,-2,1,3,1,-1,-3,-1,2,2,5,2,2,-2,-2,-5,-2,-2
0,1,14655,14658,43965,43966,43967,43970,43971,43972,87931,87932,87933,87934,87935,87938,87939,87940,87941,87942,1,-1,2,-2,1,3,1,-1,-3,-1,2,2,5,2,2,-2,-2,-5,-2,-2
0,1,14657,14660,43971,43972,43973,43976,43977,43978,87943,87944,87945,87946,87947,87950,87951,87952,87953,87954,1,-1,2,-2,1,3,1,-1,-3,-1,2,2,5,2,2,-2,-2,-5,-2,-2
0,1,14659,14662,43977,43978,43979,43982,43983,43984,87955,87956,87957,87958,87959,87962,87963,87964,87965,87966,1,-1,2,-2,1,3,1,-1,-3,-1,2,2,5,2,2,-2,-2,-5,-2,-2
0,1,14661,14664,43983,43984,43985,43988,43989,43990,87967,87968,87969,87970,87971,87974,87975,87976,87977,87978,1,-1,2,-2,1,3,1,-1,-3,-1,2,2,5,2,2,-2,-2,-5,-2,-2
0,1,14663,14666,43989,43990,43991,43994,43995,43996,87979,87980,87981,87982,87983,87986,87987,87988,87989,87990,1,-1,2,-2,1,3,1,-1,-3,-1,2,2,5,2,2,-2,-2,-5,-2,-2
0,1,14665,14668,43995,43996,43997,44000,44001,44002,87991,87992,87993,87994,87995,87998,87999,88000,88001,88002,1,-1,2,-2,1,3,1,-1,-3,-1,2,2,5,2,2,-2,-2,-5,-2,-2
0,1,14667,14670,44001,44002,44003,44006,44007,44008,88003,88004,88005,88006,88007,88010,88011,88012,88013,88014,1,-1,2,-2,1,3,1,-1,-3,-1,2,2,5,2,2,-2,-2,-5,-2,-2
0,1,14669,14672,44007,44008,44009,44012,44013,44014,88015,88016,88017,88018,88019,88022,88023,88024,88025,88026,1,-1,2,-2,1,3,1,-1,-3,-1,2,2,5,2,2,-2,-2,-5,-2,-2
0,1,14671,14674,44013,44014,44015,44018,44019,44020,88027,88028,88029,88030,88031,88034,88035,88036,88037,88038,1,-1,2,-2,1,3,1,-1,-3,-1,2,2,5,2,2,-2,-2,-5,-2,-2
0,1,14673,14676,44019,44020,44021,44024,44025,44026,88039,88040,88041,88042,88043,88046,88047,88048,88049,88050,1,-1,2,-2,1,3,1,-1,-3,-1,2,2,5,2,2,-2,-2,-5,-2,-2
0,1,14675,14678,44025,44026,44027,44030,44031,44032,88051,88052,88053,88054,88055,88058,88059,88060,88061,88062,1,-1,2,-2,1,3,1,-1,-3,-1,2,2,5,2,2,-2,-2,-5,-2,-2
0,1,14677,14680,44031,44032,44033,44036,44037,44038,88063,88064,88065,88066,88067,88070,88071,88072,88073,88074,1,-1,2,-2,1,3,1,-1,-3,-1,2,2,5,2,2,-2,-2,-5,-2,-2
0,1,14679,14682,44037,44038,44039,44042,44043,44044,88075,88076,88077,88078,88079,88082,88083,88084,88085,88086,1,-1,2,-2,1,3,1,-1,-3,-1,2,2,5,2,2,-2,-2,-5,-2,-2
0,1,14681,14684,44043,44044,44045,44048,44049,44050,88087,88088,88089,88090,88091,88094,88095,88096,88097,88098,1,-1,2,-2,1,3,1,-1,-3,-1,2,2,5,2,2,-2,-2,-5,-2,-2
0,1,14683,14686,44049,44050,44051,44054,44055,44056,88099,88100,88101,88102,88103,88106,88107,88108,88109,88110,1,-1,2,-2,1,3,1,-1,-3,-1,2,2,5,2,2,-2,-2,-5,-2,-2
0,1,14685,14688,44055,44056,44057,44060,44061,44062,88111,88112,88113,88114,88115,88118,88119,88120,88121,88122,1,-1,2,-2,1,3,1,-1,-3,-1,2,2,5,2,2,-2,-2,-5,-2,-2
0,1,14687,14690,44061,44062,44063,44066,44067,44068,88123,88124,88125,88126,88127,88130,88131,88132,88133,88134,1,-1,2,-2,1,3,1,-1,-3,-1,2,2,5,2,2,-2,-2,-5,-2,-2
0,1,14689,14692,44067,44068,44069,44072,44073,44074,88135,88136,88137,88138,88139,88142,88143,88144,88145,88146,1,-1,2,-2,1,3,1,-1,-3,-1,2,2,5,2,2,-2,-2,-5,-2,-2
0,1,14691,14694,44073,44074,44075,44078,44079,44080,88147,88148,88149,88150,88151,88154,88155,88156,88157,88158,1,-1,2,-2,1,3,1,-1,-3,-1,2,2,5,2,2,-2,-2,-5,-2,-2
0,1,14693,14696,44079,44080,44081,44084,44085,44086,88159,88160,88161,88162,88163,88166,88167,88168,88169,88170,1,-1,2,-2,1,3,1,-1,-3,-1,2,2,5,2,2,-2,-2,-5,-2,-2
0,1,14695,14698,44085,44086,44087,44090,44091,44092,88171,88172,88173,88174,88175,88178,88179,88180,88181,88182,1,-1,2,-2,1,3,1,-1,-3,-1,2,2,5,2,2,-2,-2,-5,-2,-2
0,1,14697,14700,44091,44092,44093,44096,44097,44098,88183,88184,88185,88186,88187,88190,88191,88192,88193,88194,1,-1,2,-2,1,3,1,-1,-3,-1,2,2,5,2,2,-2,-2,-5,-2,-2
0,1,14699,14702,44097,44098,44099,44102,44103,44104,88195,88196,88197,88198,88199,88202,88203,88204,88205,88206,1,-1,2,-2,1,3,1,-1,-3,-1,2,2,5,2,2,-2,-2,-5,-2,-2
0,1,14701,14704,44103,44104,44105,44108,44109,44110,88207,88208,88209,88210,88211,88214,88215,88216,88217,88218,1,-1,2,-2,1,3,1,-1,-3,-1,2,2,5,2,2,-2,-2,-5,-2,-2
0,1,14703,14706,44109,44110,44111,44114,44115,44116,88219,88220,88221,88222,88223,88226,88227,88228,88229,88230,1,-1,2,-2,1,3,1,-1,-3,-1,2,2,5,2,2,-2,-2,-5,-2,-2
0,1,14705,14708,44115,44116,44117,44120,44121,44122,88231,88232,88233,88234,88235,88238,88239,88240,88241,88242,1,-1,2,-2,1,3,1,-1,-3,-1,2,2,5,2,2,-2,-2,-5,-2,-2
0,1,14707,14710,44121,44122,44123,44126,44127,44128,88243,88244,88245,88246,88247,88250,88251,88252,88253,88254,1,-1,2,-2,1,3,1,-1,-3,-1,2,2,5,2,2,-2,-2,-5,-2,-2
0,1,14709,14712,44127,44128,44129,44132,44133,44134,88255,88256,88257,88258,88259,88262,88263,88264,88265,88266,1,-1,2,-2,1,3,1,-1,-3,-1,2,2,5,2,2,-2,-2,-5,-2,-2
0,1,14711,14714,44133,44134,44135,44138,44139,44140,88267,88268,88269,88270,88271,88274,88275,88276,88277,88278,1,-1,2,-2,1,3,1,-1,-3,-1,2,2,5,2,2,-2,-2,-5,-2,-2
0,1,14713,14716,44139,44140,44141,44144,44145,44146,88279,88280,88281,88282,88283,88286,88287,88288,88289,88290,1,-1,2,-2,1,3,1,-1,-3,-1,2,2,5,2,2,-2,-2,-5,-2,-2
0,1,14715,14718,44145,44146,44147,44150,44151,44152,88291,88292,88293,88294,88295,88298,88299,88300,88301,88302,1,-1,2,-2,1,3,1,-1,-3,-1,2,2,5,2,2,-2,-2,-5,-2,-2
0,1,14717,14720,44151,44152,44153,44156,44157,44158,88303,88304,88305,88306,88307,88310,88311,88312,88313,88314,1,-1,2,-2,1,3,1,-1,-3,-1,2,2,5,2,2,-2,-2,-5,-2,-2
0,1,14719,14722,44157,44158,44159,44162,44163,44164,88315,88316,88317,88318,88319,88322,88323,88324,88325,88326,1,-1,2,-2,1,3,1,-1,-3,-1,2,2,5,2,2,-2,-2,-5,-2,-2
0,1,14721,14724,44163,44164,44165,44168,44169,44170,88327,88328,88329,88330,88331,88334,88335,88336,88337,88338,1,-1,2,-2,1,3,1,-1,-3,-1,2,2,5,2,2,-2,-2,-5,-2,-2
0,1,14723,14726,44169,44170,44171,44174,44175,44176,88339,88340,88341,88342,88343,88346,88347,88348,88349,88350,1,-1,2,-2,1,3,1,-1,-3,-1,2,2,5,2,2,-2,-2,-5,-2,-2
0,1,14725,14728,44175,44176,44177,44180,44181,44182,88351,88352,88353,88354,88355,88358,88359,88360,88361,88362,1,-1,2,-2,1,3,1,-1,-3,-1,2,2,5,2,2,-2,-2,-5,-2,-2
0,1,14727,14730,44181,44182,44183,44186,44187,44188,88363,88364,88365,88366,88367,88370,88371,88372,88373,88374,1,-1,2,-2,1,3,1,-1,-3,-1,2,2,5,2,2,-2,-2,-5,-2,-2
0,1,14729,14732,44187,44188,44189,44192,44193,44194,88375,88376,88377,88378,88379,88382,88383,88384,88385,88386,1,-1,2,-2,1,3,1,-1,-3,-1,2,2,5,2,2,-2,-2,-5,-2,-2
0,1,14731,14734,44193,44194,44195,44198,44199,44200,88387,88388,88389,88390,88391,88394,88395,88396,88397,88398,1,-1,2,-2,1,3,1,-1,-3,-1,2,2,5,2,2,-2,-2,-5,-2,-2
0,1,14733,14736,44199,44200,44201,44204,44205,44206,88399,88400,88401,88402,88403,88406,88407,88408,88409,88410,1,-1,2,-2,1,3,1,-1,-3,-1,2,2,5,2,2,-2,-2,-5,-2,-2
0,1,14735,14738,44205,44206,44207,44210,44211,44212,88411,88412,88413,88414,88415,88418,88419,88420,88421,88422,1,-1,2,-2,1,3,1,-1,-3,-1,2,2,5,2,2,-2,-2,-5,-2,-2
0,1,14737,14740,44211,44212,44213,44216,44217,44218,88423,88424,88425,88426,88427,88430,88431,88432,88433,88434,1,-1,2,-2,1,3,1,-1,-3,-1,2,2,5,2,2,-2,-2,-5,-2,-2
0,1,14739,14742,44217,44218,44219,44222,44223,44224,88435,88436,88437,88438,88439,88442,88443,88444,88445,88446,1,-1,2,-2,1,3,1,-1,-3,-1,2,2,5,2,2,-2,-2,-5,-2,-2
0,1,14741,14744,44223,44224,44225,44228,44229,44230,88447,88448,88449,88450,88451,88454,88455,88456,88457,88458,1,-1,2,-2,1,3,1,-1,-3,-1,2,2,5,2,2,-2,-2,-5,-2,-2
0,1,14743,14746,44229,44230,44231,44234,44235,44236,88459,88460,88461,88462,88463,88466,88467,88468,88469,88470,1,-1,2,-2,1,3,1,-1,-3,-1,2,2,5,2,2,-2,-2,-5,-2,-2
0,1,14745,14748,44235,44236,44237,44240,44241,44242,88471,88472,88473,88474,88475,88478,88479,88480,88481,88482,1,-1,2,-2,1,3,1,-1,-3,-1,2,2,5,2,2,-2,-2,-5,-2,-2
0,1,14747,14750,44241,44242,44243,44246,44247,44248,88483,88484,88485,88486,88487,88490,88491,88492,88493,88494,1,-1,2,-2,1,3,1,-1,-3,-1,2,2,5,2,2,-2,-2,-5,-2,-2
0,1,14749,14752,44247,44248,44249,44252,44253,44254,88495,88496,88497,88498,88499,88502,88503,88504,88505,88506,1,-1,2,-2,1,3,1,-1,-3,-1,2,2,5,2,2,-2,-2,-5,-2,-2
0,1,14751,14754,44253,44254,44255,44258,44259,44260,88507,88508,88509,88510,88511,88514,88515,88516,88517,88518,1,-1,2,-2,1,3,1,-1,-3,-1,2,2,5,2,2,-2,-2,-5,-2,-2
0,1,14753,14756,44259,44260,44261,44264,44265,44266,88519,88520,88521,88522,88523,88526,88527,88528,88529,88530,1,-1,2,-2,1,3,1,-1,-3,-1,2,2,5,2,2,-2,-2,-5,-2,-2
0,1,14755,14758,44265,44266,44267,44270,44271,44272,88531,88532,88533,88534,88535,88538,88539,88540,88541,88542,1,-1,2,-2,1,3,1,-1,-3,-1,2,2,5,2,2,-2,-2,-5,-2,-2
0,1,14757,14760,44271,44272,44273,44276,44277,44278,88543,88544,88545,88546,88547,88550,88551,88552,88553,88554,1,-1,2,-2,1,3,1,-1,-3,-1,2,2,5,2,2,-2,-2,-5,-2,-2
0,1,14759,14762,44277,44278,44279,44282,44283,44284,88555,88556,88557,88558,88559,88562,88563,88564,88565,88566,1,-1,2,-2,1,3,1,-1,-3,-1,2,2,5,2,2,-2,-2,-5,-2,-2
0,1,14761,14764,44283,44284,44285,44288,44289,44290,88567,88568,88569,88570,88571,88574,88575,88576,88577,88578,1,-1,2,-2,1,3,1,-1,-3,-1,2,2,5,2,2,-2,-2,-5,-2,-2
0,1,14763,14766,44289,44290,44291,44294,44295,44296,88579,88580,88581,88582,88583,88586,88587,88588,88589,88590,1,-1,2,-2,1,3,1,-1,-3,-1,2,2,5,2,2,-2,-2,-5,-2,-2
0,1,14765,14768,44295,44296,44297,44300,44301,44302,88591,88592,88593,88594,88595,88598,88599,88600,88601,88602,1,-1,2,-2,1,3,1,-1,-3,-1,2,2,5,2,2,-2,-2,-5,-2,-2
0,1,14767,14770,44301,44302,44303,44306,44307,44308,88603,88604,88605,88606,88607,88610,88611,88612,88613,88614,1,-1,2,-2,1,3,1,-1,-3,-1,2,2,5,2,2,-2,-2,-5,-2,-2
0,1,14769,14772,44307,44308,44309,44312,44313,44314,88615,88616,88617,88618,88619,88622,88623,88624,88625,88626,1,-1,2,-2,1,3,1,-1,-3,-1,2,2,5,2,2,-2,-2,-5,-2,-2
0,1,14771,14774,44313,44314,44315,44318,44319,44320,88627,88628,88629,88630,88631,88634,88635,88636,88637,88638,1,-1,2,-2,1,3,1,-1,-3,-1,2,2,5,2,2,-2,-2,-5,-2,-2
0,1,14773,14776,44319,44320,44321,44324,44325,44326,88639,88640,88641,88642,88643,88646,88647,88648,88649,88650,1,-1,2,-2,1,3,1,-1,-3,-1,2,2,5,2,2,-2,-2,-5,-2,-2
0,1,14775,14778,44325,44326,44327,44330,44331,44332,88651,88652,88653,88654,88655,88658,88659,88660,88661,88662,1,-1,2,-2,1,3,1,-1,-3,-1,2,2,5,2,2,-2,-2,-5,-2,-2
0,1,14777,14780,44331,44332,44333,44336,44337,44338,88663,88664,88665,88666,88667,88670,88671,88672,88673,88674,1,-1,2,-2,1,3,1,-1,-3,-1,2,2,5,2,2,-2,-2,-5,-2,-2
0,1,14779,14782,44337,44338,44339,44342,44343,44344,88675,88676,88677,88678,88679,88682,88683,88684,88685,88686,1,-1,2,-2,1,3,1,-1,-3,-1,2,2,5,2,2,-2,-2,-5,-2,-2
0,1,14781,14784,44343,44344,44345,44348,44349,44350,88687,88688,88689,88690,88691,88694,88695,88696,88697,88698,1,-1,2,-2,1,3,1,-1,-3,-1,2,2,5,2,2,-2,-2,-5,-2,-2
0,1,14783,14786,44349,44350,44351,44354,44355,44356,88699,88700,88701,88702,88703,88706,88707,88708,88709,88710,1,-1,2,-2,1,3,1,-1,-3,-1,2,2,5,2,2,-2,-2,-5,-2,-2
0,1,14785,14788,44355,44356,44357,44360,44361,44362,88711,88712,88713,88714,88715,88718,88719,88720,88721,88722,1,-1,2,-2,1,3,1,-1,-3,-1,2,2,5,2,2,-2,-2,-5,-2,-2
0,1,14787,14790,44361,44362,44363,44366,44367,44368,88723,88724,88725,88726,88727,88730,88731,88732,88733,88734,1,-1,2,-2,1,3,1,-1,-3,-1,2,2,5,2,2,-2,-2,-5,-2,-2
0,1,14789,14792,44367,44368,44369,44372,44373,44374,88735,88736,88737,88738,88739,88742,88743,88744,88745,88746,1,-1,2,-2,1,3,1,-1,-3,-1,2,2,5,2,2,-2,-2,-5,-2,-2
0,1,14791,14794,44373,44374,44375,44378,44379,44380,88747,88748,88749,88750,88751,88754,88755,88756,88757,88758,1,-1,2,-2,1,3,1,-1,-3,-1,2,2,5,2,2,-2,-2,-5,-2,-2
0,1,14793,14796,44379,44380,44381,44384,44385,44386,88759,88760,88761,88762,88763,88766,88767,88768,88769,88770,1,-1,2,-2,1,3,1,-1,-3,-1,2,2,5,2,2,-2,-2,-5,-2,-2
0,1,14795,14798,44385,44386,44387,44390,44391,44392,88771,88772,88773,88774,88775,88778,88779,88780,88781,88782,1,-1,2,-2,1,3,1,-1,-3,-1,2,2,5,2,2,-2,-2,-5,-2,-2
0,1,14797,14800,44391,44392,44393,44396,44397,44398,88783,88784,88785,88786,88787,88790,88791,88792,88793,88794,1,-1,2,-2,1,3,1,-1,-3,-1,2,2,5,2,2,-2,-2,-5,-2,-2
0,1,14799,14802,44397,44398,44399,44402,44403,44404,88795,88796,88797,88798,88799,88802,88803,88804,88805,88806,1,-1,2,-2,1,3,1,-1,-3,-1,2,2,5,2,2,-2,-2,-5,-2,-2
0,1,14801,14804,44403,44404,44405,44408,44409,44410,88807,88808,88809,88810,88811,88814,88815,88816,88817,88818,1,-1,2,-2,1,3,1,-1,-3,-1,2,2,5,2,2,-2,-2,-5,-2,-2
0,1,14803,14806,44409,44410,44411,44414,44415,44416,88819,88820,88821,88822,88823,88826,88827,88828,88829,88830,1,-1,2,-2,1,3,1,-1,-3,-1,2,2,5,2,2,-2,-2,-5,-2,-2
0,1,14805,14808,44415,44416,44417,44420,44421,44422,88831,88832,88833,88834,88835,88838,88839,88840,88841,88842,1,-1,2,-2,1,3,1,-1,-3,-1,2,2,5,2,2,-2,-2,-5,-2,-2
0,1,14807,14810,44421,44422,44423,44426,44427,44428,88843,88844,88845,88846,88847,88850,88851,88852,88853,88854,1,-1,2,-2,1,3,1,-1,-3,-1,2,2,5,2,2,-2,-2,-5,-2,-2
0,1,14809,14812,44427,44428,44429,44432,44433,44434,88855,88856,88857,88858,88859,88862,88863,88864,88865,88866,1,-1,2,-2,1,3,1,-1,-3,-1,2,2,5,2,2,-2,-2,-5,-2,-2
0,1,14811,14814,44433,44434,44435,44438,44439,44440,88867,88868,88869,88870,88871,88874,88875,88876,88877,88878,1,-1,2,-2,1,3,1,-1,-3,-1,2,2,5,2,2,-2,-2,-5,-2,-2
0,1,14813,14816,44439,44440,44441,44444,44445,44446,88879,88880,88881,88882,88883,88886,88887,88888,88889,88890,1,-1,2,-2,1,3,1,-1,-3,-1,2,2,5,2,2,-2,-2,-5,-2,-2
0,1,14815,14818,44445,44446,44447,44450,44451,44452,88891,88892,88893,88894,88895,88898,88899,88900,88901,88902,1,-1,2,-2,1,3,1,-1,-3,-1,2,2,5,2,2,-2,-2,-5,-2,-2
0,1,14817,14820,44451,44452,44453,44456,44457,44458,88903,88904,88905,88906,88907,88910,88911,88912,88913,88914,1,-1,2,-2,1,3,1,-1,-3,-1,2,2,5,2,2,-2,-2,-5,-2,-2
0,1,14819,14822,44457,44458,44459,44462,44463,44464,88915,88916,88917,88918,88919,88922,88923,88924,88925,88926,1,-1,2,-2,1,3,1,-1,-3,-1,2,2,5,2,2,-2,-2,-5,-2,-2
0,1,14821,14824,44463,44464,44465,44468,44469,44470,88927,88928,88929,88930,88931,88934,88935,88936,88937,88938,1,-1,2,-2,1,3,1,-1,-3,-1,2,2,5,2,2,-2,-2,-5,-2,-2
0,1,14823,14826,44469,44470,44471,44474,44475,44476,88939,88940,88941,88942,88943,88946,88947,88948,88949,88950,1,-1,2,-2,1,3,1,-1,-3,-1,2,2,5,2,2,-2,-2,-5,-2,-2
0,1,14825,14828,44475,44476,44477,44480,44481,44482,88951,88952,88953,88954,88955,88958,88959,88960,88961,88962,1,-1,2,-2,1,3,1,-1,-3,-1,2,2,5,2,2,-2,-2,-5,-2,-2
0,1,14827,14830,44481,44482,44483,44486,44487,44488,88963,88964,88965,88966,88967,88970,88971,88972,88973,88974,1,-1,2,-2,1,3,1,-1,-3,-1,2,2,5,2,2,-2,-2,-5,-2,-2
0,1,14829,14832,44487,44488,44489,44492,44493,44494,88975,88976,88977,88978,88979,88982,88983,88984,88985,88986,1,-1,2,-2,1,3,1,-1,-3,-1,2,2,5,2,2,-2,-2,-5,-2,-2
0,1,14831,14834,44493,44494,44495,44498,44499,44500,88987,88988,88989,88990,88991,88994,88995,88996,88997,88998,1,-1,2,-2,1,3,1,-1,-3,-1,2,2,5,2,2,-2,-2,-5,-2,-2
0,1,14833,14836,44499,44500,44501,44504,44505,44506,88999,89000,89001,89002,89003,89006,89007,89008,89009,89010,1,-1,2,-2,1,3,1,-1,-3,-1,2,2,5,2,2,-2,-2,-5,-2,-2
0,1,14835,14838,44505,44506,44507,44510,44511,44512,89011,89012,89013,89014,89015,89018,89019,89020,89021,89022,1,-1,2,-2,1,3,1,-1,-3,-1,2,2,5,2,2,-2,-2,-5,-2,-2
0,1,14837,14840,44511,44512,44513,44516,44517,44518,89023,89024,89025,89026,89027,89030,89031,89032,89033,89034,1,-1,2,-2,1,3,1,-1,-3,-1,2,2,5,2,2,-2,-2,-5,-2,-2
0,1,14839,14842,44517,44518,44519,44522,44523,44524,89035,89036,89037,89038,89039,89042,89043,89044,89045,89046,1,-1,2,-2,1,3,1,-1,-3,-1,2,2,5,2,2,-2,-2,-5,-2,-2
0,1,14841,14844,44523,44524,44525,44528,44529,44530,89047,89048,89049,89050,89051,89054,89055,89056,89057,89058,1,-1,2,-2,1,3,1,-1,-3,-1,2,2,5,2,2,-2,-2,-5,-2,-2
0,1,14843,14846,44529,44530,44531,44534,44535,44536,89059,89060,89061,89062,89063,89066,89067,89068,89069,89070,1,-1,2,-2,1,3,1,-1,-3,-1,2,2,5,2,2,-2,-2,-5,-2,-2
0,1,14845,14848,44535,44536,44537,44540,44541,44542,89071,89072,89073,89074,89075,89078,89079,89080,89081,89082,1,-1,2,-2,1,3,1,-1,-3,-1,2,2,5,2,2,-2,-2,-5,-2,-2
0,1,14847,14850,44541,44542,44543,44546,44547,44548,89083,89084,89085,89086,89087,89090,89091,89092,89093,89094,1,-1,2,-2,1,3,1,-1,-3,-1,2,2,5,2,2,-2,-2,-5,-2,-2
0,1,14849,14852,44547,44548,44549,44552,44553,44554,89095,89096,89097,89098,89099,89102,89103,89104,89105,89106,1,-1,2,-2,1,3,1,-1,-3,-1,2,2,5,2,2,-2,-2,-5,-2,-2
0,1,14851,14854,44553,44554,44555,44558,44559,44560,89107,89108,89109,89110,89111,89114,89115,89116,89117,89118,1,-1,2,-2,1,3,1,-1,-3,-1,2,2,5,2,2,-2,-2,-5,-2,-2
0,1,14853,14856,44559,44560,44561,44564,44565,44566,89119,89120,89121,89122,89123,89126,89127,89128,89129,89130,1,-1,2,-2,1,3,1,-1,-3,-1,2,2,5,2,2,-2,-2,-5,-2,-2
0,1,14855,14858,44565,44566,44567,44570,44571,44572,89131,89132,89133,89134,89135,89138,89139,89140,89141,89142,1,-1,2,-2,1,3,1,-1,-3,-1,2,2,5,2,2,-2,-2,-5,-2,-2
0,1,14857,14860,44571,44572,44573,44576,44577,44578,89143,89144,89145,89146,89147,89150,89151,89152,89153,89154,1,-1,2,-2,1,3,1,-1,-3,-1,2,2,5,2,2,-2,-2,-5,-2,-2
0,1,14859,14862,44577,44578,44579,44582,44583,44584,89155,89156,89157,89158,89159,89162,89163,89164,89165,89166,1,-1,2,-2,1,3,1,-1,-3,-1,2,2,5,2,2,-2,-2,-5,-2,-2
0,1,14861,14864,44583,44584,44585,44588,44589,44590,89167,89168,89169,89170,89171,89174,89175,89176,89177,89178,1,-1,2,-2,1,3,1,-1,-3,-1,2,2,5,2,2,-2,-2,-5,-2,-2
0,1,14863,14866,44589,44590,44591,44594,44595,44596,89179,89180,89181,89182,89183,89186,89187,89188,89189,89190,1,-1,2,-2,1,3,1,-1,-3,-1,2,2,5,2,2,-2,-2,-5,-2,-2
0,1,14865,14868,44595,44596,44597,44600,44601,44602,89191,89192,89193,89194,89195,89198,89199,89200,89201,89202,1,-1,2,-2,1,3,1,-1,-3,-1,2,2,5,2,2,-2,-2,-5,-2,-2
0,1,14867,14870,44601,44602,44603,44606,44607,44608,89203,89204,89205,89206,89207,89210,89211,89212,89213,89214,1,-1,2,-2,1,3,1,-1,-3,-1,2,2,5,2,2,-2,-2,-5,-2,-2
0,1,14869,14872,44607,44608,44609,44612,44613,44614,89215,89216,89217,89218,89219,89222,89223,89224,89225,89226,1,-1,2,-2,1,3,1,-1,-3,-1,2,2,5,2,2,-2,-2,-5,-2,-2
0,1,14871,14874,44613,44614,44615,44618,44619,44620,89227,89228,89229,89230,89231,89234,89235,89236,89237,89238,1,-1,2,-2,1,3,1,-1,-3,-1,2,2,5,2,2,-2,-2,-5,-2,-2
0,1,14873,14876,44619,44620,44621,44624,44625,44626,89239,89240,89241,89242,89243,89246,89247,89248,89249,89250,1,-1,2,-2,1,3,1,-1,-3,-1,2,2,5,2,2,-2,-2,-5,-2,-2
0,1,14875,14878,44625,44626,44627,44630,44631,44632,89251,89252,89253,89254,89255,89258,89259,89260,89261,89262,1,-1,2,-2,1,3,1,-1,-3,-1,2,2,5,2,2,-2,-2,-5,-2,-2
0,1,14877,14880,44631,44632,44633,44636,44637,44638,89263,89264,89265,89266,89267,89270,89271,89272,89273,89274,1,-1,2,-2,1,3,1,-1,-3,-1,2,2,5,2,2,-2,-2,-5,-2,-2
0,1,14879,14882,44637,44638,44639,44642,44643,44644,89275,89276,89277,89278,89279,89282,89283,89284,89285,89286,1,-1,2,-2,1,3,1,-1,-3,-1,2,2,5,2,2,-2,-2,-5,-2,-2
0,1,14881,14884,44643,44644,44645,44648,44649,44650,89287,89288,89289,89290,89291,89294,89295,89296,89297,89298,1,-1,2,-2,1,3,1,-1,-3,-1,2,2,5,2,2,-2,-2,-5,-2,-2
0,1,14883,14886,44649,44650,44651,44654,44655,44656,89299,89300,89301,89302,89303,89306,89307,89308,89309,89310,1,-1,2,-2,1,3,1,-1,-3,-1,2,2,5,2,2,-2,-2,-5,-2,-2
0,1,14885,14888,44655,44656,44657,44660,44661,44662,89311,89312,89313,89314,89315,89318,89319,89320,89321,89322,1,-1,2,-2,1,3,1,-1,-3,-1,2,2,5,2,2,-2,-2,-5,-2,-2
0,1,14887,14890,44661,44662,44663,44666,44667,44668,89323,89324,89325,89326,89327,89330,89331,89332,89333,89334,1,-1,2,-2,1,3,1,-1,-3,-1,2,2,5,2,2,-2,-2,-5,-2,-2
0,1,14889,14892,44667,44668,44669,44672,44673,44674,89335,89336,89337,89338,89339,89342,89343,89344,89345,89346,1,-1,2,-2,1,3,1,-1,-3,-1,2,2,5,2,2,-2,-2,-5,-2,-2
0,1,14891,14894,44673,44674,44675,44678,44679,44680,89347,89348,89349,89350,89351,89354,89355,89356,89357,89358,1,-1,2,-2,1,3,1,-1,-3,-1,2,2,5,2,2,-2,-2,-5,-2,-2
0,1,14893,14896,44679,44680,44681,44684,44685,44686,89359,89360,89361,89362,89363,89366,89367,89368,89369,89370,1,-1,2,-2,1,3,1,-1,-3,-1,2,2,5,2,2,-2,-2,-5,-2,-2
0,1,14895,14898,44685,44686,44687,44690,44691,44692,89371,89372,89373,89374,89375,89378,89379,89380,89381,89382,1,-1,2,-2,1,3,1,-1,-3,-1,2,2,5,2,2,-2,-2,-5,-2,-2
0,1,14897,14900,44691,44692,44693,44696,44697,44698,89383,89384,89385,89386,89387,89390,89391,89392,89393,89394,1,-1,2,-2,1,3,1,-1,-3,-1,2,2,5,2,2,-2,-2,-5,-2,-2
0,1,14899,14902,44697,44698,44699,44702,44703,44704,89395,89396,89397,89398,89399,89402,89403,89404,89405,89406,1,-1,2,-2,1,3,1,-1,-3,-1,2,2,5,2,2,-2,-2,-5,-2,-2
0,1,14901,14904,44703,44704,44705,44708,44709,44710,89407,89408,89409,89410,89411,89414,89415,89416,89417,89418,1,-1,2,-2,1,3,1,-1,-3,-1,2,2,5,2,2,-2,-2,-5,-2,-2
0,1,14903,14906,44709,44710,44711,44714,44715,44716,89419,89420,89421,89422,89423,89426,89427,89428,89429,89430,1,-1,2,-2,1,3,1,-1,-3,-1,2,2,5,2,2,-2,-2,-5,-2,-2
0,1,14905,14908,44715,44716,44717,44720,44721,44722,89431,89432,89433,89434,89435,89438,89439,89440,89441,89442,1,-1,2,-2,1,3,1,-1,-3,-1,2,2,5,2,2,-2,-2,-5,-2,-2
0,1,14907,14910,44721,44722,44723,44726,44727,44728,89443,89444,89445,89446,89447,89450,89451,89452,89453,89454,1,-1,2,-2,1,3,1,-1,-3,-1,2,2,5,2,2,-2,-2,-5,-2,-2
0,1,14909,14912,44727,44728,44729,44732,44733,44734,89455,89456,89457,89458,89459,89462,89463,89464,89465,89466,1,-1,2,-2,1,3,1,-1,-3,-1,2,2,5,2,2,-2,-2,-5,-2,-2
0,1,14911,14914,44733,44734,44735,44738,44739,44740,89467,89468,89469,89470,89471,89474,89475,89476,89477,89478,1,-1,2,-2,1,3,1,-1,-3,-1,2,2,5,2,2,-2,-2,-5,-2,-2
0,1,14913,14916,44739,44740,44741,44744,44745,44746,89479,89480,89481,89482,89483,89486,89487,89488,89489,89490,1,-1,2,-2,1,3,1,-1,-3,-1,2,2,5,2,2,-2,-2,-5,-2,-2
0,1,14915,14918,44745,44746,44747,44750,44751,44752,89491,89492,89493,89494,89495,89498,89499,89500,89501,89502,1,-1,2,-2,1,3,1,-1,-3,-1,2,2,5,2,2,-2,-2,-5,-2,-2
0,1,14917,14920,44751,44752,44753,44756,44757,44758,89503,89504,89505,89506,89507,89510,89511,89512,89513,89514,1,-1,2,-2,1,3,1,-1,-3,-1,2,2,5,2,2,-2,-2,-5,-2,-2
0,1,14919,14922,44757,44758,44759,44762,44763,44764,89515,89516,89517,89518,89519,89522,89523,89524,89525,89526,1,-1,2,-2,1,3,1,-1,-3,-1,2,2,5,2,2,-2,-2,-5,-2,-2
0,1,14921,14924,44763,44764,44765,44768,44769,44770,89527,89528,89529,89530,89531,89534,89535,89536,89537,89538,1,-1,2,-2,1,3,1,-1,-3,-1,2,2,5,2,2,-2,-2,-5,-2,-2
0,1,14923,14926,44769,44770,44771,44774,44775,44776,89539,89540,89541,89542,89543,89546,89547,89548,89549,89550,1,-1,2,-2,1,3,1,-1,-3,-1,2,2,5,2,2,-2,-2,-5,-2,-2
0,1,14925,14928,44775,44776,44777,44780,44781,44782,89551,89552,89553,89554,89555,89558,89559,89560,89561,89562,1,-1,2,-2,1,3,1,-1,-3,-1,2,2,5,2,2,-2,-2,-5,-2,-2
0,1,14927,14930,44781,44782,44783,44786,44787,44788,89563,89564,89565,89566,89567,89570,89571,89572,89573,89574,1,-1,2,-2,1,3,1,-1,-3,-1,2,2,5,2,2,-2,-2,-5,-2,-2
0,1,14929,14932,44787,44788,44789,44792,44793,44794,89575,89576,89577,89578,89579,89582,89583,89584,89585,89586,1,-1,2,-2,1,3,1,-1,-3,-1,2,2,5,2,2,-2,-2,-5,-2,-2
0,1,14931,14934,44793,44794,44795,44798,44799,44800,89587,89588,89589,89590,89591,89594,89595,89596,89597,89598,1,-1,2,-2,1,3,1,-1,-3,-1,2,2,5,2,2,-2,-2,-5,-2,-2
0,1,14933,14936,44799,44800,44801,44804,44805,44806,89599,89600,89601,89602,89603,89606,89607,89608,89609,89610,1,-1,2,-2,1,3,1,-1,-3,-1,2,2,5,2,2,-2,-2,-5,-2,-2
0,1,14935,14938,44805,44806,44807,44810,44811,44812,89611,89612,89613,89614,89615,89618,89619,89620,89621,89622,1,-1,2,-2,1,3,1,-1,-3,-1,2,2,5,2,2,-2,-2,-5,-2,-2
0,1,14937,14940,44811,44812,44813,44816,44817,44818,89623,89624,89625,89626,89627,89630,89631,89632,89633,89634,1,-1,2,-2,1,3,1,-1,-3,-1,2,2,5,2,2,-2,-2,-5,-2,-2
0,1,14939,14942,44817,44818,44819,44822,44823,44824,89635,89636,89637,89638,89639,89642,89643,89644,89645,89646,1,-1,2,-2,1,3,1,-1,-3,-1,2,2,5,2,2,-2,-2,-5,-2,-2
0,1,14941,14944,44823,44824,44825,44828,44829,44830,89647,89648,89649,89650,89651,89654,89655,89656,89657,89658,1,-1,2,-2,1,3,1,-1,-3,-1,2,2,5,2,2,-2,-2,-5,-2,-2
0,1,14943,14946,44829,44830,44831,44834,44835,44836,89659,89660,89661,89662,89663,89666,89667,89668,89669,89670,1,-1,2,-2,1,3,1,-1,-3,-1,2,2,5,2,2,-2,-2,-5,-2,-2
0,1,14945,14948,44835,44836,44837,44840,44841,44842,89671,89672,89673,89674,89675,89678,89679,89680,89681,89682,1,-1,2,-2,1,3,1,-1,-3,-1,2,2,5,2,2,-2,-2,-5,-2,-2
0,1,14947,14950,44841,44842,44843,44846,44847,44848,89683,89684,89685,89686,89687,89690,89691,89692,89693,89694,1,-1,2,-2,1,3,1,-1,-3,-1,2,2,5,2,2,-2,-2,-5,-2,-2
0,1,14949,14952,44847,44848,44849,44852,44853,44854,89695,89696,89697,89698,89699,89702,89703,89704,89705,89706,1,-1,2,-2,1,3,1,-1,-3,-1,2,2,5,2,2,-2,-2,-5,-2,-2
0,1,14951,14954,44853,44854,44855,44858,44859,44860,89707,89708,89709,89710,89711,89714,89715,89716,89717,89718,1,-1,2,-2,1,3,1,-1,-3,-1,2,2,5,2,2,-2,-2,-5,-2,-2
0,1,14953,14956,44859,44860,44861,44864,44865,44866,89719,89720,89721,89722,89723,89726,89727,89728,89729,89730,1,-1,2,-2,1,3,1,-1,-3,-1,2,2,5,2,2,-2,-2,-5,-2,-2
0,1,14955,14958,44865,44866,44867,44870,44871,44872,89731,89732,89733,89734,89735,89738,89739,89740,89741,89742,1,-1,2,-2,1,3,1,-1,-3,-1,2,2,5,2,2,-2,-2,-5,-2,-2
0,1,14957,14960,44871,44872,44873,44876,44877,44878,89743,89744,89745,89746,89747,89750,89751,89752,89753,89754,1,-1,2,-2,1,3,1,-1,-3,-1,2,2,5,2,2,-2,-2,-5,-2,-2
0,1,14959,14962,44877,44878,44879,44882,44883,44884,89755,89756,89757,89758,89759,89762,89763,89764,89765,89766,1,-1,2,-2,1,3,1,-1,-3,-1,2,2,5,2,2,-2,-2,-5,-2,-2
0,1,14961,14964,44883,44884,44885,44888,44889,44890,89767,89768,89769,89770,89771,89774,89775,89776,89777,89778,1,-1,2,-2,1,3,1,-1,-3,-1,2,2,5,2,2,-2,-2,-5,-2,-2
0,1,14963,14966,44889,44890,44891,44894,44895,44896,89779,89780,89781,89782,89783,89786,89787,89788,89789,89790,1,-1,2,-2,1,3,1,-1,-3,-1,2,2,5,2,2,-2,-2,-5,-2,-2
0,1,14965,14968,44895,44896,44897,44900,44901,44902,89791,89792,89793,89794,89795,89798,89799,89800,89801,89802,1,-1,2,-2,1,3,1,-1,-3,-1,2,2,5,2,2,-2,-2,-5,-2,-2
0,1,14967,14970,44901,44902,44903,44906,44907,44908,89803,89804,89805,89806,89807,89810,89811,89812,89813,89814,1,-1,2,-2,1,3,1,-1,-3,-1,2,2,5,2,2,-2,-2,-5,-2,-2
0,1,14969,14972,44907,44908,44909,44912,44913,44914,89815,89816,89817,89818,89819,89822,89823,89824,89825,89826,1,-1,2,-2,1,3,1,-1,-3,-1,2,2,5,2,2,-2,-2,-5,-2,-2
0,1,14971,14974,44913,44914,44915,44918,44919,44920,89827,89828,89829,89830,89831,89834,89835,89836,89837,89838,1,-1,2,-2,1,3,1,-1,-3,-1,2,2,5,2,2,-2,-2,-5,-2,-2
0,1,14973,14976,44919,44920,44921,44924,44925,44926,89839,89840,89841,89842,89843,89846,89847,89848,89849,89850,1,-1,2,-2,1,3,1,-1,-3,-1,2,2,5,2,2,-2,-2,-5,-2,-2
0,1,14975,14978,44925,44926,44927,44930,44931,44932,89851,89852,89853,89854,89855,89858,89859,89860,89861,89862,1,-1,2,-2,1,3,1,-1,-3,-1,2,2,5,2,2,-2,-2,-5,-2,-2
0,1,14977,14980,44931,44932,44933,44936,44937,44938,89863,89864,89865,89866,89867,89870,89871,89872,89873,89874,1,-1,2,-2,1,3,1,-1,-3,-1,2,2,5,2,2,-2,-2,-5,-2,-2
0,1,14979,14982,44937,44938,44939,44942,44943,44944,89875,89876,89877,89878,89879,89882,89883,89884,89885,89886,1,-1,2,-2,1,3,1,-1,-3,-1,2,2,5,2,2,-2,-2,-5,-2,-2
0,1,14981,14984,44943,44944,44945,44948,44949,44950,89887,89888,89889,89890,89891,89894,89895,89896,89897,89898,1,-1,2,-2,1,3,1,-1,-3,-1,2,2,5,2,2,-2,-2,-5,-2,-2
0,1,14983,14986,44949,44950,44951,44954,44955,44956,89899,89900,89901,89902,89903,89906,89907,89908,89909,89910,1,-1,2,-2,1,3,1,-1,-3,-1,2,2,5,2,2,-2,-2,-5,-2,-2
0,1,14985,14988,44955,44956,44957,44960,44961,44962,89911,89912,89913,89914,89915,89918,89919,89920,89921,89922,1,-1,2,-2,1,3,1,-1,-3,-1,2,2,5,2,2,-2,-2,-5,-2,-2
0,1,14987,14990,44961,44962,44963,44966,44967,44968,89923,89924,89925,89926,89927,89930,89931,89932,89933,89934,1,-1,2,-2,1,3,1,-1,-3,-1,2,2,5,2,2,-2,-2,-5,-2,-2
0,1,14989,14992,44967,44968,44969,44972,44973,44974,89935,89936,89937,89938,89939,89942,89943,89944,89945,89946,1,-1,2,-2,1,3,1,-1,-3,-1,2,2,5,2,2,-2,-2,-5,-2,-2
0,1,14991,14994,44973,44974,44975,44978,44979,44980,89947,89948,89949,89950,89951,89954,89955,89956,89957,89958,1,-1,2,-2,1,3,1,-1,-3,-1,2,2,5,2,2,-2,-2,-5,-2,-2
0,1,14993,14996,44979,44980,44981,44984,44985,44986,89959,89960,89961,89962,89963,89966,89967,89968,89969,89970,1,-1,2,-2,1,3,1,-1,-3,-1,2,2,5,2,2,-2,-2,-5,-2,-2
0,1,14995,14998,44985,44986,44987,44990,44991,44992,89971,89972,89973,89974,89975,89978,89979,89980,89981,89982,1,-1,2,-2,1,3,1,-1,-3,-1,2,2,5,2,2,-2,-2,-5,-2,-2
0,1,14997,15000,44991,44992,44993,44996,44997,44998,89983,89984,89985,89986,89987,89990,89991,89992,89993,89994,1,-1,2,-2,1,3,1,-1,-3,-1,2,2,5,2,2,-2,-2,-5,-2,-2
0,1,14999,15002,44997,44998,44999,45002,45003,45004,89995,89996,89997,89998,89999,90002,90003,90004,90005,90006,1,-1,2,-2,1,3,1,-1,-3,-1,2,2,5,2,2,-2,-2,-5,-2,-2
0,1,15001,15004,45003,45004,45005,45008,45009,45010,90007,90008,90009,90010,90011,90014,90015,90016,90017,90018,1,-1,2,-2,1,3,1,-1,-3,-1,2,2,5,2,2,-2,-2,-5,-2,-2
0,1,15003,15006,45009,45010,45011,45014,45015,45016,90019,90020,90021,90022,90023,90026,90027,90028,90029,90030,1,-1,2,-2,1,3,1,-1,-3,-1,2,2,5,2,2,-2,-2,-5,-2,-2
0,1,15005,15008,45015,45016,45017,45020,45021,45022,90031,90032,90033,90034,90035,90038,90039,90040,90041,90042,1,-1,2,-2,1,3,1,-1,-3,-1,2,2,5,2,2,-2,-2,-5,-2,-2
0,1,15007,15010,45021,45022,45023,45026,45027,45028,90043,90044,90045,90046,90047,90050,90051,90052,90053,90054,1,-1,2,-2,1,3,1,-1,-3,-1,2,2,5,2,2,-2,-2,-5,-2,-2
0,1,15009,15012,45027,45028,45029,45032,45033,45034,90055,90056,90057,90058,90059,90062,90063,90064,90065,90066,1,-1,2,-2,1,3,1,-1,-3,-1,2,2,5,2,2,-2,-2,-5,-2,-2
0,1,15011,15014,45033,45034,45035,45038,45039,45040,90067,90068,90069,90070,90071,90074,90075,90076,90077,90078,1,-1,2,-2,1,3,1,-1,-3,-1,2,2,5,2,2,-2,-2,-5,-2,-2
0,1,15013,15016,45039,45040,45041,45044,45045,45046,90079,90080,90081,90082,90083,90086,90087,90088,90089,90090,1,-1,2,-2,1,3,1,-1,-3,-1,2,2,5,2,2,-2,-2,-5,-2,-2
0,1,15015,15018,45045,45046,45047,45050,45051,45052,90091,90092,90093,90094,90095,90098,90099,90100,90101,90102,1,-1,2,-2,1,3,1,-1,-3,-1,2,2,5,2,2,-2,-2,-5,-2,-2
0,1,15017,15020,45051,45052,45053,45056,45057,45058,90103,90104,90105,90106,90107,90110,90111,90112,90113,90114,1,-1,2,-2,1,3,1,-1,-3,-1,2,2,5,2,2,-2,-2,-5,-2,-2
0,1,15019,15022,45057,45058,45059,45062,45063,45064,90115,90116,90117,90118,90119,90122,90123,90124,90125,90126,1,-1,2,-2,1,3,1,-1,-3,-1,2,2,5,2,2,-2,-2,-5,-2,-2
0,1,15021,15024,45063,45064,45065,45068,45069,45070,90127,90128,90129,90130,90131,90134,90135,90136,90137,90138,1,-1,2,-2,1,3,1,-1,-3,-1,2,2,5,2,2,-2,-2,-5,-2,-2
0,1,15023,15026,45069,45070,45071,45074,45075,45076,90139,90140,90141,90142,90143,90146,90147,90148,90149,90150,1,-1,2,-2,1,3,1,-1,-3,-1,2,2,5,2,2,-2,-2,-5,-2,-2
0,1,15025,15028,45075,45076,45077,45080,45081,45082,90151,90152,90153,90154,90155,90158,90159,90160,90161,90162,1,-1,2,-2,1,3,1,-1,-3,-1,2,2,5,2,2,-2,-2,-5,-2,-2
0,1,15027,15030,45081,45082,45083,45086,45087,45088,90163,90164,90165,90166,90167,90170,90171,90172,90173,90174,1,-1,2,-2,1,3,1,-1,-3,-1,2,2,5,2,2,-2,-2,-5,-2,-2
0,1,15029,15032,45087,45088,45089,45092,45093,45094,90175,90176,90177,90178,90179,90182,90183,90184,90185,90186,1,-1,2,-2,1,3,1,-1,-3,-1,2,2,5,2,2,-2,-2,-5,-2,-2
0,1,15031,15034,45093,45094,45095,45098,45099,45100,90187,90188,90189,90190,90191,90194,90195,90196,90197,90198,1,-1,2,-2,1,3,1,-1,-3,-1,2,2,5,2,2,-2,-2,-5,-2,-2
0,1,15033,15036,45099,45100,45101,45104,45105,45106,90199,90200,90201,90202,90203,90206,90207,90208,90209,90210,1,-1,2,-2,1,3,1,-1,-3,-1,2,2,5,2,2,-2,-2,-5,-2,-2
0,1,15035,15038,45105,45106,45107,45110,45111,45112,90211,90212,90213,90214,90215,90218,90219,90220,90221,90222,1,-1,2,-2,1,3,1,-1,-3,-1,2,2,5,2,2,-2,-2,-5,-2,-2
0,1,15037,15040,45111,45112,45113,45116,45117,45118,90223,90224,90225,90226,90227,90230,90231,90232,90233,90234,1,-1,2,-2,1,3,1,-1,-3,-1,2,2,5,2,2,-2,-2,-5,-2,-2
0,1,15039,15042,45117,45118,45119,45122,45123,45124,90235,90236,90237,90238,90239,90242,90243,90244,90245,90246,1,-1,2,-2,1,3,1,-1,-3,-1,2,2,5,2,2,-2,-2,-5,-2,-2
0,1,15041,15044,45123,45124,45125,45128,45129,45130,90247,90248,90249,90250,90251,90254,90255,90256,90257,90258,1,-1,2,-2,1,3,1,-1,-3,-1,2,2,5,2,2,-2,-2,-5,-2,-2
0,1,15043,15046,45129,45130,45131,45134,45135,45136,90259,90260,90261,90262,90263,90266,90267,90268,90269,90270,1,-1,2,-2,1,3,1,-1,-3,-1,2,2,5,2,2,-2,-2,-5,-2,-2
0,1,15045,15048,45135,45136,45137,45140,45141,45142,90271,90272,90273,90274,90275,90278,90279,90280,90281,90282,1,-1,2,-2,1,3,1,-1,-3,-1,2,2,5,2,2,-2,-2,-5,-2,-2
0,1,15047,15050,45141,45142,45143,45146,45147,45148,90283,90284,90285,90286,90287,90290,90291,90292,90293,90294,1,-1,2,-2,1,3,1,-1,-3,-1,2,2,5,2,2,-2,-2,-5,-2,-2
0,1,15049,15052,45147,45148,45149,45152,45153,45154,90295,90296,90297,90298,90299,90302,90303,90304,90305,90306,1,-1,2,-2,1,3,1,-1,-3,-1,2,2,5,2,2,-2,-2,-5,-2,-2
0,1,15051,15054,45153,45154,45155,45158,45159,45160,90307,90308,90309,90310,90311,90314,90315,90316,90317,90318,1,-1,2,-2,1,3,1,-1,-3,-1,2,2,5,2,2,-2,-2,-5,-2,-2
0,1,15053,15056,45159,45160,45161,45164,45165,45166,90319,90320,90321,90322,90323,90326,90327,90328,90329,90330,1,-1,2,-2,1,3,1,-1,-3,-1,2,2,5,2,2,-2,-2,-5,-2,-2
0,1,15055,15058,45165,45166,45167,45170,45171,45172,90331,90332,90333,90334,90335,90338,90339,90340,90341,90342,1,-1,2,-2,1,3,1,-1,-3,-1,2,2,5,2,2,-2,-2,-5,-2,-2
0,1,15057,15060,45171,45172,45173,45176,45177,45178,90343,90344,90345,90346,90347,90350,90351,90352,90353,90354,1,-1,2,-2,1,3,1,-1,-3,-1,2,2,5,2,2,-2,-2,-5,-2,-2
0,1,15059,15062,45177,45178,45179,45182,45183,45184,90355,90356,90357,90358,90359,90362,90363,90364,90365,90366,1,-1,2,-2,1,3,1,-1,-3,-1,2,2,5,2,2,-2,-2,-5,-2,-2
0,1,15061,15064,45183,45184,45185,45188,45189,45190,90367,90368,90369,90370,90371,90374,90375,90376,90377,90378,1,-1,2,-2,1,3,1,-1,-3,-1,2,2,5,2,2,-2,-2,-5,-2,-2
0,1,15063,15066,45189,45190,45191,45194,45195,45196,90379,90380,90381,90382,90383,90386,90387,90388,90389,90390,1,-1,2,-2,1,3,1,-1,-3,-1,2,2,5,2,2,-2,-2,-5,-2,-2
0,1,15065,15068,45195,45196,45197,45200,45201,45202,90391,90392,90393,90394,90395,90398,90399,90400,90401,90402,1,-1,2,-2,1,3,1,-1,-3,-1,2,2,5,2,2,-2,-2,-5,-2,-2
0,1,15067,15070,45201,45202,45203,45206,45207,45208,90403,90404,90405,90406,90407,90410,90411,90412,90413,90414,1,-1,2,-2,1,3,1,-1,-3,-1,2,2,5,2,2,-2,-2,-5,-2,-2
0,1,15069,15072,45207,45208,45209,45212,45213,45214,90415,90416,90417,90418,90419,90422,90423,90424,90425,90426,1,-1,2,-2,1,3,1,-1,-3,-1,2,2,5,2,2,-2,-2,-5,-2,-2
0,1,15071,15074,45213,45214,45215,45218,45219,45220,90427,90428,90429,90430,90431,90434,90435,90436,90437,90438,1,-1,2,-2,1,3,1,-1,-3,-1,2,2,5,2,2,-2,-2,-5,-2,-2
0,1,15073,15076,45219,45220,45221,45224,45225,45226,90439,90440,90441,90442,90443,90446,90447,90448,90449,90450,1,-1,2,-2,1,3,1,-1,-3,-1,2,2,5,2,2,-2,-2,-5,-2,-2
0,1,15075,15078,45225,45226,45227,45230,45231,45232,90451,90452,90453,90454,90455,90458,90459,90460,90461,90462,1,-1,2,-2,1,3,1,-1,-3,-1,2,2,5,2,2,-2,-2,-5,-2,-2
0,1,15077,15080,45231,45232,45233,45236,45237,45238,90463,90464,90465,90466,90467,90470,90471,90472,90473,90474,1,-1,2,-2,1,3,1,-1,-3,-1,2,2,5,2,2,-2,-2,-5,-2,-2
0,1,15079,15082,45237,45238,45239,45242,45243,45244,90475,90476,90477,90478,90479,90482,90483,90484,90485,90486,1,-1,2,-2,1,3,1,-1,-3,-1,2,2,5,2,2,-2,-2,-5,-2,-2
0,1,15081,15084,45243,45244,45245,45248,45249,45250,90487,90488,90489,90490,90491,90494,90495,90496,90497,90498,1,-1,2,-2,1,3,1,-1,-3,-1,2,2,5,2,2,-2,-2,-5,-2,-2
0,1,15083,15086,45249,45250,45251,45254,45255,45256,90499,90500,90501,90502,90503,90506,90507,90508,90509,90510,1,-1,2,-2,1,3,1,-1,-3,-1,2,2,5,2,2,-2,-2,-5,-2,-2
0,1,15085,15088,45255,45256,45257,45260,45261,45262,90511,90512,90513,90514,90515,90518,90519,90520,90521,90522,1,-1,2,-2,1,3,1,-1,-3,-1,2,2,5,2,2,-2,-2,-5,-2,-2
0,1,15087,15090,45261,45262,45263,45266,45267,45268,90523,90524,90525,90526,90527,90530,90531,90532,90533,90534,1,-1,2,-2,1,3,1,-1,-3,-1,2,2,5,2,2,-2,-2,-5,-2,-2
0,1,15089,15092,45267,45268,45269,45272,45273,45274,90535,90536,90537,90538,90539,90542,90543,90544,90545,90546,1,-1,2,-2,1,3,1,-1,-3,-1,2,2,5,2,2,-2,-2,-5,-2,-2
0,1,15091,15094,45273,45274,45275,45278,45279,45280,90547,90548,90549,90550,90551,90554,90555,90556,90557,90558,1,-1,2,-2,1,3,1,-1,-3,-1,2,2,5,2,2,-2,-2,-5,-2,-2
0,1,15093,15096,45279,45280,45281,45284,45285,45286,90559,90560,90561,90562,90563,90566,90567,90568,90569,90570,1,-1,2,-2,1,3,1,-1,-3,-1,2,2,5,2,2,-2,-2,-5,-2,-2
0,1,15095,15098,45285,45286,45287,45290,45291,45292,90571,90572,90573,90574,90575,90578,90579,90580,90581,90582,1,-1,2,-2,1,3,1,-1,-3,-1,2,2,5,2,2,-2,-2,-5,-2,-2
0,1,15097,15100,45291,45292,45293,45296,45297,45298,90583,90584,90585,90586,90587,90590,90591,90592,90593,90594,1,-1,2,-2,1,3,1,-1,-3,-1,2,2,5,2,2,-2,-2,-5,-2,-2
0,1,15099,15102,45297,45298,45299,45302,45303,45304,90595,90596,90597,90598,90599,90602,90603,90604,90605,90606,1,-1,2,-2,1,3,1,-1,-3,-1,2,2,5,2,2,-2,-2,-5,-2,-2
0,1,15101,15104,45303,45304,45305,45308,45309,45310,90607,90608,90609,90610,90611,90614,90615,90616,90617,90618,1,-1,2,-2,1,3,1,-1,-3,-1,2,2,5,2,2,-2,-2,-5,-2,-2
0,1,15103,15106,45309,45310,45311,45314,45315,45316,90619,90620,90621,90622,90623,90626,90627,90628,90629,90630,1,-1,2,-2,1,3,1,-1,-3,-1,2,2,5,2,2,-2,-2,-5,-2,-2
0,1,15105,15108,45315,45316,45317,45320,45321,45322,90631,90632,90633,90634,90635,90638,90639,90640,90641,90642,1,-1,2,-2,1,3,1,-1,-3,-1,2,2,5,2,2,-2,-2,-5,-2,-2
0,1,15107,15110,45321,45322,45323,45326,45327,45328,90643,90644,90645,90646,90647,90650,90651,90652,90653,90654,1,-1,2,-2,1,3,1,-1,-3,-1,2,2,5,2,2,-2,-2,-5,-2,-2
0,1,15109,15112,45327,45328,45329,45332,45333,45334,90655,90656,90657,90658,90659,90662,90663,90664,90665,90666,1,-1,2,-2,1,3,1,-1,-3,-1,2,2,5,2,2,-2,-2,-5,-2,-2
0,1,15111,15114,45333,45334,45335,45338,45339,45340,90667,90668,90669,90670,90671,90674,90675,90676,90677,90678,1,-1,2,-2,1,3,1,-1,-3,-1,2,2,5,2,2,-2,-2,-5,-2,-2
0,1,15113,15116,45339,45340,45341,45344,45345,45346,90679,90680,90681,90682,90683,90686,90687,90688,90689,90690,1,-1,2,-2,1,3,1,-1,-3,-1,2,2,5,2,2,-2,-2,-5,-2,-2
0,1,15115,15118,45345,45346,45347,45350,45351,45352,90691,90692,90693,90694,90695,90698,90699,90700,90701,90702,1,-1,2,-2,1,3,1,-1,-3,-1,2,2,5,2,2,-2,-2,-5,-2,-2
0,1,15117,15120,45351,45352,45353,45356,45357,45358,90703,90704,90705,90706,90707,90710,90711,90712,90713,90714,1,-1,2,-2,1,3,1,-1,-3,-1,2,2,5,2,2,-2,-2,-5,-2,-2
0,1,15119,15122,45357,45358,45359,45362,45363,45364,90715,90716,90717,90718,90719,90722,90723,90724,90725,90726,1,-1,2,-2,1,3,1,-1,-3,-1,2,2,5,2,2,-2,-2,-5,-2,-2
0,1,15121,15124,45363,45364,45365,45368,45369,45370,90727,90728,90729,90730,90731,90734,90735,90736,90737,90738,1,-1,2,-2,1,3,1,-1,-3,-1,2,2,5,2,2,-2,-2,-5,-2,-2
0,1,15123,15126,45369,45370,45371,45374,45375,45376,90739,90740,90741,90742,90743,90746,90747,90748,90749,90750,1,-1,2,-2,1,3,1,-1,-3,-1,2,2,5,2,2,-2,-2,-5,-2,-2
0,1,15125,15128,45375,45376,45377,45380,45381,45382,90751,90752,90753,90754,90755,90758,90759,90760,90761,90762,1,-1,2,-2,1,3,1,-1,-3,-1,2,2,5,2,2,-2,-2,-5,-2,-2
0,1,15127,15130,45381,45382,45383,45386,45387,45388,90763,90764,90765,90766,90767,90770,90771,90772,90773,90774,1,-1,2,-2,1,3,1,-1,-3,-1,2,2,5,2,2,-2,-2,-5,-2,-2
0,1,15129,15132,45387,45388,45389,45392,45393,45394,90775,90776,90777,90778,90779,90782,90783,90784,90785,90786,1,-1,2,-2,1,3,1,-1,-3,-1,2,2,5,2,2,-2,-2,-5,-2,-2
0,1,15131,15134,45393,45394,45395,45398,45399,45400,90787,90788,90789,90790,90791,90794,90795,90796,90797,90798,1,-1,2,-2,1,3,1,-1,-3,-1,2,2,5,2,2,-2,-2,-5,-2,-2
0,1,15133,15136,45399,45400,45401,45404,45405,45406,90799,90800,90801,90802,90803,90806,90807,90808,90809,90810,1,-1,2,-2,1,3,1,-1,-3,-1,2,2,5,2,2,-2,-2,-5,-2,-2
0,1,15135,15138,45405,45406,45407,45410,45411,45412,90811,90812,90813,90814,90815,90818,90819,90820,90821,90822,1,-1,2,-2,1,3,1,-1,-3,-1,2,2,5,2,2,-2,-2,-5,-2,-2
0,1,15137,15140,45411,45412,45413,45416,45417,45418,90823,90824,90825,90826,90827,90830,90831,90832,90833,90834,1,-1,2,-2,1,3,1,-1,-3,-1,2,2,5,2,2,-2,-2,-5,-2,-2
0,1,15139,15142,45417,45418,45419,45422,45423,45424,90835,90836,90837,90838,90839,90842,90843,90844,90845,90846,1,-1,2,-2,1,3,1,-1,-3,-1,2,2,5,2,2,-2,-2,-5,-2,-2
0,1,15141,15144,45423,45424,45425,45428,45429,45430,90847,90848,90849,90850,90851,90854,90855,90856,90857,90858,1,-1,2,-2,1,3,1,-1,-3,-1,2,2,5,2,2,-2,-2,-5,-2,-2
0,1,15143,15146,45429,45430,45431,45434,45435,45436,90859,90860,90861,90862,90863,90866,90867,90868,90869,90870,1,-1,2,-2,1,3,1,-1,-3,-1,2,2,5,2,2,-2,-2,-5,-2,-2
0,1,15145,15148,45435,45436,45437,45440,45441,45442,90871,90872,90873,90874,90875,90878,90879,90880,90881,90882,1,-1,2,-2,1,3,1,-1,-3,-1,2,2,5,2,2,-2,-2,-5,-2,-2
0,1,15147,15150,45441,45442,45443,45446,45447,45448,90883,90884,90885,90886,90887,90890,90891,90892,90893,90894,1,-1,2,-2,1,3,1,-1,-3,-1,2,2,5,2,2,-2,-2,-5,-2,-2
0,1,15149,15152,45447,45448,45449,45452,45453,45454,90895,90896,90897,90898,90899,90902,90903,90904,90905,90906,1,-1,2,-2,1,3,1,-1,-3,-1,2,2,5,2,2,-2,-2,-5,-2,-2
0,1,15151,15154,45453,45454,45455,45458,45459,45460,90907,90908,90909,90910,90911,90914,90915,90916,90917,90918,1,-1,2,-2,1,3,1,-1,-3,-1,2,2,5,2,2,-2,-2,-5,-2,-2
0,1,15153,15156,45459,45460,45461,45464,45465,45466,90919,90920,90921,90922,90923,90926,90927,90928,90929,90930,1,-1,2,-2,1,3,1,-1,-3,-1,2,2,5,2,2,-2,-2,-5,-2,-2
0,1,15155,15158,45465,45466,45467,45470,45471,45472,90931,90932,90933,90934,90935,90938,90939,90940,90941,90942,1,-1,2,-2,1,3,1,-1,-3,-1,2,2,5,2,2,-2,-2,-5,-2,-2
0,1,15157,15160,45471,45472,45473,45476,45477,45478,90943,90944,90945,90946,90947,90950,90951,90952,90953,90954,1,-1,2,-2,1,3,1,-1,-3,-1,2,2,5,2,2,-2,-2,-5,-2,-2
0,1,15159,15162,45477,45478,45479,45482,45483,45484,90955,90956,90957,90958,90959,90962,90963,90964,90965,90966,1,-1,2,-2,1,3,1,-1,-3,-1,2,2,5,2,2,-2,-2,-5,-2,-2
0,1,15161,15164,45483,45484,45485,45488,45489,45490,90967,90968,90969,90970,90971,90974,90975,90976,90977,90978,1,-1,2,-2,1,3,1,-1,-3,-1,2,2,5,2,2,-2,-2,-5,-2,-2
0,1,15163,15166,45489,45490,45491,45494,45495,45496,90979,90980,90981,90982,90983,90986,90987,90988,90989,90990,1,-1,2,-2,1,3,1,-1,-3,-1,2,2,5,2,2,-2,-2,-5,-2,-2
0,1,15165,15168,45495,45496,45497,45500,45501,45502,90991,90992,90993,90994,90995,90998,90999,91000,91001,91002,1,-1,2,-2,1,3,1,-1,-3,-1,2,2,5,2,2,-2,-2,-5,-2,-2
0,1,15167,15170,45501,45502,45503,45506,45507,45508,91003,91004,91005,91006,91007,91010,91011,91012,91013,91014,1,-1,2,-2,1,3,1,-1,-3,-1,2,2,5,2,2,-2,-2,-5,-2,-2
0,1,15169,15172,45507,45508,45509,45512,45513,45514,91015,91016,91017,91018,91019,91022,91023,91024,91025,91026,1,-1,2,-2,1,3,1,-1,-3,-1,2,2,5,2,2,-2,-2,-5,-2,-2
0,1,15171,15174,45513,45514,45515,45518,45519,45520,91027,91028,91029,91030,91031,91034,91035,91036,91037,91038,1,-1,2,-2,1,3,1,-1,-3,-1,2,2,5,2,2,-2,-2,-5,-2,-2
0,1,15173,15176,45519,45520,45521,45524,45525,45526,91039,91040,91041,91042,91043,91046,91047,91048,91049,91050,1,-1,2,-2,1,3,1,-1,-3,-1,2,2,5,2,2,-2,-2,-5,-2,-2
0,1,15175,15178,45525,45526,45527,45530,45531,45532,91051,91052,91053,91054,91055,91058,91059,91060,91061,91062,1,-1,2,-2,1,3,1,-1,-3,-1,2,2,5,2,2,-2,-2,-5,-2,-2
0,1,15177,15180,45531,45532,45533,45536,45537,45538,91063,91064,91065,91066,91067,91070,91071,91072,91073,91074,1,-1,2,-2,1,3,1,-1,-3,-1,2,2,5,2,2,-2,-2,-5,-2,-2
0,1,15179,15182,45537,45538,45539,45542,45543,45544,91075,91076,91077,91078,91079,91082,91083,91084,91085,91086,1,-1,2,-2,1,3,1,-1,-3,-1,2,2,5,2,2,-2,-2,-5,-2,-2
0,1,15181,15184,45543,45544,45545,45548,45549,45550,91087,91088,91089,91090,91091,91094,91095,91096,91097,91098,1,-1,2,-2,1,3,1,-1,-3,-1,2,2,5,2,2,-2,-2,-5,-2,-2
0,1,15183,15186,45549,45550,45551,45554,45555,45556,91099,91100,91101,91102,91103,91106,91107,91108,91109,91110,1,-1,2,-2,1,3,1,-1,-3,-1,2,2,5,2,2,-2,-2,-5,-2,-2
0,1,15185,15188,45555,45556,45557,45560,45561,45562,91111,91112,91113,91114,91115,91118,91119,91120,91121,91122,1,-1,2,-2,1,3,1,-1,-3,-1,2,2,5,2,2,-2,-2,-5,-2,-2
0,1,15187,15190,45561,45562,45563,45566,45567,45568,91123,91124,91125,91126,91127,91130,91131,91132,91133,91134,1,-1,2,-2,1,3,1,-1,-3,-1,2,2,5,2,2,-2,-2,-5,-2,-2
0,1,15189,15192,45567,45568,45569,45572,45573,45574,91135,91136,91137,91138,91139,91142,91143,91144,91145,91146,1,-1,2,-2,1,3,1,-1,-3,-1,2,2,5,2,2,-2,-2,-5,-2,-2
0,1,15191,15194,45573,45574,45575,45578,45579,45580,91147,91148,91149,91150,91151,91154,91155,91156,91157,91158,1,-1,2,-2,1,3,1,-1,-3,-1,2,2,5,2,2,-2,-2,-5,-2,-2
0,1,15193,15196,45579,45580,45581,45584,45585,45586,91159,91160,91161,91162,91163,91166,91167,91168,91169,91170,1,-1,2,-2,1,3,1,-1,-3,-1,2,2,5,2,2,-2,-2,-5,-2,-2
0,1,15195,15198,45585,45586,45587,45590,45591,45592,91171,91172,91173,91174,91175,91178,91179,91180,91181,91182,1,-1,2,-2,1,3,1,-1,-3,-1,2,2,5,2,2,-2,-2,-5,-2,-2
0,1,15197,15200,45591,45592,45593,45596,45597,45598,91183,91184,91185,91186,91187,91190,91191,91192,91193,91194,1,-1,2,-2,1,3,1,-1,-3,-1,2,2,5,2,2,-2,-2,-5,-2,-2
0,1,15199,15202,45597,45598,45599,45602,45603,45604,91195,91196,91197,91198,91199,91202,91203,91204,91205,91206,1,-1,2,-2,1,3,1,-1,-3,-1,2,2,5,2,2,-2,-2,-5,-2,-2
0,1,15201,15204,45603,45604,45605,45608,45609,45610,91207,91208,91209,91210,91211,91214,91215,91216,91217,91218,1,-1,2,-2,1,3,1,-1,-3,-1,2,2,5,2,2,-2,-2,-5,-2,-2
0,1,15203,15206,45609,45610,45611,45614,45615,45616,91219,91220,91221,91222,91223,91226,91227,91228,91229,91230,1,-1,2,-2,1,3,1,-1,-3,-1,2,2,5,2,2,-2,-2,-5,-2,-2
0,1,15205,15208,45615,45616,45617,45620,45621,45622,91231,91232,91233,91234,91235,91238,91239,91240,91241,91242,1,-1,2,-2,1,3,1,-1,-3,-1,2,2,5,2,2,-2,-2,-5,-2,-2
0,1,15207,15210,45621,45622,45623,45626,45627,45628,91243,91244,91245,91246,91247,91250,91251,91252,91253,91254,1,-1,2,-2,1,3,1,-1,-3,-1,2,2,5,2,2,-2,-2,-5,-2,-2
0,1,15209,15212,45627,45628,45629,45632,45633,45634,91255,91256,91257,91258,91259,91262,91263,91264,91265,91266,1,-1,2,-2,1,3,1,-1,-3,-1,2,2,5,2,2,-2,-2,-5,-2,-2
0,1,15211,15214,45633,45634,45635,45638,45639,45640,91267,91268,91269,91270,91271,91274,91275,91276,91277,91278,1,-1,2,-2,1,3,1,-1,-3,-1,2,2,5,2,2,-2,-2,-5,-2,-2
0,1,15213,15216,45639,45640,45641,45644,45645,45646,91279,91280,91281,91282,91283,91286,91287,91288,91289,91290,1,-1,2,-2,1,3,1,-1,-3,-1,2,2,5,2,2,-2,-2,-5,-2,-2
0,1,15215,15218,45645,45646,45647,45650,45651,45652,91291,91292,91293,91294,91295,91298,91299,91300,91301,91302,1,-1,2,-2,1,3,1,-1,-3,-1,2,2,5,2,2,-2,-2,-5,-2,-2
0,1,15217,15220,45651,45652,45653,45656,45657,45658,91303,91304,91305,91306,91307,91310,91311,91312,91313,91314,1,-1,2,-2,1,3,1,-1,-3,-1,2,2,5,2,2,-2,-2,-5,-2,-2
0,1,15219,15222,45657,45658,45659,45662,45663,45664,91315,91316,91317,91318,91319,91322,91323,91324,91325,91326,1,-1,2,-2,1,3,1,-1,-3,-1,2,2,5,2,2,-2,-2,-5,-2,-2
0,1,15221,15224,45663,45664,45665,45668,45669,45670,91327,91328,91329,91330,91331,91334,91335,91336,91337,91338,1,-1,2,-2,1,3,1,-1,-3,-1,2,2,5,2,2,-2,-2,-5,-2,-2
0,1,15223,15226,45669,45670,45671,45674,45675,45676,91339,91340,91341,91342,91343,91346,91347,91348,91349,91350,1,-1,2,-2,1,3,1,-1,-3,-1,2,2,5,2,2,-2,-2,-5,-2,-2
0,1,15225,15228,45675,45676,45677,45680,45681,45682,91351,91352,91353,91354,91355,91358,91359,91360,91361,91362,1,-1,2,-2,1,3,1,-1,-3,-1,2,2,5,2,2,-2,-2,-5,-2,-2
0,1,15227,15230,45681,45682,45683,45686,45687,45688,91363,91364,91365,91366,91367,91370,91371,91372,91373,91374,1,-1,2,-2,1,3,1,-1,-3,-1,2,2,5,2,2,-2,-2,-5,-2,-2
0,1,15229,15232,45687,45688,45689,45692,45693,45694,91375,91376,91377,91378,91379,91382,91383,91384,91385,91386,1,-1,2,-2,1,3,1,-1,-3,-1,2,2,5,2,2,-2,-2,-5,-2,-2
0,1,15231,15234,45693,45694,45695,45698,45699,45700,91387,91388,91389,91390,91391,91394,91395,91396,91397,91398,1,-1,2,-2,1,3,1,-1,-3,-1,2,2,5,2,2,-2,-2,-5,-2,-2
0,1,15233,15236,45699,45700,45701,45704,45705,45706,91399,91400,91401,91402,91403,91406,91407,91408,91409,91410,1,-1,2,-2,1,3,1,-1,-3,-1,2,2,5,2,2,-2,-2,-5,-2,-2
0,1,15235,15238,45705,45706,45707,45710,45711,45712,91411,91412,91413,91414,91415,91418,91419,91420,91421,91422,1,-1,2,-2,1,3,1,-1,-3,-1,2,2,5,2,2,-2,-2,-5,-2,-2
0,1,15237,15240,45711,45712,45713,45716,45717,45718,91423,91424,91425,91426,91427,91430,91431,91432,91433,91434,1,-1,2,-2,1,3,1,-1,-3,-1,2,2,5,2,2,-2,-2,-5,-2,-2
0,1,15239,15242,45717,45718,45719,45722,45723,45724,91435,91436,91437,91438,91439,91442,91443,91444,91445,91446,1,-1,2,-2,1,3,1,-1,-3,-1,2,2,5,2,2,-2,-2,-5,-2,-2
0,1,15241,15244,45723,45724,45725,45728,45729,45730,91447,91448,91449,91450,91451,91454,91455,91456,91457,91458,1,-1,2,-2,1,3,1,-1,-3,-1,2,2,5,2,2,-2,-2,-5,-2,-2
0,1,15243,15246,45729,45730,45731,45734,45735,45736,91459,91460,91461,91462,91463,91466,91467,91468,91469,91470,1,-1,2,-2,1,3,1,-1,-3,-1,2,2,5,2,2,-2,-2,-5,-2,-2
0,1,15245,15248,45735,45736,45737,45740,45741,45742,91471,91472,91473,91474,91475,91478,91479,91480,91481,91482,1,-1,2,-2,1,3,1,-1,-3,-1,2,2,5,2,2,-2,-2,-5,-2,-2
0,1,15247,15250,45741,45742,45743,45746,45747,45748,91483,91484,91485,91486,91487,91490,91491,91492,91493,91494,1,-1,2,-2,1,3,1,-1,-3,-1,2,2,5,2,2,-2,-2,-5,-2,-2
0,1,15249,15252,45747,45748,45749,45752,45753,45754,91495,91496,91497,91498,91499,91502,91503,91504,91505,91506,1,-1,2,-2,1,3,1,-1,-3,-1,2,2,5,2,2,-2,-2,-5,-2,-2
0,1,15251,15254,45753,45754,45755,45758,45759,45760,91507,91508,91509,91510,91511,91514,91515,91516,91517,91518,1,-1,2,-2,1,3,1,-1,-3,-1,2,2,5,2,2,-2,-2,-5,-2,-2
0,1,15253,15256,45759,45760,45761,45764,45765,45766,91519,91520,91521,91522,91523,91526,91527,91528,91529,91530,1,-1,2,-2,1,3,1,-1,-3,-1,2,2,5,2,2,-2,-2,-5,-2,-2
0,1,15255,15258,45765,45766,45767,45770,45771,45772,91531,91532,91533,91534,91535,91538,91539,91540,91541,91542,1,-1,2,-2,1,3,1,-1,-3,-1,2,2,5,2,2,-2,-2,-5,-2,-2
0,1,15257,15260,45771,45772,45773,45776,45777,45778,91543,91544,91545,91546,91547,91550,91551,91552,91553,91554,1,-1,2,-2,1,3,1,-1,-3,-1,2,2,5,2,2,-2,-2,-5,-2,-2
0,1,15259,15262,45777,45778,45779,45782,45783,45784,91555,91556,91557,91558,91559,91562,91563,91564,91565,91566,1,-1,2,-2,1,3,1,-1,-3,-1,2,2,5,2,2,-2,-2,-5,-2,-2
0,1,15261,15264,45783,45784,45785,45788,45789,45790,91567,91568,91569,91570,91571,91574,91575,91576,91577,91578,1,-1,2,-2,1,3,1,-1,-3,-1,2,2,5,2,2,-2,-2,-5,-2,-2
0,1,15263,15266,45789,45790,45791,45794,45795,45796,91579,91580,91581,91582,91583,91586,91587,91588,91589,91590,1,-1,2,-2,1,3,1,-1,-3,-1,2,2,5,2,2,-2,-2,-5,-2,-2
0,1,15265,15268,45795,45796,45797,45800,45801,45802,91591,91592,91593,91594,91595,91598,91599,91600,91601,91602,1,-1,2,-2,1,3,1,-1,-3,-1,2,2,5,2,2,-2,-2,-5,-2,-2
0,1,15267,15270,45801,45802,45803,45806,45807,45808,91603,91604,91605,91606,91607,91610,91611,91612,91613,91614,1,-1,2,-2,1,3,1,-1,-3,-1,2,2,5,2,2,-2,-2,-5,-2,-2
0,1,15269,15272,45807,45808,45809,45812,45813,45814,91615,91616,91617,91618,91619,91622,91623,91624,91625,91626,1,-1,2,-2,1,3,1,-1,-3,-1,2,2,5,2,2,-2,-2,-5,-2,-2
0,1,15271,15274,45813,45814,45815,45818,45819,45820,91627,91628,91629,91630,91631,91634,91635,91636,91637,91638,1,-1,2,-2,1,3,1,-1,-3,-1,2,2,5,2,2,-2,-2,-5,-2,-2
0,1,15273,15276,45819,45820,45821,45824,45825,45826,91639,91640,91641,91642,91643,91646,91647,91648,91649,91650,1,-1,2,-2,1,3,1,-1,-3,-1,2,2,5,2,2,-2,-2,-5,-2,-2
0,1,15275,15278,45825,45826,45827,45830,45831,45832,91651,91652,91653,91654,91655,91658,91659,91660,91661,91662,1,-1,2,-2,1,3,1,-1,-3,-1,2,2,5,2,2,-2,-2,-5,-2,-2
0,1,15277,15280,45831,45832,45833,45836,45837,45838,91663,91664,91665,91666,91667,91670,91671,91672,91673,91674,1,-1,2,-2,1,3,1,-1,-3,-1,2,2,5,2,2,-2,-2,-5,-2,-2
0,1,15279,15282,45837,45838,45839,45842,45843,45844,91675,91676,91677,91678,91679,91682,91683,91684,91685,91686,1,-1,2,-2,1,3,1,-1,-3,-1,2,2,5,2,2,-2,-2,-5,-2,-2
0,1,15281,15284,45843,45844,45845,45848,45849,45850,91687,91688,91689,91690,91691,91694,91695,91696,91697,91698,1,-1,2,-2,1,3,1,-1,-3,-1,2,2,5,2,2,-2,-2,-5,-2,-2
0,1,15283,15286,45849,45850,45851,45854,45855,45856,91699,91700,91701,91702,91703,91706,91707,91708,91709,91710,1,-1,2,-2,1,3,1,-1,-3,-1,2,2,5,2,2,-2,-2,-5,-2,-2
0,1,15285,15288,45855,45856,45857,45860,45861,45862,91711,91712,91713,91714,91715,91718,91719,91720,91721,91722,1,-1,2,-2,1,3,1,-1,-3,-1,2,2,5,2,2,-2,-2,-5,-2,-2
0,1,15287,15290,45861,45862,45863,45866,45867,45868,91723,91724,91725,91726,91727,91730,91731,91732,91733,91734,1,-1,2,-2,1,3,1,-1,-3,-1,2,2,5,2,2,-2,-2,-5,-2,-2
0,1,15289,15292,45867,45868,45869,45872,45873,45874,91735,91736,91737,91738,91739,91742,91743,91744,91745,91746,1,-1,2,-2,1,3,1,-1,-3,-1,2,2,5,2,2,-2,-2,-5,-2,-2
0,1,15291,15294,45873,45874,45875,45878,45879,45880,91747,91748,91749,91750,91751,91754,91755,91756,91757,91758,1,-1,2,-2,1,3,1,-1,-3,-1,2,2,5,2,2,-2,-2,-5,-2,-2
0,1,15293,15296,45879,45880,45881,45884,45885,45886,91759,91760,91761,91762,91763,91766,91767,91768,91769,91770,1,-1,2,-2,1,3,1,-1,-3,-1,2,2,5,2,2,-2,-2,-5,-2,-2
0,1,15295,15298,45885,45886,45887,45890,45891,45892,91771,91772,91773,91774,91775,91778,91779,91780,91781,91782,1,-1,2,-2,1,3,1,-1,-3,-1,2,2,5,2,2,-2,-2,-5,-2,-2
0,1,15297,15300,45891,45892,45893,45896,45897,45898,91783,91784,91785,91786,91787,91790,91791,91792,91793,91794,1,-1,2,-2,1,3,1,-1,-3,-1,2,2,5,2,2,-2,-2,-5,-2,-2
0,1,15299,15302,45897,45898,45899,45902,45903,45904,91795,91796,91797,91798,91799,91802,91803,91804,91805,91806,1,-1,2,-2,1,3,1,-1,-3,-1,2,2,5,2,2,-2,-2,-5,-2,-2
0,1,15301,15304,45903,45904,45905,45908,45909,45910,91807,91808,91809,91810,91811,91814,91815,91816,91817,91818,1,-1,2,-2,1,3,1,-1,-3,-1,2,2,5,2,2,-2,-2,-5,-2,-2
0,1,15303,15306,45909,45910,45911,45914,45915,45916,91819,91820,91821,91822,91823,91826,91827,91828,91829,91830,1,-1,2,-2,1,3,1,-1,-3,-1,2,2,5,2,2,-2,-2,-5,-2,-2
0,1,15305,15308,45915,45916,45917,45920,45921,45922,91831,91832,91833,91834,91835,91838,91839,91840,91841,91842,1,-1,2,-2,1,3,1,-1,-3,-1,2,2,5,2,2,-2,-2,-5,-2,-2
0,1,15307,15310,45921,45922,45923,45926,45927,45928,91843,91844,91845,91846,91847,91850,91851,91852,91853,91854,1,-1,2,-2,1,3,1,-1,-3,-1,2,2,5,2,2,-2,-2,-5,-2,-2
0,1,15309,15312,45927,45928,45929,45932,45933,45934,91855,91856,91857,91858,91859,91862,91863,91864,91865,91866,1,-1,2,-2,1,3,1,-1,-3,-1,2,2,5,2,2,-2,-2,-5,-2,-2
0,1,15311,15314,45933,45934,45935,45938,45939,45940,91867,91868,91869,91870,91871,91874,91875,91876,91877,91878,1,-1,2,-2,1,3,1,-1,-3,-1,2,2,5,2,2,-2,-2,-5,-2,-2
0,1,15313,15316,45939,45940,45941,45944,45945,45946,91879,91880,91881,91882,91883,91886,91887,91888,91889,91890,1,-1,2,-2,1,3,1,-1,-3,-1,2,2,5,2,2,-2,-2,-5,-2,-2
0,1,15315,15318,45945,45946,45947,45950,45951,45952,91891,91892,91893,91894,91895,91898,91899,91900,91901,91902,1,-1,2,-2,1,3,1,-1,-3,-1,2,2,5,2,2,-2,-2,-5,-2,-2
0,1,15317,15320,45951,45952,45953,45956,45957,45958,91903,91904,91905,91906,91907,91910,91911,91912,91913,91914,1,-1,2,-2,1,3,1,-1,-3,-1,2,2,5,2,2,-2,-2,-5,-2,-2
0,1,15319,15322,45957,45958,45959,45962,45963,45964,91915,91916,91917,91918,91919,91922,91923,91924,91925,91926,1,-1,2,-2,1,3,1,-1,-3,-1,2,2,5,2,2,-2,-2,-5,-2,-2
0,1,15321,15324,45963,45964,45965,45968,45969,45970,91927,91928,91929,91930,91931,91934,91935,91936,91937,91938,1,-1,2,-2,1,3,1,-1,-3,-1,2,2,5,2,2,-2,-2,-5,-2,-2
0,1,15323,15326,45969,45970,45971,45974,45975,45976,91939,91940,91941,91942,91943,91946,91947,91948,91949,91950,1,-1,2,-2,1,3,1,-1,-3,-1,2,2,5,2,2,-2,-2,-5,-2,-2
0,1,15325,15328,45975,45976,45977,45980,45981,45982,91951,91952,91953,91954,91955,91958,91959,91960,91961,91962,1,-1,2,-2,1,3,1,-1,-3,-1,2,2,5,2,2,-2,-2,-5,-2,-2
0,1,15327,15330,45981,45982,45983,45986,45987,45988,91963,91964,91965,91966,91967,91970,91971,91972,91973,91974,1,-1,2,-2,1,3,1,-1,-3,-1,2,2,5,2,2,-2,-2,-5,-2,-2
0,1,15329,15332,45987,45988,45989,45992,45993,45994,91975,91976,91977,91978,91979,91982,91983,91984,91985,91986,1,-1,2,-2,1,3,1,-1,-3,-1,2,2,5,2,2,-2,-2,-5,-2,-2
0,1,15331,15334,45993,45994,45995,45998,45999,46000,91987,91988,91989,91990,91991,91994,91995,91996,91997,91998,1,-1,2,-2,1,3,1,-1,-3,-1,2,2,5,2,2,-2,-2,-5,-2,-2
0,1,15333,15336,45999,46000,46001,46004,46005,46006,91999,92000,92001,92002,92003,92006,92007,92008,92009,92010,1,-1,2,-2,1,3,1,-1,-3,-1,2,2,5,2,2,-2,-2,-5,-2,-2
0,1,15335,15338,46005,46006,46007,46010,46011,46012,92011,92012,92013,92014,92015,92018,92019,92020,92021,92022,1,-1,2,-2,1,3,1,-1,-3,-1,2,2,5,2,2,-2,-2,-5,-2,-2
0,1,15337,15340,46011,46012,46013,46016,46017,46018,92023,92024,92025,92026,92027,92030,92031,92032,92033,92034,1,-1,2,-2,1,3,1,-1,-3,-1,2,2,5,2,2,-2,-2,-5,-2,-2
0,1,15339,15342,46017,46018,46019,46022,46023,46024,92035,92036,92037,92038,92039,92042,92043,92044,92045,92046,1,-1,2,-2,1,3,1,-1,-3,-1,2,2,5,2,2,-2,-2,-5,-2,-2
0,1,15341,15344,46023,46024,46025,46028,46029,46030,92047,92048,92049,92050,92051,92054,92055,92056,92057,92058,1,-1,2,-2,1,3,1,-1,-3,-1,2,2,5,2,2,-2,-2,-5,-2,-2
0,1,15343,15346,46029,46030,46031,46034,46035,46036,92059,92060,92061,92062,92063,92066,92067,92068,92069,92070,1,-1,2,-2,1,3,1,-1,-3,-1,2,2,5,2,2,-2,-2,-5,-2,-2
0,1,15345,15348,46035,46036,46037,46040,46041,46042,92071,92072,92073,92074,92075,92078,92079,92080,92081,92082,1,-1,2,-2,1,3,1,-1,-3,-1,2,2,5,2,2,-2,-2,-5,-2,-2
0,1,15347,15350,46041,46042,46043,46046,46047,46048,92083,92084,92085,92086,92087,92090,92091,92092,92093,92094,1,-1,2,-2,1,3,1,-1,-3,-1,2,2,5,2,2,-2,-2,-5,-2,-2
0,1,15349,15352,46047,46048,46049,46052,46053,46054,92095,92096,92097,92098,92099,92102,92103,92104,92105,92106,1,-1,2,-2,1,3,1,-1,-3,-1,2,2,5,2,2,-2,-2,-5,-2,-2
0,1,15351,15354,46053,46054,46055,46058,46059,46060,92107,92108,92109,92110,92111,92114,92115,92116,92117,92118,1,-1,2,-2,1,3,1,-1,-3,-1,2,2,5,2,2,-2,-2,-5,-2,-2
0,1,15353,15356,46059,46060,46061,46064,46065,46066,92119,92120,92121,92122,92123,92126,92127,92128,92129,92130,1,-1,2,-2,1,3,1,-1,-3,-1,2,2,5,2,2,-2,-2,-5,-2,-2
0,1,15355,15358,46065,46066,46067,46070,46071,46072,92131,92132,92133,92134,92135,92138,92139,92140,92141,92142,1,-1,2,-2,1,3,1,-1,-3,-1,2,2,5,2,2,-2,-2,-5,-2,-2
0,1,15357,15360,46071,46072,46073,46076,46077,46078,92143,92144,92145,92146,92147,92150,92151,92152,92153,92154,1,-1,2,-2,1,3,1,-1,-3,-1,2,2,5,2,2,-2,-2,-5,-2,-2
0,1,15359,15362,46077,46078,46079,46082,46083,46084,92155,92156,92157,92158,92159,92162,92163,92164,92165,92166,1,-1,2,-2,1,3,1,-1,-3,-1,2,2,5,2,2,-2,-2,-5,-2,-2
0,1,15361,15364,46083,46084,46085,46088,46089,46090,92167,92168,92169,92170,92171,92174,92175,92176,92177,92178,1,-1,2,-2,1,3,1,-1,-3,-1,2,2,5,2,2,-2,-2,-5,-2,-2
0,1,15363,15366,46089,46090,46091,46094,46095,46096,92179,92180,92181,92182,92183,92186,92187,92188,92189,92190,1,-1,2,-2,1,3,1,-1,-3,-1,2,2,5,2,2,-2,-2,-5,-2,-2
0,1,15365,15368,46095,46096,46097,46100,46101,46102,92191,92192,92193,92194,92195,92198,92199,92200,92201,92202,1,-1,2,-2,1,3,1,-1,-3,-1,2,2,5,2,2,-2,-2,-5,-2,-2
0,1,15367,15370,46101,46102,46103,46106,46107,46108,92203,92204,92205,92206,92207,92210,92211,92212,92213,92214,1,-1,2,-2,1,3,1,-1,-3,-1,2,2,5,2,2,-2,-2,-5,-2,-2
0,1,15369,15372,46107,46108,46109,46112,46113,46114,92215,92216,92217,92218,92219,92222,92223,92224,92225,92226,1,-1,2,-2,1,3,1,-1,-3,-1,2,2,5,2,2,-2,-2,-5,-2,-2
0,1,15371,15374,46113,46114,46115,46118,46119,46120,92227,92228,92229,92230,92231,92234,92235,92236,92237,92238,1,-1,2,-2,1,3,1,-1,-3,-1,2,2,5,2,2,-2,-2,-5,-2,-2
0,1,15373,15376,46119,46120,46121,46124,46125,46126,92239,92240,92241,92242,92243,92246,92247,92248,92249,92250,1,-1,2,-2,1,3,1,-1,-3,-1,2,2,5,2,2,-2,-2,-5,-2,-2
0,1,15375,15378,46125,46126,46127,46130,46131,46132,92251,92252,92253,92254,92255,92258,92259,92260,92261,92262,1,-1,2,-2,1,3,1,-1,-3,-1,2,2,5,2,2,-2,-2,-5,-2,-2
0,1,15377,15380,46131,46132,46133,46136,46137,46138,92263,92264,92265,92266,92267,92270,92271,92272,92273,92274,1,-1,2,-2,1,3,1,-1,-3,-1,2,2,5,2,2,-2,-2,-5,-2,-2
0,1,15379,15382,46137,46138,46139,46142,46143,46144,92275,92276,92277,92278,92279,92282,92283,92284,92285,92286,1,-1,2,-2,1,3,1,-1,-3,-1,2,2,5,2,2,-2,-2,-5,-2,-2
0,1,15381,15384,46143,46144,46145,46148,46149,46150,92287,92288,92289,92290,92291,92294,92295,92296,92297,92298,1,-1,2,-2,1,3,1,-1,-3,-1,2,2,5,2,2,-2,-2,-5,-2,-2
0,1,15383,15386,46149,46150,46151,46154,46155,46156,92299,92300,92301,92302,92303,92306,92307,92308,92309,92310,1,-1,2,-2,1,3,1,-1,-3,-1,2,2,5,2,2,-2,-2,-5,-2,-2
0,1,15385,15388,46155,46156,46157,46160,46161,46162,92311,92312,92313,92314,92315,92318,92319,92320,92321,92322,1,-1,2,-2,1,3,1,-1,-3,-1,2,2,5,2,2,-2,-2,-5,-2,-2
0,1,15387,15390,46161,46162,46163,46166,46167,46168,92323,92324,92325,92326,92327,92330,92331,92332,92333,92334,1,-1,2,-2,1,3,1,-1,-3,-1,2,2,5,2,2,-2,-2,-5,-2,-2
0,1,15389,15392,46167,46168,46169,46172,46173,46174,92335,92336,92337,92338,92339,92342,92343,92344,92345,92346,1,-1,2,-2,1,3,1,-1,-3,-1,2,2,5,2,2,-2,-2,-5,-2,-2
0,1,15391,15394,46173,46174,46175,46178,46179,46180,92347,92348,92349,92350,92351,92354,92355,92356,92357,92358,1,-1,2,-2,1,3,1,-1,-3,-1,2,2,5,2,2,-2,-2,-5,-2,-2
0,1,15393,15396,46179,46180,46181,46184,46185,46186,92359,92360,92361,92362,92363,92366,92367,92368,92369,92370,1,-1,2,-2,1,3,1,-1,-3,-1,2,2,5,2,2,-2,-2,-5,-2,-2
0,1,15395,15398,46185,46186,46187,46190,46191,46192,92371,92372,92373,92374,92375,92378,92379,92380,92381,92382,1,-1,2,-2,1,3,1,-1,-3,-1,2,2,5,2,2,-2,-2,-5,-2,-2
0,1,15397,15400,46191,46192,46193,46196,46197,46198,92383,92384,92385,92386,92387,92390,92391,92392,92393,92394,1,-1,2,-2,1,3,1,-1,-3,-1,2,2,5,2,2,-2,-2,-5,-2,-2
0,1,15399,15402,46197,46198,46199,46202,46203,46204,92395,92396,92397,92398,92399,92402,92403,92404,92405,92406,1,-1,2,-2,1,3,1,-1,-3,-1,2,2,5,2,2,-2,-2,-5,-2,-2
0,1,15401,15404,46203,46204,46205,46208,46209,46210,92407,92408,92409,92410,92411,92414,92415,92416,92417,92418,1,-1,2,-2,1,3,1,-1,-3,-1,2,2,5,2,2,-2,-2,-5,-2,-2
0,1,15403,15406,46209,46210,46211,46214,46215,46216,92419,92420,92421,92422,92423,92426,92427,92428,92429,92430,1,-1,2,-2,1,3,1,-1,-3,-1,2,2,5,2,2,-2,-2,-5,-2,-2
0,1,15405,15408,46215,46216,46217,46220,46221,46222,92431,92432,92433,92434,92435,92438,92439,92440,92441,92442,1,-1,2,-2,1,3,1,-1,-3,-1,2,2,5,2,2,-2,-2,-5,-2,-2
0,1,15407,15410,46221,46222,46223,46226,46227,46228,92443,92444,92445,92446,92447,92450,92451,92452,92453,92454,1,-1,2,-2,1,3,1,-1,-3,-1,2,2,5,2,2,-2,-2,-5,-2,-2
0,1,15409,15412,46227,46228,46229,46232,46233,46234,92455,92456,92457,92458,92459,92462,92463,92464,92465,92466,1,-1,2,-2,1,3,1,-1,-3,-1,2,2,5,2,2,-2,-2,-5,-2,-2
0,1,15411,15414,46233,46234,46235,46238,46239,46240,92467,92468,92469,92470,92471,92474,92475,92476,92477,92478,1,-1,2,-2,1,3,1,-1,-3,-1,2,2,5,2,2,-2,-2,-5,-2,-2
0,1,15413,15416,46239,46240,46241,46244,46245,46246,92479,92480,92481,92482,92483,92486,92487,92488,92489,92490,1,-1,2,-2,1,3,1,-1,-3,-1,2,2,5,2,2,-2,-2,-5,-2,-2
0,1,15415,15418,46245,46246,46247,46250,46251,46252,92491,92492,92493,92494,92495,92498,92499,92500,92501,92502,1,-1,2,-2,1,3,1,-1,-3,-1,2,2,5,2,2,-2,-2,-5,-2,-2
0,1,15417,15420,46251,46252,46253,46256,46257,46258,92503,92504,92505,92506,92507,92510,92511,92512,92513,92514,1,-1,2,-2,1,3,1,-1,-3,-1,2,2,5,2,2,-2,-2,-5,-2,-2
0,1,15419,15422,46257,46258,46259,46262,46263,46264,92515,92516,92517,92518,92519,92522,92523,92524,92525,92526,1,-1,2,-2,1,3,1,-1,-3,-1,2,2,5,2,2,-2,-2,-5,-2,-2
0,1,15421,15424,46263,46264,46265,46268,46269,46270,92527,92528,92529,92530,92531,92534,92535,92536,92537,92538,1,-1,2,-2,1,3,1,-1,-3,-1,2,2,5,2,2,-2,-2,-5,-2,-2
0,1,15423,15426,46269,46270,46271,46274,46275,46276,92539,92540,92541,92542,92543,92546,92547,92548,92549,92550,1,-1,2,-2,1,3,1,-1,-3,-1,2,2,5,2,2,-2,-2,-5,-2,-2
0,1,15425,15428,46275,46276,46277,46280,46281,46282,92551,92552,92553,92554,92555,92558,92559,92560,92561,92562,1,-1,2,-2,1,3,1,-1,-3,-1,2,2,5,2,2,-2,-2,-5,-2,-2
0,1,15427,15430,46281,46282,46283,46286,46287,46288,92563,92564,92565,92566,92567,92570,92571,92572,92573,92574,1,-1,2,-2,1,3,1,-1,-3,-1,2,2,5,2,2,-2,-2,-5,-2,-2
0,1,15429,15432,46287,46288,46289,46292,46293,46294,92575,92576,92577,92578,92579,92582,92583,92584,92585,92586,1,-1,2,-2,1,3,1,-1,-3,-1,2,2,5,2,2,-2,-2,-5,-2,-2
0,1,15431,15434,46293,46294,46295,46298,46299,46300,92587,92588,92589,92590,92591,92594,92595,92596,92597,92598,1,-1,2,-2,1,3,1,-1,-3,-1,2,2,5,2,2,-2,-2,-5,-2,-2
0,1,15433,15436,46299,46300,46301,46304,46305,46306,92599,92600,92601,92602,92603,92606,92607,92608,92609,92610,1,-1,2,-2,1,3,1,-1,-3,-1,2,2,5,2,2,-2,-2,-5,-2,-2
0,1,15435,15438,46305,46306,46307,46310,46311,46312,92611,92612,92613,92614,92615,92618,92619,92620,92621,92622,1,-1,2,-2,1,3,1,-1,-3,-1,2,2,5,2,2,-2,-2,-5,-2,-2
0,1,15437,15440,46311,46312,46313,46316,46317,46318,92623,92624,92625,92626,92627,92630,92631,92632,92633,92634,1,-1,2,-2,1,3,1,-1,-3,-1,2,2,5,2,2,-2,-2,-5,-2,-2
0,1,15439,15442,46317,46318,46319,46322,46323,46324,92635,92636,92637,92638,92639,92642,92643,92644,92645,92646,1,-1,2,-2,1,3,1,-1,-3,-1,2,2,5,2,2,-2,-2,-5,-2,-2
0,1,15441,15444,46323,46324,46325,46328,46329,46330,92647,92648,92649,92650,92651,92654,92655,92656,92657,92658,1,-1,2,-2,1,3,1,-1,-3,-1,2,2,5,2,2,-2,-2,-5,-2,-2
0,1,15443,15446,46329,46330,46331,46334,46335,46336,92659,92660,92661,92662,92663,92666,92667,92668,92669,92670,1,-1,2,-2,1,3,1,-1,-3,-1,2,2,5,2,2,-2,-2,-5,-2,-2
0,1,15445,15448,46335,46336,46337,46340,46341,46342,92671,92672,92673,92674,92675,92678,92679,92680,92681,92682,1,-1,2,-2,1,3,1,-1,-3,-1,2,2,5,2,2,-2,-2,-5,-2,-2
0,1,15447,15450,46341,46342,46343,46346,46347,46348,92683,92684,92685,92686,92687,92690,92691,92692,92693,92694,1,-1,2,-2,1,3,1,-1,-3,-1,2,2,5,2,2,-2,-2,-5,-2,-2
0,1,15449,15452,46347,46348,46349,46352,46353,46354,92695,92696,92697,92698,92699,92702,92703,92704,92705,92706,1,-1,2,-2,1,3,1,-1,-3,-1,2,2,5,2,2,-2,-2,-5,-2,-2
0,1,15451,15454,46353,46354,46355,46358,46359,46360,92707,92708,92709,92710,92711,92714,92715,92716,92717,92718,1,-1,2,-2,1,3,1,-1,-3,-1,2,2,5,2,2,-2,-2,-5,-2,-2
0,1,15453,15456,46359,46360,46361,46364,46365,46366,92719,92720,92721,92722,92723,92726,92727,92728,92729,92730,1,-1,2,-2,1,3,1,-1,-3,-1,2,2,5,2,2,-2,-2,-5,-2,-2
0,1,15455,15458,46365,46366,46367,46370,46371,46372,92731,92732,92733,92734,92735,92738,92739,92740,92741,92742,1,-1,2,-2,1,3,1,-1,-3,-1,2,2,5,2,2,-2,-2,-5,-2,-2
0,1,15457,15460,46371,46372,46373,46376,46377,46378,92743,92744,92745,92746,92747,92750,92751,92752,92753,92754,1,-1,2,-2,1,3,1,-1,-3,-1,2,2,5,2,2,-2,-2,-5,-2,-2
0,1,15459,15462,46377,46378,46379,46382,46383,46384,92755,92756,92757,92758,92759,92762,92763,92764,92765,92766,1,-1,2,-2,1,3,1,-1,-3,-1,2,2,5,2,2,-2,-2,-5,-2,-2
0,1,15461,15464,46383,46384,46385,46388,46389,46390,92767,92768,92769,92770,92771,92774,92775,92776,92777,92778,1,-1,2,-2,1,3,1,-1,-3,-1,2,2,5,2,2,-2,-2,-5,-2,-2
0,1,15463,15466,46389,46390,46391,46394,46395,46396,92779,92780,92781,92782,92783,92786,92787,92788,92789,92790,1,-1,2,-2,1,3,1,-1,-3,-1,2,2,5,2,2,-2,-2,-5,-2,-2
0,1,15465,15468,46395,46396,46397,46400,46401,46402,92791,92792,92793,92794,92795,92798,92799,92800,92801,92802,1,-1,2,-2,1,3,1,-1,-3,-1,2,2,5,2,2,-2,-2,-5,-2,-2
0,1,15467,15470,46401,46402,46403,46406,46407,46408,92803,92804,92805,92806,92807,92810,92811,92812,92813,92814,1,-1,2,-2,1,3,1,-1,-3,-1,2,2,5,2,2,-2,-2,-5,-2,-2
0,1,15469,15472,46407,46408,46409,46412,46413,46414,92815,92816,92817,92818,92819,92822,92823,92824,92825,92826,1,-1,2,-2,1,3,1,-1,-3,-1,2,2,5,2,2,-2,-2,-5,-2,-2
0,1,15471,15474,46413,46414,46415,46418,46419,46420,92827,92828,92829,92830,92831,92834,92835,92836,92837,92838,1,-1,2,-2,1,3,1,-1,-3,-1,2,2,5,2,2,-2,-2,-5,-2,-2
0,1,15473,15476,46419,46420,46421,46424,46425,46426,92839,92840,92841,92842,92843,92846,92847,92848,92849,92850,1,-1,2,-2,1,3,1,-1,-3,-1,2,2,5,2,2,-2,-2,-5,-2,-2
0,1,15475,15478,46425,46426,46427,46430,46431,46432,92851,92852,92853,92854,92855,92858,92859,92860,92861,92862,1,-1,2,-2,1,3,1,-1,-3,-1,2,2,5,2,2,-2,-2,-5,-2,-2
0,1,15477,15480,46431,46432,46433,46436,46437,46438,92863,92864,92865,92866,92867,92870,92871,92872,92873,92874,1,-1,2,-2,1,3,1,-1,-3,-1,2,2,5,2,2,-2,-2,-5,-2,-2
0,1,15479,15482,46437,46438,46439,46442,46443,46444,92875,92876,92877,92878,92879,92882,92883,92884,92885,92886,1,-1,2,-2,1,3,1,-1,-3,-1,2,2,5,2,2,-2,-2,-5,-2,-2
0,1,15481,15484,46443,46444,46445,46448,46449,46450,92887,92888,92889,92890,92891,92894,92895,92896,92897,92898,1,-1,2,-2,1,3,1,-1,-3,-1,2,2,5,2,2,-2,-2,-5,-2,-2
0,1,15483,15486,46449,46450,46451,46454,46455,46456,92899,92900,92901,92902,92903,92906,92907,92908,92909,92910,1,-1,2,-2,1,3,1,-1,-3,-1,2,2,5,2,2,-2,-2,-5,-2,-2
0,1,15485,15488,46455,46456,46457,46460,46461,46462,92911,92912,92913,92914,92915,92918,92919,92920,92921,92922,1,-1,2,-2,1,3,1,-1,-3,-1,2,2,5,2,2,-2,-2,-5,-2,-2
0,1,15487,15490,46461,46462,46463,46466,46467,46468,92923,92924,92925,92926,92927,92930,92931,92932,92933,92934,1,-1,2,-2,1,3,1,-1,-3,-1,2,2,5,2,2,-2,-2,-5,-2,-2
0,1,15489,15492,46467,46468,46469,46472,46473,46474,92935,92936,92937,92938,92939,92942,92943,92944,92945,92946,1,-1,2,-2,1,3,1,-1,-3,-1,2,2,5,2,2,-2,-2,-5,-2,-2
0,1,15491,15494,46473,46474,46475,46478,46479,46480,92947,92948,92949,92950,92951,92954,92955,92956,92957,92958,1,-1,2,-2,1,3,1,-1,-3,-1,2,2,5,2,2,-2,-2,-5,-2,-2
0,1,15493,15496,46479,46480,46481,46484,46485,46486,92959,92960,92961,92962,92963,92966,92967,92968,92969,92970,1,-1,2,-2,1,3,1,-1,-3,-1,2,2,5,2,2,-2,-2,-5,-2,-2
0,1,15495,15498,46485,46486,46487,46490,46491,46492,92971,92972,92973,92974,92975,92978,92979,92980,92981,92982,1,-1,2,-2,1,3,1,-1,-3,-1,2,2,5,2,2,-2,-2,-5,-2,-2
0,1,15497,15500,46491,46492,46493,46496,46497,46498,92983,92984,92985,92986,92987,92990,92991,92992,92993,92994,1,-1,2,-2,1,3,1,-1,-3,-1,2,2,5,2,2,-2,-2,-5,-2,-2
0,1,15499,15502,46497,46498,46499,46502,46503,46504,92995,92996,92997,92998,92999,93002,93003,93004,93005,93006,1,-1,2,-2,1,3,1,-1,-3,-1,2,2,5,2,2,-2,-2,-5,-2,-2
0,1,15501,15504,46503,46504,46505,46508,46509,46510,93007,93008,93009,93010,93011,93014,93015,93016,93017,93018,1,-1,2,-2,1,3,1,-1,-3,-1,2,2,5,2,2,-2,-2,-5,-2,-2
0,1,15503,15506,46509,46510,46511,46514,46515,46516,93019,93020,93021,93022,93023,93026,93027,93028,93029,93030,1,-1,2,-2,1,3,1,-1,-3,-1,2,2,5,2,2,-2,-2,-5,-2,-2
0,1,15505,15508,46515,46516,46517,46520,46521,46522,93031,93032,93033,93034,93035,93038,93039,93040,93041,93042,1,-1,2,-2,1,3,1,-1,-3,-1,2,2,5,2,2,-2,-2,-5,-2,-2
0,1,15507,15510,46521,46522,46523,46526,46527,46528,93043,93044,93045,93046,93047,93050,93051,93052,93053,93054,1,-1,2,-2,1,3,1,-1,-3,-1,2,2,5,2,2,-2,-2,-5,-2,-2
0,1,15509,15512,46527,46528,46529,46532,46533,46534,93055,93056,93057,93058,93059,93062,93063,93064,93065,93066,1,-1,2,-2,1,3,1,-1,-3,-1,2,2,5,2,2,-2,-2,-5,-2,-2
0,1,15511,15514,46533,46534,46535,46538,46539,46540,93067,93068,93069,93070,93071,93074,93075,93076,93077,93078,1,-1,2,-2,1,3,1,-1,-3,-1,2,2,5,2,2,-2,-2,-5,-2,-2
0,1,15513,15516,46539,46540,46541,46544,46545,46546,93079,93080,93081,93082,93083,93086,93087,93088,93089,93090,1,-1,2,-2,1,3,1,-1,-3,-1,2,2,5,2,2,-2,-2,-5,-2,-2
0,1,15515,15518,46545,46546,46547,46550,46551,46552,93091,93092,93093,93094,93095,93098,93099,93100,93101,93102,1,-1,2,-2,1,3,1,-1,-3,-1,2,2,5,2,2,-2,-2,-5,-2,-2
0,1,15517,15520,46551,46552,46553,46556,46557,46558,93103,93104,93105,93106,93107,93110,93111,93112,93113,93114,1,-1,2,-2,1,3,1,-1,-3,-1,2,2,5,2,2,-2,-2,-5,-2,-2
0,1,15519,15522,46557,46558,46559,46562,46563,46564,93115,93116,93117,93118,93119,93122,93123,93124,93125,93126,1,-1,2,-2,1,3,1,-1,-3,-1,2,2,5,2,2,-2,-2,-5,-2,-2
0,1,15521,15524,46563,46564,46565,46568,46569,46570,93127,93128,93129,93130,93131,93134,93135,93136,93137,93138,1,-1,2,-2,1,3,1,-1,-3,-1,2,2,5,2,2,-2,-2,-5,-2,-2
0,1,15523,15526,46569,46570,46571,46574,46575,46576,93139,93140,93141,93142,93143,93146,93147,93148,93149,93150,1,-1,2,-2,1,3,1,-1,-3,-1,2,2,5,2,2,-2,-2,-5,-2,-2
0,1,15525,15528,46575,46576,46577,46580,46581,46582,93151,93152,93153,93154,93155,93158,93159,93160,93161,93162,1,-1,2,-2,1,3,1,-1,-3,-1,2,2,5,2,2,-2,-2,-5,-2,-2
0,1,15527,15530,46581,46582,46583,46586,46587,46588,93163,93164,93165,93166,93167,93170,93171,93172,93173,93174,1,-1,2,-2,1,3,1,-1,-3,-1,2,2,5,2,2,-2,-2,-5,-2,-2
0,1,15529,15532,46587,46588,46589,46592,46593,46594,93175,93176,93177,93178,93179,93182,93183,93184,93185,93186,1,-1,2,-2,1,3,1,-1,-3,-1,2,2,5,2,2,-2,-2,-5,-2,-2
0,1,15531,15534,46593,46594,46595,46598,46599,46600,93187,93188,93189,93190,93191,93194,93195,93196,93197,93198,1,-1,2,-2,1,3,1,-1,-3,-1,2,2,5,2,2,-2,-2,-5,-2,-2
0,1,15533,15536,46599,46600,46601,46604,46605,46606,93199,93200,93201,93202,93203,93206,93207,93208,93209,93210,1,-1,2,-2,1,3,1,-1,-3,-1,2,2,5,2,2,-2,-2,-5,-2,-2
0,1,15535,15538,46605,46606,46607,46610,46611,46612,93211,93212,93213,93214,93215,93218,93219,93220,93221,93222,1,-1,2,-2,1,3,1,-1,-3,-1,2,2,5,2,2,-2,-2,-5,-2,-2
0,1,15537,15540,46611,46612,46613,46616,46617,46618,93223,93224,93225,93226,93227,93230,93231,93232,93233,93234,1,-1,2,-2,1,3,1,-1,-3,-1,2,2,5,2,2,-2,-2,-5,-2,-2
0,1,15539,15542,46617,46618,46619,46622,46623,46624,93235,93236,93237,93238,93239,93242,93243,93244,93245,93246,1,-1,2,-2,1,3,1,-1,-3,-1,2,2,5,2,2,-2,-2,-5,-2,-2
0,1,15541,15544,46623,46624,46625,46628,46629,46630,93247,93248,93249,93250,93251,93254,93255,93256,93257,93258,1,-1,2,-2,1,3,1,-1,-3,-1,2,2,5,2,2,-2,-2,-5,-2,-2
0,1,15543,15546,46629,46630,46631,46634,46635,46636,93259,93260,93261,93262,93263,93266,93267,93268,93269,93270,1,-1,2,-2,1,3,1,-1,-3,-1,2,2,5,2,2,-2,-2,-5,-2,-2
0,1,15545,15548,46635,46636,46637,46640,46641,46642,93271,93272,93273,93274,93275,93278,93279,93280,93281,93282,1,-1,2,-2,1,3,1,-1,-3,-1,2,2,5,2,2,-2,-2,-5,-2,-2
0,1,15547,15550,46641,46642,46643,46646,46647,46648,93283,93284,93285,93286,93287,93290,93291,93292,93293,93294,1,-1,2,-2,1,3,1,-1,-3,-1,2,2,5,2,2,-2,-2,-5,-2,-2
0,1,15549,15552,46647,46648,46649,46652,46653,46654,93295,93296,93297,93298,93299,93302,93303,93304,93305,93306,1,-1,2,-2,1,3,1,-1,-3,-1,2,2,5,2,2,-2,-2,-5,-2,-2
0,1,15551,15554,46653,46654,46655,46658,46659,46660,93307,93308,93309,93310,93311,93314,93315,93316,93317,93318,1,-1,2,-2,1,3,1,-1,-3,-1,2,2,5,2,2,-2,-2,-5,-2,-2
0,1,15553,15556,46659,46660,46661,46664,46665,46666,93319,93320,93321,93322,93323,93326,93327,93328,93329,93330,1,-1,2,-2,1,3,1,-1,-3,-1,2,2,5,2,2,-2,-2,-5,-2,-2
0,1,15555,15558,46665,46666,46667,46670,46671,46672,93331,93332,93333,93334,93335,93338,93339,93340,93341,93342,1,-1,2,-2,1,3,1,-1,-3,-1,2,2,5,2,2,-2,-2,-5,-2,-2
0,1,15557,15560,46671,46672,46673,46676,46677,46678,93343,93344,93345,93346,93347,93350,93351,93352,93353,93354,1,-1,2,-2,1,3,1,-1,-3,-1,2,2,5,2,2,-2,-2,-5,-2,-2
0,1,15559,15562,46677,46678,46679,46682,46683,46684,93355,93356,93357,93358,93359,93362,93363,93364,93365,93366,1,-1,2,-2,1,3,1,-1,-3,-1,2,2,5,2,2,-2,-2,-5,-2,-2
0,1,15561,15564,46683,46684,46685,46688,46689,46690,93367,93368,93369,93370,93371,93374,93375,93376,93377,93378,1,-1,2,-2,1,3,1,-1,-3,-1,2,2,5,2,2,-2,-2,-5,-2,-2
0,1,15563,15566,46689,46690,46691,46694,46695,46696,93379,93380,93381,93382,93383,93386,93387,93388,93389,93390,1,-1,2,-2,1,3,1,-1,-3,-1,2,2,5,2,2,-2,-2,-5,-2,-2
0,1,15565,15568,46695,46696,46697,46700,46701,46702,93391,93392,93393,93394,93395,93398,93399,93400,93401,93402,1,-1,2,-2,1,3,1,-1,-3,-1,2,2,5,2,2,-2,-2,-5,-2,-2
0,1,15567,15570,46701,46702,46703,46706,46707,46708,93403,93404,93405,93406,93407,93410,93411,93412,93413,93414,1,-1,2,-2,1,3,1,-1,-3,-1,2,2,5,2,2,-2,-2,-5,-2,-2
0,1,15569,15572,46707,46708,46709,46712,46713,46714,93415,93416,93417,93418,93419,93422,93423,93424,93425,93426,1,-1,2,-2,1,3,1,-1,-3,-1,2,2,5,2,2,-2,-2,-5,-2,-2
0,1,15571,15574,46713,46714,46715,46718,46719,46720,93427,93428,93429,93430,93431,93434,93435,93436,93437,93438,1,-1,2,-2,1,3,1,-1,-3,-1,2,2,5,2,2,-2,-2,-5,-2,-2
0,1,15573,15576,46719,46720,46721,46724,46725,46726,93439,93440,93441,93442,93443,93446,93447,93448,93449,93450,1,-1,2,-2,1,3,1,-1,-3,-1,2,2,5,2,2,-2,-2,-5,-2,-2
0,1,15575,15578,46725,46726,46727,46730,46731,46732,93451,93452,93453,93454,93455,93458,93459,93460,93461,93462,1,-1,2,-2,1,3,1,-1,-3,-1,2,2,5,2,2,-2,-2,-5,-2,-2
0,1,15577,15580,46731,46732,46733,46736,46737,46738,93463,93464,93465,93466,93467,93470,93471,93472,93473,93474,1,-1,2,-2,1,3,1,-1,-3,-1,2,2,5,2,2,-2,-2,-5,-2,-2
0,1,15579,15582,46737,46738,46739,46742,46743,46744,93475,93476,93477,93478,93479,93482,93483,93484,93485,93486,1,-1,2,-2,1,3,1,-1,-3,-1,2,2,5,2,2,-2,-2,-5,-2,-2
0,1,15581,15584,46743,46744,46745,46748,46749,46750,93487,93488,93489,93490,93491,93494,93495,93496,93497,93498,1,-1,2,-2,1,3,1,-1,-3,-1,2,2,5,2,2,-2,-2,-5,-2,-2
0,1,15583,15586,46749,46750,46751,46754,46755,46756,93499,93500,93501,93502,93503,93506,93507,93508,93509,93510,1,-1,2,-2,1,3,1,-1,-3,-1,2,2,5,2,2,-2,-2,-5,-2,-2
0,1,15585,15588,46755,46756,46757,46760,46761,46762,93511,93512,93513,93514,93515,93518,93519,93520,93521,93522,1,-1,2,-2,1,3,1,-1,-3,-1,2,2,5,2,2,-2,-2,-5,-2,-2
0,1,15587,15590,46761,46762,46763,46766,46767,46768,93523,93524,93525,93526,93527,93530,93531,93532,93533,93534,1,-1,2,-2,1,3,1,-1,-3,-1,2,2,5,2,2,-2,-2,-5,-2,-2
0,1,15589,15592,46767,46768,46769,46772,46773,46774,93535,93536,93537,93538,93539,93542,93543,93544,93545,93546,1,-1,2,-2,1,3,1,-1,-3,-1,2,2,5,2,2,-2,-2,-5,-2,-2
0,1,15591,15594,46773,46774,46775,46778,46779,46780,93547,93548,93549,93550,93551,93554,93555,93556,93557,93558,1,-1,2,-2,1,3,1,-1,-3,-1,2,2,5,2,2,-2,-2,-5,-2,-2
0,1,15593,15596,46779,46780,46781,46784,46785,46786,93559,93560,93561,93562,93563,93566,93567,93568,93569,93570,1,-1,2,-2,1,3,1,-1,-3,-1,2,2,5,2,2,-2,-2,-5,-2,-2
0,1,15595,15598,46785,46786,46787,46790,46791,46792,93571,93572,93573,93574,93575,93578,93579,93580,93581,93582,1,-1,2,-2,1,3,1,-1,-3,-1,2,2,5,2,2,-2,-2,-5,-2,-2
0,1,15597,15600,46791,46792,46793,46796,46797,46798,93583,93584,93585,93586,93587,93590,93591,93592,93593,93594,1,-1,2,-2,1,3,1,-1,-3,-1,2,2,5,2,2,-2,-2,-5,-2,-2
0,1,15599,15602,46797,46798,46799,46802,46803,46804,93595,93596,93597,93598,93599,93602,93603,93604,93605,93606,1,-1,2,-2,1,3,1,-1,-3,-1,2,2,5,2,2,-2,-2,-5,-2,-2
0,1,15601,15604,46803,46804,46805,46808,46809,46810,93607,93608,93609,93610,93611,93614,93615,93616,93617,93618,1,-1,2,-2,1,3,1,-1,-3,-1,2,2,5,2,2,-2,-2,-5,-2,-2
0,1,15603,15606,46809,46810,46811,46814,46815,46816,93619,93620,93621,93622,93623,93626,93627,93628,93629,93630,1,-1,2,-2,1,3,1,-1,-3,-1,2,2,5,2,2,-2,-2,-5,-2,-2
0,1,15605,15608,46815,46816,46817,46820,46821,46822,93631,93632,93633,93634,93635,93638,93639,93640,93641,93642,1,-1,2,-2,1,3,1,-1,-3,-1,2,2,5,2,2,-2,-2,-5,-2,-2
0,1,15607,15610,46821,46822,46823,46826,46827,46828,93643,93644,93645,93646,93647,93650,93651,93652,93653,93654,1,-1,2,-2,1,3,1,-1,-3,-1,2,2,5,2,2,-2,-2,-5,-2,-2
0,1,15609,15612,46827,46828,46829,46832,46833,46834,93655,93656,93657,93658,93659,93662,93663,93664,93665,93666,1,-1,2,-2,1,3,1,-1,-3,-1,2,2,5,2,2,-2,-2,-5,-2,-2
0,1,15611,15614,46833,46834,46835,46838,46839,46840,93667,93668,93669,93670,93671,93674,93675,93676,93677,93678,1,-1,2,-2,1,3,1,-1,-3,-1,2,2,5,2,2,-2,-2,-5,-2,-2
0,1,15613,15616,46839,46840,46841,46844,46845,46846,93679,93680,93681,93682,93683,93686,93687,93688,93689,93690,1,-1,2,-2,1,3,1,-1,-3,-1,2,2,5,2,2,-2,-2,-5,-2,-2
0,1,15615,15618,46845,46846,46847,46850,46851,46852,93691,93692,93693,93694,93695,93698,93699,93700,93701,93702,1,-1,2,-2,1,3,1,-1,-3,-1,2,2,5,2,2,-2,-2,-5,-2,-2
0,1,15617,15620,46851,46852,46853,46856,46857,46858,93703,93704,93705,93706,93707,93710,93711,93712,93713,93714,1,-1,2,-2,1,3,1,-1,-3,-1,2,2,5,2,2,-2,-2,-5,-2,-2
0,1,15619,15622,46857,46858,46859,46862,46863,46864,93715,93716,93717,93718,93719,93722,93723,93724,93725,93726,1,-1,2,-2,1,3,1,-1,-3,-1,2,2,5,2,2,-2,-2,-5,-2,-2
0,1,15621,15624,46863,46864,46865,46868,46869,46870,93727,93728,93729,93730,93731,93734,93735,93736,93737,93738,1,-1,2,-2,1,3,1,-1,-3,-1,2,2,5,2,2,-2,-2,-5,-2,-2
0,1,15623,15626,46869,46870,46871,46874,46875,46876,93739,93740,93741,93742,93743,93746,93747,93748,93749,93750,1,-1,2,-2,1,3,1,-1,-3,-1,2,2,5,2,2,-2,-2,-5,-2,-2
0,1,15625,15628,46875,46876,46877,46880,46881,46882,93751,93752,93753,93754,93755,93758,93759,93760,93761,93762,1,-1,2,-2,1,3,1,-1,-3,-1,2,2,5,2,2,-2,-2,-5,-2,-2
0,1,15627,15630,46881,46882,46883,46886,46887,46888,93763,93764,93765,93766,93767,93770,93771,93772,93773,93774,1,-1,2,-2,1,3,1,-1,-3,-1,2,2,5,2,2,-2,-2,-5,-2,-2
0,1,15629,15632,46887,46888,46889,46892,46893,46894,93775,93776,93777,93778,93779,93782,93783,93784,93785,93786,1,-1,2,-2,1,3,1,-1,-3,-1,2,2,5,2,2,-2,-2,-5,-2,-2
0,1,15631,15634,46893,46894,46895,46898,46899,46900,93787,93788,93789,93790,93791,93794,93795,93796,93797,93798,1,-1,2,-2,1,3,1,-1,-3,-1,2,2,5,2,2,-2,-2,-5,-2,-2
0,1,15633,15636,46899,46900,46901,46904,46905,46906,93799,93800,93801,93802,93803,93806,93807,93808,93809,93810,1,-1,2,-2,1,3,1,-1,-3,-1,2,2,5,2,2,-2,-2,-5,-2,-2
0,1,15635,15638,46905,46906,46907,46910,46911,46912,93811,93812,93813,93814,93815,93818,93819,93820,93821,93822,1,-1,2,-2,1,3,1,-1,-3,-1,2,2,5,2,2,-2,-2,-5,-2,-2
0,1,15637,15640,46911,46912,46913,46916,46917,46918,93823,93824,93825,93826,93827,93830,93831,93832,93833,93834,1,-1,2,-2,1,3,1,-1,-3,-1,2,2,5,2,2,-2,-2,-5,-2,-2
0,1,15639,15642,46917,46918,46919,46922,46923,46924,93835,93836,93837,93838,93839,93842,93843,93844,93845,93846,1,-1,2,-2,1,3,1,-1,-3,-1,2,2,5,2,2,-2,-2,-5,-2,-2
0,1,15641,15644,46923,46924,46925,46928,46929,46930,93847,93848,93849,93850,93851,93854,93855,93856,93857,93858,1,-1,2,-2,1,3,1,-1,-3,-1,2,2,5,2,2,-2,-2,-5,-2,-2
0,1,15643,15646,46929,46930,46931,46934,46935,46936,93859,93860,93861,93862,93863,93866,93867,93868,93869,93870,1,-1,2,-2,1,3,1,-1,-3,-1,2,2,5,2,2,-2,-2,-5,-2,-2
0,1,15645,15648,46935,46936,46937,46940,46941,46942,93871,93872,93873,93874,93875,93878,93879,93880,93881,93882,1,-1,2,-2,1,3,1,-1,-3,-1,2,2,5,2,2,-2,-2,-5,-2,-2
0,1,15647,15650,46941,46942,46943,46946,46947,46948,93883,93884,93885,93886,93887,93890,93891,93892,93893,93894,1,-1,2,-2,1,3,1,-1,-3,-1,2,2,5,2,2,-2,-2,-5,-2,-2
0,1,15649,15652,46947,46948,46949,46952,46953,46954,93895,93896,93897,93898,93899,93902,93903,93904,93905,93906,1,-1,2,-2,1,3,1,-1,-3,-1,2,2,5,2,2,-2,-2,-5,-2,-2
0,1,15651,15654,46953,46954,46955,46958,46959,46960,93907,93908,93909,93910,93911,93914,93915,93916,93917,93918,1,-1,2,-2,1,3,1,-1,-3,-1,2,2,5,2,2,-2,-2,-5,-2,-2
0,1,15653,15656,46959,46960,46961,46964,46965,46966,93919,93920,93921,93922,93923,93926,93927,93928,93929,93930,1,-1,2,-2,1,3,1,-1,-3,-1,2,2,5,2,2,-2,-2,-5,-2,-2
0,1,15655,15658,46965,46966,46967,46970,46971,46972,93931,93932,93933,93934,93935,93938,93939,93940,93941,93942,1,-1,2,-2,1,3,1,-1,-3,-1,2,2,5,2,2,-2,-2,-5,-2,-2
0,1,15657,15660,46971,46972,46973,46976,46977,46978,93943,93944,93945,93946,93947,93950,93951,93952,93953,93954,1,-1,2,-2,1,3,1,-1,-3,-1,2,2,5,2,2,-2,-2,-5,-2,-2
0,1,15659,15662,46977,46978,46979,46982,46983,46984,93955,93956,93957,93958,93959,93962,93963,93964,93965,93966,1,-1,2,-2,1,3,1,-1,-3,-1,2,2,5,2,2,-2,-2,-5,-2,-2
0,1,15661,15664,46983,46984,46985,46988,46989,46990,93967,93968,93969,93970,93971,93974,93975,93976,93977,93978,1,-1,2,-2,1,3,1,-1,-3,-1,2,2,5,2,2,-2,-2,-5,-2,-2
0,1,15663,15666,46989,46990,46991,46994,46995,46996,93979,93980,93981,93982,93983,93986,93987,93988,93989,93990,1,-1,2,-2,1,3,1,-1,-3,-1,2,2,5,2,2,-2,-2,-5,-2,-2
0,1,15665,15668,46995,46996,46997,47000,47001,47002,93991,93992,93993,93994,93995,93998,93999,94000,94001,94002,1,-1,2,-2,1,3,1,-1,-3,-1,2,2,5,2,2,-2,-2,-5,-2,-2
0,1,15667,15670,47001,47002,47003,47006,47007,47008,94003,94004,94005,94006,94007,94010,94011,94012,94013,94014,1,-1,2,-2,1,3,1,-1,-3,-1,2,2,5,2,2,-2,-2,-5,-2,-2
0,1,15669,15672,47007,47008,47009,47012,47013,47014,94015,94016,94017,94018,94019,94022,94023,94024,94025,94026,1,-1,2,-2,1,3,1,-1,-3,-1,2,2,5,2,2,-2,-2,-5,-2,-2
0,1,15671,15674,47013,47014,47015,47018,47019,47020,94027,94028,94029,94030,94031,94034,94035,94036,94037,94038,1,-1,2,-2,1,3,1,-1,-3,-1,2,2,5,2,2,-2,-2,-5,-2,-2
0,1,15673,15676,47019,47020,47021,47024,47025,47026,94039,94040,94041,94042,94043,94046,94047,94048,94049,94050,1,-1,2,-2,1,3,1,-1,-3,-1,2,2,5,2,2,-2,-2,-5,-2,-2
0,1,15675,15678,47025,47026,47027,47030,47031,47032,94051,94052,94053,94054,94055,94058,94059,94060,94061,94062,1,-1,2,-2,1,3,1,-1,-3,-1,2,2,5,2,2,-2,-2,-5,-2,-2
0,1,15677,15680,47031,47032,47033,47036,47037,47038,94063,94064,94065,94066,94067,94070,94071,94072,94073,94074,1,-1,2,-2,1,3,1,-1,-3,-1,2,2,5,2,2,-2,-2,-5,-2,-2
0,1,15679,15682,47037,47038,47039,47042,47043,47044,94075,94076,94077,94078,94079,94082,94083,94084,94085,94086,1,-1,2,-2,1,3,1,-1,-3,-1,2,2,5,2,2,-2,-2,-5,-2,-2
0,1,15681,15684,47043,47044,47045,47048,47049,47050,94087,94088,94089,94090,94091,94094,94095,94096,94097,94098,1,-1,2,-2,1,3,1,-1,-3,-1,2,2,5,2,2,-2,-2,-5,-2,-2
0,1,15683,15686,47049,47050,47051,47054,47055,47056,94099,94100,94101,94102,94103,94106,94107,94108,94109,94110,1,-1,2,-2,1,3,1,-1,-3,-1,2,2,5,2,2,-2,-2,-5,-2,-2
0,1,15685,15688,47055,47056,47057,47060,47061,47062,94111,94112,94113,94114,94115,94118,94119,94120,94121,94122,1,-1,2,-2,1,3,1,-1,-3,-1,2,2,5,2,2,-2,-2,-5,-2,-2
0,1,15687,15690,47061,47062,47063,47066,47067,47068,94123,94124,94125,94126,94127,94130,94131,94132,94133,94134,1,-1,2,-2,1,3,1,-1,-3,-1,2,2,5,2,2,-2,-2,-5,-2,-2
0,1,15689,15692,47067,47068,47069,47072,47073,47074,94135,94136,94137,94138,94139,94142,94143,94144,94145,94146,1,-1,2,-2,1,3,1,-1,-3,-1,2,2,5,2,2,-2,-2,-5,-2,-2
0,1,15691,15694,47073,47074,47075,47078,47079,47080,94147,94148,94149,94150,94151,94154,94155,94156,94157,94158,1,-1,2,-2,1,3,1,-1,-3,-1,2,2,5,2,2,-2,-2,-5,-2,-2
0,1,15693,15696,47079,47080,47081,47084,47085,47086,94159,94160,94161,94162,94163,94166,94167,94168,94169,94170,1,-1,2,-2,1,3,1,-1,-3,-1,2,2,5,2,2,-2,-2,-5,-2,-2
0,1,15695,15698,47085,47086,47087,47090,47091,47092,94171,94172,94173,94174,94175,94178,94179,94180,94181,94182,1,-1,2,-2,1,3,1,-1,-3,-1,2,2,5,2,2,-2,-2,-5,-2,-2
0,1,15697,15700,47091,47092,47093,47096,47097,47098,94183,94184,94185,94186,94187,94190,94191,94192,94193,94194,1,-1,2,-2,1,3,1,-1,-3,-1,2,2,5,2,2,-2,-2,-5,-2,-2
0,1,15699,15702,47097,47098,47099,47102,47103,47104,94195,94196,94197,94198,94199,94202,94203,94204,94205,94206,1,-1,2,-2,1,3,1,-1,-3,-1,2,2,5,2,2,-2,-2,-5,-2,-2
0,1,15701,15704,47103,47104,47105,47108,47109,47110,94207,94208,94209,94210,94211,94214,94215,94216,94217,94218,1,-1,2,-2,1,3,1,-1,-3,-1,2,2,5,2,2,-2,-2,-5,-2,-2
0,1,15703,15706,47109,47110,47111,47114,47115,47116,94219,94220,94221,94222,94223,94226,94227,94228,94229,94230,1,-1,2,-2,1,3,1,-1,-3,-1,2,2,5,2,2,-2,-2,-5,-2,-2
0,1,15705,15708,47115,47116,47117,47120,47121,47122,94231,94232,94233,94234,94235,94238,94239,94240,94241,94242,1,-1,2,-2,1,3,1,-1,-3,-1,2,2,5,2,2,-2,-2,-5,-2,-2
0,1,15707,15710,47121,47122,47123,47126,47127,47128,94243,94244,94245,94246,94247,94250,94251,94252,94253,94254,1,-1,2,-2,1,3,1,-1,-3,-1,2,2,5,2,2,-2,-2,-5,-2,-2
0,1,15709,15712,47127,47128,47129,47132,47133,47134,94255,94256,94257,94258,94259,94262,94263,94264,94265,94266,1,-1,2,-2,1,3,1,-1,-3,-1,2,2,5,2,2,-2,-2,-5,-2,-2
0,1,15711,15714,47133,47134,47135,47138,47139,47140,94267,94268,94269,94270,94271,94274,94275,94276,94277,94278,1,-1,2,-2,1,3,1,-1,-3,-1,2,2,5,2,2,-2,-2,-5,-2,-2
0,1,15713,15716,47139,47140,47141,47144,47145,47146,94279,94280,94281,94282,94283,94286,94287,94288,94289,94290,1,-1,2,-2,1,3,1,-1,-3,-1,2,2,5,2,2,-2,-2,-5,-2,-2
0,1,15715,15718,47145,47146,47147,47150,47151,47152,94291,94292,94293,94294,94295,94298,94299,94300,94301,94302,1,-1,2,-2,1,3,1,-1,-3,-1,2,2,5,2,2,-2,-2,-5,-2,-2
0,1,15717,15720,47151,47152,47153,47156,47157,47158,94303,94304,94305,94306,94307,94310,94311,94312,94313,94314,1,-1,2,-2,1,3,1,-1,-3,-1,2,2,5,2,2,-2,-2,-5,-2,-2
0,1,15719,15722,47157,47158,47159,47162,47163,47164,94315,94316,94317,94318,94319,94322,94323,94324,94325,94326,1,-1,2,-2,1,3,1,-1,-3,-1,2,2,5,2,2,-2,-2,-5,-2,-2
0,1,15721,15724,47163,47164,47165,47168,47169,47170,94327,94328,94329,94330,94331,94334,94335,94336,94337,94338,1,-1,2,-2,1,3,1,-1,-3,-1,2,2,5,2,2,-2,-2,-5,-2,-2
0,1,15723,15726,47169,47170,47171,47174,47175,47176,94339,94340,94341,94342,94343,94346,94347,94348,94349,94350,1,-1,2,-2,1,3,1,-1,-3,-1,2,2,5,2,2,-2,-2,-5,-2,-2
0,1,15725,15728,47175,47176,47177,47180,47181,47182,94351,94352,94353,94354,94355,94358,94359,94360,94361,94362,1,-1,2,-2,1,3,1,-1,-3,-1,2,2,5,2,2,-2,-2,-5,-2,-2
0,1,15727,15730,47181,47182,47183,47186,47187,47188,94363,94364,94365,94366,94367,94370,94371,94372,94373,94374,1,-1,2,-2,1,3,1,-1,-3,-1,2,2,5,2,2,-2,-2,-5,-2,-2
0,1,15729,15732,47187,47188,47189,47192,47193,47194,94375,94376,94377,94378,94379,94382,94383,94384,94385,94386,1,-1,2,-2,1,3,1,-1,-3,-1,2,2,5,2,2,-2,-2,-5,-2,-2
0,1,15731,15734,47193,47194,47195,47198,47199,47200,94387,94388,94389,94390,94391,94394,94395,94396,94397,94398,1,-1,2,-2,1,3,1,-1,-3,-1,2,2,5,2,2,-2,-2,-5,-2,-2
0,1,15733,15736,47199,47200,47201,47204,47205,47206,94399,94400,94401,94402,94403,94406,94407,94408,94409,94410,1,-1,2,-2,1,3,1,-1,-3,-1,2,2,5,2,2,-2,-2,-5,-2,-2
0,1,15735,15738,47205,47206,47207,47210,47211,47212,94411,94412,94413,94414,94415,94418,94419,94420,94421,94422,1,-1,2,-2,1,3,1,-1,-3,-1,2,2,5,2,2,-2,-2,-5,-2,-2
0,1,15737,15740,47211,47212,47213,47216,47217,47218,94423,94424,94425,94426,94427,94430,94431,94432,94433,94434,1,-1,2,-2,1,3,1,-1,-3,-1,2,2,5,2,2,-2,-2,-5,-2,-2
0,1,15739,15742,47217,47218,47219,47222,47223,47224,94435,94436,94437,94438,94439,94442,94443,94444,94445,94446,1,-1,2,-2,1,3,1,-1,-3,-1,2,2,5,2,2,-2,-2,-5,-2,-2
0,1,15741,15744,47223,47224,47225,47228,47229,47230,94447,94448,94449,94450,94451,94454,94455,94456,94457,94458,1,-1,2,-2,1,3,1,-1,-3,-1,2,2,5,2,2,-2,-2,-5,-2,-2
0,1,15743,15746,47229,47230,47231,47234,47235,47236,94459,94460,94461,94462,94463,94466,94467,94468,94469,94470,1,-1,2,-2,1,3,1,-1,-3,-1,2,2,5,2,2,-2,-2,-5,-2,-2
0,1,15745,15748,47235,47236,47237,47240,47241,47242,94471,94472,94473,94474,94475,94478,94479,94480,94481,94482,1,-1,2,-2,1,3,1,-1,-3,-1,2,2,5,2,2,-2,-2,-5,-2,-2
0,1,15747,15750,47241,47242,47243,47246,47247,47248,94483,94484,94485,94486,94487,94490,94491,94492,94493,94494,1,-1,2,-2,1,3,1,-1,-3,-1,2,2,5,2,2,-2,-2,-5,-2,-2
0,1,15749,15752,47247,47248,47249,47252,47253,47254,94495,94496,94497,94498,94499,94502,94503,94504,94505,94506,1,-1,2,-2,1,3,1,-1,-3,-1,2,2,5,2,2,-2,-2,-5,-2,-2
0,1,15751,15754,47253,47254,47255,47258,47259,47260,94507,94508,94509,94510,94511,94514,94515,94516,94517,94518,1,-1,2,-2,1,3,1,-1,-3,-1,2,2,5,2,2,-2,-2,-5,-2,-2
0,1,15753,15756,47259,47260,47261,47264,47265,47266,94519,94520,94521,94522,94523,94526,94527,94528,94529,94530,1,-1,2,-2,1,3,1,-1,-3,-1,2,2,5,2,2,-2,-2,-5,-2,-2
0,1,15755,15758,47265,47266,47267,47270,47271,47272,94531,94532,94533,94534,94535,94538,94539,94540,94541,94542,1,-1,2,-2,1,3,1,-1,-3,-1,2,2,5,2,2,-2,-2,-5,-2,-2
0,1,15757,15760,47271,47272,47273,47276,47277,47278,94543,94544,94545,94546,94547,94550,94551,94552,94553,94554,1,-1,2,-2,1,3,1,-1,-3,-1,2,2,5,2,2,-2,-2,-5,-2,-2
0,1,15759,15762,47277,47278,47279,47282,47283,47284,94555,94556,94557,94558,94559,94562,94563,94564,94565,94566,1,-1,2,-2,1,3,1,-1,-3,-1,2,2,5,2,2,-2,-2,-5,-2,-2
0,1,15761,15764,47283,47284,47285,47288,47289,47290,94567,94568,94569,94570,94571,94574,94575,94576,94577,94578,1,-1,2,-2,1,3,1,-1,-3,-1,2,2,5,2,2,-2,-2,-5,-2,-2
0,1,15763,15766,47289,47290,47291,47294,47295,47296,94579,94580,94581,94582,94583,94586,94587,94588,94589,94590,1,-1,2,-2,1,3,1,-1,-3,-1,2,2,5,2,2,-2,-2,-5,-2,-2
0,1,15765,15768,47295,47296,47297,47300,47301,47302,94591,94592,94593,94594,94595,94598,94599,94600,94601,94602,1,-1,2,-2,1,3,1,-1,-3,-1,2,2,5,2,2,-2,-2,-5,-2,-2
0,1,15767,15770,47301,47302,47303,47306,47307,47308,94603,94604,94605,94606,94607,94610,94611,94612,94613,94614,1,-1,2,-2,1,3,1,-1,-3,-1,2,2,5,2,2,-2,-2,-5,-2,-2
0,1,15769,15772,47307,47308,47309,47312,47313,47314,94615,94616,94617,94618,94619,94622,94623,94624,94625,94626,1,-1,2,-2,1,3,1,-1,-3,-1,2,2,5,2,2,-2,-2,-5,-2,-2
0,1,15771,15774,47313,47314,47315,47318,47319,47320,94627,94628,94629,94630,94631,94634,94635,94636,94637,94638,1,-1,2,-2,1,3,1,-1,-3,-1,2,2,5,2,2,-2,-2,-5,-2,-2
0,1,15773,15776,47319,47320,47321,47324,47325,47326,94639,94640,94641,94642,94643,94646,94647,94648,94649,94650,1,-1,2,-2,1,3,1,-1,-3,-1,2,2,5,2,2,-2,-2,-5,-2,-2
0,1,15775,15778,47325,47326,47327,47330,47331,47332,94651,94652,94653,94654,94655,94658,94659,94660,94661,94662,1,-1,2,-2,1,3,1,-1,-3,-1,2,2,5,2,2,-2,-2,-5,-2,-2
0,1,15777,15780,47331,47332,47333,47336,47337,47338,94663,94664,94665,94666,94667,94670,94671,94672,94673,94674,1,-1,2,-2,1,3,1,-1,-3,-1,2,2,5,2,2,-2,-2,-5,-2,-2
0,1,15779,15782,47337,47338,47339,47342,47343,47344,94675,94676,94677,94678,94679,94682,94683,94684,94685,94686,1,-1,2,-2,1,3,1,-1,-3,-1,2,2,5,2,2,-2,-2,-5,-2,-2
0,1,15781,15784,47343,47344,47345,47348,47349,47350,94687,94688,94689,94690,94691,94694,94695,94696,94697,94698,1,-1,2,-2,1,3,1,-1,-3,-1,2,2,5,2,2,-2,-2,-5,-2,-2
0,1,15783,15786,47349,47350,47351,47354,47355,47356,94699,94700,94701,94702,94703,94706,94707,94708,94709,94710,1,-1,2,-2,1,3,1,-1,-3,-1,2,2,5,2,2,-2,-2,-5,-2,-2
0,1,15785,15788,47355,47356,47357,47360,47361,47362,94711,94712,94713,94714,94715,94718,94719,94720,94721,94722,1,-1,2,-2,1,3,1,-1,-3,-1,2,2,5,2,2,-2,-2,-5,-2,-2
0,1,15787,15790,47361,47362,47363,47366,47367,47368,94723,94724,94725,94726,94727,94730,94731,94732,94733,94734,1,-1,2,-2,1,3,1,-1,-3,-1,2,2,5,2,2,-2,-2,-5,-2,-2
0,1,15789,15792,47367,47368,47369,47372,47373,47374,94735,94736,94737,94738,94739,94742,94743,94744,94745,94746,1,-1,2,-2,1,3,1,-1,-3,-1,2,2,5,2,2,-2,-2,-5,-2,-2
0,1,15791,15794,47373,47374,47375,47378,47379,47380,94747,94748,94749,94750,94751,94754,94755,94756,94757,94758,1,-1,2,-2,1,3,1,-1,-3,-1,2,2,5,2,2,-2,-2,-5,-2,-2
0,1,15793,15796,47379,47380,47381,47384,47385,47386,94759,94760,94761,94762,94763,94766,94767,94768,94769,94770,1,-1,2,-2,1,3,1,-1,-3,-1,2,2,5,2,2,-2,-2,-5,-2,-2
0,1,15795,15798,47385,47386,47387,47390,47391,47392,94771,94772,94773,94774,94775,94778,94779,94780,94781,94782,1,-1,2,-2,1,3,1,-1,-3,-1,2,2,5,2,2,-2,-2,-5,-2,-2
0,1,15797,15800,47391,47392,47393,47396,47397,47398,94783,94784,94785,94786,94787,94790,94791,94792,94793,94794,1,-1,2,-2,1,3,1,-1,-3,-1,2,2,5,2,2,-2,-2,-5,-2,-2
0,1,15799,15802,47397,47398,47399,47402,47403,47404,94795,94796,94797,94798,94799,94802,94803,94804,94805,94806,1,-1,2,-2,1,3,1,-1,-3,-1,2,2,5,2,2,-2,-2,-5,-2,-2
0,1,15801,15804,47403,47404,47405,47408,47409,47410,94807,94808,94809,94810,94811,94814,94815,94816,94817,94818,1,-1,2,-2,1,3,1,-1,-3,-1,2,2,5,2,2,-2,-2,-5,-2,-2
0,1,15803,15806,47409,47410,47411,47414,47415,47416,94819,94820,94821,94822,94823,94826,94827,94828,94829,94830,1,-1,2,-2,1,3,1,-1,-3,-1,2,2,5,2,2,-2,-2,-5,-2,-2
0,1,15805,15808,47415,47416,47417,47420,47421,47422,94831,94832,94833,94834,94835,94838,94839,94840,94841,94842,1,-1,2,-2,1,3,1,-1,-3,-1,2,2,5,2,2,-2,-2,-5,-2,-2
0,1,15807,15810,47421,47422,47423,47426,47427,47428,94843,94844,94845,94846,94847,94850,94851,94852,94853,94854,1,-1,2,-2,1,3,1,-1,-3,-1,2,2,5,2,2,-2,-2,-5,-2,-2
0,1,15809,15812,47427,47428,47429,47432,47433,47434,94855,94856,94857,94858,94859,94862,94863,94864,94865,94866,1,-1,2,-2,1,3,1,-1,-3,-1,2,2,5,2,2,-2,-2,-5,-2,-2
0,1,15811,15814,47433,47434,47435,47438,47439,47440,94867,94868,94869,94870,94871,94874,94875,94876,94877,94878,1,-1,2,-2,1,3,1,-1,-3,-1,2,2,5,2,2,-2,-2,-5,-2,-2
0,1,15813,15816,47439,47440,47441,47444,47445,47446,94879,94880,94881,94882,94883,94886,94887,94888,94889,94890,1,-1,2,-2,1,3,1,-1,-3,-1,2,2,5,2,2,-2,-2,-5,-2,-2
0,1,15815,15818,47445,47446,47447,47450,47451,47452,94891,94892,94893,94894,94895,94898,94899,94900,94901,94902,1,-1,2,-2,1,3,1,-1,-3,-1,2,2,5,2,2,-2,-2,-5,-2,-2
0,1,15817,15820,47451,47452,47453,47456,47457,47458,94903,94904,94905,94906,94907,94910,94911,94912,94913,94914,1,-1,2,-2,1,3,1,-1,-3,-1,2,2,5,2,2,-2,-2,-5,-2,-2
0,1,15819,15822,47457,47458,47459,47462,47463,47464,94915,94916,94917,94918,94919,94922,94923,94924,94925,94926,1,-1,2,-2,1,3,1,-1,-3,-1,2,2,5,2,2,-2,-2,-5,-2,-2
0,1,15821,15824,47463,47464,47465,47468,47469,47470,94927,94928,94929,94930,94931,94934,94935,94936,94937,94938,1,-1,2,-2,1,3,1,-1,-3,-1,2,2,5,2,2,-2,-2,-5,-2,-2
0,1,15823,15826,47469,47470,47471,47474,47475,47476,94939,94940,94941,94942,94943,94946,94947,94948,94949,94950,1,-1,2,-2,1,3,1,-1,-3,-1,2,2,5,2,2,-2,-2,-5,-2,-2
0,1,15825,15828,47475,47476,47477,47480,47481,47482,94951,94952,94953,94954,94955,94958,94959,94960,94961,94962,1,-1,2,-2,1,3,1,-1,-3,-1,2,2,5,2,2,-2,-2,-5,-2,-2
0,1,15827,15830,47481,47482,47483,47486,47487,47488,94963,94964,94965,94966,94967,94970,94971,94972,94973,94974,1,-1,2,-2,1,3,1,-1,-3,-1,2,2,5,2,2,-2,-2,-5,-2,-2
0,1,15829,15832,47487,47488,47489,47492,47493,47494,94975,94976,94977,94978,94979,94982,94983,94984,94985,94986,1,-1,2,-2,1,3,1,-1,-3,-1,2,2,5,2,2,-2,-2,-5,-2,-2
0,1,15831,15834,47493,47494,47495,47498,47499,47500,94987,94988,94989,94990,94991,94994,94995,94996,94997,94998,1,-1,2,-2,1,3,1,-1,-3,-1,2,2,5,2,2,-2,-2,-5,-2,-2
0,1,15833,15836,47499,47500,47501,47504,47505,47506,94999,95000,95001,95002,95003,95006,95007,95008,95009,95010,1,-1,2,-2,1,3,1,-1,-3,-1,2,2,5,2,2,-2,-2,-5,-2,-2
0,1,15835,15838,47505,47506,47507,47510,47511,47512,95011,95012,95013,95014,95015,95018,95019,95020,95021,95022,1,-1,2,-2,1,3,1,-1,-3,-1,2,2,5,2,2,-2,-2,-5,-2,-2
0,1,15837,15840,47511,47512,47513,47516,47517,47518,95023,95024,95025,95026,95027,95030,95031,95032,95033,95034,1,-1,2,-2,1,3,1,-1,-3,-1,2,2,5,2,2,-2,-2,-5,-2,-2
0,1,15839,15842,47517,47518,47519,47522,47523,47524,95035,95036,95037,95038,95039,95042,95043,95044,95045,95046,1,-1,2,-2,1,3,1,-1,-3,-1,2,2,5,2,2,-2,-2,-5,-2,-2
0,1,15841,15844,47523,47524,47525,47528,47529,47530,95047,95048,95049,95050,95051,95054,95055,95056,95057,95058,1,-1,2,-2,1,3,1,-1,-3,-1,2,2,5,2,2,-2,-2,-5,-2,-2
0,1,15843,15846,47529,47530,47531,47534,47535,47536,95059,95060,95061,95062,95063,95066,95067,95068,95069,95070,1,-1,2,-2,1,3,1,-1,-3,-1,2,2,5,2,2,-2,-2,-5,-2,-2
0,1,15845,15848,47535,47536,47537,47540,47541,47542,95071,95072,95073,95074,95075,95078,95079,95080,95081,95082,1,-1,2,-2,1,3,1,-1,-3,-1,2,2,5,2,2,-2,-2,-5,-2,-2
0,1,15847,15850,47541,47542,47543,47546,47547,47548,95083,95084,95085,95086,95087,95090,95091,95092,95093,95094,1,-1,2,-2,1,3,1,-1,-3,-1,2,2,5,2,2,-2,-2,-5,-2,-2
0,1,15849,15852,47547,47548,47549,47552,47553,47554,95095,95096,95097,95098,95099,95102,95103,95104,95105,95106,1,-1,2,-2,1,3,1,-1,-3,-1,2,2,5,2,2,-2,-2,-5,-2,-2
0,1,15851,15854,47553,47554,47555,47558,47559,47560,95107,95108,95109,95110,95111,95114,95115,95116,95117,95118,1,-1,2,-2,1,3,1,-1,-3,-1,2,2,5,2,2,-2,-2,-5,-2,-2
0,1,15853,15856,47559,47560,47561,47564,47565,47566,95119,95120,95121,95122,95123,95126,95127,95128,95129,95130,1,-1,2,-2,1,3,1,-1,-3,-1,2,2,5,2,2,-2,-2,-5,-2,-2
0,1,15855,15858,47565,47566,47567,47570,47571,47572,95131,95132,95133,95134,95135,95138,95139,95140,95141,95142,1,-1,2,-2,1,3,1,-1,-3,-1,2,2,5,2,2,-2,-2,-5,-2,-2
0,1,15857,15860,47571,47572,47573,47576,47577,47578,95143,95144,95145,95146,95147,95150,95151,95152,95153,95154,1,-1,2,-2,1,3,1,-1,-3,-1,2,2,5,2,2,-2,-2,-5,-2,-2
0,1,15859,15862,47577,47578,47579,47582,47583,47584,95155,95156,95157,95158,95159,95162,95163,95164,95165,95166,1,-1,2,-2,1,3,1,-1,-3,-1,2,2,5,2,2,-2,-2,-5,-2,-2
0,1,15861,15864,47583,47584,47585,47588,47589,47590,95167,95168,95169,95170,95171,95174,95175,95176,95177,95178,1,-1,2,-2,1,3,1,-1,-3,-1,2,2,5,2,2,-2,-2,-5,-2,-2
0,1,15863,15866,47589,47590,47591,47594,47595,47596,95179,95180,95181,95182,95183,95186,95187,95188,95189,95190,1,-1,2,-2,1,3,1,-1,-3,-1,2,2,5,2,2,-2,-2,-5,-2,-2
0,1,15865,15868,47595,47596,47597,47600,47601,47602,95191,95192,95193,95194,95195,95198,95199,95200,95201,95202,1,-1,2,-2,1,3,1,-1,-3,-1,2,2,5,2,2,-2,-2,-5,-2,-2
0,1,15867,15870,47601,47602,47603,47606,47607,47608,95203,95204,95205,95206,95207,95210,95211,95212,95213,95214,1,-1,2,-2,1,3,1,-1,-3,-1,2,2,5,2,2,-2,-2,-5,-2,-2
0,1,15869,15872,47607,47608,47609,47612,47613,47614,95215,95216,95217,95218,95219,95222,95223,95224,95225,95226,1,-1,2,-2,1,3,1,-1,-3,-1,2,2,5,2,2,-2,-2,-5,-2,-2
0,1,15871,15874,47613,47614,47615,47618,47619,47620,95227,95228,95229,95230,95231,95234,95235,95236,95237,95238,1,-1,2,-2,1,3,1,-1,-3,-1,2,2,5,2,2,-2,-2,-5,-2,-2
0,1,15873,15876,47619,47620,47621,47624,47625,47626,95239,95240,95241,95242,95243,95246,95247,95248,95249,95250,1,-1,2,-2,1,3,1,-1,-3,-1,2,2,5,2,2,-2,-2,-5,-2,-2
0,1,15875,15878,47625,47626,47627,47630,47631,47632,95251,95252,95253,95254,95255,95258,95259,95260,95261,95262,1,-1,2,-2,1,3,1,-1,-3,-1,2,2,5,2,2,-2,-2,-5,-2,-2
0,1,15877,15880,47631,47632,47633,47636,47637,47638,95263,95264,95265,95266,95267,95270,95271,95272,95273,95274,1,-1,2,-2,1,3,1,-1,-3,-1,2,2,5,2,2,-2,-2,-5,-2,-2
0,1,15879,15882,47637,47638,47639,47642,47643,47644,95275,95276,95277,95278,95279,95282,95283,95284,95285,95286,1,-1,2,-2,1,3,1,-1,-3,-1,2,2,5,2,2,-2,-2,-5,-2,-2
0,1,15881,15884,47643,47644,47645,47648,47649,47650,95287,95288,95289,95290,95291,95294,95295,95296,95297,95298,1,-1,2,-2,1,3,1,-1,-3,-1,2,2,5,2,2,-2,-2,-5,-2,-2
0,1,15883,15886,47649,47650,47651,47654,47655,47656,95299,95300,95301,95302,95303,95306,95307,95308,95309,95310,1,-1,2,-2,1,3,1,-1,-3,-1,2,2,5,2,2,-2,-2,-5,-2,-2
0,1,15885,15888,47655,47656,47657,47660,47661,47662,95311,95312,95313,95314,95315,95318,95319,95320,95321,95322,1,-1,2,-2,1,3,1,-1,-3,-1,2,2,5,2,2,-2,-2,-5,-2,-2
0,1,15887,15890,47661,47662,47663,47666,47667,47668,95323,95324,95325,95326,95327,95330,95331,95332,95333,95334,1,-1,2,-2,1,3,1,-1,-3,-1,2,2,5,2,2,-2,-2,-5,-2,-2
0,1,15889,15892,47667,47668,47669,47672,47673,47674,95335,95336,95337,95338,95339,95342,95343,95344,95345,95346,1,-1,2,-2,1,3,1,-1,-3,-1,2,2,5,2,2,-2,-2,-5,-2,-2
0,1,15891,15894,47673,47674,47675,47678,47679,47680,95347,95348,95349,95350,95351,95354,95355,95356,95357,95358,1,-1,2,-2,1,3,1,-1,-3,-1,2,2,5,2,2,-2,-2,-5,-2,-2
0,1,15893,15896,47679,47680,47681,47684,47685,47686,95359,95360,95361,95362,95363,95366,95367,95368,95369,95370,1,-1,2,-2,1,3,1,-1,-3,-1,2,2,5,2,2,-2,-2,-5,-2,-2
0,1,15895,15898,47685,47686,47687,47690,47691,47692,95371,95372,95373,95374,95375,95378,95379,95380,95381,95382,1,-1,2,-2,1,3,1,-1,-3,-1,2,2,5,2,2,-2,-2,-5,-2,-2
0,1,15897,15900,47691,47692,47693,47696,47697,47698,95383,95384,95385,95386,95387,95390,95391,95392,95393,95394,1,-1,2,-2,1,3,1,-1,-3,-1,2,2,5,2,2,-2,-2,-5,-2,-2
0,1,15899,15902,47697,47698,47699,47702,47703,47704,95395,95396,95397,95398,95399,95402,95403,95404,95405,95406,1,-1,2,-2,1,3,1,-1,-3,-1,2,2,5,2,2,-2,-2,-5,-2,-2
0,1,15901,15904,47703,47704,47705,47708,47709,47710,95407,95408,95409,95410,95411,95414,95415,95416,95417,95418,1,-1,2,-2,1,3,1,-1,-3,-1,2,2,5,2,2,-2,-2,-5,-2,-2
0,1,15903,15906,47709,47710,47711,47714,47715,47716,95419,95420,95421,95422,95423,95426,95427,95428,95429,95430,1,-1,2,-2,1,3,1,-1,-3,-1,2,2,5,2,2,-2,-2,-5,-2,-2
0,1,15905,15908,47715,47716,47717,47720,47721,47722,95431,95432,95433,95434,95435,95438,95439,95440,95441,95442,1,-1,2,-2,1,3,1,-1,-3,-1,2,2,5,2,2,-2,-2,-5,-2,-2
0,1,15907,15910,47721,47722,47723,47726,47727,47728,95443,95444,95445,95446,95447,95450,95451,95452,95453,95454,1,-1,2,-2,1,3,1,-1,-3,-1,2,2,5,2,2,-2,-2,-5,-2,-2
0,1,15909,15912,47727,47728,47729,47732,47733,47734,95455,95456,95457,95458,95459,95462,95463,95464,95465,95466,1,-1,2,-2,1,3,1,-1,-3,-1,2,2,5,2,2,-2,-2,-5,-2,-2
0,1,15911,15914,47733,47734,47735,47738,47739,47740,95467,95468,95469,95470,95471,95474,95475,95476,95477,95478,1,-1,2,-2,1,3,1,-1,-3,-1,2,2,5,2,2,-2,-2,-5,-2,-2
0,1,15913,15916,47739,47740,47741,47744,47745,47746,95479,95480,95481,95482,95483,95486,95487,95488,95489,95490,1,-1,2,-2,1,3,1,-1,-3,-1,2,2,5,2,2,-2,-2,-5,-2,-2
0,1,15915,15918,47745,47746,47747,47750,47751,47752,95491,95492,95493,95494,95495,95498,95499,95500,95501,95502,1,-1,2,-2,1,3,1,-1,-3,-1,2,2,5,2,2,-2,-2,-5,-2,-2
0,1,15917,15920,47751,47752,47753,47756,47757,47758,95503,95504,95505,95506,95507,95510,95511,95512,95513,95514,1,-1,2,-2,1,3,1,-1,-3,-1,2,2,5,2,2,-2,-2,-5,-2,-2
0,1,15919,15922,47757,47758,47759,47762,47763,47764,95515,95516,95517,95518,95519,95522,95523,95524,95525,95526,1,-1,2,-2,1,3,1,-1,-3,-1,2,2,5,2,2,-2,-2,-5,-2,-2
0,1,15921,15924,47763,47764,47765,47768,47769,47770,95527,95528,95529,95530,95531,95534,95535,95536,95537,95538,1,-1,2,-2,1,3,1,-1,-3,-1,2,2,5,2,2,-2,-2,-5,-2,-2
0,1,15923,15926,47769,47770,47771,47774,47775,47776,95539,95540,95541,95542,95543,95546,95547,95548,95549,95550,1,-1,2,-2,1,3,1,-1,-3,-1,2,2,5,2,2,-2,-2,-5,-2,-2
0,1,15925,15928,47775,47776,47777,47780,47781,47782,95551,95552,95553,95554,95555,95558,95559,95560,95561,95562,1,-1,2,-2,1,3,1,-1,-3,-1,2,2,5,2,2,-2,-2,-5,-2,-2
0,1,15927,15930,47781,47782,47783,47786,47787,47788,95563,95564,95565,95566,95567,95570,95571,95572,95573,95574,1,-1,2,-2,1,3,1,-1,-3,-1,2,2,5,2,2,-2,-2,-5,-2,-2
0,1,15929,15932,47787,47788,47789,47792,47793,47794,95575,95576,95577,95578,95579,95582,95583,95584,95585,95586,1,-1,2,-2,1,3,1,-1,-3,-1,2,2,5,2,2,-2,-2,-5,-2,-2
0,1,15931,15934,47793,47794,47795,47798,47799,47800,95587,95588,95589,95590,95591,95594,95595,95596,95597,95598,1,-1,2,-2,1,3,1,-1,-3,-1,2,2,5,2,2,-2,-2,-5,-2,-2
0,1,15933,15936,47799,47800,47801,47804,47805,47806,95599,95600,95601,95602,95603,95606,95607,95608,95609,95610,1,-1,2,-2,1,3,1,-1,-3,-1,2,2,5,2,2,-2,-2,-5,-2,-2
0,1,15935,15938,47805,47806,47807,47810,47811,47812,95611,95612,95613,95614,95615,95618,95619,95620,95621,95622,1,-1,2,-2,1,3,1,-1,-3,-1,2,2,5,2,2,-2,-2,-5,-2,-2
0,1,15937,15940,47811,47812,47813,47816,47817,47818,95623,95624,95625,95626,95627,95630,95631,95632,95633,95634,1,-1,2,-2,1,3,1,-1,-3,-1,2,2,5,2,2,-2,-2,-5,-2,-2
0,1,15939,15942,47817,47818,47819,47822,47823,47824,95635,95636,95637,95638,95639,95642,95643,95644,95645,95646,1,-1,2,-2,1,3,1,-1,-3,-1,2,2,5,2,2,-2,-2,-5,-2,-2
0,1,15941,15944,47823,47824,47825,47828,47829,47830,95647,95648,95649,95650,95651,95654,95655,95656,95657,95658,1,-1,2,-2,1,3,1,-1,-3,-1,2,2,5,2,2,-2,-2,-5,-2,-2
0,1,15943,15946,47829,47830,47831,47834,47835,47836,95659,95660,95661,95662,95663,95666,95667,95668,95669,95670,1,-1,2,-2,1,3,1,-1,-3,-1,2,2,5,2,2,-2,-2,-5,-2,-2
0,1,15945,15948,47835,47836,47837,47840,47841,47842,95671,95672,95673,95674,95675,95678,95679,95680,95681,95682,1,-1,2,-2,1,3,1,-1,-3,-1,2,2,5,2,2,-2,-2,-5,-2,-2
0,1,15947,15950,47841,47842,47843,47846,47847,47848,95683,95684,95685,95686,95687,95690,95691,95692,95693,95694,1,-1,2,-2,1,3,1,-1,-3,-1,2,2,5,2,2,-2,-2,-5,-2,-2
0,1,15949,15952,47847,47848,47849,47852,47853,47854,95695,95696,95697,95698,95699,95702,95703,95704,95705,95706,1,-1,2,-2,1,3,1,-1,-3,-1,2,2,5,2,2,-2,-2,-5,-2,-2
0,1,15951,15954,47853,47854,47855,47858,47859,47860,95707,95708,95709,95710,95711,95714,95715,95716,95717,95718,1,-1,2,-2,1,3,1,-1,-3,-1,2,2,5,2,2,-2,-2,-5,-2,-2
0,1,15953,15956,47859,47860,47861,47864,47865,47866,95719,95720,95721,95722,95723,95726,95727,95728,95729,95730,1,-1,2,-2,1,3,1,-1,-3,-1,2,2,5,2,2,-2,-2,-5,-2,-2
0,1,15955,15958,47865,47866,47867,47870,47871,47872,95731,95732,95733,95734,95735,95738,95739,95740,95741,95742,1,-1,2,-2,1,3,1,-1,-3,-1,2,2,5,2,2,-2,-2,-5,-2,-2
0,1,15957,15960,47871,47872,47873,47876,47877,47878,95743,95744,95745,95746,95747,95750,95751,95752,95753,95754,1,-1,2,-2,1,3,1,-1,-3,-1,2,2,5,2,2,-2,-2,-5,-2,-2
0,1,15959,15962,47877,47878,47879,47882,47883,47884,95755,95756,95757,95758,95759,95762,95763,95764,95765,95766,1,-1,2,-2,1,3,1,-1,-3,-1,2,2,5,2,2,-2,-2,-5,-2,-2
0,1,15961,15964,47883,47884,47885,47888,47889,47890,95767,95768,95769,95770,95771,95774,95775,95776,95777,95778,1,-1,2,-2,1,3,1,-1,-3,-1,2,2,5,2,2,-2,-2,-5,-2,-2
0,1,15963,15966,47889,47890,47891,47894,47895,47896,95779,95780,95781,95782,95783,95786,95787,95788,95789,95790,1,-1,2,-2,1,3,1,-1,-3,-1,2,2,5,2,2,-2,-2,-5,-2,-2
0,1,15965,15968,47895,47896,47897,47900,47901,47902,95791,95792,95793,95794,95795,95798,95799,95800,95801,95802,1,-1,2,-2,1,3,1,-1,-3,-1,2,2,5,2,2,-2,-2,-5,-2,-2
0,1,15967,15970,47901,47902,47903,47906,47907,47908,95803,95804,95805,95806,95807,95810,95811,95812,95813,95814,1,-1,2,-2,1,3,1,-1,-3,-1,2,2,5,2,2,-2,-2,-5,-2,-2
0,1,15969,15972,47907,47908,47909,47912,47913,47914,95815,95816,95817,95818,95819,95822,95823,95824,95825,95826,1,-1,2,-2,1,3,1,-1,-3,-1,2,2,5,2,2,-2,-2,-5,-2,-2
0,1,15971,15974,47913,47914,47915,47918,47919,47920,95827,95828,95829,95830,95831,95834,95835,95836,95837,95838,1,-1,2,-2,1,3,1,-1,-3,-1,2,2,5,2,2,-2,-2,-5,-2,-2
0,1,15973,15976,47919,47920,47921,47924,47925,47926,95839,95840,95841,95842,95843,95846,95847,95848,95849,95850,1,-1,2,-2,1,3,1,-1,-3,-1,2,2,5,2,2,-2,-2,-5,-2,-2
0,1,15975,15978,47925,47926,47927,47930,47931,47932,95851,95852,95853,95854,95855,95858,95859,95860,95861,95862,1,-1,2,-2,1,3,1,-1,-3,-1,2,2,5,2,2,-2,-2,-5,-2,-2
0,1,15977,15980,47931,47932,47933,47936,47937,47938,95863,95864,95865,95866,95867,95870,95871,95872,95873,95874,1,-1,2,-2,1,3,1,-1,-3,-1,2,2,5,2,2,-2,-2,-5,-2,-2
0,1,15979,15982,47937,47938,47939,47942,47943,47944,95875,95876,95877,95878,95879,95882,95883,95884,95885,95886,1,-1,2,-2,1,3,1,-1,-3,-1,2,2,5,2,2,-2,-2,-5,-2,-2
0,1,15981,15984,47943,47944,47945,47948,47949,47950,95887,95888,95889,95890,95891,95894,95895,95896,95897,95898,1,-1,2,-2,1,3,1,-1,-3,-1,2,2,5,2,2,-2,-2,-5,-2,-2
0,1,15983,15986,47949,47950,47951,47954,47955,47956,95899,95900,95901,95902,95903,95906,95907,95908,95909,95910,1,-1,2,-2,1,3,1,-1,-3,-1,2,2,5,2,2,-2,-2,-5,-2,-2
0,1,15985,15988,47955,47956,47957,47960,47961,47962,95911,95912,95913,95914,95915,95918,95919,95920,95921,95922,1,-1,2,-2,1,3,1,-1,-3,-1,2,2,5,2,2,-2,-2,-5,-2,-2
0,1,15987,15990,47961,47962,47963,47966,47967,47968,95923,95924,95925,95926,95927,95930,95931,95932,95933,95934,1,-1,2,-2,1,3,1,-1,-3,-1,2,2,5,2,2,-2,-2,-5,-2,-2
0,1,15989,15992,47967,47968,47969,47972,47973,47974,95935,95936,95937,95938,95939,95942,95943,95944,95945,95946,1,-1,2,-2,1,3,1,-1,-3,-1,2,2,5,2,2,-2,-2,-5,-2,-2
0,1,15991,15994,47973,47974,47975,47978,47979,47980,95947,95948,95949,95950,95951,95954,95955,95956,95957,95958,1,-1,2,-2,1,3,1,-1,-3,-1,2,2,5,2,2,-2,-2,-5,-2,-2
0,1,15993,15996,47979,47980,47981,47984,47985,47986,95959,95960,95961,95962,95963,95966,95967,95968,95969,95970,1,-1,2,-2,1,3,1,-1,-3,-1,2,2,5,2,2,-2,-2,-5,-2,-2
0,1,15995,15998,47985,47986,47987,47990,47991,47992,95971,95972,95973,95974,95975,95978,95979,95980,95981,95982,1,-1,2,-2,1,3,1,-1,-3,-1,2,2,5,2,2,-2,-2,-5,-2,-2
0,1,15997,16000,47991,47992,47993,47996,47997,47998,95983,95984,95985,95986,95987,95990,95991,95992,95993,95994,1,-1,2,-2,1,3,1,-1,-3,-1,2,2,5,2,2,-2,-2,-5,-2,-2
0,1,15999,16002,47997,47998,47999,48002,48003,48004,95995,95996,95997,95998,95999,96002,96003,96004,96005,96006,1,-1,2,-2,1,3,1,-1,-3,-1,2,2,5,2,2,-2,-2,-5,-2,-2
0,1,16001,16004,48003,48004,48005,48008,48009,48010,96007,96008,96009,96010,96011,96014,96015,96016,96017,96018,1,-1,2,-2,1,3,1,-1,-3,-1,2,2,5,2,2,-2,-2,-5,-2,-2
0,1,16003,16006,48009,48010,48011,48014,48015,48016,96019,96020,96021,96022,96023,96026,96027,96028,96029,96030,1,-1,2,-2,1,3,1,-1,-3,-1,2,2,5,2,2,-2,-2,-5,-2,-2
0,1,16005,16008,48015,48016,48017,48020,48021,48022,96031,96032,96033,96034,96035,96038,96039,96040,96041,96042,1,-1,2,-2,1,3,1,-1,-3,-1,2,2,5,2,2,-2,-2,-5,-2,-2
0,1,16007,16010,48021,48022,48023,48026,48027,48028,96043,96044,96045,96046,96047,96050,96051,96052,96053,96054,1,-1,2,-2,1,3,1,-1,-3,-1,2,2,5,2,2,-2,-2,-5,-2,-2
0,1,16009,16012,48027,48028,48029,48032,48033,48034,96055,96056,96057,96058,96059,96062,96063,96064,96065,96066,1,-1,2,-2,1,3,1,-1,-3,-1,2,2,5,2,2,-2,-2,-5,-2,-2
0,1,16011,16014,48033,48034,48035,48038,48039,48040,96067,96068,96069,96070,96071,96074,96075,96076,96077,96078,1,-1,2,-2,1,3,1,-1,-3,-1,2,2,5,2,2,-2,-2,-5,-2,-2
0,1,16013,16016,48039,48040,48041,48044,48045,48046,96079,96080,96081,96082,96083,96086,96087,96088,96089,96090,1,-1,2,-2,1,3,1,-1,-3,-1,2,2,5,2,2,-2,-2,-5,-2,-2
0,1,16015,16018,48045,48046,48047,48050,48051,48052,96091,96092,96093,96094,96095,96098,96099,96100,96101,96102,1,-1,2,-2,1,3,1,-1,-3,-1,2,2,5,2,2,-2,-2,-5,-2,-2
0,1,16017,16020,48051,48052,48053,48056,48057,48058,96103,96104,96105,96106,96107,96110,96111,96112,96113,96114,1,-1,2,-2,1,3,1,-1,-3,-1,2,2,5,2,2,-2,-2,-5,-2,-2
0,1,16019,16022,48057,48058,48059,48062,48063,48064,96115,96116,96117,96118,96119,96122,96123,96124,96125,96126,1,-1,2,-2,1,3,1,-1,-3,-1,2,2,5,2,2,-2,-2,-5,-2,-2
0,1,16021,16024,48063,48064,48065,48068,48069,48070,96127,96128,96129,96130,96131,96134,96135,96136,96137,96138,1,-1,2,-2,1,3,1,-1,-3,-1,2,2,5,2,2,-2,-2,-5,-2,-2
0,1,16023,16026,48069,48070,48071,48074,48075,48076,96139,96140,96141,96142,96143,96146,96147,96148,96149,96150,1,-1,2,-2,1,3,1,-1,-3,-1,2,2,5,2,2,-2,-2,-5,-2,-2
0,1,16025,16028,48075,48076,48077,48080,48081,48082,96151,96152,96153,96154,96155,96158,96159,96160,96161,96162,1,-1,2,-2,1,3,1,-1,-3,-1,2,2,5,2,2,-2,-2,-5,-2,-2
0,1,16027,16030,48081,48082,48083,48086,48087,48088,96163,96164,96165,96166,96167,96170,96171,96172,96173,96174,1,-1,2,-2,1,3,1,-1,-3,-1,2,2,5,2,2,-2,-2,-5,-2,-2
0,1,16029,16032,48087,48088,48089,48092,48093,48094,96175,96176,96177,96178,96179,96182,96183,96184,96185,96186,1,-1,2,-2,1,3,1,-1,-3,-1,2,2,5,2,2,-2,-2,-5,-2,-2
0,1,16031,16034,48093,48094,48095,48098,48099,48100,96187,96188,96189,96190,96191,96194,96195,96196,96197,96198,1,-1,2,-2,1,3,1,-1,-3,-1,2,2,5,2,2,-2,-2,-5,-2,-2
0,1,16033,16036,48099,48100,48101,48104,48105,48106,96199,96200,96201,96202,96203,96206,96207,96208,96209,96210,1,-1,2,-2,1,3,1,-1,-3,-1,2,2,5,2,2,-2,-2,-5,-2,-2
0,1,16035,16038,48105,48106,48107,48110,48111,48112,96211,96212,96213,96214,96215,96218,96219,96220,96221,96222,1,-1,2,-2,1,3,1,-1,-3,-1,2,2,5,2,2,-2,-2,-5,-2,-2
0,1,16037,16040,48111,48112,48113,48116,48117,48118,96223,96224,96225,96226,96227,96230,96231,96232,96233,96234,1,-1,2,-2,1,3,1,-1,-3,-1,2,2,5,2,2,-2,-2,-5,-2,-2
0,1,16039,16042,48117,48118,48119,48122,48123,48124,96235,96236,96237,96238,96239,96242,96243,96244,96245,96246,1,-1,2,-2,1,3,1,-1,-3,-1,2,2,5,2,2,-2,-2,-5,-2,-2
0,1,16041,16044,48123,48124,48125,48128,48129,48130,96247,96248,96249,96250,96251,96254,96255,96256,96257,96258,1,-1,2,-2,1,3,1,-1,-3,-1,2,2,5,2,2,-2,-2,-5,-2,-2
0,1,16043,16046,48129,48130,48131,48134,48135,48136,96259,96260,96261,96262,96263,96266,96267,96268,96269,96270,1,-1,2,-2,1,3,1,-1,-3,-1,2,2,5,2,2,-2,-2,-5,-2,-2
0,1,16045,16048,48135,48136,48137,48140,48141,48142,96271,96272,96273,96274,96275,96278,96279,96280,96281,96282,1,-1,2,-2,1,3,1,-1,-3,-1,2,2,5,2,2,-2,-2,-5,-2,-2
0,1,16047,16050,48141,48142,48143,48146,48147,48148,96283,96284,96285,96286,96287,96290,96291,96292,96293,96294,1,-1,2,-2,1,3,1,-1,-3,-1,2,2,5,2,2,-2,-2,-5,-2,-2
0,1,16049,16052,48147,48148,48149,48152,48153,48154,96295,96296,96297,96298,96299,96302,96303,96304,96305,96306,1,-1,2,-2,1,3,1,-1,-3,-1,2,2,5,2,2,-2,-2,-5,-2,-2
0,1,16051,16054,48153,48154,48155,48158,48159,48160,96307,96308,96309,96310,96311,96314,96315,96316,96317,96318,1,-1,2,-2,1,3,1,-1,-3,-1,2,2,5,2,2,-2,-2,-5,-2,-2
0,1,16053,16056,48159,48160,48161,48164,48165,48166,96319,96320,96321,96322,96323,96326,96327,96328,96329,96330,1,-1,2,-2,1,3,1,-1,-3,-1,2,2,5,2,2,-2,-2,-5,-2,-2
0,1,16055,16058,48165,48166,48167,48170,48171,48172,96331,96332,96333,96334,96335,96338,96339,96340,96341,96342,1,-1,2,-2,1,3,1,-1,-3,-1,2,2,5,2,2,-2,-2,-5,-2,-2
0,1,16057,16060,48171,48172,48173,48176,48177,48178,96343,96344,96345,96346,96347,96350,96351,96352,96353,96354,1,-1,2,-2,1,3,1,-1,-3,-1,2,2,5,2,2,-2,-2,-5,-2,-2
0,1,16059,16062,48177,48178,48179,48182,48183,48184,96355,96356,96357,96358,96359,96362,96363,96364,96365,96366,1,-1,2,-2,1,3,1,-1,-3,-1,2,2,5,2,2,-2,-2,-5,-2,-2
0,1,16061,16064,48183,48184,48185,48188,48189,48190,96367,96368,96369,96370,96371,96374,96375,96376,96377,96378,1,-1,2,-2,1,3,1,-1,-3,-1,2,2,5,2,2,-2,-2,-5,-2,-2
0,1,16063,16066,48189,48190,48191,48194,48195,48196,96379,96380,96381,96382,96383,96386,96387,96388,96389,96390,1,-1,2,-2,1,3,1,-1,-3,-1,2,2,5,2,2,-2,-2,-5,-2,-2
0,1,16065,16068,48195,48196,48197,48200,48201,48202,96391,96392,96393,96394,96395,96398,96399,96400,96401,96402,1,-1,2,-2,1,3,1,-1,-3,-1,2,2,5,2,2,-2,-2,-5,-2,-2
0,1,16067,16070,48201,48202,48203,48206,48207,48208,96403,96404,96405,96406,96407,96410,96411,96412,96413,96414,1,-1,2,-2,1,3,1,-1,-3,-1,2,2,5,2,2,-2,-2,-5,-2,-2
0,1,16069,16072,48207,48208,48209,48212,48213,48214,96415,96416,96417,96418,96419,96422,96423,96424,96425,96426,1,-1,2,-2,1,3,1,-1,-3,-1,2,2,5,2,2,-2,-2,-5,-2,-2
0,1,16071,16074,48213,48214,48215,48218,48219,48220,96427,96428,96429,96430,96431,96434,96435,96436,96437,96438,1,-1,2,-2,1,3,1,-1,-3,-1,2,2,5,2,2,-2,-2,-5,-2,-2
0,1,16073,16076,48219,48220,48221,48224,48225,48226,96439,96440,96441,96442,96443,96446,96447,96448,96449,96450,1,-1,2,-2,1,3,1,-1,-3,-1,2,2,5,2,2,-2,-2,-5,-2,-2
0,1,16075,16078,48225,48226,48227,48230,48231,48232,96451,96452,96453,96454,96455,96458,96459,96460,96461,96462,1,-1,2,-2,1,3,1,-1,-3,-1,2,2,5,2,2,-2,-2,-5,-2,-2
0,1,16077,16080,48231,48232,48233,48236,48237,48238,96463,96464,96465,96466,96467,96470,96471,96472,96473,96474,1,-1,2,-2,1,3,1,-1,-3,-1,2,2,5,2,2,-2,-2,-5,-2,-2
0,1,16079,16082,48237,48238,48239,48242,48243,48244,96475,96476,96477,96478,96479,96482,96483,96484,96485,96486,1,-1,2,-2,1,3,1,-1,-3,-1,2,2,5,2,2,-2,-2,-5,-2,-2
0,1,16081,16084,48243,48244,48245,48248,48249,48250,96487,96488,96489,96490,96491,96494,96495,96496,96497,96498,1,-1,2,-2,1,3,1,-1,-3,-1,2,2,5,2,2,-2,-2,-5,-2,-2
0,1,16083,16086,48249,48250,48251,48254,48255,48256,96499,96500,96501,96502,96503,96506,96507,96508,96509,96510,1,-1,2,-2,1,3,1,-1,-3,-1,2,2,5,2,2,-2,-2,-5,-2,-2
0,1,16085,16088,48255,48256,48257,48260,48261,48262,96511,96512,96513,96514,96515,96518,96519,96520,96521,96522,1,-1,2,-2,1,3,1,-1,-3,-1,2,2,5,2,2,-2,-2,-5,-2,-2
0,1,16087,16090,48261,48262,48263,48266,48267,48268,96523,96524,96525,96526,96527,96530,96531,96532,96533,96534,1,-1,2,-2,1,3,1,-1,-3,-1,2,2,5,2,2,-2,-2,-5,-2,-2
0,1,16089,16092,48267,48268,48269,48272,48273,48274,96535,96536,96537,96538,96539,96542,96543,96544,96545,96546,1,-1,2,-2,1,3,1,-1,-3,-1,2,2,5,2,2,-2,-2,-5,-2,-2
0,1,16091,16094,48273,48274,48275,48278,48279,48280,96547,96548,96549,96550,96551,96554,96555,96556,96557,96558,1,-1,2,-2,1,3,1,-1,-3,-1,2,2,5,2,2,-2,-2,-5,-2,-2
0,1,16093,16096,48279,48280,48281,48284,48285,48286,96559,96560,96561,96562,96563,96566,96567,96568,96569,96570,1,-1,2,-2,1,3,1,-1,-3,-1,2,2,5,2,2,-2,-2,-5,-2,-2
0,1,16095,16098,48285,48286,48287,48290,48291,48292,96571,96572,96573,96574,96575,96578,96579,96580,96581,96582,1,-1,2,-2,1,3,1,-1,-3,-1,2,2,5,2,2,-2,-2,-5,-2,-2
0,1,16097,16100,48291,48292,48293,48296,48297,48298,96583,96584,96585,96586,96587,96590,96591,96592,96593,96594,1,-1,2,-2,1,3,1,-1,-3,-1,2,2,5,2,2,-2,-2,-5,-2,-2
0,1,16099,16102,48297,48298,48299,48302,48303,48304,96595,96596,96597,96598,96599,96602,96603,96604,96605,96606,1,-1,2,-2,1,3,1,-1,-3,-1,2,2,5,2,2,-2,-2,-5,-2,-2
0,1,16101,16104,48303,48304,48305,48308,48309,48310,96607,96608,96609,96610,96611,96614,96615,96616,96617,96618,1,-1,2,-2,1,3,1,-1,-3,-1,2,2,5,2,2,-2,-2,-5,-2,-2
0,1,16103,16106,48309,48310,48311,48314,48315,48316,96619,96620,96621,96622,96623,96626,96627,96628,96629,96630,1,-1,2,-2,1,3,1,-1,-3,-1,2,2,5,2,2,-2,-2,-5,-2,-2
0,1,16105,16108,48315,48316,48317,48320,48321,48322,96631,96632,96633,96634,96635,96638,96639,96640,96641,96642,1,-1,2,-2,1,3,1,-1,-3,-1,2,2,5,2,2,-2,-2,-5,-2,-2
0,1,16107,16110,48321,48322,48323,48326,48327,48328,96643,96644,96645,96646,96647,96650,96651,96652,96653,96654,1,-1,2,-2,1,3,1,-1,-3,-1,2,2,5,2,2,-2,-2,-5,-2,-2
0,1,16109,16112,48327,48328,48329,48332,48333,48334,96655,96656,96657,96658,96659,96662,96663,96664,96665,96666,1,-1,2,-2,1,3,1,-1,-3,-1,2,2,5,2,2,-2,-2,-5,-2,-2
0,1,16111,16114,48333,48334,48335,48338,48339,48340,96667,96668,96669,96670,96671,96674,96675,96676,96677,96678,1,-1,2,-2,1,3,1,-1,-3,-1,2,2,5,2,2,-2,-2,-5,-2,-2
0,1,16113,16116,48339,48340,48341,48344,48345,48346,96679,96680,96681,96682,96683,96686,96687,96688,96689,96690,1,-1,2,-2,1,3,1,-1,-3,-1,2,2,5,2,2,-2,-2,-5,-2,-2
0,1,16115,16118,48345,48346,48347,48350,48351,48352,96691,96692,96693,96694,96695,96698,96699,96700,96701,96702,1,-1,2,-2,1,3,1,-1,-3,-1,2,2,5,2,2,-2,-2,-5,-2,-2
0,1,16117,16120,48351,48352,48353,48356,48357,48358,96703,96704,96705,96706,96707,96710,96711,96712,96713,96714,1,-1,2,-2,1,3,1,-1,-3,-1,2,2,5,2,2,-2,-2,-5,-2,-2
0,1,16119,16122,48357,48358,48359,48362,48363,48364,96715,96716,96717,96718,96719,96722,96723,96724,96725,96726,1,-1,2,-2,1,3,1,-1,-3,-1,2,2,5,2,2,-2,-2,-5,-2,-2
0,1,16121,16124,48363,48364,48365,48368,48369,48370,96727,96728,96729,96730,96731,96734,96735,96736,96737,96738,1,-1,2,-2,1,3,1,-1,-3,-1,2,2,5,2,2,-2,-2,-5,-2,-2
0,1,16123,16126,48369,48370,48371,48374,48375,48376,96739,96740,96741,96742,96743,96746,96747,96748,96749,96750,1,-1,2,-2,1,3,1,-1,-3,-1,2,2,5,2,2,-2,-2,-5,-2,-2
0,1,16125,16128,48375,48376,48377,48380,48381,48382,96751,96752,96753,96754,96755,96758,96759,96760,96761,96762,1,-1,2,-2,1,3,1,-1,-3,-1,2,2,5,2,2,-2,-2,-5,-2,-2
0,1,16127,16130,48381,48382,48383,48386,48387,48388,96763,96764,96765,96766,96767,96770,96771,96772,96773,96774,1,-1,2,-2,1,3,1,-1,-3,-1,2,2,5,2,2,-2,-2,-5,-2,-2
0,1,16129,16132,48387,48388,48389,48392,48393,48394,96775,96776,96777,96778,96779,96782,96783,96784,96785,96786,1,-1,2,-2,1,3,1,-1,-3,-1,2,2,5,2,2,-2,-2,-5,-2,-2
0,1,16131,16134,48393,48394,48395,48398,48399,48400,96787,96788,96789,96790,96791,96794,96795,96796,96797,96798,1,-1,2,-2,1,3,1,-1,-3,-1,2,2,5,2,2,-2,-2,-5,-2,-2
0,1,16133,16136,48399,48400,48401,48404,48405,48406,96799,96800,96801,96802,96803,96806,96807,96808,96809,96810,1,-1,2,-2,1,3,1,-1,-3,-1,2,2,5,2,2,-2,-2,-5,-2,-2
0,1,16135,16138,48405,48406,48407,48410,48411,48412,96811,96812,96813,96814,96815,96818,96819,96820,96821,96822,1,-1,2,-2,1,3,1,-1,-3,-1,2,2,5,2,2,-2,-2,-5,-2,-2
0,1,16137,16140,48411,48412,48413,48416,48417,48418,96823,96824,96825,96826,96827,96830,96831,96832,96833,96834,1,-1,2,-2,1,3,1,-1,-3,-1,2,2,5,2,2,-2,-2,-5,-2,-2
0,1,16139,16142,48417,48418,48419,48422,48423,48424,96835,96836,96837,96838,96839,96842,96843,96844,96845,96846,1,-1,2,-2,1,3,1,-1,-3,-1,2,2,5,2,2,-2,-2,-5,-2,-2
0,1,16141,16144,48423,48424,48425,48428,48429,48430,96847,96848,96849,96850,96851,96854,96855,96856,96857,96858,1,-1,2,-2,1,3,1,-1,-3,-1,2,2,5,2,2,-2,-2,-5,-2,-2
0,1,16143,16146,48429,48430,48431,48434,48435,48436,96859,96860,96861,96862,96863,96866,96867,96868,96869,96870,1,-1,2,-2,1,3,1,-1,-3,-1,2,2,5,2,2,-2,-2,-5,-2,-2
0,1,16145,16148,48435,48436,48437,48440,48441,48442,96871,96872,96873,96874,96875,96878,96879,96880,96881,96882,1,-1,2,-2,1,3,1,-1,-3,-1,2,2,5,2,2,-2,-2,-5,-2,-2
0,1,16147,16150,48441,48442,48443,48446,48447,48448,96883,96884,96885,96886,96887,96890,96891,96892,96893,96894,1,-1,2,-2,1,3,1,-1,-3,-1,2,2,5,2,2,-2,-2,-5,-2,-2
0,1,16149,16152,48447,48448,48449,48452,48453,48454,96895,96896,96897,96898,96899,96902,96903,96904,96905,96906,1,-1,2,-2,1,3,1,-1,-3,-1,2,2,5,2,2,-2,-2,-5,-2,-2
0,1,16151,16154,48453,48454,48455,48458,48459,48460,96907,96908,96909,96910,96911,96914,96915,96916,96917,96918,1,-1,2,-2,1,3,1,-1,-3,-1,2,2,5,2,2,-2,-2,-5,-2,-2
0,1,16153,16156,48459,48460,48461,48464,48465,48466,96919,96920,96921,96922,96923,96926,96927,96928,96929,96930,1,-1,2,-2,1,3,1,-1,-3,-1,2,2,5,2,2,-2,-2,-5,-2,-2
0,1,16155,16158,48465,48466,48467,48470,48471,48472,96931,96932,96933,96934,96935,96938,96939,96940,96941,96942,1,-1,2,-2,1,3,1,-1,-3,-1,2,2,5,2,2,-2,-2,-5,-2,-2
0,1,16157,16160,48471,48472,48473,48476,48477,48478,96943,96944,96945,96946,96947,96950,96951,96952,96953,96954,1,-1,2,-2,1,3,1,-1,-3,-1,2,2,5,2,2,-2,-2,-5,-2,-2
0,1,16159,16162,48477,48478,48479,48482,48483,48484,96955,96956,96957,96958,96959,96962,96963,96964,96965,96966,1,-1,2,-2,1,3,1,-1,-3,-1,2,2,5,2,2,-2,-2,-5,-2,-2
0,1,16161,16164,48483,48484,48485,48488,48489,48490,96967,96968,96969,96970,96971,96974,96975,96976,96977,96978,1,-1,2,-2,1,3,1,-1,-3,-1,2,2,5,2,2,-2,-2,-5,-2,-2
0,1,16163,16166,48489,48490,48491,48494,48495,48496,96979,96980,96981,96982,96983,96986,96987,96988,96989,96990,1,-1,2,-2,1,3,1,-1,-3,-1,2,2,5,2,2,-2,-2,-5,-2,-2
0,1,16165,16168,48495,48496,48497,48500,48501,48502,96991,96992,96993,96994,96995,96998,96999,97000,97001,97002,1,-1,2,-2,1,3,1,-1,-3,-1,2,2,5,2,2,-2,-2,-5,-2,-2
0,1,16167,16170,48501,48502,48503,48506,48507,48508,97003,97004,97005,97006,97007,97010,97011,97012,97013,97014,1,-1,2,-2,1,3,1,-1,-3,-1,2,2,5,2,2,-2,-2,-5,-2,-2
0,1,16169,16172,48507,48508,48509,48512,48513,48514,97015,97016,97017,97018,97019,97022,97023,97024,97025,97026,1,-1,2,-2,1,3,1,-1,-3,-1,2,2,5,2,2,-2,-2,-5,-2,-2
0,1,16171,16174,48513,48514,48515,48518,48519,48520,97027,97028,97029,97030,97031,97034,97035,97036,97037,97038,1,-1,2,-2,1,3,1,-1,-3,-1,2,2,5,2,2,-2,-2,-5,-2,-2
0,1,16173,16176,48519,48520,48521,48524,48525,48526,97039,97040,97041,97042,97043,97046,97047,97048,97049,97050,1,-1,2,-2,1,3,1,-1,-3,-1,2,2,5,2,2,-2,-2,-5,-2,-2
0,1,16175,16178,48525,48526,48527,48530,48531,48532,97051,97052,97053,97054,97055,97058,97059,97060,97061,97062,1,-1,2,-2,1,3,1,-1,-3,-1,2,2,5,2,2,-2,-2,-5,-2,-2
0,1,16177,16180,48531,48532,48533,48536,48537,48538,97063,97064,97065,97066,97067,97070,97071,97072,97073,97074,1,-1,2,-2,1,3,1,-1,-3,-1,2,2,5,2,2,-2,-2,-5,-2,-2
0,1,16179,16182,48537,48538,48539,48542,48543,48544,97075,97076,97077,97078,97079,97082,97083,97084,97085,97086,1,-1,2,-2,1,3,1,-1,-3,-1,2,2,5,2,2,-2,-2,-5,-2,-2
0,1,16181,16184,48543,48544,48545,48548,48549,48550,97087,97088,97089,97090,97091,97094,97095,97096,97097,97098,1,-1,2,-2,1,3,1,-1,-3,-1,2,2,5,2,2,-2,-2,-5,-2,-2
0,1,16183,16186,48549,48550,48551,48554,48555,48556,97099,97100,97101,97102,97103,97106,97107,97108,97109,97110,1,-1,2,-2,1,3,1,-1,-3,-1,2,2,5,2,2,-2,-2,-5,-2,-2
0,1,16185,16188,48555,48556,48557,48560,48561,48562,97111,97112,97113,97114,97115,97118,97119,97120,97121,97122,1,-1,2,-2,1,3,1,-1,-3,-1,2,2,5,2,2,-2,-2,-5,-2,-2
0,1,16187,16190,48561,48562,48563,48566,48567,48568,97123,97124,97125,97126,97127,97130,97131,97132,97133,97134,1,-1,2,-2,1,3,1,-1,-3,-1,2,2,5,2,2,-2,-2,-5,-2,-2
0,1,16189,16192,48567,48568,48569,48572,48573,48574,97135,97136,97137,97138,97139,97142,97143,97144,97145,97146,1,-1,2,-2,1,3,1,-1,-3,-1,2,2,5,2,2,-2,-2,-5,-2,-2
0,1,16191,16194,48573,48574,48575,48578,48579,48580,97147,97148,97149,97150,97151,97154,97155,97156,97157,97158,1,-1,2,-2,1,3,1,-1,-3,-1,2,2,5,2,2,-2,-2,-5,-2,-2
0,1,16193,16196,48579,48580,48581,48584,48585,48586,97159,97160,97161,97162,97163,97166,97167,97168,97169,97170,1,-1,2,-2,1,3,1,-1,-3,-1,2,2,5,2,2,-2,-2,-5,-2,-2
0,1,16195,16198,48585,48586,48587,48590,48591,48592,97171,97172,97173,97174,97175,97178,97179,97180,97181,97182,1,-1,2,-2,1,3,1,-1,-3,-1,2,2,5,2,2,-2,-2,-5,-2,-2
0,1,16197,16200,48591,48592,48593,48596,48597,48598,97183,97184,97185,97186,97187,97190,97191,97192,97193,97194,1,-1,2,-2,1,3,1,-1,-3,-1,2,2,5,2,2,-2,-2,-5,-2,-2
0,1,16199,16202,48597,48598,48599,48602,48603,48604,97195,97196,97197,97198,97199,97202,97203,97204,97205,97206,1,-1,2,-2,1,3,1,-1,-3,-1,2,2,5,2,2,-2,-2,-5,-2,-2
0,1,16201,16204,48603,48604,48605,48608,48609,48610,97207,97208,97209,97210,97211,97214,97215,97216,97217,97218,1,-1,2,-2,1,3,1,-1,-3,-1,2,2,5,2,2,-2,-2,-5,-2,-2
0,1,16203,16206,48609,48610,48611,48614,48615,48616,97219,97220,97221,97222,97223,97226,97227,97228,97229,97230,1,-1,2,-2,1,3,1,-1,-3,-1,2,2,5,2,2,-2,-2,-5,-2,-2
0,1,16205,16208,48615,48616,48617,48620,48621,48622,97231,97232,97233,97234,97235,97238,97239,97240,97241,97242,1,-1,2,-2,1,3,1,-1,-3,-1,2,2,5,2,2,-2,-2,-5,-2,-2
0,1,16207,16210,48621,48622,48623,48626,48627,48628,97243,97244,97245,97246,97247,97250,97251,97252,97253,97254,1,-1,2,-2,1,3,1,-1,-3,-1,2,2,5,2,2,-2,-2,-5,-2,-2
0,1,16209,16212,48627,48628,48629,48632,48633,48634,97255,97256,97257,97258,97259,97262,97263,97264,97265,97266,1,-1,2,-2,1,3,1,-1,-3,-1,2,2,5,2,2,-2,-2,-5,-2,-2
0,1,16211,16214,48633,48634,48635,48638,48639,48640,97267,97268,97269,97270,97271,97274,97275,97276,97277,97278,1,-1,2,-2,1,3,1,-1,-3,-1,2,2,5,2,2,-2,-2,-5,-2,-2
0,1,16213,16216,48639,48640,48641,48644,48645,48646,97279,97280,97281,97282,97283,97286,97287,97288,97289,97290,1,-1,2,-2,1,3,1,-1,-3,-1,2,2,5,2,2,-2,-2,-5,-2,-2
0,1,16215,16218,48645,48646,48647,48650,48651,48652,97291,97292,97293,97294,97295,97298,97299,97300,97301,97302,1,-1,2,-2,1,3,1,-1,-3,-1,2,2,5,2,2,-2,-2,-5,-2,-2
0,1,16217,16220,48651,48652,48653,48656,48657,48658,97303,97304,97305,97306,97307,97310,97311,97312,97313,97314,1,-1,2,-2,1,3,1,-1,-3,-1,2,2,5,2,2,-2,-2,-5,-2,-2
0,1,16219,16222,48657,48658,48659,48662,48663,48664,97315,97316,97317,97318,97319,97322,97323,97324,97325,97326,1,-1,2,-2,1,3,1,-1,-3,-1,2,2,5,2,2,-2,-2,-5,-2,-2
0,1,16221,16224,48663,48664,48665,48668,48669,48670,97327,97328,97329,97330,97331,97334,97335,97336,97337,97338,1,-1,2,-2,1,3,1,-1,-3,-1,2,2,5,2,2,-2,-2,-5,-2,-2
0,1,16223,16226,48669,48670,48671,48674,48675,48676,97339,97340,97341,97342,97343,97346,97347,97348,97349,97350,1,-1,2,-2,1,3,1,-1,-3,-1,2,2,5,2,2,-2,-2,-5,-2,-2
0,1,16225,16228,48675,48676,48677,48680,48681,48682,97351,97352,97353,97354,97355,97358,97359,97360,97361,97362,1,-1,2,-2,1,3,1,-1,-3,-1,2,2,5,2,2,-2,-2,-5,-2,-2
0,1,16227,16230,48681,48682,48683,48686,48687,48688,97363,97364,97365,97366,97367,97370,97371,97372,97373,97374,1,-1,2,-2,1,3,1,-1,-3,-1,2,2,5,2,2,-2,-2,-5,-2,-2
0,1,16229,16232,48687,48688,48689,48692,48693,48694,97375,97376,97377,97378,97379,97382,97383,97384,97385,97386,1,-1,2,-2,1,3,1,-1,-3,-1,2,2,5,2,2,-2,-2,-5,-2,-2
0,1,16231,16234,48693,48694,48695,48698,48699,48700,97387,97388,97389,97390,97391,97394,97395,97396,97397,97398,1,-1,2,-2,1,3,1,-1,-3,-1,2,2,5,2,2,-2,-2,-5,-2,-2
0,1,16233,16236,48699,48700,48701,48704,48705,48706,97399,97400,97401,97402,97403,97406,97407,97408,97409,97410,1,-1,2,-2,1,3,1,-1,-3,-1,2,2,5,2,2,-2,-2,-5,-2,-2
0,1,16235,16238,48705,48706,48707,48710,48711,48712,97411,97412,97413,97414,97415,97418,97419,97420,97421,97422,1,-1,2,-2,1,3,1,-1,-3,-1,2,2,5,2,2,-2,-2,-5,-2,-2
0,1,16237,16240,48711,48712,48713,48716,48717,48718,97423,97424,97425,97426,97427,97430,97431,97432,97433,97434,1,-1,2,-2,1,3,1,-1,-3,-1,2,2,5,2,2,-2,-2,-5,-2,-2
0,1,16239,16242,48717,48718,48719,48722,48723,48724,97435,97436,97437,97438,97439,97442,97443,97444,97445,97446,1,-1,2,-2,1,3,1,-1,-3,-1,2,2,5,2,2,-2,-2,-5,-2,-2
0,1,16241,16244,48723,48724,48725,48728,48729,48730,97447,97448,97449,97450,97451,97454,97455,97456,97457,97458,1,-1,2,-2,1,3,1,-1,-3,-1,2,2,5,2,2,-2,-2,-5,-2,-2
0,1,16243,16246,48729,48730,48731,48734,48735,48736,97459,97460,97461,97462,97463,97466,97467,97468,97469,97470,1,-1,2,-2,1,3,1,-1,-3,-1,2,2,5,2,2,-2,-2,-5,-2,-2
0,1,16245,16248,48735,48736,48737,48740,48741,48742,97471,97472,97473,97474,97475,97478,97479,97480,97481,97482,1,-1,2,-2,1,3,1,-1,-3,-1,2,2,5,2,2,-2,-2,-5,-2,-2
0,1,16247,16250,48741,48742,48743,48746,48747,48748,97483,97484,97485,97486,97487,97490,97491,97492,97493,97494,1,-1,2,-2,1,3,1,-1,-3,-1,2,2,5,2,2,-2,-2,-5,-2,-2
0,1,16249,16252,48747,48748,48749,48752,48753,48754,97495,97496,97497,97498,97499,97502,97503,97504,97505,97506,1,-1,2,-2,1,3,1,-1,-3,-1,2,2,5,2,2,-2,-2,-5,-2,-2
0,1,16251,16254,48753,48754,48755,48758,48759,48760,97507,97508,97509,97510,97511,97514,97515,97516,97517,97518,1,-1,2,-2,1,3,1,-1,-3,-1,2,2,5,2,2,-2,-2,-5,-2,-2
0,1,16253,16256,48759,48760,48761,48764,48765,48766,97519,97520,97521,97522,97523,97526,97527,97528,97529,97530,1,-1,2,-2,1,3,1,-1,-3,-1,2,2,5,2,2,-2,-2,-5,-2,-2
0,1,16255,16258,48765,48766,48767,48770,48771,48772,97531,97532,97533,97534,97535,97538,97539,97540,97541,97542,1,-1,2,-2,1,3,1,-1,-3,-1,2,2,5,2,2,-2,-2,-5,-2,-2
0,1,16257,16260,48771,48772,48773,48776,48777,48778,97543,97544,97545,97546,97547,97550,97551,97552,97553,97554,1,-1,2,-2,1,3,1,-1,-3,-1,2,2,5,2,2,-2,-2,-5,-2,-2
0,1,16259,16262,48777,48778,48779,48782,48783,48784,97555,97556,97557,97558,97559,97562,97563,97564,97565,97566,1,-1,2,-2,1,3,1,-1,-3,-1,2,2,5,2,2,-2,-2,-5,-2,-2
0,1,16261,16264,48783,48784,48785,48788,48789,48790,97567,97568,97569,97570,97571,97574,97575,97576,97577,97578,1,-1,2,-2,1,3,1,-1,-3,-1,2,2,5,2,2,-2,-2,-5,-2,-2
0,1,16263,16266,48789,48790,48791,48794,48795,48796,97579,97580,97581,97582,97583,97586,97587,97588,97589,97590,1,-1,2,-2,1,3,1,-1,-3,-1,2,2,5,2,2,-2,-2,-5,-2,-2
0,1,16265,16268,48795,48796,48797,48800,48801,48802,97591,97592,97593,97594,97595,97598,97599,97600,97601,97602,1,-1,2,-2,1,3,1,-1,-3,-1,2,2,5,2,2,-2,-2,-5,-2,-2
0,1,16267,16270,48801,48802,48803,48806,48807,48808,97603,97604,97605,97606,97607,97610,97611,97612,97613,97614,1,-1,2,-2,1,3,1,-1,-3,-1,2,2,5,2,2,-2,-2,-5,-2,-2
0,1,16269,16272,48807,48808,48809,48812,48813,48814,97615,97616,97617,97618,97619,97622,97623,97624,97625,97626,1,-1,2,-2,1,3,1,-1,-3,-1,2,2,5,2,2,-2,-2,-5,-2,-2
0,1,16271,16274,48813,48814,48815,48818,48819,48820,97627,97628,97629,97630,97631,97634,97635,97636,97637,97638,1,-1,2,-2,1,3,1,-1,-3,-1,2,2,5,2,2,-2,-2,-5,-2,-2
0,1,16273,16276,48819,48820,48821,48824,48825,48826,97639,97640,97641,97642,97643,97646,97647,97648,97649,97650,1,-1,2,-2,1,3,1,-1,-3,-1,2,2,5,2,2,-2,-2,-5,-2,-2
0,1,16275,16278,48825,48826,48827,48830,48831,48832,97651,97652,97653,97654,97655,97658,97659,97660,97661,97662,1,-1,2,-2,1,3,1,-1,-3,-1,2,2,5,2,2,-2,-2,-5,-2,-2
0,1,16277,16280,48831,48832,48833,48836,48837,48838,97663,97664,97665,97666,97667,97670,97671,97672,97673,97674,1,-1,2,-2,1,3,1,-1,-3,-1,2,2,5,2,2,-2,-2,-5,-2,-2
0,1,16279,16282,48837,48838,48839,48842,48843,48844,97675,97676,97677,97678,97679,97682,97683,97684,97685,97686,1,-1,2,-2,1,3,1,-1,-3,-1,2,2,5,2,2,-2,-2,-5,-2,-2
0,1,16281,16284,48843,48844,48845,48848,48849,48850,97687,97688,97689,97690,97691,97694,97695,97696,97697,97698,1,-1,2,-2,1,3,1,-1,-3,-1,2,2,5,2,2,-2,-2,-5,-2,-2
0,1,16283,16286,48849,48850,48851,48854,48855,48856,97699,97700,97701,97702,97703,97706,97707,97708,97709,97710,1,-1,2,-2,1,3,1,-1,-3,-1,2,2,5,2,2,-2,-2,-5,-2,-2
0,1,16285,16288,48855,48856,48857,48860,48861,48862,97711,97712,97713,97714,97715,97718,97719,97720,97721,97722,1,-1,2,-2,1,3,1,-1,-3,-1,2,2,5,2,2,-2,-2,-5,-2,-2
0,1,16287,16290,48861,48862,48863,48866,48867,48868,97723,97724,97725,97726,97727,97730,97731,97732,97733,97734,1,-1,2,-2,1,3,1,-1,-3,-1,2,2,5,2,2,-2,-2,-5,-2,-2
0,1,16289,16292,48867,48868,48869,48872,48873,48874,97735,97736,97737,97738,97739,97742,97743,97744,97745,97746,1,-1,2,-2,1,3,1,-1,-3,-1,2,2,5,2,2,-2,-2,-5,-2,-2
0,1,16291,16294,48873,48874,48875,48878,48879,48880,97747,97748,97749,97750,97751,97754,97755,97756,97757,97758,1,-1,2,-2,1,3,1,-1,-3,-1,2,2,5,2,2,-2,-2,-5,-2,-2
0,1,16293,16296,48879,48880,48881,48884,48885,48886,97759,97760,97761,97762,97763,97766,97767,97768,97769,97770,1,-1,2,-2,1,3,1,-1,-3,-1,2,2,5,2,2,-2,-2,-5,-2,-2
0,1,16295,16298,48885,48886,48887,48890,48891,48892,97771,97772,97773,97774,97775,97778,97779,97780,97781,97782,1,-1,2,-2,1,3,1,-1,-3,-1,2,2,5,2,2,-2,-2,-5,-2,-2
0,1,16297,16300,48891,48892,48893,48896,48897,48898,97783,97784,97785,97786,97787,97790,97791,97792,97793,97794,1,-1,2,-2,1,3,1,-1,-3,-1,2,2,5,2,2,-2,-2,-5,-2,-2
0,1,16299,16302,48897,48898,48899,48902,48903,48904,97795,97796,97797,97798,97799,97802,97803,97804,97805,97806,1,-1,2,-2,1,3,1,-1,-3,-1,2,2,5,2,2,-2,-2,-5,-2,-2
0,1,16301,16304,48903,48904,48905,48908,48909,48910,97807,97808,97809,97810,97811,97814,97815,97816,97817,97818,1,-1,2,-2,1,3,1,-1,-3,-1,2,2,5,2,2,-2,-2,-5,-2,-2
0,1,16303,16306,48909,48910,48911,48914,48915,48916,97819,97820,97821,97822,97823,97826,97827,97828,97829,97830,1,-1,2,-2,1,3,1,-1,-3,-1,2,2,5,2,2,-2,-2,-5,-2,-2
0,1,16305,16308,48915,48916,48917,48920,48921,48922,97831,97832,97833,97834,97835,97838,97839,97840,97841,97842,1,-1,2,-2,1,3,1,-1,-3,-1,2,2,5,2,2,-2,-2,-5,-2,-2
0,1,16307,16310,48921,48922,48923,48926,48927,48928,97843,97844,97845,97846,97847,97850,97851,97852,97853,97854,1,-1,2,-2,1,3,1,-1,-3,-1,2,2,5,2,2,-2,-2,-5,-2,-2
0,1,16309,16312,48927,48928,48929,48932,48933,48934,97855,97856,97857,97858,97859,97862,97863,97864,97865,97866,1,-1,2,-2,1,3,1,-1,-3,-1,2,2,5,2,2,-2,-2,-5,-2,-2
0,1,16311,16314,48933,48934,48935,48938,48939,48940,97867,97868,97869,97870,97871,97874,97875,97876,97877,97878,1,-1,2,-2,1,3,1,-1,-3,-1,2,2,5,2,2,-2,-2,-5,-2,-2
0,1,16313,16316,48939,48940,48941,48944,48945,48946,97879,97880,97881,97882,97883,97886,97887,97888,97889,97890,1,-1,2,-2,1,3,1,-1,-3,-1,2,2,5,2,2,-2,-2,-5,-2,-2
0,1,16315,16318,48945,48946,48947,48950,48951,48952,97891,97892,97893,97894,97895,97898,97899,97900,97901,97902,1,-1,2,-2,1,3,1,-1,-3,-1,2,2,5,2,2,-2,-2,-5,-2,-2
0,1,16317,16320,48951,48952,48953,48956,48957,48958,97903,97904,97905,97906,97907,97910,97911,97912,97913,97914,1,-1,2,-2,1,3,1,-1,-3,-1,2,2,5,2,2,-2,-2,-5,-2,-2
0,1,16319,16322,48957,48958,48959,48962,48963,48964,97915,97916,97917,97918,97919,97922,97923,97924,97925,97926,1,-1,2,-2,1,3,1,-1,-3,-1,2,2,5,2,2,-2,-2,-5,-2,-2
0,1,16321,16324,48963,48964,48965,48968,48969,48970,97927,97928,97929,97930,97931,97934,97935,97936,97937,97938,1,-1,2,-2,1,3,1,-1,-3,-1,2,2,5,2,2,-2,-2,-5,-2,-2
0,1,16323,16326,48969,48970,48971,48974,48975,48976,97939,97940,97941,97942,97943,97946,97947,97948,97949,97950,1,-1,2,-2,1,3,1,-1,-3,-1,2,2,5,2,2,-2,-2,-5,-2,-2
0,1,16325,16328,48975,48976,48977,48980,48981,48982,97951,97952,97953,97954,97955,97958,97959,97960,97961,97962,1,-1,2,-2,1,3,1,-1,-3,-1,2,2,5,2,2,-2,-2,-5,-2,-2
0,1,16327,16330,48981,48982,48983,48986,48987,48988,97963,97964,97965,97966,97967,97970,97971,97972,97973,97974,1,-1,2,-2,1,3,1,-1,-3,-1,2,2,5,2,2,-2,-2,-5,-2,-2
0,1,16329,16332,48987,48988,48989,48992,48993,48994,97975,97976,97977,97978,97979,97982,97983,97984,97985,97986,1,-1,2,-2,1,3,1,-1,-3,-1,2,2,5,2,2,-2,-2,-5,-2,-2
0,1,16331,16334,48993,48994,48995,48998,48999,49000,97987,97988,97989,97990,97991,97994,97995,97996,97997,97998,1,-1,2,-2,1,3,1,-1,-3,-1,2,2,5,2,2,-2,-2,-5,-2,-2
0,1,16333,16336,48999,49000,49001,49004,49005,49006,97999,98000,98001,98002,98003,98006,98007,98008,98009,98010,1,-1,2,-2,1,3,1,-1,-3,-1,2,2,5,2,2,-2,-2,-5,-2,-2
0,1,16335,16338,49005,49006,49007,49010,49011,49012,98011,98012,98013,98014,98015,98018,98019,98020,98021,98022,1,-1,2,-2,1,3,1,-1,-3,-1,2,2,5,2,2,-2,-2,-5,-2,-2
0,1,16337,16340,49011,49012,49013,49016,49017,49018,98023,98024,98025,98026,98027,98030,98031,98032,98033,98034,1,-1,2,-2,1,3,1,-1,-3,-1,2,2,5,2,2,-2,-2,-5,-2,-2
0,1,16339,16342,49017,49018,49019,49022,49023,49024,98035,98036,98037,98038,98039,98042,98043,98044,98045,98046,1,-1,2,-2,1,3,1,-1,-3,-1,2,2,5,2,2,-2,-2,-5,-2,-2
0,1,16341,16344,49023,49024,49025,49028,49029,49030,98047,98048,98049,98050,98051,98054,98055,98056,98057,98058,1,-1,2,-2,1,3,1,-1,-3,-1,2,2,5,2,2,-2,-2,-5,-2,-2
0,1,16343,16346,49029,49030,49031,49034,49035,49036,98059,98060,98061,98062,98063,98066,98067,98068,98069,98070,1,-1,2,-2,1,3,1,-1,-3,-1,2,2,5,2,2,-2,-2,-5,-2,-2
0,1,16345,16348,49035,49036,49037,49040,49041,49042,98071,98072,98073,98074,98075,98078,98079,98080,98081,98082,1,-1,2,-2,1,3,1,-1,-3,-1,2,2,5,2,2,-2,-2,-5,-2,-2
0,1,16347,16350,49041,49042,49043,49046,49047,49048,98083,98084,98085,98086,98087,98090,98091,98092,98093,98094,1,-1,2,-2,1,3,1,-1,-3,-1,2,2,5,2,2,-2,-2,-5,-2,-2
0,1,16349,16352,49047,49048,49049,49052,49053,49054,98095,98096,98097,98098,98099,98102,98103,98104,98105,98106,1,-1,2,-2,1,3,1,-1,-3,-1,2,2,5,2,2,-2,-2,-5,-2,-2
0,1,16351,16354,49053,49054,49055,49058,49059,49060,98107,98108,98109,98110,98111,98114,98115,98116,98117,98118,1,-1,2,-2,1,3,1,-1,-3,-1,2,2,5,2,2,-2,-2,-5,-2,-2
0,1,16353,16356,49059,49060,49061,49064,49065,49066,98119,98120,98121,98122,98123,98126,98127,98128,98129,98130,1,-1,2,-2,1,3,1,-1,-3,-1,2,2,5,2,2,-2,-2,-5,-2,-2
0,1,16355,16358,49065,49066,49067,49070,49071,49072,98131,98132,98133,98134,98135,98138,98139,98140,98141,98142,1,-1,2,-2,1,3,1,-1,-3,-1,2,2,5,2,2,-2,-2,-5,-2,-2
0,1,16357,16360,49071,49072,49073,49076,49077,49078,98143,98144,98145,98146,98147,98150,98151,98152,98153,98154,1,-1,2,-2,1,3,1,-1,-3,-1,2,2,5,2,2,-2,-2,-5,-2,-2
0,1,16359,16362,49077,49078,49079,49082,49083,49084,98155,98156,98157,98158,98159,98162,98163,98164,98165,98166,1,-1,2,-2,1,3,1,-1,-3,-1,2,2,5,2,2,-2,-2,-5,-2,-2
0,1,16361,16364,49083,49084,49085,49088,49089,49090,98167,98168,98169,98170,98171,98174,98175,98176,98177,98178,1,-1,2,-2,1,3,1,-1,-3,-1,2,2,5,2,2,-2,-2,-5,-2,-2
0,1,16363,16366,49089,49090,49091,49094,49095,49096,98179,98180,98181,98182,98183,98186,98187,98188,98189,98190,1,-1,2,-2,1,3,1,-1,-3,-1,2,2,5,2,2,-2,-2,-5,-2,-2
0,1,16365,16368,49095,49096,49097,49100,49101,49102,98191,98192,98193,98194,98195,98198,98199,98200,98201,98202,1,-1,2,-2,1,3,1,-1,-3,-1,2,2,5,2,2,-2,-2,-5,-2,-2
0,1,16367,16370,49101,49102,49103,49106,49107,49108,98203,98204,98205,98206,98207,98210,98211,98212,98213,98214,1,-1,2,-2,1,3,1,-1,-3,-1,2,2,5,2,2,-2,-2,-5,-2,-2
0,1,16369,16372,49107,49108,49109,49112,49113,49114,98215,98216,98217,98218,98219,98222,98223,98224,98225,98226,1,-1,2,-2,1,3,1,-1,-3,-1,2,2,5,2,2,-2,-2,-5,-2,-2
0,1,16371,16374,49113,49114,49115,49118,49119,49120,98227,98228,98229,98230,98231,98234,98235,98236,98237,98238,1,-1,2,-2,1,3,1,-1,-3,-1,2,2,5,2,2,-2,-2,-5,-2,-2
0,1,16373,16376,49119,49120,49121,49124,49125,49126,98239,98240,98241,98242,98243,98246,98247,98248,98249,98250,1,-1,2,-2,1,3,1,-1,-3,-1,2,2,5,2,2,-2,-2,-5,-2,-2
0,1,16375,16378,49125,49126,49127,49130,49131,49132,98251,98252,98253,98254,98255,98258,98259,98260,98261,98262,1,-1,2,-2,1,3,1,-1,-3,-1,2,2,5,2,2,-2,-2,-5,-2,-2
0,1,16377,16380,49131,49132,49133,49136,49137,49138,98263,98264,98265,98266,98267,98270,98271,98272,98273,98274,1,-1,2,-2,1,3,1,-1,-3,-1,2,2,5,2,2,-2,-2,-5,-2,-2
0,1,16379,16382,49137,49138,49139,49142,49143,49144,98275,98276,98277,98278,98279,98282,98283,98284,98285,98286,1,-1,2,-2,1,3,1,-1,-3,-1,2,2,5,2,2,-2,-2,-5,-2,-2
0,1,16381,16384,49143,49144,49145,49148,49149,49150,98287,98288,98289,98290,98291,98294,98295,98296,98297,98298,1,-1,2,-2,1,3,1,-1,-3,-1,2,2,5,2,2,-2,-2,-5,-2,-2
0,1,16383,16386,49149,49150,49151,49154,49155,49156,98299,98300,98301,98302,98303,98306,98307,98308,98309,98310,1,-1,2,-2,1,3,1,-1,-3,-1,2,2,5,2,2,-2,-2,-5,-2,-2
0,1,16385,16388,49155,49156,49157,49160,49161,49162,98311,98312,98313,98314,98315,98318,98319,98320,98321,98322,1,-1,2,-2,1,3,1,-1,-3,-1,2,2,5,2,2,-2,-2,-5,-2,-2
0,1,16387,16390,49161,49162,49163,49166,49167,49168,98323,98324,98325,98326,98327,98330,98331,98332,98333,98334,1,-1,2,-2,1,3,1,-1,-3,-1,2,2,5,2,2,-2,-2,-5,-2,-2
0,1,16389,16392,49167,49168,49169,49172,49173,49174,98335,98336,98337,98338,98339,98342,98343,98344,98345,98346,1,-1,2,-2,1,3,1,-1,-3,-1,2,2,5,2,2,-2,-2,-5,-2,-2
0,1,16391,16394,49173,49174,49175,49178,49179,49180,98347,98348,98349,98350,98351,98354,98355,98356,98357,98358,1,-1,2,-2,1,3,1,-1,-3,-1,2,2,5,2,2,-2,-2,-5,-2,-2
0,1,16393,16396,49179,49180,49181,49184,49185,49186,98359,98360,98361,98362,98363,98366,98367,98368,98369,98370,1,-1,2,-2,1,3,1,-1,-3,-1,2,2,5,2,2,-2,-2,-5,-2,-2
0,1,16395,16398,49185,49186,49187,49190,49191,49192,98371,98372,98373,98374,98375,98378,98379,98380,98381,98382,1,-1,2,-2,1,3,1,-1,-3,-1,2,2,5,2,2,-2,-2,-5,-2,-2
0,1,16397,16400,49191,49192,49193,49196,49197,49198,98383,98384,98385,98386,98387,98390,98391,98392,98393,98394,1,-1,2,-2,1,3,1,-1,-3,-1,2,2,5,2,2,-2,-2,-5,-2,-2
0,1,16399,16402,49197,49198,49199,49202,49203,49204,98395,98396,98397,98398,98399,98402,98403,98404,98405,98406,1,-1,2,-2,1,3,1,-1,-3,-1,2,2,5,2,2,-2,-2,-5,-2,-2
0,1,16401,16404,49203,49204,49205,49208,49209,49210,98407,98408,98409,98410,98411,98414,98415,98416,98417,98418,1,-1,2,-2,1,3,1,-1,-3,-1,2,2,5,2,2,-2,-2,-5,-2,-2
0,1,16403,16406,49209,49210,49211,49214,49215,49216,98419,98420,98421,98422,98423,98426,98427,98428,98429,98430,1,-1,2,-2,1,3,1,-1,-3,-1,2,2,5,2,2,-2,-2,-5,-2,-2
0,1,16405,16408,49215,49216,49217,49220,49221,49222,98431,98432,98433,98434,98435,98438,98439,98440,98441,98442,1,-1,2,-2,1,3,1,-1,-3,-1,2,2,5,2,2,-2,-2,-5,-2,-2
0,1,16407,16410,49221,49222,49223,49226,49227,49228,98443,98444,98445,98446,98447,98450,98451,98452,98453,98454,1,-1,2,-2,1,3,1,-1,-3,-1,2,2,5,2,2,-2,-2,-5,-2,-2
0,1,16409,16412,49227,49228,49229,49232,49233,49234,98455,98456,98457,98458,98459,98462,98463,98464,98465,98466,1,-1,2,-2,1,3,1,-1,-3,-1,2,2,5,2,2,-2,-2,-5,-2,-2
0,1,16411,16414,49233,49234,49235,49238,49239,49240,98467,98468,98469,98470,98471,98474,98475,98476,98477,98478,1,-1,2,-2,1,3,1,-1,-3,-1,2,2,5,2,2,-2,-2,-5,-2,-2
0,1,16413,16416,49239,49240,49241,49244,49245,49246,98479,98480,98481,98482,98483,98486,98487,98488,98489,98490,1,-1,2,-2,1,3,1,-1,-3,-1,2,2,5,2,2,-2,-2,-5,-2,-2
0,1,16415,16418,49245,49246,49247,49250,49251,49252,98491,98492,98493,98494,98495,98498,98499,98500,98501,98502,1,-1,2,-2,1,3,1,-1,-3,-1,2,2,5,2,2,-2,-2,-5,-2,-2
0,1,16417,16420,49251,49252,49253,49256,49257,49258,98503,98504,98505,98506,98507,98510,98511,98512,98513,98514,1,-1,2,-2,1,3,1,-1,-3,-1,2,2,5,2,2,-2,-2,-5,-2,-2
0,1,16419,16422,49257,49258,49259,49262,49263,49264,98515,98516,98517,98518,98519,98522,98523,98524,98525,98526,1,-1,2,-2,1,3,1,-1,-3,-1,2,2,5,2,2,-2,-2,-5,-2,-2
0,1,16421,16424,49263,49264,49265,49268,49269,49270,98527,98528,98529,98530,98531,98534,98535,98536,98537,98538,1,-1,2,-2,1,3,1,-1,-3,-1,2,2,5,2,2,-2,-2,-5,-2,-2
0,1,16423,16426,49269,49270,49271,49274,49275,49276,98539,98540,98541,98542,98543,98546,98547,98548,98549,98550,1,-1,2,-2,1,3,1,-1,-3,-1,2,2,5,2,2,-2,-2,-5,-2,-2
0,1,16425,16428,49275,49276,49277,49280,49281,49282,98551,98552,98553,98554,98555,98558,98559,98560,98561,98562,1,-1,2,-2,1,3,1,-1,-3,-1,2,2,5,2,2,-2,-2,-5,-2,-2
0,1,16427,16430,49281,49282,49283,49286,49287,49288,98563,98564,98565,98566,98567,98570,98571,98572,98573,98574,1,-1,2,-2,1,3,1,-1,-3,-1,2,2,5,2,2,-2,-2,-5,-2,-2
0,1,16429,16432,49287,49288,49289,49292,49293,49294,98575,98576,98577,98578,98579,98582,98583,98584,98585,98586,1,-1,2,-2,1,3,1,-1,-3,-1,2,2,5,2,2,-2,-2,-5,-2,-2
0,1,16431,16434,49293,49294,49295,49298,49299,49300,98587,98588,98589,98590,98591,98594,98595,98596,98597,98598,1,-1,2,-2,1,3,1,-1,-3,-1,2,2,5,2,2,-2,-2,-5,-2,-2
0,1,16433,16436,49299,49300,49301,49304,49305,49306,98599,98600,98601,98602,98603,98606,98607,98608,98609,98610,1,-1,2,-2,1,3,1,-1,-3,-1,2,2,5,2,2,-2,-2,-5,-2,-2
0,1,16435,16438,49305,49306,49307,49310,49311,49312,98611,98612,98613,98614,98615,98618,98619,98620,98621,98622,1,-1,2,-2,1,3,1,-1,-3,-1,2,2,5,2,2,-2,-2,-5,-2,-2
0,1,16437,16440,49311,49312,49313,49316,49317,49318,98623,98624,98625,98626,98627,98630,98631,98632,98633,98634,1,-1,2,-2,1,3,1,-1,-3,-1,2,2,5,2,2,-2,-2,-5,-2,-2
0,1,16439,16442,49317,49318,49319,49322,49323,49324,98635,98636,98637,98638,98639,98642,98643,98644,98645,98646,1,-1,2,-2,1,3,1,-1,-3,-1,2,2,5,2,2,-2,-2,-5,-2,-2
0,1,16441,16444,49323,49324,49325,49328,49329,49330,98647,98648,98649,98650,98651,98654,98655,98656,98657,98658,1,-1,2,-2,1,3,1,-1,-3,-1,2,2,5,2,2,-2,-2,-5,-2,-2
0,1,16443,16446,49329,49330,49331,49334,49335,49336,98659,98660,98661,98662,98663,98666,98667,98668,98669,98670,1,-1,2,-2,1,3,1,-1,-3,-1,2,2,5,2,2,-2,-2,-5,-2,-2
0,1,16445,16448,49335,49336,49337,49340,49341,49342,98671,98672,98673,98674,98675,98678,98679,98680,98681,98682,1,-1,2,-2,1,3,1,-1,-3,-1,2,2,5,2,2,-2,-2,-5,-2,-2
0,1,16447,16450,49341,49342,49343,49346,49347,49348,98683,98684,98685,98686,98687,98690,98691,98692,98693,98694,1,-1,2,-2,1,3,1,-1,-3,-1,2,2,5,2,2,-2,-2,-5,-2,-2
0,1,16449,16452,49347,49348,49349,49352,49353,49354,98695,98696,98697,98698,98699,98702,98703,98704,98705,98706,1,-1,2,-2,1,3,1,-1,-3,-1,2,2,5,2,2,-2,-2,-5,-2,-2
0,1,16451,16454,49353,49354,49355,49358,49359,49360,98707,98708,98709,98710,98711,98714,98715,98716,98717,98718,1,-1,2,-2,1,3,1,-1,-3,-1,2,2,5,2,2,-2,-2,-5,-2,-2
0,1,16453,16456,49359,49360,49361,49364,49365,49366,98719,98720,98721,98722,98723,98726,98727,98728,98729,98730,1,-1,2,-2,1,3,1,-1,-3,-1,2,2,5,2,2,-2,-2,-5,-2,-2
0,1,16455,16458,49365,49366,49367,49370,49371,49372,98731,98732,98733,98734,98735,98738,98739,98740,98741,98742,1,-1,2,-2,1,3,1,-1,-3,-1,2,2,5,2,2,-2,-2,-5,-2,-2
0,1,16457,16460,49371,49372,49373,49376,49377,49378,98743,98744,98745,98746,98747,98750,98751,98752,98753,98754,1,-1,2,-2,1,3,1,-1,-3,-1,2,2,5,2,2,-2,-2,-5,-2,-2
0,1,16459,16462,49377,49378,49379,49382,49383,49384,98755,98756,98757,98758,98759,98762,98763,98764,98765,98766,1,-1,2,-2,1,3,1,-1,-3,-1,2,2,5,2,2,-2,-2,-5,-2,-2
0,1,16461,16464,49383,49384,49385,49388,49389,49390,98767,98768,98769,98770,98771,98774,98775,98776,98777,98778,1,-1,2,-2,1,3,1,-1,-3,-1,2,2,5,2,2,-2,-2,-5,-2,-2
0,1,16463,16466,49389,49390,49391,49394,49395,49396,98779,98780,98781,98782,98783,98786,98787,98788,98789,98790,1,-1,2,-2,1,3,1,-1,-3,-1,2,2,5,2,2,-2,-2,-5,-2,-2
0,1,16465,16468,49395,49396,49397,49400,49401,49402,98791,98792,98793,98794,98795,98798,98799,98800,98801,98802,1,-1,2,-2,1,3,1,-1,-3,-1,2,2,5,2,2,-2,-2,-5,-2,-2
0,1,16467,16470,49401,49402,49403,49406,49407,49408,98803,98804,98805,98806,98807,98810,98811,98812,98813,98814,1,-1,2,-2,1,3,1,-1,-3,-1,2,2,5,2,2,-2,-2,-5,-2,-2
0,1,16469,16472,49407,49408,49409,49412,49413,49414,98815,98816,98817,98818,98819,98822,98823,98824,98825,98826,1,-1,2,-2,1,3,1,-1,-3,-1,2,2,5,2,2,-2,-2,-5,-2,-2
0,1,16471,16474,49413,49414,49415,49418,49419,49420,98827,98828,98829,98830,98831,98834,98835,98836,98837,98838,1,-1,2,-2,1,3,1,-1,-3,-1,2,2,5,2,2,-2,-2,-5,-2,-2
0,1,16473,16476,49419,49420,49421,49424,49425,49426,98839,98840,98841,98842,98843,98846,98847,98848,98849,98850,1,-1,2,-2,1,3,1,-1,-3,-1,2,2,5,2,2,-2,-2,-5,-2,-2
0,1,16475,16478,49425,49426,49427,49430,49431,49432,98851,98852,98853,98854,98855,98858,98859,98860,98861,98862,1,-1,2,-2,1,3,1,-1,-3,-1,2,2,5,2,2,-2,-2,-5,-2,-2
0,1,16477,16480,49431,49432,49433,49436,49437,49438,98863,98864,98865,98866,98867,98870,98871,98872,98873,98874,1,-1,2,-2,1,3,1,-1,-3,-1,2,2,5,2,2,-2,-2,-5,-2,-2
0,1,16479,16482,49437,49438,49439,49442,49443,49444,98875,98876,98877,98878,98879,98882,98883,98884,98885,98886,1,-1,2,-2,1,3,1,-1,-3,-1,2,2,5,2,2,-2,-2,-5,-2,-2
0,1,16481,16484,49443,49444,49445,49448,49449,49450,98887,98888,98889,98890,98891,98894,98895,98896,98897,98898,1,-1,2,-2,1,3,1,-1,-3,-1,2,2,5,2,2,-2,-2,-5,-2,-2
0,1,16483,16486,49449,49450,49451,49454,49455,49456,98899,98900,98901,98902,98903,98906,98907,98908,98909,98910,1,-1,2,-2,1,3,1,-1,-3,-1,2,2,5,2,2,-2,-2,-5,-2,-2
0,1,16485,16488,49455,49456,49457,49460,49461,49462,98911,98912,98913,98914,98915,98918,98919,98920,98921,98922,1,-1,2,-2,1,3,1,-1,-3,-1,2,2,5,2,2,-2,-2,-5,-2,-2
0,1,16487,16490,49461,49462,49463,49466,49467,49468,98923,98924,98925,98926,98927,98930,98931,98932,98933,98934,1,-1,2,-2,1,3,1,-1,-3,-1,2,2,5,2,2,-2,-2,-5,-2,-2
0,1,16489,16492,49467,49468,49469,49472,49473,49474,98935,98936,98937,98938,98939,98942,98943,98944,98945,98946,1,-1,2,-2,1,3,1,-1,-3,-1,2,2,5,2,2,-2,-2,-5,-2,-2
0,1,16491,16494,49473,49474,49475,49478,49479,49480,98947,98948,98949,98950,98951,98954,98955,98956,98957,98958,1,-1,2,-2,1,3,1,-1,-3,-1,2,2,5,2,2,-2,-2,-5,-2,-2
0,1,16493,16496,49479,49480,49481,49484,49485,49486,98959,98960,98961,98962,98963,98966,98967,98968,98969,98970,1,-1,2,-2,1,3,1,-1,-3,-1,2,2,5,2,2,-2,-2,-5,-2,-2
0,1,16495,16498,49485,49486,49487,49490,49491,49492,98971,98972,98973,98974,98975,98978,98979,98980,98981,98982,1,-1,2,-2,1,3,1,-1,-3,-1,2,2,5,2,2,-2,-2,-5,-2,-2
0,1,16497,16500,49491,49492,49493,49496,49497,49498,98983,98984,98985,98986,98987,98990,98991,98992,98993,98994,1,-1,2,-2,1,3,1,-1,-3,-1,2,2,5,2,2,-2,-2,-5,-2,-2
0,1,16499,16502,49497,49498,49499,49502,49503,49504,98995,98996,98997,98998,98999,99002,99003,99004,99005,99006,1,-1,2,-2,1,3,1,-1,-3,-1,2,2,5,2,2,-2,-2,-5,-2,-2
0,1,16501,16504,49503,49504,49505,49508,49509,49510,99007,99008,99009,99010,99011,99014,99015,99016,99017,99018,1,-1,2,-2,1,3,1,-1,-3,-1,2,2,5,2,2,-2,-2,-5,-2,-2
0,1,16503,16506,49509,49510,49511,49514,49515,49516,99019,99020,99021,99022,99023,99026,99027,99028,99029,99030,1,-1,2,-2,1,3,1,-1,-3,-1,2,2,5,2,2,-2,-2,-5,-2,-2
0,1,16505,16508,49515,49516,49517,49520,49521,49522,99031,99032,99033,99034,99035,99038,99039,99040,99041,99042,1,-1,2,-2,1,3,1,-1,-3,-1,2,2,5,2,2,-2,-2,-5,-2,-2
0,1,16507,16510,49521,49522,49523,49526,49527,49528,99043,99044,99045,99046,99047,99050,99051,99052,99053,99054,1,-1,2,-2,1,3,1,-1,-3,-1,2,2,5,2,2,-2,-2,-5,-2,-2
0,1,16509,16512,49527,49528,49529,49532,49533,49534,99055,99056,99057,99058,99059,99062,99063,99064,99065,99066,1,-1,2,-2,1,3,1,-1,-3,-1,2,2,5,2,2,-2,-2,-5,-2,-2
0,1,16511,16514,49533,49534,49535,49538,49539,49540,99067,99068,99069,99070,99071,99074,99075,99076,99077,99078,1,-1,2,-2,1,3,1,-1,-3,-1,2,2,5,2,2,-2,-2,-5,-2,-2
0,1,16513,16516,49539,49540,49541,49544,49545,49546,99079,99080,99081,99082,99083,99086,99087,99088,99089,99090,1,-1,2,-2,1,3,1,-1,-3,-1,2,2,5,2,2,-2,-2,-5,-2,-2
0,1,16515,16518,49545,49546,49547,49550,49551,49552,99091,99092,99093,99094,99095,99098,99099,99100,99101,99102,1,-1,2,-2,1,3,1,-1,-3,-1,2,2,5,2,2,-2,-2,-5,-2,-2
0,1,16517,16520,49551,49552,49553,49556,49557,49558,99103,99104,99105,99106,99107,99110,99111,99112,99113,99114,1,-1,2,-2,1,3,1,-1,-3,-1,2,2,5,2,2,-2,-2,-5,-2,-2
0,1,16519,16522,49557,49558,49559,49562,49563,49564,99115,99116,99117,99118,99119,99122,99123,99124,99125,99126,1,-1,2,-2,1,3,1,-1,-3,-1,2,2,5,2,2,-2,-2,-5,-2,-2
0,1,16521,16524,49563,49564,49565,49568,49569,49570,99127,99128,99129,99130,99131,99134,99135,99136,99137,99138,1,-1,2,-2,1,3,1,-1,-3,-1,2,2,5,2,2,-2,-2,-5,-2,-2
0,1,16523,16526,49569,49570,49571,49574,49575,49576,99139,99140,99141,99142,99143,99146,99147,99148,99149,99150,1,-1,2,-2,1,3,1,-1,-3,-1,2,2,5,2,2,-2,-2,-5,-2,-2
0,1,16525,16528,49575,49576,49577,49580,49581,49582,99151,99152,99153,99154,99155,99158,99159,99160,99161,99162,1,-1,2,-2,1,3,1,-1,-3,-1,2,2,5,2,2,-2,-2,-5,-2,-2
0,1,16527,16530,49581,49582,49583,49586,49587,49588,99163,99164,99165,99166,99167,99170,99171,99172,99173,99174,1,-1,2,-2,1,3,1,-1,-3,-1,2,2,5,2,2,-2,-2,-5,-2,-2
0,1,16529,16532,49587,49588,49589,49592,49593,49594,99175,99176,99177,99178,99179,99182,99183,99184,99185,99186,1,-1,2,-2,1,3,1,-1,-3,-1,2,2,5,2,2,-2,-2,-5,-2,-2
0,1,16531,16534,49593,49594,49595,49598,49599,49600,99187,99188,99189,99190,99191,99194,99195,99196,99197,99198,1,-1,2,-2,1,3,1,-1,-3,-1,2,2,5,2,2,-2,-2,-5,-2,-2
0,1,16533,16536,49599,49600,49601,49604,49605,49606,99199,99200,99201,99202,99203,99206,99207,99208,99209,99210,1,-1,2,-2,1,3,1,-1,-3,-1,2,2,5,2,2,-2,-2,-5,-2,-2
0,1,16535,16538,49605,49606,49607,49610,49611,49612,99211,99212,99213,99214,99215,99218,99219,99220,99221,99222,1,-1,2,-2,1,3,1,-1,-3,-1,2,2,5,2,2,-2,-2,-5,-2,-2
0,1,16537,16540,49611,49612,49613,49616,49617,49618,99223,99224,99225,99226,99227,99230,99231,99232,99233,99234,1,-1,2,-2,1,3,1,-1,-3,-1,2,2,5,2,2,-2,-2,-5,-2,-2
0,1,16539,16542,49617,49618,49619,49622,49623,49624,99235,99236,99237,99238,99239,99242,99243,99244,99245,99246,1,-1,2,-2,1,3,1,-1,-3,-1,2,2,5,2,2,-2,-2,-5,-2,-2
0,1,16541,16544,49623,49624,49625,49628,49629,49630,99247,99248,99249,99250,99251,99254,99255,99256,99257,99258,1,-1,2,-2,1,3,1,-1,-3,-1,2,2,5,2,2,-2,-2,-5,-2,-2
0,1,16543,16546,49629,49630,49631,49634,49635,49636,99259,99260,99261,99262,99263,99266,99267,99268,99269,99270,1,-1,2,-2,1,3,1,-1,-3,-1,2,2,5,2,2,-2,-2,-5,-2,-2
0,1,16545,16548,49635,49636,49637,49640,49641,49642,99271,99272,99273,99274,99275,99278,99279,99280,99281,99282,1,-1,2,-2,1,3,1,-1,-3,-1,2,2,5,2,2,-2,-2,-5,-2,-2
0,1,16547,16550,49641,49642,49643,49646,49647,49648,99283,99284,99285,99286,99287,99290,99291,99292,99293,99294,1,-1,2,-2,1,3,1,-1,-3,-1,2,2,5,2,2,-2,-2,-5,-2,-2
0,1,16549,16552,49647,49648,49649,49652,49653,49654,99295,99296,99297,99298,99299,99302,99303,99304,99305,99306,1,-1,2,-2,1,3,1,-1,-3,-1,2,2,5,2,2,-2,-2,-5,-2,-2
0,1,16551,16554,49653,49654,49655,49658,49659,49660,99307,99308,99309,99310,99311,99314,99315,99316,99317,99318,1,-1,2,-2,1,3,1,-1,-3,-1,2,2,5,2,2,-2,-2,-5,-2,-2
0,1,16553,16556,49659,49660,49661,49664,49665,49666,99319,99320,99321,99322,99323,99326,99327,99328,99329,99330,1,-1,2,-2,1,3,1,-1,-3,-1,2,2,5,2,2,-2,-2,-5,-2,-2
0,1,16555,16558,49665,49666,49667,49670,49671,49672,99331,99332,99333,99334,99335,99338,99339,99340,99341,99342,1,-1,2,-2,1,3,1,-1,-3,-1,2,2,5,2,2,-2,-2,-5,-2,-2
0,1,16557,16560,49671,49672,49673,49676,49677,49678,99343,99344,99345,99346,99347,99350,99351,99352,99353,99354,1,-1,2,-2,1,3,1,-1,-3,-1,2,2,5,2,2,-2,-2,-5,-2,-2
0,1,16559,16562,49677,49678,49679,49682,49683,49684,99355,99356,99357,99358,99359,99362,99363,99364,99365,99366,1,-1,2,-2,1,3,1,-1,-3,-1,2,2,5,2,2,-2,-2,-5,-2,-2
0,1,16561,16564,49683,49684,49685,49688,49689,49690,99367,99368,99369,99370,99371,99374,99375,99376,99377,99378,1,-1,2,-2,1,3,1,-1,-3,-1,2,2,5,2,2,-2,-2,-5,-2,-2
0,1,16563,16566,49689,49690,49691,49694,49695,49696,99379,99380,99381,99382,99383,99386,99387,99388,99389,99390,1,-1,2,-2,1,3,1,-1,-3,-1,2,2,5,2,2,-2,-2,-5,-2,-2
0,1,16565,16568,49695,49696,49697,49700,49701,49702,99391,99392,99393,99394,99395,99398,99399,99400,99401,99402,1,-1,2,-2,1,3,1,-1,-3,-1,2,2,5,2,2,-2,-2,-5,-2,-2
0,1,16567,16570,49701,49702,49703,49706,49707,49708,99403,99404,99405,99406,99407,99410,99411,99412,99413,99414,1,-1,2,-2,1,3,1,-1,-3,-1,2,2,5,2,2,-2,-2,-5,-2,-2
0,1,16569,16572,49707,49708,49709,49712,49713,49714,99415,99416,99417,99418,99419,99422,99423,99424,99425,99426,1,-1,2,-2,1,3,1,-1,-3,-1,2,2,5,2,2,-2,-2,-5,-2,-2
0,1,16571,16574,49713,49714,49715,49718,49719,49720,99427,99428,99429,99430,99431,99434,99435,99436,99437,99438,1,-1,2,-2,1,3,1,-1,-3,-1,2,2,5,2,2,-2,-2,-5,-2,-2
0,1,16573,16576,49719,49720,49721,49724,49725,49726,99439,99440,99441,99442,99443,99446,99447,99448,99449,99450,1,-1,2,-2,1,3,1,-1,-3,-1,2,2,5,2,2,-2,-2,-5,-2,-2
0,1,16575,16578,49725,49726,49727,49730,49731,49732,99451,99452,99453,99454,99455,99458,99459,99460,99461,99462,1,-1,2,-2,1,3,1,-1,-3,-1,2,2,5,2,2,-2,-2,-5,-2,-2
0,1,16577,16580,49731,49732,49733,49736,49737,49738,99463,99464,99465,99466,99467,99470,99471,99472,99473,99474,1,-1,2,-2,1,3,1,-1,-3,-1,2,2,5,2,2,-2,-2,-5,-2,-2
0,1,16579,16582,49737,49738,49739,49742,49743,49744,99475,99476,99477,99478,99479,99482,99483,99484,99485,99486,1,-1,2,-2,1,3,1,-1,-3,-1,2,2,5,2,2,-2,-2,-5,-2,-2
0,1,16581,16584,49743,49744,49745,49748,49749,49750,99487,99488,99489,99490,99491,99494,99495,99496,99497,99498,1,-1,2,-2,1,3,1,-1,-3,-1,2,2,5,2,2,-2,-2,-5,-2,-2
0,1,16583,16586,49749,49750,49751,49754,49755,49756,99499,99500,99501,99502,99503,99506,99507,99508,99509,99510,1,-1,2,-2,1,3,1,-1,-3,-1,2,2,5,2,2,-2,-2,-5,-2,-2
0,1,16585,16588,49755,49756,49757,49760,49761,49762,99511,99512,99513,99514,99515,99518,99519,99520,99521,99522,1,-1,2,-2,1,3,1,-1,-3,-1,2,2,5,2,2,-2,-2,-5,-2,-2
0,1,16587,16590,49761,49762,49763,49766,49767,49768,99523,99524,99525,99526,99527,99530,99531,99532,99533,99534,1,-1,2,-2,1,3,1,-1,-3,-1,2,2,5,2,2,-2,-2,-5,-2,-2
0,1,16589,16592,49767,49768,49769,49772,49773,49774,99535,99536,99537,99538,99539,99542,99543,99544,99545,99546,1,-1,2,-2,1,3,1,-1,-3,-1,2,2,5,2,2,-2,-2,-5,-2,-2
0,1,16591,16594,49773,49774,49775,49778,49779,49780,99547,99548,99549,99550,99551,99554,99555,99556,99557,99558,1,-1,2,-2,1,3,1,-1,-3,-1,2,2,5,2,2,-2,-2,-5,-2,-2
0,1,16593,16596,49779,49780,49781,49784,49785,49786,99559,99560,99561,99562,99563,99566,99567,99568,99569,99570,1,-1,2,-2,1,3,1,-1,-3,-1,2,2,5,2,2,-2,-2,-5,-2,-2
0,1,16595,16598,49785,49786,49787,49790,49791,49792,99571,99572,99573,99574,99575,99578,99579,99580,99581,99582,1,-1,2,-2,1,3,1,-1,-3,-1,2,2,5,2,2,-2,-2,-5,-2,-2
0,1,16597,16600,49791,49792,49793,49796,49797,49798,99583,99584,99585,99586,99587,99590,99591,99592,99593,99594,1,-1,2,-2,1,3,1,-1,-3,-1,2,2,5,2,2,-2,-2,-5,-2,-2
0,1,16599,16602,49797,49798,49799,49802,49803,49804,99595,99596,99597,99598,99599,99602,99603,99604,99605,99606,1,-1,2,-2,1,3,1,-1,-3,-1,2,2,5,2,2,-2,-2,-5,-2,-2
0,1,16601,16604,49803,49804,49805,49808,49809,49810,99607,99608,99609,99610,99611,99614,99615,99616,99617,99618,1,-1,2,-2,1,3,1,-1,-3,-1,2,2,5,2,2,-2,-2,-5,-2,-2
0,1,16603,16606,49809,49810,49811,49814,49815,49816,99619,99620,99621,99622,99623,99626,99627,99628,99629,99630,1,-1,2,-2,1,3,1,-1,-3,-1,2,2,5,2,2,-2,-2,-5,-2,-2
0,1,16605,16608,49815,49816,49817,49820,49821,49822,99631,99632,99633,99634,99635,99638,99639,99640,99641,99642,1,-1,2,-2,1,3,1,-1,-3,-1,2,2,5,2,2,-2,-2,-5,-2,-2
0,1,16607,16610,49821,49822,49823,49826,49827,49828,99643,99644,99645,99646,99647,99650,99651,99652,99653,99654,1,-1,2,-2,1,3,1,-1,-3,-1,2,2,5,2,2,-2,-2,-5,-2,-2
0,1,16609,16612,49827,49828,49829,49832,49833,49834,99655,99656,99657,99658,99659,99662,99663,99664,99665,99666,1,-1,2,-2,1,3,1,-1,-3,-1,2,2,5,2,2,-2,-2,-5,-2,-2
0,1,16611,16614,49833,49834,49835,49838,49839,49840,99667,99668,99669,99670,99671,99674,99675,99676,99677,99678,1,-1,2,-2,1,3,1,-1,-3,-1,2,2,5,2,2,-2,-2,-5,-2,-2
0,1,16613,16616,49839,49840,49841,49844,49845,49846,99679,99680,99681,99682,99683,99686,99687,99688,99689,99690,1,-1,2,-2,1,3,1,-1,-3,-1,2,2,5,2,2,-2,-2,-5,-2,-2
0,1,16615,16618,49845,49846,49847,49850,49851,49852,99691,99692,99693,99694,99695,99698,99699,99700,99701,99702,1,-1,2,-2,1,3,1,-1,-3,-1,2,2,5,2,2,-2,-2,-5,-2,-2
0,1,16617,16620,49851,49852,49853,49856,49857,49858,99703,99704,99705,99706,99707,99710,99711,99712,99713,99714,1,-1,2,-2,1,3,1,-1,-3,-1,2,2,5,2,2,-2,-2,-5,-2,-2
0,1,16619,16622,49857,49858,49859,49862,49863,49864,99715,99716,99717,99718,99719,99722,99723,99724,99725,99726,1,-1,2,-2,1,3,1,-1,-3,-1,2,2,5,2,2,-2,-2,-5,-2,-2
0,1,16621,16624,49863,49864,49865,49868,49869,49870,99727,99728,99729,99730,99731,99734,99735,99736,99737,99738,1,-1,2,-2,1,3,1,-1,-3,-1,2,2,5,2,2,-2,-2,-5,-2,-2
0,1,16623,16626,49869,49870,49871,49874,49875,49876,99739,99740,99741,99742,99743,99746,99747,99748,99749,99750,1,-1,2,-2,1,3,1,-1,-3,-1,2,2,5,2,2,-2,-2,-5,-2,-2
0,1,16625,16628,49875,49876,49877,49880,49881,49882,99751,99752,99753,99754,99755,99758,99759,99760,99761,99762,1,-1,2,-2,1,3,1,-1,-3,-1,2,2,5,2,2,-2,-2,-5,-2,-2
0,1,16627,16630,49881,49882,49883,49886,49887,49888,99763,99764,99765,99766,99767,99770,99771,99772,99773,99774,1,-1,2,-2,1,3,1,-1,-3,-1,2,2,5,2,2,-2,-2,-5,-2,-2
0,1,16629,16632,49887,49888,49889,49892,49893,49894,99775,99776,99777,99778,99779,99782,99783,99784,99785,99786,1,-1,2,-2,1,3,1,-1,-3,-1,2,2,5,2,2,-2,-2,-5,-2,-2
0,1,16631,16634,49893,49894,49895,49898,49899,49900,99787,99788,99789,99790,99791,99794,99795,99796,99797,99798,1,-1,2,-2,1,3,1,-1,-3,-1,2,2,5,2,2,-2,-2,-5,-2,-2
0,1,16633,16636,49899,49900,49901,49904,49905,49906,99799,99800,99801,99802,99803,99806,99807,99808,99809,99810,1,-1,2,-2,1,3,1,-1,-3,-1,2,2,5,2,2,-2,-2,-5,-2,-2
0,1,16635,16638,49905,49906,49907,49910,49911,49912,99811,99812,99813,99814,99815,99818,99819,99820,99821,99822,1,-1,2,-2,1,3,1,-1,-3,-1,2,2,5,2,2,-2,-2,-5,-2,-2
0,1,16637,16640,49911,49912,49913,49916,49917,49918,99823,99824,99825,99826,99827,99830,99831,99832,99833,99834,1,-1,2,-2,1,3,1,-1,-3,-1,2,2,5,2,2,-2,-2,-5,-2,-2
0,1,16639,16642,49917,49918,49919,49922,49923,49924,99835,99836,99837,99838,99839,99842,99843,99844,99845,99846,1,-1,2,-2,1,3,1,-1,-3,-1,2,2,5,2,2,-2,-2,-5,-2,-2
0,1,16641,16644,49923,49924,49925,49928,49929,49930,99847,99848,99849,99850,99851,99854,99855,99856,99857,99858,1,-1,2,-2,1,3,1,-1,-3,-1,2,2,5,2,2,-2,-2,-5,-2,-2
0,1,16643,16646,49929,49930,49931,49934,49935,49936,99859,99860,99861,99862,99863,99866,99867,99868,99869,99870,1,-1,2,-2,1,3,1,-1,-3,-1,2,2,5,2,2,-2,-2,-5,-2,-2
0,1,16645,16648,49935,49936,49937,49940,49941,49942,99871,99872,99873,99874,99875,99878,99879,99880,99881,99882,1,-1,2,-2,1,3,1,-1,-3,-1,2,2,5,2,2,-2,-2,-5,-2,-2
0,1,16647,16650,49941,49942,49943,49946,49947,49948,99883,99884,99885,99886,99887,99890,99891,99892,99893,99894,1,-1,2,-2,1,3,1,-1,-3,-1,2,2,5,2,2,-2,-2,-5,-2,-2
0,1,16649,16652,49947,49948,49949,49952,49953,49954,99895,99896,99897,99898,99899,99902,99903,99904,99905,99906,1,-1,2,-2,1,3,1,-1,-3,-1,2,2,5,2,2,-2,-2,-5,-2,-2
0,1,16651,16654,49953,49954,49955,49958,49959,49960,99907,99908,99909,99910,99911,99914,99915,99916,99917,99918,1,-1,2,-2,1,3,1,-1,-3,-1,2,2,5,2,2,-2,-2,-5,-2,-2
0,1,16653,16656,49959,49960,49961,49964,49965,49966,99919,99920,99921,99922,99923,99926,99927,99928,99929,99930,1,-1,2,-2,1,3,1,-1,-3,-1,2,2,5,2,2,-2,-2,-5,-2,-2
0,1,16655,16658,49965,49966,49967,49970,49971,49972,99931,99932,99933,99934,99935,99938,99939,99940,99941,99942,1,-1,2,-2,1,3,1,-1,-3,-1,2,2,5,2,2,-2,-2,-5,-2,-2
0,1,16657,16660,49971,49972,49973,49976,49977,49978,99943,99944,99945,99946,99947,99950,99951,99952,99953,99954,1,-1,2,-2,1,3,1,-1,-3,-1,2,2,5,2,2,-2,-2,-5,-2,-2
0,1,16659,16662,49977,49978,49979,49982,49983,49984,99955,99956,99957,99958,99959,99962,99963,99964,99965,99966,1,-1,2,-2,1,3,1,-1,-3,-1,2,2,5,2,2,-2,-2,-5,-2,-2
0,1,16661,16664,49983,49984,49985,49988,49989,49990,99967,99968,99969,99970,99971,99974,99975,99976,99977,99978,1,-1,2,-2,1,3,1,-1,-3,-1,2,2,5,2,2,-2,-2,-5,-2,-2
0,1,16663,16666,49989,49990,49991,49994,49995,49996,99979,99980,99981,99982,99983,99986,99987,99988,99989,99990,1,-1,2,-2,1,3,1,-1,-3,-1,2,2,5,2,2,-2,-2,-5,-2,-2
0,1,16665,16668,49995,49996,49997,50000,50001,50002,99991,99992,99993,99994,99995,99998,99999,100000,100001,100002,1,-1,2,-2,1,3,1,-1,-3,-1,2,2,5,2,2,-2,-2,-5,-2,-2
0,1,16667,16670,50001,50002,50003,50006,50007,50008,100003,100004,100005,100006,100007,100010,100011,100012,100013,100014,1,-1,2,-2,1,3,1,-1,-3,-1,2,2,5,2,2,-2,-2,-5,-2,-2
0,1,16669,16672,50007,50008,50009,50012,50013,50014,100015,100016,100017,100018,100019,100022,100023,100024,100025,100026,1,-1,2,-2,1,3,1,-1,-3,-1,2,2,5,2,2,-2,-2,-5,-2,-2
0,1,16671,16674,50013,50014,50015,50018,50019,50020,100027,100028,100029,100030,100031,100034,100035,100036,100037,100038,1,-1,2,-2,1,3,1,-1,-3,-1,2,2,5,2,2,-2,-2,-5,-2,-2
0,1,16673,16676,50019,50020,50021,50024,50025,50026,100039,100040,100041,100042,100043,100046,100047,100048,100049,100050,1,-1,2,-2,1,3,1,-1,-3,-1,2,2,5,2,2,-2,-2,-5,-2,-2
0,1,16675,16678,50025,50026,50027,50030,50031,50032,100051,100052,100053,100054,100055,100058,100059,100060,100061,100062,1,-1,2,-2,1,3,1,-1,-3,-1,2,2,5,2,2,-2,-2,-5,-2,-2
0,1,16677,16680,50031,50032,50033,50036,50037,50038,100063,100064,100065,100066,100067,100070,100071,100072,100073,100074,1,-1,2,-2,1,3,1,-1,-3,-1,2,2,5,2,2,-2,-2,-5,-2,-2
0,1,16679,16682,50037,50038,50039,50042,50043,50044,100075,100076,100077,100078,100079,100082,100083,100084,100085,100086,1,-1,2,-2,1,3,1,-1,-3,-1,2,2,5,2,2,-2,-2,-5,-2,-2
0,1,16681,16684,50043,50044,50045,50048,50049,50050,100087,100088,100089,100090,100091,100094,100095,100096,100097,100098,1,-1,2,-2,1,3,1,-1,-3,-1,2,2,5,2,2,-2,-2,-5,-2,-2
0,1,16683,16686,50049,50050,50051,50054,50055,50056,100099,100100,100101,100102,100103,100106,100107,100108,100109,100110,1,-1,2,-2,1,3,1,-1,-3,-1,2,2,5,2,2,-2,-2,-5,-2,-2
0,1,16685,16688,50055,50056,50057,50060,50061,50062,100111,100112,100113,100114,100115,100118,100119,100120,100121,100122,1,-1,2,-2,1,3,1,-1,-3,-1,2,2,5,2,2,-2,-2,-5,-2,-2
0,1,16687,16690,50061,50062,50063,50066,50067,50068,100123,100124,100125,100126,100127,100130,100131,100132,100133,100134,1,-1,2,-2,1,3,1,-1,-3,-1,2,2,5,2,2,-2,-2,-5,-2,-2
0,1,16689,16692,50067,50068,50069,50072,50073,50074,100135,100136,100137,100138,100139,100142,100143,100144,100145,100146,1,-1,2,-2,1,3,1,-1,-3,-1,2,2,5,2,2,-2,-2,-5,-2,-2
0,1,16691,16694,50073,50074,50075,50078,50079,50080,100147,100148,100149,100150,100151,100154,100155,100156,100157,100158,1,-1,2,-2,1,3,1,-1,-3,-1,2,2,5,2,2,-2,-2,-5,-2,-2
0,1,16693,16696,50079,50080,50081,50084,50085,50086,100159,100160,100161,100162,100163,100166,100167,100168,100169,100170,1,-1,2,-2,1,3,1,-1,-3,-1,2,2,5,2,2,-2,-2,-5,-2,-2
0,1,16695,16698,50085,50086,50087,50090,50091,50092,100171,100172,100173,100174,100175,100178,100179,100180,100181,100182,1,-1,2,-2,1,3,1,-1,-3,-1,2,2,5,2,2,-2,-2,-5,-2,-2
0,1,16697,16700,50091,50092,50093,50096,50097,50098,100183,100184,100185,100186,100187,100190,100191,100192,100193,100194,1,-1,2,-2,1,3,1,-1,-3,-1,2,2,5,2,2,-2,-2,-5,-2,-2
0,1,16699,16702,50097,50098,50099,50102,50103,50104,100195,100196,100197,100198,100199,100202,100203,100204,100205,100206,1,-1,2,-2,1,3,1,-1,-3,-1,2,2,5,2,2,-2,-2,-5,-2,-2
0,1,16701,16704,50103,50104,50105,50108,50109,50110,100207,100208,100209,100210,100211,100214,100215,100216,100217,100218,1,-1,2,-2,1,3,1,-1,-3,-1,2,2,5,2,2,-2,-2,-5,-2,-2
0,1,16703,16706,50109,50110,50111,50114,50115,50116,100219,100220,100221,100222,100223,100226,100227,100228,100229,100230,1,-1,2,-2,1,3,1,-1,-3,-1,2,2,5,2,2,-2,-2,-5,-2,-2
0,1,16705,16708,50115,50116,50117,50120,50121,50122,100231,100232,100233,100234,100235,100238,100239,100240,100241,100242,1,-1,2,-2,1,3,1,-1,-3,-1,2,2,5,2,2,-2,-2,-5,-2,-2
0,1,16707,16710,50121,50122,50123,50126,50127,50128,100243,100244,100245,100246,100247,100250,100251,100252,100253,100254,1,-1,2,-2,1,3,1,-1,-3,-1,2,2,5,2,2,-2,-2,-5,-2,-2
0,1,16709,16712,50127,50128,50129,50132,50133,50134,100255,100256,100257,100258,100259,100262,100263,100264,100265,100266,1,-1,2,-2,1,3,1,-1,-3,-1,2,2,5,2,2,-2,-2,-5,-2,-2
0,1,16711,16714,50133,50134,50135,50138,50139,50140,100267,100268,100269,100270,100271,100274,100275,100276,100277,100278,1,-1,2,-2,1,3,1,-1,-3,-1,2,2,5,2,2,-2,-2,-5,-2,-2
0,1,16713,16716,50139,50140,50141,50144,50145,50146,100279,100280,100281,100282,100283,100286,100287,100288,100289,100290,1,-1,2,-2,1,3,1,-1,-3,-1,2,2,5,2,2,-2,-2,-5,-2,-2
0,1,16715,16718,50145,50146,50147,50150,50151,50152,100291,100292,100293,100294,100295,100298,100299,100300,100301,100302,1,-1,2,-2,1,3,1,-1,-3,-1,2,2,5,2,2,-2,-2,-5,-2,-2
0,1,16717,16720,50151,50152,50153,50156,50157,50158,100303,100304,100305,100306,100307,100310,100311,100312,100313,100314,1,-1,2,-2,1,3,1,-1,-3,-1,2,2,5,2,2,-2,-2,-5,-2,-2
0,1,16719,16722,50157,50158,50159,50162,50163,50164,100315,100316,100317,100318,100319,100322,100323,100324,100325,100326,1,-1,2,-2,1,3,1,-1,-3,-1,2,2,5,2,2,-2,-2,-5,-2,-2
0,1,16721,16724,50163,50164,50165,50168,50169,50170,100327,100328,100329,100330,100331,100334,100335,100336,100337,100338,1,-1,2,-2,1,3,1,-1,-3,-1,2,2,5,2,2,-2,-2,-5,-2,-2
0,1,16723,16726,50169,50170,50171,50174,50175,50176,100339,100340,100341,100342,100343,100346,100347,100348,100349,100350,1,-1,2,-2,1,3,1,-1,-3,-1,2,2,5,2,2,-2,-2,-5,-2,-2
0,1,16725,16728,50175,50176,50177,50180,50181,50182,100351,100352,100353,100354,100355,100358,100359,100360,100361,100362,1,-1,2,-2,1,3,1,-1,-3,-1,2,2,5,2,2,-2,-2,-5,-2,-2
0,1,16727,16730,50181,50182,50183,50186,50187,50188,100363,100364,100365,100366,100367,100370,100371,100372,100373,100374,1,-1,2,-2,1,3,1,-1,-3,-1,2,2,5,2,2,-2,-2,-5,-2,-2
0,1,16729,16732,50187,50188,50189,50192,50193,50194,100375,100376,100377,100378,100379,100382,100383,100384,100385,100386,1,-1,2,-2,1,3,1,-1,-3,-1,2,2,5,2,2,-2,-2,-5,-2,-2
0,1,16731,16734,50193,50194,50195,50198,50199,50200,100387,100388,100389,100390,100391,100394,100395,100396,100397,100398,1,-1,2,-2,1,3,1,-1,-3,-1,2,2,5,2,2,-2,-2,-5,-2,-2
0,1,16733,16736,50199,50200,50201,50204,50205,50206,100399,100400,100401,100402,100403,100406,100407,100408,100409,100410,1,-1,2,-2,1,3,1,-1,-3,-1,2,2,5,2,2,-2,-2,-5,-2,-2
0,1,16735,16738,50205,50206,50207,50210,50211,50212,100411,100412,100413,100414,100415,100418,100419,100420,100421,100422,1,-1,2,-2,1,3,1,-1,-3,-1,2,2,5,2,2,-2,-2,-5,-2,-2
0,1,16737,16740,50211,50212,50213,50216,50217,50218,100423,100424,100425,100426,100427,100430,100431,100432,100433,100434,1,-1,2,-2,1,3,1,-1,-3,-1,2,2,5,2,2,-2,-2,-5,-2,-2
0,1,16739,16742,50217,50218,50219,50222,50223,50224,100435,100436,100437,100438,100439,100442,100443,100444,100445,100446,1,-1,2,-2,1,3,1,-1,-3,-1,2,2,5,2,2,-2,-2,-5,-2,-2
0,1,16741,16744,50223,50224,50225,50228,50229,50230,100447,100448,100449,100450,100451,100454,100455,100456,100457,100458,1,-1,2,-2,1,3,1,-1,-3,-1,2,2,5,2,2,-2,-2,-5,-2,-2
0,1,16743,16746,50229,50230,50231,50234,50235,50236,100459,100460,100461,100462,100463,100466,100467,100468,100469,100470,1,-1,2,-2,1,3,1,-1,-3,-1,2,2,5,2,2,-2,-2,-5,-2,-2
0,1,16745,16748,50235,50236,50237,50240,50241,50242,100471,100472,100473,100474,100475,100478,100479,100480,100481,100482,1,-1,2,-2,1,3,1,-1,-3,-1,2,2,5,2,2,-2,-2,-5,-2,-2
0,1,16747,16750,50241,50242,50243,50246,50247,50248,100483,100484,100485,100486,100487,100490,100491,100492,100493,100494,1,-1,2,-2,1,3,1,-1,-3,-1,2,2,5,2,2,-2,-2,-5,-2,-2
0,1,16749,16752,50247,50248,50249,50252,50253,50254,100495,100496,100497,100498,100499,100502,100503,100504,100505,100506,1,-1,2,-2,1,3,1,-1,-3,-1,2,2,5,2,2,-2,-2,-5,-2,-2
0,1,16751,16754,50253,50254,50255,50258,50259,50260,100507,100508,100509,100510,100511,100514,100515,100516,100517,100518,1,-1,2,-2,1,3,1,-1,-3,-1,2,2,5,2,2,-2,-2,-5,-2,-2
0,1,16753,16756,50259,50260,50261,50264,50265,50266,100519,100520,100521,100522,100523,100526,100527,100528,100529,100530,1,-1,2,-2,1,3,1,-1,-3,-1,2,2,5,2,2,-2,-2,-5,-2,-2
0,1,16755,16758,50265,50266,50267,50270,50271,50272,100531,100532,100533,100534,100535,100538,100539,100540,100541,100542,1,-1,2,-2,1,3,1,-1,-3,-1,2,2,5,2,2,-2,-2,-5,-2,-2
0,1,16757,16760,50271,50272,50273,50276,50277,50278,100543,100544,100545,100546,100547,100550,100551,100552,100553,100554,1,-1,2,-2,1,3,1,-1,-3,-1,2,2,5,2,2,-2,-2,-5,-2,-2
0,1,16759,16762,50277,50278,50279,50282,50283,50284,100555,100556,100557,100558,100559,100562,100563,100564,100565,100566,1,-1,2,-2,1,3,1,-1,-3,-1,2,2,5,2,2,-2,-2,-5,-2,-2
0,1,16761,16764,50283,50284,50285,50288,50289,50290,100567,100568,100569,100570,100571,100574,100575,100576,100577,100578,1,-1,2,-2,1,3,1,-1,-3,-1,2,2,5,2,2,-2,-2,-5,-2,-2
0,1,16763,16766,50289,50290,50291,50294,50295,50296,100579,100580,100581,100582,100583,100586,100587,100588,100589,100590,1,-1,2,-2,1,3,1,-1,-3,-1,2,2,5,2,2,-2,-2,-5,-2,-2
0,1,16765,16768,50295,50296,50297,50300,50301,50302,100591,100592,100593,100594,100595,100598,100599,100600,100601,100602,1,-1,2,-2,1,3,1,-1,-3,-1,2,2,5,2,2,-2,-2,-5,-2,-2
0,1,16767,16770,50301,50302,50303,50306,50307,50308,100603,100604,100605,100606,100607,100610,100611,100612,100613,100614,1,-1,2,-2,1,3,1,-1,-3,-1,2,2,5,2,2,-2,-2,-5,-2,-2
0,1,16769,16772,50307,50308,50309,50312,50313,50314,100615,100616,100617,100618,100619,100622,100623,100624,100625,100626,1,-1,2,-2,1,3,1,-1,-3,-1,2,2,5,2,2,-2,-2,-5,-2,-2
0,1,16771,16774,50313,50314,50315,50318,50319,50320,100627,100628,100629,100630,100631,100634,100635,100636,100637,100638,1,-1,2,-2,1,3,1,-1,-3,-1,2,2,5,2,2,-2,-2,-5,-2,-2
0,1,16773,16776,50319,50320,50321,50324,50325,50326,100639,100640,100641,100642,100643,100646,100647,100648,100649,100650,1,-1,2,-2,1,3,1,-1,-3,-1,2,2,5,2,2,-2,-2,-5,-2,-2
0,1,16775,16778,50325,50326,50327,50330,50331,50332,100651,100652,100653,100654,100655,100658,100659,100660,100661,100662,1,-1,2,-2,1,3,1,-1,-3,-1,2,2,5,2,2,-2,-2,-5,-2,-2
0,1,16777,16780,50331,50332,50333,50336,50337,50338,100663,100664,100665,100666,100667,100670,100671,100672,100673,100674,1,-1,2,-2,1,3,1,-1,-3,-1,2,2,5,2,2,-2,-2,-5,-2,-2
0,1,16779,16782,50337,50338,50339,50342,50343,50344,100675,100676,100677,100678,100679,100682,100683,100684,100685,100686,1,-1,2,-2,1,3,1,-1,-3,-1,2,2,5,2,2,-2,-2,-5,-2,-2
0,1,16781,16784,50343,50344,50345,50348,50349,50350,100687,100688,100689,100690,100691,100694,100695,100696,100697,100698,1,-1,2,-2,1,3,1,-1,-3,-1,2,2,5,2,2,-2,-2,-5,-2,-2
0,1,16783,16786,50349,50350,50351,50354,50355,50356,100699,100700,100701,100702,100703,100706,100707,100708,100709,100710,1,-1,2,-2,1,3,1,-1,-3,-1,2,2,5,2,2,-2,-2,-5,-2,-2
0,1,16785,16788,50355,50356,50357,50360,50361,50362,100711,100712,100713,100714,100715,100718,100719,100720,100721,100722,1,-1,2,-2,1,3,1,-1,-3,-1,2,2,5,2,2,-2,-2,-5,-2,-2
0,1,16787,16790,50361,50362,50363,50366,50367,50368,100723,100724,100725,100726,100727,100730,100731,100732,100733,100734,1,-1,2,-2,1,3,1,-1,-3,-1,2,2,5,2,2,-2,-2,-5,-2,-2
0,1,16789,16792,50367,50368,50369,50372,50373,50374,100735,100736,100737,100738,100739,100742,100743,100744,100745,100746,1,-1,2,-2,1,3,1,-1,-3,-1,2,2,5,2,2,-2,-2,-5,-2,-2
0,1,16791,16794,50373,50374,50375,50378,50379,50380,100747,100748,100749,100750,100751,100754,100755,100756,100757,100758,1,-1,2,-2,1,3,1,-1,-3,-1,2,2,5,2,2,-2,-2,-5,-2,-2
0,1,16793,16796,50379,50380,50381,50384,50385,50386,100759,100760,100761,100762,100763,100766,100767,100768,100769,100770,1,-1,2,-2,1,3,1,-1,-3,-1,2,2,5,2,2,-2,-2,-5,-2,-2
0,1,16795,16798,50385,50386,50387,50390,50391,50392,100771,100772,100773,100774,100775,100778,100779,100780,100781,100782,1,-1,2,-2,1,3,1,-1,-3,-1,2,2,5,2,2,-2,-2,-5,-2,-2
0,1,16797,16800,50391,50392,50393,50396,50397,50398,100783,100784,100785,100786,100787,100790,100791,100792,100793,100794,1,-1,2,-2,1,3,1,-1,-3,-1,2,2,5,2,2,-2,-2,-5,-2,-2
0,1,16799,16802,50397,50398,50399,50402,50403,50404,100795,100796,100797,100798,100799,100802,100803,100804,100805,100806,1,-1,2,-2,1,3,1,-1,-3,-1,2,2,5,2,2,-2,-2,-5,-2,-2
0,1,16801,16804,50403,50404,50405,50408,50409,50410,100807,100808,100809,100810,100811,100814,100815,100816,100817,100818,1,-1,2,-2,1,3,1,-1,-3,-1,2,2,5,2,2,-2,-2,-5,-2,-2
0,1,16803,16806,50409,50410,50411,50414,50415,50416,100819,100820,100821,100822,100823,100826,100827,100828,100829,100830,1,-1,2,-2,1,3,1,-1,-3,-1,2,2,5,2,2,-2,-2,-5,-2,-2
0,1,16805,16808,50415,50416,50417,50420,50421,50422,100831,100832,100833,100834,100835,100838,100839,100840,100841,100842,1,-1,2,-2,1,3,1,-1,-3,-1,2,2,5,2,2,-2,-2,-5,-2,-2
0,1,16807,16810,50421,50422,50423,50426,50427,50428,100843,100844,100845,100846,100847,100850,100851,100852,100853,100854,1,-1,2,-2,1,3,1,-1,-3,-1,2,2,5,2,2,-2,-2,-5,-2,-2
0,1,16809,16812,50427,50428,50429,50432,50433,50434,100855,100856,100857,100858,100859,100862,100863,100864,100865,100866,1,-1,2,-2,1,3,1,-1,-3,-1,2,2,5,2,2,-2,-2,-5,-2,-2
0,1,16811,16814,50433,50434,50435,50438,50439,50440,100867,100868,100869,100870,100871,100874,100875,100876,100877,100878,1,-1,2,-2,1,3,1,-1,-3,-1,2,2,5,2,2,-2,-2,-5,-2,-2
0,1,16813,16816,50439,50440,50441,50444,50445,50446,100879,100880,100881,100882,100883,100886,100887,100888,100889,100890,1,-1,2,-2,1,3,1,-1,-3,-1,2,2,5,2,2,-2,-2,-5,-2,-2
0,1,16815,16818,50445,50446,50447,50450,50451,50452,100891,100892,100893,100894,100895,100898,100899,100900,100901,100902,1,-1,2,-2,1,3,1,-1,-3,-1,2,2,5,2,2,-2,-2,-5,-2,-2
0,1,16817,16820,50451,50452,50453,50456,50457,50458,100903,100904,100905,100906,100907,100910,100911,100912,100913,100914,1,-1,2,-2,1,3,1,-1,-3,-1,2,2,5,2,2,-2,-2,-5,-2,-2
0,1,16819,16822,50457,50458,50459,50462,50463,50464,100915,100916,100917,100918,100919,100922,100923,100924,100925,100926,1,-1,2,-2,1,3,1,-1,-3,-1,2,2,5,2,2,-2,-2,-5,-2,-2
0,1,16821,16824,50463,50464,50465,50468,50469,50470,100927,100928,100929,100930,100931,100934,100935,100936,100937,100938,1,-1,2,-2,1,3,1,-1,-3,-1,2,2,5,2,2,-2,-2,-5,-2,-2
0,1,16823,16826,50469,50470,50471,50474,50475,50476,100939,100940,100941,100942,100943,100946,100947,100948,100949,100950,1,-1,2,-2,1,3,1,-1,-3,-1,2,2,5,2,2,-2,-2,-5,-2,-2
0,1,16825,16828,50475,50476,50477,50480,50481,50482,100951,100952,100953,100954,100955,100958,100959,100960,100961,100962,1,-1,2,-2,1,3,1,-1,-3,-1,2,2,5,2,2,-2,-2,-5,-2,-2
0,1,16827,16830,50481,50482,50483,50486,50487,50488,100963,100964,100965,100966,100967,100970,100971,100972,100973,100974,1,-1,2,-2,1,3,1,-1,-3,-1,2,2,5,2,2,-2,-2,-5,-2,-2
0,1,16829,16832,50487,50488,50489,50492,50493,50494,100975,100976,100977,100978,100979,100982,100983,100984,100985,100986,1,-1,2,-2,1,3,1,-1,-3,-1,2,2,5,2,2,-2,-2,-5,-2,-2
0,1,16831,16834,50493,50494,50495,50498,50499,50500,100987,100988,100989,100990,100991,100994,100995,100996,100997,100998,1,-1,2,-2,1,3,1,-1,-3,-1,2,2,5,2,2,-2,-2,-5,-2,-2
0,1,16833,16836,50499,50500,50501,50504,50505,50506,100999,101000,101001,101002,101003,101006,101007,101008,101009,101010,1,-1,2,-2,1,3,1,-1,-3,-1,2,2,5,2,2,-2,-2,-5,-2,-2
0,1,16835,16838,50505,50506,50507,50510,50511,50512,101011,101012,101013,101014,101015,101018,101019,101020,101021,101022,1,-1,2,-2,1,3,1,-1,-3,-1,2,2,5,2,2,-2,-2,-5,-2,-2
0,1,16837,16840,50511,50512,50513,50516,50517,50518,101023,101024,101025,101026,101027,101030,101031,101032,101033,101034,1,-1,2,-2,1,3,1,-1,-3,-1,2,2,5,2,2,-2,-2,-5,-2,-2
0,1,16839,16842,50517,50518,50519,50522,50523,50524,101035,101036,101037,101038,101039,101042,101043,101044,101045,101046,1,-1,2,-2,1,3,1,-1,-3,-1,2,2,5,2,2,-2,-2,-5,-2,-2
0,1,16841,16844,50523,50524,50525,50528,50529,50530,101047,101048,101049,101050,101051,101054,101055,101056,101057,101058,1,-1,2,-2,1,3,1,-1,-3,-1,2,2,5,2,2,-2,-2,-5,-2,-2
0,1,16843,16846,50529,50530,50531,50534,50535,50536,101059,101060,101061,101062,101063,101066,101067,101068,101069,101070,1,-1,2,-2,1,3,1,-1,-3,-1,2,2,5,2,2,-2,-2,-5,-2,-2
0,1,16845,16848,50535,50536,50537,50540,50541,50542,101071,101072,101073,101074,101075,101078,101079,101080,101081,101082,1,-1,2,-2,1,3,1,-1,-3,-1,2,2,5,2,2,-2,-2,-5,-2,-2
0,1,16847,16850,50541,50542,50543,50546,50547,50548,101083,101084,101085,101086,101087,101090,101091,101092,101093,101094,1,-1,2,-2,1,3,1,-1,-3,-1,2,2,5,2,2,-2,-2,-5,-2,-2
0,1,16849,16852,50547,50548,50549,50552,50553,50554,101095,101096,101097,101098,101099,101102,101103,101104,101105,101106,1,-1,2,-2,1,3,1,-1,-3,-1,2,2,5,2,2,-2,-2,-5,-2,-2
0,1,16851,16854,50553,50554,50555,50558,50559,50560,101107,101108,101109,101110,101111,101114,101115,101116,101117,101118,1,-1,2,-2,1,3,1,-1,-3,-1,2,2,5,2,2,-2,-2,-5,-2,-2
0,1,16853,16856,50559,50560,50561,50564,50565,50566,101119,101120,101121,101122,101123,101126,101127,101128,101129,101130,1,-1,2,-2,1,3,1,-1,-3,-1,2,2,5,2,2,-2,-2,-5,-2,-2
0,1,16855,16858,50565,50566,50567,50570,50571,50572,101131,101132,101133,101134,101135,101138,101139,101140,101141,101142,1,-1,2,-2,1,3,1,-1,-3,-1,2,2,5,2,2,-2,-2,-5,-2,-2
0,1,16857,16860,50571,50572,50573,50576,50577,50578,101143,101144,101145,101146,101147,101150,101151,101152,101153,101154,1,-1,2,-2,1,3,1,-1,-3,-1,2,2,5,2,2,-2,-2,-5,-2,-2
0,1,16859,16862,50577,50578,50579,50582,50583,50584,101155,101156,101157,101158,101159,101162,101163,101164,101165,101166,1,-1,2,-2,1,3,1,-1,-3,-1,2,2,5,2,2,-2,-2,-5,-2,-2
0,1,16861,16864,50583,50584,50585,50588,50589,50590,101167,101168,101169,101170,101171,101174,101175,101176,101177,101178,1,-1,2,-2,1,3,1,-1,-3,-1,2,2,5,2,2,-2,-2,-5,-2,-2
0,1,16863,16866,50589,50590,50591,50594,50595,50596,101179,101180,101181,101182,101183,101186,101187,101188,101189,101190,1,-1,2,-2,1,3,1,-1,-3,-1,2,2,5,2,2,-2,-2,-5,-2,-2
0,1,16865,16868,50595,50596,50597,50600,50601,50602,101191,101192,101193,101194,101195,101198,101199,101200,101201,101202,1,-1,2,-2,1,3,1,-1,-3,-1,2,2,5,2,2,-2,-2,-5,-2,-2
0,1,16867,16870,50601,50602,50603,50606,50607,50608,101203,101204,101205,101206,101207,101210,101211,101212,101213,101214,1,-1,2,-2,1,3,1,-1,-3,-1,2,2,5,2,2,-2,-2,-5,-2,-2
0,1,16869,16872,50607,50608,50609,50612,50613,50614,101215,101216,101217,101218,101219,101222,101223,101224,101225,101226,1,-1,2,-2,1,3,1,-1,-3,-1,2,2,5,2,2,-2,-2,-5,-2,-2
0,1,16871,16874,50613,50614,50615,50618,50619,50620,101227,101228,101229,101230,101231,101234,101235,101236,101237,101238,1,-1,2,-2,1,3,1,-1,-3,-1,2,2,5,2,2,-2,-2,-5,-2,-2
0,1,16873,16876,50619,50620,50621,50624,50625,50626,101239,101240,101241,101242,101243,101246,101247,101248,101249,101250,1,-1,2,-2,1,3,1,-1,-3,-1,2,2,5,2,2,-2,-2,-5,-2,-2
0,1,16875,16878,50625,50626,50627,50630,50631,50632,101251,101252,101253,101254,101255,101258,101259,101260,101261,101262,1,-1,2,-2,1,3,1,-1,-3,-1,2,2,5,2,2,-2,-2,-5,-2,-2
0,1,16877,16880,50631,50632,50633,50636,50637,50638,101263,101264,101265,101266,101267,101270,101271,101272,101273,101274,1,-1,2,-2,1,3,1,-1,-3,-1,2,2,5,2,2,-2,-2,-5,-2,-2
0,1,16879,16882,50637,50638,50639,50642,50643,50644,101275,101276,101277,101278,101279,101282,101283,101284,101285,101286,1,-1,2,-2,1,3,1,-1,-3,-1,2,2,5,2,2,-2,-2,-5,-2,-2
0,1,16881,16884,50643,50644,50645,50648,50649,50650,101287,101288,101289,101290,101291,101294,101295,101296,101297,101298,1,-1,2,-2,1,3,1,-1,-3,-1,2,2,5,2,2,-2,-2,-5,-2,-2
0,1,16883,16886,50649,50650,50651,50654,50655,50656,101299,101300,101301,101302,101303,101306,101307,101308,101309,101310,1,-1,2,-2,1,3,1,-1,-3,-1,2,2,5,2,2,-2,-2,-5,-2,-2
0,1,16885,16888,50655,50656,50657,50660,50661,50662,101311,101312,101313,101314,101315,101318,101319,101320,101321,101322,1,-1,2,-2,1,3,1,-1,-3,-1,2,2,5,2,2,-2,-2,-5,-2,-2
0,1,16887,16890,50661,50662,50663,50666,50667,50668,101323,101324,101325,101326,101327,101330,101331,101332,101333,101334,1,-1,2,-2,1,3,1,-1,-3,-1,2,2,5,2,2,-2,-2,-5,-2,-2
0,1,16889,16892,50667,50668,50669,50672,50673,50674,101335,101336,101337,101338,101339,101342,101343,101344,101345,101346,1,-1,2,-2,1,3,1,-1,-3,-1,2,2,5,2,2,-2,-2,-5,-2,-2
0,1,16891,16894,50673,50674,50675,50678,50679,50680,101347,101348,101349,101350,101351,101354,101355,101356,101357,101358,1,-1,2,-2,1,3,1,-1,-3,-1,2,2,5,2,2,-2,-2,-5,-2,-2
0,1,16893,16896,50679,50680,50681,50684,50685,50686,101359,101360,101361,101362,101363,101366,101367,101368,101369,101370,1,-1,2,-2,1,3,1,-1,-3,-1,2,2,5,2,2,-2,-2,-5,-2,-2
0,1,16895,16898,50685,50686,50687,50690,50691,50692,101371,101372,101373,101374,101375,101378,101379,101380,101381,101382,1,-1,2,-2,1,3,1,-1,-3,-1,2,2,5,2,2,-2,-2,-5,-2,-2
0,1,16897,16900,50691,50692,50693,50696,50697,50698,101383,101384,101385,101386,101387,101390,101391,101392,101393,101394,1,-1,2,-2,1,3,1,-1,-3,-1,2,2,5,2,2,-2,-2,-5,-2,-2
0,1,16899,16902,50697,50698,50699,50702,50703,50704,101395,101396,101397,101398,101399,101402,101403,101404,101405,101406,1,-1,2,-2,1,3,1,-1,-3,-1,2,2,5,2,2,-2,-2,-5,-2,-2
0,1,16901,16904,50703,50704,50705,50708,50709,50710,101407,101408,101409,101410,101411,101414,101415,101416,101417,101418,1,-1,2,-2,1,3,1,-1,-3,-1,2,2,5,2,2,-2,-2,-5,-2,-2
0,1,16903,16906,50709,50710,50711,50714,50715,50716,101419,101420,101421,101422,101423,101426,101427,101428,101429,101430,1,-1,2,-2,1,3,1,-1,-3,-1,2,2,5,2,2,-2,-2,-5,-2,-2
0,1,16905,16908,50715,50716,50717,50720,50721,50722,101431,101432,101433,101434,101435,101438,101439,101440,101441,101442,1,-1,2,-2,1,3,1,-1,-3,-1,2,2,5,2,2,-2,-2,-5,-2,-2
0,1,16907,16910,50721,50722,50723,50726,50727,50728,101443,101444,101445,101446,101447,101450,101451,101452,101453,101454,1,-1,2,-2,1,3,1,-1,-3,-1,2,2,5,2,2,-2,-2,-5,-2,-2
0,1,16909,16912,50727,50728,50729,50732,50733,50734,101455,101456,101457,101458,101459,101462,101463,101464,101465,101466,1,-1,2,-2,1,3,1,-1,-3,-1,2,2,5,2,2,-2,-2,-5,-2,-2
0,1,16911,16914,50733,50734,50735,50738,50739,50740,101467,101468,101469,101470,101471,101474,101475,101476,101477,101478,1,-1,2,-2,1,3,1,-1,-3,-1,2,2,5,2,2,-2,-2,-5,-2,-2
0,1,16913,16916,50739,50740,50741,50744,50745,50746,101479,101480,101481,101482,101483,101486,101487,101488,101489,101490,1,-1,2,-2,1,3,1,-1,-3,-1,2,2,5,2,2,-2,-2,-5,-2,-2
0,1,16915,16918,50745,50746,50747,50750,50751,50752,101491,101492,101493,101494,101495,101498,101499,101500,101501,101502,1,-1,2,-2,1,3,1,-1,-3,-1,2,2,5,2,2,-2,-2,-5,-2,-2
0,1,16917,16920,50751,50752,50753,50756,50757,50758,101503,101504,101505,101506,101507,101510,101511,101512,101513,101514,1,-1,2,-2,1,3,1,-1,-3,-1,2,2,5,2,2,-2,-2,-5,-2,-2
0,1,16919,16922,50757,50758,50759,50762,50763,50764,101515,101516,101517,101518,101519,101522,101523,101524,101525,101526,1,-1,2,-2,1,3,1,-1,-3,-1,2,2,5,2,2,-2,-2,-5,-2,-2
0,1,16921,16924,50763,50764,50765,50768,50769,50770,101527,101528,101529,101530,101531,101534,101535,101536,101537,101538,1,-1,2,-2,1,3,1,-1,-3,-1,2,2,5,2,2,-2,-2,-5,-2,-2
0,1,16923,16926,50769,50770,50771,50774,50775,50776,101539,101540,101541,101542,101543,101546,101547,101548,101549,101550,1,-1,2,-2,1,3,1,-1,-3,-1,2,2,5,2,2,-2,-2,-5,-2,-2
0,1,16925,16928,50775,50776,50777,50780,50781,50782,101551,101552,101553,101554,101555,101558,101559,101560,101561,101562,1,-1,2,-2,1,3,1,-1,-3,-1,2,2,5,2,2,-2,-2,-5,-2,-2
0,1,16927,16930,50781,50782,50783,50786,50787,50788,101563,101564,101565,101566,101567,101570,101571,101572,101573,101574,1,-1,2,-2,1,3,1,-1,-3,-1,2,2,5,2,2,-2,-2,-5,-2,-2
0,1,16929,16932,50787,50788,50789,50792,50793,50794,101575,101576,101577,101578,101579,101582,101583,101584,101585,101586,1,-1,2,-2,1,3,1,-1,-3,-1,2,2,5,2,2,-2,-2,-5,-2,-2
0,1,16931,16934,50793,50794,50795,50798,50799,50800,101587,101588,101589,101590,101591,101594,101595,101596,101597,101598,1,-1,2,-2,1,3,1,-1,-3,-1,2,2,5,2,2,-2,-2,-5,-2,-2
0,1,16933,16936,50799,50800,50801,50804,50805,50806,101599,101600,101601,101602,101603,101606,101607,101608,101609,101610,1,-1,2,-2,1,3,1,-1,-3,-1,2,2,5,2,2,-2,-2,-5,-2,-2
0,1,16935,16938,50805,50806,50807,50810,50811,50812,101611,101612,101613,101614,101615,101618,101619,101620,101621,101622,1,-1,2,-2,1,3,1,-1,-3,-1,2,2,5,2,2,-2,-2,-5,-2,-2
0,1,16937,16940,50811,50812,50813,50816,50817,50818,101623,101624,101625,101626,101627,101630,101631,101632,101633,101634,1,-1,2,-2,1,3,1,-1,-3,-1,2,2,5,2,2,-2,-2,-5,-2,-2
0,1,16939,16942,50817,50818,50819,50822,50823,50824,101635,101636,101637,101638,101639,101642,101643,101644,101645,101646,1,-1,2,-2,1,3,1,-1,-3,-1,2,2,5,2,2,-2,-2,-5,-2,-2
0,1,16941,16944,50823,50824,50825,50828,50829,50830,101647,101648,101649,101650,101651,101654,101655,101656,101657,101658,1,-1,2,-2,1,3,1,-1,-3,-1,2,2,5,2,2,-2,-2,-5,-2,-2
0,1,16943,16946,50829,50830,50831,50834,50835,50836,101659,101660,101661,101662,101663,101666,101667,101668,101669,101670,1,-1,2,-2,1,3,1,-1,-3,-1,2,2,5,2,2,-2,-2,-5,-2,-2
0,1,16945,16948,50835,50836,50837,50840,50841,50842,101671,101672,101673,101674,101675,101678,101679,101680,101681,101682,1,-1,2,-2,1,3,1,-1,-3,-1,2,2,5,2,2,-2,-2,-5,-2,-2
0,1,16947,16950,50841,50842,50843,50846,50847,50848,101683,101684,101685,101686,101687,101690,101691,101692,101693,101694,1,-1,2,-2,1,3,1,-1,-3,-1,2,2,5,2,2,-2,-2,-5,-2,-2
0,1,16949,16952,50847,50848,50849,50852,50853,50854,101695,101696,101697,101698,101699,101702,101703,101704,101705,101706,1,-1,2,-2,1,3,1,-1,-3,-1,2,2,5,2,2,-2,-2,-5,-2,-2
0,1,16951,16954,50853,50854,50855,50858,50859,50860,101707,101708,101709,101710,101711,101714,101715,101716,101717,101718,1,-1,2,-2,1,3,1,-1,-3,-1,2,2,5,2,2,-2,-2,-5,-2,-2
0,1,16953,16956,50859,50860,50861,50864,50865,50866,101719,101720,101721,101722,101723,101726,101727,101728,101729,101730,1,-1,2,-2,1,3,1,-1,-3,-1,2,2,5,2,2,-2,-2,-5,-2,-2
0,1,16955,16958,50865,50866,50867,50870,50871,50872,101731,101732,101733,101734,101735,101738,101739,101740,101741,101742,1,-1,2,-2,1,3,1,-1,-3,-1,2,2,5,2,2,-2,-2,-5,-2,-2
0,1,16957,16960,50871,50872,50873,50876,50877,50878,101743,101744,101745,101746,101747,101750,101751,101752,101753,101754,1,-1,2,-2,1,3,1,-1,-3,-1,2,2,5,2,2,-2,-2,-5,-2,-2
0,1,16959,16962,50877,50878,50879,50882,50883,50884,101755,101756,101757,101758,101759,101762,101763,101764,101765,101766,1,-1,2,-2,1,3,1,-1,-3,-1,2,2,5,2,2,-2,-2,-5,-2,-2
0,1,16961,16964,50883,50884,50885,50888,50889,50890,101767,101768,101769,101770,101771,101774,101775,101776,101777,101778,1,-1,2,-2,1,3,1,-1,-3,-1,2,2,5,2,2,-2,-2,-5,-2,-2
0,1,16963,16966,50889,50890,50891,50894,50895,50896,101779,101780,101781,101782,101783,101786,101787,101788,101789,101790,1,-1,2,-2,1,3,1,-1,-3,-1,2,2,5,2,2,-2,-2,-5,-2,-2
0,1,16965,16968,50895,50896,50897,50900,50901,50902,101791,101792,101793,101794,101795,101798,101799,101800,101801,101802,1,-1,2,-2,1,3,1,-1,-3,-1,2,2,5,2,2,-2,-2,-5,-2,-2
0,1,16967,16970,50901,50902,50903,50906,50907,50908,101803,101804,101805,101806,101807,101810,101811,101812,101813,101814,1,-1,2,-2,1,3,1,-1,-3,-1,2,2,5,2,2,-2,-2,-5,-2,-2
0,1,16969,16972,50907,50908,50909,50912,50913,50914,101815,101816,101817,101818,101819,101822,101823,101824,101825,101826,1,-1,2,-2,1,3,1,-1,-3,-1,2,2,5,2,2,-2,-2,-5,-2,-2
0,1,16971,16974,50913,50914,50915,50918,50919,50920,101827,101828,101829,101830,101831,101834,101835,101836,101837,101838,1,-1,2,-2,1,3,1,-1,-3,-1,2,2,5,2,2,-2,-2,-5,-2,-2
0,1,16973,16976,50919,50920,50921,50924,50925,50926,101839,101840,101841,101842,101843,101846,101847,101848,101849,101850,1,-1,2,-2,1,3,1,-1,-3,-1,2,2,5,2,2,-2,-2,-5,-2,-2
0,1,16975,16978,50925,50926,50927,50930,50931,50932,101851,101852,101853,101854,101855,101858,101859,101860,101861,101862,1,-1,2,-2,1,3,1,-1,-3,-1,2,2,5,2,2,-2,-2,-5,-2,-2
0,1,16977,16980,50931,50932,50933,50936,50937,50938,101863,101864,101865,101866,101867,101870,101871,101872,101873,101874,1,-1,2,-2,1,3,1,-1,-3,-1,2,2,5,2,2,-2,-2,-5,-2,-2
0,1,16979,16982,50937,50938,50939,50942,50943,50944,101875,101876,101877,101878,101879,101882,101883,101884,101885,101886,1,-1,2,-2,1,3,1,-1,-3,-1,2,2,5,2,2,-2,-2,-5,-2,-2
0,1,16981,16984,50943,50944,50945,50948,50949,50950,101887,101888,101889,101890,101891,101894,101895,101896,101897,101898,1,-1,2,-2,1,3,1,-1,-3,-1,2,2,5,2,2,-2,-2,-5,-2,-2
0,1,16983,16986,50949,50950,50951,50954,50955,50956,101899,101900,101901,101902,101903,101906,101907,101908,101909,101910,1,-1,2,-2,1,3,1,-1,-3,-1,2,2,5,2,2,-2,-2,-5,-2,-2
0,1,16985,16988,50955,50956,50957,50960,50961,50962,101911,101912,101913,101914,101915,101918,101919,101920,101921,101922,1,-1,2,-2,1,3,1,-1,-3,-1,2,2,5,2,2,-2,-2,-5,-2,-2
0,1,16987,16990,50961,50962,50963,50966,50967,50968,101923,101924,101925,101926,101927,101930,101931,101932,101933,101934,1,-1,2,-2,1,3,1,-1,-3,-1,2,2,5,2,2,-2,-2,-5,-2,-2
0,1,16989,16992,50967,50968,50969,50972,50973,50974,101935,101936,101937,101938,101939,101942,101943,101944,101945,101946,1,-1,2,-2,1,3,1,-1,-3,-1,2,2,5,2,2,-2,-2,-5,-2,-2
0,1,16991,16994,50973,50974,50975,50978,50979,50980,101947,101948,101949,101950,101951,101954,101955,101956,101957,101958,1,-1,2,-2,1,3,1,-1,-3,-1,2,2,5,2,2,-2,-2,-5,-2,-2
0,1,16993,16996,50979,50980,50981,50984,50985,50986,101959,101960,101961,101962,101963,101966,101967,101968,101969,101970,1,-1,2,-2,1,3,1,-1,-3,-1,2,2,5,2,2,-2,-2,-5,-2,-2
0,1,16995,16998,50985,50986,50987,50990,50991,50992,101971,101972,101973,101974,101975,101978,101979,101980,101981,101982,1,-1,2,-2,1,3,1,-1,-3,-1,2,2,5,2,2,-2,-2,-5,-2,-2
0,1,16997,17000,50991,50992,50993,50996,50997,50998,101983,101984,101985,101986,101987,101990,101991,101992,101993,101994,1,-1,2,-2,1,3,1,-1,-3,-1,2,2,5,2,2,-2,-2,-5,-2,-2
0,1,16999,17002,50997,50998,50999,51002,51003,51004,101995,101996,101997,101998,101999,102002,102003,102004,102005,102006,1,-1,2,-2,1,3,1,-1,-3,-1,2,2,5,2,2,-2,-2,-5,-2,-2
0,1,17001,17004,51003,51004,51005,51008,51009,51010,102007,102008,102009,102010,102011,102014,102015,102016,102017,102018,1,-1,2,-2,1,3,1,-1,-3,-1,2,2,5,2,2,-2,-2,-5,-2,-2
0,1,17003,17006,51009,51010,51011,51014,51015,51016,102019,102020,102021,102022,102023,102026,102027,102028,102029,102030,1,-1,2,-2,1,3,1,-1,-3,-1,2,2,5,2,2,-2,-2,-5,-2,-2
0,1,17005,17008,51015,51016,51017,51020,51021,51022,102031,102032,102033,102034,102035,102038,102039,102040,102041,102042,1,-1,2,-2,1,3,1,-1,-3,-1,2,2,5,2,2,-2,-2,-5,-2,-2
0,1,17007,17010,51021,51022,51023,51026,51027,51028,102043,102044,102045,102046,102047,102050,102051,102052,102053,102054,1,-1,2,-2,1,3,1,-1,-3,-1,2,2,5,2,2,-2,-2,-5,-2,-2
0,1,17009,17012,51027,51028,51029,51032,51033,51034,102055,102056,102057,102058,102059,102062,102063,102064,102065,102066,1,-1,2,-2,1,3,1,-1,-3,-1,2,2,5,2,2,-2,-2,-5,-2,-2
0,1,17011,17014,51033,51034,51035,51038,51039,51040,102067,102068,102069,102070,102071,102074,102075,102076,102077,102078,1,-1,2,-2,1,3,1,-1,-3,-1,2,2,5,2,2,-2,-2,-5,-2,-2
0,1,17013,17016,51039,51040,51041,51044,51045,51046,102079,102080,102081,102082,102083,102086,102087,102088,102089,102090,1,-1,2,-2,1,3,1,-1,-3,-1,2,2,5,2,2,-2,-2,-5,-2,-2
0,1,17015,17018,51045,51046,51047,51050,51051,51052,102091,102092,102093,102094,102095,102098,102099,102100,102101,102102,1,-1,2,-2,1,3,1,-1,-3,-1,2,2,5,2,2,-2,-2,-5,-2,-2
0,1,17017,17020,51051,51052,51053,51056,51057,51058,102103,102104,102105,102106,102107,102110,102111,102112,102113,102114,1,-1,2,-2,1,3,1,-1,-3,-1,2,2,5,2,2,-2,-2,-5,-2,-2
0,1,17019,17022,51057,51058,51059,51062,51063,51064,102115,102116,102117,102118,102119,102122,102123,102124,102125,102126,1,-1,2,-2,1,3,1,-1,-3,-1,2,2,5,2,2,-2,-2,-5,-2,-2
0,1,17021,17024,51063,51064,51065,51068,51069,51070,102127,102128,102129,102130,102131,102134,102135,102136,102137,102138,1,-1,2,-2,1,3,1,-1,-3,-1,2,2,5,2,2,-2,-2,-5,-2,-2
0,1,17023,17026,51069,51070,51071,51074,51075,51076,102139,102140,102141,102142,102143,102146,102147,102148,102149,102150,1,-1,2,-2,1,3,1,-1,-3,-1,2,2,5,2,2,-2,-2,-5,-2,-2
0,1,17025,17028,51075,51076,51077,51080,51081,51082,102151,102152,102153,102154,102155,102158,102159,102160,102161,102162,1,-1,2,-2,1,3,1,-1,-3,-1,2,2,5,2,2,-2,-2,-5,-2,-2
0,1,17027,17030,51081,51082,51083,51086,51087,51088,102163,102164,102165,102166,102167,102170,102171,102172,102173,102174,1,-1,2,-2,1,3,1,-1,-3,-1,2,2,5,2,2,-2,-2,-5,-2,-2
0,1,17029,17032,51087,51088,51089,51092,51093,51094,102175,102176,102177,102178,102179,102182,102183,102184,102185,102186,1,-1,2,-2,1,3,1,-1,-3,-1,2,2,5,2,2,-2,-2,-5,-2,-2
0,1,17031,17034,51093,51094,51095,51098,51099,51100,102187,102188,102189,102190,102191,102194,102195,102196,102197,102198,1,-1,2,-2,1,3,1,-1,-3,-1,2,2,5,2,2,-2,-2,-5,-2,-2
0,1,17033,17036,51099,51100,51101,51104,51105,51106,102199,102200,102201,102202,102203,102206,102207,102208,102209,102210,1,-1,2,-2,1,3,1,-1,-3,-1,2,2,5,2,2,-2,-2,-5,-2,-2
0,1,17035,17038,51105,51106,51107,51110,51111,51112,102211,102212,102213,102214,102215,102218,102219,102220,102221,102222,1,-1,2,-2,1,3,1,-1,-3,-1,2,2,5,2,2,-2,-2,-5,-2,-2
0,1,17037,17040,51111,51112,51113,51116,51117,51118,102223,102224,102225,102226,102227,102230,102231,102232,102233,102234,1,-1,2,-2,1,3,1,-1,-3,-1,2,2,5,2,2,-2,-2,-5,-2,-2
0,1,17039,17042,51117,51118,51119,51122,51123,51124,102235,102236,102237,102238,102239,102242,102243,102244,102245,102246,1,-1,2,-2,1,3,1,-1,-3,-1,2,2,5,2,2,-2,-2,-5,-2,-2
0,1,17041,17044,51123,51124,51125,51128,51129,51130,102247,102248,102249,102250,102251,102254,102255,102256,102257,102258,1,-1,2,-2,1,3,1,-1,-3,-1,2,2,5,2,2,-2,-2,-5,-2,-2
0,1,17043,17046,51129,51130,51131,51134,51135,51136,102259,102260,102261,102262,102263,102266,102267,102268,102269,102270,1,-1,2,-2,1,3,1,-1,-3,-1,2,2,5,2,2,-2,-2,-5,-2,-2
0,1,17045,17048,51135,51136,51137,51140,51141,51142,102271,102272,102273,102274,102275,102278,102279,102280,102281,102282,1,-1,2,-2,1,3,1,-1,-3,-1,2,2,5,2,2,-2,-2,-5,-2,-2
0,1,17047,17050,51141,51142,51143,51146,51147,51148,102283,102284,102285,102286,102287,102290,102291,102292,102293,102294,1,-1,2,-2,1,3,1,-1,-3,-1,2,2,5,2,2,-2,-2,-5,-2,-2
0,1,17049,17052,51147,51148,51149,51152,51153,51154,102295,102296,102297,102298,102299,102302,102303,102304,102305,102306,1,-1,2,-2,1,3,1,-1,-3,-1,2,2,5,2,2,-2,-2,-5,-2,-2
0,1,17051,17054,51153,51154,51155,51158,51159,51160,102307,102308,102309,102310,102311,102314,102315,102316,102317,102318,1,-1,2,-2,1,3,1,-1,-3,-1,2,2,5,2,2,-2,-2,-5,-2,-2
0,1,17053,17056,51159,51160,51161,51164,51165,51166,102319,102320,102321,102322,102323,102326,102327,102328,102329,102330,1,-1,2,-2,1,3,1,-1,-3,-1,2,2,5,2,2,-2,-2,-5,-2,-2
0,1,17055,17058,51165,51166,51167,51170,51171,51172,102331,102332,102333,102334,102335,102338,102339,102340,102341,102342,1,-1,2,-2,1,3,1,-1,-3,-1,2,2,5,2,2,-2,-2,-5,-2,-2
0,1,17057,17060,51171,51172,51173,51176,51177,51178,102343,102344,102345,102346,102347,102350,102351,102352,102353,102354,1,-1,2,-2,1,3,1,-1,-3,-1,2,2,5,2,2,-2,-2,-5,-2,-2
0,1,17059,17062,51177,51178,51179,51182,51183,51184,102355,102356,102357,102358,102359,102362,102363,102364,102365,102366,1,-1,2,-2,1,3,1,-1,-3,-1,2,2,5,2,2,-2,-2,-5,-2,-2
0,1,17061,17064,51183,51184,51185,51188,51189,51190,102367,102368,102369,102370,102371,102374,102375,102376,102377,102378,1,-1,2,-2,1,3,1,-1,-3,-1,2,2,5,2,2,-2,-2,-5,-2,-2
0,1,17063,17066,51189,51190,51191,51194,51195,51196,102379,102380,102381,102382,102383,102386,102387,102388,102389,102390,1,-1,2,-2,1,3,1,-1,-3,-1,2,2,5,2,2,-2,-2,-5,-2,-2
0,1,17065,17068,51195,51196,51197,51200,51201,51202,102391,102392,102393,102394,102395,102398,102399,102400,102401,102402,1,-1,2,-2,1,3,1,-1,-3,-1,2,2,5,2,2,-2,-2,-5,-2,-2
0,1,17067,17070,51201,51202,51203,51206,51207,51208,102403,102404,102405,102406,102407,102410,102411,102412,102413,102414,1,-1,2,-2,1,3,1,-1,-3,-1,2,2,5,2,2,-2,-2,-5,-2,-2
0,1,17069,17072,51207,51208,51209,51212,51213,51214,102415,102416,102417,102418,102419,102422,102423,102424,102425,102426,1,-1,2,-2,1,3,1,-1,-3,-1,2,2,5,2,2,-2,-2,-5,-2,-2
0,1,17071,17074,51213,51214,51215,51218,51219,51220,102427,102428,102429,102430,102431,102434,102435,102436,102437,102438,1,-1,2,-2,1,3,1,-1,-3,-1,2,2,5,2,2,-2,-2,-5,-2,-2
0,1,17073,17076,51219,51220,51221,51224,51225,51226,102439,102440,102441,102442,102443,102446,102447,102448,102449,102450,1,-1,2,-2,1,3,1,-1,-3,-1,2,2,5,2,2,-2,-2,-5,-2,-2
0,1,17075,17078,51225,51226,51227,51230,51231,51232,102451,102452,102453,102454,102455,102458,102459,102460,102461,102462,1,-1,2,-2,1,3,1,-1,-3,-1,2,2,5,2,2,-2,-2,-5,-2,-2
0,1,17077,17080,51231,51232,51233,51236,51237,51238,102463,102464,102465,102466,102467,102470,102471,102472,102473,102474,1,-1,2,-2,1,3,1,-1,-3,-1,2,2,5,2,2,-2,-2,-5,-2,-2
0,1,17079,17082,51237,51238,51239,51242,51243,51244,102475,102476,102477,102478,102479,102482,102483,102484,102485,102486,1,-1,2,-2,1,3,1,-1,-3,-1,2,2,5,2,2,-2,-2,-5,-2,-2
0,1,17081,17084,51243,51244,51245,51248,51249,51250,102487,102488,102489,102490,102491,102494,102495,102496,102497,102498,1,-1,2,-2,1,3,1,-1,-3,-1,2,2,5,2,2,-2,-2,-5,-2,-2
0,1,17083,17086,51249,51250,51251,51254,51255,51256,102499,102500,102501,102502,102503,102506,102507,102508,102509,102510,1,-1,2,-2,1,3,1,-1,-3,-1,2,2,5,2,2,-2,-2,-5,-2,-2
0,1,17085,17088,51255,51256,51257,51260,51261,51262,102511,102512,102513,102514,102515,102518,102519,102520,102521,102522,1,-1,2,-2,1,3,1,-1,-3,-1,2,2,5,2,2,-2,-2,-5,-2,-2
0,1,17087,17090,51261,51262,51263,51266,51267,51268,102523,102524,102525,102526,102527,102530,102531,102532,102533,102534,1,-1,2,-2,1,3,1,-1,-3,-1,2,2,5,2,2,-2,-2,-5,-2,-2
0,1,17089,17092,51267,51268,51269,51272,51273,51274,102535,102536,102537,102538,102539,102542,102543,102544,102545,102546,1,-1,2,-2,1,3,1,-1,-3,-1,2,2,5,2,2,-2,-2,-5,-2,-2
0,1,17091,17094,51273,51274,51275,51278,51279,51280,102547,102548,102549,102550,102551,102554,102555,102556,102557,102558,1,-1,2,-2,1,3,1,-1,-3,-1,2,2,5,2,2,-2,-2,-5,-2,-2
0,1,17093,17096,51279,51280,51281,51284,51285,51286,102559,102560,102561,102562,102563,102566,102567,102568,102569,102570,1,-1,2,-2,1,3,1,-1,-3,-1,2,2,5,2,2,-2,-2,-5,-2,-2
0,1,17095,17098,51285,51286,51287,51290,51291,51292,102571,102572,102573,102574,102575,102578,102579,102580,102581,102582,1,-1,2,-2,1,3,1,-1,-3,-1,2,2,5,2,2,-2,-2,-5,-2,-2
0,1,17097,17100,51291,51292,51293,51296,51297,51298,102583,102584,102585,102586,102587,102590,102591,102592,102593,102594,1,-1,2,-2,1,3,1,-1,-3,-1,2,2,5,2,2,-2,-2,-5,-2,-2
0,1,17099,17102,51297,51298,51299,51302,51303,51304,102595,102596,102597,102598,102599,102602,102603,102604,102605,102606,1,-1,2,-2,1,3,1,-1,-3,-1,2,2,5,2,2,-2,-2,-5,-2,-2
0,1,17101,17104,51303,51304,51305,51308,51309,51310,102607,102608,102609,102610,102611,102614,102615,102616,102617,102618,1,-1,2,-2,1,3,1,-1,-3,-1,2,2,5,2,2,-2,-2,-5,-2,-2
0,1,17103,17106,51309,51310,51311,51314,51315,51316,102619,102620,102621,102622,102623,102626,102627,102628,102629,102630,1,-1,2,-2,1,3,1,-1,-3,-1,2,2,5,2,2,-2,-2,-5,-2,-2
0,1,17105,17108,51315,51316,51317,51320,51321,51322,102631,102632,102633,102634,102635,102638,102639,102640,102641,102642,1,-1,2,-2,1,3,1,-1,-3,-1,2,2,5,2,2,-2,-2,-5,-2,-2
0,1,17107,17110,51321,51322,51323,51326,51327,51328,102643,102644,102645,102646,102647,102650,102651,102652,102653,102654,1,-1,2,-2,1,3,1,-1,-3,-1,2,2,5,2,2,-2,-2,-5,-2,-2
0,1,17109,17112,51327,51328,51329,51332,51333,51334,102655,102656,102657,102658,102659,102662,102663,102664,102665,102666,1,-1,2,-2,1,3,1,-1,-3,-1,2,2,5,2,2,-2,-2,-5,-2,-2
0,1,17111,17114,51333,51334,51335,51338,51339,51340,102667,102668,102669,102670,102671,102674,102675,102676,102677,102678,1,-1,2,-2,1,3,1,-1,-3,-1,2,2,5,2,2,-2,-2,-5,-2,-2
0,1,17113,17116,51339,51340,51341,51344,51345,51346,102679,102680,102681,102682,102683,102686,102687,102688,102689,102690,1,-1,2,-2,1,3,1,-1,-3,-1,2,2,5,2,2,-2,-2,-5,-2,-2
0,1,17115,17118,51345,51346,51347,51350,51351,51352,102691,102692,102693,102694,102695,102698,102699,102700,102701,102702,1,-1,2,-2,1,3,1,-1,-3,-1,2,2,5,2,2,-2,-2,-5,-2,-2
0,1,17117,17120,51351,51352,51353,51356,51357,51358,102703,102704,102705,102706,102707,102710,102711,102712,102713,102714,1,-1,2,-2,1,3,1,-1,-3,-1,2,2,5,2,2,-2,-2,-5,-2,-2
0,1,17119,17122,51357,51358,51359,51362,51363,51364,102715,102716,102717,102718,102719,102722,102723,102724,102725,102726,1,-1,2,-2,1,3,1,-1,-3,-1,2,2,5,2,2,-2,-2,-5,-2,-2
0,1,17121,17124,51363,51364,51365,51368,51369,51370,102727,102728,102729,102730,102731,102734,102735,102736,102737,102738,1,-1,2,-2,1,3,1,-1,-3,-1,2,2,5,2,2,-2,-2,-5,-2,-2
0,1,17123,17126,51369,51370,51371,51374,51375,51376,102739,102740,102741,102742,102743,102746,102747,102748,102749,102750,1,-1,2,-2,1,3,1,-1,-3,-1,2,2,5,2,2,-2,-2,-5,-2,-2
0,1,17125,17128,51375,51376,51377,51380,51381,51382,102751,102752,102753,102754,102755,102758,102759,102760,102761,102762,1,-1,2,-2,1,3,1,-1,-3,-1,2,2,5,2,2,-2,-2,-5,-2,-2
0,1,17127,17130,51381,51382,51383,51386,51387,51388,102763,102764,102765,102766,102767,102770,102771,102772,102773,102774,1,-1,2,-2,1,3,1,-1,-3,-1,2,2,5,2,2,-2,-2,-5,-2,-2
0,1,17129,17132,51387,51388,51389,51392,51393,51394,102775,102776,102777,102778,102779,102782,102783,102784,102785,102786,1,-1,2,-2,1,3,1,-1,-3,-1,2,2,5,2,2,-2,-2,-5,-2,-2
0,1,17131,17134,51393,51394,51395,51398,51399,51400,102787,102788,102789,102790,102791,102794,102795,102796,102797,102798,1,-1,2,-2,1,3,1,-1,-3,-1,2,2,5,2,2,-2,-2,-5,-2,-2
0,1,17133,17136,51399,51400,51401,51404,51405,51406,102799,102800,102801,102802,102803,102806,102807,102808,102809,102810,1,-1,2,-2,1,3,1,-1,-3,-1,2,2,5,2,2,-2,-2,-5,-2,-2
0,1,17135,17138,51405,51406,51407,51410,51411,51412,102811,102812,102813,102814,102815,102818,102819,102820,102821,102822,1,-1,2,-2,1,3,1,-1,-3,-1,2,2,5,2,2,-2,-2,-5,-2,-2
0,1,17137,17140,51411,51412,51413,51416,51417,51418,102823,102824,102825,102826,102827,102830,102831,102832,102833,102834,1,-1,2,-2,1,3,1,-1,-3,-1,2,2,5,2,2,-2,-2,-5,-2,-2
0,1,17139,17142,51417,51418,51419,51422,51423,51424,102835,102836,102837,102838,102839,102842,102843,102844,102845,102846,1,-1,2,-2,1,3,1,-1,-3,-1,2,2,5,2,2,-2,-2,-5,-2,-2
0,1,17141,17144,51423,51424,51425,51428,51429,51430,102847,102848,102849,102850,102851,102854,102855,102856,102857,102858,1,-1,2,-2,1,3,1,-1,-3,-1,2,2,5,2,2,-2,-2,-5,-2,-2
0,1,17143,17146,51429,51430,51431,51434,51435,51436,102859,102860,102861,102862,102863,102866,102867,102868,102869,102870,1,-1,2,-2,1,3,1,-1,-3,-1,2,2,5,2,2,-2,-2,-5,-2,-2
0,1,17145,17148,51435,51436,51437,51440,51441,51442,102871,102872,102873,102874,102875,102878,102879,102880,102881,102882,1,-1,2,-2,1,3,1,-1,-3,-1,2,2,5,2,2,-2,-2,-5,-2,-2
0,1,17147,17150,51441,51442,51443,51446,51447,51448,102883,102884,102885,102886,102887,102890,102891,102892,102893,102894,1,-1,2,-2,1,3,1,-1,-3,-1,2,2,5,2,2,-2,-2,-5,-2,-2
0,1,17149,17152,51447,51448,51449,51452,51453,51454,102895,102896,102897,102898,102899,102902,102903,102904,102905,102906,1,-1,2,-2,1,3,1,-1,-3,-1,2,2,5,2,2,-2,-2,-5,-2,-2
0,1,17151,17154,51453,51454,51455,51458,51459,51460,102907,102908,102909,102910,102911,102914,102915,102916,102917,102918,1,-1,2,-2,1,3,1,-1,-3,-1,2,2,5,2,2,-2,-2,-5,-2,-2
0,1,17153,17156,51459,51460,51461,51464,51465,51466,102919,102920,102921,102922,102923,102926,102927,102928,102929,102930,1,-1,2,-2,1,3,1,-1,-3,-1,2,2,5,2,2,-2,-2,-5,-2,-2
0,1,17155,17158,51465,51466,51467,51470,51471,51472,102931,102932,102933,102934,102935,102938,102939,102940,102941,102942,1,-1,2,-2,1,3,1,-1,-3,-1,2,2,5,2,2,-2,-2,-5,-2,-2
0,1,17157,17160,51471,51472,51473,51476,51477,51478,102943,102944,102945,102946,102947,102950,102951,102952,102953,102954,1,-1,2,-2,1,3,1,-1,-3,-1,2,2,5,2,2,-2,-2,-5,-2,-2
0,1,17159,17162,51477,51478,51479,51482,51483,51484,102955,102956,102957,102958,102959,102962,102963,102964,102965,102966,1,-1,2,-2,1,3,1,-1,-3,-1,2,2,5,2,2,-2,-2,-5,-2,-2
0,1,17161,17164,51483,51484,51485,51488,51489,51490,102967,102968,102969,102970,102971,102974,102975,102976,102977,102978,1,-1,2,-2,1,3,1,-1,-3,-1,2,2,5,2,2,-2,-2,-5,-2,-2
0,1,17163,17166,51489,51490,51491,51494,51495,51496,102979,102980,102981,102982,102983,102986,102987,102988,102989,102990,1,-1,2,-2,1,3,1,-1,-3,-1,2,2,5,2,2,-2,-2,-5,-2,-2
0,1,17165,17168,51495,51496,51497,51500,51501,51502,102991,102992,102993,102994,102995,102998,102999,103000,103001,103002,1,-1,2,-2,1,3,1,-1,-3,-1,2,2,5,2,2,-2,-2,-5,-2,-2
0,1,17167,17170,51501,51502,51503,51506,51507,51508,103003,103004,103005,103006,103007,103010,103011,103012,103013,103014,1,-1,2,-2,1,3,1,-1,-3,-1,2,2,5,2,2,-2,-2,-5,-2,-2
0,1,17169,17172,51507,51508,51509,51512,51513,51514,103015,103016,103017,103018,103019,103022,103023,103024,103025,103026,1,-1,2,-2,1,3,1,-1,-3,-1,2,2,5,2,2,-2,-2,-5,-2,-2
0,1,17171,17174,51513,51514,51515,51518,51519,51520,103027,103028,103029,103030,103031,103034,103035,103036,103037,103038,1,-1,2,-2,1,3,1,-1,-3,-1,2,2,5,2,2,-2,-2,-5,-2,-2
0,1,17173,17176,51519,51520,51521,51524,51525,51526,103039,103040,103041,103042,103043,103046,103047,103048,103049,103050,1,-1,2,-2,1,3,1,-1,-3,-1,2,2,5,2,2,-2,-2,-5,-2,-2
0,1,17175,17178,51525,51526,51527,51530,51531,51532,103051,103052,103053,103054,103055,103058,103059,103060,103061,103062,1,-1,2,-2,1,3,1,-1,-3,-1,2,2,5,2,2,-2,-2,-5,-2,-2
0,1,17177,17180,51531,51532,51533,51536,51537,51538,103063,103064,103065,103066,103067,103070,103071,103072,103073,103074,1,-1,2,-2,1,3,1,-1,-3,-1,2,2,5,2,2,-2,-2,-5,-2,-2
0,1,17179,17182,51537,51538,51539,51542,51543,51544,103075,103076,103077,103078,103079,103082,103083,103084,103085,103086,1,-1,2,-2,1,3,1,-1,-3,-1,2,2,5,2,2,-2,-2,-5,-2,-2
0,1,17181,17184,51543,51544,51545,51548,51549,51550,103087,103088,103089,103090,103091,103094,103095,103096,103097,103098,1,-1,2,-2,1,3,1,-1,-3,-1,2,2,5,2,2,-2,-2,-5,-2,-2
0,1,17183,17186,51549,51550,51551,51554,51555,51556,103099,103100,103101,103102,103103,103106,103107,103108,103109,103110,1,-1,2,-2,1,3,1,-1,-3,-1,2,2,5,2,2,-2,-2,-5,-2,-2
0,1,17185,17188,51555,51556,51557,51560,51561,51562,103111,103112,103113,103114,103115,103118,103119,103120,103121,103122,1,-1,2,-2,1,3,1,-1,-3,-1,2,2,5,2,2,-2,-2,-5,-2,-2
0,1,17187,17190,51561,51562,51563,51566,51567,51568,103123,103124,103125,103126,103127,103130,103131,103132,103133,103134,1,-1,2,-2,1,3,1,-1,-3,-1,2,2,5,2,2,-2,-2,-5,-2,-2
0,1,17189,17192,51567,51568,51569,51572,51573,51574,103135,103136,103137,103138,103139,103142,103143,103144,103145,103146,1,-1,2,-2,1,3,1,-1,-3,-1,2,2,5,2,2,-2,-2,-5,-2,-2
0,1,17191,17194,51573,51574,51575,51578,51579,51580,103147,103148,103149,103150,103151,103154,103155,103156,103157,103158,1,-1,2,-2,1,3,1,-1,-3,-1,2,2,5,2,2,-2,-2,-5,-2,-2
0,1,17193,17196,51579,51580,51581,51584,51585,51586,103159,103160,103161,103162,103163,103166,103167,103168,103169,103170,1,-1,2,-2,1,3,1,-1,-3,-1,2,2,5,2,2,-2,-2,-5,-2,-2
0,1,17195,17198,51585,51586,51587,51590,51591,51592,103171,103172,103173,103174,103175,103178,103179,103180,103181,103182,1,-1,2,-2,1,3,1,-1,-3,-1,2,2,5,2,2,-2,-2,-5,-2,-2
0,1,17197,17200,51591,51592,51593,51596,51597,51598,103183,103184,103185,103186,103187,103190,103191,103192,103193,103194,1,-1,2,-2,1,3,1,-1,-3,-1,2,2,5,2,2,-2,-2,-5,-2,-2
0,1,17199,17202,51597,51598,51599,51602,51603,51604,103195,103196,103197,103198,103199,103202,103203,103204,103205,103206,1,-1,2,-2,1,3,1,-1,-3,-1,2,2,5,2,2,-2,-2,-5,-2,-2
0,1,17201,17204,51603,51604,51605,51608,51609,51610,103207,103208,103209,103210,103211,103214,103215,103216,103217,103218,1,-1,2,-2,1,3,1,-1,-3,-1,2,2,5,2,2,-2,-2,-5,-2,-2
0,1,17203,17206,51609,51610,51611,51614,51615,51616,103219,103220,103221,103222,103223,103226,103227,103228,103229,103230,1,-1,2,-2,1,3,1,-1,-3,-1,2,2,5,2,2,-2,-2,-5,-2,-2
0,1,17205,17208,51615,51616,51617,51620,51621,51622,103231,103232,103233,103234,103235,103238,103239,103240,103241,103242,1,-1,2,-2,1,3,1,-1,-3,-1,2,2,5,2,2,-2,-2,-5,-2,-2
0,1,17207,17210,51621,51622,51623,51626,51627,51628,103243,103244,103245,103246,103247,103250,103251,103252,103253,103254,1,-1,2,-2,1,3,1,-1,-3,-1,2,2,5,2,2,-2,-2,-5,-2,-2
0,1,17209,17212,51627,51628,51629,51632,51633,51634,103255,103256,103257,103258,103259,103262,103263,103264,103265,103266,1,-1,2,-2,1,3,1,-1,-3,-1,2,2,5,2,2,-2,-2,-5,-2,-2
0,1,17211,17214,51633,51634,51635,51638,51639,51640,103267,103268,103269,103270,103271,103274,103275,103276,103277,103278,1,-1,2,-2,1,3,1,-1,-3,-1,2,2,5,2,2,-2,-2,-5,-2,-2
0,1,17213,17216,51639,51640,51641,51644,51645,51646,103279,103280,103281,103282,103283,103286,103287,103288,103289,103290,1,-1,2,-2,1,3,1,-1,-3,-1,2,2,5,2,2,-2,-2,-5,-2,-2
0,1,17215,17218,51645,51646,51647,51650,51651,51652,103291,103292,103293,103294,103295,103298,103299,103300,103301,103302,1,-1,2,-2,1,3,1,-1,-3,-1,2,2,5,2,2,-2,-2,-5,-2,-2
0,1,17217,17220,51651,51652,51653,51656,51657,51658,103303,103304,103305,103306,103307,103310,103311,103312,103313,103314,1,-1,2,-2,1,3,1,-1,-3,-1,2,2,5,2,2,-2,-2,-5,-2,-2
0,1,17219,17222,51657,51658,51659,51662,51663,51664,103315,103316,103317,103318,103319,103322,103323,103324,103325,103326,1,-1,2,-2,1,3,1,-1,-3,-1,2,2,5,2,2,-2,-2,-5,-2,-2
0,1,17221,17224,51663,51664,51665,51668,51669,51670,103327,103328,103329,103330,103331,103334,103335,103336,103337,103338,1,-1,2,-2,1,3,1,-1,-3,-1,2,2,5,2,2,-2,-2,-5,-2,-2
0,1,17223,17226,51669,51670,51671,51674,51675,51676,103339,103340,103341,103342,103343,103346,103347,103348,103349,103350,1,-1,2,-2,1,3,1,-1,-3,-1,2,2,5,2,2,-2,-2,-5,-2,-2
0,1,17225,17228,51675,51676,51677,51680,51681,51682,103351,103352,103353,103354,103355,103358,103359,103360,103361,103362,1,-1,2,-2,1,3,1,-1,-3,-1,2,2,5,2,2,-2,-2,-5,-2,-2
0,1,17227,17230,51681,51682,51683,51686,51687,51688,103363,103364,103365,103366,103367,103370,103371,103372,103373,103374,1,-1,2,-2,1,3,1,-1,-3,-1,2,2,5,2,2,-2,-2,-5,-2,-2
0,1,17229,17232,51687,51688,51689,51692,51693,51694,103375,103376,103377,103378,103379,103382,103383,103384,103385,103386,1,-1,2,-2,1,3,1,-1,-3,-1,2,2,5,2,2,-2,-2,-5,-2,-2
0,1,17231,17234,51693,51694,51695,51698,51699,51700,103387,103388,103389,103390,103391,103394,103395,103396,103397,103398,1,-1,2,-2,1,3,1,-1,-3,-1,2,2,5,2,2,-2,-2,-5,-2,-2
0,1,17233,17236,51699,51700,51701,51704,51705,51706,103399,103400,103401,103402,103403,103406,103407,103408,103409,103410,1,-1,2,-2,1,3,1,-1,-3,-1,2,2,5,2,2,-2,-2,-5,-2,-2
0,1,17235,17238,51705,51706,51707,51710,51711,51712,103411,103412,103413,103414,103415,103418,103419,103420,103421,103422,1,-1,2,-2,1,3,1,-1,-3,-1,2,2,5,2,2,-2,-2,-5,-2,-2
0,1,17237,17240,51711,51712,51713,51716,51717,51718,103423,103424,103425,103426,103427,103430,103431,103432,103433,103434,1,-1,2,-2,1,3,1,-1,-3,-1,2,2,5,2,2,-2,-2,-5,-2,-2
0,1,17239,17242,51717,51718,51719,51722,51723,51724,103435,103436,103437,103438,103439,103442,103443,103444,103445,103446,1,-1,2,-2,1,3,1,-1,-3,-1,2,2,5,2,2,-2,-2,-5,-2,-2
0,1,17241,17244,51723,51724,51725,51728,51729,51730,103447,103448,103449,103450,103451,103454,103455,103456,103457,103458,1,-1,2,-2,1,3,1,-1,-3,-1,2,2,5,2,2,-2,-2,-5,-2,-2
0,1,17243,17246,51729,51730,51731,51734,51735,51736,103459,103460,103461,103462,103463,103466,103467,103468,103469,103470,1,-1,2,-2,1,3,1,-1,-3,-1,2,2,5,2,2,-2,-2,-5,-2,-2
0,1,17245,17248,51735,51736,51737,51740,51741,51742,103471,103472,103473,103474,103475,103478,103479,103480,103481,103482,1,-1,2,-2,1,3,1,-1,-3,-1,2,2,5,2,2,-2,-2,-5,-2,-2
0,1,17247,17250,51741,51742,51743,51746,51747,51748,103483,103484,103485,103486,103487,103490,103491,103492,103493,103494,1,-1,2,-2,1,3,1,-1,-3,-1,2,2,5,2,2,-2,-2,-5,-2,-2
0,1,17249,17252,51747,51748,51749,51752,51753,51754,103495,103496,103497,103498,103499,103502,103503,103504,103505,103506,1,-1,2,-2,1,3,1,-1,-3,-1,2,2,5,2,2,-2,-2,-5,-2,-2
0,1,17251,17254,51753,51754,51755,51758,51759,51760,103507,103508,103509,103510,103511,103514,103515,103516,103517,103518,1,-1,2,-2,1,3,1,-1,-3,-1,2,2,5,2,2,-2,-2,-5,-2,-2
0,1,17253,17256,51759,51760,51761,51764,51765,51766,103519,103520,103521,103522,103523,103526,103527,103528,103529,103530,1,-1,2,-2,1,3,1,-1,-3,-1,2,2,5,2,2,-2,-2,-5,-2,-2
0,1,17255,17258,51765,51766,51767,51770,51771,51772,103531,103532,103533,103534,103535,103538,103539,103540,103541,103542,1,-1,2,-2,1,3,1,-1,-3,-1,2,2,5,2,2,-2,-2,-5,-2,-2
0,1,17257,17260,51771,51772,51773,51776,51777,51778,103543,103544,103545,103546,103547,103550,103551,103552,103553,103554,1,-1,2,-2,1,3,1,-1,-3,-1,2,2,5,2,2,-2,-2,-5,-2,-2
0,1,17259,17262,51777,51778,51779,51782,51783,51784,103555,103556,103557,103558,103559,103562,103563,103564,103565,103566,1,-1,2,-2,1,3,1,-1,-3,-1,2,2,5,2,2,-2,-2,-5,-2,-2
0,1,17261,17264,51783,51784,51785,51788,51789,51790,103567,103568,103569,103570,103571,103574,103575,103576,103577,103578,1,-1,2,-2,1,3,1,-1,-3,-1,2,2,5,2,2,-2,-2,-5,-2,-2
0,1,17263,17266,51789,51790,51791,51794,51795,51796,103579,103580,103581,103582,103583,103586,103587,103588,103589,103590,1,-1,2,-2,1,3,1,-1,-3,-1,2,2,5,2,2,-2,-2,-5,-2,-2
0,1,17265,17268,51795,51796,51797,51800,51801,51802,103591,103592,103593,103594,103595,103598,103599,103600,103601,103602,1,-1,2,-2,1,3,1,-1,-3,-1,2,2,5,2,2,-2,-2,-5,-2,-2
0,1,17267,17270,51801,51802,51803,51806,51807,51808,103603,103604,103605,103606,103607,103610,103611,103612,103613,103614,1,-1,2,-2,1,3,1,-1,-3,-1,2,2,5,2,2,-2,-2,-5,-2,-2
0,1,17269,17272,51807,51808,51809,51812,51813,51814,103615,103616,103617,103618,103619,103622,103623,103624,103625,103626,1,-1,2,-2,1,3,1,-1,-3,-1,2,2,5,2,2,-2,-2,-5,-2,-2
0,1,17271,17274,51813,51814,51815,51818,51819,51820,103627,103628,103629,103630,103631,103634,103635,103636,103637,103638,1,-1,2,-2,1,3,1,-1,-3,-1,2,2,5,2,2,-2,-2,-5,-2,-2
0,1,17273,17276,51819,51820,51821,51824,51825,51826,103639,103640,103641,103642,103643,103646,103647,103648,103649,103650,1,-1,2,-2,1,3,1,-1,-3,-1,2,2,5,2,2,-2,-2,-5,-2,-2
0,1,17275,17278,51825,51826,51827,51830,51831,51832,103651,103652,103653,103654,103655,103658,103659,103660,103661,103662,1,-1,2,-2,1,3,1,-1,-3,-1,2,2,5,2,2,-2,-2,-5,-2,-2
0,1,17277,17280,51831,51832,51833,51836,51837,51838,103663,103664,103665,103666,103667,103670,103671,103672,103673,103674,1,-1,2,-2,1,3,1,-1,-3,-1,2,2,5,2,2,-2,-2,-5,-2,-2
0,1,17279,17282,51837,51838,51839,51842,51843,51844,103675,103676,103677,103678,103679,103682,103683,103684,103685,103686,1,-1,2,-2,1,3,1,-1,-3,-1,2,2,5,2,2,-2,-2,-5,-2,-2
0,1,17281,17284,51843,51844,51845,51848,51849,51850,103687,103688,103689,103690,103691,103694,103695,103696,103697,103698,1,-1,2,-2,1,3,1,-1,-3,-1,2,2,5,2,2,-2,-2,-5,-2,-2
0,1,17283,17286,51849,51850,51851,51854,51855,51856,103699,103700,103701,103702,103703,103706,103707,103708,103709,103710,1,-1,2,-2,1,3,1,-1,-3,-1,2,2,5,2,2,-2,-2,-5,-2,-2
0,1,17285,17288,51855,51856,51857,51860,51861,51862,103711,103712,103713,103714,103715,103718,103719,103720,103721,103722,1,-1,2,-2,1,3,1,-1,-3,-1,2,2,5,2,2,-2,-2,-5,-2,-2
0,1,17287,17290,51861,51862,51863,51866,51867,51868,103723,103724,103725,103726,103727,103730,103731,103732,103733,103734,1,-1,2,-2,1,3,1,-1,-3,-1,2,2,5,2,2,-2,-2,-5,-2,-2
0,1,17289,17292,51867,51868,51869,51872,51873,51874,103735,103736,103737,103738,103739,103742,103743,103744,103745,103746,1,-1,2,-2,1,3,1,-1,-3,-1,2,2,5,2,2,-2,-2,-5,-2,-2
0,1,17291,17294,51873,51874,51875,51878,51879,51880,103747,103748,103749,103750,103751,103754,103755,103756,103757,103758,1,-1,2,-2,1,3,1,-1,-3,-1,2,2,5,2,2,-2,-2,-5,-2,-2
0,1,17293,17296,51879,51880,51881,51884,51885,51886,103759,103760,103761,103762,103763,103766,103767,103768,103769,103770,1,-1,2,-2,1,3,1,-1,-3,-1,2,2,5,2,2,-2,-2,-5,-2,-2
0,1,17295,17298,51885,51886,51887,51890,51891,51892,103771,103772,103773,103774,103775,103778,103779,103780,103781,103782,1,-1,2,-2,1,3,1,-1,-3,-1,2,2,5,2,2,-2,-2,-5,-2,-2
0,1,17297,17300,51891,51892,51893,51896,51897,51898,103783,103784,103785,103786,103787,103790,103791,103792,103793,103794,1,-1,2,-2,1,3,1,-1,-3,-1,2,2,5,2,2,-2,-2,-5,-2,-2
0,1,17299,17302,51897,51898,51899,51902,51903,51904,103795,103796,103797,103798,103799,103802,103803,103804,103805,103806,1,-1,2,-2,1,3,1,-1,-3,-1,2,2,5,2,2,-2,-2,-5,-2,-2
0,1,17301,17304,51903,51904,51905,51908,51909,51910,103807,103808,103809,103810,103811,103814,103815,103816,103817,103818,1,-1,2,-2,1,3,1,-1,-3,-1,2,2,5,2,2,-2,-2,-5,-2,-2
0,1,17303,17306,51909,51910,51911,51914,51915,51916,103819,103820,103821,103822,103823,103826,103827,103828,103829,103830,1,-1,2,-2,1,3,1,-1,-3,-1,2,2,5,2,2,-2,-2,-5,-2,-2
0,1,17305,17308,51915,51916,51917,51920,51921,51922,103831,103832,103833,103834,103835,103838,103839,103840,103841,103842,1,-1,2,-2,1,3,1,-1,-3,-1,2,2,5,2,2,-2,-2,-5,-2,-2
0,1,17307,17310,51921,51922,51923,51926,51927,51928,103843,103844,103845,103846,103847,103850,103851,103852,103853,103854,1,-1,2,-2,1,3,1,-1,-3,-1,2,2,5,2,2,-2,-2,-5,-2,-2
0,1,17309,17312,51927,51928,51929,51932,51933,51934,103855,103856,103857,103858,103859,103862,103863,103864,103865,103866,1,-1,2,-2,1,3,1,-1,-3,-1,2,2,5,2,2,-2,-2,-5,-2,-2
0,1,17311,17314,51933,51934,51935,51938,51939,51940,103867,103868,103869,103870,103871,103874,103875,103876,103877,103878,1,-1,2,-2,1,3,1,-1,-3,-1,2,2,5,2,2,-2,-2,-5,-2,-2
0,1,17313,17316,51939,51940,51941,51944,51945,51946,103879,103880,103881,103882,103883,103886,103887,103888,103889,103890,1,-1,2,-2,1,3,1,-1,-3,-1,2,2,5,2,2,-2,-2,-5,-2,-2
0,1,17315,17318,51945,51946,51947,51950,51951,51952,103891,103892,103893,103894,103895,103898,103899,103900,103901,103902,1,-1,2,-2,1,3,1,-1,-3,-1,2,2,5,2,2,-2,-2,-5,-2,-2
0,1,17317,17320,51951,51952,51953,51956,51957,51958,103903,103904,103905,103906,103907,103910,103911,103912,103913,103914,1,-1,2,-2,1,3,1,-1,-3,-1,2,2,5,2,2,-2,-2,-5,-2,-2
0,1,17319,17322,51957,51958,51959,51962,51963,51964,103915,103916,103917,103918,103919,103922,103923,103924,103925,103926,1,-1,2,-2,1,3,1,-1,-3,-1,2,2,5,2,2,-2,-2,-5,-2,-2
0,1,17321,17324,51963,51964,51965,51968,51969,51970,103927,103928,103929,103930,103931,103934,103935,103936,103937,103938,1,-1,2,-2,1,3,1,-1,-3,-1,2,2,5,2,2,-2,-2,-5,-2,-2
0,1,17323,17326,51969,51970,51971,51974,51975,51976,103939,103940,103941,103942,103943,103946,103947,103948,103949,103950,1,-1,2,-2,1,3,1,-1,-3,-1,2,2,5,2,2,-2,-2,-5,-2,-2
0,1,17325,17328,51975,51976,51977,51980,51981,51982,103951,103952,103953,103954,103955,103958,103959,103960,103961,103962,1,-1,2,-2,1,3,1,-1,-3,-1,2,2,5,2,2,-2,-2,-5,-2,-2
0,1,17327,17330,51981,51982,51983,51986,51987,51988,103963,103964,103965,103966,103967,103970,103971,103972,103973,103974,1,-1,2,-2,1,3,1,-1,-3,-1,2,2,5,2,2,-2,-2,-5,-2,-2
0,1,17329,17332,51987,51988,51989,51992,51993,51994,103975,103976,103977,103978,103979,103982,103983,103984,103985,103986,1,-1,2,-2,1,3,1,-1,-3,-1,2,2,5,2,2,-2,-2,-5,-2,-2
0,1,17331,17334,51993,51994,51995,51998,51999,52000,103987,103988,103989,103990,103991,103994,103995,103996,103997,103998,1,-1,2,-2,1,3,1,-1,-3,-1,2,2,5,2,2,-2,-2,-5,-2,-2
0,1,17333,17336,51999,52000,52001,52004,52005,52006,103999,104000,104001,104002,104003,104006,104007,104008,104009,104010,1,-1,2,-2,1,3,1,-1,-3,-1,2,2,5,2,2,-2,-2,-5,-2,-2
0,1,17335,17338,52005,52006,52007,52010,52011,52012,104011,104012,104013,104014,104015,104018,104019,104020,104021,104022,1,-1,2,-2,1,3,1,-1,-3,-1,2,2,5,2,2,-2,-2,-5,-2,-2
0,1,17337,17340,52011,52012,52013,52016,52017,52018,104023,104024,104025,104026,104027,104030,104031,104032,104033,104034,1,-1,2,-2,1,3,1,-1,-3,-1,2,2,5,2,2,-2,-2,-5,-2,-2
0,1,17339,17342,52017,52018,52019,52022,52023,52024,104035,104036,104037,104038,104039,104042,104043,104044,104045,104046,1,-1,2,-2,1,3,1,-1,-3,-1,2,2,5,2,2,-2,-2,-5,-2,-2
0,1,17341,17344,52023,52024,52025,52028,52029,52030,104047,104048,104049,104050,104051,104054,104055,104056,104057,104058,1,-1,2,-2,1,3,1,-1,-3,-1,2,2,5,2,2,-2,-2,-5,-2,-2
0,1,17343,17346,52029,52030,52031,52034,52035,52036,104059,104060,104061,104062,104063,104066,104067,104068,104069,104070,1,-1,2,-2,1,3,1,-1,-3,-1,2,2,5,2,2,-2,-2,-5,-2,-2
0,1,17345,17348,52035,52036,52037,52040,52041,52042,104071,104072,104073,104074,104075,104078,104079,104080,104081,104082,1,-1,2,-2,1,3,1,-1,-3,-1,2,2,5,2,2,-2,-2,-5,-2,-2
0,1,17347,17350,52041,52042,52043,52046,52047,52048,104083,104084,104085,104086,104087,104090,104091,104092,104093,104094,1,-1,2,-2,1,3,1,-1,-3,-1,2,2,5,2,2,-2,-2,-5,-2,-2
0,1,17349,17352,52047,52048,52049,52052,52053,52054,104095,104096,104097,104098,104099,104102,104103,104104,104105,104106,1,-1,2,-2,1,3,1,-1,-3,-1,2,2,5,2,2,-2,-2,-5,-2,-2
0,1,17351,17354,52053,52054,52055,52058,52059,52060,104107,104108,104109,104110,104111,104114,104115,104116,104117,104118,1,-1,2,-2,1,3,1,-1,-3,-1,2,2,5,2,2,-2,-2,-5,-2,-2
0,1,17353,17356,52059,52060,52061,52064,52065,52066,104119,104120,104121,104122,104123,104126,104127,104128,104129,104130,1,-1,2,-2,1,3,1,-1,-3,-1,2,2,5,2,2,-2,-2,-5,-2,-2
0,1,17355,17358,52065,52066,52067,52070,52071,52072,104131,104132,104133,104134,104135,104138,104139,104140,104141,104142,1,-1,2,-2,1,3,1,-1,-3,-1,2,2,5,2,2,-2,-2,-5,-2,-2
0,1,17357,17360,52071,52072,52073,52076,52077,52078,104143,104144,104145,104146,104147,104150,104151,104152,104153,104154,1,-1,2,-2,1,3,1,-1,-3,-1,2,2,5,2,2,-2,-2,-5,-2,-2
0,1,17359,17362,52077,52078,52079,52082,52083,52084,104155,104156,104157,104158,104159,104162,104163,104164,104165,104166,1,-1,2,-2,1,3,1,-1,-3,-1,2,2,5,2,2,-2,-2,-5,-2,-2
0,1,17361,17364,52083,52084,52085,52088,52089,52090,104167,104168,104169,104170,104171,104174,104175,104176,104177,104178,1,-1,2,-2,1,3,1,-1,-3,-1,2,2,5,2,2,-2,-2,-5,-2,-2
0,1,17363,17366,52089,52090,52091,52094,52095,52096,104179,104180,104181,104182,104183,104186,104187,104188,104189,104190,1,-1,2,-2,1,3,1,-1,-3,-1,2,2,5,2,2,-2,-2,-5,-2,-2
0,1,17365,17368,52095,52096,52097,52100,52101,52102,104191,104192,104193,104194,104195,104198,104199,104200,104201,104202,1,-1,2,-2,1,3,1,-1,-3,-1,2,2,5,2,2,-2,-2,-5,-2,-2
0,1,17367,17370,52101,52102,52103,52106,52107,52108,104203,104204,104205,104206,104207,104210,104211,104212,104213,104214,1,-1,2,-2,1,3,1,-1,-3,-1,2,2,5,2,2,-2,-2,-5,-2,-2
0,1,17369,17372,52107,52108,52109,52112,52113,52114,104215,104216,104217,104218,104219,104222,104223,104224,104225,104226,1,-1,2,-2,1,3,1,-1,-3,-1,2,2,5,2,2,-2,-2,-5,-2,-2
0,1,17371,17374,52113,52114,52115,52118,52119,52120,104227,104228,104229,104230,104231,104234,104235,104236,104237,104238,1,-1,2,-2,1,3,1,-1,-3,-1,2,2,5,2,2,-2,-2,-5,-2,-2
0,1,17373,17376,52119,52120,52121,52124,52125,52126,104239,104240,104241,104242,104243,104246,104247,104248,104249,104250,1,-1,2,-2,1,3,1,-1,-3,-1,2,2,5,2,2,-2,-2,-5,-2,-2
0,1,17375,17378,52125,52126,52127,52130,52131,52132,104251,104252,104253,104254,104255,104258,104259,104260,104261,104262,1,-1,2,-2,1,3,1,-1,-3,-1,2,2,5,2,2,-2,-2,-5,-2,-2
0,1,17377,17380,52131,52132,52133,52136,52137,52138,104263,104264,104265,104266,104267,104270,104271,104272,104273,104274,1,-1,2,-2,1,3,1,-1,-3,-1,2,2,5,2,2,-2,-2,-5,-2,-2
0,1,17379,17382,52137,52138,52139,52142,52143,52144,104275,104276,104277,104278,104279,104282,104283,104284,104285,104286,1,-1,2,-2,1,3,1,-1,-3,-1,2,2,5,2,2,-2,-2,-5,-2,-2
0,1,17381,17384,52143,52144,52145,52148,52149,52150,104287,104288,104289,104290,104291,104294,104295,104296,104297,104298,1,-1,2,-2,1,3,1,-1,-3,-1,2,2,5,2,2,-2,-2,-5,-2,-2
0,1,17383,17386,52149,52150,52151,52154,52155,52156,104299,104300,104301,104302,104303,104306,104307,104308,104309,104310,1,-1,2,-2,1,3,1,-1,-3,-1,2,2,5,2,2,-2,-2,-5,-2,-2
0,1,17385,17388,52155,52156,52157,52160,52161,52162,104311,104312,104313,104314,104315,104318,104319,104320,104321,104322,1,-1,2,-2,1,3,1,-1,-3,-1,2,2,5,2,2,-2,-2,-5,-2,-2
0,1,17387,17390,52161,52162,52163,52166,52167,52168,104323,104324,104325,104326,104327,104330,104331,104332,104333,104334,1,-1,2,-2,1,3,1,-1,-3,-1,2,2,5,2,2,-2,-2,-5,-2,-2
0,1,17389,17392,52167,52168,52169,52172,52173,52174,104335,104336,104337,104338,104339,104342,104343,104344,104345,104346,1,-1,2,-2,1,3,1,-1,-3,-1,2,2,5,2,2,-2,-2,-5,-2,-2
0,1,17391,17394,52173,52174,52175,52178,52179,52180,104347,104348,104349,104350,104351,104354,104355,104356,104357,104358,1,-1,2,-2,1,3,1,-1,-3,-1,2,2,5,2,2,-2,-2,-5,-2,-2
0,1,17393,17396,52179,52180,52181,52184,52185,52186,104359,104360,104361,104362,104363,104366,104367,104368,104369,104370,1,-1,2,-2,1,3,1,-1,-3,-1,2,2,5,2,2,-2,-2,-5,-2,-2
0,1,17395,17398,52185,52186,52187,52190,52191,52192,104371,104372,104373,104374,104375,104378,104379,104380,104381,104382,1,-1,2,-2,1,3,1,-1,-3,-1,2,2,5,2,2,-2,-2,-5,-2,-2
0,1,17397,17400,52191,52192,52193,52196,52197,52198,104383,104384,104385,104386,104387,104390,104391,104392,104393,104394,1,-1,2,-2,1,3,1,-1,-3,-1,2,2,5,2,2,-2,-2,-5,-2,-2
0,1,17399,17402,52197,52198,52199,52202,52203,52204,104395,104396,104397,104398,104399,104402,104403,104404,104405,104406,1,-1,2,-2,1,3,1,-1,-3,-1,2,2,5,2,2,-2,-2,-5,-2,-2
0,1,17401,17404,52203,52204,52205,52208,52209,52210,104407,104408,104409,104410,104411,104414,104415,104416,104417,104418,1,-1,2,-2,1,3,1,-1,-3,-1,2,2,5,2,2,-2,-2,-5,-2,-2
0,1,17403,17406,52209,52210,52211,52214,52215,52216,104419,104420,104421,104422,104423,104426,104427,104428,104429,104430,1,-1,2,-2,1,3,1,-1,-3,-1,2,2,5,2,2,-2,-2,-5,-2,-2
0,1,17405,17408,52215,52216,52217,52220,52221,52222,104431,104432,104433,104434,104435,104438,104439,104440,104441,104442,1,-1,2,-2,1,3,1,-1,-3,-1,2,2,5,2,2,-2,-2,-5,-2,-2
0,1,17407,17410,52221,52222,52223,52226,52227,52228,104443,104444,104445,104446,104447,104450,104451,104452,104453,104454,1,-1,2,-2,1,3,1,-1,-3,-1,2,2,5,2,2,-2,-2,-5,-2,-2
0,1,17409,17412,52227,52228,52229,52232,52233,52234,104455,104456,104457,104458,104459,104462,104463,104464,104465,104466,1,-1,2,-2,1,3,1,-1,-3,-1,2,2,5,2,2,-2,-2,-5,-2,-2
0,1,17411,17414,52233,52234,52235,52238,52239,52240,104467,104468,104469,104470,104471,104474,104475,104476,104477,104478,1,-1,2,-2,1,3,1,-1,-3,-1,2,2,5,2,2,-2,-2,-5,-2,-2
0,1,17413,17416,52239,52240,52241,52244,52245,52246,104479,104480,104481,104482,104483,104486,104487,104488,104489,104490,1,-1,2,-2,1,3,1,-1,-3,-1,2,2,5,2,2,-2,-2,-5,-2,-2
0,1,17415,17418,52245,52246,52247,52250,52251,52252,104491,104492,104493,104494,104495,104498,104499,104500,104501,104502,1,-1,2,-2,1,3,1,-1,-3,-1,2,2,5,2,2,-2,-2,-5,-2,-2
0,1,17417,17420,52251,52252,52253,52256,52257,52258,104503,104504,104505,104506,104507,104510,104511,104512,104513,104514,1,-1,2,-2,1,3,1,-1,-3,-1,2,2,5,2,2,-2,-2,-5,-2,-2
0,1,17419,17422,52257,52258,52259,52262,52263,52264,104515,104516,104517,104518,104519,104522,104523,104524,104525,104526,1,-1,2,-2,1,3,1,-1,-3,-1,2,2,5,2,2,-2,-2,-5,-2,-2
0,1,17421,17424,52263,52264,52265,52268,52269,52270,104527,104528,104529,104530,104531,104534,104535,104536,104537,104538,1,-1,2,-2,1,3,1,-1,-3,-1,2,2,5,2,2,-2,-2,-5,-2,-2
0,1,17423,17426,52269,52270,52271,52274,52275,52276,104539,104540,104541,104542,104543,104546,104547,104548,104549,104550,1,-1,2,-2,1,3,1,-1,-3,-1,2,2,5,2,2,-2,-2,-5,-2,-2
0,1,17425,17428,52275,52276,52277,52280,52281,52282,104551,104552,104553,104554,104555,104558,104559,104560,104561,104562,1,-1,2,-2,1,3,1,-1,-3,-1,2,2,5,2,2,-2,-2,-5,-2,-2
0,1,17427,17430,52281,52282,52283,52286,52287,52288,104563,104564,104565,104566,104567,104570,104571,104572,104573,104574,1,-1,2,-2,1,3,1,-1,-3,-1,2,2,5,2,2,-2,-2,-5,-2,-2
0,1,17429,17432,52287,52288,52289,52292,52293,52294,104575,104576,104577,104578,104579,104582,104583,104584,104585,104586,1,-1,2,-2,1,3,1,-1,-3,-1,2,2,5,2,2,-2,-2,-5,-2,-2
0,1,17431,17434,52293,52294,52295,52298,52299,52300,104587,104588,104589,104590,104591,104594,104595,104596,104597,104598,1,-1,2,-2,1,3,1,-1,-3,-1,2,2,5,2,2,-2,-2,-5,-2,-2
0,1,17433,17436,52299,52300,52301,52304,52305,52306,104599,104600,104601,104602,104603,104606,104607,104608,104609,104610,1,-1,2,-2,1,3,1,-1,-3,-1,2,2,5,2,2,-2,-2,-5,-2,-2
0,1,17435,17438,52305,52306,52307,52310,52311,52312,104611,104612,104613,104614,104615,104618,104619,104620,104621,104622,1,-1,2,-2,1,3,1,-1,-3,-1,2,2,5,2,2,-2,-2,-5,-2,-2
0,1,17437,17440,52311,52312,52313,52316,52317,52318,104623,104624,104625,104626,104627,104630,104631,104632,104633,104634,1,-1,2,-2,1,3,1,-1,-3,-1,2,2,5,2,2,-2,-2,-5,-2,-2
0,1,17439,17442,52317,52318,52319,52322,52323,52324,104635,104636,104637,104638,104639,104642,104643,104644,104645,104646,1,-1,2,-2,1,3,1,-1,-3,-1,2,2,5,2,2,-2,-2,-5,-2,-2
0,1,17441,17444,52323,52324,52325,52328,52329,52330,104647,104648,104649,104650,104651,104654,104655,104656,104657,104658,1,-1,2,-2,1,3,1,-1,-3,-1,2,2,5,2,2,-2,-2,-5,-2,-2
0,1,17443,17446,52329,52330,52331,52334,52335,52336,104659,104660,104661,104662,104663,104666,104667,104668,104669,104670,1,-1,2,-2,1,3,1,-1,-3,-1,2,2,5,2,2,-2,-2,-5,-2,-2
0,1,17445,17448,52335,52336,52337,52340,52341,52342,104671,104672,104673,104674,104675,104678,104679,104680,104681,104682,1,-1,2,-2,1,3,1,-1,-3,-1,2,2,5,2,2,-2,-2,-5,-2,-2
0,1,17447,17450,52341,52342,52343,52346,52347,52348,104683,104684,104685,104686,104687,104690,104691,104692,104693,104694,1,-1,2,-2,1,3,1,-1,-3,-1,2,2,5,2,2,-2,-2,-5,-2,-2
0,1,17449,17452,52347,52348,52349,52352,52353,52354,104695,104696,104697,104698,104699,104702,104703,104704,104705,104706,1,-1,2,-2,1,3,1,-1,-3,-1,2,2,5,2,2,-2,-2,-5,-2,-2
0,1,17451,17454,52353,52354,52355,52358,52359,52360,104707,104708,104709,104710,104711,104714,104715,104716,104717,104718,1,-1,2,-2,1,3,1,-1,-3,-1,2,2,5,2,2,-2,-2,-5,-2,-2
0,1,17453,17456,52359,52360,52361,52364,52365,52366,104719,104720,104721,104722,104723,104726,104727,104728,104729,104730,1,-1,2,-2,1,3,1,-1,-3,-1,2,2,5,2,2,-2,-2,-5,-2,-2
0,1,17455,17458,52365,52366,52367,52370,52371,52372,104731,104732,104733,104734,104735,104738,104739,104740,104741,104742,1,-1,2,-2,1,3,1,-1,-3,-1,2,2,5,2,2,-2,-2,-5,-2,-2
0,1,17457,17460,52371,52372,52373,52376,52377,52378,104743,104744,104745,104746,104747,104750,104751,104752,104753,104754,1,-1,2,-2,1,3,1,-1,-3,-1,2,2,5,2,2,-2,-2,-5,-2,-2
0,1,17459,17462,52377,52378,52379,52382,52383,52384,104755,104756,104757,104758,104759,104762,104763,104764,104765,104766,1,-1,2,-2,1,3,1,-1,-3,-1,2,2,5,2,2,-2,-2,-5,-2,-2
0,1,17461,17464,52383,52384,52385,52388,52389,52390,104767,104768,104769,104770,104771,104774,104775,104776,104777,104778,1,-1,2,-2,1,3,1,-1,-3,-1,2,2,5,2,2,-2,-2,-5,-2,-2
0,1,17463,17466,52389,52390,52391,52394,52395,52396,104779,104780,104781,104782,104783,104786,104787,104788,104789,104790,1,-1,2,-2,1,3,1,-1,-3,-1,2,2,5,2,2,-2,-2,-5,-2,-2
0,1,17465,17468,52395,52396,52397,52400,52401,52402,104791,104792,104793,104794,104795,104798,104799,104800,104801,104802,1,-1,2,-2,1,3,1,-1,-3,-1,2,2,5,2,2,-2,-2,-5,-2,-2
0,1,17467,17470,52401,52402,52403,52406,52407,52408,104803,104804,104805,104806,104807,104810,104811,104812,104813,104814,1,-1,2,-2,1,3,1,-1,-3,-1,2,2,5,2,2,-2,-2,-5,-2,-2
0,1,17469,17472,52407,52408,52409,52412,52413,52414,104815,104816,104817,104818,104819,104822,104823,104824,104825,104826,1,-1,2,-2,1,3,1,-1,-3,-1,2,2,5,2,2,-2,-2,-5,-2,-2
0,1,17471,17474,52413,52414,52415,52418,52419,52420,104827,104828,104829,104830,104831,104834,104835,104836,104837,104838,1,-1,2,-2,1,3,1,-1,-3,-1,2,2,5,2,2,-2,-2,-5,-2,-2
0,1,17473,17476,52419,52420,52421,52424,52425,52426,104839,104840,104841,104842,104843,104846,104847,104848,104849,104850,1,-1,2,-2,1,3,1,-1,-3,-1,2,2,5,2,2,-2,-2,-5,-2,-2
0,1,17475,17478,52425,52426,52427,52430,52431,52432,104851,104852,104853,104854,104855,104858,104859,104860,104861,104862,1,-1,2,-2,1,3,1,-1,-3,-1,2,2,5,2,2,-2,-2,-5,-2,-2
0,1,17477,17480,52431,52432,52433,52436,52437,52438,104863,104864,104865,104866,104867,104870,104871,104872,104873,104874,1,-1,2,-2,1,3,1,-1,-3,-1,2,2,5,2,2,-2,-2,-5,-2,-2
0,1,17479,17482,52437,52438,52439,52442,52443,52444,104875,104876,104877,104878,104879,104882,104883,104884,104885,104886,1,-1,2,-2,1,3,1,-1,-3,-1,2,2,5,2,2,-2,-2,-5,-2,-2
0,1,17481,17484,52443,52444,52445,52448,52449,52450,104887,104888,104889,104890,104891,104894,104895,104896,104897,104898,1,-1,2,-2,1,3,1,-1,-3,-1,2,2,5,2,2,-2,-2,-5,-2,-2
0,1,17483,17486,52449,52450,52451,52454,52455,52456,104899,104900,104901,104902,104903,104906,104907,104908,104909,104910,1,-1,2,-2,1,3,1,-1,-3,-1,2,2,5,2,2,-2,-2,-5,-2,-2
0,1,17485,17488,52455,52456,52457,52460,52461,52462,104911,104912,104913,104914,104915,104918,104919,104920,104921,104922,1,-1,2,-2,1,3,1,-1,-3,-1,2,2,5,2,2,-2,-2,-5,-2,-2
0,1,17487,17490,52461,52462,52463,52466,52467,52468,104923,104924,104925,104926,104927,104930,104931,104932,104933,104934,1,-1,2,-2,1,3,1,-1,-3,-1,2,2,5,2,2,-2,-2,-5,-2,-2
0,1,17489,17492,52467,52468,52469,52472,52473,52474,104935,104936,104937,104938,104939,104942,104943,104944,104945,104946,1,-1,2,-2,1,3,1,-1,-3,-1,2,2,5,2,2,-2,-2,-5,-2,-2
0,1,17491,17494,52473,52474,52475,52478,52479,52480,104947,104948,104949,104950,104951,104954,104955,104956,104957,104958,1,-1,2,-2,1,3,1,-1,-3,-1,2,2,5,2,2,-2,-2,-5,-2,-2
0,1,17493,17496,52479,52480,52481,52484,52485,52486,104959,104960,104961,104962,104963,104966,104967,104968,104969,104970,1,-1,2,-2,1,3,1,-1,-3,-1,2,2,5,2,2,-2,-2,-5,-2,-2
0,1,17495,17498,52485,52486,52487,52490,52491,52492,104971,104972,104973,104974,104975,104978,104979,104980,104981,104982,1,-1,2,-2,1,3,1,-1,-3,-1,2,2,5,2,2,-2,-2,-5,-2,-2
0,1,17497,17500,52491,52492,52493,52496,52497,52498,104983,104984,104985,104986,104987,104990,104991,104992,104993,104994,1,-1,2,-2,1,3,1,-1,-3,-1,2,2,5,2,2,-2,-2,-5,-2,-2
0,1,17499,17502,52497,52498,52499,52502,52503,52504,104995,104996,104997,104998,104999,105002,105003,105004,105005,105006,1,-1,2,-2,1,3,1,-1,-3,-1,2,2,5,2,2,-2,-2,-5,-2,-2
0,1,17501,17504,52503,52504,52505,52508,52509,52510,105007,105008,105009,105010,105011,105014,105015,105016,105017,105018,1,-1,2,-2,1,3,1,-1,-3,-1,2,2,5,2,2,-2,-2,-5,-2,-2
0,1,17503,17506,52509,52510,52511,52514,52515,52516,105019,105020,105021,105022,105023,105026,105027,105028,105029,105030,1,-1,2,-2,1,3,1,-1,-3,-1,2,2,5,2,2,-2,-2,-5,-2,-2
0,1,17505,17508,52515,52516,52517,52520,52521,52522,105031,105032,105033,105034,105035,105038,105039,105040,105041,105042,1,-1,2,-2,1,3,1,-1,-3,-1,2,2,5,2,2,-2,-2,-5,-2,-2
0,1,17507,17510,52521,52522,52523,52526,52527,52528,105043,105044,105045,105046,105047,105050,105051,105052,105053,105054,1,-1,2,-2,1,3,1,-1,-3,-1,2,2,5,2,2,-2,-2,-5,-2,-2
0,1,17509,17512,52527,52528,52529,52532,52533,52534,105055,105056,105057,105058,105059,105062,105063,105064,105065,105066,1,-1,2,-2,1,3,1,-1,-3,-1,2,2,5,2,2,-2,-2,-5,-2,-2
0,1,17511,17514,52533,52534,52535,52538,52539,52540,105067,105068,105069,105070,105071,105074,105075,105076,105077,105078,1,-1,2,-2,1,3,1,-1,-3,-1,2,2,5,2,2,-2,-2,-5,-2,-2
0,1,17513,17516,52539,52540,52541,52544,52545,52546,105079,105080,105081,105082,105083,105086,105087,105088,105089,105090,1,-1,2,-2,1,3,1,-1,-3,-1,2,2,5,2,2,-2,-2,-5,-2,-2
0,1,17515,17518,52545,52546,52547,52550,52551,52552,105091,105092,105093,105094,105095,105098,105099,105100,105101,105102,1,-1,2,-2,1,3,1,-1,-3,-1,2,2,5,2,2,-2,-2,-5,-2,-2
0,1,17517,17520,52551,52552,52553,52556,52557,52558,105103,105104,105105,105106,105107,105110,105111,105112,105113,105114,1,-1,2,-2,1,3,1,-1,-3,-1,2,2,5,2,2,-2,-2,-5,-2,-2
0,1,17519,17522,52557,52558,52559,52562,52563,52564,105115,105116,105117,105118,105119,105122,105123,105124,105125,105126,1,-1,2,-2,1,3,1,-1,-3,-1,2,2,5,2,2,-2,-2,-5,-2,-2
0,1,17521,17524,52563,52564,52565,52568,52569,52570,105127,105128,105129,105130,105131,105134,105135,105136,105137,105138,1,-1,2,-2,1,3,1,-1,-3,-1,2,2,5,2,2,-2,-2,-5,-2,-2
0,1,17523,17526,52569,52570,52571,52574,52575,52576,105139,105140,105141,105142,105143,105146,105147,105148,105149,105150,1,-1,2,-2,1,3,1,-1,-3,-1,2,2,5,2,2,-2,-2,-5,-2,-2
0,1,17525,17528,52575,52576,52577,52580,52581,52582,105151,105152,105153,105154,105155,105158,105159,105160,105161,105162,1,-1,2,-2,1,3,1,-1,-3,-1,2,2,5,2,2,-2,-2,-5,-2,-2
0,1,17527,17530,52581,52582,52583,52586,52587,52588,105163,105164,105165,105166,105167,105170,105171,105172,105173,105174,1,-1,2,-2,1,3,1,-1,-3,-1,2,2,5,2,2,-2,-2,-5,-2,-2
0,1,17529,17532,52587,52588,52589,52592,52593,52594,105175,105176,105177,105178,105179,105182,105183,105184,105185,105186,1,-1,2,-2,1,3,1,-1,-3,-1,2,2,5,2,2,-2,-2,-5,-2,-2
0,1,17531,17534,52593,52594,52595,52598,52599,52600,105187,105188,105189,105190,105191,105194,105195,105196,105197,105198,1,-1,2,-2,1,3,1,-1,-3,-1,2,2,5,2,2,-2,-2,-5,-2,-2
0,1,17533,17536,52599,52600,52601,52604,52605,52606,105199,105200,105201,105202,105203,105206,105207,105208,105209,105210,1,-1,2,-2,1,3,1,-1,-3,-1,2,2,5,2,2,-2,-2,-5,-2,-2
0,1,17535,17538,52605,52606,52607,52610,52611,52612,105211,105212,105213,105214,105215,105218,105219,105220,105221,105222,1,-1,2,-2,1,3,1,-1,-3,-1,2,2,5,2,2,-2,-2,-5,-2,-2
0,1,17537,17540,52611,52612,52613,52616,52617,52618,105223,105224,105225,105226,105227,105230,105231,105232,105233,105234,1,-1,2,-2,1,3,1,-1,-3,-1,2,2,5,2,2,-2,-2,-5,-2,-2
0,1,17539,17542,52617,52618,52619,52622,52623,52624,105235,105236,105237,105238,105239,105242,105243,105244,105245,105246,1,-1,2,-2,1,3,1,-1,-3,-1,2,2,5,2,2,-2,-2,-5,-2,-2
0,1,17541,17544,52623,52624,52625,52628,52629,52630,105247,105248,105249,105250,105251,105254,105255,105256,105257,105258,1,-1,2,-2,1,3,1,-1,-3,-1,2,2,5,2,2,-2,-2,-5,-2,-2
0,1,17543,17546,52629,52630,52631,52634,52635,52636,105259,105260,105261,105262,105263,105266,105267,105268,105269,105270,1,-1,2,-2,1,3,1,-1,-3,-1,2,2,5,2,2,-2,-2,-5,-2,-2
0,1,17545,17548,52635,52636,52637,52640,52641,52642,105271,105272,105273,105274,105275,105278,105279,105280,105281,105282,1,-1,2,-2,1,3,1,-1,-3,-1,2,2,5,2,2,-2,-2,-5,-2,-2
0,1,17547,17550,52641,52642,52643,52646,52647,52648,105283,105284,105285,105286,105287,105290,105291,105292,105293,105294,1,-1,2,-2,1,3,1,-1,-3,-1,2,2,5,2,2,-2,-2,-5,-2,-2
0,1,17549,17552,52647,52648,52649,52652,52653,52654,105295,105296,105297,105298,105299,105302,105303,105304,105305,105306,1,-1,2,-2,1,3,1,-1,-3,-1,2,2,5,2,2,-2,-2,-5,-2,-2
0,1,17551,17554,52653,52654,52655,52658,52659,52660,105307,105308,105309,105310,105311,105314,105315,105316,105317,105318,1,-1,2,-2,1,3,1,-1,-3,-1,2,2,5,2,2,-2,-2,-5,-2,-2
0,1,17553,17556,52659,52660,52661,52664,52665,52666,105319,105320,105321,105322,105323,105326,105327,105328,105329,105330,1,-1,2,-2,1,3,1,-1,-3,-1,2,2,5,2,2,-2,-2,-5,-2,-2
0,1,17555,17558,52665,52666,52667,52670,52671,52672,105331,105332,105333,105334,105335,105338,105339,105340,105341,105342,1,-1,2,-2,1,3,1,-1,-3,-1,2,2,5,2,2,-2,-2,-5,-2,-2
0,1,17557,17560,52671,52672,52673,52676,52677,52678,105343,105344,105345,105346,105347,105350,105351,105352,105353,105354,1,-1,2,-2,1,3,1,-1,-3,-1,2,2,5,2,2,-2,-2,-5,-2,-2
0,1,17559,17562,52677,52678,52679,52682,52683,52684,105355,105356,105357,105358,105359,105362,105363,105364,105365,105366,1,-1,2,-2,1,3,1,-1,-3,-1,2,2,5,2,2,-2,-2,-5,-2,-2
0,1,17561,17564,52683,52684,52685,52688,52689,52690,105367,105368,105369,105370,105371,105374,105375,105376,105377,105378,1,-1,2,-2,1,3,1,-1,-3,-1,2,2,5,2,2,-2,-2,-5,-2,-2
0,1,17563,17566,52689,52690,52691,52694,52695,52696,105379,105380,105381,105382,105383,105386,105387,105388,105389,105390,1,-1,2,-2,1,3,1,-1,-3,-1,2,2,5,2,2,-2,-2,-5,-2,-2
0,1,17565,17568,52695,52696,52697,52700,52701,52702,105391,105392,105393,105394,105395,105398,105399,105400,105401,105402,1,-1,2,-2,1,3,1,-1,-3,-1,2,2,5,2,2,-2,-2,-5,-2,-2
0,1,17567,17570,52701,52702,52703,52706,52707,52708,105403,105404,105405,105406,105407,105410,105411,105412,105413,105414,1,-1,2,-2,1,3,1,-1,-3,-1,2,2,5,2,2,-2,-2,-5,-2,-2
0,1,17569,17572,52707,52708,52709,52712,52713,52714,105415,105416,105417,105418,105419,105422,105423,105424,105425,105426,1,-1,2,-2,1,3,1,-1,-3,-1,2,2,5,2,2,-2,-2,-5,-2,-2
0,1,17571,17574,52713,52714,52715,52718,52719,52720,105427,105428,105429,105430,105431,105434,105435,105436,105437,105438,1,-1,2,-2,1,3,1,-1,-3,-1,2,2,5,2,2,-2,-2,-5,-2,-2
0,1,17573,17576,52719,52720,52721,52724,52725,52726,105439,105440,105441,105442,105443,105446,105447,105448,105449,105450,1,-1,2,-2,1,3,1,-1,-3,-1,2,2,5,2,2,-2,-2,-5,-2,-2
0,1,17575,17578,52725,52726,52727,52730,52731,52732,105451,105452,105453,105454,105455,105458,105459,105460,105461,105462,1,-1,2,-2,1,3,1,-1,-3,-1,2,2,5,2,2,-2,-2,-5,-2,-2
0,1,17577,17580,52731,52732,52733,52736,52737,52738,105463,105464,105465,105466,105467,105470,105471,105472,105473,105474,1,-1,2,-2,1,3,1,-1,-3,-1,2,2,5,2,2,-2,-2,-5,-2,-2
0,1,17579,17582,52737,52738,52739,52742,52743,52744,105475,105476,105477,105478,105479,105482,105483,105484,105485,105486,1,-1,2,-2,1,3,1,-1,-3,-1,2,2,5,2,2,-2,-2,-5,-2,-2
0,1,17581,17584,52743,52744,52745,52748,52749,52750,105487,105488,105489,105490,105491,105494,105495,105496,105497,105498,1,-1,2,-2,1,3,1,-1,-3,-1,2,2,5,2,2,-2,-2,-5,-2,-2
0,1,17583,17586,52749,52750,52751,52754,52755,52756,105499,105500,105501,105502,105503,105506,105507,105508,105509,105510,1,-1,2,-2,1,3,1,-1,-3,-1,2,2,5,2,2,-2,-2,-5,-2,-2
0,1,17585,17588,52755,52756,52757,52760,52761,52762,105511,105512,105513,105514,105515,105518,105519,105520,105521,105522,1,-1,2,-2,1,3,1,-1,-3,-1,2,2,5,2,2,-2,-2,-5,-2,-2
0,1,17587,17590,52761,52762,52763,52766,52767,52768,105523,105524,105525,105526,105527,105530,105531,105532,105533,105534,1,-1,2,-2,1,3,1,-1,-3,-1,2,2,5,2,2,-2,-2,-5,-2,-2
0,1,17589,17592,52767,52768,52769,52772,52773,52774,105535,105536,105537,105538,105539,105542,105543,105544,105545,105546,1,-1,2,-2,1,3,1,-1,-3,-1,2,2,5,2,2,-2,-2,-5,-2,-2
0,1,17591,17594,52773,52774,52775,52778,52779,52780,105547,105548,105549,105550,105551,105554,105555,105556,105557,105558,1,-1,2,-2,1,3,1,-1,-3,-1,2,2,5,2,2,-2,-2,-5,-2,-2
0,1,17593,17596,52779,52780,52781,52784,52785,52786,105559,105560,105561,105562,105563,105566,105567,105568,105569,105570,1,-1,2,-2,1,3,1,-1,-3,-1,2,2,5,2,2,-2,-2,-5,-2,-2
0,1,17595,17598,52785,52786,52787,52790,52791,52792,105571,105572,105573,105574,105575,105578,105579,105580,105581,105582,1,-1,2,-2,1,3,1,-1,-3,-1,2,2,5,2,2,-2,-2,-5,-2,-2
0,1,17597,17600,52791,52792,52793,52796,52797,52798,105583,105584,105585,105586,105587,105590,105591,105592,105593,105594,1,-1,2,-2,1,3,1,-1,-3,-1,2,2,5,2,2,-2,-2,-5,-2,-2
0,1,17599,17602,52797,52798,52799,52802,52803,52804,105595,105596,105597,105598,105599,105602,105603,105604,105605,105606,1,-1,2,-2,1,3,1,-1,-3,-1,2,2,5,2,2,-2,-2,-5,-2,-2
0,1,17601,17604,52803,52804,52805,52808,52809,52810,105607,105608,105609,105610,105611,105614,105615,105616,105617,105618,1,-1,2,-2,1,3,1,-1,-3,-1,2,2,5,2,2,-2,-2,-5,-2,-2
0,1,17603,17606,52809,52810,52811,52814,52815,52816,105619,105620,105621,105622,105623,105626,105627,105628,105629,105630,1,-1,2,-2,1,3,1,-1,-3,-1,2,2,5,2,2,-2,-2,-5,-2,-2
0,1,17605,17608,52815,52816,52817,52820,52821,52822,105631,105632,105633,105634,105635,105638,105639,105640,105641,105642,1,-1,2,-2,1,3,1,-1,-3,-1,2,2,5,2,2,-2,-2,-5,-2,-2
0,1,17607,17610,52821,52822,52823,52826,52827,52828,105643,105644,105645,105646,105647,105650,105651,105652,105653,105654,1,-1,2,-2,1,3,1,-1,-3,-1,2,2,5,2,2,-2,-2,-5,-2,-2
0,1,17609,17612,52827,52828,52829,52832,52833,52834,105655,105656,105657,105658,105659,105662,105663,105664,105665,105666,1,-1,2,-2,1,3,1,-1,-3,-1,2,2,5,2,2,-2,-2,-5,-2,-2
0,1,17611,17614,52833,52834,52835,52838,52839,52840,105667,105668,105669,105670,105671,105674,105675,105676,105677,105678,1,-1,2,-2,1,3,1,-1,-3,-1,2,2,5,2,2,-2,-2,-5,-2,-2
0,1,17613,17616,52839,52840,52841,52844,52845,52846,105679,105680,105681,105682,105683,105686,105687,105688,105689,105690,1,-1,2,-2,1,3,1,-1,-3,-1,2,2,5,2,2,-2,-2,-5,-2,-2
0,1,17615,17618,52845,52846,52847,52850,52851,52852,105691,105692,105693,105694,105695,105698,105699,105700,105701,105702,1,-1,2,-2,1,3,1,-1,-3,-1,2,2,5,2,2,-2,-2,-5,-2,-2
0,1,17617,17620,52851,52852,52853,52856,52857,52858,105703,105704,105705,105706,105707,105710,105711,105712,105713,105714,1,-1,2,-2,1,3,1,-1,-3,-1,2,2,5,2,2,-2,-2,-5,-2,-2
0,1,17619,17622,52857,52858,52859,52862,52863,52864,105715,105716,105717,105718,105719,105722,105723,105724,105725,105726,1,-1,2,-2,1,3,1,-1,-3,-1,2,2,5,2,2,-2,-2,-5,-2,-2
0,1,17621,17624,52863,52864,52865,52868,52869,52870,105727,105728,105729,105730,105731,105734,105735,105736,105737,105738,1,-1,2,-2,1,3,1,-1,-3,-1,2,2,5,2,2,-2,-2,-5,-2,-2
0,1,17623,17626,52869,52870,52871,52874,52875,52876,105739,105740,105741,105742,105743,105746,105747,105748,105749,105750,1,-1,2,-2,1,3,1,-1,-3,-1,2,2,5,2,2,-2,-2,-5,-2,-2
0,1,17625,17628,52875,52876,52877,52880,52881,52882,105751,105752,105753,105754,105755,105758,105759,105760,105761,105762,1,-1,2,-2,1,3,1,-1,-3,-1,2,2,5,2,2,-2,-2,-5,-2,-2
0,1,17627,17630,52881,52882,52883,52886,52887,52888,105763,105764,105765,105766,105767,105770,105771,105772,105773,105774,1,-1,2,-2,1,3,1,-1,-3,-1,2,2,5,2,2,-2,-2,-5,-2,-2
0,1,17629,17632,52887,52888,52889,52892,52893,52894,105775,105776,105777,105778,105779,105782,105783,105784,105785,105786,1,-1,2,-2,1,3,1,-1,-3,-1,2,2,5,2,2,-2,-2,-5,-2,-2
0,1,17631,17634,52893,52894,52895,52898,52899,52900,105787,105788,105789,105790,105791,105794,105795,105796,105797,105798,1,-1,2,-2,1,3,1,-1,-3,-1,2,2,5,2,2,-2,-2,-5,-2,-2
0,1,17633,17636,52899,52900,52901,52904,52905,52906,105799,105800,105801,105802,105803,105806,105807,105808,105809,105810,1,-1,2,-2,1,3,1,-1,-3,-1,2,2,5,2,2,-2,-2,-5,-2,-2
0,1,17635,17638,52905,52906,52907,52910,52911,52912,105811,105812,105813,105814,105815,105818,105819,105820,105821,105822,1,-1,2,-2,1,3,1,-1,-3,-1,2,2,5,2,2,-2,-2,-5,-2,-2
0,1,17637,17640,52911,52912,52913,52916,52917,52918,105823,105824,105825,105826,105827,105830,105831,105832,105833,105834,1,-1,2,-2,1,3,1,-1,-3,-1,2,2,5,2,2,-2,-2,-5,-2,-2
0,1,17639,17642,52917,52918,52919,52922,52923,52924,105835,105836,105837,105838,105839,105842,105843,105844,105845,105846,1,-1,2,-2,1,3,1,-1,-3,-1,2,2,5,2,2,-2,-2,-5,-2,-2
0,1,17641,17644,52923,52924,52925,52928,52929,52930,105847,105848,105849,105850,105851,105854,105855,105856,105857,105858,1,-1,2,-2,1,3,1,-1,-3,-1,2,2,5,2,2,-2,-2,-5,-2,-2
0,1,17643,17646,52929,52930,52931,52934,52935,52936,105859,105860,105861,105862,105863,105866,105867,105868,105869,105870,1,-1,2,-2,1,3,1,-1,-3,-1,2,2,5,2,2,-2,-2,-5,-2,-2
0,1,17645,17648,52935,52936,52937,52940,52941,52942,105871,105872,105873,105874,105875,105878,105879,105880,105881,105882,1,-1,2,-2,1,3,1,-1,-3,-1,2,2,5,2,2,-2,-2,-5,-2,-2
0,1,17647,17650,52941,52942,52943,52946,52947,52948,105883,105884,105885,105886,105887,105890,105891,105892,105893,105894,1,-1,2,-2,1,3,1,-1,-3,-1,2,2,5,2,2,-2,-2,-5,-2,-2
0,1,17649,17652,52947,52948,52949,52952,52953,52954,105895,105896,105897,105898,105899,105902,105903,105904,105905,105906,1,-1,2,-2,1,3,1,-1,-3,-1,2,2,5,2,2,-2,-2,-5,-2,-2
0,1,17651,17654,52953,52954,52955,52958,52959,52960,105907,105908,105909,105910,105911,105914,105915,105916,105917,105918,1,-1,2,-2,1,3,1,-1,-3,-1,2,2,5,2,2,-2,-2,-5,-2,-2
0,1,17653,17656,52959,52960,52961,52964,52965,52966,105919,105920,105921,105922,105923,105926,105927,105928,105929,105930,1,-1,2,-2,1,3,1,-1,-3,-1,2,2,5,2,2,-2,-2,-5,-2,-2
0,1,17655,17658,52965,52966,52967,52970,52971,52972,105931,105932,105933,105934,105935,105938,105939,105940,105941,105942,1,-1,2,-2,1,3,1,-1,-3,-1,2,2,5,2,2,-2,-2,-5,-2,-2
0,1,17657,17660,52971,52972,52973,52976,52977,52978,105943,105944,105945,105946,105947,105950,105951,105952,105953,105954,1,-1,2,-2,1,3,1,-1,-3,-1,2,2,5,2,2,-2,-2,-5,-2,-2
0,1,17659,17662,52977,52978,52979,52982,52983,52984,105955,105956,105957,105958,105959,105962,105963,105964,105965,105966,1,-1,2,-2,1,3,1,-1,-3,-1,2,2,5,2,2,-2,-2,-5,-2,-2
0,1,17661,17664,52983,52984,52985,52988,52989,52990,105967,105968,105969,105970,105971,105974,105975,105976,105977,105978,1,-1,2,-2,1,3,1,-1,-3,-1,2,2,5,2,2,-2,-2,-5,-2,-2
0,1,17663,17666,52989,52990,52991,52994,52995,52996,105979,105980,105981,105982,105983,105986,105987,105988,105989,105990,1,-1,2,-2,1,3,1,-1,-3,-1,2,2,5,2,2,-2,-2,-5,-2,-2
0,1,17665,17668,52995,52996,52997,53000,53001,53002,105991,105992,105993,105994,105995,105998,105999,106000,106001,106002,1,-1,2,-2,1,3,1,-1,-3,-1,2,2,5,2,2,-2,-2,-5,-2,-2
0,1,17667,17670,53001,53002,53003,53006,53007,53008,106003,106004,106005,106006,106007,106010,106011,106012,106013,106014,1,-1,2,-2,1,3,1,-1,-3,-1,2,2,5,2,2,-2,-2,-5,-2,-2
0,1,17669,17672,53007,53008,53009,53012,53013,53014,106015,106016,106017,106018,106019,106022,106023,106024,106025,106026,1,-1,2,-2,1,3,1,-1,-3,-1,2,2,5,2,2,-2,-2,-5,-2,-2
0,1,17671,17674,53013,53014,53015,53018,53019,53020,106027,106028,106029,106030,106031,106034,106035,106036,106037,106038,1,-1,2,-2,1,3,1,-1,-3,-1,2,2,5,2,2,-2,-2,-5,-2,-2
0,1,17673,17676,53019,53020,53021,53024,53025,53026,106039,106040,106041,106042,106043,106046,106047,106048,106049,106050,1,-1,2,-2,1,3,1,-1,-3,-1,2,2,5,2,2,-2,-2,-5,-2,-2
0,1,17675,17678,53025,53026,53027,53030,53031,53032,106051,106052,106053,106054,106055,106058,106059,106060,106061,106062,1,-1,2,-2,1,3,1,-1,-3,-1,2,2,5,2,2,-2,-2,-5,-2,-2
0,1,17677,17680,53031,53032,53033,53036,53037,53038,106063,106064,106065,106066,106067,106070,106071,106072,106073,106074,1,-1,2,-2,1,3,1,-1,-3,-1,2,2,5,2,2,-2,-2,-5,-2,-2
0,1,17679,17682,53037,53038,53039,53042,53043,53044,106075,106076,106077,106078,106079,106082,106083,106084,106085,106086,1,-1,2,-2,1,3,1,-1,-3,-1,2,2,5,2,2,-2,-2,-5,-2,-2
0,1,17681,17684,53043,53044,53045,53048,53049,53050,106087,106088,106089,106090,106091,106094,106095,106096,106097,106098,1,-1,2,-2,1,3,1,-1,-3,-1,2,2,5,2,2,-2,-2,-5,-2,-2
0,1,17683,17686,53049,53050,53051,53054,53055,53056,106099,106100,106101,106102,106103,106106,106107,106108,106109,106110,1,-1,2,-2,1,3,1,-1,-3,-1,2,2,5,2,2,-2,-2,-5,-2,-2
0,1,17685,17688,53055,53056,53057,53060,53061,53062,106111,106112,106113,106114,106115,106118,106119,106120,106121,106122,1,-1,2,-2,1,3,1,-1,-3,-1,2,2,5,2,2,-2,-2,-5,-2,-2
0,1,17687,17690,53061,53062,53063,53066,53067,53068,106123,106124,106125,106126,106127,106130,106131,106132,106133,106134,1,-1,2,-2,1,3,1,-1,-3,-1,2,2,5,2,2,-2,-2,-5,-2,-2
0,1,17689,17692,53067,53068,53069,53072,53073,53074,106135,106136,106137,106138,106139,106142,106143,106144,106145,106146,1,-1,2,-2,1,3,1,-1,-3,-1,2,2,5,2,2,-2,-2,-5,-2,-2
0,1,17691,17694,53073,53074,53075,53078,53079,53080,106147,106148,106149,106150,106151,106154,106155,106156,106157,106158,1,-1,2,-2,1,3,1,-1,-3,-1,2,2,5,2,2,-2,-2,-5,-2,-2
0,1,17693,17696,53079,53080,53081,53084,53085,53086,106159,106160,106161,106162,106163,106166,106167,106168,106169,106170,1,-1,2,-2,1,3,1,-1,-3,-1,2,2,5,2,2,-2,-2,-5,-2,-2
0,1,17695,17698,53085,53086,53087,53090,53091,53092,106171,106172,106173,106174,106175,106178,106179,106180,106181,106182,1,-1,2,-2,1,3,1,-1,-3,-1,2,2,5,2,2,-2,-2,-5,-2,-2
0,1,17697,17700,53091,53092,53093,53096,53097,53098,106183,106184,106185,106186,106187,106190,106191,106192,106193,106194,1,-1,2,-2,1,3,1,-1,-3,-1,2,2,5,2,2,-2,-2,-5,-2,-2
0,1,17699,17702,53097,53098,53099,53102,53103,53104,106195,106196,106197,106198,106199,106202,106203,106204,106205,106206,1,-1,2,-2,1,3,1,-1,-3,-1,2,2,5,2,2,-2,-2,-5,-2,-2
0,1,17701,17704,53103,53104,53105,53108,53109,53110,106207,106208,106209,106210,106211,106214,106215,106216,106217,106218,1,-1,2,-2,1,3,1,-1,-3,-1,2,2,5,2,2,-2,-2,-5,-2,-2
0,1,17703,17706,53109,53110,53111,53114,53115,53116,106219,106220,106221,106222,106223,106226,106227,106228,106229,106230,1,-1,2,-2,1,3,1,-1,-3,-1,2,2,5,2,2,-2,-2,-5,-2,-2
0,1,17705,17708,53115,53116,53117,53120,53121,53122,106231,106232,106233,106234,106235,106238,106239,106240,106241,106242,1,-1,2,-2,1,3,1,-1,-3,-1,2,2,5,2,2,-2,-2,-5,-2,-2
0,1,17707,17710,53121,53122,53123,53126,53127,53128,106243,106244,106245,106246,106247,106250,106251,106252,106253,106254,1,-1,2,-2,1,3,1,-1,-3,-1,2,2,5,2,2,-2,-2,-5,-2,-2
0,1,17709,17712,53127,53128,53129,53132,53133,53134,106255,106256,106257,106258,106259,106262,106263,106264,106265,106266,1,-1,2,-2,1,3,1,-1,-3,-1,2,2,5,2,2,-2,-2,-5,-2,-2
0,1,17711,17714,53133,53134,53135,53138,53139,53140,106267,106268,106269,106270,106271,106274,106275,106276,106277,106278,1,-1,2,-2,1,3,1,-1,-3,-1,2,2,5,2,2,-2,-2,-5,-2,-2
0,1,17713,17716,53139,53140,53141,53144,53145,53146,106279,106280,106281,106282,106283,106286,106287,106288,106289,106290,1,-1,2,-2,1,3,1,-1,-3,-1,2,2,5,2,2,-2,-2,-5,-2,-2
0,1,17715,17718,53145,53146,53147,53150,53151,53152,106291,106292,106293,106294,106295,106298,106299,106300,106301,106302,1,-1,2,-2,1,3,1,-1,-3,-1,2,2,5,2,2,-2,-2,-5,-2,-2
0,1,17717,17720,53151,53152,53153,53156,53157,53158,106303,106304,106305,106306,106307,106310,106311,106312,106313,106314,1,-1,2,-2,1,3,1,-1,-3,-1,2,2,5,2,2,-2,-2,-5,-2,-2
0,1,17719,17722,53157,53158,53159,53162,53163,53164,106315,106316,106317,106318,106319,106322,106323,106324,106325,106326,1,-1,2,-2,1,3,1,-1,-3,-1,2,2,5,2,2,-2,-2,-5,-2,-2
0,1,17721,17724,53163,53164,53165,53168,53169,53170,106327,106328,106329,106330,106331,106334,106335,106336,106337,106338,1,-1,2,-2,1,3,1,-1,-3,-1,2,2,5,2,2,-2,-2,-5,-2,-2
0,1,17723,17726,53169,53170,53171,53174,53175,53176,106339,106340,106341,106342,106343,106346,106347,106348,106349,106350,1,-1,2,-2,1,3,1,-1,-3,-1,2,2,5,2,2,-2,-2,-5,-2,-2
0,1,17725,17728,53175,53176,53177,53180,53181,53182,106351,106352,106353,106354,106355,106358,106359,106360,106361,106362,1,-1,2,-2,1,3,1,-1,-3,-1,2,2,5,2,2,-2,-2,-5,-2,-2
0,1,17727,17730,53181,53182,53183,53186,53187,53188,106363,106364,106365,106366,106367,106370,106371,106372,106373,106374,1,-1,2,-2,1,3,1,-1,-3,-1,2,2,5,2,2,-2,-2,-5,-2,-2
0,1,17729,17732,53187,53188,53189,53192,53193,53194,106375,106376,106377,106378,106379,106382,106383,106384,106385,106386,1,-1,2,-2,1,3,1,-1,-3,-1,2,2,5,2,2,-2,-2,-5,-2,-2
0,1,17731,17734,53193,53194,53195,53198,53199,53200,106387,106388,106389,106390,106391,106394,106395,106396,106397,106398,1,-1,2,-2,1,3,1,-1,-3,-1,2,2,5,2,2,-2,-2,-5,-2,-2
0,1,17733,17736,53199,53200,53201,53204,53205,53206,106399,106400,106401,106402,106403,106406,106407,106408,106409,106410,1,-1,2,-2,1,3,1,-1,-3,-1,2,2,5,2,2,-2,-2,-5,-2,-2
0,1,17735,17738,53205,53206,53207,53210,53211,53212,106411,106412,106413,106414,106415,106418,106419,106420,106421,106422,1,-1,2,-2,1,3,1,-1,-3,-1,2,2,5,2,2,-2,-2,-5,-2,-2
0,1,17737,17740,53211,53212,53213,53216,53217,53218,106423,106424,106425,106426,106427,106430,106431,106432,106433,106434,1,-1,2,-2,1,3,1,-1,-3,-1,2,2,5,2,2,-2,-2,-5,-2,-2
0,1,17739,17742,53217,53218,53219,53222,53223,53224,106435,106436,106437,106438,106439,106442,106443,106444,106445,106446,1,-1,2,-2,1,3,1,-1,-3,-1,2,2,5,2,2,-2,-2,-5,-2,-2
0,1,17741,17744,53223,53224,53225,53228,53229,53230,106447,106448,106449,106450,106451,106454,106455,106456,106457,106458,1,-1,2,-2,1,3,1,-1,-3,-1,2,2,5,2,2,-2,-2,-5,-2,-2
0,1,17743,17746,53229,53230,53231,53234,53235,53236,106459,106460,106461,106462,106463,106466,106467,106468,106469,106470,1,-1,2,-2,1,3,1,-1,-3,-1,2,2,5,2,2,-2,-2,-5,-2,-2
0,1,17745,17748,53235,53236,53237,53240,53241,53242,106471,106472,106473,106474,106475,106478,106479,106480,106481,106482,1,-1,2,-2,1,3,1,-1,-3,-1,2,2,5,2,2,-2,-2,-5,-2,-2
0,1,17747,17750,53241,53242,53243,53246,53247,53248,106483,106484,106485,106486,106487,106490,106491,106492,106493,106494,1,-1,2,-2,1,3,1,-1,-3,-1,2,2,5,2,2,-2,-2,-5,-2,-2
0,1,17749,17752,53247,53248,53249,53252,53253,53254,106495,106496,106497,106498,106499,106502,106503,106504,106505,106506,1,-1,2,-2,1,3,1,-1,-3,-1,2,2,5,2,2,-2,-2,-5,-2,-2
0,1,17751,17754,53253,53254,53255,53258,53259,53260,106507,106508,106509,106510,106511,106514,106515,106516,106517,106518,1,-1,2,-2,1,3,1,-1,-3,-1,2,2,5,2,2,-2,-2,-5,-2,-2
0,1,17753,17756,53259,53260,53261,53264,53265,53266,106519,106520,106521,106522,106523,106526,106527,106528,106529,106530,1,-1,2,-2,1,3,1,-1,-3,-1,2,2,5,2,2,-2,-2,-5,-2,-2
0,1,17755,17758,53265,53266,53267,53270,53271,53272,106531,106532,106533,106534,106535,106538,106539,106540,106541,106542,1,-1,2,-2,1,3,1,-1,-3,-1,2,2,5,2,2,-2,-2,-5,-2,-2
0,1,17757,17760,53271,53272,53273,53276,53277,53278,106543,106544,106545,106546,106547,106550,106551,106552,106553,106554,1,-1,2,-2,1,3,1,-1,-3,-1,2,2,5,2,2,-2,-2,-5,-2,-2
0,1,17759,17762,53277,53278,53279,53282,53283,53284,106555,106556,106557,106558,106559,106562,106563,106564,106565,106566,1,-1,2,-2,1,3,1,-1,-3,-1,2,2,5,2,2,-2,-2,-5,-2,-2
0,1,17761,17764,53283,53284,53285,53288,53289,53290,106567,106568,106569,106570,106571,106574,106575,106576,106577,106578,1,-1,2,-2,1,3,1,-1,-3,-1,2,2,5,2,2,-2,-2,-5,-2,-2
0,1,17763,17766,53289,53290,53291,53294,53295,53296,106579,106580,106581,106582,106583,106586,106587,106588,106589,106590,1,-1,2,-2,1,3,1,-1,-3,-1,2,2,5,2,2,-2,-2,-5,-2,-2
0,1,17765,17768,53295,53296,53297,53300,53301,53302,106591,106592,106593,106594,106595,106598,106599,106600,106601,106602,1,-1,2,-2,1,3,1,-1,-3,-1,2,2,5,2,2,-2,-2,-5,-2,-2
0,1,17767,17770,53301,53302,53303,53306,53307,53308,106603,106604,106605,106606,106607,106610,106611,106612,106613,106614,1,-1,2,-2,1,3,1,-1,-3,-1,2,2,5,2,2,-2,-2,-5,-2,-2
0,1,17769,17772,53307,53308,53309,53312,53313,53314,106615,106616,106617,106618,106619,106622,106623,106624,106625,106626,1,-1,2,-2,1,3,1,-1,-3,-1,2,2,5,2,2,-2,-2,-5,-2,-2
0,1,17771,17774,53313,53314,53315,53318,53319,53320,106627,106628,106629,106630,106631,106634,106635,106636,106637,106638,1,-1,2,-2,1,3,1,-1,-3,-1,2,2,5,2,2,-2,-2,-5,-2,-2
0,1,17773,17776,53319,53320,53321,53324,53325,53326,106639,106640,106641,106642,106643,106646,106647,106648,106649,106650,1,-1,2,-2,1,3,1,-1,-3,-1,2,2,5,2,2,-2,-2,-5,-2,-2
0,1,17775,17778,53325,53326,53327,53330,53331,53332,106651,106652,106653,106654,106655,106658,106659,106660,106661,106662,1,-1,2,-2,1,3,1,-1,-3,-1,2,2,5,2,2,-2,-2,-5,-2,-2
0,1,17777,17780,53331,53332,53333,53336,53337,53338,106663,106664,106665,106666,106667,106670,106671,106672,106673,106674,1,-1,2,-2,1,3,1,-1,-3,-1,2,2,5,2,2,-2,-2,-5,-2,-2
0,1,17779,17782,53337,53338,53339,53342,53343,53344,106675,106676,106677,106678,106679,106682,106683,106684,106685,106686,1,-1,2,-2,1,3,1,-1,-3,-1,2,2,5,2,2,-2,-2,-5,-2,-2
0,1,17781,17784,53343,53344,53345,53348,53349,53350,106687,106688,106689,106690,106691,106694,106695,106696,106697,106698,1,-1,2,-2,1,3,1,-1,-3,-1,2,2,5,2,2,-2,-2,-5,-2,-2
0,1,17783,17786,53349,53350,53351,53354,53355,53356,106699,106700,106701,106702,106703,106706,106707,106708,106709,106710,1,-1,2,-2,1,3,1,-1,-3,-1,2,2,5,2,2,-2,-2,-5,-2,-2
0,1,17785,17788,53355,53356,53357,53360,53361,53362,106711,106712,106713,106714,106715,106718,106719,106720,106721,106722,1,-1,2,-2,1,3,1,-1,-3,-1,2,2,5,2,2,-2,-2,-5,-2,-2
0,1,17787,17790,53361,53362,53363,53366,53367,53368,106723,106724,106725,106726,106727,106730,106731,106732,106733,106734,1,-1,2,-2,1,3,1,-1,-3,-1,2,2,5,2,2,-2,-2,-5,-2,-2
0,1,17789,17792,53367,53368,53369,53372,53373,53374,106735,106736,106737,106738,106739,106742,106743,106744,106745,106746,1,-1,2,-2,1,3,1,-1,-3,-1,2,2,5,2,2,-2,-2,-5,-2,-2
0,1,17791,17794,53373,53374,53375,53378,53379,53380,106747,106748,106749,106750,106751,106754,106755,106756,106757,106758,1,-1,2,-2,1,3,1,-1,-3,-1,2,2,5,2,2,-2,-2,-5,-2,-2
0,1,17793,17796,53379,53380,53381,53384,53385,53386,106759,106760,106761,106762,106763,106766,106767,106768,106769,106770,1,-1,2,-2,1,3,1,-1,-3,-1,2,2,5,2,2,-2,-2,-5,-2,-2
0,1,17795,17798,53385,53386,53387,53390,53391,53392,106771,106772,106773,106774,106775,106778,106779,106780,106781,106782,1,-1,2,-2,1,3,1,-1,-3,-1,2,2,5,2,2,-2,-2,-5,-2,-2
0,1,17797,17800,53391,53392,53393,53396,53397,53398,106783,106784,106785,106786,106787,106790,106791,106792,106793,106794,1,-1,2,-2,1,3,1,-1,-3,-1,2,2,5,2,2,-2,-2,-5,-2,-2
0,1,17799,17802,53397,53398,53399,53402,53403,53404,106795,106796,106797,106798,106799,106802,106803,106804,106805,106806,1,-1,2,-2,1,3,1,-1,-3,-1,2,2,5,2,2,-2,-2,-5,-2,-2
0,1,17801,17804,53403,53404,53405,53408,53409,53410,106807,106808,106809,106810,106811,106814,106815,106816,106817,106818,1,-1,2,-2,1,3,1,-1,-3,-1,2,2,5,2,2,-2,-2,-5,-2,-2
0,1,17803,17806,53409,53410,53411,53414,53415,53416,106819,106820,106821,106822,106823,106826,106827,106828,106829,106830,1,-1,2,-2,1,3,1,-1,-3,-1,2,2,5,2,2,-2,-2,-5,-2,-2
0,1,17805,17808,53415,53416,53417,53420,53421,53422,106831,106832,106833,106834,106835,106838,106839,106840,106841,106842,1,-1,2,-2,1,3,1,-1,-3,-1,2,2,5,2,2,-2,-2,-5,-2,-2
0,1,17807,17810,53421,53422,53423,53426,53427,53428,106843,106844,106845,106846,106847,106850,106851,106852,106853,106854,1,-1,2,-2,1,3,1,-1,-3,-1,2,2,5,2,2,-2,-2,-5,-2,-2
0,1,17809,17812,53427,53428,53429,53432,53433,53434,106855,106856,106857,106858,106859,106862,106863,106864,106865,106866,1,-1,2,-2,1,3,1,-1,-3,-1,2,2,5,2,2,-2,-2,-5,-2,-2
0,1,17811,17814,53433,53434,53435,53438,53439,53440,106867,106868,106869,106870,106871,106874,106875,106876,106877,106878,1,-1,2,-2,1,3,1,-1,-3,-1,2,2,5,2,2,-2,-2,-5,-2,-2
0,1,17813,17816,53439,53440,53441,53444,53445,53446,106879,106880,106881,106882,106883,106886,106887,106888,106889,106890,1,-1,2,-2,1,3,1,-1,-3,-1,2,2,5,2,2,-2,-2,-5,-2,-2
0,1,17815,17818,53445,53446,53447,53450,53451,53452,106891,106892,106893,106894,106895,106898,106899,106900,106901,106902,1,-1,2,-2,1,3,1,-1,-3,-1,2,2,5,2,2,-2,-2,-5,-2,-2
0,1,17817,17820,53451,53452,53453,53456,53457,53458,106903,106904,106905,106906,106907,106910,106911,106912,106913,106914,1,-1,2,-2,1,3,1,-1,-3,-1,2,2,5,2,2,-2,-2,-5,-2,-2
0,1,17819,17822,53457,53458,53459,53462,53463,53464,106915,106916,106917,106918,106919,106922,106923,106924,106925,106926,1,-1,2,-2,1,3,1,-1,-3,-1,2,2,5,2,2,-2,-2,-5,-2,-2
0,1,17821,17824,53463,53464,53465,53468,53469,53470,106927,106928,106929,106930,106931,106934,106935,106936,106937,106938,1,-1,2,-2,1,3,1,-1,-3,-1,2,2,5,2,2,-2,-2,-5,-2,-2
0,1,17823,17826,53469,53470,53471,53474,53475,53476,106939,106940,106941,106942,106943,106946,106947,106948,106949,106950,1,-1,2,-2,1,3,1,-1,-3,-1,2,2,5,2,2,-2,-2,-5,-2,-2
0,1,17825,17828,53475,53476,53477,53480,53481,53482,106951,106952,106953,106954,106955,106958,106959,106960,106961,106962,1,-1,2,-2,1,3,1,-1,-3,-1,2,2,5,2,2,-2,-2,-5,-2,-2
0,1,17827,17830,53481,53482,53483,53486,53487,53488,106963,106964,106965,106966,106967,106970,106971,106972,106973,106974,1,-1,2,-2,1,3,1,-1,-3,-1,2,2,5,2,2,-2,-2,-5,-2,-2
0,1,17829,17832,53487,53488,53489,53492,53493,53494,106975,106976,106977,106978,106979,106982,106983,106984,106985,106986,1,-1,2,-2,1,3,1,-1,-3,-1,2,2,5,2,2,-2,-2,-5,-2,-2
0,1,17831,17834,53493,53494,53495,53498,53499,53500,106987,106988,106989,106990,106991,106994,106995,106996,106997,106998,1,-1,2,-2,1,3,1,-1,-3,-1,2,2,5,2,2,-2,-2,-5,-2,-2
0,1,17833,17836,53499,53500,53501,53504,53505,53506,106999,107000,107001,107002,107003,107006,107007,107008,107009,107010,1,-1,2,-2,1,3,1,-1,-3,-1,2,2,5,2,2,-2,-2,-5,-2,-2
0,1,17835,17838,53505,53506,53507,53510,53511,53512,107011,107012,107013,107014,107015,107018,107019,107020,107021,107022,1,-1,2,-2,1,3,1,-1,-3,-1,2,2,5,2,2,-2,-2,-5,-2,-2
0,1,17837,17840,53511,53512,53513,53516,53517,53518,107023,107024,107025,107026,107027,107030,107031,107032,107033,107034,1,-1,2,-2,1,3,1,-1,-3,-1,2,2,5,2,2,-2,-2,-5,-2,-2
0,1,17839,17842,53517,53518,53519,53522,53523,53524,107035,107036,107037,107038,107039,107042,107043,107044,107045,107046,1,-1,2,-2,1,3,1,-1,-3,-1,2,2,5,2,2,-2,-2,-5,-2,-2
0,1,17841,17844,53523,53524,53525,53528,53529,53530,107047,107048,107049,107050,107051,107054,107055,107056,107057,107058,1,-1,2,-2,1,3,1,-1,-3,-1,2,2,5,2,2,-2,-2,-5,-2,-2
0,1,17843,17846,53529,53530,53531,53534,53535,53536,107059,107060,107061,107062,107063,107066,107067,107068,107069,107070,1,-1,2,-2,1,3,1,-1,-3,-1,2,2,5,2,2,-2,-2,-5,-2,-2
0,1,17845,17848,53535,53536,53537,53540,53541,53542,107071,107072,107073,107074,107075,107078,107079,107080,107081,107082,1,-1,2,-2,1,3,1,-1,-3,-1,2,2,5,2,2,-2,-2,-5,-2,-2
0,1,17847,17850,53541,53542,53543,53546,53547,53548,107083,107084,107085,107086,107087,107090,107091,107092,107093,107094,1,-1,2,-2,1,3,1,-1,-3,-1,2,2,5,2,2,-2,-2,-5,-2,-2
0,1,17849,17852,53547,53548,53549,53552,53553,53554,107095,107096,107097,107098,107099,107102,107103,107104,107105,107106,1,-1,2,-2,1,3,1,-1,-3,-1,2,2,5,2,2,-2,-2,-5,-2,-2
0,1,17851,17854,53553,53554,53555,53558,53559,53560,107107,107108,107109,107110,107111,107114,107115,107116,107117,107118,1,-1,2,-2,1,3,1,-1,-3,-1,2,2,5,2,2,-2,-2,-5,-2,-2
0,1,17853,17856,53559,53560,53561,53564,53565,53566,107119,107120,107121,107122,107123,107126,107127,107128,107129,107130,1,-1,2,-2,1,3,1,-1,-3,-1,2,2,5,2,2,-2,-2,-5,-2,-2
0,1,17855,17858,53565,53566,53567,53570,53571,53572,107131,107132,107133,107134,107135,107138,107139,107140,107141,107142,1,-1,2,-2,1,3,1,-1,-3,-1,2,2,5,2,2,-2,-2,-5,-2,-2
0,1,17857,17860,53571,53572,53573,53576,53577,53578,107143,107144,107145,107146,107147,107150,107151,107152,107153,107154,1,-1,2,-2,1,3,1,-1,-3,-1,2,2,5,2,2,-2,-2,-5,-2,-2
0,1,17859,17862,53577,53578,53579,53582,53583,53584,107155,107156,107157,107158,107159,107162,107163,107164,107165,107166,1,-1,2,-2,1,3,1,-1,-3,-1,2,2,5,2,2,-2,-2,-5,-2,-2
0,1,17861,17864,53583,53584,53585,53588,53589,53590,107167,107168,107169,107170,107171,107174,107175,107176,107177,107178,1,-1,2,-2,1,3,1,-1,-3,-1,2,2,5,2,2,-2,-2,-5,-2,-2
0,1,17863,17866,53589,53590,53591,53594,53595,53596,107179,107180,107181,107182,107183,107186,107187,107188,107189,107190,1,-1,2,-2,1,3,1,-1,-3,-1,2,2,5,2,2,-2,-2,-5,-2,-2
0,1,17865,17868,53595,53596,53597,53600,53601,53602,107191,107192,107193,107194,107195,107198,107199,107200,107201,107202,1,-1,2,-2,1,3,1,-1,-3,-1,2,2,5,2,2,-2,-2,-5,-2,-2
0,1,17867,17870,53601,53602,53603,53606,53607,53608,107203,107204,107205,107206,107207,107210,107211,107212,107213,107214,1,-1,2,-2,1,3,1,-1,-3,-1,2,2,5,2,2,-2,-2,-5,-2,-2
0,1,17869,17872,53607,53608,53609,53612,53613,53614,107215,107216,107217,107218,107219,107222,107223,107224,107225,107226,1,-1,2,-2,1,3,1,-1,-3,-1,2,2,5,2,2,-2,-2,-5,-2,-2
0,1,17871,17874,53613,53614,53615,53618,53619,53620,107227,107228,107229,107230,107231,107234,107235,107236,107237,107238,1,-1,2,-2,1,3,1,-1,-3,-1,2,2,5,2,2,-2,-2,-5,-2,-2
0,1,17873,17876,53619,53620,53621,53624,53625,53626,107239,107240,107241,107242,107243,107246,107247,107248,107249,107250,1,-1,2,-2,1,3,1,-1,-3,-1,2,2,5,2,2,-2,-2,-5,-2,-2
0,1,17875,17878,53625,53626,53627,53630,53631,53632,107251,107252,107253,107254,107255,107258,107259,107260,107261,107262,1,-1,2,-2,1,3,1,-1,-3,-1,2,2,5,2,2,-2,-2,-5,-2,-2
0,1,17877,17880,53631,53632,53633,53636,53637,53638,107263,107264,107265,107266,107267,107270,107271,107272,107273,107274,1,-1,2,-2,1,3,1,-1,-3,-1,2,2,5,2,2,-2,-2,-5,-2,-2
0,1,17879,17882,53637,53638,53639,53642,53643,53644,107275,107276,107277,107278,107279,107282,107283,107284,107285,107286,1,-1,2,-2,1,3,1,-1,-3,-1,2,2,5,2,2,-2,-2,-5,-2,-2
0,1,17881,17884,53643,53644,53645,53648,53649,53650,107287,107288,107289,107290,107291,107294,107295,107296,107297,107298,1,-1,2,-2,1,3,1,-1,-3,-1,2,2,5,2,2,-2,-2,-5,-2,-2
0,1,17883,17886,53649,53650,53651,53654,53655,53656,107299,107300,107301,107302,107303,107306,107307,107308,107309,107310,1,-1,2,-2,1,3,1,-1,-3,-1,2,2,5,2,2,-2,-2,-5,-2,-2
0,1,17885,17888,53655,53656,53657,53660,53661,53662,107311,107312,107313,107314,107315,107318,107319,107320,107321,107322,1,-1,2,-2,1,3,1,-1,-3,-1,2,2,5,2,2,-2,-2,-5,-2,-2
0,1,17887,17890,53661,53662,53663,53666,53667,53668,107323,107324,107325,107326,107327,107330,107331,107332,107333,107334,1,-1,2,-2,1,3,1,-1,-3,-1,2,2,5,2,2,-2,-2,-5,-2,-2
0,1,17889,17892,53667,53668,53669,53672,53673,53674,107335,107336,107337,107338,107339,107342,107343,107344,107345,107346,1,-1,2,-2,1,3,1,-1,-3,-1,2,2,5,2,2,-2,-2,-5,-2,-2
0,1,17891,17894,53673,53674,53675,53678,53679,53680,107347,107348,107349,107350,107351,107354,107355,107356,107357,107358,1,-1,2,-2,1,3,1,-1,-3,-1,2,2,5,2,2,-2,-2,-5,-2,-2
0,1,17893,17896,53679,53680,53681,53684,53685,53686,107359,107360,107361,107362,107363,107366,107367,107368,107369,107370,1,-1,2,-2,1,3,1,-1,-3,-1,2,2,5,2,2,-2,-2,-5,-2,-2
0,1,17895,17898,53685,53686,53687,53690,53691,53692,107371,107372,107373,107374,107375,107378,107379,107380,107381,107382,1,-1,2,-2,1,3,1,-1,-3,-1,2,2,5,2,2,-2,-2,-5,-2,-2
0,1,17897,17900,53691,53692,53693,53696,53697,53698,107383,107384,107385,107386,107387,107390,107391,107392,107393,107394,1,-1,2,-2,1,3,1,-1,-3,-1,2,2,5,2,2,-2,-2,-5,-2,-2
0,1,17899,17902,53697,53698,53699,53702,53703,53704,107395,107396,107397,107398,107399,107402,107403,107404,107405,107406,1,-1,2,-2,1,3,1,-1,-3,-1,2,2,5,2,2,-2,-2,-5,-2,-2
0,1,17901,17904,53703,53704,53705,53708,53709,53710,107407,107408,107409,107410,107411,107414,107415,107416,107417,107418,1,-1,2,-2,1,3,1,-1,-3,-1,2,2,5,2,2,-2,-2,-5,-2,-2
0,1,17903,17906,53709,53710,53711,53714,53715,53716,107419,107420,107421,107422,107423,107426,107427,107428,107429,107430,1,-1,2,-2,1,3,1,-1,-3,-1,2,2,5,2,2,-2,-2,-5,-2,-2
0,1,17905,17908,53715,53716,53717,53720,53721,53722,107431,107432,107433,107434,107435,107438,107439,107440,107441,107442,1,-1,2,-2,1,3,1,-1,-3,-1,2,2,5,2,2,-2,-2,-5,-2,-2
0,1,17907,17910,53721,53722,53723,53726,53727,53728,107443,107444,107445,107446,107447,107450,107451,107452,107453,107454,1,-1,2,-2,1,3,1,-1,-3,-1,2,2,5,2,2,-2,-2,-5,-2,-2
0,1,17909,17912,53727,53728,53729,53732,53733,53734,107455,107456,107457,107458,107459,107462,107463,107464,107465,107466,1,-1,2,-2,1,3,1,-1,-3,-1,2,2,5,2,2,-2,-2,-5,-2,-2
0,1,17911,17914,53733,53734,53735,53738,53739,53740,107467,107468,107469,107470,107471,107474,107475,107476,107477,107478,1,-1,2,-2,1,3,1,-1,-3,-1,2,2,5,2,2,-2,-2,-5,-2,-2
0,1,17913,17916,53739,53740,53741,53744,53745,53746,107479,107480,107481,107482,107483,107486,107487,107488,107489,107490,1,-1,2,-2,1,3,1,-1,-3,-1,2,2,5,2,2,-2,-2,-5,-2,-2
0,1,17915,17918,53745,53746,53747,53750,53751,53752,107491,107492,107493,107494,107495,107498,107499,107500,107501,107502,1,-1,2,-2,1,3,1,-1,-3,-1,2,2,5,2,2,-2,-2,-5,-2,-2
0,1,17917,17920,53751,53752,53753,53756,53757,53758,107503,107504,107505,107506,107507,107510,107511,107512,107513,107514,1,-1,2,-2,1,3,1,-1,-3,-1,2,2,5,2,2,-2,-2,-5,-2,-2
0,1,17919,17922,53757,53758,53759,53762,53763,53764,107515,107516,107517,107518,107519,107522,107523,107524,107525,107526,1,-1,2,-2,1,3,1,-1,-3,-1,2,2,5,2,2,-2,-2,-5,-2,-2
0,1,17921,17924,53763,53764,53765,53768,53769,53770,107527,107528,107529,107530,107531,107534,107535,107536,107537,107538,1,-1,2,-2,1,3,1,-1,-3,-1,2,2,5,2,2,-2,-2,-5,-2,-2
0,1,17923,17926,53769,53770,53771,53774,53775,53776,107539,107540,107541,107542,107543,107546,107547,107548,107549,107550,1,-1,2,-2,1,3,1,-1,-3,-1,2,2,5,2,2,-2,-2,-5,-2,-2
0,1,17925,17928,53775,53776,53777,53780,53781,53782,107551,107552,107553,107554,107555,107558,107559,107560,107561,107562,1,-1,2,-2,1,3,1,-1,-3,-1,2,2,5,2,2,-2,-2,-5,-2,-2
0,1,17927,17930,53781,53782,53783,53786,53787,53788,107563,107564,107565,107566,107567,107570,107571,107572,107573,107574,1,-1,2,-2,1,3,1,-1,-3,-1,2,2,5,2,2,-2,-2,-5,-2,-2
0,1,17929,17932,53787,53788,53789,53792,53793,53794,107575,107576,107577,107578,107579,107582,107583,107584,107585,107586,1,-1,2,-2,1,3,1,-1,-3,-1,2,2,5,2,2,-2,-2,-5,-2,-2
0,1,17931,17934,53793,53794,53795,53798,53799,53800,107587,107588,107589,107590,107591,107594,107595,107596,107597,107598,1,-1,2,-2,1,3,1,-1,-3,-1,2,2,5,2,2,-2,-2,-5,-2,-2
0,1,17933,17936,53799,53800,53801,53804,53805,53806,107599,107600,107601,107602,107603,107606,107607,107608,107609,107610,1,-1,2,-2,1,3,1,-1,-3,-1,2,2,5,2,2,-2,-2,-5,-2,-2
0,1,17935,17938,53805,53806,53807,53810,53811,53812,107611,107612,107613,107614,107615,107618,107619,107620,107621,107622,1,-1,2,-2,1,3,1,-1,-3,-1,2,2,5,2,2,-2,-2,-5,-2,-2
0,1,17937,17940,53811,53812,53813,53816,53817,53818,107623,107624,107625,107626,107627,107630,107631,107632,107633,107634,1,-1,2,-2,1,3,1,-1,-3,-1,2,2,5,2,2,-2,-2,-5,-2,-2
0,1,17939,17942,53817,53818,53819,53822,53823,53824,107635,107636,107637,107638,107639,107642,107643,107644,107645,107646,1,-1,2,-2,1,3,1,-1,-3,-1,2,2,5,2,2,-2,-2,-5,-2,-2
0,1,17941,17944,53823,53824,53825,53828,53829,53830,107647,107648,107649,107650,107651,107654,107655,107656,107657,107658,1,-1,2,-2,1,3,1,-1,-3,-1,2,2,5,2,2,-2,-2,-5,-2,-2
0,1,17943,17946,53829,53830,53831,53834,53835,53836,107659,107660,107661,107662,107663,107666,107667,107668,107669,107670,1,-1,2,-2,1,3,1,-1,-3,-1,2,2,5,2,2,-2,-2,-5,-2,-2
0,1,17945,17948,53835,53836,53837,53840,53841,53842,107671,107672,107673,107674,107675,107678,107679,107680,107681,107682,1,-1,2,-2,1,3,1,-1,-3,-1,2,2,5,2,2,-2,-2,-5,-2,-2
0,1,17947,17950,53841,53842,53843,53846,53847,53848,107683,107684,107685,107686,107687,107690,107691,107692,107693,107694,1,-1,2,-2,1,3,1,-1,-3,-1,2,2,5,2,2,-2,-2,-5,-2,-2
0,1,17949,17952,53847,53848,53849,53852,53853,53854,107695,107696,107697,107698,107699,107702,107703,107704,107705,107706,1,-1,2,-2,1,3,1,-1,-3,-1,2,2,5,2,2,-2,-2,-5,-2,-2
0,1,17951,17954,53853,53854,53855,53858,53859,53860,107707,107708,107709,107710,107711,107714,107715,107716,107717,107718,1,-1,2,-2,1,3,1,-1,-3,-1,2,2,5,2,2,-2,-2,-5,-2,-2
0,1,17953,17956,53859,53860,53861,53864,53865,53866,107719,107720,107721,107722,107723,107726,107727,107728,107729,107730,1,-1,2,-2,1,3,1,-1,-3,-1,2,2,5,2,2,-2,-2,-5,-2,-2
0,1,17955,17958,53865,53866,53867,53870,53871,53872,107731,107732,107733,107734,107735,107738,107739,107740,107741,107742,1,-1,2,-2,1,3,1,-1,-3,-1,2,2,5,2,2,-2,-2,-5,-2,-2
0,1,17957,17960,53871,53872,53873,53876,53877,53878,107743,107744,107745,107746,107747,107750,107751,107752,107753,107754,1,-1,2,-2,1,3,1,-1,-3,-1,2,2,5,2,2,-2,-2,-5,-2,-2
0,1,17959,17962,53877,53878,53879,53882,53883,53884,107755,107756,107757,107758,107759,107762,107763,107764,107765,107766,1,-1,2,-2,1,3,1,-1,-3,-1,2,2,5,2,2,-2,-2,-5,-2,-2
0,1,17961,17964,53883,53884,53885,53888,53889,53890,107767,107768,107769,107770,107771,107774,107775,107776,107777,107778,1,-1,2,-2,1,3,1,-1,-3,-1,2,2,5,2,2,-2,-2,-5,-2,-2
0,1,17963,17966,53889,53890,53891,53894,53895,53896,107779,107780,107781,107782,107783,107786,107787,107788,107789,107790,1,-1,2,-2,1,3,1,-1,-3,-1,2,2,5,2,2,-2,-2,-5,-2,-2
0,1,17965,17968,53895,53896,53897,53900,53901,53902,107791,107792,107793,107794,107795,107798,107799,107800,107801,107802,1,-1,2,-2,1,3,1,-1,-3,-1,2,2,5,2,2,-2,-2,-5,-2,-2
0,1,17967,17970,53901,53902,53903,53906,53907,53908,107803,107804,107805,107806,107807,107810,107811,107812,107813,107814,1,-1,2,-2,1,3,1,-1,-3,-1,2,2,5,2,2,-2,-2,-5,-2,-2
0,1,17969,17972,53907,53908,53909,53912,53913,53914,107815,107816,107817,107818,107819,107822,107823,107824,107825,107826,1,-1,2,-2,1,3,1,-1,-3,-1,2,2,5,2,2,-2,-2,-5,-2,-2
0,1,17971,17974,53913,53914,53915,53918,53919,53920,107827,107828,107829,107830,107831,107834,107835,107836,107837,107838,1,-1,2,-2,1,3,1,-1,-3,-1,2,2,5,2,2,-2,-2,-5,-2,-2
0,1,17973,17976,53919,53920,53921,53924,53925,53926,107839,107840,107841,107842,107843,107846,107847,107848,107849,107850,1,-1,2,-2,1,3,1,-1,-3,-1,2,2,5,2,2,-2,-2,-5,-2,-2
0,1,17975,17978,53925,53926,53927,53930,53931,53932,107851,107852,107853,107854,107855,107858,107859,107860,107861,107862,1,-1,2,-2,1,3,1,-1,-3,-1,2,2,5,2,2,-2,-2,-5,-2,-2
0,1,17977,17980,53931,53932,53933,53936,53937,53938,107863,107864,107865,107866,107867,107870,107871,107872,107873,107874,1,-1,2,-2,1,3,1,-1,-3,-1,2,2,5,2,2,-2,-2,-5,-2,-2
0,1,17979,17982,53937,53938,53939,53942,53943,53944,107875,107876,107877,107878,107879,107882,107883,107884,107885,107886,1,-1,2,-2,1,3,1,-1,-3,-1,2,2,5,2,2,-2,-2,-5,-2,-2
0,1,17981,17984,53943,53944,53945,53948,53949,53950,107887,107888,107889,107890,107891,107894,107895,107896,107897,107898,1,-1,2,-2,1,3,1,-1,-3,-1,2,2,5,2,2,-2,-2,-5,-2,-2
0,1,17983,17986,53949,53950,53951,53954,53955,53956,107899,107900,107901,107902,107903,107906,107907,107908,107909,107910,1,-1,2,-2,1,3,1,-1,-3,-1,2,2,5,2,2,-2,-2,-5,-2,-2
0,1,17985,17988,53955,53956,53957,53960,53961,53962,107911,107912,107913,107914,107915,107918,107919,107920,107921,107922,1,-1,2,-2,1,3,1,-1,-3,-1,2,2,5,2,2,-2,-2,-5,-2,-2
0,1,17987,17990,53961,53962,53963,53966,53967,53968,107923,107924,107925,107926,107927,107930,107931,107932,107933,107934,1,-1,2,-2,1,3,1,-1,-3,-1,2,2,5,2,2,-2,-2,-5,-2,-2
0,1,17989,17992,53967,53968,53969,53972,53973,53974,107935,107936,107937,107938,107939,107942,107943,107944,107945,107946,1,-1,2,-2,1,3,1,-1,-3,-1,2,2,5,2,2,-2,-2,-5,-2,-2
0,1,17991,17994,53973,53974,53975,53978,53979,53980,107947,107948,107949,107950,107951,107954,107955,107956,107957,107958,1,-1,2,-2,1,3,1,-1,-3,-1,2,2,5,2,2,-2,-2,-5,-2,-2
0,1,17993,17996,53979,53980,53981,53984,53985,53986,107959,107960,107961,107962,107963,107966,107967,107968,107969,107970,1,-1,2,-2,1,3,1,-1,-3,-1,2,2,5,2,2,-2,-2,-5,-2,-2
0,1,17995,17998,53985,53986,53987,53990,53991,53992,107971,107972,107973,107974,107975,107978,107979,107980,107981,107982,1,-1,2,-2,1,3,1,-1,-3,-1,2,2,5,2,2,-2,-2,-5,-2,-2
0,1,17997,18000,53991,53992,53993,53996,53997,53998,107983,107984,107985,107986,107987,107990,107991,107992,107993,107994,1,-1,2,-2,1,3,1,-1,-3,-1,2,2,5,2,2,-2,-2,-5,-2,-2
0,1,17999,18002,53997,53998,53999,54002,54003,54004,107995,107996,107997,107998,107999,108002,108003,108004,108005,108006,1,-1,2,-2,1,3,1,-1,-3,-1,2,2,5,2,2,-2,-2,-5,-2,-2
0,1,18001,18004,54003,54004,54005,54008,54009,54010,108007,108008,108009,108010,108011,108014,108015,108016,108017,108018,1,-1,2,-2,1,3,1,-1,-3,-1,2,2,5,2,2,-2,-2,-5,-2,-2
0,1,18003,18006,54009,54010,54011,54014,54015,54016,108019,108020,108021,108022,108023,108026,108027,108028,108029,108030,1,-1,2,-2,1,3,1,-1,-3,-1,2,2,5,2,2,-2,-2,-5,-2,-2
0,1,18005,18008,54015,54016,54017,54020,54021,54022,108031,108032,108033,108034,108035,108038,108039,108040,108041,108042,1,-1,2,-2,1,3,1,-1,-3,-1,2,2,5,2,2,-2,-2,-5,-2,-2
0,1,18007,18010,54021,54022,54023,54026,54027,54028,108043,108044,108045,108046,108047,108050,108051,108052,108053,108054,1,-1,2,-2,1,3,1,-1,-3,-1,2,2,5,2,2,-2,-2,-5,-2,-2
0,1,18009,18012,54027,54028,54029,54032,54033,54034,108055,108056,108057,108058,108059,108062,108063,108064,108065,108066,1,-1,2,-2,1,3,1,-1,-3,-1,2,2,5,2,2,-2,-2,-5,-2,-2
0,1,18011,18014,54033,54034,54035,54038,54039,54040,108067,108068,108069,108070,108071,108074,108075,108076,108077,108078,1,-1,2,-2,1,3,1,-1,-3,-1,2,2,5,2,2,-2,-2,-5,-2,-2
0,1,18013,18016,54039,54040,54041,54044,54045,54046,108079,108080,108081,108082,108083,108086,108087,108088,108089,108090,1,-1,2,-2,1,3,1,-1,-3,-1,2,2,5,2,2,-2,-2,-5,-2,-2
0,1,18015,18018,54045,54046,54047,54050,54051,54052,108091,108092,108093,108094,108095,108098,108099,108100,108101,108102,1,-1,2,-2,1,3,1,-1,-3,-1,2,2,5,2,2,-2,-2,-5,-2,-2
0,1,18017,18020,54051,54052,54053,54056,54057,54058,108103,108104,108105,108106,108107,108110,108111,108112,108113,108114,1,-1,2,-2,1,3,1,-1,-3,-1,2,2,5,2,2,-2,-2,-5,-2,-2
0,1,18019,18022,54057,54058,54059,54062,54063,54064,108115,108116,108117,108118,108119,108122,108123,108124,108125,108126,1,-1,2,-2,1,3,1,-1,-3,-1,2,2,5,2,2,-2,-2,-5,-2,-2
0,1,18021,18024,54063,54064,54065,54068,54069,54070,108127,108128,108129,108130,108131,108134,108135,108136,108137,108138,1,-1,2,-2,1,3,1,-1,-3,-1,2,2,5,2,2,-2,-2,-5,-2,-2
0,1,18023,18026,54069,54070,54071,54074,54075,54076,108139,108140,108141,108142,108143,108146,108147,108148,108149,108150,1,-1,2,-2,1,3,1,-1,-3,-1,2,2,5,2,2,-2,-2,-5,-2,-2
0,1,18025,18028,54075,54076,54077,54080,54081,54082,108151,108152,108153,108154,108155,108158,108159,108160,108161,108162,1,-1,2,-2,1,3,1,-1,-3,-1,2,2,5,2,2,-2,-2,-5,-2,-2
0,1,18027,18030,54081,54082,54083,54086,54087,54088,108163,108164,108165,108166,108167,108170,108171,108172,108173,108174,1,-1,2,-2,1,3,1,-1,-3,-1,2,2,5,2,2,-2,-2,-5,-2,-2
0,1,18029,18032,54087,54088,54089,54092,54093,54094,108175,108176,108177,108178,108179,108182,108183,108184,108185,108186,1,-1,2,-2,1,3,1,-1,-3,-1,2,2,5,2,2,-2,-2,-5,-2,-2
0,1,18031,18034,54093,54094,54095,54098,54099,54100,108187,108188,108189,108190,108191,108194,108195,108196,108197,108198,1,-1,2,-2,1,3,1,-1,-3,-1,2,2,5,2,2,-2,-2,-5,-2,-2
0,1,18033,18036,54099,54100,54101,54104,54105,54106,108199,108200,108201,108202,108203,108206,108207,108208,108209,108210,1,-1,2,-2,1,3,1,-1,-3,-1,2,2,5,2,2,-2,-2,-5,-2,-2
0,1,18035,18038,54105,54106,54107,54110,54111,54112,108211,108212,108213,108214,108215,108218,108219,108220,108221,108222,1,-1,2,-2,1,3,1,-1,-3,-1,2,2,5,2,2,-2,-2,-5,-2,-2
0,1,18037,18040,54111,54112,54113,54116,54117,54118,108223,108224,108225,108226,108227,108230,108231,108232,108233,108234,1,-1,2,-2,1,3,1,-1,-3,-1,2,2,5,2,2,-2,-2,-5,-2,-2
0,1,18039,18042,54117,54118,54119,54122,54123,54124,108235,108236,108237,108238,108239,108242,108243,108244,108245,108246,1,-1,2,-2,1,3,1,-1,-3,-1,2,2,5,2,2,-2,-2,-5,-2,-2
0,1,18041,18044,54123,54124,54125,54128,54129,54130,108247,108248,108249,108250,108251,108254,108255,108256,108257,108258,1,-1,2,-2,1,3,1,-1,-3,-1,2,2,5,2,2,-2,-2,-5,-2,-2
0,1,18043,18046,54129,54130,54131,54134,54135,54136,108259,108260,108261,108262,108263,108266,108267,108268,108269,108270,1,-1,2,-2,1,3,1,-1,-3,-1,2,2,5,2,2,-2,-2,-5,-2,-2
0,1,18045,18048,54135,54136,54137,54140,54141,54142,108271,108272,108273,108274,108275,108278,108279,108280,108281,108282,1,-1,2,-2,1,3,1,-1,-3,-1,2,2,5,2,2,-2,-2,-5,-2,-2
0,1,18047,18050,54141,54142,54143,54146,54147,54148,108283,108284,108285,108286,108287,108290,108291,108292,108293,108294,1,-1,2,-2,1,3,1,-1,-3,-1,2,2,5,2,2,-2,-2,-5,-2,-2
0,1,18049,18052,54147,54148,54149,54152,54153,54154,108295,108296,108297,108298,108299,108302,108303,108304,108305,108306,1,-1,2,-2,1,3,1,-1,-3,-1,2,2,5,2,2,-2,-2,-5,-2,-2
0,1,18051,18054,54153,54154,54155,54158,54159,54160,108307,108308,108309,108310,108311,108314,108315,108316,108317,108318,1,-1,2,-2,1,3,1,-1,-3,-1,2,2,5,2,2,-2,-2,-5,-2,-2
0,1,18053,18056,54159,54160,54161,54164,54165,54166,108319,108320,108321,108322,108323,108326,108327,108328,108329,108330,1,-1,2,-2,1,3,1,-1,-3,-1,2,2,5,2,2,-2,-2,-5,-2,-2
0,1,18055,18058,54165,54166,54167,54170,54171,54172,108331,108332,108333,108334,108335,108338,108339,108340,108341,108342,1,-1,2,-2,1,3,1,-1,-3,-1,2,2,5,2,2,-2,-2,-5,-2,-2
0,1,18057,18060,54171,54172,54173,54176,54177,54178,108343,108344,108345,108346,108347,108350,108351,108352,108353,108354,1,-1,2,-2,1,3,1,-1,-3,-1,2,2,5,2,2,-2,-2,-5,-2,-2
0,1,18059,18062,54177,54178,54179,54182,54183,54184,108355,108356,108357,108358,108359,108362,108363,108364,108365,108366,1,-1,2,-2,1,3,1,-1,-3,-1,2,2,5,2,2,-2,-2,-5,-2,-2
0,1,18061,18064,54183,54184,54185,54188,54189,54190,108367,108368,108369,108370,108371,108374,108375,108376,108377,108378,1,-1,2,-2,1,3,1,-1,-3,-1,2,2,5,2,2,-2,-2,-5,-2,-2
0,1,18063,18066,54189,54190,54191,54194,54195,54196,108379,108380,108381,108382,108383,108386,108387,108388,108389,108390,1,-1,2,-2,1,3,1,-1,-3,-1,2,2,5,2,2,-2,-2,-5,-2,-2
0,1,18065,18068,54195,54196,54197,54200,54201,54202,108391,108392,108393,108394,108395,108398,108399,108400,108401,108402,1,-1,2,-2,1,3,1,-1,-3,-1,2,2,5,2,2,-2,-2,-5,-2,-2
0,1,18067,18070,54201,54202,54203,54206,54207,54208,108403,108404,108405,108406,108407,108410,108411,108412,108413,108414,1,-1,2,-2,1,3,1,-1,-3,-1,2,2,5,2,2,-2,-2,-5,-2,-2
0,1,18069,18072,54207,54208,54209,54212,54213,54214,108415,108416,108417,108418,108419,108422,108423,108424,108425,108426,1,-1,2,-2,1,3,1,-1,-3,-1,2,2,5,2,2,-2,-2,-5,-2,-2
0,1,18071,18074,54213,54214,54215,54218,54219,54220,108427,108428,108429,108430,108431,108434,108435,108436,108437,108438,1,-1,2,-2,1,3,1,-1,-3,-1,2,2,5,2,2,-2,-2,-5,-2,-2
0,1,18073,18076,54219,54220,54221,54224,54225,54226,108439,108440,108441,108442,108443,108446,108447,108448,108449,108450,1,-1,2,-2,1,3,1,-1,-3,-1,2,2,5,2,2,-2,-2,-5,-2,-2
0,1,18075,18078,54225,54226,54227,54230,54231,54232,108451,108452,108453,108454,108455,108458,108459,108460,108461,108462,1,-1,2,-2,1,3,1,-1,-3,-1,2,2,5,2,2,-2,-2,-5,-2,-2
0,1,18077,18080,54231,54232,54233,54236,54237,54238,108463,108464,108465,108466,108467,108470,108471,108472,108473,108474,1,-1,2,-2,1,3,1,-1,-3,-1,2,2,5,2,2,-2,-2,-5,-2,-2
0,1,18079,18082,54237,54238,54239,54242,54243,54244,108475,108476,108477,108478,108479,108482,108483,108484,108485,108486,1,-1,2,-2,1,3,1,-1,-3,-1,2,2,5,2,2,-2,-2,-5,-2,-2
0,1,18081,18084,54243,54244,54245,54248,54249,54250,108487,108488,108489,108490,108491,108494,108495,108496,108497,108498,1,-1,2,-2,1,3,1,-1,-3,-1,2,2,5,2,2,-2,-2,-5,-2,-2
0,1,18083,18086,54249,54250,54251,54254,54255,54256,108499,108500,108501,108502,108503,108506,108507,108508,108509,108510,1,-1,2,-2,1,3,1,-1,-3,-1,2,2,5,2,2,-2,-2,-5,-2,-2
0,1,18085,18088,54255,54256,54257,54260,54261,54262,108511,108512,108513,108514,108515,108518,108519,108520,108521,108522,1,-1,2,-2,1,3,1,-1,-3,-1,2,2,5,2,2,-2,-2,-5,-2,-2
0,1,18087,18090,54261,54262,54263,54266,54267,54268,108523,108524,108525,108526,108527,108530,108531,108532,108533,108534,1,-1,2,-2,1,3,1,-1,-3,-1,2,2,5,2,2,-2,-2,-5,-2,-2
0,1,18089,18092,54267,54268,54269,54272,54273,54274,108535,108536,108537,108538,108539,108542,108543,108544,108545,108546,1,-1,2,-2,1,3,1,-1,-3,-1,2,2,5,2,2,-2,-2,-5,-2,-2
0,1,18091,18094,54273,54274,54275,54278,54279,54280,108547,108548,108549,108550,108551,108554,108555,108556,108557,108558,1,-1,2,-2,1,3,1,-1,-3,-1,2,2,5,2,2,-2,-2,-5,-2,-2
0,1,18093,18096,54279,54280,54281,54284,54285,54286,108559,108560,108561,108562,108563,108566,108567,108568,108569,108570,1,-1,2,-2,1,3,1,-1,-3,-1,2,2,5,2,2,-2,-2,-5,-2,-2
0,1,18095,18098,54285,54286,54287,54290,54291,54292,108571,108572,108573,108574,108575,108578,108579,108580,108581,108582,1,-1,2,-2,1,3,1,-1,-3,-1,2,2,5,2,2,-2,-2,-5,-2,-2
0,1,18097,18100,54291,54292,54293,54296,54297,54298,108583,108584,108585,108586,108587,108590,108591,108592,108593,108594,1,-1,2,-2,1,3,1,-1,-3,-1,2,2,5,2,2,-2,-2,-5,-2,-2
0,1,18099,18102,54297,54298,54299,54302,54303,54304,108595,108596,108597,108598,108599,108602,108603,108604,108605,108606,1,-1,2,-2,1,3,1,-1,-3,-1,2,2,5,2,2,-2,-2,-5,-2,-2
0,1,18101,18104,54303,54304,54305,54308,54309,54310,108607,108608,108609,108610,108611,108614,108615,108616,108617,108618,1,-1,2,-2,1,3,1,-1,-3,-1,2,2,5,2,2,-2,-2,-5,-2,-2
0,1,18103,18106,54309,54310,54311,54314,54315,54316,108619,108620,108621,108622,108623,108626,108627,108628,108629,108630,1,-1,2,-2,1,3,1,-1,-3,-1,2,2,5,2,2,-2,-2,-5,-2,-2
0,1,18105,18108,54315,54316,54317,54320,54321,54322,108631,108632,108633,108634,108635,108638,108639,108640,108641,108642,1,-1,2,-2,1,3,1,-1,-3,-1,2,2,5,2,2,-2,-2,-5,-2,-2
0,1,18107,18110,54321,54322,54323,54326,54327,54328,108643,108644,108645,108646,108647,108650,108651,108652,108653,108654,1,-1,2,-2,1,3,1,-1,-3,-1,2,2,5,2,2,-2,-2,-5,-2,-2
0,1,18109,18112,54327,54328,54329,54332,54333,54334,108655,108656,108657,108658,108659,108662,108663,108664,108665,108666,1,-1,2,-2,1,3,1,-1,-3,-1,2,2,5,2,2,-2,-2,-5,-2,-2
0,1,18111,18114,54333,54334,54335,54338,54339,54340,108667,108668,108669,108670,108671,108674,108675,108676,108677,108678,1,-1,2,-2,1,3,1,-1,-3,-1,2,2,5,2,2,-2,-2,-5,-2,-2
0,1,18113,18116,54339,54340,54341,54344,54345,54346,108679,108680,108681,108682,108683,108686,108687,108688,108689,108690,1,-1,2,-2,1,3,1,-1,-3,-1,2,2,5,2,2,-2,-2,-5,-2,-2
0,1,18115,18118,54345,54346,54347,54350,54351,54352,108691,108692,108693,108694,108695,108698,108699,108700,108701,108702,1,-1,2,-2,1,3,1,-1,-3,-1,2,2,5,2,2,-2,-2,-5,-2,-2
0,1,18117,18120,54351,54352,54353,54356,54357,54358,108703,108704,108705,108706,108707,108710,108711,108712,108713,108714,1,-1,2,-2,1,3,1,-1,-3,-1,2,2,5,2,2,-2,-2,-5,-2,-2
0,1,18119,18122,54357,54358,54359,54362,54363,54364,108715,108716,108717,108718,108719,108722,108723,108724,108725,108726,1,-1,2,-2,1,3,1,-1,-3,-1,2,2,5,2,2,-2,-2,-5,-2,-2
0,1,18121,18124,54363,54364,54365,54368,54369,54370,108727,108728,108729,108730,108731,108734,108735,108736,108737,108738,1,-1,2,-2,1,3,1,-1,-3,-1,2,2,5,2,2,-2,-2,-5,-2,-2
0,1,18123,18126,54369,54370,54371,54374,54375,54376,108739,108740,108741,108742,108743,108746,108747,108748,108749,108750,1,-1,2,-2,1,3,1,-1,-3,-1,2,2,5,2,2,-2,-2,-5,-2,-2
0,1,18125,18128,54375,54376,54377,54380,54381,54382,108751,108752,108753,108754,108755,108758,108759,108760,108761,108762,1,-1,2,-2,1,3,1,-1,-3,-1,2,2,5,2,2,-2,-2,-5,-2,-2
0,1,18127,18130,54381,54382,54383,54386,54387,54388,108763,108764,108765,108766,108767,108770,108771,108772,108773,108774,1,-1,2,-2,1,3,1,-1,-3,-1,2,2,5,2,2,-2,-2,-5,-2,-2
0,1,18129,18132,54387,54388,54389,54392,54393,54394,108775,108776,108777,108778,108779,108782,108783,108784,108785,108786,1,-1,2,-2,1,3,1,-1,-3,-1,2,2,5,2,2,-2,-2,-5,-2,-2
0,1,18131,18134,54393,54394,54395,54398,54399,54400,108787,108788,108789,108790,108791,108794,108795,108796,108797,108798,1,-1,2,-2,1,3,1,-1,-3,-1,2,2,5,2,2,-2,-2,-5,-2,-2
0,1,18133,18136,54399,54400,54401,54404,54405,54406,108799,108800,108801,108802,108803,108806,108807,108808,108809,108810,1,-1,2,-2,1,3,1,-1,-3,-1,2,2,5,2,2,-2,-2,-5,-2,-2
0,1,18135,18138,54405,54406,54407,54410,54411,54412,108811,108812,108813,108814,108815,108818,108819,108820,108821,108822,1,-1,2,-2,1,3,1,-1,-3,-1,2,2,5,2,2,-2,-2,-5,-2,-2
0,1,18137,18140,54411,54412,54413,54416,54417,54418,108823,108824,108825,108826,108827,108830,108831,108832,108833,108834,1,-1,2,-2,1,3,1,-1,-3,-1,2,2,5,2,2,-2,-2,-5,-2,-2
0,1,18139,18142,54417,54418,54419,54422,54423,54424,108835,108836,108837,108838,108839,108842,108843,108844,108845,108846,1,-1,2,-2,1,3,1,-1,-3,-1,2,2,5,2,2,-2,-2,-5,-2,-2
0,1,18141,18144,54423,54424,54425,54428,54429,54430,108847,108848,108849,108850,108851,108854,108855,108856,108857,108858,1,-1,2,-2,1,3,1,-1,-3,-1,2,2,5,2,2,-2,-2,-5,-2,-2
0,1,18143,18146,54429,54430,54431,54434,54435,54436,108859,108860,108861,108862,108863,108866,108867,108868,108869,108870,1,-1,2,-2,1,3,1,-1,-3,-1,2,2,5,2,2,-2,-2,-5,-2,-2
0,1,18145,18148,54435,54436,54437,54440,54441,54442,108871,108872,108873,108874,108875,108878,108879,108880,108881,108882,1,-1,2,-2,1,3,1,-1,-3,-1,2,2,5,2,2,-2,-2,-5,-2,-2
0,1,18147,18150,54441,54442,54443,54446,54447,54448,108883,108884,108885,108886,108887,108890,108891,108892,108893,108894,1,-1,2,-2,1,3,1,-1,-3,-1,2,2,5,2,2,-2,-2,-5,-2,-2
0,1,18149,18152,54447,54448,54449,54452,54453,54454,108895,108896,108897,108898,108899,108902,108903,108904,108905,108906,1,-1,2,-2,1,3,1,-1,-3,-1,2,2,5,2,2,-2,-2,-5,-2,-2
0,1,18151,18154,54453,54454,54455,54458,54459,54460,108907,108908,108909,108910,108911,108914,108915,108916,108917,108918,1,-1,2,-2,1,3,1,-1,-3,-1,2,2,5,2,2,-2,-2,-5,-2,-2
0,1,18153,18156,54459,54460,54461,54464,54465,54466,108919,108920,108921,108922,108923,108926,108927,108928,108929,108930,1,-1,2,-2,1,3,1,-1,-3,-1,2,2,5,2,2,-2,-2,-5,-2,-2
0,1,18155,18158,54465,54466,54467,54470,54471,54472,108931,108932,108933,108934,108935,108938,108939,108940,108941,108942,1,-1,2,-2,1,3,1,-1,-3,-1,2,2,5,2,2,-2,-2,-5,-2,-2
0,1,18157,18160,54471,54472,54473,54476,54477,54478,108943,108944,108945,108946,108947,108950,108951,108952,108953,108954,1,-1,2,-2,1,3,1,-1,-3,-1,2,2,5,2,2,-2,-2,-5,-2,-2
0,1,18159,18162,54477,54478,54479,54482,54483,54484,108955,108956,108957,108958,108959,108962,108963,108964,108965,108966,1,-1,2,-2,1,3,1,-1,-3,-1,2,2,5,2,2,-2,-2,-5,-2,-2
0,1,18161,18164,54483,54484,54485,54488,54489,54490,108967,108968,108969,108970,108971,108974,108975,108976,108977,108978,1,-1,2,-2,1,3,1,-1,-3,-1,2,2,5,2,2,-2,-2,-5,-2,-2
0,1,18163,18166,54489,54490,54491,54494,54495,54496,108979,108980,108981,108982,108983,108986,108987,108988,108989,108990,1,-1,2,-2,1,3,1,-1,-3,-1,2,2,5,2,2,-2,-2,-5,-2,-2
0,1,18165,18168,54495,54496,54497,54500,54501,54502,108991,108992,108993,108994,108995,108998,108999,109000,109001,109002,1,-1,2,-2,1,3,1,-1,-3,-1,2,2,5,2,2,-2,-2,-5,-2,-2
0,1,18167,18170,54501,54502,54503,54506,54507,54508,109003,109004,109005,109006,109007,109010,109011,109012,109013,109014,1,-1,2,-2,1,3,1,-1,-3,-1,2,2,5,2,2,-2,-2,-5,-2,-2
0,1,18169,18172,54507,54508,54509,54512,54513,54514,109015,109016,109017,109018,109019,109022,109023,109024,109025,109026,1,-1,2,-2,1,3,1,-1,-3,-1,2,2,5,2,2,-2,-2,-5,-2,-2
0,1,18171,18174,54513,54514,54515,54518,54519,54520,109027,109028,109029,109030,109031,109034,109035,109036,109037,109038,1,-1,2,-2,1,3,1,-1,-3,-1,2,2,5,2,2,-2,-2,-5,-2,-2
0,1,18173,18176,54519,54520,54521,54524,54525,54526,109039,109040,109041,109042,109043,109046,109047,109048,109049,109050,1,-1,2,-2,1,3,1,-1,-3,-1,2,2,5,2,2,-2,-2,-5,-2,-2
0,1,18175,18178,54525,54526,54527,54530,54531,54532,109051,109052,109053,109054,109055,109058,109059,109060,109061,109062,1,-1,2,-2,1,3,1,-1,-3,-1,2,2,5,2,2,-2,-2,-5,-2,-2
0,1,18177,18180,54531,54532,54533,54536,54537,54538,109063,109064,109065,109066,109067,109070,109071,109072,109073,109074,1,-1,2,-2,1,3,1,-1,-3,-1,2,2,5,2,2,-2,-2,-5,-2,-2
0,1,18179,18182,54537,54538,54539,54542,54543,54544,109075,109076,109077,109078,109079,109082,109083,109084,109085,109086,1,-1,2,-2,1,3,1,-1,-3,-1,2,2,5,2,2,-2,-2,-5,-2,-2
0,1,18181,18184,54543,54544,54545,54548,54549,54550,109087,109088,109089,109090,109091,109094,109095,109096,109097,109098,1,-1,2,-2,1,3,1,-1,-3,-1,2,2,5,2,2,-2,-2,-5,-2,-2
0,1,18183,18186,54549,54550,54551,54554,54555,54556,109099,109100,109101,109102,109103,109106,109107,109108,109109,109110,1,-1,2,-2,1,3,1,-1,-3,-1,2,2,5,2,2,-2,-2,-5,-2,-2
0,1,18185,18188,54555,54556,54557,54560,54561,54562,109111,109112,109113,109114,109115,109118,109119,109120,109121,109122,1,-1,2,-2,1,3,1,-1,-3,-1,2,2,5,2,2,-2,-2,-5,-2,-2
0,1,18187,18190,54561,54562,54563,54566,54567,54568,109123,109124,109125,109126,109127,109130,109131,109132,109133,109134,1,-1,2,-2,1,3,1,-1,-3,-1,2,2,5,2,2,-2,-2,-5,-2,-2
0,1,18189,18192,54567,54568,54569,54572,54573,54574,109135,109136,109137,109138,109139,109142,109143,109144,109145,109146,1,-1,2,-2,1,3,1,-1,-3,-1,2,2,5,2,2,-2,-2,-5,-2,-2
0,1,18191,18194,54573,54574,54575,54578,54579,54580,109147,109148,109149,109150,109151,109154,109155,109156,109157,109158,1,-1,2,-2,1,3,1,-1,-3,-1,2,2,5,2,2,-2,-2,-5,-2,-2
0,1,18193,18196,54579,54580,54581,54584,54585,54586,109159,109160,109161,109162,109163,109166,109167,109168,109169,109170,1,-1,2,-2,1,3,1,-1,-3,-1,2,2,5,2,2,-2,-2,-5,-2,-2
0,1,18195,18198,54585,54586,54587,54590,54591,54592,109171,109172,109173,109174,109175,109178,109179,109180,109181,109182,1,-1,2,-2,1,3,1,-1,-3,-1,2,2,5,2,2,-2,-2,-5,-2,-2
0,1,18197,18200,54591,54592,54593,54596,54597,54598,109183,109184,109185,109186,109187,109190,109191,109192,109193,109194,1,-1,2,-2,1,3,1,-1,-3,-1,2,2,5,2,2,-2,-2,-5,-2,-2
0,1,18199,18202,54597,54598,54599,54602,54603,54604,109195,109196,109197,109198,109199,109202,109203,109204,109205,109206,1,-1,2,-2,1,3,1,-1,-3,-1,2,2,5,2,2,-2,-2,-5,-2,-2
0,1,18201,18204,54603,54604,54605,54608,54609,54610,109207,109208,109209,109210,109211,109214,109215,109216,109217,109218,1,-1,2,-2,1,3,1,-1,-3,-1,2,2,5,2,2,-2,-2,-5,-2,-2
0,1,18203,18206,54609,54610,54611,54614,54615,54616,109219,109220,109221,109222,109223,109226,109227,109228,109229,109230,1,-1,2,-2,1,3,1,-1,-3,-1,2,2,5,2,2,-2,-2,-5,-2,-2
0,1,18205,18208,54615,54616,54617,54620,54621,54622,109231,109232,109233,109234,109235,109238,109239,109240,109241,109242,1,-1,2,-2,1,3,1,-1,-3,-1,2,2,5,2,2,-2,-2,-5,-2,-2
0,1,18207,18210,54621,54622,54623,54626,54627,54628,109243,109244,109245,109246,109247,109250,109251,109252,109253,109254,1,-1,2,-2,1,3,1,-1,-3,-1,2,2,5,2,2,-2,-2,-5,-2,-2
0,1,18209,18212,54627,54628,54629,54632,54633,54634,109255,109256,109257,109258,109259,109262,109263,109264,109265,109266,1,-1,2,-2,1,3,1,-1,-3,-1,2,2,5,2,2,-2,-2,-5,-2,-2
0,1,18211,18214,54633,54634,54635,54638,54639,54640,109267,109268,109269,109270,109271,109274,109275,109276,109277,109278,1,-1,2,-2,1,3,1,-1,-3,-1,2,2,5,2,2,-2,-2,-5,-2,-2
0,1,18213,18216,54639,54640,54641,54644,54645,54646,109279,109280,109281,109282,109283,109286,109287,109288,109289,109290,1,-1,2,-2,1,3,1,-1,-3,-1,2,2,5,2,2,-2,-2,-5,-2,-2
0,1,18215,18218,54645,54646,54647,54650,54651,54652,109291,109292,109293,109294,109295,109298,109299,109300,109301,109302,1,-1,2,-2,1,3,1,-1,-3,-1,2,2,5,2,2,-2,-2,-5,-2,-2
0,1,18217,18220,54651,54652,54653,54656,54657,54658,109303,109304,109305,109306,109307,109310,109311,109312,109313,109314,1,-1,2,-2,1,3,1,-1,-3,-1,2,2,5,2,2,-2,-2,-5,-2,-2
0,1,18219,18222,54657,54658,54659,54662,54663,54664,109315,109316,109317,109318,109319,109322,109323,109324,109325,109326,1,-1,2,-2,1,3,1,-1,-3,-1,2,2,5,2,2,-2,-2,-5,-2,-2
0,1,18221,18224,54663,54664,54665,54668,54669,54670,109327,109328,109329,109330,109331,109334,109335,109336,109337,109338,1,-1,2,-2,1,3,1,-1,-3,-1,2,2,5,2,2,-2,-2,-5,-2,-2
0,1,18223,18226,54669,54670,54671,54674,54675,54676,109339,109340,109341,109342,109343,109346,109347,109348,109349,109350,1,-1,2,-2,1,3,1,-1,-3,-1,2,2,5,2,2,-2,-2,-5,-2,-2
0,1,18225,18228,54675,54676,54677,54680,54681,54682,109351,109352,109353,109354,109355,109358,109359,109360,109361,109362,1,-1,2,-2,1,3,1,-1,-3,-1,2,2,5,2,2,-2,-2,-5,-2,-2
0,1,18227,18230,54681,54682,54683,54686,54687,54688,109363,109364,109365,109366,109367,109370,109371,109372,109373,109374,1,-1,2,-2,1,3,1,-1,-3,-1,2,2,5,2,2,-2,-2,-5,-2,-2
0,1,18229,18232,54687,54688,54689,54692,54693,54694,109375,109376,109377,109378,109379,109382,109383,109384,109385,109386,1,-1,2,-2,1,3,1,-1,-3,-1,2,2,5,2,2,-2,-2,-5,-2,-2
0,1,18231,18234,54693,54694,54695,54698,54699,54700,109387,109388,109389,109390,109391,109394,109395,109396,109397,109398,1,-1,2,-2,1,3,1,-1,-3,-1,2,2,5,2,2,-2,-2,-5,-2,-2
0,1,18233,18236,54699,54700,54701,54704,54705,54706,109399,109400,109401,109402,109403,109406,109407,109408,109409,109410,1,-1,2,-2,1,3,1,-1,-3,-1,2,2,5,2,2,-2,-2,-5,-2,-2
0,1,18235,18238,54705,54706,54707,54710,54711,54712,109411,109412,109413,109414,109415,109418,109419,109420,109421,109422,1,-1,2,-2,1,3,1,-1,-3,-1,2,2,5,2,2,-2,-2,-5,-2,-2
0,1,18237,18240,54711,54712,54713,54716,54717,54718,109423,109424,109425,109426,109427,109430,109431,109432,109433,109434,1,-1,2,-2,1,3,1,-1,-3,-1,2,2,5,2,2,-2,-2,-5,-2,-2
0,1,18239,18242,54717,54718,54719,54722,54723,54724,109435,109436,109437,109438,109439,109442,109443,109444,109445,109446,1,-1,2,-2,1,3,1,-1,-3,-1,2,2,5,2,2,-2,-2,-5,-2,-2
0,1,18241,18244,54723,54724,54725,54728,54729,54730,109447,109448,109449,109450,109451,109454,109455,109456,109457,109458,1,-1,2,-2,1,3,1,-1,-3,-1,2,2,5,2,2,-2,-2,-5,-2,-2
0,1,18243,18246,54729,54730,54731,54734,54735,54736,109459,109460,109461,109462,109463,109466,109467,109468,109469,109470,1,-1,2,-2,1,3,1,-1,-3,-1,2,2,5,2,2,-2,-2,-5,-2,-2
0,1,18245,18248,54735,54736,54737,54740,54741,54742,109471,109472,109473,109474,109475,109478,109479,109480,109481,109482,1,-1,2,-2,1,3,1,-1,-3,-1,2,2,5,2,2,-2,-2,-5,-2,-2
0,1,18247,18250,54741,54742,54743,54746,54747,54748,109483,109484,109485,109486,109487,109490,109491,109492,109493,109494,1,-1,2,-2,1,3,1,-1,-3,-1,2,2,5,2,2,-2,-2,-5,-2,-2
0,1,18249,18252,54747,54748,54749,54752,54753,54754,109495,109496,109497,109498,109499,109502,109503,109504,109505,109506,1,-1,2,-2,1,3,1,-1,-3,-1,2,2,5,2,2,-2,-2,-5,-2,-2
0,1,18251,18254,54753,54754,54755,54758,54759,54760,109507,109508,109509,109510,109511,109514,109515,109516,109517,109518,1,-1,2,-2,1,3,1,-1,-3,-1,2,2,5,2,2,-2,-2,-5,-2,-2
0,1,18253,18256,54759,54760,54761,54764,54765,54766,109519,109520,109521,109522,109523,109526,109527,109528,109529,109530,1,-1,2,-2,1,3,1,-1,-3,-1,2,2,5,2,2,-2,-2,-5,-2,-2
0,1,18255,18258,54765,54766,54767,54770,54771,54772,109531,109532,109533,109534,109535,109538,109539,109540,109541,109542,1,-1,2,-2,1,3,1,-1,-3,-1,2,2,5,2,2,-2,-2,-5,-2,-2
0,1,18257,18260,54771,54772,54773,54776,54777,54778,109543,109544,109545,109546,109547,109550,109551,109552,109553,109554,1,-1,2,-2,1,3,1,-1,-3,-1,2,2,5,2,2,-2,-2,-5,-2,-2
0,1,18259,18262,54777,54778,54779,54782,54783,54784,109555,109556,109557,109558,109559,109562,109563,109564,109565,109566,1,-1,2,-2,1,3,1,-1,-3,-1,2,2,5,2,2,-2,-2,-5,-2,-2
0,1,18261,18264,54783,54784,54785,54788,54789,54790,109567,109568,109569,109570,109571,109574,109575,109576,109577,109578,1,-1,2,-2,1,3,1,-1,-3,-1,2,2,5,2,2,-2,-2,-5,-2,-2
0,1,18263,18266,54789,54790,54791,54794,54795,54796,109579,109580,109581,109582,109583,109586,109587,109588,109589,109590,1,-1,2,-2,1,3,1,-1,-3,-1,2,2,5,2,2,-2,-2,-5,-2,-2
0,1,18265,18268,54795,54796,54797,54800,54801,54802,109591,109592,109593,109594,109595,109598,109599,109600,109601,109602,1,-1,2,-2,1,3,1,-1,-3,-1,2,2,5,2,2,-2,-2,-5,-2,-2
0,1,18267,18270,54801,54802,54803,54806,54807,54808,109603,109604,109605,109606,109607,109610,109611,109612,109613,109614,1,-1,2,-2,1,3,1,-1,-3,-1,2,2,5,2,2,-2,-2,-5,-2,-2
0,1,18269,18272,54807,54808,54809,54812,54813,54814,109615,109616,109617,109618,109619,109622,109623,109624,109625,109626,1,-1,2,-2,1,3,1,-1,-3,-1,2,2,5,2,2,-2,-2,-5,-2,-2
0,1,18271,18274,54813,54814,54815,54818,54819,54820,109627,109628,109629,109630,109631,109634,109635,109636,109637,109638,1,-1,2,-2,1,3,1,-1,-3,-1,2,2,5,2,2,-2,-2,-5,-2,-2
0,1,18273,18276,54819,54820,54821,54824,54825,54826,109639,109640,109641,109642,109643,109646,109647,109648,109649,109650,1,-1,2,-2,1,3,1,-1,-3,-1,2,2,5,2,2,-2,-2,-5,-2,-2
0,1,18275,18278,54825,54826,54827,54830,54831,54832,109651,109652,109653,109654,109655,109658,109659,109660,109661,109662,1,-1,2,-2,1,3,1,-1,-3,-1,2,2,5,2,2,-2,-2,-5,-2,-2
0,1,18277,18280,54831,54832,54833,54836,54837,54838,109663,109664,109665,109666,109667,109670,109671,109672,109673,109674,1,-1,2,-2,1,3,1,-1,-3,-1,2,2,5,2,2,-2,-2,-5,-2,-2
0,1,18279,18282,54837,54838,54839,54842,54843,54844,109675,109676,109677,109678,109679,109682,109683,109684,109685,109686,1,-1,2,-2,1,3,1,-1,-3,-1,2,2,5,2,2,-2,-2,-5,-2,-2
0,1,18281,18284,54843,54844,54845,54848,54849,54850,109687,109688,109689,109690,109691,109694,109695,109696,109697,109698,1,-1,2,-2,1,3,1,-1,-3,-1,2,2,5,2,2,-2,-2,-5,-2,-2
0,1,18283,18286,54849,54850,54851,54854,54855,54856,109699,109700,109701,109702,109703,109706,109707,109708,109709,109710,1,-1,2,-2,1,3,1,-1,-3,-1,2,2,5,2,2,-2,-2,-5,-2,-2
0,1,18285,18288,54855,54856,54857,54860,54861,54862,109711,109712,109713,109714,109715,109718,109719,109720,109721,109722,1,-1,2,-2,1,3,1,-1,-3,-1,2,2,5,2,2,-2,-2,-5,-2,-2
0,1,18287,18290,54861,54862,54863,54866,54867,54868,109723,109724,109725,109726,109727,109730,109731,109732,109733,109734,1,-1,2,-2,1,3,1,-1,-3,-1,2,2,5,2,2,-2,-2,-5,-2,-2
0,1,18289,18292,54867,54868,54869,54872,54873,54874,109735,109736,109737,109738,109739,109742,109743,109744,109745,109746,1,-1,2,-2,1,3,1,-1,-3,-1,2,2,5,2,2,-2,-2,-5,-2,-2
0,1,18291,18294,54873,54874,54875,54878,54879,54880,109747,109748,109749,109750,109751,109754,109755,109756,109757,109758,1,-1,2,-2,1,3,1,-1,-3,-1,2,2,5,2,2,-2,-2,-5,-2,-2
0,1,18293,18296,54879,54880,54881,54884,54885,54886,109759,109760,109761,109762,109763,109766,109767,109768,109769,109770,1,-1,2,-2,1,3,1,-1,-3,-1,2,2,5,2,2,-2,-2,-5,-2,-2
0,1,18295,18298,54885,54886,54887,54890,54891,54892,109771,109772,109773,109774,109775,109778,109779,109780,109781,109782,1,-1,2,-2,1,3,1,-1,-3,-1,2,2,5,2,2,-2,-2,-5,-2,-2
0,1,18297,18300,54891,54892,54893,54896,54897,54898,109783,109784,109785,109786,109787,109790,109791,109792,109793,109794,1,-1,2,-2,1,3,1,-1,-3,-1,2,2,5,2,2,-2,-2,-5,-2,-2
0,1,18299,18302,54897,54898,54899,54902,54903,54904,109795,109796,109797,109798,109799,109802,109803,109804,109805,109806,1,-1,2,-2,1,3,1,-1,-3,-1,2,2,5,2,2,-2,-2,-5,-2,-2
0,1,18301,18304,54903,54904,54905,54908,54909,54910,109807,109808,109809,109810,109811,109814,109815,109816,109817,109818,1,-1,2,-2,1,3,1,-1,-3,-1,2,2,5,2,2,-2,-2,-5,-2,-2
0,1,18303,18306,54909,54910,54911,54914,54915,54916,109819,109820,109821,109822,109823,109826,109827,109828,109829,109830,1,-1,2,-2,1,3,1,-1,-3,-1,2,2,5,2,2,-2,-2,-5,-2,-2
0,1,18305,18308,54915,54916,54917,54920,54921,54922,109831,109832,109833,109834,109835,109838,109839,109840,109841,109842,1,-1,2,-2,1,3,1,-1,-3,-1,2,2,5,2,2,-2,-2,-5,-2,-2
0,1,18307,18310,54921,54922,54923,54926,54927,54928,109843,109844,109845,109846,109847,109850,109851,109852,109853,109854,1,-1,2,-2,1,3,1,-1,-3,-1,2,2,5,2,2,-2,-2,-5,-2,-2
0,1,18309,18312,54927,54928,54929,54932,54933,54934,109855,109856,109857,109858,109859,109862,109863,109864,109865,109866,1,-1,2,-2,1,3,1,-1,-3,-1,2,2,5,2,2,-2,-2,-5,-2,-2
0,1,18311,18314,54933,54934,54935,54938,54939,54940,109867,109868,109869,109870,109871,109874,109875,109876,109877,109878,1,-1,2,-2,1,3,1,-1,-3,-1,2,2,5,2,2,-2,-2,-5,-2,-2
0,1,18313,18316,54939,54940,54941,54944,54945,54946,109879,109880,109881,109882,109883,109886,109887,109888,109889,109890,1,-1,2,-2,1,3,1,-1,-3,-1,2,2,5,2,2,-2,-2,-5,-2,-2
0,1,18315,18318,54945,54946,54947,54950,54951,54952,109891,109892,109893,109894,109895,109898,109899,109900,109901,109902,1,-1,2,-2,1,3,1,-1,-3,-1,2,2,5,2,2,-2,-2,-5,-2,-2
0,1,18317,18320,54951,54952,54953,54956,54957,54958,109903,109904,109905,109906,109907,109910,109911,109912,109913,109914,1,-1,2,-2,1,3,1,-1,-3,-1,2,2,5,2,2,-2,-2,-5,-2,-2
0,1,18319,18322,54957,54958,54959,54962,54963,54964,109915,109916,109917,109918,109919,109922,109923,109924,109925,109926,1,-1,2,-2,1,3,1,-1,-3,-1,2,2,5,2,2,-2,-2,-5,-2,-2
0,1,18321,18324,54963,54964,54965,54968,54969,54970,109927,109928,109929,109930,109931,109934,109935,109936,109937,109938,1,-1,2,-2,1,3,1,-1,-3,-1,2,2,5,2,2,-2,-2,-5,-2,-2
0,1,18323,18326,54969,54970,54971,54974,54975,54976,109939,109940,109941,109942,109943,109946,109947,109948,109949,109950,1,-1,2,-2,1,3,1,-1,-3,-1,2,2,5,2,2,-2,-2,-5,-2,-2
0,1,18325,18328,54975,54976,54977,54980,54981,54982,109951,109952,109953,109954,109955,109958,109959,109960,109961,109962,1,-1,2,-2,1,3,1,-1,-3,-1,2,2,5,2,2,-2,-2,-5,-2,-2
0,1,18327,18330,54981,54982,54983,54986,54987,54988,109963,109964,109965,109966,109967,109970,109971,109972,109973,109974,1,-1,2,-2,1,3,1,-1,-3,-1,2,2,5,2,2,-2,-2,-5,-2,-2
0,1,18329,18332,54987,54988,54989,54992,54993,54994,109975,109976,109977,109978,109979,109982,109983,109984,109985,109986,1,-1,2,-2,1,3,1,-1,-3,-1,2,2,5,2,2,-2,-2,-5,-2,-2
0,1,18331,18334,54993,54994,54995,54998,54999,55000,109987,109988,109989,109990,109991,109994,109995,109996,109997,109998,1,-1,2,-2,1,3,1,-1,-3,-1,2,2,5,2,2,-2,-2,-5,-2,-2
0,1,18333,18336,54999,55000,55001,55004,55005,55006,109999,110000,110001,110002,110003,110006,110007,110008,110009,110010,1,-1,2,-2,1,3,1,-1,-3,-1,2,2,5,2,2,-2,-2,-5,-2,-2
0,1,18335,18338,55005,55006,55007,55010,55011,55012,110011,110012,110013,110014,110015,110018,110019,110020,110021,110022,1,-1,2,-2,1,3,1,-1,-3,-1,2,2,5,2,2,-2,-2,-5,-2,-2
0,1,18337,18340,55011,55012,55013,55016,55017,55018,110023,110024,110025,110026,110027,110030,110031,110032,110033,110034,1,-1,2,-2,1,3,1,-1,-3,-1,2,2,5,2,2,-2,-2,-5,-2,-2
0,1,18339,18342,55017,55018,55019,55022,55023,55024,110035,110036,110037,110038,110039,110042,110043,110044,110045,110046,1,-1,2,-2,1,3,1,-1,-3,-1,2,2,5,2,2,-2,-2,-5,-2,-2
0,1,18341,18344,55023,55024,55025,55028,55029,55030,110047,110048,110049,110050,110051,110054,110055,110056,110057,110058,1,-1,2,-2,1,3,1,-1,-3,-1,2,2,5,2,2,-2,-2,-5,-2,-2
0,1,18343,18346,55029,55030,55031,55034,55035,55036,110059,110060,110061,110062,110063,110066,110067,110068,110069,110070,1,-1,2,-2,1,3,1,-1,-3,-1,2,2,5,2,2,-2,-2,-5,-2,-2
0,1,18345,18348,55035,55036,55037,55040,55041,55042,110071,110072,110073,110074,110075,110078,110079,110080,110081,110082,1,-1,2,-2,1,3,1,-1,-3,-1,2,2,5,2,2,-2,-2,-5,-2,-2
0,1,18347,18350,55041,55042,55043,55046,55047,55048,110083,110084,110085,110086,110087,110090,110091,110092,110093,110094,1,-1,2,-2,1,3,1,-1,-3,-1,2,2,5,2,2,-2,-2,-5,-2,-2
0,1,18349,18352,55047,55048,55049,55052,55053,55054,110095,110096,110097,110098,110099,110102,110103,110104,110105,110106,1,-1,2,-2,1,3,1,-1,-3,-1,2,2,5,2,2,-2,-2,-5,-2,-2
0,1,18351,18354,55053,55054,55055,55058,55059,55060,110107,110108,110109,110110,110111,110114,110115,110116,110117,110118,1,-1,2,-2,1,3,1,-1,-3,-1,2,2,5,2,2,-2,-2,-5,-2,-2
0,1,18353,18356,55059,55060,55061,55064,55065,55066,110119,110120,110121,110122,110123,110126,110127,110128,110129,110130,1,-1,2,-2,1,3,1,-1,-3,-1,2,2,5,2,2,-2,-2,-5,-2,-2
0,1,18355,18358,55065,55066,55067,55070,55071,55072,110131,110132,110133,110134,110135,110138,110139,110140,110141,110142,1,-1,2,-2,1,3,1,-1,-3,-1,2,2,5,2,2,-2,-2,-5,-2,-2
0,1,18357,18360,55071,55072,55073,55076,55077,55078,110143,110144,110145,110146,110147,110150,110151,110152,110153,110154,1,-1,2,-2,1,3,1,-1,-3,-1,2,2,5,2,2,-2,-2,-5,-2,-2
0,1,18359,18362,55077,55078,55079,55082,55083,55084,110155,110156,110157,110158,110159,110162,110163,110164,110165,110166,1,-1,2,-2,1,3,1,-1,-3,-1,2,2,5,2,2,-2,-2,-5,-2,-2
0,1,18361,18364,55083,55084,55085,55088,55089,55090,110167,110168,110169,110170,110171,110174,110175,110176,110177,110178,1,-1,2,-2,1,3,1,-1,-3,-1,2,2,5,2,2,-2,-2,-5,-2,-2
0,1,18363,18366,55089,55090,55091,55094,55095,55096,110179,110180,110181,110182,110183,110186,110187,110188,110189,110190,1,-1,2,-2,1,3,1,-1,-3,-1,2,2,5,2,2,-2,-2,-5,-2,-2
0,1,18365,18368,55095,55096,55097,55100,55101,55102,110191,110192,110193,110194,110195,110198,110199,110200,110201,110202,1,-1,2,-2,1,3,1,-1,-3,-1,2,2,5,2,2,-2,-2,-5,-2,-2
0,1,18367,18370,55101,55102,55103,55106,55107,55108,110203,110204,110205,110206,110207,110210,110211,110212,110213,110214,1,-1,2,-2,1,3,1,-1,-3,-1,2,2,5,2,2,-2,-2,-5,-2,-2
0,1,18369,18372,55107,55108,55109,55112,55113,55114,110215,110216,110217,110218,110219,110222,110223,110224,110225,110226,1,-1,2,-2,1,3,1,-1,-3,-1,2,2,5,2,2,-2,-2,-5,-2,-2
0,1,18371,18374,55113,55114,55115,55118,55119,55120,110227,110228,110229,110230,110231,110234,110235,110236,110237,110238,1,-1,2,-2,1,3,1,-1,-3,-1,2,2,5,2,2,-2,-2,-5,-2,-2
0,1,18373,18376,55119,55120,55121,55124,55125,55126,110239,110240,110241,110242,110243,110246,110247,110248,110249,110250,1,-1,2,-2,1,3,1,-1,-3,-1,2,2,5,2,2,-2,-2,-5,-2,-2
0,1,18375,18378,55125,55126,55127,55130,55131,55132,110251,110252,110253,110254,110255,110258,110259,110260,110261,110262,1,-1,2,-2,1,3,1,-1,-3,-1,2,2,5,2,2,-2,-2,-5,-2,-2
0,1,18377,18380,55131,55132,55133,55136,55137,55138,110263,110264,110265,110266,110267,110270,110271,110272,110273,110274,1,-1,2,-2,1,3,1,-1,-3,-1,2,2,5,2,2,-2,-2,-5,-2,-2
0,1,18379,18382,55137,55138,55139,55142,55143,55144,110275,110276,110277,110278,110279,110282,110283,110284,110285,110286,1,-1,2,-2,1,3,1,-1,-3,-1,2,2,5,2,2,-2,-2,-5,-2,-2
0,1,18381,18384,55143,55144,55145,55148,55149,55150,110287,110288,110289,110290,110291,110294,110295,110296,110297,110298,1,-1,2,-2,1,3,1,-1,-3,-1,2,2,5,2,2,-2,-2,-5,-2,-2
0,1,18383,18386,55149,55150,55151,55154,55155,55156,110299,110300,110301,110302,110303,110306,110307,110308,110309,110310,1,-1,2,-2,1,3,1,-1,-3,-1,2,2,5,2,2,-2,-2,-5,-2,-2
0,1,18385,18388,55155,55156,55157,55160,55161,55162,110311,110312,110313,110314,110315,110318,110319,110320,110321,110322,1,-1,2,-2,1,3,1,-1,-3,-1,2,2,5,2,2,-2,-2,-5,-2,-2
0,1,18387,18390,55161,55162,55163,55166,55167,55168,110323,110324,110325,110326,110327,110330,110331,110332,110333,110334,1,-1,2,-2,1,3,1,-1,-3,-1,2,2,5,2,2,-2,-2,-5,-2,-2
0,1,18389,18392,55167,55168,55169,55172,55173,55174,110335,110336,110337,110338,110339,110342,110343,110344,110345,110346,1,-1,2,-2,1,3,1,-1,-3,-1,2,2,5,2,2,-2,-2,-5,-2,-2
0,1,18391,18394,55173,55174,55175,55178,55179,55180,110347,110348,110349,110350,110351,110354,110355,110356,110357,110358,1,-1,2,-2,1,3,1,-1,-3,-1,2,2,5,2,2,-2,-2,-5,-2,-2
0,1,18393,18396,55179,55180,55181,55184,55185,55186,110359,110360,110361,110362,110363,110366,110367,110368,110369,110370,1,-1,2,-2,1,3,1,-1,-3,-1,2,2,5,2,2,-2,-2,-5,-2,-2
0,1,18395,18398,55185,55186,55187,55190,55191,55192,110371,110372,110373,110374,110375,110378,110379,110380,110381,110382,1,-1,2,-2,1,3,1,-1,-3,-1,2,2,5,2,2,-2,-2,-5,-2,-2
0,1,18397,18400,55191,55192,55193,55196,55197,55198,110383,110384,110385,110386,110387,110390,110391,110392,110393,110394,1,-1,2,-2,1,3,1,-1,-3,-1,2,2,5,2,2,-2,-2,-5,-2,-2
0,1,18399,18402,55197,55198,55199,55202,55203,55204,110395,110396,110397,110398,110399,110402,110403,110404,110405,110406,1,-1,2,-2,1,3,1,-1,-3,-1,2,2,5,2,2,-2,-2,-5,-2,-2
0,1,18401,18404,55203,55204,55205,55208,55209,55210,110407,110408,110409,110410,110411,110414,110415,110416,110417,110418,1,-1,2,-2,1,3,1,-1,-3,-1,2,2,5,2,2,-2,-2,-5,-2,-2
0,1,18403,18406,55209,55210,55211,55214,55215,55216,110419,110420,110421,110422,110423,110426,110427,110428,110429,110430,1,-1,2,-2,1,3,1,-1,-3,-1,2,2,5,2,2,-2,-2,-5,-2,-2
0,1,18405,18408,55215,55216,55217,55220,55221,55222,110431,110432,110433,110434,110435,110438,110439,110440,110441,110442,1,-1,2,-2,1,3,1,-1,-3,-1,2,2,5,2,2,-2,-2,-5,-2,-2
0,1,18407,18410,55221,55222,55223,55226,55227,55228,110443,110444,110445,110446,110447,110450,110451,110452,110453,110454,1,-1,2,-2,1,3,1,-1,-3,-1,2,2,5,2,2,-2,-2,-5,-2,-2
0,1,18409,18412,55227,55228,55229,55232,55233,55234,110455,110456,110457,110458,110459,110462,110463,110464,110465,110466,1,-1,2,-2,1,3,1,-1,-3,-1,2,2,5,2,2,-2,-2,-5,-2,-2
0,1,18411,18414,55233,55234,55235,55238,55239,55240,110467,110468,110469,110470,110471,110474,110475,110476,110477,110478,1,-1,2,-2,1,3,1,-1,-3,-1,2,2,5,2,2,-2,-2,-5,-2,-2
0,1,18413,18416,55239,55240,55241,55244,55245,55246,110479,110480,110481,110482,110483,110486,110487,110488,110489,110490,1,-1,2,-2,1,3,1,-1,-3,-1,2,2,5,2,2,-2,-2,-5,-2,-2
0,1,18415,18418,55245,55246,55247,55250,55251,55252,110491,110492,110493,110494,110495,110498,110499,110500,110501,110502,1,-1,2,-2,1,3,1,-1,-3,-1,2,2,5,2,2,-2,-2,-5,-2,-2
0,1,18417,18420,55251,55252,55253,55256,55257,55258,110503,110504,110505,110506,110507,110510,110511,110512,110513,110514,1,-1,2,-2,1,3,1,-1,-3,-1,2,2,5,2,2,-2,-2,-5,-2,-2
0,1,18419,18422,55257,55258,55259,55262,55263,55264,110515,110516,110517,110518,110519,110522,110523,110524,110525,110526,1,-1,2,-2,1,3,1,-1,-3,-1,2,2,5,2,2,-2,-2,-5,-2,-2
0,1,18421,18424,55263,55264,55265,55268,55269,55270,110527,110528,110529,110530,110531,110534,110535,110536,110537,110538,1,-1,2,-2,1,3,1,-1,-3,-1,2,2,5,2,2,-2,-2,-5,-2,-2
0,1,18423,18426,55269,55270,55271,55274,55275,55276,110539,110540,110541,110542,110543,110546,110547,110548,110549,110550,1,-1,2,-2,1,3,1,-1,-3,-1,2,2,5,2,2,-2,-2,-5,-2,-2
0,1,18425,18428,55275,55276,55277,55280,55281,55282,110551,110552,110553,110554,110555,110558,110559,110560,110561,110562,1,-1,2,-2,1,3,1,-1,-3,-1,2,2,5,2,2,-2,-2,-5,-2,-2
0,1,18427,18430,55281,55282,55283,55286,55287,55288,110563,110564,110565,110566,110567,110570,110571,110572,110573,110574,1,-1,2,-2,1,3,1,-1,-3,-1,2,2,5,2,2,-2,-2,-5,-2,-2
0,1,18429,18432,55287,55288,55289,55292,55293,55294,110575,110576,110577,110578,110579,110582,110583,110584,110585,110586,1,-1,2,-2,1,3,1,-1,-3,-1,2,2,5,2,2,-2,-2,-5,-2,-2
0,1,18431,18434,55293,55294,55295,55298,55299,55300,110587,110588,110589,110590,110591,110594,110595,110596,110597,110598,1,-1,2,-2,1,3,1,-1,-3,-1,2,2,5,2,2,-2,-2,-5,-2,-2
0,1,18433,18436,55299,55300,55301,55304,55305,55306,110599,110600,110601,110602,110603,110606,110607,110608,110609,110610,1,-1,2,-2,1,3,1,-1,-3,-1,2,2,5,2,2,-2,-2,-5,-2,-2
0,1,18435,18438,55305,55306,55307,55310,55311,55312,110611,110612,110613,110614,110615,110618,110619,110620,110621,110622,1,-1,2,-2,1,3,1,-1,-3,-1,2,2,5,2,2,-2,-2,-5,-2,-2
0,1,18437,18440,55311,55312,55313,55316,55317,55318,110623,110624,110625,110626,110627,110630,110631,110632,110633,110634,1,-1,2,-2,1,3,1,-1,-3,-1,2,2,5,2,2,-2,-2,-5,-2,-2
0,1,18439,18442,55317,55318,55319,55322,55323,55324,110635,110636,110637,110638,110639,110642,110643,110644,110645,110646,1,-1,2,-2,1,3,1,-1,-3,-1,2,2,5,2,2,-2,-2,-5,-2,-2
0,1,18441,18444,55323,55324,55325,55328,55329,55330,110647,110648,110649,110650,110651,110654,110655,110656,110657,110658,1,-1,2,-2,1,3,1,-1,-3,-1,2,2,5,2,2,-2,-2,-5,-2,-2
0,1,18443,18446,55329,55330,55331,55334,55335,55336,110659,110660,110661,110662,110663,110666,110667,110668,110669,110670,1,-1,2,-2,1,3,1,-1,-3,-1,2,2,5,2,2,-2,-2,-5,-2,-2
0,1,18445,18448,55335,55336,55337,55340,55341,55342,110671,110672,110673,110674,110675,110678,110679,110680,110681,110682,1,-1,2,-2,1,3,1,-1,-3,-1,2,2,5,2,2,-2,-2,-5,-2,-2
0,1,18447,18450,55341,55342,55343,55346,55347,55348,110683,110684,110685,110686,110687,110690,110691,110692,110693,110694,1,-1,2,-2,1,3,1,-1,-3,-1,2,2,5,2,2,-2,-2,-5,-2,-2
0,1,18449,18452,55347,55348,55349,55352,55353,55354,110695,110696,110697,110698,110699,110702,110703,110704,110705,110706,1,-1,2,-2,1,3,1,-1,-3,-1,2,2,5,2,2,-2,-2,-5,-2,-2
0,1,18451,18454,55353,55354,55355,55358,55359,55360,110707,110708,110709,110710,110711,110714,110715,110716,110717,110718,1,-1,2,-2,1,3,1,-1,-3,-1,2,2,5,2,2,-2,-2,-5,-2,-2
0,1,18453,18456,55359,55360,55361,55364,55365,55366,110719,110720,110721,110722,110723,110726,110727,110728,110729,110730,1,-1,2,-2,1,3,1,-1,-3,-1,2,2,5,2,2,-2,-2,-5,-2,-2
0,1,18455,18458,55365,55366,55367,55370,55371,55372,110731,110732,110733,110734,110735,110738,110739,110740,110741,110742,1,-1,2,-2,1,3,1,-1,-3,-1,2,2,5,2,2,-2,-2,-5,-2,-2
0,1,18457,18460,55371,55372,55373,55376,55377,55378,110743,110744,110745,110746,110747,110750,110751,110752,110753,110754,1,-1,2,-2,1,3,1,-1,-3,-1,2,2,5,2,2,-2,-2,-5,-2,-2
0,1,18459,18462,55377,55378,55379,55382,55383,55384,110755,110756,110757,110758,110759,110762,110763,110764,110765,110766,1,-1,2,-2,1,3,1,-1,-3,-1,2,2,5,2,2,-2,-2,-5,-2,-2
0,1,18461,18464,55383,55384,55385,55388,55389,55390,110767,110768,110769,110770,110771,110774,110775,110776,110777,110778,1,-1,2,-2,1,3,1,-1,-3,-1,2,2,5,2,2,-2,-2,-5,-2,-2
0,1,18463,18466,55389,55390,55391,55394,55395,55396,110779,110780,110781,110782,110783,110786,110787,110788,110789,110790,1,-1,2,-2,1,3,1,-1,-3,-1,2,2,5,2,2,-2,-2,-5,-2,-2
0,1,18465,18468,55395,55396,55397,55400,55401,55402,110791,110792,110793,110794,110795,110798,110799,110800,110801,110802,1,-1,2,-2,1,3,1,-1,-3,-1,2,2,5,2,2,-2,-2,-5,-2,-2
0,1,18467,18470,55401,55402,55403,55406,55407,55408,110803,110804,110805,110806,110807,110810,110811,110812,110813,110814,1,-1,2,-2,1,3,1,-1,-3,-1,2,2,5,2,2,-2,-2,-5,-2,-2
0,1,18469,18472,55407,55408,55409,55412,55413,55414,110815,110816,110817,110818,110819,110822,110823,110824,110825,110826,1,-1,2,-2,1,3,1,-1,-3,-1,2,2,5,2,2,-2,-2,-5,-2,-2
0,1,18471,18474,55413,55414,55415,55418,55419,55420,110827,110828,110829,110830,110831,110834,110835,110836,110837,110838,1,-1,2,-2,1,3,1,-1,-3,-1,2,2,5,2,2,-2,-2,-5,-2,-2
0,1,18473,18476,55419,55420,55421,55424,55425,55426,110839,110840,110841,110842,110843,110846,110847,110848,110849,110850,1,-1,2,-2,1,3,1,-1,-3,-1,2,2,5,2,2,-2,-2,-5,-2,-2
0,1,18475,18478,55425,55426,55427,55430,55431,55432,110851,110852,110853,110854,110855,110858,110859,110860,110861,110862,1,-1,2,-2,1,3,1,-1,-3,-1,2,2,5,2,2,-2,-2,-5,-2,-2
0,1,18477,18480,55431,55432,55433,55436,55437,55438,110863,110864,110865,110866,110867,110870,110871,110872,110873,110874,1,-1,2,-2,1,3,1,-1,-3,-1,2,2,5,2,2,-2,-2,-5,-2,-2
0,1,18479,18482,55437,55438,55439,55442,55443,55444,110875,110876,110877,110878,110879,110882,110883,110884,110885,110886,1,-1,2,-2,1,3,1,-1,-3,-1,2,2,5,2,2,-2,-2,-5,-2,-2
0,1,18481,18484,55443,55444,55445,55448,55449,55450,110887,110888,110889,110890,110891,110894,110895,110896,110897,110898,1,-1,2,-2,1,3,1,-1,-3,-1,2,2,5,2,2,-2,-2,-5,-2,-2
0,1,18483,18486,55449,55450,55451,55454,55455,55456,110899,110900,110901,110902,110903,110906,110907,110908,110909,110910,1,-1,2,-2,1,3,1,-1,-3,-1,2,2,5,2,2,-2,-2,-5,-2,-2
0,1,18485,18488,55455,55456,55457,55460,55461,55462,110911,110912,110913,110914,110915,110918,110919,110920,110921,110922,1,-1,2,-2,1,3,1,-1,-3,-1,2,2,5,2,2,-2,-2,-5,-2,-2
0,1,18487,18490,55461,55462,55463,55466,55467,55468,110923,110924,110925,110926,110927,110930,110931,110932,110933,110934,1,-1,2,-2,1,3,1,-1,-3,-1,2,2,5,2,2,-2,-2,-5,-2,-2
0,1,18489,18492,55467,55468,55469,55472,55473,55474,110935,110936,110937,110938,110939,110942,110943,110944,110945,110946,1,-1,2,-2,1,3,1,-1,-3,-1,2,2,5,2,2,-2,-2,-5,-2,-2
0,1,18491,18494,55473,55474,55475,55478,55479,55480,110947,110948,110949,110950,110951,110954,110955,110956,110957,110958,1,-1,2,-2,1,3,1,-1,-3,-1,2,2,5,2,2,-2,-2,-5,-2,-2
0,1,18493,18496,55479,55480,55481,55484,55485,55486,110959,110960,110961,110962,110963,110966,110967,110968,110969,110970,1,-1,2,-2,1,3,1,-1,-3,-1,2,2,5,2,2,-2,-2,-5,-2,-2
0,1,18495,18498,55485,55486,55487,55490,55491,55492,110971,110972,110973,110974,110975,110978,110979,110980,110981,110982,1,-1,2,-2,1,3,1,-1,-3,-1,2,2,5,2,2,-2,-2,-5,-2,-2
0,1,18497,18500,55491,55492,55493,55496,55497,55498,110983,110984,110985,110986,110987,110990,110991,110992,110993,110994,1,-1,2,-2,1,3,1,-1,-3,-1,2,2,5,2,2,-2,-2,-5,-2,-2
0,1,18499,18502,55497,55498,55499,55502,55503,55504,110995,110996,110997,110998,110999,111002,111003,111004,111005,111006,1,-1,2,-2,1,3,1,-1,-3,-1,2,2,5,2,2,-2,-2,-5,-2,-2
0,1,18501,18504,55503,55504,55505,55508,55509,55510,111007,111008,111009,111010,111011,111014,111015,111016,111017,111018,1,-1,2,-2,1,3,1,-1,-3,-1,2,2,5,2,2,-2,-2,-5,-2,-2
0,1,18503,18506,55509,55510,55511,55514,55515,55516,111019,111020,111021,111022,111023,111026,111027,111028,111029,111030,1,-1,2,-2,1,3,1,-1,-3,-1,2,2,5,2,2,-2,-2,-5,-2,-2
0,1,18505,18508,55515,55516,55517,55520,55521,55522,111031,111032,111033,111034,111035,111038,111039,111040,111041,111042,1,-1,2,-2,1,3,1,-1,-3,-1,2,2,5,2,2,-2,-2,-5,-2,-2
0,1,18507,18510,55521,55522,55523,55526,55527,55528,111043,111044,111045,111046,111047,111050,111051,111052,111053,111054,1,-1,2,-2,1,3,1,-1,-3,-1,2,2,5,2,2,-2,-2,-5,-2,-2
0,1,18509,18512,55527,55528,55529,55532,55533,55534,111055,111056,111057,111058,111059,111062,111063,111064,111065,111066,1,-1,2,-2,1,3,1,-1,-3,-1,2,2,5,2,2,-2,-2,-5,-2,-2
0,1,18511,18514,55533,55534,55535,55538,55539,55540,111067,111068,111069,111070,111071,111074,111075,111076,111077,111078,1,-1,2,-2,1,3,1,-1,-3,-1,2,2,5,2,2,-2,-2,-5,-2,-2
0,1,18513,18516,55539,55540,55541,55544,55545,55546,111079,111080,111081,111082,111083,111086,111087,111088,111089,111090,1,-1,2,-2,1,3,1,-1,-3,-1,2,2,5,2,2,-2,-2,-5,-2,-2
0,1,18515,18518,55545,55546,55547,55550,55551,55552,111091,111092,111093,111094,111095,111098,111099,111100,111101,111102,1,-1,2,-2,1,3,1,-1,-3,-1,2,2,5,2,2,-2,-2,-5,-2,-2
0,1,18517,18520,55551,55552,55553,55556,55557,55558,111103,111104,111105,111106,111107,111110,111111,111112,111113,111114,1,-1,2,-2,1,3,1,-1,-3,-1,2,2,5,2,2,-2,-2,-5,-2,-2
0,1,18519,18522,55557,55558,55559,55562,55563,55564,111115,111116,111117,111118,111119,111122,111123,111124,111125,111126,1,-1,2,-2,1,3,1,-1,-3,-1,2,2,5,2,2,-2,-2,-5,-2,-2
0,1,18521,18524,55563,55564,55565,55568,55569,55570,111127,111128,111129,111130,111131,111134,111135,111136,111137,111138,1,-1,2,-2,1,3,1,-1,-3,-1,2,2,5,2,2,-2,-2,-5,-2,-2
0,1,18523,18526,55569,55570,55571,55574,55575,55576,111139,111140,111141,111142,111143,111146,111147,111148,111149,111150,1,-1,2,-2,1,3,1,-1,-3,-1,2,2,5,2,2,-2,-2,-5,-2,-2
0,1,18525,18528,55575,55576,55577,55580,55581,55582,111151,111152,111153,111154,111155,111158,111159,111160,111161,111162,1,-1,2,-2,1,3,1,-1,-3,-1,2,2,5,2,2,-2,-2,-5,-2,-2
0,1,18527,18530,55581,55582,55583,55586,55587,55588,111163,111164,111165,111166,111167,111170,111171,111172,111173,111174,1,-1,2,-2,1,3,1,-1,-3,-1,2,2,5,2,2,-2,-2,-5,-2,-2
0,1,18529,18532,55587,55588,55589,55592,55593,55594,111175,111176,111177,111178,111179,111182,111183,111184,111185,111186,1,-1,2,-2,1,3,1,-1,-3,-1,2,2,5,2,2,-2,-2,-5,-2,-2
0,1,18531,18534,55593,55594,55595,55598,55599,55600,111187,111188,111189,111190,111191,111194,111195,111196,111197,111198,1,-1,2,-2,1,3,1,-1,-3,-1,2,2,5,2,2,-2,-2,-5,-2,-2
0,1,18533,18536,55599,55600,55601,55604,55605,55606,111199,111200,111201,111202,111203,111206,111207,111208,111209,111210,1,-1,2,-2,1,3,1,-1,-3,-1,2,2,5,2,2,-2,-2,-5,-2,-2
0,1,18535,18538,55605,55606,55607,55610,55611,55612,111211,111212,111213,111214,111215,111218,111219,111220,111221,111222,1,-1,2,-2,1,3,1,-1,-3,-1,2,2,5,2,2,-2,-2,-5,-2,-2
0,1,18537,18540,55611,55612,55613,55616,55617,55618,111223,111224,111225,111226,111227,111230,111231,111232,111233,111234,1,-1,2,-2,1,3,1,-1,-3,-1,2,2,5,2,2,-2,-2,-5,-2,-2
0,1,18539,18542,55617,55618,55619,55622,55623,55624,111235,111236,111237,111238,111239,111242,111243,111244,111245,111246,1,-1,2,-2,1,3,1,-1,-3,-1,2,2,5,2,2,-2,-2,-5,-2,-2
0,1,18541,18544,55623,55624,55625,55628,55629,55630,111247,111248,111249,111250,111251,111254,111255,111256,111257,111258,1,-1,2,-2,1,3,1,-1,-3,-1,2,2,5,2,2,-2,-2,-5,-2,-2
0,1,18543,18546,55629,55630,55631,55634,55635,55636,111259,111260,111261,111262,111263,111266,111267,111268,111269,111270,1,-1,2,-2,1,3,1,-1,-3,-1,2,2,5,2,2,-2,-2,-5,-2,-2
0,1,18545,18548,55635,55636,55637,55640,55641,55642,111271,111272,111273,111274,111275,111278,111279,111280,111281,111282,1,-1,2,-2,1,3,1,-1,-3,-1,2,2,5,2,2,-2,-2,-5,-2,-2
0,1,18547,18550,55641,55642,55643,55646,55647,55648,111283,111284,111285,111286,111287,111290,111291,111292,111293,111294,1,-1,2,-2,1,3,1,-1,-3,-1,2,2,5,2,2,-2,-2,-5,-2,-2
0,1,18549,18552,55647,55648,55649,55652,55653,55654,111295,111296,111297,111298,111299,111302,111303,111304,111305,111306,1,-1,2,-2,1,3,1,-1,-3,-1,2,2,5,2,2,-2,-2,-5,-2,-2
0,1,18551,18554,55653,55654,55655,55658,55659,55660,111307,111308,111309,111310,111311,111314,111315,111316,111317,111318,1,-1,2,-2,1,3,1,-1,-3,-1,2,2,5,2,2,-2,-2,-5,-2,-2
0,1,18553,18556,55659,55660,55661,55664,55665,55666,111319,111320,111321,111322,111323,111326,111327,111328,111329,111330,1,-1,2,-2,1,3,1,-1,-3,-1,2,2,5,2,2,-2,-2,-5,-2,-2
0,1,18555,18558,55665,55666,55667,55670,55671,55672,111331,111332,111333,111334,111335,111338,111339,111340,111341,111342,1,-1,2,-2,1,3,1,-1,-3,-1,2,2,5,2,2,-2,-2,-5,-2,-2
0,1,18557,18560,55671,55672,55673,55676,55677,55678,111343,111344,111345,111346,111347,111350,111351,111352,111353,111354,1,-1,2,-2,1,3,1,-1,-3,-1,2,2,5,2,2,-2,-2,-5,-2,-2
0,1,18559,18562,55677,55678,55679,55682,55683,55684,111355,111356,111357,111358,111359,111362,111363,111364,111365,111366,1,-1,2,-2,1,3,1,-1,-3,-1,2,2,5,2,2,-2,-2,-5,-2,-2
0,1,18561,18564,55683,55684,55685,55688,55689,55690,111367,111368,111369,111370,111371,111374,111375,111376,111377,111378,1,-1,2,-2,1,3,1,-1,-3,-1,2,2,5,2,2,-2,-2,-5,-2,-2
0,1,18563,18566,55689,55690,55691,55694,55695,55696,111379,111380,111381,111382,111383,111386,111387,111388,111389,111390,1,-1,2,-2,1,3,1,-1,-3,-1,2,2,5,2,2,-2,-2,-5,-2,-2
0,1,18565,18568,55695,55696,55697,55700,55701,55702,111391,111392,111393,111394,111395,111398,111399,111400,111401,111402,1,-1,2,-2,1,3,1,-1,-3,-1,2,2,5,2,2,-2,-2,-5,-2,-2
0,1,18567,18570,55701,55702,55703,55706,55707,55708,111403,111404,111405,111406,111407,111410,111411,111412,111413,111414,1,-1,2,-2,1,3,1,-1,-3,-1,2,2,5,2,2,-2,-2,-5,-2,-2
0,1,18569,18572,55707,55708,55709,55712,55713,55714,111415,111416,111417,111418,111419,111422,111423,111424,111425,111426,1,-1,2,-2,1,3,1,-1,-3,-1,2,2,5,2,2,-2,-2,-5,-2,-2
0,1,18571,18574,55713,55714,55715,55718,55719,55720,111427,111428,111429,111430,111431,111434,111435,111436,111437,111438,1,-1,2,-2,1,3,1,-1,-3,-1,2,2,5,2,2,-2,-2,-5,-2,-2
0,1,18573,18576,55719,55720,55721,55724,55725,55726,111439,111440,111441,111442,111443,111446,111447,111448,111449,111450,1,-1,2,-2,1,3,1,-1,-3,-1,2,2,5,2,2,-2,-2,-5,-2,-2
0,1,18575,18578,55725,55726,55727,55730,55731,55732,111451,111452,111453,111454,111455,111458,111459,111460,111461,111462,1,-1,2,-2,1,3,1,-1,-3,-1,2,2,5,2,2,-2,-2,-5,-2,-2
0,1,18577,18580,55731,55732,55733,55736,55737,55738,111463,111464,111465,111466,111467,111470,111471,111472,111473,111474,1,-1,2,-2,1,3,1,-1,-3,-1,2,2,5,2,2,-2,-2,-5,-2,-2
0,1,18579,18582,55737,55738,55739,55742,55743,55744,111475,111476,111477,111478,111479,111482,111483,111484,111485,111486,1,-1,2,-2,1,3,1,-1,-3,-1,2,2,5,2,2,-2,-2,-5,-2,-2
0,1,18581,18584,55743,55744,55745,55748,55749,55750,111487,111488,111489,111490,111491,111494,111495,111496,111497,111498,1,-1,2,-2,1,3,1,-1,-3,-1,2,2,5,2,2,-2,-2,-5,-2,-2
0,1,18583,18586,55749,55750,55751,55754,55755,55756,111499,111500,111501,111502,111503,111506,111507,111508,111509,111510,1,-1,2,-2,1,3,1,-1,-3,-1,2,2,5,2,2,-2,-2,-5,-2,-2
0,1,18585,18588,55755,55756,55757,55760,55761,55762,111511,111512,111513,111514,111515,111518,111519,111520,111521,111522,1,-1,2,-2,1,3,1,-1,-3,-1,2,2,5,2,2,-2,-2,-5,-2,-2
0,1,18587,18590,55761,55762,55763,55766,55767,55768,111523,111524,111525,111526,111527,111530,111531,111532,111533,111534,1,-1,2,-2,1,3,1,-1,-3,-1,2,2,5,2,2,-2,-2,-5,-2,-2
0,1,18589,18592,55767,55768,55769,55772,55773,55774,111535,111536,111537,111538,111539,111542,111543,111544,111545,111546,1,-1,2,-2,1,3,1,-1,-3,-1,2,2,5,2,2,-2,-2,-5,-2,-2
0,1,18591,18594,55773,55774,55775,55778,55779,55780,111547,111548,111549,111550,111551,111554,111555,111556,111557,111558,1,-1,2,-2,1,3,1,-1,-3,-1,2,2,5,2,2,-2,-2,-5,-2,-2
0,1,18593,18596,55779,55780,55781,55784,55785,55786,111559,111560,111561,111562,111563,111566,111567,111568,111569,111570,1,-1,2,-2,1,3,1,-1,-3,-1,2,2,5,2,2,-2,-2,-5,-2,-2
0,1,18595,18598,55785,55786,55787,55790,55791,55792,111571,111572,111573,111574,111575,111578,111579,111580,111581,111582,1,-1,2,-2,1,3,1,-1,-3,-1,2,2,5,2,2,-2,-2,-5,-2,-2
0,1,18597,18600,55791,55792,55793,55796,55797,55798,111583,111584,111585,111586,111587,111590,111591,111592,111593,111594,1,-1,2,-2,1,3,1,-1,-3,-1,2,2,5,2,2,-2,-2,-5,-2,-2
0,1,18599,18602,55797,55798,55799,55802,55803,55804,111595,111596,111597,111598,111599,111602,111603,111604,111605,111606,1,-1,2,-2,1,3,1,-1,-3,-1,2,2,5,2,2,-2,-2,-5,-2,-2
0,1,18601,18604,55803,55804,55805,55808,55809,55810,111607,111608,111609,111610,111611,111614,111615,111616,111617,111618,1,-1,2,-2,1,3,1,-1,-3,-1,2,2,5,2,2,-2,-2,-5,-2,-2
0,1,18603,18606,55809,55810,55811,55814,55815,55816,111619,111620,111621,111622,111623,111626,111627,111628,111629,111630,1,-1,2,-2,1,3,1,-1,-3,-1,2,2,5,2,2,-2,-2,-5,-2,-2
0,1,18605,18608,55815,55816,55817,55820,55821,55822,111631,111632,111633,111634,111635,111638,111639,111640,111641,111642,1,-1,2,-2,1,3,1,-1,-3,-1,2,2,5,2,2,-2,-2,-5,-2,-2
0,1,18607,18610,55821,55822,55823,55826,55827,55828,111643,111644,111645,111646,111647,111650,111651,111652,111653,111654,1,-1,2,-2,1,3,1,-1,-3,-1,2,2,5,2,2,-2,-2,-5,-2,-2
0,1,18609,18612,55827,55828,55829,55832,55833,55834,111655,111656,111657,111658,111659,111662,111663,111664,111665,111666,1,-1,2,-2,1,3,1,-1,-3,-1,2,2,5,2,2,-2,-2,-5,-2,-2
0,1,18611,18614,55833,55834,55835,55838,55839,55840,111667,111668,111669,111670,111671,111674,111675,111676,111677,111678,1,-1,2,-2,1,3,1,-1,-3,-1,2,2,5,2,2,-2,-2,-5,-2,-2
0,1,18613,18616,55839,55840,55841,55844,55845,55846,111679,111680,111681,111682,111683,111686,111687,111688,111689,111690,1,-1,2,-2,1,3,1,-1,-3,-1,2,2,5,2,2,-2,-2,-5,-2,-2
0,1,18615,18618,55845,55846,55847,55850,55851,55852,111691,111692,111693,111694,111695,111698,111699,111700,111701,111702,1,-1,2,-2,1,3,1,-1,-3,-1,2,2,5,2,2,-2,-2,-5,-2,-2
0,1,18617,18620,55851,55852,55853,55856,55857,55858,111703,111704,111705,111706,111707,111710,111711,111712,111713,111714,1,-1,2,-2,1,3,1,-1,-3,-1,2,2,5,2,2,-2,-2,-5,-2,-2
0,1,18619,18622,55857,55858,55859,55862,55863,55864,111715,111716,111717,111718,111719,111722,111723,111724,111725,111726,1,-1,2,-2,1,3,1,-1,-3,-1,2,2,5,2,2,-2,-2,-5,-2,-2
0,1,18621,18624,55863,55864,55865,55868,55869,55870,111727,111728,111729,111730,111731,111734,111735,111736,111737,111738,1,-1,2,-2,1,3,1,-1,-3,-1,2,2,5,2,2,-2,-2,-5,-2,-2
0,1,18623,18626,55869,55870,55871,55874,55875,55876,111739,111740,111741,111742,111743,111746,111747,111748,111749,111750,1,-1,2,-2,1,3,1,-1,-3,-1,2,2,5,2,2,-2,-2,-5,-2,-2
0,1,18625,18628,55875,55876,55877,55880,55881,55882,111751,111752,111753,111754,111755,111758,111759,111760,111761,111762,1,-1,2,-2,1,3,1,-1,-3,-1,2,2,5,2,2,-2,-2,-5,-2,-2
0,1,18627,18630,55881,55882,55883,55886,55887,55888,111763,111764,111765,111766,111767,111770,111771,111772,111773,111774,1,-1,2,-2,1,3,1,-1,-3,-1,2,2,5,2,2,-2,-2,-5,-2,-2
0,1,18629,18632,55887,55888,55889,55892,55893,55894,111775,111776,111777,111778,111779,111782,111783,111784,111785,111786,1,-1,2,-2,1,3,1,-1,-3,-1,2,2,5,2,2,-2,-2,-5,-2,-2
0,1,18631,18634,55893,55894,55895,55898,55899,55900,111787,111788,111789,111790,111791,111794,111795,111796,111797,111798,1,-1,2,-2,1,3,1,-1,-3,-1,2,2,5,2,2,-2,-2,-5,-2,-2
0,1,18633,18636,55899,55900,55901,55904,55905,55906,111799,111800,111801,111802,111803,111806,111807,111808,111809,111810,1,-1,2,-2,1,3,1,-1,-3,-1,2,2,5,2,2,-2,-2,-5,-2,-2
0,1,18635,18638,55905,55906,55907,55910,55911,55912,111811,111812,111813,111814,111815,111818,111819,111820,111821,111822,1,-1,2,-2,1,3,1,-1,-3,-1,2,2,5,2,2,-2,-2,-5,-2,-2
0,1,18637,18640,55911,55912,55913,55916,55917,55918,111823,111824,111825,111826,111827,111830,111831,111832,111833,111834,1,-1,2,-2,1,3,1,-1,-3,-1,2,2,5,2,2,-2,-2,-5,-2,-2
0,1,18639,18642,55917,55918,55919,55922,55923,55924,111835,111836,111837,111838,111839,111842,111843,111844,111845,111846,1,-1,2,-2,1,3,1,-1,-3,-1,2,2,5,2,2,-2,-2,-5,-2,-2
0,1,18641,18644,55923,55924,55925,55928,55929,55930,111847,111848,111849,111850,111851,111854,111855,111856,111857,111858,1,-1,2,-2,1,3,1,-1,-3,-1,2,2,5,2,2,-2,-2,-5,-2,-2
0,1,18643,18646,55929,55930,55931,55934,55935,55936,111859,111860,111861,111862,111863,111866,111867,111868,111869,111870,1,-1,2,-2,1,3,1,-1,-3,-1,2,2,5,2,2,-2,-2,-5,-2,-2
0,1,18645,18648,55935,55936,55937,55940,55941,55942,111871,111872,111873,111874,111875,111878,111879,111880,111881,111882,1,-1,2,-2,1,3,1,-1,-3,-1,2,2,5,2,2,-2,-2,-5,-2,-2
0,1,18647,18650,55941,55942,55943,55946,55947,55948,111883,111884,111885,111886,111887,111890,111891,111892,111893,111894,1,-1,2,-2,1,3,1,-1,-3,-1,2,2,5,2,2,-2,-2,-5,-2,-2
0,1,18649,18652,55947,55948,55949,55952,55953,55954,111895,111896,111897,111898,111899,111902,111903,111904,111905,111906,1,-1,2,-2,1,3,1,-1,-3,-1,2,2,5,2,2,-2,-2,-5,-2,-2
0,1,18651,18654,55953,55954,55955,55958,55959,55960,111907,111908,111909,111910,111911,111914,111915,111916,111917,111918,1,-1,2,-2,1,3,1,-1,-3,-1,2,2,5,2,2,-2,-2,-5,-2,-2
0,1,18653,18656,55959,55960,55961,55964,55965,55966,111919,111920,111921,111922,111923,111926,111927,111928,111929,111930,1,-1,2,-2,1,3,1,-1,-3,-1,2,2,5,2,2,-2,-2,-5,-2,-2
0,1,18655,18658,55965,55966,55967,55970,55971,55972,111931,111932,111933,111934,111935,111938,111939,111940,111941,111942,1,-1,2,-2,1,3,1,-1,-3,-1,2,2,5,2,2,-2,-2,-5,-2,-2
0,1,18657,18660,55971,55972,55973,55976,55977,55978,111943,111944,111945,111946,111947,111950,111951,111952,111953,111954,1,-1,2,-2,1,3,1,-1,-3,-1,2,2,5,2,2,-2,-2,-5,-2,-2
0,1,18659,18662,55977,55978,55979,55982,55983,55984,111955,111956,111957,111958,111959,111962,111963,111964,111965,111966,1,-1,2,-2,1,3,1,-1,-3,-1,2,2,5,2,2,-2,-2,-5,-2,-2
0,1,18661,18664,55983,55984,55985,55988,55989,55990,111967,111968,111969,111970,111971,111974,111975,111976,111977,111978,1,-1,2,-2,1,3,1,-1,-3,-1,2,2,5,2,2,-2,-2,-5,-2,-2
0,1,18663,18666,55989,55990,55991,55994,55995,55996,111979,111980,111981,111982,111983,111986,111987,111988,111989,111990,1,-1,2,-2,1,3,1,-1,-3,-1,2,2,5,2,2,-2,-2,-5,-2,-2
0,1,18665,18668,55995,55996,55997,56000,56001,56002,111991,111992,111993,111994,111995,111998,111999,112000,112001,112002,1,-1,2,-2,1,3,1,-1,-3,-1,2,2,5,2,2,-2,-2,-5,-2,-2
0,1,18667,18670,56001,56002,56003,56006,56007,56008,112003,112004,112005,112006,112007,112010,112011,112012,112013,112014,1,-1,2,-2,1,3,1,-1,-3,-1,2,2,5,2,2,-2,-2,-5,-2,-2
0,1,18669,18672,56007,56008,56009,56012,56013,56014,112015,112016,112017,112018,112019,112022,112023,112024,112025,112026,1,-1,2,-2,1,3,1,-1,-3,-1,2,2,5,2,2,-2,-2,-5,-2,-2
0,1,18671,18674,56013,56014,56015,56018,56019,56020,112027,112028,112029,112030,112031,112034,112035,112036,112037,112038,1,-1,2,-2,1,3,1,-1,-3,-1,2,2,5,2,2,-2,-2,-5,-2,-2
0,1,18673,18676,56019,56020,56021,56024,56025,56026,112039,112040,112041,112042,112043,112046,112047,112048,112049,112050,1,-1,2,-2,1,3,1,-1,-3,-1,2,2,5,2,2,-2,-2,-5,-2,-2
0,1,18675,18678,56025,56026,56027,56030,56031,56032,112051,112052,112053,112054,112055,112058,112059,112060,112061,112062,1,-1,2,-2,1,3,1,-1,-3,-1,2,2,5,2,2,-2,-2,-5,-2,-2
0,1,18677,18680,56031,56032,56033,56036,56037,56038,112063,112064,112065,112066,112067,112070,112071,112072,112073,112074,1,-1,2,-2,1,3,1,-1,-3,-1,2,2,5,2,2,-2,-2,-5,-2,-2
0,1,18679,18682,56037,56038,56039,56042,56043,56044,112075,112076,112077,112078,112079,112082,112083,112084,112085,112086,1,-1,2,-2,1,3,1,-1,-3,-1,2,2,5,2,2,-2,-2,-5,-2,-2
0,1,18681,18684,56043,56044,56045,56048,56049,56050,112087,112088,112089,112090,112091,112094,112095,112096,112097,112098,1,-1,2,-2,1,3,1,-1,-3,-1,2,2,5,2,2,-2,-2,-5,-2,-2
0,1,18683,18686,56049,56050,56051,56054,56055,56056,112099,112100,112101,112102,112103,112106,112107,112108,112109,112110,1,-1,2,-2,1,3,1,-1,-3,-1,2,2,5,2,2,-2,-2,-5,-2,-2
0,1,18685,18688,56055,56056,56057,56060,56061,56062,112111,112112,112113,112114,112115,112118,112119,112120,112121,112122,1,-1,2,-2,1,3,1,-1,-3,-1,2,2,5,2,2,-2,-2,-5,-2,-2
0,1,18687,18690,56061,56062,56063,56066,56067,56068,112123,112124,112125,112126,112127,112130,112131,112132,112133,112134,1,-1,2,-2,1,3,1,-1,-3,-1,2,2,5,2,2,-2,-2,-5,-2,-2
0,1,18689,18692,56067,56068,56069,56072,56073,56074,112135,112136,112137,112138,112139,112142,112143,112144,112145,112146,1,-1,2,-2,1,3,1,-1,-3,-1,2,2,5,2,2,-2,-2,-5,-2,-2
0,1,18691,18694,56073,56074,56075,56078,56079,56080,112147,112148,112149,112150,112151,112154,112155,112156,112157,112158,1,-1,2,-2,1,3,1,-1,-3,-1,2,2,5,2,2,-2,-2,-5,-2,-2
0,1,18693,18696,56079,56080,56081,56084,56085,56086,112159,112160,112161,112162,112163,112166,112167,112168,112169,112170,1,-1,2,-2,1,3,1,-1,-3,-1,2,2,5,2,2,-2,-2,-5,-2,-2
0,1,18695,18698,56085,56086,56087,56090,56091,56092,112171,112172,112173,112174,112175,112178,112179,112180,112181,112182,1,-1,2,-2,1,3,1,-1,-3,-1,2,2,5,2,2,-2,-2,-5,-2,-2
0,1,18697,18700,56091,56092,56093,56096,56097,56098,112183,112184,112185,112186,112187,112190,112191,112192,112193,112194,1,-1,2,-2,1,3,1,-1,-3,-1,2,2,5,2,2,-2,-2,-5,-2,-2
0,1,18699,18702,56097,56098,56099,56102,56103,56104,112195,112196,112197,112198,112199,112202,112203,112204,112205,112206,1,-1,2,-2,1,3,1,-1,-3,-1,2,2,5,2,2,-2,-2,-5,-2,-2
0,1,18701,18704,56103,56104,56105,56108,56109,56110,112207,112208,112209,112210,112211,112214,112215,112216,112217,112218,1,-1,2,-2,1,3,1,-1,-3,-1,2,2,5,2,2,-2,-2,-5,-2,-2
0,1,18703,18706,56109,56110,56111,56114,56115,56116,112219,112220,112221,112222,112223,112226,112227,112228,112229,112230,1,-1,2,-2,1,3,1,-1,-3,-1,2,2,5,2,2,-2,-2,-5,-2,-2
0,1,18705,18708,56115,56116,56117,56120,56121,56122,112231,112232,112233,112234,112235,112238,112239,112240,112241,112242,1,-1,2,-2,1,3,1,-1,-3,-1,2,2,5,2,2,-2,-2,-5,-2,-2
0,1,18707,18710,56121,56122,56123,56126,56127,56128,112243,112244,112245,112246,112247,112250,112251,112252,112253,112254,1,-1,2,-2,1,3,1,-1,-3,-1,2,2,5,2,2,-2,-2,-5,-2,-2
0,1,18709,18712,56127,56128,56129,56132,56133,56134,112255,112256,112257,112258,112259,112262,112263,112264,112265,112266,1,-1,2,-2,1,3,1,-1,-3,-1,2,2,5,2,2,-2,-2,-5,-2,-2
0,1,18711,18714,56133,56134,56135,56138,56139,56140,112267,112268,112269,112270,112271,112274,112275,112276,112277,112278,1,-1,2,-2,1,3,1,-1,-3,-1,2,2,5,2,2,-2,-2,-5,-2,-2
0,1,18713,18716,56139,56140,56141,56144,56145,56146,112279,112280,112281,112282,112283,112286,112287,112288,112289,112290,1,-1,2,-2,1,3,1,-1,-3,-1,2,2,5,2,2,-2,-2,-5,-2,-2
0,1,18715,18718,56145,56146,56147,56150,56151,56152,112291,112292,112293,112294,112295,112298,112299,112300,112301,112302,1,-1,2,-2,1,3,1,-1,-3,-1,2,2,5,2,2,-2,-2,-5,-2,-2
0,1,18717,18720,56151,56152,56153,56156,56157,56158,112303,112304,112305,112306,112307,112310,112311,112312,112313,112314,1,-1,2,-2,1,3,1,-1,-3,-1,2,2,5,2,2,-2,-2,-5,-2,-2
0,1,18719,18722,56157,56158,56159,56162,56163,56164,112315,112316,112317,112318,112319,112322,112323,112324,112325,112326,1,-1,2,-2,1,3,1,-1,-3,-1,2,2,5,2,2,-2,-2,-5,-2,-2
0,1,18721,18724,56163,56164,56165,56168,56169,56170,112327,112328,112329,112330,112331,112334,112335,112336,112337,112338,1,-1,2,-2,1,3,1,-1,-3,-1,2,2,5,2,2,-2,-2,-5,-2,-2
0,1,18723,18726,56169,56170,56171,56174,56175,56176,112339,112340,112341,112342,112343,112346,112347,112348,112349,112350,1,-1,2,-2,1,3,1,-1,-3,-1,2,2,5,2,2,-2,-2,-5,-2,-2
0,1,18725,18728,56175,56176,56177,56180,56181,56182,112351,112352,112353,112354,112355,112358,112359,112360,112361,112362,1,-1,2,-2,1,3,1,-1,-3,-1,2,2,5,2,2,-2,-2,-5,-2,-2
0,1,18727,18730,56181,56182,56183,56186,56187,56188,112363,112364,112365,112366,112367,112370,112371,112372,112373,112374,1,-1,2,-2,1,3,1,-1,-3,-1,2,2,5,2,2,-2,-2,-5,-2,-2
0,1,18729,18732,56187,56188,56189,56192,56193,56194,112375,112376,112377,112378,112379,112382,112383,112384,112385,112386,1,-1,2,-2,1,3,1,-1,-3,-1,2,2,5,2,2,-2,-2,-5,-2,-2
0,1,18731,18734,56193,56194,56195,56198,56199,56200,112387,112388,112389,112390,112391,112394,112395,112396,112397,112398,1,-1,2,-2,1,3,1,-1,-3,-1,2,2,5,2,2,-2,-2,-5,-2,-2
0,1,18733,18736,56199,56200,56201,56204,56205,56206,112399,112400,112401,112402,112403,112406,112407,112408,112409,112410,1,-1,2,-2,1,3,1,-1,-3,-1,2,2,5,2,2,-2,-2,-5,-2,-2
0,1,18735,18738,56205,56206,56207,56210,56211,56212,112411,112412,112413,112414,112415,112418,112419,112420,112421,112422,1,-1,2,-2,1,3,1,-1,-3,-1,2,2,5,2,2,-2,-2,-5,-2,-2
0,1,18737,18740,56211,56212,56213,56216,56217,56218,112423,112424,112425,112426,112427,112430,112431,112432,112433,112434,1,-1,2,-2,1,3,1,-1,-3,-1,2,2,5,2,2,-2,-2,-5,-2,-2
0,1,18739,18742,56217,56218,56219,56222,56223,56224,112435,112436,112437,112438,112439,112442,112443,112444,112445,112446,1,-1,2,-2,1,3,1,-1,-3,-1,2,2,5,2,2,-2,-2,-5,-2,-2
0,1,18741,18744,56223,56224,56225,56228,56229,56230,112447,112448,112449,112450,112451,112454,112455,112456,112457,112458,1,-1,2,-2,1,3,1,-1,-3,-1,2,2,5,2,2,-2,-2,-5,-2,-2
0,1,18743,18746,56229,56230,56231,56234,56235,56236,112459,112460,112461,112462,112463,112466,112467,112468,112469,112470,1,-1,2,-2,1,3,1,-1,-3,-1,2,2,5,2,2,-2,-2,-5,-2,-2
0,1,18745,18748,56235,56236,56237,56240,56241,56242,112471,112472,112473,112474,112475,112478,112479,112480,112481,112482,1,-1,2,-2,1,3,1,-1,-3,-1,2,2,5,2,2,-2,-2,-5,-2,-2
0,1,18747,18750,56241,56242,56243,56246,56247,56248,112483,112484,112485,112486,112487,112490,112491,112492,112493,112494,1,-1,2,-2,1,3,1,-1,-3,-1,2,2,5,2,2,-2,-2,-5,-2,-2
0,1,18749,18752,56247,56248,56249,56252,56253,56254,112495,112496,112497,112498,112499,112502,112503,112504,112505,112506,1,-1,2,-2,1,3,1,-1,-3,-1,2,2,5,2,2,-2,-2,-5,-2,-2
0,1,18751,18754,56253,56254,56255,56258,56259,56260,112507,112508,112509,112510,112511,112514,112515,112516,112517,112518,1,-1,2,-2,1,3,1,-1,-3,-1,2,2,5,2,2,-2,-2,-5,-2,-2
0,1,18753,18756,56259,56260,56261,56264,56265,56266,112519,112520,112521,112522,112523,112526,112527,112528,112529,112530,1,-1,2,-2,1,3,1,-1,-3,-1,2,2,5,2,2,-2,-2,-5,-2,-2
0,1,18755,18758,56265,56266,56267,56270,56271,56272,112531,112532,112533,112534,112535,112538,112539,112540,112541,112542,1,-1,2,-2,1,3,1,-1,-3,-1,2,2,5,2,2,-2,-2,-5,-2,-2
0,1,18757,18760,56271,56272,56273,56276,56277,56278,112543,112544,112545,112546,112547,112550,112551,112552,112553,112554,1,-1,2,-2,1,3,1,-1,-3,-1,2,2,5,2,2,-2,-2,-5,-2,-2
0,1,18759,18762,56277,56278,56279,56282,56283,56284,112555,112556,112557,112558,112559,112562,112563,112564,112565,112566,1,-1,2,-2,1,3,1,-1,-3,-1,2,2,5,2,2,-2,-2,-5,-2,-2
0,1,18761,18764,56283,56284,56285,56288,56289,56290,112567,112568,112569,112570,112571,112574,112575,112576,112577,112578,1,-1,2,-2,1,3,1,-1,-3,-1,2,2,5,2,2,-2,-2,-5,-2,-2
0,1,18763,18766,56289,56290,56291,56294,56295,56296,112579,112580,112581,112582,112583,112586,112587,112588,112589,112590,1,-1,2,-2,1,3,1,-1,-3,-1,2,2,5,2,2,-2,-2,-5,-2,-2
0,1,18765,18768,56295,56296,56297,56300,56301,56302,112591,112592,112593,112594,112595,112598,112599,112600,112601,112602,1,-1,2,-2,1,3,1,-1,-3,-1,2,2,5,2,2,-2,-2,-5,-2,-2
0,1,18767,18770,56301,56302,56303,56306,56307,56308,112603,112604,112605,112606,112607,112610,112611,112612,112613,112614,1,-1,2,-2,1,3,1,-1,-3,-1,2,2,5,2,2,-2,-2,-5,-2,-2
0,1,18769,18772,56307,56308,56309,56312,56313,56314,112615,112616,112617,112618,112619,112622,112623,112624,112625,112626,1,-1,2,-2,1,3,1,-1,-3,-1,2,2,5,2,2,-2,-2,-5,-2,-2
0,1,18771,18774,56313,56314,56315,56318,56319,56320,112627,112628,112629,112630,112631,112634,112635,112636,112637,112638,1,-1,2,-2,1,3,1,-1,-3,-1,2,2,5,2,2,-2,-2,-5,-2,-2
0,1,18773,18776,56319,56320,56321,56324,56325,56326,112639,112640,112641,112642,112643,112646,112647,112648,112649,112650,1,-1,2,-2,1,3,1,-1,-3,-1,2,2,5,2,2,-2,-2,-5,-2,-2
0,1,18775,18778,56325,56326,56327,56330,56331,56332,112651,112652,112653,112654,112655,112658,112659,112660,112661,112662,1,-1,2,-2,1,3,1,-1,-3,-1,2,2,5,2,2,-2,-2,-5,-2,-2
0,1,18777,18780,56331,56332,56333,56336,56337,56338,112663,112664,112665,112666,112667,112670,112671,112672,112673,112674,1,-1,2,-2,1,3,1,-1,-3,-1,2,2,5,2,2,-2,-2,-5,-2,-2
0,1,18779,18782,56337,56338,56339,56342,56343,56344,112675,112676,112677,112678,112679,112682,112683,112684,112685,112686,1,-1,2,-2,1,3,1,-1,-3,-1,2,2,5,2,2,-2,-2,-5,-2,-2
0,1,18781,18784,56343,56344,56345,56348,56349,56350,112687,112688,112689,112690,112691,112694,112695,112696,112697,112698,1,-1,2,-2,1,3,1,-1,-3,-1,2,2,5,2,2,-2,-2,-5,-2,-2
0,1,18783,18786,56349,56350,56351,56354,56355,56356,112699,112700,112701,112702,112703,112706,112707,112708,112709,112710,1,-1,2,-2,1,3,1,-1,-3,-1,2,2,5,2,2,-2,-2,-5,-2,-2
0,1,18785,18788,56355,56356,56357,56360,56361,56362,112711,112712,112713,112714,112715,112718,112719,112720,112721,112722,1,-1,2,-2,1,3,1,-1,-3,-1,2,2,5,2,2,-2,-2,-5,-2,-2
0,1,18787,18790,56361,56362,56363,56366,56367,56368,112723,112724,112725,112726,112727,112730,112731,112732,112733,112734,1,-1,2,-2,1,3,1,-1,-3,-1,2,2,5,2,2,-2,-2,-5,-2,-2
0,1,18789,18792,56367,56368,56369,56372,56373,56374,112735,112736,112737,112738,112739,112742,112743,112744,112745,112746,1,-1,2,-2,1,3,1,-1,-3,-1,2,2,5,2,2,-2,-2,-5,-2,-2
0,1,18791,18794,56373,56374,56375,56378,56379,56380,112747,112748,112749,112750,112751,112754,112755,112756,112757,112758,1,-1,2,-2,1,3,1,-1,-3,-1,2,2,5,2,2,-2,-2,-5,-2,-2
0,1,18793,18796,56379,56380,56381,56384,56385,56386,112759,112760,112761,112762,112763,112766,112767,112768,112769,112770,1,-1,2,-2,1,3,1,-1,-3,-1,2,2,5,2,2,-2,-2,-5,-2,-2
0,1,18795,18798,56385,56386,56387,56390,56391,56392,112771,112772,112773,112774,112775,112778,112779,112780,112781,112782,1,-1,2,-2,1,3,1,-1,-3,-1,2,2,5,2,2,-2,-2,-5,-2,-2
0,1,18797,18800,56391,56392,56393,56396,56397,56398,112783,112784,112785,112786,112787,112790,112791,112792,112793,112794,1,-1,2,-2,1,3,1,-1,-3,-1,2,2,5,2,2,-2,-2,-5,-2,-2
0,1,18799,18802,56397,56398,56399,56402,56403,56404,112795,112796,112797,112798,112799,112802,112803,112804,112805,112806,1,-1,2,-2,1,3,1,-1,-3,-1,2,2,5,2,2,-2,-2,-5,-2,-2
0,1,18801,18804,56403,56404,56405,56408,56409,56410,112807,112808,112809,112810,112811,112814,112815,112816,112817,112818,1,-1,2,-2,1,3,1,-1,-3,-1,2,2,5,2,2,-2,-2,-5,-2,-2
0,1,18803,18806,56409,56410,56411,56414,56415,56416,112819,112820,112821,112822,112823,112826,112827,112828,112829,112830,1,-1,2,-2,1,3,1,-1,-3,-1,2,2,5,2,2,-2,-2,-5,-2,-2
0,1,18805,18808,56415,56416,56417,56420,56421,56422,112831,112832,112833,112834,112835,112838,112839,112840,112841,112842,1,-1,2,-2,1,3,1,-1,-3,-1,2,2,5,2,2,-2,-2,-5,-2,-2
0,1,18807,18810,56421,56422,56423,56426,56427,56428,112843,112844,112845,112846,112847,112850,112851,112852,112853,112854,1,-1,2,-2,1,3,1,-1,-3,-1,2,2,5,2,2,-2,-2,-5,-2,-2
0,1,18809,18812,56427,56428,56429,56432,56433,56434,112855,112856,112857,112858,112859,112862,112863,112864,112865,112866,1,-1,2,-2,1,3,1,-1,-3,-1,2,2,5,2,2,-2,-2,-5,-2,-2
0,1,18811,18814,56433,56434,56435,56438,56439,56440,112867,112868,112869,112870,112871,112874,112875,112876,112877,112878,1,-1,2,-2,1,3,1,-1,-3,-1,2,2,5,2,2,-2,-2,-5,-2,-2
0,1,18813,18816,56439,56440,56441,56444,56445,56446,112879,112880,112881,112882,112883,112886,112887,112888,112889,112890,1,-1,2,-2,1,3,1,-1,-3,-1,2,2,5,2,2,-2,-2,-5,-2,-2
0,1,18815,18818,56445,56446,56447,56450,56451,56452,112891,112892,112893,112894,112895,112898,112899,112900,112901,112902,1,-1,2,-2,1,3,1,-1,-3,-1,2,2,5,2,2,-2,-2,-5,-2,-2
0,1,18817,18820,56451,56452,56453,56456,56457,56458,112903,112904,112905,112906,112907,112910,112911,112912,112913,112914,1,-1,2,-2,1,3,1,-1,-3,-1,2,2,5,2,2,-2,-2,-5,-2,-2
0,1,18819,18822,56457,56458,56459,56462,56463,56464,112915,112916,112917,112918,112919,112922,112923,112924,112925,112926,1,-1,2,-2,1,3,1,-1,-3,-1,2,2,5,2,2,-2,-2,-5,-2,-2
0,1,18821,18824,56463,56464,56465,56468,56469,56470,112927,112928,112929,112930,112931,112934,112935,112936,112937,112938,1,-1,2,-2,1,3,1,-1,-3,-1,2,2,5,2,2,-2,-2,-5,-2,-2
0,1,18823,18826,56469,56470,56471,56474,56475,56476,112939,112940,112941,112942,112943,112946,112947,112948,112949,112950,1,-1,2,-2,1,3,1,-1,-3,-1,2,2,5,2,2,-2,-2,-5,-2,-2
0,1,18825,18828,56475,56476,56477,56480,56481,56482,112951,112952,112953,112954,112955,112958,112959,112960,112961,112962,1,-1,2,-2,1,3,1,-1,-3,-1,2,2,5,2,2,-2,-2,-5,-2,-2
0,1,18827,18830,56481,56482,56483,56486,56487,56488,112963,112964,112965,112966,112967,112970,112971,112972,112973,112974,1,-1,2,-2,1,3,1,-1,-3,-1,2,2,5,2,2,-2,-2,-5,-2,-2
0,1,18829,18832,56487,56488,56489,56492,56493,56494,112975,112976,112977,112978,112979,112982,112983,112984,112985,112986,1,-1,2,-2,1,3,1,-1,-3,-1,2,2,5,2,2,-2,-2,-5,-2,-2
0,1,18831,18834,56493,56494,56495,56498,56499,56500,112987,112988,112989,112990,112991,112994,112995,112996,112997,112998,1,-1,2,-2,1,3,1,-1,-3,-1,2,2,5,2,2,-2,-2,-5,-2,-2
0,1,18833,18836,56499,56500,56501,56504,56505,56506,112999,113000,113001,113002,113003,113006,113007,113008,113009,113010,1,-1,2,-2,1,3,1,-1,-3,-1,2,2,5,2,2,-2,-2,-5,-2,-2
0,1,18835,18838,56505,56506,56507,56510,56511,56512,113011,113012,113013,113014,113015,113018,113019,113020,113021,113022,1,-1,2,-2,1,3,1,-1,-3,-1,2,2,5,2,2,-2,-2,-5,-2,-2
0,1,18837,18840,56511,56512,56513,56516,56517,56518,113023,113024,113025,113026,113027,113030,113031,113032,113033,113034,1,-1,2,-2,1,3,1,-1,-3,-1,2,2,5,2,2,-2,-2,-5,-2,-2
0,1,18839,18842,56517,56518,56519,56522,56523,56524,113035,113036,113037,113038,113039,113042,113043,113044,113045,113046,1,-1,2,-2,1,3,1,-1,-3,-1,2,2,5,2,2,-2,-2,-5,-2,-2
0,1,18841,18844,56523,56524,56525,56528,56529,56530,113047,113048,113049,113050,113051,113054,113055,113056,113057,113058,1,-1,2,-2,1,3,1,-1,-3,-1,2,2,5,2,2,-2,-2,-5,-2,-2
0,1,18843,18846,56529,56530,56531,56534,56535,56536,113059,113060,113061,113062,113063,113066,113067,113068,113069,113070,1,-1,2,-2,1,3,1,-1,-3,-1,2,2,5,2,2,-2,-2,-5,-2,-2
0,1,18845,18848,56535,56536,56537,56540,56541,56542,113071,113072,113073,113074,113075,113078,113079,113080,113081,113082,1,-1,2,-2,1,3,1,-1,-3,-1,2,2,5,2,2,-2,-2,-5,-2,-2
0,1,18847,18850,56541,56542,56543,56546,56547,56548,113083,113084,113085,113086,113087,113090,113091,113092,113093,113094,1,-1,2,-2,1,3,1,-1,-3,-1,2,2,5,2,2,-2,-2,-5,-2,-2
0,1,18849,18852,56547,56548,56549,56552,56553,56554,113095,113096,113097,113098,113099,113102,113103,113104,113105,113106,1,-1,2,-2,1,3,1,-1,-3,-1,2,2,5,2,2,-2,-2,-5,-2,-2
0,1,18851,18854,56553,56554,56555,56558,56559,56560,113107,113108,113109,113110,113111,113114,113115,113116,113117,113118,1,-1,2,-2,1,3,1,-1,-3,-1,2,2,5,2,2,-2,-2,-5,-2,-2
0,1,18853,18856,56559,56560,56561,56564,56565,56566,113119,113120,113121,113122,113123,113126,113127,113128,113129,113130,1,-1,2,-2,1,3,1,-1,-3,-1,2,2,5,2,2,-2,-2,-5,-2,-2
0,1,18855,18858,56565,56566,56567,56570,56571,56572,113131,113132,113133,113134,113135,113138,113139,113140,113141,113142,1,-1,2,-2,1,3,1,-1,-3,-1,2,2,5,2,2,-2,-2,-5,-2,-2
0,1,18857,18860,56571,56572,56573,56576,56577,56578,113143,113144,113145,113146,113147,113150,113151,113152,113153,113154,1,-1,2,-2,1,3,1,-1,-3,-1,2,2,5,2,2,-2,-2,-5,-2,-2
0,1,18859,18862,56577,56578,56579,56582,56583,56584,113155,113156,113157,113158,113159,113162,113163,113164,113165,113166,1,-1,2,-2,1,3,1,-1,-3,-1,2,2,5,2,2,-2,-2,-5,-2,-2
0,1,18861,18864,56583,56584,56585,56588,56589,56590,113167,113168,113169,113170,113171,113174,113175,113176,113177,113178,1,-1,2,-2,1,3,1,-1,-3,-1,2,2,5,2,2,-2,-2,-5,-2,-2
0,1,18863,18866,56589,56590,56591,56594,56595,56596,113179,113180,113181,113182,113183,113186,113187,113188,113189,113190,1,-1,2,-2,1,3,1,-1,-3,-1,2,2,5,2,2,-2,-2,-5,-2,-2
0,1,18865,18868,56595,56596,56597,56600,56601,56602,113191,113192,113193,113194,113195,113198,113199,113200,113201,113202,1,-1,2,-2,1,3,1,-1,-3,-1,2,2,5,2,2,-2,-2,-5,-2,-2
0,1,18867,18870,56601,56602,56603,56606,56607,56608,113203,113204,113205,113206,113207,113210,113211,113212,113213,113214,1,-1,2,-2,1,3,1,-1,-3,-1,2,2,5,2,2,-2,-2,-5,-2,-2
0,1,18869,18872,56607,56608,56609,56612,56613,56614,113215,113216,113217,113218,113219,113222,113223,113224,113225,113226,1,-1,2,-2,1,3,1,-1,-3,-1,2,2,5,2,2,-2,-2,-5,-2,-2
0,1,18871,18874,56613,56614,56615,56618,56619,56620,113227,113228,113229,113230,113231,113234,113235,113236,113237,113238,1,-1,2,-2,1,3,1,-1,-3,-1,2,2,5,2,2,-2,-2,-5,-2,-2
0,1,18873,18876,56619,56620,56621,56624,56625,56626,113239,113240,113241,113242,113243,113246,113247,113248,113249,113250,1,-1,2,-2,1,3,1,-1,-3,-1,2,2,5,2,2,-2,-2,-5,-2,-2
0,1,18875,18878,56625,56626,56627,56630,56631,56632,113251,113252,113253,113254,113255,113258,113259,113260,113261,113262,1,-1,2,-2,1,3,1,-1,-3,-1,2,2,5,2,2,-2,-2,-5,-2,-2
0,1,18877,18880,56631,56632,56633,56636,56637,56638,113263,113264,113265,113266,113267,113270,113271,113272,113273,113274,1,-1,2,-2,1,3,1,-1,-3,-1,2,2,5,2,2,-2,-2,-5,-2,-2
0,1,18879,18882,56637,56638,56639,56642,56643,56644,113275,113276,113277,113278,113279,113282,113283,113284,113285,113286,1,-1,2,-2,1,3,1,-1,-3,-1,2,2,5,2,2,-2,-2,-5,-2,-2
0,1,18881,18884,56643,56644,56645,56648,56649,56650,113287,113288,113289,113290,113291,113294,113295,113296,113297,113298,1,-1,2,-2,1,3,1,-1,-3,-1,2,2,5,2,2,-2,-2,-5,-2,-2
0,1,18883,18886,56649,56650,56651,56654,56655,56656,113299,113300,113301,113302,113303,113306,113307,113308,113309,113310,1,-1,2,-2,1,3,1,-1,-3,-1,2,2,5,2,2,-2,-2,-5,-2,-2
0,1,18885,18888,56655,56656,56657,56660,56661,56662,113311,113312,113313,113314,113315,113318,113319,113320,113321,113322,1,-1,2,-2,1,3,1,-1,-3,-1,2,2,5,2,2,-2,-2,-5,-2,-2
0,1,18887,18890,56661,56662,56663,56666,56667,56668,113323,113324,113325,113326,113327,113330,113331,113332,113333,113334,1,-1,2,-2,1,3,1,-1,-3,-1,2,2,5,2,2,-2,-2,-5,-2,-2
0,1,18889,18892,56667,56668,56669,56672,56673,56674,113335,113336,113337,113338,113339,113342,113343,113344,113345,113346,1,-1,2,-2,1,3,1,-1,-3,-1,2,2,5,2,2,-2,-2,-5,-2,-2
0,1,18891,18894,56673,56674,56675,56678,56679,56680,113347,113348,113349,113350,113351,113354,113355,113356,113357,113358,1,-1,2,-2,1,3,1,-1,-3,-1,2,2,5,2,2,-2,-2,-5,-2,-2
0,1,18893,18896,56679,56680,56681,56684,56685,56686,113359,113360,113361,113362,113363,113366,113367,113368,113369,113370,1,-1,2,-2,1,3,1,-1,-3,-1,2,2,5,2,2,-2,-2,-5,-2,-2
0,1,18895,18898,56685,56686,56687,56690,56691,56692,113371,113372,113373,113374,113375,113378,113379,113380,113381,113382,1,-1,2,-2,1,3,1,-1,-3,-1,2,2,5,2,2,-2,-2,-5,-2,-2
0,1,18897,18900,56691,56692,56693,56696,56697,56698,113383,113384,113385,113386,113387,113390,113391,113392,113393,113394,1,-1,2,-2,1,3,1,-1,-3,-1,2,2,5,2,2,-2,-2,-5,-2,-2
0,1,18899,18902,56697,56698,56699,56702,56703,56704,113395,113396,113397,113398,113399,113402,113403,113404,113405,113406,1,-1,2,-2,1,3,1,-1,-3,-1,2,2,5,2,2,-2,-2,-5,-2,-2
0,1,18901,18904,56703,56704,56705,56708,56709,56710,113407,113408,113409,113410,113411,113414,113415,113416,113417,113418,1,-1,2,-2,1,3,1,-1,-3,-1,2,2,5,2,2,-2,-2,-5,-2,-2
0,1,18903,18906,56709,56710,56711,56714,56715,56716,113419,113420,113421,113422,113423,113426,113427,113428,113429,113430,1,-1,2,-2,1,3,1,-1,-3,-1,2,2,5,2,2,-2,-2,-5,-2,-2
0,1,18905,18908,56715,56716,56717,56720,56721,56722,113431,113432,113433,113434,113435,113438,113439,113440,113441,113442,1,-1,2,-2,1,3,1,-1,-3,-1,2,2,5,2,2,-2,-2,-5,-2,-2
0,1,18907,18910,56721,56722,56723,56726,56727,56728,113443,113444,113445,113446,113447,113450,113451,113452,113453,113454,1,-1,2,-2,1,3,1,-1,-3,-1,2,2,5,2,2,-2,-2,-5,-2,-2
0,1,18909,18912,56727,56728,56729,56732,56733,56734,113455,113456,113457,113458,113459,113462,113463,113464,113465,113466,1,-1,2,-2,1,3,1,-1,-3,-1,2,2,5,2,2,-2,-2,-5,-2,-2
0,1,18911,18914,56733,56734,56735,56738,56739,56740,113467,113468,113469,113470,113471,113474,113475,113476,113477,113478,1,-1,2,-2,1,3,1,-1,-3,-1,2,2,5,2,2,-2,-2,-5,-2,-2
0,1,18913,18916,56739,56740,56741,56744,56745,56746,113479,113480,113481,113482,113483,113486,113487,113488,113489,113490,1,-1,2,-2,1,3,1,-1,-3,-1,2,2,5,2,2,-2,-2,-5,-2,-2
0,1,18915,18918,56745,56746,56747,56750,56751,56752,113491,113492,113493,113494,113495,113498,113499,113500,113501,113502,1,-1,2,-2,1,3,1,-1,-3,-1,2,2,5,2,2,-2,-2,-5,-2,-2
0,1,18917,18920,56751,56752,56753,56756,56757,56758,113503,113504,113505,113506,113507,113510,113511,113512,113513,113514,1,-1,2,-2,1,3,1,-1,-3,-1,2,2,5,2,2,-2,-2,-5,-2,-2
0,1,18919,18922,56757,56758,56759,56762,56763,56764,113515,113516,113517,113518,113519,113522,113523,113524,113525,113526,1,-1,2,-2,1,3,1,-1,-3,-1,2,2,5,2,2,-2,-2,-5,-2,-2
0,1,18921,18924,56763,56764,56765,56768,56769,56770,113527,113528,113529,113530,113531,113534,113535,113536,113537,113538,1,-1,2,-2,1,3,1,-1,-3,-1,2,2,5,2,2,-2,-2,-5,-2,-2
0,1,18923,18926,56769,56770,56771,56774,56775,56776,113539,113540,113541,113542,113543,113546,113547,113548,113549,113550,1,-1,2,-2,1,3,1,-1,-3,-1,2,2,5,2,2,-2,-2,-5,-2,-2
0,1,18925,18928,56775,56776,56777,56780,56781,56782,113551,113552,113553,113554,113555,113558,113559,113560,113561,113562,1,-1,2,-2,1,3,1,-1,-3,-1,2,2,5,2,2,-2,-2,-5,-2,-2
0,1,18927,18930,56781,56782,56783,56786,56787,56788,113563,113564,113565,113566,113567,113570,113571,113572,113573,113574,1,-1,2,-2,1,3,1,-1,-3,-1,2,2,5,2,2,-2,-2,-5,-2,-2
0,1,18929,18932,56787,56788,56789,56792,56793,56794,113575,113576,113577,113578,113579,113582,113583,113584,113585,113586,1,-1,2,-2,1,3,1,-1,-3,-1,2,2,5,2,2,-2,-2,-5,-2,-2
0,1,18931,18934,56793,56794,56795,56798,56799,56800,113587,113588,113589,113590,113591,113594,113595,113596,113597,113598,1,-1,2,-2,1,3,1,-1,-3,-1,2,2,5,2,2,-2,-2,-5,-2,-2
0,1,18933,18936,56799,56800,56801,56804,56805,56806,113599,113600,113601,113602,113603,113606,113607,113608,113609,113610,1,-1,2,-2,1,3,1,-1,-3,-1,2,2,5,2,2,-2,-2,-5,-2,-2
0,1,18935,18938,56805,56806,56807,56810,56811,56812,113611,113612,113613,113614,113615,113618,113619,113620,113621,113622,1,-1,2,-2,1,3,1,-1,-3,-1,2,2,5,2,2,-2,-2,-5,-2,-2
0,1,18937,18940,56811,56812,56813,56816,56817,56818,113623,113624,113625,113626,113627,113630,113631,113632,113633,113634,1,-1,2,-2,1,3,1,-1,-3,-1,2,2,5,2,2,-2,-2,-5,-2,-2
0,1,18939,18942,56817,56818,56819,56822,56823,56824,113635,113636,113637,113638,113639,113642,113643,113644,113645,113646,1,-1,2,-2,1,3,1,-1,-3,-1,2,2,5,2,2,-2,-2,-5,-2,-2
0,1,18941,18944,56823,56824,56825,56828,56829,56830,113647,113648,113649,113650,113651,113654,113655,113656,113657,113658,1,-1,2,-2,1,3,1,-1,-3,-1,2,2,5,2,2,-2,-2,-5,-2,-2
0,1,18943,18946,56829,56830,56831,56834,56835,56836,113659,113660,113661,113662,113663,113666,113667,113668,113669,113670,1,-1,2,-2,1,3,1,-1,-3,-1,2,2,5,2,2,-2,-2,-5,-2,-2
0,1,18945,18948,56835,56836,56837,56840,56841,56842,113671,113672,113673,113674,113675,113678,113679,113680,113681,113682,1,-1,2,-2,1,3,1,-1,-3,-1,2,2,5,2,2,-2,-2,-5,-2,-2
0,1,18947,18950,56841,56842,56843,56846,56847,56848,113683,113684,113685,113686,113687,113690,113691,113692,113693,113694,1,-1,2,-2,1,3,1,-1,-3,-1,2,2,5,2,2,-2,-2,-5,-2,-2
0,1,18949,18952,56847,56848,56849,56852,56853,56854,113695,113696,113697,113698,113699,113702,113703,113704,113705,113706,1,-1,2,-2,1,3,1,-1,-3,-1,2,2,5,2,2,-2,-2,-5,-2,-2
0,1,18951,18954,56853,56854,56855,56858,56859,56860,113707,113708,113709,113710,113711,113714,113715,113716,113717,113718,1,-1,2,-2,1,3,1,-1,-3,-1,2,2,5,2,2,-2,-2,-5,-2,-2
0,1,18953,18956,56859,56860,56861,56864,56865,56866,113719,113720,113721,113722,113723,113726,113727,113728,113729,113730,1,-1,2,-2,1,3,1,-1,-3,-1,2,2,5,2,2,-2,-2,-5,-2,-2
0,1,18955,18958,56865,56866,56867,56870,56871,56872,113731,113732,113733,113734,113735,113738,113739,113740,113741,113742,1,-1,2,-2,1,3,1,-1,-3,-1,2,2,5,2,2,-2,-2,-5,-2,-2
0,1,18957,18960,56871,56872,56873,56876,56877,56878,113743,113744,113745,113746,113747,113750,113751,113752,113753,113754,1,-1,2,-2,1,3,1,-1,-3,-1,2,2,5,2,2,-2,-2,-5,-2,-2
0,1,18959,18962,56877,56878,56879,56882,56883,56884,113755,113756,113757,113758,113759,113762,113763,113764,113765,113766,1,-1,2,-2,1,3,1,-1,-3,-1,2,2,5,2,2,-2,-2,-5,-2,-2
0,1,18961,18964,56883,56884,56885,56888,56889,56890,113767,113768,113769,113770,113771,113774,113775,113776,113777,113778,1,-1,2,-2,1,3,1,-1,-3,-1,2,2,5,2,2,-2,-2,-5,-2,-2
0,1,18963,18966,56889,56890,56891,56894,56895,56896,113779,113780,113781,113782,113783,113786,113787,113788,113789,113790,1,-1,2,-2,1,3,1,-1,-3,-1,2,2,5,2,2,-2,-2,-5,-2,-2
0,1,18965,18968,56895,56896,56897,56900,56901,56902,113791,113792,113793,113794,113795,113798,113799,113800,113801,113802,1,-1,2,-2,1,3,1,-1,-3,-1,2,2,5,2,2,-2,-2,-5,-2,-2
0,1,18967,18970,56901,56902,56903,56906,56907,56908,113803,113804,113805,113806,113807,113810,113811,113812,113813,113814,1,-1,2,-2,1,3,1,-1,-3,-1,2,2,5,2,2,-2,-2,-5,-2,-2
0,1,18969,18972,56907,56908,56909,56912,56913,56914,113815,113816,113817,113818,113819,113822,113823,113824,113825,113826,1,-1,2,-2,1,3,1,-1,-3,-1,2,2,5,2,2,-2,-2,-5,-2,-2
0,1,18971,18974,56913,56914,56915,56918,56919,56920,113827,113828,113829,113830,113831,113834,113835,113836,113837,113838,1,-1,2,-2,1,3,1,-1,-3,-1,2,2,5,2,2,-2,-2,-5,-2,-2
0,1,18973,18976,56919,56920,56921,56924,56925,56926,113839,113840,113841,113842,113843,113846,113847,113848,113849,113850,1,-1,2,-2,1,3,1,-1,-3,-1,2,2,5,2,2,-2,-2,-5,-2,-2
0,1,18975,18978,56925,56926,56927,56930,56931,56932,113851,113852,113853,113854,113855,113858,113859,113860,113861,113862,1,-1,2,-2,1,3,1,-1,-3,-1,2,2,5,2,2,-2,-2,-5,-2,-2
0,1,18977,18980,56931,56932,56933,56936,56937,56938,113863,113864,113865,113866,113867,113870,113871,113872,113873,113874,1,-1,2,-2,1,3,1,-1,-3,-1,2,2,5,2,2,-2,-2,-5,-2,-2
0,1,18979,18982,56937,56938,56939,56942,56943,56944,113875,113876,113877,113878,113879,113882,113883,113884,113885,113886,1,-1,2,-2,1,3,1,-1,-3,-1,2,2,5,2,2,-2,-2,-5,-2,-2
0,1,18981,18984,56943,56944,56945,56948,56949,56950,113887,113888,113889,113890,113891,113894,113895,113896,113897,113898,1,-1,2,-2,1,3,1,-1,-3,-1,2,2,5,2,2,-2,-2,-5,-2,-2
0,1,18983,18986,56949,56950,56951,56954,56955,56956,113899,113900,113901,113902,113903,113906,113907,113908,113909,113910,1,-1,2,-2,1,3,1,-1,-3,-1,2,2,5,2,2,-2,-2,-5,-2,-2
0,1,18985,18988,56955,56956,56957,56960,56961,56962,113911,113912,113913,113914,113915,113918,113919,113920,113921,113922,1,-1,2,-2,1,3,1,-1,-3,-1,2,2,5,2,2,-2,-2,-5,-2,-2
0,1,18987,18990,56961,56962,56963,56966,56967,56968,113923,113924,113925,113926,113927,113930,113931,113932,113933,113934,1,-1,2,-2,1,3,1,-1,-3,-1,2,2,5,2,2,-2,-2,-5,-2,-2
0,1,18989,18992,56967,56968,56969,56972,56973,56974,113935,113936,113937,113938,113939,113942,113943,113944,113945,113946,1,-1,2,-2,1,3,1,-1,-3,-1,2,2,5,2,2,-2,-2,-5,-2,-2
0,1,18991,18994,56973,56974,56975,56978,56979,56980,113947,113948,113949,113950,113951,113954,113955,113956,113957,113958,1,-1,2,-2,1,3,1,-1,-3,-1,2,2,5,2,2,-2,-2,-5,-2,-2
0,1,18993,18996,56979,56980,56981,56984,56985,56986,113959,113960,113961,113962,113963,113966,113967,113968,113969,113970,1,-1,2,-2,1,3,1,-1,-3,-1,2,2,5,2,2,-2,-2,-5,-2,-2
0,1,18995,18998,56985,56986,56987,56990,56991,56992,113971,113972,113973,113974,113975,113978,113979,113980,113981,113982,1,-1,2,-2,1,3,1,-1,-3,-1,2,2,5,2,2,-2,-2,-5,-2,-2
0,1,18997,19000,56991,56992,56993,56996,56997,56998,113983,113984,113985,113986,113987,113990,113991,113992,113993,113994,1,-1,2,-2,1,3,1,-1,-3,-1,2,2,5,2,2,-2,-2,-5,-2,-2
0,1,18999,19002,56997,56998,56999,57002,57003,57004,113995,113996,113997,113998,113999,114002,114003,114004,114005,114006,1,-1,2,-2,1,3,1,-1,-3,-1,2,2,5,2,2,-2,-2,-5,-2,-2
0,1,19001,19004,57003,57004,57005,57008,57009,57010,114007,114008,114009,114010,114011,114014,114015,114016,114017,114018,1,-1,2,-2,1,3,1,-1,-3,-1,2,2,5,2,2,-2,-2,-5,-2,-2
0,1,19003,19006,57009,57010,57011,57014,57015,57016,114019,114020,114021,114022,114023,114026,114027,114028,114029,114030,1,-1,2,-2,1,3,1,-1,-3,-1,2,2,5,2,2,-2,-2,-5,-2,-2
0,1,19005,19008,57015,57016,57017,57020,57021,57022,114031,114032,114033,114034,114035,114038,114039,114040,114041,114042,1,-1,2,-2,1,3,1,-1,-3,-1,2,2,5,2,2,-2,-2,-5,-2,-2
0,1,19007,19010,57021,57022,57023,57026,57027,57028,114043,114044,114045,114046,114047,114050,114051,114052,114053,114054,1,-1,2,-2,1,3,1,-1,-3,-1,2,2,5,2,2,-2,-2,-5,-2,-2
0,1,19009,19012,57027,57028,57029,57032,57033,57034,114055,114056,114057,114058,114059,114062,114063,114064,114065,114066,1,-1,2,-2,1,3,1,-1,-3,-1,2,2,5,2,2,-2,-2,-5,-2,-2
0,1,19011,19014,57033,57034,57035,57038,57039,57040,114067,114068,114069,114070,114071,114074,114075,114076,114077,114078,1,-1,2,-2,1,3,1,-1,-3,-1,2,2,5,2,2,-2,-2,-5,-2,-2
0,1,19013,19016,57039,57040,57041,57044,57045,57046,114079,114080,114081,114082,114083,114086,114087,114088,114089,114090,1,-1,2,-2,1,3,1,-1,-3,-1,2,2,5,2,2,-2,-2,-5,-2,-2
0,1,19015,19018,57045,57046,57047,57050,57051,57052,114091,114092,114093,114094,114095,114098,114099,114100,114101,114102,1,-1,2,-2,1,3,1,-1,-3,-1,2,2,5,2,2,-2,-2,-5,-2,-2
0,1,19017,19020,57051,57052,57053,57056,57057,57058,114103,114104,114105,114106,114107,114110,114111,114112,114113,114114,1,-1,2,-2,1,3,1,-1,-3,-1,2,2,5,2,2,-2,-2,-5,-2,-2
0,1,19019,19022,57057,57058,57059,57062,57063,57064,114115,114116,114117,114118,114119,114122,114123,114124,114125,114126,1,-1,2,-2,1,3,1,-1,-3,-1,2,2,5,2,2,-2,-2,-5,-2,-2
0,1,19021,19024,57063,57064,57065,57068,57069,57070,114127,114128,114129,114130,114131,114134,114135,114136,114137,114138,1,-1,2,-2,1,3,1,-1,-3,-1,2,2,5,2,2,-2,-2,-5,-2,-2
0,1,19023,19026,57069,57070,57071,57074,57075,57076,114139,114140,114141,114142,114143,114146,114147,114148,114149,114150,1,-1,2,-2,1,3,1,-1,-3,-1,2,2,5,2,2,-2,-2,-5,-2,-2
0,1,19025,19028,57075,57076,57077,57080,57081,57082,114151,114152,114153,114154,114155,114158,114159,114160,114161,114162,1,-1,2,-2,1,3,1,-1,-3,-1,2,2,5,2,2,-2,-2,-5,-2,-2
0,1,19027,19030,57081,57082,57083,57086,57087,57088,114163,114164,114165,114166,114167,114170,114171,114172,114173,114174,1,-1,2,-2,1,3,1,-1,-3,-1,2,2,5,2,2,-2,-2,-5,-2,-2
0,1,19029,19032,57087,57088,57089,57092,57093,57094,114175,114176,114177,114178,114179,114182,114183,114184,114185,114186,1,-1,2,-2,1,3,1,-1,-3,-1,2,2,5,2,2,-2,-2,-5,-2,-2
0,1,19031,19034,57093,57094,57095,57098,57099,57100,114187,114188,114189,114190,114191,114194,114195,114196,114197,114198,1,-1,2,-2,1,3,1,-1,-3,-1,2,2,5,2,2,-2,-2,-5,-2,-2
0,1,19033,19036,57099,57100,57101,57104,57105,57106,114199,114200,114201,114202,114203,114206,114207,114208,114209,114210,1,-1,2,-2,1,3,1,-1,-3,-1,2,2,5,2,2,-2,-2,-5,-2,-2
0,1,19035,19038,57105,57106,57107,57110,57111,57112,114211,114212,114213,114214,114215,114218,114219,114220,114221,114222,1,-1,2,-2,1,3,1,-1,-3,-1,2,2,5,2,2,-2,-2,-5,-2,-2
0,1,19037,19040,57111,57112,57113,57116,57117,57118,114223,114224,114225,114226,114227,114230,114231,114232,114233,114234,1,-1,2,-2,1,3,1,-1,-3,-1,2,2,5,2,2,-2,-2,-5,-2,-2
0,1,19039,19042,57117,57118,57119,57122,57123,57124,114235,114236,114237,114238,114239,114242,114243,114244,114245,114246,1,-1,2,-2,1,3,1,-1,-3,-1,2,2,5,2,2,-2,-2,-5,-2,-2
0,1,19041,19044,57123,57124,57125,57128,57129,57130,114247,114248,114249,114250,114251,114254,114255,114256,114257,114258,1,-1,2,-2,1,3,1,-1,-3,-1,2,2,5,2,2,-2,-2,-5,-2,-2
0,1,19043,19046,57129,57130,57131,57134,57135,57136,114259,114260,114261,114262,114263,114266,114267,114268,114269,114270,1,-1,2,-2,1,3,1,-1,-3,-1,2,2,5,2,2,-2,-2,-5,-2,-2
0,1,19045,19048,57135,57136,57137,57140,57141,57142,114271,114272,114273,114274,114275,114278,114279,114280,114281,114282,1,-1,2,-2,1,3,1,-1,-3,-1,2,2,5,2,2,-2,-2,-5,-2,-2
0,1,19047,19050,57141,57142,57143,57146,57147,57148,114283,114284,114285,114286,114287,114290,114291,114292,114293,114294,1,-1,2,-2,1,3,1,-1,-3,-1,2,2,5,2,2,-2,-2,-5,-2,-2
0,1,19049,19052,57147,57148,57149,57152,57153,57154,114295,114296,114297,114298,114299,114302,114303,114304,114305,114306,1,-1,2,-2,1,3,1,-1,-3,-1,2,2,5,2,2,-2,-2,-5,-2,-2
0,1,19051,19054,57153,57154,57155,57158,57159,57160,114307,114308,114309,114310,114311,114314,114315,114316,114317,114318,1,-1,2,-2,1,3,1,-1,-3,-1,2,2,5,2,2,-2,-2,-5,-2,-2
0,1,19053,19056,57159,57160,57161,57164,57165,57166,114319,114320,114321,114322,114323,114326,114327,114328,114329,114330,1,-1,2,-2,1,3,1,-1,-3,-1,2,2,5,2,2,-2,-2,-5,-2,-2
0,1,19055,19058,57165,57166,57167,57170,57171,57172,114331,114332,114333,114334,114335,114338,114339,114340,114341,114342,1,-1,2,-2,1,3,1,-1,-3,-1,2,2,5,2,2,-2,-2,-5,-2,-2
0,1,19057,19060,57171,57172,57173,57176,57177,57178,114343,114344,114345,114346,114347,114350,114351,114352,114353,114354,1,-1,2,-2,1,3,1,-1,-3,-1,2,2,5,2,2,-2,-2,-5,-2,-2
0,1,19059,19062,57177,57178,57179,57182,57183,57184,114355,114356,114357,114358,114359,114362,114363,114364,114365,114366,1,-1,2,-2,1,3,1,-1,-3,-1,2,2,5,2,2,-2,-2,-5,-2,-2
0,1,19061,19064,57183,57184,57185,57188,57189,57190,114367,114368,114369,114370,114371,114374,114375,114376,114377,114378,1,-1,2,-2,1,3,1,-1,-3,-1,2,2,5,2,2,-2,-2,-5,-2,-2
0,1,19063,19066,57189,57190,57191,57194,57195,57196,114379,114380,114381,114382,114383,114386,114387,114388,114389,114390,1,-1,2,-2,1,3,1,-1,-3,-1,2,2,5,2,2,-2,-2,-5,-2,-2
0,1,19065,19068,57195,57196,57197,57200,57201,57202,114391,114392,114393,114394,114395,114398,114399,114400,114401,114402,1,-1,2,-2,1,3,1,-1,-3,-1,2,2,5,2,2,-2,-2,-5,-2,-2
0,1,19067,19070,57201,57202,57203,57206,57207,57208,114403,114404,114405,114406,114407,114410,114411,114412,114413,114414,1,-1,2,-2,1,3,1,-1,-3,-1,2,2,5,2,2,-2,-2,-5,-2,-2
0,1,19069,19072,57207,57208,57209,57212,57213,57214,114415,114416,114417,114418,114419,114422,114423,114424,114425,114426,1,-1,2,-2,1,3,1,-1,-3,-1,2,2,5,2,2,-2,-2,-5,-2,-2
0,1,19071,19074,57213,57214,57215,57218,57219,57220,114427,114428,114429,114430,114431,114434,114435,114436,114437,114438,1,-1,2,-2,1,3,1,-1,-3,-1,2,2,5,2,2,-2,-2,-5,-2,-2
0,1,19073,19076,57219,57220,57221,57224,57225,57226,114439,114440,114441,114442,114443,114446,114447,114448,114449,114450,1,-1,2,-2,1,3,1,-1,-3,-1,2,2,5,2,2,-2,-2,-5,-2,-2
0,1,19075,19078,57225,57226,57227,57230,57231,57232,114451,114452,114453,114454,114455,114458,114459,114460,114461,114462,1,-1,2,-2,1,3,1,-1,-3,-1,2,2,5,2,2,-2,-2,-5,-2,-2
0,1,19077,19080,57231,57232,57233,57236,57237,57238,114463,114464,114465,114466,114467,114470,114471,114472,114473,114474,1,-1,2,-2,1,3,1,-1,-3,-1,2,2,5,2,2,-2,-2,-5,-2,-2
0,1,19079,19082,57237,57238,57239,57242,57243,57244,114475,114476,114477,114478,114479,114482,114483,114484,114485,114486,1,-1,2,-2,1,3,1,-1,-3,-1,2,2,5,2,2,-2,-2,-5,-2,-2
0,1,19081,19084,57243,57244,57245,57248,57249,57250,114487,114488,114489,114490,114491,114494,114495,114496,114497,114498,1,-1,2,-2,1,3,1,-1,-3,-1,2,2,5,2,2,-2,-2,-5,-2,-2
0,1,19083,19086,57249,57250,57251,57254,57255,57256,114499,114500,114501,114502,114503,114506,114507,114508,114509,114510,1,-1,2,-2,1,3,1,-1,-3,-1,2,2,5,2,2,-2,-2,-5,-2,-2
0,1,19085,19088,57255,57256,57257,57260,57261,57262,114511,114512,114513,114514,114515,114518,114519,114520,114521,114522,1,-1,2,-2,1,3,1,-1,-3,-1,2,2,5,2,2,-2,-2,-5,-2,-2
0,1,19087,19090,57261,57262,57263,57266,57267,57268,114523,114524,114525,114526,114527,114530,114531,114532,114533,114534,1,-1,2,-2,1,3,1,-1,-3,-1,2,2,5,2,2,-2,-2,-5,-2,-2
0,1,19089,19092,57267,57268,57269,57272,57273,57274,114535,114536,114537,114538,114539,114542,114543,114544,114545,114546,1,-1,2,-2,1,3,1,-1,-3,-1,2,2,5,2,2,-2,-2,-5,-2,-2
0,1,19091,19094,57273,57274,57275,57278,57279,57280,114547,114548,114549,114550,114551,114554,114555,114556,114557,114558,1,-1,2,-2,1,3,1,-1,-3,-1,2,2,5,2,2,-2,-2,-5,-2,-2
0,1,19093,19096,57279,57280,57281,57284,57285,57286,114559,114560,114561,114562,114563,114566,114567,114568,114569,114570,1,-1,2,-2,1,3,1,-1,-3,-1,2,2,5,2,2,-2,-2,-5,-2,-2
0,1,19095,19098,57285,57286,57287,57290,57291,57292,114571,114572,114573,114574,114575,114578,114579,114580,114581,114582,1,-1,2,-2,1,3,1,-1,-3,-1,2,2,5,2,2,-2,-2,-5,-2,-2
0,1,19097,19100,57291,57292,57293,57296,57297,57298,114583,114584,114585,114586,114587,114590,114591,114592,114593,114594,1,-1,2,-2,1,3,1,-1,-3,-1,2,2,5,2,2,-2,-2,-5,-2,-2
0,1,19099,19102,57297,57298,57299,57302,57303,57304,114595,114596,114597,114598,114599,114602,114603,114604,114605,114606,1,-1,2,-2,1,3,1,-1,-3,-1,2,2,5,2,2,-2,-2,-5,-2,-2
0,1,19101,19104,57303,57304,57305,57308,57309,57310,114607,114608,114609,114610,114611,114614,114615,114616,114617,114618,1,-1,2,-2,1,3,1,-1,-3,-1,2,2,5,2,2,-2,-2,-5,-2,-2
0,1,19103,19106,57309,57310,57311,57314,57315,57316,114619,114620,114621,114622,114623,114626,114627,114628,114629,114630,1,-1,2,-2,1,3,1,-1,-3,-1,2,2,5,2,2,-2,-2,-5,-2,-2
0,1,19105,19108,57315,57316,57317,57320,57321,57322,114631,114632,114633,114634,114635,114638,114639,114640,114641,114642,1,-1,2,-2,1,3,1,-1,-3,-1,2,2,5,2,2,-2,-2,-5,-2,-2
0,1,19107,19110,57321,57322,57323,57326,57327,57328,114643,114644,114645,114646,114647,114650,114651,114652,114653,114654,1,-1,2,-2,1,3,1,-1,-3,-1,2,2,5,2,2,-2,-2,-5,-2,-2
0,1,19109,19112,57327,57328,57329,57332,57333,57334,114655,114656,114657,114658,114659,114662,114663,114664,114665,114666,1,-1,2,-2,1,3,1,-1,-3,-1,2,2,5,2,2,-2,-2,-5,-2,-2
0,1,19111,19114,57333,57334,57335,57338,57339,57340,114667,114668,114669,114670,114671,114674,114675,114676,114677,114678,1,-1,2,-2,1,3,1,-1,-3,-1,2,2,5,2,2,-2,-2,-5,-2,-2
0,1,19113,19116,57339,57340,57341,57344,57345,57346,114679,114680,114681,114682,114683,114686,114687,114688,114689,114690,1,-1,2,-2,1,3,1,-1,-3,-1,2,2,5,2,2,-2,-2,-5,-2,-2
0,1,19115,19118,57345,57346,57347,57350,57351,57352,114691,114692,114693,114694,114695,114698,114699,114700,114701,114702,1,-1,2,-2,1,3,1,-1,-3,-1,2,2,5,2,2,-2,-2,-5,-2,-2
0,1,19117,19120,57351,57352,57353,57356,57357,57358,114703,114704,114705,114706,114707,114710,114711,114712,114713,114714,1,-1,2,-2,1,3,1,-1,-3,-1,2,2,5,2,2,-2,-2,-5,-2,-2
0,1,19119,19122,57357,57358,57359,57362,57363,57364,114715,114716,114717,114718,114719,114722,114723,114724,114725,114726,1,-1,2,-2,1,3,1,-1,-3,-1,2,2,5,2,2,-2,-2,-5,-2,-2
0,1,19121,19124,57363,57364,57365,57368,57369,57370,114727,114728,114729,114730,114731,114734,114735,114736,114737,114738,1,-1,2,-2,1,3,1,-1,-3,-1,2,2,5,2,2,-2,-2,-5,-2,-2
0,1,19123,19126,57369,57370,57371,57374,57375,57376,114739,114740,114741,114742,114743,114746,114747,114748,114749,114750,1,-1,2,-2,1,3,1,-1,-3,-1,2,2,5,2,2,-2,-2,-5,-2,-2
0,1,19125,19128,57375,57376,57377,57380,57381,57382,114751,114752,114753,114754,114755,114758,114759,114760,114761,114762,1,-1,2,-2,1,3,1,-1,-3,-1,2,2,5,2,2,-2,-2,-5,-2,-2
0,1,19127,19130,57381,57382,57383,57386,57387,57388,114763,114764,114765,114766,114767,114770,114771,114772,114773,114774,1,-1,2,-2,1,3,1,-1,-3,-1,2,2,5,2,2,-2,-2,-5,-2,-2
0,1,19129,19132,57387,57388,57389,57392,57393,57394,114775,114776,114777,114778,114779,114782,114783,114784,114785,114786,1,-1,2,-2,1,3,1,-1,-3,-1,2,2,5,2,2,-2,-2,-5,-2,-2
0,1,19131,19134,57393,57394,57395,57398,57399,57400,114787,114788,114789,114790,114791,114794,114795,114796,114797,114798,1,-1,2,-2,1,3,1,-1,-3,-1,2,2,5,2,2,-2,-2,-5,-2,-2
0,1,19133,19136,57399,57400,57401,57404,57405,57406,114799,114800,114801,114802,114803,114806,114807,114808,114809,114810,1,-1,2,-2,1,3,1,-1,-3,-1,2,2,5,2,2,-2,-2,-5,-2,-2
0,1,19135,19138,57405,57406,57407,57410,57411,57412,114811,114812,114813,114814,114815,114818,114819,114820,114821,114822,1,-1,2,-2,1,3,1,-1,-3,-1,2,2,5,2,2,-2,-2,-5,-2,-2
0,1,19137,19140,57411,57412,57413,57416,57417,57418,114823,114824,114825,114826,114827,114830,114831,114832,114833,114834,1,-1,2,-2,1,3,1,-1,-3,-1,2,2,5,2,2,-2,-2,-5,-2,-2
0,1,19139,19142,57417,57418,57419,57422,57423,57424,114835,114836,114837,114838,114839,114842,114843,114844,114845,114846,1,-1,2,-2,1,3,1,-1,-3,-1,2,2,5,2,2,-2,-2,-5,-2,-2
0,1,19141,19144,57423,57424,57425,57428,57429,57430,114847,114848,114849,114850,114851,114854,114855,114856,114857,114858,1,-1,2,-2,1,3,1,-1,-3,-1,2,2,5,2,2,-2,-2,-5,-2,-2
0,1,19143,19146,57429,57430,57431,57434,57435,57436,114859,114860,114861,114862,114863,114866,114867,114868,114869,114870,1,-1,2,-2,1,3,1,-1,-3,-1,2,2,5,2,2,-2,-2,-5,-2,-2
0,1,19145,19148,57435,57436,57437,57440,57441,57442,114871,114872,114873,114874,114875,114878,114879,114880,114881,114882,1,-1,2,-2,1,3,1,-1,-3,-1,2,2,5,2,2,-2,-2,-5,-2,-2
0,1,19147,19150,57441,57442,57443,57446,57447,57448,114883,114884,114885,114886,114887,114890,114891,114892,114893,114894,1,-1,2,-2,1,3,1,-1,-3,-1,2,2,5,2,2,-2,-2,-5,-2,-2
0,1,19149,19152,57447,57448,57449,57452,57453,57454,114895,114896,114897,114898,114899,114902,114903,114904,114905,114906,1,-1,2,-2,1,3,1,-1,-3,-1,2,2,5,2,2,-2,-2,-5,-2,-2
0,1,19151,19154,57453,57454,57455,57458,57459,57460,114907,114908,114909,114910,114911,114914,114915,114916,114917,114918,1,-1,2,-2,1,3,1,-1,-3,-1,2,2,5,2,2,-2,-2,-5,-2,-2
0,1,19153,19156,57459,57460,57461,57464,57465,57466,114919,114920,114921,114922,114923,114926,114927,114928,114929,114930,1,-1,2,-2,1,3,1,-1,-3,-1,2,2,5,2,2,-2,-2,-5,-2,-2
0,1,19155,19158,57465,57466,57467,57470,57471,57472,114931,114932,114933,114934,114935,114938,114939,114940,114941,114942,1,-1,2,-2,1,3,1,-1,-3,-1,2,2,5,2,2,-2,-2,-5,-2,-2
0,1,19157,19160,57471,57472,57473,57476,57477,57478,114943,114944,114945,114946,114947,114950,114951,114952,114953,114954,1,-1,2,-2,1,3,1,-1,-3,-1,2,2,5,2,2,-2,-2,-5,-2,-2
0,1,19159,19162,57477,57478,57479,57482,57483,57484,114955,114956,114957,114958,114959,114962,114963,114964,114965,114966,1,-1,2,-2,1,3,1,-1,-3,-1,2,2,5,2,2,-2,-2,-5,-2,-2
0,1,19161,19164,57483,57484,57485,57488,57489,57490,114967,114968,114969,114970,114971,114974,114975,114976,114977,114978,1,-1,2,-2,1,3,1,-1,-3,-1,2,2,5,2,2,-2,-2,-5,-2,-2
0,1,19163,19166,57489,57490,57491,57494,57495,57496,114979,114980,114981,114982,114983,114986,114987,114988,114989,114990,1,-1,2,-2,1,3,1,-1,-3,-1,2,2,5,2,2,-2,-2,-5,-2,-2
0,1,19165,19168,57495,57496,57497,57500,57501,57502,114991,114992,114993,114994,114995,114998,114999,115000,115001,115002,1,-1,2,-2,1,3,1,-1,-3,-1,2,2,5,2,2,-2,-2,-5,-2,-2
0,1,19167,19170,57501,57502,57503,57506,57507,57508,115003,115004,115005,115006,115007,115010,115011,115012,115013,115014,1,-1,2,-2,1,3,1,-1,-3,-1,2,2,5,2,2,-2,-2,-5,-2,-2
0,1,19169,19172,57507,57508,57509,57512,57513,57514,115015,115016,115017,115018,115019,115022,115023,115024,115025,115026,1,-1,2,-2,1,3,1,-1,-3,-1,2,2,5,2,2,-2,-2,-5,-2,-2
0,1,19171,19174,57513,57514,57515,57518,57519,57520,115027,115028,115029,115030,115031,115034,115035,115036,115037,115038,1,-1,2,-2,1,3,1,-1,-3,-1,2,2,5,2,2,-2,-2,-5,-2,-2
0,1,19173,19176,57519,57520,57521,57524,57525,57526,115039,115040,115041,115042,115043,115046,115047,115048,115049,115050,1,-1,2,-2,1,3,1,-1,-3,-1,2,2,5,2,2,-2,-2,-5,-2,-2
0,1,19175,19178,57525,57526,57527,57530,57531,57532,115051,115052,115053,115054,115055,115058,115059,115060,115061,115062,1,-1,2,-2,1,3,1,-1,-3,-1,2,2,5,2,2,-2,-2,-5,-2,-2
0,1,19177,19180,57531,57532,57533,57536,57537,57538,115063,115064,115065,115066,115067,115070,115071,115072,115073,115074,1,-1,2,-2,1,3,1,-1,-3,-1,2,2,5,2,2,-2,-2,-5,-2,-2
0,1,19179,19182,57537,57538,57539,57542,57543,57544,115075,115076,115077,115078,115079,115082,115083,115084,115085,115086,1,-1,2,-2,1,3,1,-1,-3,-1,2,2,5,2,2,-2,-2,-5,-2,-2
0,1,19181,19184,57543,57544,57545,57548,57549,57550,115087,115088,115089,115090,115091,115094,115095,115096,115097,115098,1,-1,2,-2,1,3,1,-1,-3,-1,2,2,5,2,2,-2,-2,-5,-2,-2
0,1,19183,19186,57549,57550,57551,57554,57555,57556,115099,115100,115101,115102,115103,115106,115107,115108,115109,115110,1,-1,2,-2,1,3,1,-1,-3,-1,2,2,5,2,2,-2,-2,-5,-2,-2
0,1,19185,19188,57555,57556,57557,57560,57561,57562,115111,115112,115113,115114,115115,115118,115119,115120,115121,115122,1,-1,2,-2,1,3,1,-1,-3,-1,2,2,5,2,2,-2,-2,-5,-2,-2
0,1,19187,19190,57561,57562,57563,57566,57567,57568,115123,115124,115125,115126,115127,115130,115131,115132,115133,115134,1,-1,2,-2,1,3,1,-1,-3,-1,2,2,5,2,2,-2,-2,-5,-2,-2
0,1,19189,19192,57567,57568,57569,57572,57573,57574,115135,115136,115137,115138,115139,115142,115143,115144,115145,115146,1,-1,2,-2,1,3,1,-1,-3,-1,2,2,5,2,2,-2,-2,-5,-2,-2
0,1,19191,19194,57573,57574,57575,57578,57579,57580,115147,115148,115149,115150,115151,115154,115155,115156,115157,115158,1,-1,2,-2,1,3,1,-1,-3,-1,2,2,5,2,2,-2,-2,-5,-2,-2
0,1,19193,19196,57579,57580,57581,57584,57585,57586,115159,115160,115161,115162,115163,115166,115167,115168,115169,115170,1,-1,2,-2,1,3,1,-1,-3,-1,2,2,5,2,2,-2,-2,-5,-2,-2
0,1,19195,19198,57585,57586,57587,57590,57591,57592,115171,115172,115173,115174,115175,115178,115179,115180,115181,115182,1,-1,2,-2,1,3,1,-1,-3,-1,2,2,5,2,2,-2,-2,-5,-2,-2
0,1,19197,19200,57591,57592,57593,57596,57597,57598,115183,115184,115185,115186,115187,115190,115191,115192,115193,115194,1,-1,2,-2,1,3,1,-1,-3,-1,2,2,5,2,2,-2,-2,-5,-2,-2
0,1,19199,19202,57597,57598,57599,57602,57603,57604,115195,115196,115197,115198,115199,115202,115203,115204,115205,115206,1,-1,2,-2,1,3,1,-1,-3,-1,2,2,5,2,2,-2,-2,-5,-2,-2
0,1,19201,19204,57603,57604,57605,57608,57609,57610,115207,115208,115209,115210,115211,115214,115215,115216,115217,115218,1,-1,2,-2,1,3,1,-1,-3,-1,2,2,5,2,2,-2,-2,-5,-2,-2
0,1,19203,19206,57609,57610,57611,57614,57615,57616,115219,115220,115221,115222,115223,115226,115227,115228,115229,115230,1,-1,2,-2,1,3,1,-1,-3,-1,2,2,5,2,2,-2,-2,-5,-2,-2
0,1,19205,19208,57615,57616,57617,57620,57621,57622,115231,115232,115233,115234,115235,115238,115239,115240,115241,115242,1,-1,2,-2,1,3,1,-1,-3,-1,2,2,5,2,2,-2,-2,-5,-2,-2
0,1,19207,19210,57621,57622,57623,57626,57627,57628,115243,115244,115245,115246,115247,115250,115251,115252,115253,115254,1,-1,2,-2,1,3,1,-1,-3,-1,2,2,5,2,2,-2,-2,-5,-2,-2
0,1,19209,19212,57627,57628,57629,57632,57633,57634,115255,115256,115257,115258,115259,115262,115263,115264,115265,115266,1,-1,2,-2,1,3,1,-1,-3,-1,2,2,5,2,2,-2,-2,-5,-2,-2
0,1,19211,19214,57633,57634,57635,57638,57639,57640,115267,115268,115269,115270,115271,115274,115275,115276,115277,115278,1,-1,2,-2,1,3,1,-1,-3,-1,2,2,5,2,2,-2,-2,-5,-2,-2
0,1,19213,19216,57639,57640,57641,57644,57645,57646,115279,115280,115281,115282,115283,115286,115287,115288,115289,115290,1,-1,2,-2,1,3,1,-1,-3,-1,2,2,5,2,2,-2,-2,-5,-2,-2
0,1,19215,19218,57645,57646,57647,57650,57651,57652,115291,115292,115293,115294,115295,115298,115299,115300,115301,115302,1,-1,2,-2,1,3,1,-1,-3,-1,2,2,5,2,2,-2,-2,-5,-2,-2
0,1,19217,19220,57651,57652,57653,57656,57657,57658,115303,115304,115305,115306,115307,115310,115311,115312,115313,115314,1,-1,2,-2,1,3,1,-1,-3,-1,2,2,5,2,2,-2,-2,-5,-2,-2
0,1,19219,19222,57657,57658,57659,57662,57663,57664,115315,115316,115317,115318,115319,115322,115323,115324,115325,115326,1,-1,2,-2,1,3,1,-1,-3,-1,2,2,5,2,2,-2,-2,-5,-2,-2
0,1,19221,19224,57663,57664,57665,57668,57669,57670,115327,115328,115329,115330,115331,115334,115335,115336,115337,115338,1,-1,2,-2,1,3,1,-1,-3,-1,2,2,5,2,2,-2,-2,-5,-2,-2
0,1,19223,19226,57669,57670,57671,57674,57675,57676,115339,115340,115341,115342,115343,115346,115347,115348,115349,115350,1,-1,2,-2,1,3,1,-1,-3,-1,2,2,5,2,2,-2,-2,-5,-2,-2
0,1,19225,19228,57675,57676,57677,57680,57681,57682,115351,115352,115353,115354,115355,115358,115359,115360,115361,115362,1,-1,2,-2,1,3,1,-1,-3,-1,2,2,5,2,2,-2,-2,-5,-2,-2
0,1,19227,19230,57681,57682,57683,57686,57687,57688,115363,115364,115365,115366,115367,115370,115371,115372,115373,115374,1,-1,2,-2,1,3,1,-1,-3,-1,2,2,5,2,2,-2,-2,-5,-2,-2
0,1,19229,19232,57687,57688,57689,57692,57693,57694,115375,115376,115377,115378,115379,115382,115383,115384,115385,115386,1,-1,2,-2,1,3,1,-1,-3,-1,2,2,5,2,2,-2,-2,-5,-2,-2
0,1,19231,19234,57693,57694,57695,57698,57699,57700,115387,115388,115389,115390,115391,115394,115395,115396,115397,115398,1,-1,2,-2,1,3,1,-1,-3,-1,2,2,5,2,2,-2,-2,-5,-2,-2
0,1,19233,19236,57699,57700,57701,57704,57705,57706,115399,115400,115401,115402,115403,115406,115407,115408,115409,115410,1,-1,2,-2,1,3,1,-1,-3,-1,2,2,5,2,2,-2,-2,-5,-2,-2
0,1,19235,19238,57705,57706,57707,57710,57711,57712,115411,115412,115413,115414,115415,115418,115419,115420,115421,115422,1,-1,2,-2,1,3,1,-1,-3,-1,2,2,5,2,2,-2,-2,-5,-2,-2
0,1,19237,19240,57711,57712,57713,57716,57717,57718,115423,115424,115425,115426,115427,115430,115431,115432,115433,115434,1,-1,2,-2,1,3,1,-1,-3,-1,2,2,5,2,2,-2,-2,-5,-2,-2
0,1,19239,19242,57717,57718,57719,57722,57723,57724,115435,115436,115437,115438,115439,115442,115443,115444,115445,115446,1,-1,2,-2,1,3,1,-1,-3,-1,2,2,5,2,2,-2,-2,-5,-2,-2
0,1,19241,19244,57723,57724,57725,57728,57729,57730,115447,115448,115449,115450,115451,115454,115455,115456,115457,115458,1,-1,2,-2,1,3,1,-1,-3,-1,2,2,5,2,2,-2,-2,-5,-2,-2
0,1,19243,19246,57729,57730,57731,57734,57735,57736,115459,115460,115461,115462,115463,115466,115467,115468,115469,115470,1,-1,2,-2,1,3,1,-1,-3,-1,2,2,5,2,2,-2,-2,-5,-2,-2
0,1,19245,19248,57735,57736,57737,57740,57741,57742,115471,115472,115473,115474,115475,115478,115479,115480,115481,115482,1,-1,2,-2,1,3,1,-1,-3,-1,2,2,5,2,2,-2,-2,-5,-2,-2
0,1,19247,19250,57741,57742,57743,57746,57747,57748,115483,115484,115485,115486,115487,115490,115491,115492,115493,115494,1,-1,2,-2,1,3,1,-1,-3,-1,2,2,5,2,2,-2,-2,-5,-2,-2
0,1,19249,19252,57747,57748,57749,57752,57753,57754,115495,115496,115497,115498,115499,115502,115503,115504,115505,115506,1,-1,2,-2,1,3,1,-1,-3,-1,2,2,5,2,2,-2,-2,-5,-2,-2
0,1,19251,19254,57753,57754,57755,57758,57759,57760,115507,115508,115509,115510,115511,115514,115515,115516,115517,115518,1,-1,2,-2,1,3,1,-1,-3,-1,2,2,5,2,2,-2,-2,-5,-2,-2
0,1,19253,19256,57759,57760,57761,57764,57765,57766,115519,115520,115521,115522,115523,115526,115527,115528,115529,115530,1,-1,2,-2,1,3,1,-1,-3,-1,2,2,5,2,2,-2,-2,-5,-2,-2
0,1,19255,19258,57765,57766,57767,57770,57771,57772,115531,115532,115533,115534,115535,115538,115539,115540,115541,115542,1,-1,2,-2,1,3,1,-1,-3,-1,2,2,5,2,2,-2,-2,-5,-2,-2
0,1,19257,19260,57771,57772,57773,57776,57777,57778,115543,115544,115545,115546,115547,115550,115551,115552,115553,115554,1,-1,2,-2,1,3,1,-1,-3,-1,2,2,5,2,2,-2,-2,-5,-2,-2
0,1,19259,19262,57777,57778,57779,57782,57783,57784,115555,115556,115557,115558,115559,115562,115563,115564,115565,115566,1,-1,2,-2,1,3,1,-1,-3,-1,2,2,5,2,2,-2,-2,-5,-2,-2
0,1,19261,19264,57783,57784,57785,57788,57789,57790,115567,115568,115569,115570,115571,115574,115575,115576,115577,115578,1,-1,2,-2,1,3,1,-1,-3,-1,2,2,5,2,2,-2,-2,-5,-2,-2
0,1,19263,19266,57789,57790,57791,57794,57795,57796,115579,115580,115581,115582,115583,115586,115587,115588,115589,115590,1,-1,2,-2,1,3,1,-1,-3,-1,2,2,5,2,2,-2,-2,-5,-2,-2
0,1,19265,19268,57795,57796,57797,57800,57801,57802,115591,115592,115593,115594,115595,115598,115599,115600,115601,115602,1,-1,2,-2,1,3,1,-1,-3,-1,2,2,5,2,2,-2,-2,-5,-2,-2
0,1,19267,19270,57801,57802,57803,57806,57807,57808,115603,115604,115605,115606,115607,115610,115611,115612,115613,115614,1,-1,2,-2,1,3,1,-1,-3,-1,2,2,5,2,2,-2,-2,-5,-2,-2
0,1,19269,19272,57807,57808,57809,57812,57813,57814,115615,115616,115617,115618,115619,115622,115623,115624,115625,115626,1,-1,2,-2,1,3,1,-1,-3,-1,2,2,5,2,2,-2,-2,-5,-2,-2
0,1,19271,19274,57813,57814,57815,57818,57819,57820,115627,115628,115629,115630,115631,115634,115635,115636,115637,115638,1,-1,2,-2,1,3,1,-1,-3,-1,2,2,5,2,2,-2,-2,-5,-2,-2
0,1,19273,19276,57819,57820,57821,57824,57825,57826,115639,115640,115641,115642,115643,115646,115647,115648,115649,115650,1,-1,2,-2,1,3,1,-1,-3,-1,2,2,5,2,2,-2,-2,-5,-2,-2
0,1,19275,19278,57825,57826,57827,57830,57831,57832,115651,115652,115653,115654,115655,115658,115659,115660,115661,115662,1,-1,2,-2,1,3,1,-1,-3,-1,2,2,5,2,2,-2,-2,-5,-2,-2
0,1,19277,19280,57831,57832,57833,57836,57837,57838,115663,115664,115665,115666,115667,115670,115671,115672,115673,115674,1,-1,2,-2,1,3,1,-1,-3,-1,2,2,5,2,2,-2,-2,-5,-2,-2
0,1,19279,19282,57837,57838,57839,57842,57843,57844,115675,115676,115677,115678,115679,115682,115683,115684,115685,115686,1,-1,2,-2,1,3,1,-1,-3,-1,2,2,5,2,2,-2,-2,-5,-2,-2
0,1,19281,19284,57843,57844,57845,57848,57849,57850,115687,115688,115689,115690,115691,115694,115695,115696,115697,115698,1,-1,2,-2,1,3,1,-1,-3,-1,2,2,5,2,2,-2,-2,-5,-2,-2
0,1,19283,19286,57849,57850,57851,57854,57855,57856,115699,115700,115701,115702,115703,115706,115707,115708,115709,115710,1,-1,2,-2,1,3,1,-1,-3,-1,2,2,5,2,2,-2,-2,-5,-2,-2
0,1,19285,19288,57855,57856,57857,57860,57861,57862,115711,115712,115713,115714,115715,115718,115719,115720,115721,115722,1,-1,2,-2,1,3,1,-1,-3,-1,2,2,5,2,2,-2,-2,-5,-2,-2
0,1,19287,19290,57861,57862,57863,57866,57867,57868,115723,115724,115725,115726,115727,115730,115731,115732,115733,115734,1,-1,2,-2,1,3,1,-1,-3,-1,2,2,5,2,2,-2,-2,-5,-2,-2
0,1,19289,19292,57867,57868,57869,57872,57873,57874,115735,115736,115737,115738,115739,115742,115743,115744,115745,115746,1,-1,2,-2,1,3,1,-1,-3,-1,2,2,5,2,2,-2,-2,-5,-2,-2
0,1,19291,19294,57873,57874,57875,57878,57879,57880,115747,115748,115749,115750,115751,115754,115755,115756,115757,115758,1,-1,2,-2,1,3,1,-1,-3,-1,2,2,5,2,2,-2,-2,-5,-2,-2
0,1,19293,19296,57879,57880,57881,57884,57885,57886,115759,115760,115761,115762,115763,115766,115767,115768,115769,115770,1,-1,2,-2,1,3,1,-1,-3,-1,2,2,5,2,2,-2,-2,-5,-2,-2
0,1,19295,19298,57885,57886,57887,57890,57891,57892,115771,115772,115773,115774,115775,115778,115779,115780,115781,115782,1,-1,2,-2,1,3,1,-1,-3,-1,2,2,5,2,2,-2,-2,-5,-2,-2
0,1,19297,19300,57891,57892,57893,57896,57897,57898,115783,115784,115785,115786,115787,115790,115791,115792,115793,115794,1,-1,2,-2,1,3,1,-1,-3,-1,2,2,5,2,2,-2,-2,-5,-2,-2
0,1,19299,19302,57897,57898,57899,57902,57903,57904,115795,115796,115797,115798,115799,115802,115803,115804,115805,115806,1,-1,2,-2,1,3,1,-1,-3,-1,2,2,5,2,2,-2,-2,-5,-2,-2
0,1,19301,19304,57903,57904,57905,57908,57909,57910,115807,115808,115809,115810,115811,115814,115815,115816,115817,115818,1,-1,2,-2,1,3,1,-1,-3,-1,2,2,5,2,2,-2,-2,-5,-2,-2
0,1,19303,19306,57909,57910,57911,57914,57915,57916,115819,115820,115821,115822,115823,115826,115827,115828,115829,115830,1,-1,2,-2,1,3,1,-1,-3,-1,2,2,5,2,2,-2,-2,-5,-2,-2
0,1,19305,19308,57915,57916,57917,57920,57921,57922,115831,115832,115833,115834,115835,115838,115839,115840,115841,115842,1,-1,2,-2,1,3,1,-1,-3,-1,2,2,5,2,2,-2,-2,-5,-2,-2
0,1,19307,19310,57921,57922,57923,57926,57927,57928,115843,115844,115845,115846,115847,115850,115851,115852,115853,115854,1,-1,2,-2,1,3,1,-1,-3,-1,2,2,5,2,2,-2,-2,-5,-2,-2
0,1,19309,19312,57927,57928,57929,57932,57933,57934,115855,115856,115857,115858,115859,115862,115863,115864,115865,115866,1,-1,2,-2,1,3,1,-1,-3,-1,2,2,5,2,2,-2,-2,-5,-2,-2
0,1,19311,19314,57933,57934,57935,57938,57939,57940,115867,115868,115869,115870,115871,115874,115875,115876,115877,115878,1,-1,2,-2,1,3,1,-1,-3,-1,2,2,5,2,2,-2,-2,-5,-2,-2
0,1,19313,19316,57939,57940,57941,57944,57945,57946,115879,115880,115881,115882,115883,115886,115887,115888,115889,115890,1,-1,2,-2,1,3,1,-1,-3,-1,2,2,5,2,2,-2,-2,-5,-2,-2
0,1,19315,19318,57945,57946,57947,57950,57951,57952,115891,115892,115893,115894,115895,115898,115899,115900,115901,115902,1,-1,2,-2,1,3,1,-1,-3,-1,2,2,5,2,2,-2,-2,-5,-2,-2
0,1,19317,19320,57951,57952,57953,57956,57957,57958,115903,115904,115905,115906,115907,115910,115911,115912,115913,115914,1,-1,2,-2,1,3,1,-1,-3,-1,2,2,5,2,2,-2,-2,-5,-2,-2
0,1,19319,19322,57957,57958,57959,57962,57963,57964,115915,115916,115917,115918,115919,115922,115923,115924,115925,115926,1,-1,2,-2,1,3,1,-1,-3,-1,2,2,5,2,2,-2,-2,-5,-2,-2
0,1,19321,19324,57963,57964,57965,57968,57969,57970,115927,115928,115929,115930,115931,115934,115935,115936,115937,115938,1,-1,2,-2,1,3,1,-1,-3,-1,2,2,5,2,2,-2,-2,-5,-2,-2
0,1,19323,19326,57969,57970,57971,57974,57975,57976,115939,115940,115941,115942,115943,115946,115947,115948,115949,115950,1,-1,2,-2,1,3,1,-1,-3,-1,2,2,5,2,2,-2,-2,-5,-2,-2
0,1,19325,19328,57975,57976,57977,57980,57981,57982,115951,115952,115953,115954,115955,115958,115959,115960,115961,115962,1,-1,2,-2,1,3,1,-1,-3,-1,2,2,5,2,2,-2,-2,-5,-2,-2
0,1,19327,19330,57981,57982,57983,57986,57987,57988,115963,115964,115965,115966,115967,115970,115971,115972,115973,115974,1,-1,2,-2,1,3,1,-1,-3,-1,2,2,5,2,2,-2,-2,-5,-2,-2
0,1,19329,19332,57987,57988,57989,57992,57993,57994,115975,115976,115977,115978,115979,115982,115983,115984,115985,115986,1,-1,2,-2,1,3,1,-1,-3,-1,2,2,5,2,2,-2,-2,-5,-2,-2
0,1,19331,19334,57993,57994,57995,57998,57999,58000,115987,115988,115989,115990,115991,115994,115995,115996,115997,115998,1,-1,2,-2,1,3,1,-1,-3,-1,2,2,5,2,2,-2,-2,-5,-2,-2
0,1,19333,19336,57999,58000,58001,58004,58005,58006,115999,116000,116001,116002,116003,116006,116007,116008,116009,116010,1,-1,2,-2,1,3,1,-1,-3,-1,2,2,5,2,2,-2,-2,-5,-2,-2
0,1,19335,19338,58005,58006,58007,58010,58011,58012,116011,116012,116013,116014,116015,116018,116019,116020,116021,116022,1,-1,2,-2,1,3,1,-1,-3,-1,2,2,5,2,2,-2,-2,-5,-2,-2
0,1,19337,19340,58011,58012,58013,58016,58017,58018,116023,116024,116025,116026,116027,116030,116031,116032,116033,116034,1,-1,2,-2,1,3,1,-1,-3,-1,2,2,5,2,2,-2,-2,-5,-2,-2
0,1,19339,19342,58017,58018,58019,58022,58023,58024,116035,116036,116037,116038,116039,116042,116043,116044,116045,116046,1,-1,2,-2,1,3,1,-1,-3,-1,2,2,5,2,2,-2,-2,-5,-2,-2
0,1,19341,19344,58023,58024,58025,58028,58029,58030,116047,116048,116049,116050,116051,116054,116055,116056,116057,116058,1,-1,2,-2,1,3,1,-1,-3,-1,2,2,5,2,2,-2,-2,-5,-2,-2
0,1,19343,19346,58029,58030,58031,58034,58035,58036,116059,116060,116061,116062,116063,116066,116067,116068,116069,116070,1,-1,2,-2,1,3,1,-1,-3,-1,2,2,5,2,2,-2,-2,-5,-2,-2
0,1,19345,19348,58035,58036,58037,58040,58041,58042,116071,116072,116073,116074,116075,116078,116079,116080,116081,116082,1,-1,2,-2,1,3,1,-1,-3,-1,2,2,5,2,2,-2,-2,-5,-2,-2
0,1,19347,19350,58041,58042,58043,58046,58047,58048,116083,116084,116085,116086,116087,116090,116091,116092,116093,116094,1,-1,2,-2,1,3,1,-1,-3,-1,2,2,5,2,2,-2,-2,-5,-2,-2
0,1,19349,19352,58047,58048,58049,58052,58053,58054,116095,116096,116097,116098,116099,116102,116103,116104,116105,116106,1,-1,2,-2,1,3,1,-1,-3,-1,2,2,5,2,2,-2,-2,-5,-2,-2
0,1,19351,19354,58053,58054,58055,58058,58059,58060,116107,116108,116109,116110,116111,116114,116115,116116,116117,116118,1,-1,2,-2,1,3,1,-1,-3,-1,2,2,5,2,2,-2,-2,-5,-2,-2
0,1,19353,19356,58059,58060,58061,58064,58065,58066,116119,116120,116121,116122,116123,116126,116127,116128,116129,116130,1,-1,2,-2,1,3,1,-1,-3,-1,2,2,5,2,2,-2,-2,-5,-2,-2
0,1,19355,19358,58065,58066,58067,58070,58071,58072,116131,116132,116133,116134,116135,116138,116139,116140,116141,116142,1,-1,2,-2,1,3,1,-1,-3,-1,2,2,5,2,2,-2,-2,-5,-2,-2
0,1,19357,19360,58071,58072,58073,58076,58077,58078,116143,116144,116145,116146,116147,116150,116151,116152,116153,116154,1,-1,2,-2,1,3,1,-1,-3,-1,2,2,5,2,2,-2,-2,-5,-2,-2
0,1,19359,19362,58077,58078,58079,58082,58083,58084,116155,116156,116157,116158,116159,116162,116163,116164,116165,116166,1,-1,2,-2,1,3,1,-1,-3,-1,2,2,5,2,2,-2,-2,-5,-2,-2
0,1,19361,19364,58083,58084,58085,58088,58089,58090,116167,116168,116169,116170,116171,116174,116175,116176,116177,116178,1,-1,2,-2,1,3,1,-1,-3,-1,2,2,5,2,2,-2,-2,-5,-2,-2
0,1,19363,19366,58089,58090,58091,58094,58095,58096,116179,116180,116181,116182,116183,116186,116187,116188,116189,116190,1,-1,2,-2,1,3,1,-1,-3,-1,2,2,5,2,2,-2,-2,-5,-2,-2
0,1,19365,19368,58095,58096,58097,58100,58101,58102,116191,116192,116193,116194,116195,116198,116199,116200,116201,116202,1,-1,2,-2,1,3,1,-1,-3,-1,2,2,5,2,2,-2,-2,-5,-2,-2
0,1,19367,19370,58101,58102,58103,58106,58107,58108,116203,116204,116205,116206,116207,116210,116211,116212,116213,116214,1,-1,2,-2,1,3,1,-1,-3,-1,2,2,5,2,2,-2,-2,-5,-2,-2
0,1,19369,19372,58107,58108,58109,58112,58113,58114,116215,116216,116217,116218,116219,116222,116223,116224,116225,116226,1,-1,2,-2,1,3,1,-1,-3,-1,2,2,5,2,2,-2,-2,-5,-2,-2
0,1,19371,19374,58113,58114,58115,58118,58119,58120,116227,116228,116229,116230,116231,116234,116235,116236,116237,116238,1,-1,2,-2,1,3,1,-1,-3,-1,2,2,5,2,2,-2,-2,-5,-2,-2
0,1,19373,19376,58119,58120,58121,58124,58125,58126,116239,116240,116241,116242,116243,116246,116247,116248,116249,116250,1,-1,2,-2,1,3,1,-1,-3,-1,2,2,5,2,2,-2,-2,-5,-2,-2
0,1,19375,19378,58125,58126,58127,58130,58131,58132,116251,116252,116253,116254,116255,116258,116259,116260,116261,116262,1,-1,2,-2,1,3,1,-1,-3,-1,2,2,5,2,2,-2,-2,-5,-2,-2
0,1,19377,19380,58131,58132,58133,58136,58137,58138,116263,116264,116265,116266,116267,116270,116271,116272,116273,116274,1,-1,2,-2,1,3,1,-1,-3,-1,2,2,5,2,2,-2,-2,-5,-2,-2
0,1,19379,19382,58137,58138,58139,58142,58143,58144,116275,116276,116277,116278,116279,116282,116283,116284,116285,116286,1,-1,2,-2,1,3,1,-1,-3,-1,2,2,5,2,2,-2,-2,-5,-2,-2
0,1,19381,19384,58143,58144,58145,58148,58149,58150,116287,116288,116289,116290,116291,116294,116295,116296,116297,116298,1,-1,2,-2,1,3,1,-1,-3,-1,2,2,5,2,2,-2,-2,-5,-2,-2
0,1,19383,19386,58149,58150,58151,58154,58155,58156,116299,116300,116301,116302,116303,116306,116307,116308,116309,116310,1,-1,2,-2,1,3,1,-1,-3,-1,2,2,5,2,2,-2,-2,-5,-2,-2
0,1,19385,19388,58155,58156,58157,58160,58161,58162,116311,116312,116313,116314,116315,116318,116319,116320,116321,116322,1,-1,2,-2,1,3,1,-1,-3,-1,2,2,5,2,2,-2,-2,-5,-2,-2
0,1,19387,19390,58161,58162,58163,58166,58167,58168,116323,116324,116325,116326,116327,116330,116331,116332,116333,116334,1,-1,2,-2,1,3,1,-1,-3,-1,2,2,5,2,2,-2,-2,-5,-2,-2
0,1,19389,19392,58167,58168,58169,58172,58173,58174,116335,116336,116337,116338,116339,116342,116343,116344,116345,116346,1,-1,2,-2,1,3,1,-1,-3,-1,2,2,5,2,2,-2,-2,-5,-2,-2
0,1,19391,19394,58173,58174,58175,58178,58179,58180,116347,116348,116349,116350,116351,116354,116355,116356,116357,116358,1,-1,2,-2,1,3,1,-1,-3,-1,2,2,5,2,2,-2,-2,-5,-2,-2
0,1,19393,19396,58179,58180,58181,58184,58185,58186,116359,116360,116361,116362,116363,116366,116367,116368,116369,116370,1,-1,2,-2,1,3,1,-1,-3,-1,2,2,5,2,2,-2,-2,-5,-2,-2
0,1,19395,19398,58185,58186,58187,58190,58191,58192,116371,116372,116373,116374,116375,116378,116379,116380,116381,116382,1,-1,2,-2,1,3,1,-1,-3,-1,2,2,5,2,2,-2,-2,-5,-2,-2
0,1,19397,19400,58191,58192,58193,58196,58197,58198,116383,116384,116385,116386,116387,116390,116391,116392,116393,116394,1,-1,2,-2,1,3,1,-1,-3,-1,2,2,5,2,2,-2,-2,-5,-2,-2
0,1,19399,19402,58197,58198,58199,58202,58203,58204,116395,116396,116397,116398,116399,116402,116403,116404,116405,116406,1,-1,2,-2,1,3,1,-1,-3,-1,2,2,5,2,2,-2,-2,-5,-2,-2
0,1,19401,19404,58203,58204,58205,58208,58209,58210,116407,116408,116409,116410,116411,116414,116415,116416,116417,116418,1,-1,2,-2,1,3,1,-1,-3,-1,2,2,5,2,2,-2,-2,-5,-2,-2
0,1,19403,19406,58209,58210,58211,58214,58215,58216,116419,116420,116421,116422,116423,116426,116427,116428,116429,116430,1,-1,2,-2,1,3,1,-1,-3,-1,2,2,5,2,2,-2,-2,-5,-2,-2
0,1,19405,19408,58215,58216,58217,58220,58221,58222,116431,116432,116433,116434,116435,116438,116439,116440,116441,116442,1,-1,2,-2,1,3,1,-1,-3,-1,2,2,5,2,2,-2,-2,-5,-2,-2
0,1,19407,19410,58221,58222,58223,58226,58227,58228,116443,116444,116445,116446,116447,116450,116451,116452,116453,116454,1,-1,2,-2,1,3,1,-1,-3,-1,2,2,5,2,2,-2,-2,-5,-2,-2
0,1,19409,19412,58227,58228,58229,58232,58233,58234,116455,116456,116457,116458,116459,116462,116463,116464,116465,116466,1,-1,2,-2,1,3,1,-1,-3,-1,2,2,5,2,2,-2,-2,-5,-2,-2
0,1,19411,19414,58233,58234,58235,58238,58239,58240,116467,116468,116469,116470,116471,116474,116475,116476,116477,116478,1,-1,2,-2,1,3,1,-1,-3,-1,2,2,5,2,2,-2,-2,-5,-2,-2
0,1,19413,19416,58239,58240,58241,58244,58245,58246,116479,116480,116481,116482,116483,116486,116487,116488,116489,116490,1,-1,2,-2,1,3,1,-1,-3,-1,2,2,5,2,2,-2,-2,-5,-2,-2
0,1,19415,19418,58245,58246,58247,58250,58251,58252,116491,116492,116493,116494,116495,116498,116499,116500,116501,116502,1,-1,2,-2,1,3,1,-1,-3,-1,2,2,5,2,2,-2,-2,-5,-2,-2
0,1,19417,19420,58251,58252,58253,58256,58257,58258,116503,116504,116505,116506,116507,116510,116511,116512,116513,116514,1,-1,2,-2,1,3,1,-1,-3,-1,2,2,5,2,2,-2,-2,-5,-2,-2
0,1,19419,19422,58257,58258,58259,58262,58263,58264,116515,116516,116517,116518,116519,116522,116523,116524,116525,116526,1,-1,2,-2,1,3,1,-1,-3,-1,2,2,5,2,2,-2,-2,-5,-2,-2
0,1,19421,19424,58263,58264,58265,58268,58269,58270,116527,116528,116529,116530,116531,116534,116535,116536,116537,116538,1,-1,2,-2,1,3,1,-1,-3,-1,2,2,5,2,2,-2,-2,-5,-2,-2
0,1,19423,19426,58269,58270,58271,58274,58275,58276,116539,116540,116541,116542,116543,116546,116547,116548,116549,116550,1,-1,2,-2,1,3,1,-1,-3,-1,2,2,5,2,2,-2,-2,-5,-2,-2
0,1,19425,19428,58275,58276,58277,58280,58281,58282,116551,116552,116553,116554,116555,116558,116559,116560,116561,116562,1,-1,2,-2,1,3,1,-1,-3,-1,2,2,5,2,2,-2,-2,-5,-2,-2
0,1,19427,19430,58281,58282,58283,58286,58287,58288,116563,116564,116565,116566,116567,116570,116571,116572,116573,116574,1,-1,2,-2,1,3,1,-1,-3,-1,2,2,5,2,2,-2,-2,-5,-2,-2
0,1,19429,19432,58287,58288,58289,58292,58293,58294,116575,116576,116577,116578,116579,116582,116583,116584,116585,116586,1,-1,2,-2,1,3,1,-1,-3,-1,2,2,5,2,2,-2,-2,-5,-2,-2
0,1,19431,19434,58293,58294,58295,58298,58299,58300,116587,116588,116589,116590,116591,116594,116595,116596,116597,116598,1,-1,2,-2,1,3,1,-1,-3,-1,2,2,5,2,2,-2,-2,-5,-2,-2
0,1,19433,19436,58299,58300,58301,58304,58305,58306,116599,116600,116601,116602,116603,116606,116607,116608,116609,116610,1,-1,2,-2,1,3,1,-1,-3,-1,2,2,5,2,2,-2,-2,-5,-2,-2
0,1,19435,19438,58305,58306,58307,58310,58311,58312,116611,116612,116613,116614,116615,116618,116619,116620,116621,116622,1,-1,2,-2,1,3,1,-1,-3,-1,2,2,5,2,2,-2,-2,-5,-2,-2
0,1,19437,19440,58311,58312,58313,58316,58317,58318,116623,116624,116625,116626,116627,116630,116631,116632,116633,116634,1,-1,2,-2,1,3,1,-1,-3,-1,2,2,5,2,2,-2,-2,-5,-2,-2
0,1,19439,19442,58317,58318,58319,58322,58323,58324,116635,116636,116637,116638,116639,116642,116643,116644,116645,116646,1,-1,2,-2,1,3,1,-1,-3,-1,2,2,5,2,2,-2,-2,-5,-2,-2
0,1,19441,19444,58323,58324,58325,58328,58329,58330,116647,116648,116649,116650,116651,116654,116655,116656,116657,116658,1,-1,2,-2,1,3,1,-1,-3,-1,2,2,5,2,2,-2,-2,-5,-2,-2
0,1,19443,19446,58329,58330,58331,58334,58335,58336,116659,116660,116661,116662,116663,116666,116667,116668,116669,116670,1,-1,2,-2,1,3,1,-1,-3,-1,2,2,5,2,2,-2,-2,-5,-2,-2
0,1,19445,19448,58335,58336,58337,58340,58341,58342,116671,116672,116673,116674,116675,116678,116679,116680,116681,116682,1,-1,2,-2,1,3,1,-1,-3,-1,2,2,5,2,2,-2,-2,-5,-2,-2
0,1,19447,19450,58341,58342,58343,58346,58347,58348,116683,116684,116685,116686,116687,116690,116691,116692,116693,116694,1,-1,2,-2,1,3,1,-1,-3,-1,2,2,5,2,2,-2,-2,-5,-2,-2
0,1,19449,19452,58347,58348,58349,58352,58353,58354,116695,116696,116697,116698,116699,116702,116703,116704,116705,116706,1,-1,2,-2,1,3,1,-1,-3,-1,2,2,5,2,2,-2,-2,-5,-2,-2
0,1,19451,19454,58353,58354,58355,58358,58359,58360,116707,116708,116709,116710,116711,116714,116715,116716,116717,116718,1,-1,2,-2,1,3,1,-1,-3,-1,2,2,5,2,2,-2,-2,-5,-2,-2
0,1,19453,19456,58359,58360,58361,58364,58365,58366,116719,116720,116721,116722,116723,116726,116727,116728,116729,116730,1,-1,2,-2,1,3,1,-1,-3,-1,2,2,5,2,2,-2,-2,-5,-2,-2
0,1,19455,19458,58365,58366,58367,58370,58371,58372,116731,116732,116733,116734,116735,116738,116739,116740,116741,116742,1,-1,2,-2,1,3,1,-1,-3,-1,2,2,5,2,2,-2,-2,-5,-2,-2
0,1,19457,19460,58371,58372,58373,58376,58377,58378,116743,116744,116745,116746,116747,116750,116751,116752,116753,116754,1,-1,2,-2,1,3,1,-1,-3,-1,2,2,5,2,2,-2,-2,-5,-2,-2
0,1,19459,19462,58377,58378,58379,58382,58383,58384,116755,116756,116757,116758,116759,116762,116763,116764,116765,116766,1,-1,2,-2,1,3,1,-1,-3,-1,2,2,5,2,2,-2,-2,-5,-2,-2
0,1,19461,19464,58383,58384,58385,58388,58389,58390,116767,116768,116769,116770,116771,116774,116775,116776,116777,116778,1,-1,2,-2,1,3,1,-1,-3,-1,2,2,5,2,2,-2,-2,-5,-2,-2
0,1,19463,19466,58389,58390,58391,58394,58395,58396,116779,116780,116781,116782,116783,116786,116787,116788,116789,116790,1,-1,2,-2,1,3,1,-1,-3,-1,2,2,5,2,2,-2,-2,-5,-2,-2
0,1,19465,19468,58395,58396,58397,58400,58401,58402,116791,116792,116793,116794,116795,116798,116799,116800,116801,116802,1,-1,2,-2,1,3,1,-1,-3,-1,2,2,5,2,2,-2,-2,-5,-2,-2
0,1,19467,19470,58401,58402,58403,58406,58407,58408,116803,116804,116805,116806,116807,116810,116811,116812,116813,116814,1,-1,2,-2,1,3,1,-1,-3,-1,2,2,5,2,2,-2,-2,-5,-2,-2
0,1,19469,19472,58407,58408,58409,58412,58413,58414,116815,116816,116817,116818,116819,116822,116823,116824,116825,116826,1,-1,2,-2,1,3,1,-1,-3,-1,2,2,5,2,2,-2,-2,-5,-2,-2
0,1,19471,19474,58413,58414,58415,58418,58419,58420,116827,116828,116829,116830,116831,116834,116835,116836,116837,116838,1,-1,2,-2,1,3,1,-1,-3,-1,2,2,5,2,2,-2,-2,-5,-2,-2
0,1,19473,19476,58419,58420,58421,58424,58425,58426,116839,116840,116841,116842,116843,116846,116847,116848,116849,116850,1,-1,2,-2,1,3,1,-1,-3,-1,2,2,5,2,2,-2,-2,-5,-2,-2
0,1,19475,19478,58425,58426,58427,58430,58431,58432,116851,116852,116853,116854,116855,116858,116859,116860,116861,116862,1,-1,2,-2,1,3,1,-1,-3,-1,2,2,5,2,2,-2,-2,-5,-2,-2
0,1,19477,19480,58431,58432,58433,58436,58437,58438,116863,116864,116865,116866,116867,116870,116871,116872,116873,116874,1,-1,2,-2,1,3,1,-1,-3,-1,2,2,5,2,2,-2,-2,-5,-2,-2
0,1,19479,19482,58437,58438,58439,58442,58443,58444,116875,116876,116877,116878,116879,116882,116883,116884,116885,116886,1,-1,2,-2,1,3,1,-1,-3,-1,2,2,5,2,2,-2,-2,-5,-2,-2
0,1,19481,19484,58443,58444,58445,58448,58449,58450,116887,116888,116889,116890,116891,116894,116895,116896,116897,116898,1,-1,2,-2,1,3,1,-1,-3,-1,2,2,5,2,2,-2,-2,-5,-2,-2
0,1,19483,19486,58449,58450,58451,58454,58455,58456,116899,116900,116901,116902,116903,116906,116907,116908,116909,116910,1,-1,2,-2,1,3,1,-1,-3,-1,2,2,5,2,2,-2,-2,-5,-2,-2
0,1,19485,19488,58455,58456,58457,58460,58461,58462,116911,116912,116913,116914,116915,116918,116919,116920,116921,116922,1,-1,2,-2,1,3,1,-1,-3,-1,2,2,5,2,2,-2,-2,-5,-2,-2
0,1,19487,19490,58461,58462,58463,58466,58467,58468,116923,116924,116925,116926,116927,116930,116931,116932,116933,116934,1,-1,2,-2,1,3,1,-1,-3,-1,2,2,5,2,2,-2,-2,-5,-2,-2
0,1,19489,19492,58467,58468,58469,58472,58473,58474,116935,116936,116937,116938,116939,116942,116943,116944,116945,116946,1,-1,2,-2,1,3,1,-1,-3,-1,2,2,5,2,2,-2,-2,-5,-2,-2
0,1,19491,19494,58473,58474,58475,58478,58479,58480,116947,116948,116949,116950,116951,116954,116955,116956,116957,116958,1,-1,2,-2,1,3,1,-1,-3,-1,2,2,5,2,2,-2,-2,-5,-2,-2
0,1,19493,19496,58479,58480,58481,58484,58485,58486,116959,116960,116961,116962,116963,116966,116967,116968,116969,116970,1,-1,2,-2,1,3,1,-1,-3,-1,2,2,5,2,2,-2,-2,-5,-2,-2
0,1,19495,19498,58485,58486,58487,58490,58491,58492,116971,116972,116973,116974,116975,116978,116979,116980,116981,116982,1,-1,2,-2,1,3,1,-1,-3,-1,2,2,5,2,2,-2,-2,-5,-2,-2
0,1,19497,19500,58491,58492,58493,58496,58497,58498,116983,116984,116985,116986,116987,116990,116991,116992,116993,116994,1,-1,2,-2,1,3,1,-1,-3,-1,2,2,5,2,2,-2,-2,-5,-2,-2
0,1,19499,19502,58497,58498,58499,58502,58503,58504,116995,116996,116997,116998,116999,117002,117003,117004,117005,117006,1,-1,2,-2,1,3,1,-1,-3,-1,2,2,5,2,2,-2,-2,-5,-2,-2
0,1,19501,19504,58503,58504,58505,58508,58509,58510,117007,117008,117009,117010,117011,117014,117015,117016,117017,117018,1,-1,2,-2,1,3,1,-1,-3,-1,2,2,5,2,2,-2,-2,-5,-2,-2
0,1,19503,19506,58509,58510,58511,58514,58515,58516,117019,117020,117021,117022,117023,117026,117027,117028,117029,117030,1,-1,2,-2,1,3,1,-1,-3,-1,2,2,5,2,2,-2,-2,-5,-2,-2
0,1,19505,19508,58515,58516,58517,58520,58521,58522,117031,117032,117033,117034,117035,117038,117039,117040,117041,117042,1,-1,2,-2,1,3,1,-1,-3,-1,2,2,5,2,2,-2,-2,-5,-2,-2
0,1,19507,19510,58521,58522,58523,58526,58527,58528,117043,117044,117045,117046,117047,117050,117051,117052,117053,117054,1,-1,2,-2,1,3,1,-1,-3,-1,2,2,5,2,2,-2,-2,-5,-2,-2
0,1,19509,19512,58527,58528,58529,58532,58533,58534,117055,117056,117057,117058,117059,117062,117063,117064,117065,117066,1,-1,2,-2,1,3,1,-1,-3,-1,2,2,5,2,2,-2,-2,-5,-2,-2
0,1,19511,19514,58533,58534,58535,58538,58539,58540,117067,117068,117069,117070,117071,117074,117075,117076,117077,117078,1,-1,2,-2,1,3,1,-1,-3,-1,2,2,5,2,2,-2,-2,-5,-2,-2
0,1,19513,19516,58539,58540,58541,58544,58545,58546,117079,117080,117081,117082,117083,117086,117087,117088,117089,117090,1,-1,2,-2,1,3,1,-1,-3,-1,2,2,5,2,2,-2,-2,-5,-2,-2
0,1,19515,19518,58545,58546,58547,58550,58551,58552,117091,117092,117093,117094,117095,117098,117099,117100,117101,117102,1,-1,2,-2,1,3,1,-1,-3,-1,2,2,5,2,2,-2,-2,-5,-2,-2
0,1,19517,19520,58551,58552,58553,58556,58557,58558,117103,117104,117105,117106,117107,117110,117111,117112,117113,117114,1,-1,2,-2,1,3,1,-1,-3,-1,2,2,5,2,2,-2,-2,-5,-2,-2
0,1,19519,19522,58557,58558,58559,58562,58563,58564,117115,117116,117117,117118,117119,117122,117123,117124,117125,117126,1,-1,2,-2,1,3,1,-1,-3,-1,2,2,5,2,2,-2,-2,-5,-2,-2
0,1,19521,19524,58563,58564,58565,58568,58569,58570,117127,117128,117129,117130,117131,117134,117135,117136,117137,117138,1,-1,2,-2,1,3,1,-1,-3,-1,2,2,5,2,2,-2,-2,-5,-2,-2
0,1,19523,19526,58569,58570,58571,58574,58575,58576,117139,117140,117141,117142,117143,117146,117147,117148,117149,117150,1,-1,2,-2,1,3,1,-1,-3,-1,2,2,5,2,2,-2,-2,-5,-2,-2
0,1,19525,19528,58575,58576,58577,58580,58581,58582,117151,117152,117153,117154,117155,117158,117159,117160,117161,117162,1,-1,2,-2,1,3,1,-1,-3,-1,2,2,5,2,2,-2,-2,-5,-2,-2
0,1,19527,19530,58581,58582,58583,58586,58587,58588,117163,117164,117165,117166,117167,117170,117171,117172,117173,117174,1,-1,2,-2,1,3,1,-1,-3,-1,2,2,5,2,2,-2,-2,-5,-2,-2
0,1,19529,19532,58587,58588,58589,58592,58593,58594,117175,117176,117177,117178,117179,117182,117183,117184,117185,117186,1,-1,2,-2,1,3,1,-1,-3,-1,2,2,5,2,2,-2,-2,-5,-2,-2
0,1,19531,19534,58593,58594,58595,58598,58599,58600,117187,117188,117189,117190,117191,117194,117195,117196,117197,117198,1,-1,2,-2,1,3,1,-1,-3,-1,2,2,5,2,2,-2,-2,-5,-2,-2
0,1,19533,19536,58599,58600,58601,58604,58605,58606,117199,117200,117201,117202,117203,117206,117207,117208,117209,117210,1,-1,2,-2,1,3,1,-1,-3,-1,2,2,5,2,2,-2,-2,-5,-2,-2
0,1,19535,19538,58605,58606,58607,58610,58611,58612,117211,117212,117213,117214,117215,117218,117219,117220,117221,117222,1,-1,2,-2,1,3,1,-1,-3,-1,2,2,5,2,2,-2,-2,-5,-2,-2
0,1,19537,19540,58611,58612,58613,58616,58617,58618,117223,117224,117225,117226,117227,117230,117231,117232,117233,117234,1,-1,2,-2,1,3,1,-1,-3,-1,2,2,5,2,2,-2,-2,-5,-2,-2
0,1,19539,19542,58617,58618,58619,58622,58623,58624,117235,117236,117237,117238,117239,117242,117243,117244,117245,117246,1,-1,2,-2,1,3,1,-1,-3,-1,2,2,5,2,2,-2,-2,-5,-2,-2
0,1,19541,19544,58623,58624,58625,58628,58629,58630,117247,117248,117249,117250,117251,117254,117255,117256,117257,117258,1,-1,2,-2,1,3,1,-1,-3,-1,2,2,5,2,2,-2,-2,-5,-2,-2
0,1,19543,19546,58629,58630,58631,58634,58635,58636,117259,117260,117261,117262,117263,117266,117267,117268,117269,117270,1,-1,2,-2,1,3,1,-1,-3,-1,2,2,5,2,2,-2,-2,-5,-2,-2
0,1,19545,19548,58635,58636,58637,58640,58641,58642,117271,117272,117273,117274,117275,117278,117279,117280,117281,117282,1,-1,2,-2,1,3,1,-1,-3,-1,2,2,5,2,2,-2,-2,-5,-2,-2
0,1,19547,19550,58641,58642,58643,58646,58647,58648,117283,117284,117285,117286,117287,117290,117291,117292,117293,117294,1,-1,2,-2,1,3,1,-1,-3,-1,2,2,5,2,2,-2,-2,-5,-2,-2
0,1,19549,19552,58647,58648,58649,58652,58653,58654,117295,117296,117297,117298,117299,117302,117303,117304,117305,117306,1,-1,2,-2,1,3,1,-1,-3,-1,2,2,5,2,2,-2,-2,-5,-2,-2
0,1,19551,19554,58653,58654,58655,58658,58659,58660,117307,117308,117309,117310,117311,117314,117315,117316,117317,117318,1,-1,2,-2,1,3,1,-1,-3,-1,2,2,5,2,2,-2,-2,-5,-2,-2
0,1,19553,19556,58659,58660,58661,58664,58665,58666,117319,117320,117321,117322,117323,117326,117327,117328,117329,117330,1,-1,2,-2,1,3,1,-1,-3,-1,2,2,5,2,2,-2,-2,-5,-2,-2
0,1,19555,19558,58665,58666,58667,58670,58671,58672,117331,117332,117333,117334,117335,117338,117339,117340,117341,117342,1,-1,2,-2,1,3,1,-1,-3,-1,2,2,5,2,2,-2,-2,-5,-2,-2
0,1,19557,19560,58671,58672,58673,58676,58677,58678,117343,117344,117345,117346,117347,117350,117351,117352,117353,117354,1,-1,2,-2,1,3,1,-1,-3,-1,2,2,5,2,2,-2,-2,-5,-2,-2
0,1,19559,19562,58677,58678,58679,58682,58683,58684,117355,117356,117357,117358,117359,117362,117363,117364,117365,117366,1,-1,2,-2,1,3,1,-1,-3,-1,2,2,5,2,2,-2,-2,-5,-2,-2
0,1,19561,19564,58683,58684,58685,58688,58689,58690,117367,117368,117369,117370,117371,117374,117375,117376,117377,117378,1,-1,2,-2,1,3,1,-1,-3,-1,2,2,5,2,2,-2,-2,-5,-2,-2
0,1,19563,19566,58689,58690,58691,58694,58695,58696,117379,117380,117381,117382,117383,117386,117387,117388,117389,117390,1,-1,2,-2,1,3,1,-1,-3,-1,2,2,5,2,2,-2,-2,-5,-2,-2
0,1,19565,19568,58695,58696,58697,58700,58701,58702,117391,117392,117393,117394,117395,117398,117399,117400,117401,117402,1,-1,2,-2,1,3,1,-1,-3,-1,2,2,5,2,2,-2,-2,-5,-2,-2
0,1,19567,19570,58701,58702,58703,58706,58707,58708,117403,117404,117405,117406,117407,117410,117411,117412,117413,117414,1,-1,2,-2,1,3,1,-1,-3,-1,2,2,5,2,2,-2,-2,-5,-2,-2
0,1,19569,19572,58707,58708,58709,58712,58713,58714,117415,117416,117417,117418,117419,117422,117423,117424,117425,117426,1,-1,2,-2,1,3,1,-1,-3,-1,2,2,5,2,2,-2,-2,-5,-2,-2
0,1,19571,19574,58713,58714,58715,58718,58719,58720,117427,117428,117429,117430,117431,117434,117435,117436,117437,117438,1,-1,2,-2,1,3,1,-1,-3,-1,2,2,5,2,2,-2,-2,-5,-2,-2
0,1,19573,19576,58719,58720,58721,58724,58725,58726,117439,117440,117441,117442,117443,117446,117447,117448,117449,117450,1,-1,2,-2,1,3,1,-1,-3,-1,2,2,5,2,2,-2,-2,-5,-2,-2
0,1,19575,19578,58725,58726,58727,58730,58731,58732,117451,117452,117453,117454,117455,117458,117459,117460,117461,117462,1,-1,2,-2,1,3,1,-1,-3,-1,2,2,5,2,2,-2,-2,-5,-2,-2
0,1,19577,19580,58731,58732,58733,58736,58737,58738,117463,117464,117465,117466,117467,117470,117471,117472,117473,117474,1,-1,2,-2,1,3,1,-1,-3,-1,2,2,5,2,2,-2,-2,-5,-2,-2
0,1,19579,19582,58737,58738,58739,58742,58743,58744,117475,117476,117477,117478,117479,117482,117483,117484,117485,117486,1,-1,2,-2,1,3,1,-1,-3,-1,2,2,5,2,2,-2,-2,-5,-2,-2
0,1,19581,19584,58743,58744,58745,58748,58749,58750,117487,117488,117489,117490,117491,117494,117495,117496,117497,117498,1,-1,2,-2,1,3,1,-1,-3,-1,2,2,5,2,2,-2,-2,-5,-2,-2
0,1,19583,19586,58749,58750,58751,58754,58755,58756,117499,117500,117501,117502,117503,117506,117507,117508,117509,117510,1,-1,2,-2,1,3,1,-1,-3,-1,2,2,5,2,2,-2,-2,-5,-2,-2
0,1,19585,19588,58755,58756,58757,58760,58761,58762,117511,117512,117513,117514,117515,117518,117519,117520,117521,117522,1,-1,2,-2,1,3,1,-1,-3,-1,2,2,5,2,2,-2,-2,-5,-2,-2
0,1,19587,19590,58761,58762,58763,58766,58767,58768,117523,117524,117525,117526,117527,117530,117531,117532,117533,117534,1,-1,2,-2,1,3,1,-1,-3,-1,2,2,5,2,2,-2,-2,-5,-2,-2
0,1,19589,19592,58767,58768,58769,58772,58773,58774,117535,117536,117537,117538,117539,117542,117543,117544,117545,117546,1,-1,2,-2,1,3,1,-1,-3,-1,2,2,5,2,2,-2,-2,-5,-2,-2
0,1,19591,19594,58773,58774,58775,58778,58779,58780,117547,117548,117549,117550,117551,117554,117555,117556,117557,117558,1,-1,2,-2,1,3,1,-1,-3,-1,2,2,5,2,2,-2,-2,-5,-2,-2
0,1,19593,19596,58779,58780,58781,58784,58785,58786,117559,117560,117561,117562,117563,117566,117567,117568,117569,117570,1,-1,2,-2,1,3,1,-1,-3,-1,2,2,5,2,2,-2,-2,-5,-2,-2
0,1,19595,19598,58785,58786,58787,58790,58791,58792,117571,117572,117573,117574,117575,117578,117579,117580,117581,117582,1,-1,2,-2,1,3,1,-1,-3,-1,2,2,5,2,2,-2,-2,-5,-2,-2
0,1,19597,19600,58791,58792,58793,58796,58797,58798,117583,117584,117585,117586,117587,117590,117591,117592,117593,117594,1,-1,2,-2,1,3,1,-1,-3,-1,2,2,5,2,2,-2,-2,-5,-2,-2
0,1,19599,19602,58797,58798,58799,58802,58803,58804,117595,117596,117597,117598,117599,117602,117603,117604,117605,117606,1,-1,2,-2,1,3,1,-1,-3,-1,2,2,5,2,2,-2,-2,-5,-2,-2
0,1,19601,19604,58803,58804,58805,58808,58809,58810,117607,117608,117609,117610,117611,117614,117615,117616,117617,117618,1,-1,2,-2,1,3,1,-1,-3,-1,2,2,5,2,2,-2,-2,-5,-2,-2
0,1,19603,19606,58809,58810,58811,58814,58815,58816,117619,117620,117621,117622,117623,117626,117627,117628,117629,117630,1,-1,2,-2,1,3,1,-1,-3,-1,2,2,5,2,2,-2,-2,-5,-2,-2
0,1,19605,19608,58815,58816,58817,58820,58821,58822,117631,117632,117633,117634,117635,117638,117639,117640,117641,117642,1,-1,2,-2,1,3,1,-1,-3,-1,2,2,5,2,2,-2,-2,-5,-2,-2
0,1,19607,19610,58821,58822,58823,58826,58827,58828,117643,117644,117645,117646,117647,117650,117651,117652,117653,117654,1,-1,2,-2,1,3,1,-1,-3,-1,2,2,5,2,2,-2,-2,-5,-2,-2
0,1,19609,19612,58827,58828,58829,58832,58833,58834,117655,117656,117657,117658,117659,117662,117663,117664,117665,117666,1,-1,2,-2,1,3,1,-1,-3,-1,2,2,5,2,2,-2,-2,-5,-2,-2
0,1,19611,19614,58833,58834,58835,58838,58839,58840,117667,117668,117669,117670,117671,117674,117675,117676,117677,117678,1,-1,2,-2,1,3,1,-1,-3,-1,2,2,5,2,2,-2,-2,-5,-2,-2
0,1,19613,19616,58839,58840,58841,58844,58845,58846,117679,117680,117681,117682,117683,117686,117687,117688,117689,117690,1,-1,2,-2,1,3,1,-1,-3,-1,2,2,5,2,2,-2,-2,-5,-2,-2
0,1,19615,19618,58845,58846,58847,58850,58851,58852,117691,117692,117693,117694,117695,117698,117699,117700,117701,117702,1,-1,2,-2,1,3,1,-1,-3,-1,2,2,5,2,2,-2,-2,-5,-2,-2
0,1,19617,19620,58851,58852,58853,58856,58857,58858,117703,117704,117705,117706,117707,117710,117711,117712,117713,117714,1,-1,2,-2,1,3,1,-1,-3,-1,2,2,5,2,2,-2,-2,-5,-2,-2
0,1,19619,19622,58857,58858,58859,58862,58863,58864,117715,117716,117717,117718,117719,117722,117723,117724,117725,117726,1,-1,2,-2,1,3,1,-1,-3,-1,2,2,5,2,2,-2,-2,-5,-2,-2
0,1,19621,19624,58863,58864,58865,58868,58869,58870,117727,117728,117729,117730,117731,117734,117735,117736,117737,117738,1,-1,2,-2,1,3,1,-1,-3,-1,2,2,5,2,2,-2,-2,-5,-2,-2
0,1,19623,19626,58869,58870,58871,58874,58875,58876,117739,117740,117741,117742,117743,117746,117747,117748,117749,117750,1,-1,2,-2,1,3,1,-1,-3,-1,2,2,5,2,2,-2,-2,-5,-2,-2
0,1,19625,19628,58875,58876,58877,58880,58881,58882,117751,117752,117753,117754,117755,117758,117759,117760,117761,117762,1,-1,2,-2,1,3,1,-1,-3,-1,2,2,5,2,2,-2,-2,-5,-2,-2
0,1,19627,19630,58881,58882,58883,58886,58887,58888,117763,117764,117765,117766,117767,117770,117771,117772,117773,117774,1,-1,2,-2,1,3,1,-1,-3,-1,2,2,5,2,2,-2,-2,-5,-2,-2
0,1,19629,19632,58887,58888,58889,58892,58893,58894,117775,117776,117777,117778,117779,117782,117783,117784,117785,117786,1,-1,2,-2,1,3,1,-1,-3,-1,2,2,5,2,2,-2,-2,-5,-2,-2
0,1,19631,19634,58893,58894,58895,58898,58899,58900,117787,117788,117789,117790,117791,117794,117795,117796,117797,117798,1,-1,2,-2,1,3,1,-1,-3,-1,2,2,5,2,2,-2,-2,-5,-2,-2
0,1,19633,19636,58899,58900,58901,58904,58905,58906,117799,117800,117801,117802,117803,117806,117807,117808,117809,117810,1,-1,2,-2,1,3,1,-1,-3,-1,2,2,5,2,2,-2,-2,-5,-2,-2
0,1,19635,19638,58905,58906,58907,58910,58911,58912,117811,117812,117813,117814,117815,117818,117819,117820,117821,117822,1,-1,2,-2,1,3,1,-1,-3,-1,2,2,5,2,2,-2,-2,-5,-2,-2
0,1,19637,19640,58911,58912,58913,58916,58917,58918,117823,117824,117825,117826,117827,117830,117831,117832,117833,117834,1,-1,2,-2,1,3,1,-1,-3,-1,2,2,5,2,2,-2,-2,-5,-2,-2
0,1,19639,19642,58917,58918,58919,58922,58923,58924,117835,117836,117837,117838,117839,117842,117843,117844,117845,117846,1,-1,2,-2,1,3,1,-1,-3,-1,2,2,5,2,2,-2,-2,-5,-2,-2
0,1,19641,19644,58923,58924,58925,58928,58929,58930,117847,117848,117849,117850,117851,117854,117855,117856,117857,117858,1,-1,2,-2,1,3,1,-1,-3,-1,2,2,5,2,2,-2,-2,-5,-2,-2
0,1,19643,19646,58929,58930,58931,58934,58935,58936,117859,117860,117861,117862,117863,117866,117867,117868,117869,117870,1,-1,2,-2,1,3,1,-1,-3,-1,2,2,5,2,2,-2,-2,-5,-2,-2
0,1,19645,19648,58935,58936,58937,58940,58941,58942,117871,117872,117873,117874,117875,117878,117879,117880,117881,117882,1,-1,2,-2,1,3,1,-1,-3,-1,2,2,5,2,2,-2,-2,-5,-2,-2
0,1,19647,19650,58941,58942,58943,58946,58947,58948,117883,117884,117885,117886,117887,117890,117891,117892,117893,117894,1,-1,2,-2,1,3,1,-1,-3,-1,2,2,5,2,2,-2,-2,-5,-2,-2
0,1,19649,19652,58947,58948,58949,58952,58953,58954,117895,117896,117897,117898,117899,117902,117903,117904,117905,117906,1,-1,2,-2,1,3,1,-1,-3,-1,2,2,5,2,2,-2,-2,-5,-2,-2
0,1,19651,19654,58953,58954,58955,58958,58959,58960,117907,117908,117909,117910,117911,117914,117915,117916,117917,117918,1,-1,2,-2,1,3,1,-1,-3,-1,2,2,5,2,2,-2,-2,-5,-2,-2
0,1,19653,19656,58959,58960,58961,58964,58965,58966,117919,117920,117921,117922,117923,117926,117927,117928,117929,117930,1,-1,2,-2,1,3,1,-1,-3,-1,2,2,5,2,2,-2,-2,-5,-2,-2
0,1,19655,19658,58965,58966,58967,58970,58971,58972,117931,117932,117933,117934,117935,117938,117939,117940,117941,117942,1,-1,2,-2,1,3,1,-1,-3,-1,2,2,5,2,2,-2,-2,-5,-2,-2
0,1,19657,19660,58971,58972,58973,58976,58977,58978,117943,117944,117945,117946,117947,117950,117951,117952,117953,117954,1,-1,2,-2,1,3,1,-1,-3,-1,2,2,5,2,2,-2,-2,-5,-2,-2
0,1,19659,19662,58977,58978,58979,58982,58983,58984,117955,117956,117957,117958,117959,117962,117963,117964,117965,117966,1,-1,2,-2,1,3,1,-1,-3,-1,2,2,5,2,2,-2,-2,-5,-2,-2
0,1,19661,19664,58983,58984,58985,58988,58989,58990,117967,117968,117969,117970,117971,117974,117975,117976,117977,117978,1,-1,2,-2,1,3,1,-1,-3,-1,2,2,5,2,2,-2,-2,-5,-2,-2
0,1,19663,19666,58989,58990,58991,58994,58995,58996,117979,117980,117981,117982,117983,117986,117987,117988,117989,117990,1,-1,2,-2,1,3,1,-1,-3,-1,2,2,5,2,2,-2,-2,-5,-2,-2
0,1,19665,19668,58995,58996,58997,59000,59001,59002,117991,117992,117993,117994,117995,117998,117999,118000,118001,118002,1,-1,2,-2,1,3,1,-1,-3,-1,2,2,5,2,2,-2,-2,-5,-2,-2
0,1,19667,19670,59001,59002,59003,59006,59007,59008,118003,118004,118005,118006,118007,118010,118011,118012,118013,118014,1,-1,2,-2,1,3,1,-1,-3,-1,2,2,5,2,2,-2,-2,-5,-2,-2
0,1,19669,19672,59007,59008,59009,59012,59013,59014,118015,118016,118017,118018,118019,118022,118023,118024,118025,118026,1,-1,2,-2,1,3,1,-1,-3,-1,2,2,5,2,2,-2,-2,-5,-2,-2
0,1,19671,19674,59013,59014,59015,59018,59019,59020,118027,118028,118029,118030,118031,118034,118035,118036,118037,118038,1,-1,2,-2,1,3,1,-1,-3,-1,2,2,5,2,2,-2,-2,-5,-2,-2
0,1,19673,19676,59019,59020,59021,59024,59025,59026,118039,118040,118041,118042,118043,118046,118047,118048,118049,118050,1,-1,2,-2,1,3,1,-1,-3,-1,2,2,5,2,2,-2,-2,-5,-2,-2
0,1,19675,19678,59025,59026,59027,59030,59031,59032,118051,118052,118053,118054,118055,118058,118059,118060,118061,118062,1,-1,2,-2,1,3,1,-1,-3,-1,2,2,5,2,2,-2,-2,-5,-2,-2
0,1,19677,19680,59031,59032,59033,59036,59037,59038,118063,118064,118065,118066,118067,118070,118071,118072,118073,118074,1,-1,2,-2,1,3,1,-1,-3,-1,2,2,5,2,2,-2,-2,-5,-2,-2
0,1,19679,19682,59037,59038,59039,59042,59043,59044,118075,118076,118077,118078,118079,118082,118083,118084,118085,118086,1,-1,2,-2,1,3,1,-1,-3,-1,2,2,5,2,2,-2,-2,-5,-2,-2
0,1,19681,19684,59043,59044,59045,59048,59049,59050,118087,118088,118089,118090,118091,118094,118095,118096,118097,118098,1,-1,2,-2,1,3,1,-1,-3,-1,2,2,5,2,2,-2,-2,-5,-2,-2
0,1,19683,19686,59049,59050,59051,59054,59055,59056,118099,118100,118101,118102,118103,118106,118107,118108,118109,118110,1,-1,2,-2,1,3,1,-1,-3,-1,2,2,5,2,2,-2,-2,-5,-2,-2
0,1,19685,19688,59055,59056,59057,59060,59061,59062,118111,118112,118113,118114,118115,118118,118119,118120,118121,118122,1,-1,2,-2,1,3,1,-1,-3,-1,2,2,5,2,2,-2,-2,-5,-2,-2
0,1,19687,19690,59061,59062,59063,59066,59067,59068,118123,118124,118125,118126,118127,118130,118131,118132,118133,118134,1,-1,2,-2,1,3,1,-1,-3,-1,2,2,5,2,2,-2,-2,-5,-2,-2
0,1,19689,19692,59067,59068,59069,59072,59073,59074,118135,118136,118137,118138,118139,118142,118143,118144,118145,118146,1,-1,2,-2,1,3,1,-1,-3,-1,2,2,5,2,2,-2,-2,-5,-2,-2
0,1,19691,19694,59073,59074,59075,59078,59079,59080,118147,118148,118149,118150,118151,118154,118155,118156,118157,118158,1,-1,2,-2,1,3,1,-1,-3,-1,2,2,5,2,2,-2,-2,-5,-2,-2
0,1,19693,19696,59079,59080,59081,59084,59085,59086,118159,118160,118161,118162,118163,118166,118167,118168,118169,118170,1,-1,2,-2,1,3,1,-1,-3,-1,2,2,5,2,2,-2,-2,-5,-2,-2
0,1,19695,19698,59085,59086,59087,59090,59091,59092,118171,118172,118173,118174,118175,118178,118179,118180,118181,118182,1,-1,2,-2,1,3,1,-1,-3,-1,2,2,5,2,2,-2,-2,-5,-2,-2
0,1,19697,19700,59091,59092,59093,59096,59097,59098,118183,118184,118185,118186,118187,118190,118191,118192,118193,118194,1,-1,2,-2,1,3,1,-1,-3,-1,2,2,5,2,2,-2,-2,-5,-2,-2
0,1,19699,19702,59097,59098,59099,59102,59103,59104,118195,118196,118197,118198,118199,118202,118203,118204,118205,118206,1,-1,2,-2,1,3,1,-1,-3,-1,2,2,5,2,2,-2,-2,-5,-2,-2
0,1,19701,19704,59103,59104,59105,59108,59109,59110,118207,118208,118209,118210,118211,118214,118215,118216,118217,118218,1,-1,2,-2,1,3,1,-1,-3,-1,2,2,5,2,2,-2,-2,-5,-2,-2
0,1,19703,19706,59109,59110,59111,59114,59115,59116,118219,118220,118221,118222,118223,118226,118227,118228,118229,118230,1,-1,2,-2,1,3,1,-1,-3,-1,2,2,5,2,2,-2,-2,-5,-2,-2
0,1,19705,19708,59115,59116,59117,59120,59121,59122,118231,118232,118233,118234,118235,118238,118239,118240,118241,118242,1,-1,2,-2,1,3,1,-1,-3,-1,2,2,5,2,2,-2,-2,-5,-2,-2
0,1,19707,19710,59121,59122,59123,59126,59127,59128,118243,118244,118245,118246,118247,118250,118251,118252,118253,118254,1,-1,2,-2,1,3,1,-1,-3,-1,2,2,5,2,2,-2,-2,-5,-2,-2
0,1,19709,19712,59127,59128,59129,59132,59133,59134,118255,118256,118257,118258,118259,118262,118263,118264,118265,118266,1,-1,2,-2,1,3,1,-1,-3,-1,2,2,5,2,2,-2,-2,-5,-2,-2
0,1,19711,19714,59133,59134,59135,59138,59139,59140,118267,118268,118269,118270,118271,118274,118275,118276,118277,118278,1,-1,2,-2,1,3,1,-1,-3,-1,2,2,5,2,2,-2,-2,-5,-2,-2
0,1,19713,19716,59139,59140,59141,59144,59145,59146,118279,118280,118281,118282,118283,118286,118287,118288,118289,118290,1,-1,2,-2,1,3,1,-1,-3,-1,2,2,5,2,2,-2,-2,-5,-2,-2
0,1,19715,19718,59145,59146,59147,59150,59151,59152,118291,118292,118293,118294,118295,118298,118299,118300,118301,118302,1,-1,2,-2,1,3,1,-1,-3,-1,2,2,5,2,2,-2,-2,-5,-2,-2
0,1,19717,19720,59151,59152,59153,59156,59157,59158,118303,118304,118305,118306,118307,118310,118311,118312,118313,118314,1,-1,2,-2,1,3,1,-1,-3,-1,2,2,5,2,2,-2,-2,-5,-2,-2
0,1,19719,19722,59157,59158,59159,59162,59163,59164,118315,118316,118317,118318,118319,118322,118323,118324,118325,118326,1,-1,2,-2,1,3,1,-1,-3,-1,2,2,5,2,2,-2,-2,-5,-2,-2
0,1,19721,19724,59163,59164,59165,59168,59169,59170,118327,118328,118329,118330,118331,118334,118335,118336,118337,118338,1,-1,2,-2,1,3,1,-1,-3,-1,2,2,5,2,2,-2,-2,-5,-2,-2
0,1,19723,19726,59169,59170,59171,59174,59175,59176,118339,118340,118341,118342,118343,118346,118347,118348,118349,118350,1,-1,2,-2,1,3,1,-1,-3,-1,2,2,5,2,2,-2,-2,-5,-2,-2
0,1,19725,19728,59175,59176,59177,59180,59181,59182,118351,118352,118353,118354,118355,118358,118359,118360,118361,118362,1,-1,2,-2,1,3,1,-1,-3,-1,2,2,5,2,2,-2,-2,-5,-2,-2
0,1,19727,19730,59181,59182,59183,59186,59187,59188,118363,118364,118365,118366,118367,118370,118371,118372,118373,118374,1,-1,2,-2,1,3,1,-1,-3,-1,2,2,5,2,2,-2,-2,-5,-2,-2
0,1,19729,19732,59187,59188,59189,59192,59193,59194,118375,118376,118377,118378,118379,118382,118383,118384,118385,118386,1,-1,2,-2,1,3,1,-1,-3,-1,2,2,5,2,2,-2,-2,-5,-2,-2
0,1,19731,19734,59193,59194,59195,59198,59199,59200,118387,118388,118389,118390,118391,118394,118395,118396,118397,118398,1,-1,2,-2,1,3,1,-1,-3,-1,2,2,5,2,2,-2,-2,-5,-2,-2
0,1,19733,19736,59199,59200,59201,59204,59205,59206,118399,118400,118401,118402,118403,118406,118407,118408,118409,118410,1,-1,2,-2,1,3,1,-1,-3,-1,2,2,5,2,2,-2,-2,-5,-2,-2
0,1,19735,19738,59205,59206,59207,59210,59211,59212,118411,118412,118413,118414,118415,118418,118419,118420,118421,118422,1,-1,2,-2,1,3,1,-1,-3,-1,2,2,5,2,2,-2,-2,-5,-2,-2
0,1,19737,19740,59211,59212,59213,59216,59217,59218,118423,118424,118425,118426,118427,118430,118431,118432,118433,118434,1,-1,2,-2,1,3,1,-1,-3,-1,2,2,5,2,2,-2,-2,-5,-2,-2
0,1,19739,19742,59217,59218,59219,59222,59223,59224,118435,118436,118437,118438,118439,118442,118443,118444,118445,118446,1,-1,2,-2,1,3,1,-1,-3,-1,2,2,5,2,2,-2,-2,-5,-2,-2
0,1,19741,19744,59223,59224,59225,59228,59229,59230,118447,118448,118449,118450,118451,118454,118455,118456,118457,118458,1,-1,2,-2,1,3,1,-1,-3,-1,2,2,5,2,2,-2,-2,-5,-2,-2
0,1,19743,19746,59229,59230,59231,59234,59235,59236,118459,118460,118461,118462,118463,118466,118467,118468,118469,118470,1,-1,2,-2,1,3,1,-1,-3,-1,2,2,5,2,2,-2,-2,-5,-2,-2
0,1,19745,19748,59235,59236,59237,59240,59241,59242,118471,118472,118473,118474,118475,118478,118479,118480,118481,118482,1,-1,2,-2,1,3,1,-1,-3,-1,2,2,5,2,2,-2,-2,-5,-2,-2
0,1,19747,19750,59241,59242,59243,59246,59247,59248,118483,118484,118485,118486,118487,118490,118491,118492,118493,118494,1,-1,2,-2,1,3,1,-1,-3,-1,2,2,5,2,2,-2,-2,-5,-2,-2
0,1,19749,19752,59247,59248,59249,59252,59253,59254,118495,118496,118497,118498,118499,118502,118503,118504,118505,118506,1,-1,2,-2,1,3,1,-1,-3,-1,2,2,5,2,2,-2,-2,-5,-2,-2
0,1,19751,19754,59253,59254,59255,59258,59259,59260,118507,118508,118509,118510,118511,118514,118515,118516,118517,118518,1,-1,2,-2,1,3,1,-1,-3,-1,2,2,5,2,2,-2,-2,-5,-2,-2
0,1,19753,19756,59259,59260,59261,59264,59265,59266,118519,118520,118521,118522,118523,118526,118527,118528,118529,118530,1,-1,2,-2,1,3,1,-1,-3,-1,2,2,5,2,2,-2,-2,-5,-2,-2
0,1,19755,19758,59265,59266,59267,59270,59271,59272,118531,118532,118533,118534,118535,118538,118539,118540,118541,118542,1,-1,2,-2,1,3,1,-1,-3,-1,2,2,5,2,2,-2,-2,-5,-2,-2
0,1,19757,19760,59271,59272,59273,59276,59277,59278,118543,118544,118545,118546,118547,118550,118551,118552,118553,118554,1,-1,2,-2,1,3,1,-1,-3,-1,2,2,5,2,2,-2,-2,-5,-2,-2
0,1,19759,19762,59277,59278,59279,59282,59283,59284,118555,118556,118557,118558,118559,118562,118563,118564,118565,118566,1,-1,2,-2,1,3,1,-1,-3,-1,2,2,5,2,2,-2,-2,-5,-2,-2
0,1,19761,19764,59283,59284,59285,59288,59289,59290,118567,118568,118569,118570,118571,118574,118575,118576,118577,118578,1,-1,2,-2,1,3,1,-1,-3,-1,2,2,5,2,2,-2,-2,-5,-2,-2
0,1,19763,19766,59289,59290,59291,59294,59295,59296,118579,118580,118581,118582,118583,118586,118587,118588,118589,118590,1,-1,2,-2,1,3,1,-1,-3,-1,2,2,5,2,2,-2,-2,-5,-2,-2
0,1,19765,19768,59295,59296,59297,59300,59301,59302,118591,118592,118593,118594,118595,118598,118599,118600,118601,118602,1,-1,2,-2,1,3,1,-1,-3,-1,2,2,5,2,2,-2,-2,-5,-2,-2
0,1,19767,19770,59301,59302,59303,59306,59307,59308,118603,118604,118605,118606,118607,118610,118611,118612,118613,118614,1,-1,2,-2,1,3,1,-1,-3,-1,2,2,5,2,2,-2,-2,-5,-2,-2
0,1,19769,19772,59307,59308,59309,59312,59313,59314,118615,118616,118617,118618,118619,118622,118623,118624,118625,118626,1,-1,2,-2,1,3,1,-1,-3,-1,2,2,5,2,2,-2,-2,-5,-2,-2
0,1,19771,19774,59313,59314,59315,59318,59319,59320,118627,118628,118629,118630,118631,118634,118635,118636,118637,118638,1,-1,2,-2,1,3,1,-1,-3,-1,2,2,5,2,2,-2,-2,-5,-2,-2
0,1,19773,19776,59319,59320,59321,59324,59325,59326,118639,118640,118641,118642,118643,118646,118647,118648,118649,118650,1,-1,2,-2,1,3,1,-1,-3,-1,2,2,5,2,2,-2,-2,-5,-2,-2
0,1,19775,19778,59325,59326,59327,59330,59331,59332,118651,118652,118653,118654,118655,118658,118659,118660,118661,118662,1,-1,2,-2,1,3,1,-1,-3,-1,2,2,5,2,2,-2,-2,-5,-2,-2
0,1,19777,19780,59331,59332,59333,59336,59337,59338,118663,118664,118665,118666,118667,118670,118671,118672,118673,118674,1,-1,2,-2,1,3,1,-1,-3,-1,2,2,5,2,2,-2,-2,-5,-2,-2
0,1,19779,19782,59337,59338,59339,59342,59343,59344,118675,118676,118677,118678,118679,118682,118683,118684,118685,118686,1,-1,2,-2,1,3,1,-1,-3,-1,2,2,5,2,2,-2,-2,-5,-2,-2
0,1,19781,19784,59343,59344,59345,59348,59349,59350,118687,118688,118689,118690,118691,118694,118695,118696,118697,118698,1,-1,2,-2,1,3,1,-1,-3,-1,2,2,5,2,2,-2,-2,-5,-2,-2
0,1,19783,19786,59349,59350,59351,59354,59355,59356,118699,118700,118701,118702,118703,118706,118707,118708,118709,118710,1,-1,2,-2,1,3,1,-1,-3,-1,2,2,5,2,2,-2,-2,-5,-2,-2
0,1,19785,19788,59355,59356,59357,59360,59361,59362,118711,118712,118713,118714,118715,118718,118719,118720,118721,118722,1,-1,2,-2,1,3,1,-1,-3,-1,2,2,5,2,2,-2,-2,-5,-2,-2
0,1,19787,19790,59361,59362,59363,59366,59367,59368,118723,118724,118725,118726,118727,118730,118731,118732,118733,118734,1,-1,2,-2,1,3,1,-1,-3,-1,2,2,5,2,2,-2,-2,-5,-2,-2
0,1,19789,19792,59367,59368,59369,59372,59373,59374,118735,118736,118737,118738,118739,118742,118743,118744,118745,118746,1,-1,2,-2,1,3,1,-1,-3,-1,2,2,5,2,2,-2,-2,-5,-2,-2
0,1,19791,19794,59373,59374,59375,59378,59379,59380,118747,118748,118749,118750,118751,118754,118755,118756,118757,118758,1,-1,2,-2,1,3,1,-1,-3,-1,2,2,5,2,2,-2,-2,-5,-2,-2
0,1,19793,19796,59379,59380,59381,59384,59385,59386,118759,118760,118761,118762,118763,118766,118767,118768,118769,118770,1,-1,2,-2,1,3,1,-1,-3,-1,2,2,5,2,2,-2,-2,-5,-2,-2
0,1,19795,19798,59385,59386,59387,59390,59391,59392,118771,118772,118773,118774,118775,118778,118779,118780,118781,118782,1,-1,2,-2,1,3,1,-1,-3,-1,2,2,5,2,2,-2,-2,-5,-2,-2
0,1,19797,19800,59391,59392,59393,59396,59397,59398,118783,118784,118785,118786,118787,118790,118791,118792,118793,118794,1,-1,2,-2,1,3,1,-1,-3,-1,2,2,5,2,2,-2,-2,-5,-2,-2
0,1,19799,19802,59397,59398,59399,59402,59403,59404,118795,118796,118797,118798,118799,118802,118803,118804,118805,118806,1,-1,2,-2,1,3,1,-1,-3,-1,2,2,5,2,2,-2,-2,-5,-2,-2
0,1,19801,19804,59403,59404,59405,59408,59409,59410,118807,118808,118809,118810,118811,118814,118815,118816,118817,118818,1,-1,2,-2,1,3,1,-1,-3,-1,2,2,5,2,2,-2,-2,-5,-2,-2
0,1,19803,19806,59409,59410,59411,59414,59415,59416,118819,118820,118821,118822,118823,118826,118827,118828,118829,118830,1,-1,2,-2,1,3,1,-1,-3,-1,2,2,5,2,2,-2,-2,-5,-2,-2
0,1,19805,19808,59415,59416,59417,59420,59421,59422,118831,118832,118833,118834,118835,118838,118839,118840,118841,118842,1,-1,2,-2,1,3,1,-1,-3,-1,2,2,5,2,2,-2,-2,-5,-2,-2
0,1,19807,19810,59421,59422,59423,59426,59427,59428,118843,118844,118845,118846,118847,118850,118851,118852,118853,118854,1,-1,2,-2,1,3,1,-1,-3,-1,2,2,5,2,2,-2,-2,-5,-2,-2
0,1,19809,19812,59427,59428,59429,59432,59433,59434,118855,118856,118857,118858,118859,118862,118863,118864,118865,118866,1,-1,2,-2,1,3,1,-1,-3,-1,2,2,5,2,2,-2,-2,-5,-2,-2
0,1,19811,19814,59433,59434,59435,59438,59439,59440,118867,118868,118869,118870,118871,118874,118875,118876,118877,118878,1,-1,2,-2,1,3,1,-1,-3,-1,2,2,5,2,2,-2,-2,-5,-2,-2
0,1,19813,19816,59439,59440,59441,59444,59445,59446,118879,118880,118881,118882,118883,118886,118887,118888,118889,118890,1,-1,2,-2,1,3,1,-1,-3,-1,2,2,5,2,2,-2,-2,-5,-2,-2
0,1,19815,19818,59445,59446,59447,59450,59451,59452,118891,118892,118893,118894,118895,118898,118899,118900,118901,118902,1,-1,2,-2,1,3,1,-1,-3,-1,2,2,5,2,2,-2,-2,-5,-2,-2
0,1,19817,19820,59451,59452,59453,59456,59457,59458,118903,118904,118905,118906,118907,118910,118911,118912,118913,118914,1,-1,2,-2,1,3,1,-1,-3,-1,2,2,5,2,2,-2,-2,-5,-2,-2
0,1,19819,19822,59457,59458,59459,59462,59463,59464,118915,118916,118917,118918,118919,118922,118923,118924,118925,118926,1,-1,2,-2,1,3,1,-1,-3,-1,2,2,5,2,2,-2,-2,-5,-2,-2
0,1,19821,19824,59463,59464,59465,59468,59469,59470,118927,118928,118929,118930,118931,118934,118935,118936,118937,118938,1,-1,2,-2,1,3,1,-1,-3,-1,2,2,5,2,2,-2,-2,-5,-2,-2
0,1,19823,19826,59469,59470,59471,59474,59475,59476,118939,118940,118941,118942,118943,118946,118947,118948,118949,118950,1,-1,2,-2,1,3,1,-1,-3,-1,2,2,5,2,2,-2,-2,-5,-2,-2
0,1,19825,19828,59475,59476,59477,59480,59481,59482,118951,118952,118953,118954,118955,118958,118959,118960,118961,118962,1,-1,2,-2,1,3,1,-1,-3,-1,2,2,5,2,2,-2,-2,-5,-2,-2
0,1,19827,19830,59481,59482,59483,59486,59487,59488,118963,118964,118965,118966,118967,118970,118971,118972,118973,118974,1,-1,2,-2,1,3,1,-1,-3,-1,2,2,5,2,2,-2,-2,-5,-2,-2
0,1,19829,19832,59487,59488,59489,59492,59493,59494,118975,118976,118977,118978,118979,118982,118983,118984,118985,118986,1,-1,2,-2,1,3,1,-1,-3,-1,2,2,5,2,2,-2,-2,-5,-2,-2
0,1,19831,19834,59493,59494,59495,59498,59499,59500,118987,118988,118989,118990,118991,118994,118995,118996,118997,118998,1,-1,2,-2,1,3,1,-1,-3,-1,2,2,5,2,2,-2,-2,-5,-2,-2
0,1,19833,19836,59499,59500,59501,59504,59505,59506,118999,119000,119001,119002,119003,119006,119007,119008,119009,119010,1,-1,2,-2,1,3,1,-1,-3,-1,2,2,5,2,2,-2,-2,-5,-2,-2
0,1,19835,19838,59505,59506,59507,59510,59511,59512,119011,119012,119013,119014,119015,119018,119019,119020,119021,119022,1,-1,2,-2,1,3,1,-1,-3,-1,2,2,5,2,2,-2,-2,-5,-2,-2
0,1,19837,19840,59511,59512,59513,59516,59517,59518,119023,119024,119025,119026,119027,119030,119031,119032,119033,119034,1,-1,2,-2,1,3,1,-1,-3,-1,2,2,5,2,2,-2,-2,-5,-2,-2
0,1,19839,19842,59517,59518,59519,59522,59523,59524,119035,119036,119037,119038,119039,119042,119043,119044,119045,119046,1,-1,2,-2,1,3,1,-1,-3,-1,2,2,5,2,2,-2,-2,-5,-2,-2
0,1,19841,19844,59523,59524,59525,59528,59529,59530,119047,119048,119049,119050,119051,119054,119055,119056,119057,119058,1,-1,2,-2,1,3,1,-1,-3,-1,2,2,5,2,2,-2,-2,-5,-2,-2
0,1,19843,19846,59529,59530,59531,59534,59535,59536,119059,119060,119061,119062,119063,119066,119067,119068,119069,119070,1,-1,2,-2,1,3,1,-1,-3,-1,2,2,5,2,2,-2,-2,-5,-2,-2
0,1,19845,19848,59535,59536,59537,59540,59541,59542,119071,119072,119073,119074,119075,119078,119079,119080,119081,119082,1,-1,2,-2,1,3,1,-1,-3,-1,2,2,5,2,2,-2,-2,-5,-2,-2
0,1,19847,19850,59541,59542,59543,59546,59547,59548,119083,119084,119085,119086,119087,119090,119091,119092,119093,119094,1,-1,2,-2,1,3,1,-1,-3,-1,2,2,5,2,2,-2,-2,-5,-2,-2
0,1,19849,19852,59547,59548,59549,59552,59553,59554,119095,119096,119097,119098,119099,119102,119103,119104,119105,119106,1,-1,2,-2,1,3,1,-1,-3,-1,2,2,5,2,2,-2,-2,-5,-2,-2
0,1,19851,19854,59553,59554,59555,59558,59559,59560,119107,119108,119109,119110,119111,119114,119115,119116,119117,119118,1,-1,2,-2,1,3,1,-1,-3,-1,2,2,5,2,2,-2,-2,-5,-2,-2
0,1,19853,19856,59559,59560,59561,59564,59565,59566,119119,119120,119121,119122,119123,119126,119127,119128,119129,119130,1,-1,2,-2,1,3,1,-1,-3,-1,2,2,5,2,2,-2,-2,-5,-2,-2
0,1,19855,19858,59565,59566,59567,59570,59571,59572,119131,119132,119133,119134,119135,119138,119139,119140,119141,119142,1,-1,2,-2,1,3,1,-1,-3,-1,2,2,5,2,2,-2,-2,-5,-2,-2
0,1,19857,19860,59571,59572,59573,59576,59577,59578,119143,119144,119145,119146,119147,119150,119151,119152,119153,119154,1,-1,2,-2,1,3,1,-1,-3,-1,2,2,5,2,2,-2,-2,-5,-2,-2
0,1,19859,19862,59577,59578,59579,59582,59583,59584,119155,119156,119157,119158,119159,119162,119163,119164,119165,119166,1,-1,2,-2,1,3,1,-1,-3,-1,2,2,5,2,2,-2,-2,-5,-2,-2
0,1,19861,19864,59583,59584,59585,59588,59589,59590,119167,119168,119169,119170,119171,119174,119175,119176,119177,119178,1,-1,2,-2,1,3,1,-1,-3,-1,2,2,5,2,2,-2,-2,-5,-2,-2
0,1,19863,19866,59589,59590,59591,59594,59595,59596,119179,119180,119181,119182,119183,119186,119187,119188,119189,119190,1,-1,2,-2,1,3,1,-1,-3,-1,2,2,5,2,2,-2,-2,-5,-2,-2
0,1,19865,19868,59595,59596,59597,59600,59601,59602,119191,119192,119193,119194,119195,119198,119199,119200,119201,119202,1,-1,2,-2,1,3,1,-1,-3,-1,2,2,5,2,2,-2,-2,-5,-2,-2
0,1,19867,19870,59601,59602,59603,59606,59607,59608,119203,119204,119205,119206,119207,119210,119211,119212,119213,119214,1,-1,2,-2,1,3,1,-1,-3,-1,2,2,5,2,2,-2,-2,-5,-2,-2
0,1,19869,19872,59607,59608,59609,59612,59613,59614,119215,119216,119217,119218,119219,119222,119223,119224,119225,119226,1,-1,2,-2,1,3,1,-1,-3,-1,2,2,5,2,2,-2,-2,-5,-2,-2
0,1,19871,19874,59613,59614,59615,59618,59619,59620,119227,119228,119229,119230,119231,119234,119235,119236,119237,119238,1,-1,2,-2,1,3,1,-1,-3,-1,2,2,5,2,2,-2,-2,-5,-2,-2
0,1,19873,19876,59619,59620,59621,59624,59625,59626,119239,119240,119241,119242,119243,119246,119247,119248,119249,119250,1,-1,2,-2,1,3,1,-1,-3,-1,2,2,5,2,2,-2,-2,-5,-2,-2
0,1,19875,19878,59625,59626,59627,59630,59631,59632,119251,119252,119253,119254,119255,119258,119259,119260,119261,119262,1,-1,2,-2,1,3,1,-1,-3,-1,2,2,5,2,2,-2,-2,-5,-2,-2
0,1,19877,19880,59631,59632,59633,59636,59637,59638,119263,119264,119265,119266,119267,119270,119271,119272,119273,119274,1,-1,2,-2,1,3,1,-1,-3,-1,2,2,5,2,2,-2,-2,-5,-2,-2
0,1,19879,19882,59637,59638,59639,59642,59643,59644,119275,119276,119277,119278,119279,119282,119283,119284,119285,119286,1,-1,2,-2,1,3,1,-1,-3,-1,2,2,5,2,2,-2,-2,-5,-2,-2
0,1,19881,19884,59643,59644,59645,59648,59649,59650,119287,119288,119289,119290,119291,119294,119295,119296,119297,119298,1,-1,2,-2,1,3,1,-1,-3,-1,2,2,5,2,2,-2,-2,-5,-2,-2
0,1,19883,19886,59649,59650,59651,59654,59655,59656,119299,119300,119301,119302,119303,119306,119307,119308,119309,119310,1,-1,2,-2,1,3,1,-1,-3,-1,2,2,5,2,2,-2,-2,-5,-2,-2
0,1,19885,19888,59655,59656,59657,59660,59661,59662,119311,119312,119313,119314,119315,119318,119319,119320,119321,119322,1,-1,2,-2,1,3,1,-1,-3,-1,2,2,5,2,2,-2,-2,-5,-2,-2
0,1,19887,19890,59661,59662,59663,59666,59667,59668,119323,119324,119325,119326,119327,119330,119331,119332,119333,119334,1,-1,2,-2,1,3,1,-1,-3,-1,2,2,5,2,2,-2,-2,-5,-2,-2
0,1,19889,19892,59667,59668,59669,59672,59673,59674,119335,119336,119337,119338,119339,119342,119343,119344,119345,119346,1,-1,2,-2,1,3,1,-1,-3,-1,2,2,5,2,2,-2,-2,-5,-2,-2
0,1,19891,19894,59673,59674,59675,59678,59679,59680,119347,119348,119349,119350,119351,119354,119355,119356,119357,119358,1,-1,2,-2,1,3,1,-1,-3,-1,2,2,5,2,2,-2,-2,-5,-2,-2
0,1,19893,19896,59679,59680,59681,59684,59685,59686,119359,119360,119361,119362,119363,119366,119367,119368,119369,119370,1,-1,2,-2,1,3,1,-1,-3,-1,2,2,5,2,2,-2,-2,-5,-2,-2
0,1,19895,19898,59685,59686,59687,59690,59691,59692,119371,119372,119373,119374,119375,119378,119379,119380,119381,119382,1,-1,2,-2,1,3,1,-1,-3,-1,2,2,5,2,2,-2,-2,-5,-2,-2
0,1,19897,19900,59691,59692,59693,59696,59697,59698,119383,119384,119385,119386,119387,119390,119391,119392,119393,119394,1,-1,2,-2,1,3,1,-1,-3,-1,2,2,5,2,2,-2,-2,-5,-2,-2
0,1,19899,19902,59697,59698,59699,59702,59703,59704,119395,119396,119397,119398,119399,119402,119403,119404,119405,119406,1,-1,2,-2,1,3,1,-1,-3,-1,2,2,5,2,2,-2,-2,-5,-2,-2
0,1,19901,19904,59703,59704,59705,59708,59709,59710,119407,119408,119409,119410,119411,119414,119415,119416,119417,119418,1,-1,2,-2,1,3,1,-1,-3,-1,2,2,5,2,2,-2,-2,-5,-2,-2
0,1,19903,19906,59709,59710,59711,59714,59715,59716,119419,119420,119421,119422,119423,119426,119427,119428,119429,119430,1,-1,2,-2,1,3,1,-1,-3,-1,2,2,5,2,2,-2,-2,-5,-2,-2
0,1,19905,19908,59715,59716,59717,59720,59721,59722,119431,119432,119433,119434,119435,119438,119439,119440,119441,119442,1,-1,2,-2,1,3,1,-1,-3,-1,2,2,5,2,2,-2,-2,-5,-2,-2
0,1,19907,19910,59721,59722,59723,59726,59727,59728,119443,119444,119445,119446,119447,119450,119451,119452,119453,119454,1,-1,2,-2,1,3,1,-1,-3,-1,2,2,5,2,2,-2,-2,-5,-2,-2
0,1,19909,19912,59727,59728,59729,59732,59733,59734,119455,119456,119457,119458,119459,119462,119463,119464,119465,119466,1,-1,2,-2,1,3,1,-1,-3,-1,2,2,5,2,2,-2,-2,-5,-2,-2
0,1,19911,19914,59733,59734,59735,59738,59739,59740,119467,119468,119469,119470,119471,119474,119475,119476,119477,119478,1,-1,2,-2,1,3,1,-1,-3,-1,2,2,5,2,2,-2,-2,-5,-2,-2
0,1,19913,19916,59739,59740,59741,59744,59745,59746,119479,119480,119481,119482,119483,119486,119487,119488,119489,119490,1,-1,2,-2,1,3,1,-1,-3,-1,2,2,5,2,2,-2,-2,-5,-2,-2
0,1,19915,19918,59745,59746,59747,59750,59751,59752,119491,119492,119493,119494,119495,119498,119499,119500,119501,119502,1,-1,2,-2,1,3,1,-1,-3,-1,2,2,5,2,2,-2,-2,-5,-2,-2
0,1,19917,19920,59751,59752,59753,59756,59757,59758,119503,119504,119505,119506,119507,119510,119511,119512,119513,119514,1,-1,2,-2,1,3,1,-1,-3,-1,2,2,5,2,2,-2,-2,-5,-2,-2
0,1,19919,19922,59757,59758,59759,59762,59763,59764,119515,119516,119517,119518,119519,119522,119523,119524,119525,119526,1,-1,2,-2,1,3,1,-1,-3,-1,2,2,5,2,2,-2,-2,-5,-2,-2
0,1,19921,19924,59763,59764,59765,59768,59769,59770,119527,119528,119529,119530,119531,119534,119535,119536,119537,119538,1,-1,2,-2,1,3,1,-1,-3,-1,2,2,5,2,2,-2,-2,-5,-2,-2
0,1,19923,19926,59769,59770,59771,59774,59775,59776,119539,119540,119541,119542,119543,119546,119547,119548,119549,119550,1,-1,2,-2,1,3,1,-1,-3,-1,2,2,5,2,2,-2,-2,-5,-2,-2
0,1,19925,19928,59775,59776,59777,59780,59781,59782,119551,119552,119553,119554,119555,119558,119559,119560,119561,119562,1,-1,2,-2,1,3,1,-1,-3,-1,2,2,5,2,2,-2,-2,-5,-2,-2
0,1,19927,19930,59781,59782,59783,59786,59787,59788,119563,119564,119565,119566,119567,119570,119571,119572,119573,119574,1,-1,2,-2,1,3,1,-1,-3,-1,2,2,5,2,2,-2,-2,-5,-2,-2
0,1,19929,19932,59787,59788,59789,59792,59793,59794,119575,119576,119577,119578,119579,119582,119583,119584,119585,119586,1,-1,2,-2,1,3,1,-1,-3,-1,2,2,5,2,2,-2,-2,-5,-2,-2
0,1,19931,19934,59793,59794,59795,59798,59799,59800,119587,119588,119589,119590,119591,119594,119595,119596,119597,119598,1,-1,2,-2,1,3,1,-1,-3,-1,2,2,5,2,2,-2,-2,-5,-2,-2
0,1,19933,19936,59799,59800,59801,59804,59805,59806,119599,119600,119601,119602,119603,119606,119607,119608,119609,119610,1,-1,2,-2,1,3,1,-1,-3,-1,2,2,5,2,2,-2,-2,-5,-2,-2
0,1,19935,19938,59805,59806,59807,59810,59811,59812,119611,119612,119613,119614,119615,119618,119619,119620,119621,119622,1,-1,2,-2,1,3,1,-1,-3,-1,2,2,5,2,2,-2,-2,-5,-2,-2
0,1,19937,19940,59811,59812,59813,59816,59817,59818,119623,119624,119625,119626,119627,119630,119631,119632,119633,119634,1,-1,2,-2,1,3,1,-1,-3,-1,2,2,5,2,2,-2,-2,-5,-2,-2
0,1,19939,19942,59817,59818,59819,59822,59823,59824,119635,119636,119637,119638,119639,119642,119643,119644,119645,119646,1,-1,2,-2,1,3,1,-1,-3,-1,2,2,5,2,2,-2,-2,-5,-2,-2
0,1,19941,19944,59823,59824,59825,59828,59829,59830,119647,119648,119649,119650,119651,119654,119655,119656,119657,119658,1,-1,2,-2,1,3,1,-1,-3,-1,2,2,5,2,2,-2,-2,-5,-2,-2
0,1,19943,19946,59829,59830,59831,59834,59835,59836,119659,119660,119661,119662,119663,119666,119667,119668,119669,119670,1,-1,2,-2,1,3,1,-1,-3,-1,2,2,5,2,2,-2,-2,-5,-2,-2
0,1,19945,19948,59835,59836,59837,59840,59841,59842,119671,119672,119673,119674,119675,119678,119679,119680,119681,119682,1,-1,2,-2,1,3,1,-1,-3,-1,2,2,5,2,2,-2,-2,-5,-2,-2
0,1,19947,19950,59841,59842,59843,59846,59847,59848,119683,119684,119685,119686,119687,119690,119691,119692,119693,119694,1,-1,2,-2,1,3,1,-1,-3,-1,2,2,5,2,2,-2,-2,-5,-2,-2
0,1,19949,19952,59847,59848,59849,59852,59853,59854,119695,119696,119697,119698,119699,119702,119703,119704,119705,119706,1,-1,2,-2,1,3,1,-1,-3,-1,2,2,5,2,2,-2,-2,-5,-2,-2
0,1,19951,19954,59853,59854,59855,59858,59859,59860,119707,119708,119709,119710,119711,119714,119715,119716,119717,119718,1,-1,2,-2,1,3,1,-1,-3,-1,2,2,5,2,2,-2,-2,-5,-2,-2
0,1,19953,19956,59859,59860,59861,59864,59865,59866,119719,119720,119721,119722,119723,119726,119727,119728,119729,119730,1,-1,2,-2,1,3,1,-1,-3,-1,2,2,5,2,2,-2,-2,-5,-2,-2
0,1,19955,19958,59865,59866,59867,59870,59871,59872,119731,119732,119733,119734,119735,119738,119739,119740,119741,119742,1,-1,2,-2,1,3,1,-1,-3,-1,2,2,5,2,2,-2,-2,-5,-2,-2
0,1,19957,19960,59871,59872,59873,59876,59877,59878,119743,119744,119745,119746,119747,119750,119751,119752,119753,119754,1,-1,2,-2,1,3,1,-1,-3,-1,2,2,5,2,2,-2,-2,-5,-2,-2
0,1,19959,19962,59877,59878,59879,59882,59883,59884,119755,119756,119757,119758,119759,119762,119763,119764,119765,119766,1,-1,2,-2,1,3,1,-1,-3,-1,2,2,5,2,2,-2,-2,-5,-2,-2
0,1,19961,19964,59883,59884,59885,59888,59889,59890,119767,119768,119769,119770,119771,119774,119775,119776,119777,119778,1,-1,2,-2,1,3,1,-1,-3,-1,2,2,5,2,2,-2,-2,-5,-2,-2
0,1,19963,19966,59889,59890,59891,59894,59895,59896,119779,119780,119781,119782,119783,119786,119787,119788,119789,119790,1,-1,2,-2,1,3,1,-1,-3,-1,2,2,5,2,2,-2,-2,-5,-2,-2
0,1,19965,19968,59895,59896,59897,59900,59901,59902,119791,119792,119793,119794,119795,119798,119799,119800,119801,119802,1,-1,2,-2,1,3,1,-1,-3,-1,2,2,5,2,2,-2,-2,-5,-2,-2
0,1,19967,19970,59901,59902,59903,59906,59907,59908,119803,119804,119805,119806,119807,119810,119811,119812,119813,119814,1,-1,2,-2,1,3,1,-1,-3,-1,2,2,5,2,2,-2,-2,-5,-2,-2
0,1,19969,19972,59907,59908,59909,59912,59913,59914,119815,119816,119817,119818,119819,119822,119823,119824,119825,119826,1,-1,2,-2,1,3,1,-1,-3,-1,2,2,5,2,2,-2,-2,-5,-2,-2
0,1,19971,19974,59913,59914,59915,59918,59919,59920,119827,119828,119829,119830,119831,119834,119835,119836,119837,119838,1,-1,2,-2,1,3,1,-1,-3,-1,2,2,5,2,2,-2,-2,-5,-2,-2
0,1,19973,19976,59919,59920,59921,59924,59925,59926,119839,119840,119841,119842,119843,119846,119847,119848,119849,119850,1,-1,2,-2,1,3,1,-1,-3,-1,2,2,5,2,2,-2,-2,-5,-2,-2
0,1,19975,19978,59925,59926,59927,59930,59931,59932,119851,119852,119853,119854,119855,119858,119859,119860,119861,119862,1,-1,2,-2,1,3,1,-1,-3,-1,2,2,5,2,2,-2,-2,-5,-2,-2
0,1,19977,19980,59931,59932,59933,59936,59937,59938,119863,119864,119865,119866,119867,119870,119871,119872,119873,119874,1,-1,2,-2,1,3,1,-1,-3,-1,2,2,5,2,2,-2,-2,-5,-2,-2
0,1,19979,19982,59937,59938,59939,59942,59943,59944,119875,119876,119877,119878,119879,119882,119883,119884,119885,119886,1,-1,2,-2,1,3,1,-1,-3,-1,2,2,5,2,2,-2,-2,-5,-2,-2
0,1,19981,19984,59943,59944,59945,59948,59949,59950,119887,119888,119889,119890,119891,119894,119895,119896,119897,119898,1,-1,2,-2,1,3,1,-1,-3,-1,2,2,5,2,2,-2,-2,-5,-2,-2
0,1,19983,19986,59949,59950,59951,59954,59955,59956,119899,119900,119901,119902,119903,119906,119907,119908,119909,119910,1,-1,2,-2,1,3,1,-1,-3,-1,2,2,5,2,2,-2,-2,-5,-2,-2
0,1,19985,19988,59955,59956,59957,59960,59961,59962,119911,119912,119913,119914,119915,119918,119919,119920,119921,119922,1,-1,2,-2,1,3,1,-1,-3,-1,2,2,5,2,2,-2,-2,-5,-2,-2
0,1,19987,19990,59961,59962,59963,59966,59967,59968,119923,119924,119925,119926,119927,119930,119931,119932,119933,119934,1,-1,2,-2,1,3,1,-1,-3,-1,2,2,5,2,2,-2,-2,-5,-2,-2
0,1,19989,19992,59967,59968,59969,59972,59973,59974,119935,119936,119937,119938,119939,119942,119943,119944,119945,119946,1,-1,2,-2,1,3,1,-1,-3,-1,2,2,5,2,2,-2,-2,-5,-2,-2
0,1,19991,19994,59973,59974,59975,59978,59979,59980,119947,119948,119949,119950,119951,119954,119955,119956,119957,119958,1,-1,2,-2,1,3,1,-1,-3,-1,2,2,5,2,2,-2,-2,-5,-2,-2
0,1,19993,19996,59979,59980,59981,59984,59985,59986,119959,119960,119961,119962,119963,119966,119967,119968,119969,119970,1,-1,2,-2,1,3,1,-1,-3,-1,2,2,5,2,2,-2,-2,-5,-2,-2
0,1,19995,19998,59985,59986,59987,59990,59991,59992,119971,119972,119973,119974,119975,119978,119979,119980,119981,119982,1,-1,2,-2,1,3,1,-1,-3,-1,2,2,5,2,2,-2,-2,-5,-2,-2
0,1,19997,20000,59991,59992,59993,59996,59997,59998,119983,119984,119985,119986,119987,119990,119991,119992,119993,119994,1,-1,2,-2,1,3,1,-1,-3,-1,2,2,5,2,2,-2,-2,-5,-2,-2
0,1,19999,20002,59997,59998,59999,60002,60003,60004,119995,119996,119997,119998,119999,120002,120003,120004,120005,120006,1,-1,2,-2,1,3,1,-1,-3,-1,2,2,5,2,2,-2,-2,-5,-2,-2
0,1,20001,20004,60003,60004,60005,60008,60009,60010,120007,120008,120009,120010,120011,120014,120015,120016,120017,120018,1,-1,2,-2,1,3,1,-1,-3,-1,2,2,5,2,2,-2,-2,-5,-2,-2
0,1,20003,20006,60009,60010,60011,60014,60015,60016,120019,120020,120021,120022,120023,120026,120027,120028,120029,120030,1,-1,2,-2,1,3,1,-1,-3,-1,2,2,5,2,2,-2,-2,-5,-2,-2
0,1,20005,20008,60015,60016,60017,60020,60021,60022,120031,120032,120033,120034,120035,120038,120039,120040,120041,120042,1,-1,2,-2,1,3,1,-1,-3,-1,2,2,5,2,2,-2,-2,-5,-2,-2
0,1,20007,20010,60021,60022,60023,60026,60027,60028,120043,120044,120045,120046,120047,120050,120051,120052,120053,120054,1,-1,2,-2,1,3,1,-1,-3,-1,2,2,5,2,2,-2,-2,-5,-2,-2
0,1,20009,20012,60027,60028,60029,60032,60033,60034,120055,120056,120057,120058,120059,120062,120063,120064,120065,120066,1,-1,2,-2,1,3,1,-1,-3,-1,2,2,5,2,2,-2,-2,-5,-2,-2
0,1,20011,20014,60033,60034,60035,60038,60039,60040,120067,120068,120069,120070,120071,120074,120075,120076,120077,120078,1,-1,2,-2,1,3,1,-1,-3,-1,2,2,5,2,2,-2,-2,-5,-2,-2
0,1,20013,20016,60039,60040,60041,60044,60045,60046,120079,120080,120081,120082,120083,120086,120087,120088,120089,120090,1,-1,2,-2,1,3,1,-1,-3,-1,2,2,5,2,2,-2,-2,-5,-2,-2
0,1,20015,20018,60045,60046,60047,60050,60051,60052,120091,120092,120093,120094,120095,120098,120099,120100,120101,120102,1,-1,2,-2,1,3,1,-1,-3,-1,2,2,5,2,2,-2,-2,-5,-2,-2
0,1,20017,20020,60051,60052,60053,60056,60057,60058,120103,120104,120105,120106,120107,120110,120111,120112,120113,120114,1,-1,2,-2,1,3,1,-1,-3,-1,2,2,5,2,2,-2,-2,-5,-2,-2
0,1,20019,20022,60057,60058,60059,60062,60063,60064,120115,120116,120117,120118,120119,120122,120123,120124,120125,120126,1,-1,2,-2,1,3,1,-1,-3,-1,2,2,5,2,2,-2,-2,-5,-2,-2
0,1,20021,20024,60063,60064,60065,60068,60069,60070,120127,120128,120129,120130,120131,120134,120135,120136,120137,120138,1,-1,2,-2,1,3,1,-1,-3,-1,2,2,5,2,2,-2,-2,-5,-2,-2
0,1,20023,20026,60069,60070,60071,60074,60075,60076,120139,120140,120141,120142,120143,120146,120147,120148,120149,120150,1,-1,2,-2,1,3,1,-1,-3,-1,2,2,5,2,2,-2,-2,-5,-2,-2
0,1,20025,20028,60075,60076,60077,60080,60081,60082,120151,120152,120153,120154,120155,120158,120159,120160,120161,120162,1,-1,2,-2,1,3,1,-1,-3,-1,2,2,5,2,2,-2,-2,-5,-2,-2
0,1,20027,20030,60081,60082,60083,60086,60087,60088,120163,120164,120165,120166,120167,120170,120171,120172,120173,120174,1,-1,2,-2,1,3,1,-1,-3,-1,2,2,5,2,2,-2,-2,-5,-2,-2
0,1,20029,20032,60087,60088,60089,60092,60093,60094,120175,120176,120177,120178,120179,120182,120183,120184,120185,120186,1,-1,2,-2,1,3,1,-1,-3,-1,2,2,5,2,2,-2,-2,-5,-2,-2
0,1,20031,20034,60093,60094,60095,60098,60099,60100,120187,120188,120189,120190,120191,120194,120195,120196,120197,120198,1,-1,2,-2,1,3,1,-1,-3,-1,2,2,5,2,2,-2,-2,-5,-2,-2
0,1,20033,20036,60099,60100,60101,60104,60105,60106,120199,120200,120201,120202,120203,120206,120207,120208,120209,120210,1,-1,2,-2,1,3,1,-1,-3,-1,2,2,5,2,2,-2,-2,-5,-2,-2
0,1,20035,20038,60105,60106,60107,60110,60111,60112,120211,120212,120213,120214,120215,120218,120219,120220,120221,120222,1,-1,2,-2,1,3,1,-1,-3,-1,2,2,5,2,2,-2,-2,-5,-2,-2
0,1,20037,20040,60111,60112,60113,60116,60117,60118,120223,120224,120225,120226,120227,120230,120231,120232,120233,120234,1,-1,2,-2,1,3,1,-1,-3,-1,2,2,5,2,2,-2,-2,-5,-2,-2
0,1,20039,20042,60117,60118,60119,60122,60123,60124,120235,120236,120237,120238,120239,120242,120243,120244,120245,120246,1,-1,2,-2,1,3,1,-1,-3,-1,2,2,5,2,2,-2,-2,-5,-2,-2
0,1,20041,20044,60123,60124,60125,60128,60129,60130,120247,120248,120249,120250,120251,120254,120255,120256,120257,120258,1,-1,2,-2,1,3,1,-1,-3,-1,2,2,5,2,2,-2,-2,-5,-2,-2
0,1,20043,20046,60129,60130,60131,60134,60135,60136,120259,120260,120261,120262,120263,120266,120267,120268,120269,120270,1,-1,2,-2,1,3,1,-1,-3,-1,2,2,5,2,2,-2,-2,-5,-2,-2
0,1,20045,20048,60135,60136,60137,60140,60141,60142,120271,120272,120273,120274,120275,120278,120279,120280,120281,120282,1,-1,2,-2,1,3,1,-1,-3,-1,2,2,5,2,2,-2,-2,-5,-2,-2
0,1,20047,20050,60141,60142,60143,60146,60147,60148,120283,120284,120285,120286,120287,120290,120291,120292,120293,120294,1,-1,2,-2,1,3,1,-1,-3,-1,2,2,5,2,2,-2,-2,-5,-2,-2
0,1,20049,20052,60147,60148,60149,60152,60153,60154,120295,120296,120297,120298,120299,120302,120303,120304,120305,120306,1,-1,2,-2,1,3,1,-1,-3,-1,2,2,5,2,2,-2,-2,-5,-2,-2
0,1,20051,20054,60153,60154,60155,60158,60159,60160,120307,120308,120309,120310,120311,120314,120315,120316,120317,120318,1,-1,2,-2,1,3,1,-1,-3,-1,2,2,5,2,2,-2,-2,-5,-2,-2
0,1,20053,20056,60159,60160,60161,60164,60165,60166,120319,120320,120321,120322,120323,120326,120327,120328,120329,120330,1,-1,2,-2,1,3,1,-1,-3,-1,2,2,5,2,2,-2,-2,-5,-2,-2
0,1,20055,20058,60165,60166,60167,60170,60171,60172,120331,120332,120333,120334,120335,120338,120339,120340,120341,120342,1,-1,2,-2,1,3,1,-1,-3,-1,2,2,5,2,2,-2,-2,-5,-2,-2
0,1,20057,20060,60171,60172,60173,60176,60177,60178,120343,120344,120345,120346,120347,120350,120351,120352,120353,120354,1,-1,2,-2,1,3,1,-1,-3,-1,2,2,5,2,2,-2,-2,-5,-2,-2
0,1,20059,20062,60177,60178,60179,60182,60183,60184,120355,120356,120357,120358,120359,120362,120363,120364,120365,120366,1,-1,2,-2,1,3,1,-1,-3,-1,2,2,5,2,2,-2,-2,-5,-2,-2
0,1,20061,20064,60183,60184,60185,60188,60189,60190,120367,120368,120369,120370,120371,120374,120375,120376,120377,120378,1,-1,2,-2,1,3,1,-1,-3,-1,2,2,5,2,2,-2,-2,-5,-2,-2
0,1,20063,20066,60189,60190,60191,60194,60195,60196,120379,120380,120381,120382,120383,120386,120387,120388,120389,120390,1,-1,2,-2,1,3,1,-1,-3,-1,2,2,5,2,2,-2,-2,-5,-2,-2
0,1,20065,20068,60195,60196,60197,60200,60201,60202,120391,120392,120393,120394,120395,120398,120399,120400,120401,120402,1,-1,2,-2,1,3,1,-1,-3,-1,2,2,5,2,2,-2,-2,-5,-2,-2
0,1,20067,20070,60201,60202,60203,60206,60207,60208,120403,120404,120405,120406,120407,120410,120411,120412,120413,120414,1,-1,2,-2,1,3,1,-1,-3,-1,2,2,5,2,2,-2,-2,-5,-2,-2
0,1,20069,20072,60207,60208,60209,60212,60213,60214,120415,120416,120417,120418,120419,120422,120423,120424,120425,120426,1,-1,2,-2,1,3,1,-1,-3,-1,2,2,5,2,2,-2,-2,-5,-2,-2
0,1,20071,20074,60213,60214,60215,60218,60219,60220,120427,120428,120429,120430,120431,120434,120435,120436,120437,120438,1,-1,2,-2,1,3,1,-1,-3,-1,2,2,5,2,2,-2,-2,-5,-2,-2
0,1,20073,20076,60219,60220,60221,60224,60225,60226,120439,120440,120441,120442,120443,120446,120447,120448,120449,120450,1,-1,2,-2,1,3,1,-1,-3,-1,2,2,5,2,2,-2,-2,-5,-2,-2
0,1,20075,20078,60225,60226,60227,60230,60231,60232,120451,120452,120453,120454,120455,120458,120459,120460,120461,120462,1,-1,2,-2,1,3,1,-1,-3,-1,2,2,5,2,2,-2,-2,-5,-2,-2
0,1,20077,20080,60231,60232,60233,60236,60237,60238,120463,120464,120465,120466,120467,120470,120471,120472,120473,120474,1,-1,2,-2,1,3,1,-1,-3,-1,2,2,5,2,2,-2,-2,-5,-2,-2
0,1,20079,20082,60237,60238,60239,60242,60243,60244,120475,120476,120477,120478,120479,120482,120483,120484,120485,120486,1,-1,2,-2,1,3,1,-1,-3,-1,2,2,5,2,2,-2,-2,-5,-2,-2
0,1,20081,20084,60243,60244,60245,60248,60249,60250,120487,120488,120489,120490,120491,120494,120495,120496,120497,120498,1,-1,2,-2,1,3,1,-1,-3,-1,2,2,5,2,2,-2,-2,-5,-2,-2
0,1,20083,20086,60249,60250,60251,60254,60255,60256,120499,120500,120501,120502,120503,120506,120507,120508,120509,120510,1,-1,2,-2,1,3,1,-1,-3,-1,2,2,5,2,2,-2,-2,-5,-2,-2
0,1,20085,20088,60255,60256,60257,60260,60261,60262,120511,120512,120513,120514,120515,120518,120519,120520,120521,120522,1,-1,2,-2,1,3,1,-1,-3,-1,2,2,5,2,2,-2,-2,-5,-2,-2
0,1,20087,20090,60261,60262,60263,60266,60267,60268,120523,120524,120525,120526,120527,120530,120531,120532,120533,120534,1,-1,2,-2,1,3,1,-1,-3,-1,2,2,5,2,2,-2,-2,-5,-2,-2
0,1,20089,20092,60267,60268,60269,60272,60273,60274,120535,120536,120537,120538,120539,120542,120543,120544,120545,120546,1,-1,2,-2,1,3,1,-1,-3,-1,2,2,5,2,2,-2,-2,-5,-2,-2
0,1,20091,20094,60273,60274,60275,60278,60279,60280,120547,120548,120549,120550,120551,120554,120555,120556,120557,120558,1,-1,2,-2,1,3,1,-1,-3,-1,2,2,5,2,2,-2,-2,-5,-2,-2
0,1,20093,20096,60279,60280,60281,60284,60285,60286,120559,120560,120561,120562,120563,120566,120567,120568,120569,120570,1,-1,2,-2,1,3,1,-1,-3,-1,2,2,5,2,2,-2,-2,-5,-2,-2
0,1,20095,20098,60285,60286,60287,60290,60291,60292,120571,120572,120573,120574,120575,120578,120579,120580,120581,120582,1,-1,2,-2,1,3,1,-1,-3,-1,2,2,5,2,2,-2,-2,-5,-2,-2
0,1,20097,20100,60291,60292,60293,60296,60297,60298,120583,120584,120585,120586,120587,120590,120591,120592,120593,120594,1,-1,2,-2,1,3,1,-1,-3,-1,2,2,5,2,2,-2,-2,-5,-2,-2
0,1,20099,20102,60297,60298,60299,60302,60303,60304,120595,120596,120597,120598,120599,120602,120603,120604,120605,120606,1,-1,2,-2,1,3,1,-1,-3,-1,2,2,5,2,2,-2,-2,-5,-2,-2
0,1,20101,20104,60303,60304,60305,60308,60309,60310,120607,120608,120609,120610,120611,120614,120615,120616,120617,120618,1,-1,2,-2,1,3,1,-1,-3,-1,2,2,5,2,2,-2,-2,-5,-2,-2
0,1,20103,20106,60309,60310,60311,60314,60315,60316,120619,120620,120621,120622,120623,120626,120627,120628,120629,120630,1,-1,2,-2,1,3,1,-1,-3,-1,2,2,5,2,2,-2,-2,-5,-2,-2
0,1,20105,20108,60315,60316,60317,60320,60321,60322,120631,120632,120633,120634,120635,120638,120639,120640,120641,120642,1,-1,2,-2,1,3,1,-1,-3,-1,2,2,5,2,2,-2,-2,-5,-2,-2
0,1,20107,20110,60321,60322,60323,60326,60327,60328,120643,120644,120645,120646,120647,120650,120651,120652,120653,120654,1,-1,2,-2,1,3,1,-1,-3,-1,2,2,5,2,2,-2,-2,-5,-2,-2
0,1,20109,20112,60327,60328,60329,60332,60333,60334,120655,120656,120657,120658,120659,120662,120663,120664,120665,120666,1,-1,2,-2,1,3,1,-1,-3,-1,2,2,5,2,2,-2,-2,-5,-2,-2
0,1,20111,20114,60333,60334,60335,60338,60339,60340,120667,120668,120669,120670,120671,120674,120675,120676,120677,120678,1,-1,2,-2,1,3,1,-1,-3,-1,2,2,5,2,2,-2,-2,-5,-2,-2
0,1,20113,20116,60339,60340,60341,60344,60345,60346,120679,120680,120681,120682,120683,120686,120687,120688,120689,120690,1,-1,2,-2,1,3,1,-1,-3,-1,2,2,5,2,2,-2,-2,-5,-2,-2
0,1,20115,20118,60345,60346,60347,60350,60351,60352,120691,120692,120693,120694,120695,120698,120699,120700,120701,120702,1,-1,2,-2,1,3,1,-1,-3,-1,2,2,5,2,2,-2,-2,-5,-2,-2
0,1,20117,20120,60351,60352,60353,60356,60357,60358,120703,120704,120705,120706,120707,120710,120711,120712,120713,120714,1,-1,2,-2,1,3,1,-1,-3,-1,2,2,5,2,2,-2,-2,-5,-2,-2
0,1,20119,20122,60357,60358,60359,60362,60363,60364,120715,120716,120717,120718,120719,120722,120723,120724,120725,120726,1,-1,2,-2,1,3,1,-1,-3,-1,2,2,5,2,2,-2,-2,-5,-2,-2
0,1,20121,20124,60363,60364,60365,60368,60369,60370,120727,120728,120729,120730,120731,120734,120735,120736,120737,120738,1,-1,2,-2,1,3,1,-1,-3,-1,2,2,5,2,2,-2,-2,-5,-2,-2
0,1,20123,20126,60369,60370,60371,60374,60375,60376,120739,120740,120741,120742,120743,120746,120747,120748,120749,120750,1,-1,2,-2,1,3,1,-1,-3,-1,2,2,5,2,2,-2,-2,-5,-2,-2
0,1,20125,20128,60375,60376,60377,60380,60381,60382,120751,120752,120753,120754,120755,120758,120759,120760,120761,120762,1,-1,2,-2,1,3,1,-1,-3,-1,2,2,5,2,2,-2,-2,-5,-2,-2
0,1,20127,20130,60381,60382,60383,60386,60387,60388,120763,120764,120765,120766,120767,120770,120771,120772,120773,120774,1,-1,2,-2,1,3,1,-1,-3,-1,2,2,5,2,2,-2,-2,-5,-2,-2
0,1,20129,20132,60387,60388,60389,60392,60393,60394,120775,120776,120777,120778,120779,120782,120783,120784,120785,120786,1,-1,2,-2,1,3,1,-1,-3,-1,2,2,5,2,2,-2,-2,-5,-2,-2
0,1,20131,20134,60393,60394,60395,60398,60399,60400,120787,120788,120789,120790,120791,120794,120795,120796,120797,120798,1,-1,2,-2,1,3,1,-1,-3,-1,2,2,5,2,2,-2,-2,-5,-2,-2
0,1,20133,20136,60399,60400,60401,60404,60405,60406,120799,120800,120801,120802,120803,120806,120807,120808,120809,120810,1,-1,2,-2,1,3,1,-1,-3,-1,2,2,5,2,2,-2,-2,-5,-2,-2
0,1,20135,20138,60405,60406,60407,60410,60411,60412,120811,120812,120813,120814,120815,120818,120819,120820,120821,120822,1,-1,2,-2,1,3,1,-1,-3,-1,2,2,5,2,2,-2,-2,-5,-2,-2
0,1,20137,20140,60411,60412,60413,60416,60417,60418,120823,120824,120825,120826,120827,120830,120831,120832,120833,120834,1,-1,2,-2,1,3,1,-1,-3,-1,2,2,5,2,2,-2,-2,-5,-2,-2
0,1,20139,20142,60417,60418,60419,60422,60423,60424,120835,120836,120837,120838,120839,120842,120843,120844,120845,120846,1,-1,2,-2,1,3,1,-1,-3,-1,2,2,5,2,2,-2,-2,-5,-2,-2
0,1,20141,20144,60423,60424,60425,60428,60429,60430,120847,120848,120849,120850,120851,120854,120855,120856,120857,120858,1,-1,2,-2,1,3,1,-1,-3,-1,2,2,5,2,2,-2,-2,-5,-2,-2
0,1,20143,20146,60429,60430,60431,60434,60435,60436,120859,120860,120861,120862,120863,120866,120867,120868,120869,120870,1,-1,2,-2,1,3,1,-1,-3,-1,2,2,5,2,2,-2,-2,-5,-2,-2
0,1,20145,20148,60435,60436,60437,60440,60441,60442,120871,120872,120873,120874,120875,120878,120879,120880,120881,120882,1,-1,2,-2,1,3,1,-1,-3,-1,2,2,5,2,2,-2,-2,-5,-2,-2
0,1,20147,20150,60441,60442,60443,60446,60447,60448,120883,120884,120885,120886,120887,120890,120891,120892,120893,120894,1,-1,2,-2,1,3,1,-1,-3,-1,2,2,5,2,2,-2,-2,-5,-2,-2
0,1,20149,20152,60447,60448,60449,60452,60453,60454,120895,120896,120897,120898,120899,120902,120903,120904,120905,120906,1,-1,2,-2,1,3,1,-1,-3,-1,2,2,5,2,2,-2,-2,-5,-2,-2
0,1,20151,20154,60453,60454,60455,60458,60459,60460,120907,120908,120909,120910,120911,120914,120915,120916,120917,120918,1,-1,2,-2,1,3,1,-1,-3,-1,2,2,5,2,2,-2,-2,-5,-2,-2
0,1,20153,20156,60459,60460,60461,60464,60465,60466,120919,120920,120921,120922,120923,120926,120927,120928,120929,120930,1,-1,2,-2,1,3,1,-1,-3,-1,2,2,5,2,2,-2,-2,-5,-2,-2
0,1,20155,20158,60465,60466,60467,60470,60471,60472,120931,120932,120933,120934,120935,120938,120939,120940,120941,120942,1,-1,2,-2,1,3,1,-1,-3,-1,2,2,5,2,2,-2,-2,-5,-2,-2
0,1,20157,20160,60471,60472,60473,60476,60477,60478,120943,120944,120945,120946,120947,120950,120951,120952,120953,120954,1,-1,2,-2,1,3,1,-1,-3,-1,2,2,5,2,2,-2,-2,-5,-2,-2
0,1,20159,20162,60477,60478,60479,60482,60483,60484,120955,120956,120957,120958,120959,120962,120963,120964,120965,120966,1,-1,2,-2,1,3,1,-1,-3,-1,2,2,5,2,2,-2,-2,-5,-2,-2
0,1,20161,20164,60483,60484,60485,60488,60489,60490,120967,120968,120969,120970,120971,120974,120975,120976,120977,120978,1,-1,2,-2,1,3,1,-1,-3,-1,2,2,5,2,2,-2,-2,-5,-2,-2
0,1,20163,20166,60489,60490,60491,60494,60495,60496,120979,120980,120981,120982,120983,120986,120987,120988,120989,120990,1,-1,2,-2,1,3,1,-1,-3,-1,2,2,5,2,2,-2,-2,-5,-2,-2
0,1,20165,20168,60495,60496,60497,60500,60501,60502,120991,120992,120993,120994,120995,120998,120999,121000,121001,121002,1,-1,2,-2,1,3,1,-1,-3,-1,2,2,5,2,2,-2,-2,-5,-2,-2
0,1,20167,20170,60501,60502,60503,60506,60507,60508,121003,121004,121005,121006,121007,121010,121011,121012,121013,121014,1,-1,2,-2,1,3,1,-1,-3,-1,2,2,5,2,2,-2,-2,-5,-2,-2
0,1,20169,20172,60507,60508,60509,60512,60513,60514,121015,121016,121017,121018,121019,121022,121023,121024,121025,121026,1,-1,2,-2,1,3,1,-1,-3,-1,2,2,5,2,2,-2,-2,-5,-2,-2
0,1,20171,20174,60513,60514,60515,60518,60519,60520,121027,121028,121029,121030,121031,121034,121035,121036,121037,121038,1,-1,2,-2,1,3,1,-1,-3,-1,2,2,5,2,2,-2,-2,-5,-2,-2
0,1,20173,20176,60519,60520,60521,60524,60525,60526,121039,121040,121041,121042,121043,121046,121047,121048,121049,121050,1,-1,2,-2,1,3,1,-1,-3,-1,2,2,5,2,2,-2,-2,-5,-2,-2
0,1,20175,20178,60525,60526,60527,60530,60531,60532,121051,121052,121053,121054,121055,121058,121059,121060,121061,121062,1,-1,2,-2,1,3,1,-1,-3,-1,2,2,5,2,2,-2,-2,-5,-2,-2
0,1,20177,20180,60531,60532,60533,60536,60537,60538,121063,121064,121065,121066,121067,121070,121071,121072,121073,121074,1,-1,2,-2,1,3,1,-1,-3,-1,2,2,5,2,2,-2,-2,-5,-2,-2
0,1,20179,20182,60537,60538,60539,60542,60543,60544,121075,121076,121077,121078,121079,121082,121083,121084,121085,121086,1,-1,2,-2,1,3,1,-1,-3,-1,2,2,5,2,2,-2,-2,-5,-2,-2
0,1,20181,20184,60543,60544,60545,60548,60549,60550,121087,121088,121089,121090,121091,121094,121095,121096,121097,121098,1,-1,2,-2,1,3,1,-1,-3,-1,2,2,5,2,2,-2,-2,-5,-2,-2
0,1,20183,20186,60549,60550,60551,60554,60555,60556,121099,121100,121101,121102,121103,121106,121107,121108,121109,121110,1,-1,2,-2,1,3,1,-1,-3,-1,2,2,5,2,2,-2,-2,-5,-2,-2
0,1,20185,20188,60555,60556,60557,60560,60561,60562,121111,121112,121113,121114,121115,121118,121119,121120,121121,121122,1,-1,2,-2,1,3,1,-1,-3,-1,2,2,5,2,2,-2,-2,-5,-2,-2
0,1,20187,20190,60561,60562,60563,60566,60567,60568,121123,121124,121125,121126,121127,121130,121131,121132,121133,121134,1,-1,2,-2,1,3,1,-1,-3,-1,2,2,5,2,2,-2,-2,-5,-2,-2
0,1,20189,20192,60567,60568,60569,60572,60573,60574,121135,121136,121137,121138,121139,121142,121143,121144,121145,121146,1,-1,2,-2,1,3,1,-1,-3,-1,2,2,5,2,2,-2,-2,-5,-2,-2
0,1,20191,20194,60573,60574,60575,60578,60579,60580,121147,121148,121149,121150,121151,121154,121155,121156,121157,121158,1,-1,2,-2,1,3,1,-1,-3,-1,2,2,5,2,2,-2,-2,-5,-2,-2
0,1,20193,20196,60579,60580,60581,60584,60585,60586,121159,121160,121161,121162,121163,121166,121167,121168,121169,121170,1,-1,2,-2,1,3,1,-1,-3,-1,2,2,5,2,2,-2,-2,-5,-2,-2
0,1,20195,20198,60585,60586,60587,60590,60591,60592,121171,121172,121173,121174,121175,121178,121179,121180,121181,121182,1,-1,2,-2,1,3,1,-1,-3,-1,2,2,5,2,2,-2,-2,-5,-2,-2
0,1,20197,20200,60591,60592,60593,60596,60597,60598,121183,121184,121185,121186,121187,121190,121191,121192,121193,121194,1,-1,2,-2,1,3,1,-1,-3,-1,2,2,5,2,2,-2,-2,-5,-2,-2
0,1,20199,20202,60597,60598,60599,60602,60603,60604,121195,121196,121197,121198,121199,121202,121203,121204,121205,121206,1,-1,2,-2,1,3,1,-1,-3,-1,2,2,5,2,2,-2,-2,-5,-2,-2
0,1,20201,20204,60603,60604,60605,60608,60609,60610,121207,121208,121209,121210,121211,121214,121215,121216,121217,121218,1,-1,2,-2,1,3,1,-1,-3,-1,2,2,5,2,2,-2,-2,-5,-2,-2
0,1,20203,20206,60609,60610,60611,60614,60615,60616,121219,121220,121221,121222,121223,121226,121227,121228,121229,121230,1,-1,2,-2,1,3,1,-1,-3,-1,2,2,5,2,2,-2,-2,-5,-2,-2
0,1,20205,20208,60615,60616,60617,60620,60621,60622,121231,121232,121233,121234,121235,121238,121239,121240,121241,121242,1,-1,2,-2,1,3,1,-1,-3,-1,2,2,5,2,2,-2,-2,-5,-2,-2
0,1,20207,20210,60621,60622,60623,60626,60627,60628,121243,121244,121245,121246,121247,121250,121251,121252,121253,121254,1,-1,2,-2,1,3,1,-1,-3,-1,2,2,5,2,2,-2,-2,-5,-2,-2
0,1,20209,20212,60627,60628,60629,60632,60633,60634,121255,121256,121257,121258,121259,121262,121263,121264,121265,121266,1,-1,2,-2,1,3,1,-1,-3,-1,2,2,5,2,2,-2,-2,-5,-2,-2
0,1,20211,20214,60633,60634,60635,60638,60639,60640,121267,121268,121269,121270,121271,121274,121275,121276,121277,121278,1,-1,2,-2,1,3,1,-1,-3,-1,2,2,5,2,2,-2,-2,-5,-2,-2
0,1,20213,20216,60639,60640,60641,60644,60645,60646,121279,121280,121281,121282,121283,121286,121287,121288,121289,121290,1,-1,2,-2,1,3,1,-1,-3,-1,2,2,5,2,2,-2,-2,-5,-2,-2
0,1,20215,20218,60645,60646,60647,60650,60651,60652,121291,121292,121293,121294,121295,121298,121299,121300,121301,121302,1,-1,2,-2,1,3,1,-1,-3,-1,2,2,5,2,2,-2,-2,-5,-2,-2
0,1,20217,20220,60651,60652,60653,60656,60657,60658,121303,121304,121305,121306,121307,121310,121311,121312,121313,121314,1,-1,2,-2,1,3,1,-1,-3,-1,2,2,5,2,2,-2,-2,-5,-2,-2
0,1,20219,20222,60657,60658,60659,60662,60663,60664,121315,121316,121317,121318,121319,121322,121323,121324,121325,121326,1,-1,2,-2,1,3,1,-1,-3,-1,2,2,5,2,2,-2,-2,-5,-2,-2
0,1,20221,20224,60663,60664,60665,60668,60669,60670,121327,121328,121329,121330,121331,121334,121335,121336,121337,121338,1,-1,2,-2,1,3,1,-1,-3,-1,2,2,5,2,2,-2,-2,-5,-2,-2
0,1,20223,20226,60669,60670,60671,60674,60675,60676,121339,121340,121341,121342,121343,121346,121347,121348,121349,121350,1,-1,2,-2,1,3,1,-1,-3,-1,2,2,5,2,2,-2,-2,-5,-2,-2
0,1,20225,20228,60675,60676,60677,60680,60681,60682,121351,121352,121353,121354,121355,121358,121359,121360,121361,121362,1,-1,2,-2,1,3,1,-1,-3,-1,2,2,5,2,2,-2,-2,-5,-2,-2
0,1,20227,20230,60681,60682,60683,60686,60687,60688,121363,121364,121365,121366,121367,121370,121371,121372,121373,121374,1,-1,2,-2,1,3,1,-1,-3,-1,2,2,5,2,2,-2,-2,-5,-2,-2
0,1,20229,20232,60687,60688,60689,60692,60693,60694,121375,121376,121377,121378,121379,121382,121383,121384,121385,121386,1,-1,2,-2,1,3,1,-1,-3,-1,2,2,5,2,2,-2,-2,-5,-2,-2
0,1,20231,20234,60693,60694,60695,60698,60699,60700,121387,121388,121389,121390,121391,121394,121395,121396,121397,121398,1,-1,2,-2,1,3,1,-1,-3,-1,2,2,5,2,2,-2,-2,-5,-2,-2
0,1,20233,20236,60699,60700,60701,60704,60705,60706,121399,121400,121401,121402,121403,121406,121407,121408,121409,121410,1,-1,2,-2,1,3,1,-1,-3,-1,2,2,5,2,2,-2,-2,-5,-2,-2
0,1,20235,20238,60705,60706,60707,60710,60711,60712,121411,121412,121413,121414,121415,121418,121419,121420,121421,121422,1,-1,2,-2,1,3,1,-1,-3,-1,2,2,5,2,2,-2,-2,-5,-2,-2
0,1,20237,20240,60711,60712,60713,60716,60717,60718,121423,121424,121425,121426,121427,121430,121431,121432,121433,121434,1,-1,2,-2,1,3,1,-1,-3,-1,2,2,5,2,2,-2,-2,-5,-2,-2
0,1,20239,20242,60717,60718,60719,60722,60723,60724,121435,121436,121437,121438,121439,121442,121443,121444,121445,121446,1,-1,2,-2,1,3,1,-1,-3,-1,2,2,5,2,2,-2,-2,-5,-2,-2
0,1,20241,20244,60723,60724,60725,60728,60729,60730,121447,121448,121449,121450,121451,121454,121455,121456,121457,121458,1,-1,2,-2,1,3,1,-1,-3,-1,2,2,5,2,2,-2,-2,-5,-2,-2
0,1,20243,20246,60729,60730,60731,60734,60735,60736,121459,121460,121461,121462,121463,121466,121467,121468,121469,121470,1,-1,2,-2,1,3,1,-1,-3,-1,2,2,5,2,2,-2,-2,-5,-2,-2
0,1,20245,20248,60735,60736,60737,60740,60741,60742,121471,121472,121473,121474,121475,121478,121479,121480,121481,121482,1,-1,2,-2,1,3,1,-1,-3,-1,2,2,5,2,2,-2,-2,-5,-2,-2
0,1,20247,20250,60741,60742,60743,60746,60747,60748,121483,121484,121485,121486,121487,121490,121491,121492,121493,121494,1,-1,2,-2,1,3,1,-1,-3,-1,2,2,5,2,2,-2,-2,-5,-2,-2
0,1,20249,20252,60747,60748,60749,60752,60753,60754,121495,121496,121497,121498,121499,121502,121503,121504,121505,121506,1,-1,2,-2,1,3,1,-1,-3,-1,2,2,5,2,2,-2,-2,-5,-2,-2
0,1,20251,20254,60753,60754,60755,60758,60759,60760,121507,121508,121509,121510,121511,121514,121515,121516,121517,121518,1,-1,2,-2,1,3,1,-1,-3,-1,2,2,5,2,2,-2,-2,-5,-2,-2
0,1,20253,20256,60759,60760,60761,60764,60765,60766,121519,121520,121521,121522,121523,121526,121527,121528,121529,121530,1,-1,2,-2,1,3,1,-1,-3,-1,2,2,5,2,2,-2,-2,-5,-2,-2
0,1,20255,20258,60765,60766,60767,60770,60771,60772,121531,121532,121533,121534,121535,121538,121539,121540,121541,121542,1,-1,2,-2,1,3,1,-1,-3,-1,2,2,5,2,2,-2,-2,-5,-2,-2
0,1,20257,20260,60771,60772,60773,60776,60777,60778,121543,121544,121545,121546,121547,121550,121551,121552,121553,121554,1,-1,2,-2,1,3,1,-1,-3,-1,2,2,5,2,2,-2,-2,-5,-2,-2
0,1,20259,20262,60777,60778,60779,60782,60783,60784,121555,121556,121557,121558,121559,121562,121563,121564,121565,121566,1,-1,2,-2,1,3,1,-1,-3,-1,2,2,5,2,2,-2,-2,-5,-2,-2
0,1,20261,20264,60783,60784,60785,60788,60789,60790,121567,121568,121569,121570,121571,121574,121575,121576,121577,121578,1,-1,2,-2,1,3,1,-1,-3,-1,2,2,5,2,2,-2,-2,-5,-2,-2
0,1,20263,20266,60789,60790,60791,60794,60795,60796,121579,121580,121581,121582,121583,121586,121587,121588,121589,121590,1,-1,2,-2,1,3,1,-1,-3,-1,2,2,5,2,2,-2,-2,-5,-2,-2
0,1,20265,20268,60795,60796,60797,60800,60801,60802,121591,121592,121593,121594,121595,121598,121599,121600,121601,121602,1,-1,2,-2,1,3,1,-1,-3,-1,2,2,5,2,2,-2,-2,-5,-2,-2
0,1,20267,20270,60801,60802,60803,60806,60807,60808,121603,121604,121605,121606,121607,121610,121611,121612,121613,121614,1,-1,2,-2,1,3,1,-1,-3,-1,2,2,5,2,2,-2,-2,-5,-2,-2
0,1,20269,20272,60807,60808,60809,60812,60813,60814,121615,121616,121617,121618,121619,121622,121623,121624,121625,121626,1,-1,2,-2,1,3,1,-1,-3,-1,2,2,5,2,2,-2,-2,-5,-2,-2
0,1,20271,20274,60813,60814,60815,60818,60819,60820,121627,121628,121629,121630,121631,121634,121635,121636,121637,121638,1,-1,2,-2,1,3,1,-1,-3,-1,2,2,5,2,2,-2,-2,-5,-2,-2
0,1,20273,20276,60819,60820,60821,60824,60825,60826,121639,121640,121641,121642,121643,121646,121647,121648,121649,121650,1,-1,2,-2,1,3,1,-1,-3,-1,2,2,5,2,2,-2,-2,-5,-2,-2
0,1,20275,20278,60825,60826,60827,60830,60831,60832,121651,121652,121653,121654,121655,121658,121659,121660,121661,121662,1,-1,2,-2,1,3,1,-1,-3,-1,2,2,5,2,2,-2,-2,-5,-2,-2
0,1,20277,20280,60831,60832,60833,60836,60837,60838,121663,121664,121665,121666,121667,121670,121671,121672,121673,121674,1,-1,2,-2,1,3,1,-1,-3,-1,2,2,5,2,2,-2,-2,-5,-2,-2
0,1,20279,20282,60837,60838,60839,60842,60843,60844,121675,121676,121677,121678,121679,121682,121683,121684,121685,121686,1,-1,2,-2,1,3,1,-1,-3,-1,2,2,5,2,2,-2,-2,-5,-2,-2
0,1,20281,20284,60843,60844,60845,60848,60849,60850,121687,121688,121689,121690,121691,121694,121695,121696,121697,121698,1,-1,2,-2,1,3,1,-1,-3,-1,2,2,5,2,2,-2,-2,-5,-2,-2
0,1,20283,20286,60849,60850,60851,60854,60855,60856,121699,121700,121701,121702,121703,121706,121707,121708,121709,121710,1,-1,2,-2,1,3,1,-1,-3,-1,2,2,5,2,2,-2,-2,-5,-2,-2
0,1,20285,20288,60855,60856,60857,60860,60861,60862,121711,121712,121713,121714,121715,121718,121719,121720,121721,121722,1,-1,2,-2,1,3,1,-1,-3,-1,2,2,5,2,2,-2,-2,-5,-2,-2
0,1,20287,20290,60861,60862,60863,60866,60867,60868,121723,121724,121725,121726,121727,121730,121731,121732,121733,121734,1,-1,2,-2,1,3,1,-1,-3,-1,2,2,5,2,2,-2,-2,-5,-2,-2
0,1,20289,20292,60867,60868,60869,60872,60873,60874,121735,121736,121737,121738,121739,121742,121743,121744,121745,121746,1,-1,2,-2,1,3,1,-1,-3,-1,2,2,5,2,2,-2,-2,-5,-2,-2
0,1,20291,20294,60873,60874,60875,60878,60879,60880,121747,121748,121749,121750,121751,121754,121755,121756,121757,121758,1,-1,2,-2,1,3,1,-1,-3,-1,2,2,5,2,2,-2,-2,-5,-2,-2
0,1,20293,20296,60879,60880,60881,60884,60885,60886,121759,121760,121761,121762,121763,121766,121767,121768,121769,121770,1,-1,2,-2,1,3,1,-1,-3,-1,2,2,5,2,2,-2,-2,-5,-2,-2
0,1,20295,20298,60885,60886,60887,60890,60891,60892,121771,121772,121773,121774,121775,121778,121779,121780,121781,121782,1,-1,2,-2,1,3,1,-1,-3,-1,2,2,5,2,2,-2,-2,-5,-2,-2
0,1,20297,20300,60891,60892,60893,60896,60897,60898,121783,121784,121785,121786,121787,121790,121791,121792,121793,121794,1,-1,2,-2,1,3,1,-1,-3,-1,2,2,5,2,2,-2,-2,-5,-2,-2
0,1,20299,20302,60897,60898,60899,60902,60903,60904,121795,121796,121797,121798,121799,121802,121803,121804,121805,121806,1,-1,2,-2,1,3,1,-1,-3,-1,2,2,5,2,2,-2,-2,-5,-2,-2
0,1,20301,20304,60903,60904,60905,60908,60909,60910,121807,121808,121809,121810,121811,121814,121815,121816,121817,121818,1,-1,2,-2,1,3,1,-1,-3,-1,2,2,5,2,2,-2,-2,-5,-2,-2
0,1,20303,20306,60909,60910,60911,60914,60915,60916,121819,121820,121821,121822,121823,121826,121827,121828,121829,121830,1,-1,2,-2,1,3,1,-1,-3,-1,2,2,5,2,2,-2,-2,-5,-2,-2
0,1,20305,20308,60915,60916,60917,60920,60921,60922,121831,121832,121833,121834,121835,121838,121839,121840,121841,121842,1,-1,2,-2,1,3,1,-1,-3,-1,2,2,5,2,2,-2,-2,-5,-2,-2
0,1,20307,20310,60921,60922,60923,60926,60927,60928,121843,121844,121845,121846,121847,121850,121851,121852,121853,121854,1,-1,2,-2,1,3,1,-1,-3,-1,2,2,5,2,2,-2,-2,-5,-2,-2
0,1,20309,20312,60927,60928,60929,60932,60933,60934,121855,121856,121857,121858,121859,121862,121863,121864,121865,121866,1,-1,2,-2,1,3,1,-1,-3,-1,2,2,5,2,2,-2,-2,-5,-2,-2
0,1,20311,20314,60933,60934,60935,60938,60939,60940,121867,121868,121869,121870,121871,121874,121875,121876,121877,121878,1,-1,2,-2,1,3,1,-1,-3,-1,2,2,5,2,2,-2,-2,-5,-2,-2
0,1,20313,20316,60939,60940,60941,60944,60945,60946,121879,121880,121881,121882,121883,121886,121887,121888,121889,121890,1,-1,2,-2,1,3,1,-1,-3,-1,2,2,5,2,2,-2,-2,-5,-2,-2
0,1,20315,20318,60945,60946,60947,60950,60951,60952,121891,121892,121893,121894,121895,121898,121899,121900,121901,121902,1,-1,2,-2,1,3,1,-1,-3,-1,2,2,5,2,2,-2,-2,-5,-2,-2
0,1,20317,20320,60951,60952,60953,60956,60957,60958,121903,121904,121905,121906,121907,121910,121911,121912,121913,121914,1,-1,2,-2,1,3,1,-1,-3,-1,2,2,5,2,2,-2,-2,-5,-2,-2
0,1,20319,20322,60957,60958,60959,60962,60963,60964,121915,121916,121917,121918,121919,121922,121923,121924,121925,121926,1,-1,2,-2,1,3,1,-1,-3,-1,2,2,5,2,2,-2,-2,-5,-2,-2
0,1,20321,20324,60963,60964,60965,60968,60969,60970,121927,121928,121929,121930,121931,121934,121935,121936,121937,121938,1,-1,2,-2,1,3,1,-1,-3,-1,2,2,5,2,2,-2,-2,-5,-2,-2
0,1,20323,20326,60969,60970,60971,60974,60975,60976,121939,121940,121941,121942,121943,121946,121947,121948,121949,121950,1,-1,2,-2,1,3,1,-1,-3,-1,2,2,5,2,2,-2,-2,-5,-2,-2
0,1,20325,20328,60975,60976,60977,60980,60981,60982,121951,121952,121953,121954,121955,121958,121959,121960,121961,121962,1,-1,2,-2,1,3,1,-1,-3,-1,2,2,5,2,2,-2,-2,-5,-2,-2
0,1,20327,20330,60981,60982,60983,60986,60987,60988,121963,121964,121965,121966,121967,121970,121971,121972,121973,121974,1,-1,2,-2,1,3,1,-1,-3,-1,2,2,5,2,2,-2,-2,-5,-2,-2
0,1,20329,20332,60987,60988,60989,60992,60993,60994,121975,121976,121977,121978,121979,121982,121983,121984,121985,121986,1,-1,2,-2,1,3,1,-1,-3,-1,2,2,5,2,2,-2,-2,-5,-2,-2
0,1,20331,20334,60993,60994,60995,60998,60999,61000,121987,121988,121989,121990,121991,121994,121995,121996,121997,121998,1,-1,2,-2,1,3,1,-1,-3,-1,2,2,5,2,2,-2,-2,-5,-2,-2
0,1,20333,20336,60999,61000,61001,61004,61005,61006,121999,122000,122001,122002,122003,122006,122007,122008,122009,122010,1,-1,2,-2,1,3,1,-1,-3,-1,2,2,5,2,2,-2,-2,-5,-2,-2
0,1,20335,20338,61005,61006,61007,61010,61011,61012,122011,122012,122013,122014,122015,122018,122019,122020,122021,122022,1,-1,2,-2,1,3,1,-1,-3,-1,2,2,5,2,2,-2,-2,-5,-2,-2
0,1,20337,20340,61011,61012,61013,61016,61017,61018,122023,122024,122025,122026,122027,122030,122031,122032,122033,122034,1,-1,2,-2,1,3,1,-1,-3,-1,2,2,5,2,2,-2,-2,-5,-2,-2
0,1,20339,20342,61017,61018,61019,61022,61023,61024,122035,122036,122037,122038,122039,122042,122043,122044,122045,122046,1,-1,2,-2,1,3,1,-1,-3,-1,2,2,5,2,2,-2,-2,-5,-2,-2
0,1,20341,20344,61023,61024,61025,61028,61029,61030,122047,122048,122049,122050,122051,122054,122055,122056,122057,122058,1,-1,2,-2,1,3,1,-1,-3,-1,2,2,5,2,2,-2,-2,-5,-2,-2
0,1,20343,20346,61029,61030,61031,61034,61035,61036,122059,122060,122061,122062,122063,122066,122067,122068,122069,122070,1,-1,2,-2,1,3,1,-1,-3,-1,2,2,5,2,2,-2,-2,-5,-2,-2
0,1,20345,20348,61035,61036,61037,61040,61041,61042,122071,122072,122073,122074,122075,122078,122079,122080,122081,122082,1,-1,2,-2,1,3,1,-1,-3,-1,2,2,5,2,2,-2,-2,-5,-2,-2
0,1,20347,20350,61041,61042,61043,61046,61047,61048,122083,122084,122085,122086,122087,122090,122091,122092,122093,122094,1,-1,2,-2,1,3,1,-1,-3,-1,2,2,5,2,2,-2,-2,-5,-2,-2
0,1,20349,20352,61047,61048,61049,61052,61053,61054,122095,122096,122097,122098,122099,122102,122103,122104,122105,122106,1,-1,2,-2,1,3,1,-1,-3,-1,2,2,5,2,2,-2,-2,-5,-2,-2
0,1,20351,20354,61053,61054,61055,61058,61059,61060,122107,122108,122109,122110,122111,122114,122115,122116,122117,122118,1,-1,2,-2,1,3,1,-1,-3,-1,2,2,5,2,2,-2,-2,-5,-2,-2
0,1,20353,20356,61059,61060,61061,61064,61065,61066,122119,122120,122121,122122,122123,122126,122127,122128,122129,122130,1,-1,2,-2,1,3,1,-1,-3,-1,2,2,5,2,2,-2,-2,-5,-2,-2
0,1,20355,20358,61065,61066,61067,61070,61071,61072,122131,122132,122133,122134,122135,122138,122139,122140,122141,122142,1,-1,2,-2,1,3,1,-1,-3,-1,2,2,5,2,2,-2,-2,-5,-2,-2
0,1,20357,20360,61071,61072,61073,61076,61077,61078,122143,122144,122145,122146,122147,122150,122151,122152,122153,122154,1,-1,2,-2,1,3,1,-1,-3,-1,2,2,5,2,2,-2,-2,-5,-2,-2
0,1,20359,20362,61077,61078,61079,61082,61083,61084,122155,122156,122157,122158,122159,122162,122163,122164,122165,122166,1,-1,2,-2,1,3,1,-1,-3,-1,2,2,5,2,2,-2,-2,-5,-2,-2
0,1,20361,20364,61083,61084,61085,61088,61089,61090,122167,122168,122169,122170,122171,122174,122175,122176,122177,122178,1,-1,2,-2,1,3,1,-1,-3,-1,2,2,5,2,2,-2,-2,-5,-2,-2
0,1,20363,20366,61089,61090,61091,61094,61095,61096,122179,122180,122181,122182,122183,122186,122187,122188,122189,122190,1,-1,2,-2,1,3,1,-1,-3,-1,2,2,5,2,2,-2,-2,-5,-2,-2
0,1,20365,20368,61095,61096,61097,61100,61101,61102,122191,122192,122193,122194,122195,122198,122199,122200,122201,122202,1,-1,2,-2,1,3,1,-1,-3,-1,2,2,5,2,2,-2,-2,-5,-2,-2
0,1,20367,20370,61101,61102,61103,61106,61107,61108,122203,122204,122205,122206,122207,122210,122211,122212,122213,122214,1,-1,2,-2,1,3,1,-1,-3,-1,2,2,5,2,2,-2,-2,-5,-2,-2
0,1,20369,20372,61107,61108,61109,61112,61113,61114,122215,122216,122217,122218,122219,122222,122223,122224,122225,122226,1,-1,2,-2,1,3,1,-1,-3,-1,2,2,5,2,2,-2,-2,-5,-2,-2
0,1,20371,20374,61113,61114,61115,61118,61119,61120,122227,122228,122229,122230,122231,122234,122235,122236,122237,122238,1,-1,2,-2,1,3,1,-1,-3,-1,2,2,5,2,2,-2,-2,-5,-2,-2
0,1,20373,20376,61119,61120,61121,61124,61125,61126,122239,122240,122241,122242,122243,122246,122247,122248,122249,122250,1,-1,2,-2,1,3,1,-1,-3,-1,2,2,5,2,2,-2,-2,-5,-2,-2
0,1,20375,20378,61125,61126,61127,61130,61131,61132,122251,122252,122253,122254,122255,122258,122259,122260,122261,122262,1,-1,2,-2,1,3,1,-1,-3,-1,2,2,5,2,2,-2,-2,-5,-2,-2
0,1,20377,20380,61131,61132,61133,61136,61137,61138,122263,122264,122265,122266,122267,122270,122271,122272,122273,122274,1,-1,2,-2,1,3,1,-1,-3,-1,2,2,5,2,2,-2,-2,-5,-2,-2
0,1,20379,20382,61137,61138,61139,61142,61143,61144,122275,122276,122277,122278,122279,122282,122283,122284,122285,122286,1,-1,2,-2,1,3,1,-1,-3,-1,2,2,5,2,2,-2,-2,-5,-2,-2
0,1,20381,20384,61143,61144,61145,61148,61149,61150,122287,122288,122289,122290,122291,122294,122295,122296,122297,122298,1,-1,2,-2,1,3,1,-1,-3,-1,2,2,5,2,2,-2,-2,-5,-2,-2
0,1,20383,20386,61149,61150,61151,61154,61155,61156,122299,122300,122301,122302,122303,122306,122307,122308,122309,122310,1,-1,2,-2,1,3,1,-1,-3,-1,2,2,5,2,2,-2,-2,-5,-2,-2
0,1,20385,20388,61155,61156,61157,61160,61161,61162,122311,122312,122313,122314,122315,122318,122319,122320,122321,122322,1,-1,2,-2,1,3,1,-1,-3,-1,2,2,5,2,2,-2,-2,-5,-2,-2
0,1,20387,20390,61161,61162,61163,61166,61167,61168,122323,122324,122325,122326,122327,122330,122331,122332,122333,122334,1,-1,2,-2,1,3,1,-1,-3,-1,2,2,5,2,2,-2,-2,-5,-2,-2
0,1,20389,20392,61167,61168,61169,61172,61173,61174,122335,122336,122337,122338,122339,122342,122343,122344,122345,122346,1,-1,2,-2,1,3,1,-1,-3,-1,2,2,5,2,2,-2,-2,-5,-2,-2
0,1,20391,20394,61173,61174,61175,61178,61179,61180,122347,122348,122349,122350,122351,122354,122355,122356,122357,122358,1,-1,2,-2,1,3,1,-1,-3,-1,2,2,5,2,2,-2,-2,-5,-2,-2
0,1,20393,20396,61179,61180,61181,61184,61185,61186,122359,122360,122361,122362,122363,122366,122367,122368,122369,122370,1,-1,2,-2,1,3,1,-1,-3,-1,2,2,5,2,2,-2,-2,-5,-2,-2
0,1,20395,20398,61185,61186,61187,61190,61191,61192,122371,122372,122373,122374,122375,122378,122379,122380,122381,122382,1,-1,2,-2,1,3,1,-1,-3,-1,2,2,5,2,2,-2,-2,-5,-2,-2
0,1,20397,20400,61191,61192,61193,61196,61197,61198,122383,122384,122385,122386,122387,122390,122391,122392,122393,122394,1,-1,2,-2,1,3,1,-1,-3,-1,2,2,5,2,2,-2,-2,-5,-2,-2
0,1,20399,20402,61197,61198,61199,61202,61203,61204,122395,122396,122397,122398,122399,122402,122403,122404,122405,122406,1,-1,2,-2,1,3,1,-1,-3,-1,2,2,5,2,2,-2,-2,-5,-2,-2
0,1,20401,20404,61203,61204,61205,61208,61209,61210,122407,122408,122409,122410,122411,122414,122415,122416,122417,122418,1,-1,2,-2,1,3,1,-1,-3,-1,2,2,5,2,2,-2,-2,-5,-2,-2
0,1,20403,20406,61209,61210,61211,61214,61215,61216,122419,122420,122421,122422,122423,122426,122427,122428,122429,122430,1,-1,2,-2,1,3,1,-1,-3,-1,2,2,5,2,2,-2,-2,-5,-2,-2
0,1,20405,20408,61215,61216,61217,61220,61221,61222,122431,122432,122433,122434,122435,122438,122439,122440,122441,122442,1,-1,2,-2,1,3,1,-1,-3,-1,2,2,5,2,2,-2,-2,-5,-2,-2
0,1,20407,20410,61221,61222,61223,61226,61227,61228,122443,122444,122445,122446,122447,122450,122451,122452,122453,122454,1,-1,2,-2,1,3,1,-1,-3,-1,2,2,5,2,2,-2,-2,-5,-2,-2
0,1,20409,20412,61227,61228,61229,61232,61233,61234,122455,122456,122457,122458,122459,122462,122463,122464,122465,122466,1,-1,2,-2,1,3,1,-1,-3,-1,2,2,5,2,2,-2,-2,-5,-2,-2
0,1,20411,20414,61233,61234,61235,61238,61239,61240,122467,122468,122469,122470,122471,122474,122475,122476,122477,122478,1,-1,2,-2,1,3,1,-1,-3,-1,2,2,5,2,2,-2,-2,-5,-2,-2
0,1,20413,20416,61239,61240,61241,61244,61245,61246,122479,122480,122481,122482,122483,122486,122487,122488,122489,122490,1,-1,2,-2,1,3,1,-1,-3,-1,2,2,5,2,2,-2,-2,-5,-2,-2
0,1,20415,20418,61245,61246,61247,61250,61251,61252,122491,122492,122493,122494,122495,122498,122499,122500,122501,122502,1,-1,2,-2,1,3,1,-1,-3,-1,2,2,5,2,2,-2,-2,-5,-2,-2
0,1,20417,20420,61251,61252,61253,61256,61257,61258,122503,122504,122505,122506,122507,122510,122511,122512,122513,122514,1,-1,2,-2,1,3,1,-1,-3,-1,2,2,5,2,2,-2,-2,-5,-2,-2
0,1,20419,20422,61257,61258,61259,61262,61263,61264,122515,122516,122517,122518,122519,122522,122523,122524,122525,122526,1,-1,2,-2,1,3,1,-1,-3,-1,2,2,5,2,2,-2,-2,-5,-2,-2
0,1,20421,20424,61263,61264,61265,61268,61269,61270,122527,122528,122529,122530,122531,122534,122535,122536,122537,122538,1,-1,2,-2,1,3,1,-1,-3,-1,2,2,5,2,2,-2,-2,-5,-2,-2
0,1,20423,20426,61269,61270,61271,61274,61275,61276,122539,122540,122541,122542,122543,122546,122547,122548,122549,122550,1,-1,2,-2,1,3,1,-1,-3,-1,2,2,5,2,2,-2,-2,-5,-2,-2
0,1,20425,20428,61275,61276,61277,61280,61281,61282,122551,122552,122553,122554,122555,122558,122559,122560,122561,122562,1,-1,2,-2,1,3,1,-1,-3,-1,2,2,5,2,2,-2,-2,-5,-2,-2
0,1,20427,20430,61281,61282,61283,61286,61287,61288,122563,122564,122565,122566,122567,122570,122571,122572,122573,122574,1,-1,2,-2,1,3,1,-1,-3,-1,2,2,5,2,2,-2,-2,-5,-2,-2
0,1,20429,20432,61287,61288,61289,61292,61293,61294,122575,122576,122577,122578,122579,122582,122583,122584,122585,122586,1,-1,2,-2,1,3,1,-1,-3,-1,2,2,5,2,2,-2,-2,-5,-2,-2
0,1,20431,20434,61293,61294,61295,61298,61299,61300,122587,122588,122589,122590,122591,122594,122595,122596,122597,122598,1,-1,2,-2,1,3,1,-1,-3,-1,2,2,5,2,2,-2,-2,-5,-2,-2
0,1,20433,20436,61299,61300,61301,61304,61305,61306,122599,122600,122601,122602,122603,122606,122607,122608,122609,122610,1,-1,2,-2,1,3,1,-1,-3,-1,2,2,5,2,2,-2,-2,-5,-2,-2
0,1,20435,20438,61305,61306,61307,61310,61311,61312,122611,122612,122613,122614,122615,122618,122619,122620,122621,122622,1,-1,2,-2,1,3,1,-1,-3,-1,2,2,5,2,2,-2,-2,-5,-2,-2
0,1,20437,20440,61311,61312,61313,61316,61317,61318,122623,122624,122625,122626,122627,122630,122631,122632,122633,122634,1,-1,2,-2,1,3,1,-1,-3,-1,2,2,5,2,2,-2,-2,-5,-2,-2
0,1,20439,20442,61317,61318,61319,61322,61323,61324,122635,122636,122637,122638,122639,122642,122643,122644,122645,122646,1,-1,2,-2,1,3,1,-1,-3,-1,2,2,5,2,2,-2,-2,-5,-2,-2
0,1,20441,20444,61323,61324,61325,61328,61329,61330,122647,122648,122649,122650,122651,122654,122655,122656,122657,122658,1,-1,2,-2,1,3,1,-1,-3,-1,2,2,5,2,2,-2,-2,-5,-2,-2
0,1,20443,20446,61329,61330,61331,61334,61335,61336,122659,122660,122661,122662,122663,122666,122667,122668,122669,122670,1,-1,2,-2,1,3,1,-1,-3,-1,2,2,5,2,2,-2,-2,-5,-2,-2
0,1,20445,20448,61335,61336,61337,61340,61341,61342,122671,122672,122673,122674,122675,122678,122679,122680,122681,122682,1,-1,2,-2,1,3,1,-1,-3,-1,2,2,5,2,2,-2,-2,-5,-2,-2
0,1,20447,20450,61341,61342,61343,61346,61347,61348,122683,122684,122685,122686,122687,122690,122691,122692,122693,122694,1,-1,2,-2,1,3,1,-1,-3,-1,2,2,5,2,2,-2,-2,-5,-2,-2
0,1,20449,20452,61347,61348,61349,61352,61353,61354,122695,122696,122697,122698,122699,122702,122703,122704,122705,122706,1,-1,2,-2,1,3,1,-1,-3,-1,2,2,5,2,2,-2,-2,-5,-2,-2
0,1,20451,20454,61353,61354,61355,61358,61359,61360,122707,122708,122709,122710,122711,122714,122715,122716,122717,122718,1,-1,2,-2,1,3,1,-1,-3,-1,2,2,5,2,2,-2,-2,-5,-2,-2
0,1,20453,20456,61359,61360,61361,61364,61365,61366,122719,122720,122721,122722,122723,122726,122727,122728,122729,122730,1,-1,2,-2,1,3,1,-1,-3,-1,2,2,5,2,2,-2,-2,-5,-2,-2
0,1,20455,20458,61365,61366,61367,61370,61371,61372,122731,122732,122733,122734,122735,122738,122739,122740,122741,122742,1,-1,2,-2,1,3,1,-1,-3,-1,2,2,5,2,2,-2,-2,-5,-2,-2
0,1,20457,20460,61371,61372,61373,61376,61377,61378,122743,122744,122745,122746,122747,122750,122751,122752,122753,122754,1,-1,2,-2,1,3,1,-1,-3,-1,2,2,5,2,2,-2,-2,-5,-2,-2
0,1,20459,20462,61377,61378,61379,61382,61383,61384,122755,122756,122757,122758,122759,122762,122763,122764,122765,122766,1,-1,2,-2,1,3,1,-1,-3,-1,2,2,5,2,2,-2,-2,-5,-2,-2
0,1,20461,20464,61383,61384,61385,61388,61389,61390,122767,122768,122769,122770,122771,122774,122775,122776,122777,122778,1,-1,2,-2,1,3,1,-1,-3,-1,2,2,5,2,2,-2,-2,-5,-2,-2
0,1,20463,20466,61389,61390,61391,61394,61395,61396,122779,122780,122781,122782,122783,122786,122787,122788,122789,122790,1,-1,2,-2,1,3,1,-1,-3,-1,2,2,5,2,2,-2,-2,-5,-2,-2
0,1,20465,20468,61395,61396,61397,61400,61401,61402,122791,122792,122793,122794,122795,122798,122799,122800,122801,122802,1,-1,2,-2,1,3,1,-1,-3,-1,2,2,5,2,2,-2,-2,-5,-2,-2
0,1,20467,20470,61401,61402,61403,61406,61407,61408,122803,122804,122805,122806,122807,122810,122811,122812,122813,122814,1,-1,2,-2,1,3,1,-1,-3,-1,2,2,5,2,2,-2,-2,-5,-2,-2
0,1,20469,20472,61407,61408,61409,61412,61413,61414,122815,122816,122817,122818,122819,122822,122823,122824,122825,122826,1,-1,2,-2,1,3,1,-1,-3,-1,2,2,5,2,2,-2,-2,-5,-2,-2
0,1,20471,20474,61413,61414,61415,61418,61419,61420,122827,122828,122829,122830,122831,122834,122835,122836,122837,122838,1,-1,2,-2,1,3,1,-1,-3,-1,2,2,5,2,2,-2,-2,-5,-2,-2
0,1,20473,20476,61419,61420,61421,61424,61425,61426,122839,122840,122841,122842,122843,122846,122847,122848,122849,122850,1,-1,2,-2,1,3,1,-1,-3,-1,2,2,5,2,2,-2,-2,-5,-2,-2
0,1,20475,20478,61425,61426,61427,61430,61431,61432,122851,122852,122853,122854,122855,122858,122859,122860,122861,122862,1,-1,2,-2,1,3,1,-1,-3,-1,2,2,5,2,2,-2,-2,-5,-2,-2
0,1,20477,20480,61431,61432,61433,61436,61437,61438,122863,122864,122865,122866,122867,122870,122871,122872,122873,122874,1,-1,2,-2,1,3,1,-1,-3,-1,2,2,5,2,2,-2,-2,-5,-2,-2
0,1,20479,20482,61437,61438,61439,61442,61443,61444,122875,122876,122877,122878,122879,122882,122883,122884,122885,122886,1,-1,2,-2,1,3,1,-1,-3,-1,2,2,5,2,2,-2,-2,-5,-2,-2
0,1,20481,20484,61443,61444,61445,61448,61449,61450,122887,122888,122889,122890,122891,122894,122895,122896,122897,122898,1,-1,2,-2,1,3,1,-1,-3,-1,2,2,5,2,2,-2,-2,-5,-2,-2
0,1,20483,20486,61449,61450,61451,61454,61455,61456,122899,122900,122901,122902,122903,122906,122907,122908,122909,122910,1,-1,2,-2,1,3,1,-1,-3,-1,2,2,5,2,2,-2,-2,-5,-2,-2
0,1,20485,20488,61455,61456,61457,61460,61461,61462,122911,122912,122913,122914,122915,122918,122919,122920,122921,122922,1,-1,2,-2,1,3,1,-1,-3,-1,2,2,5,2,2,-2,-2,-5,-2,-2
0,1,20487,20490,61461,61462,61463,61466,61467,61468,122923,122924,122925,122926,122927,122930,122931,122932,122933,122934,1,-1,2,-2,1,3,1,-1,-3,-1,2,2,5,2,2,-2,-2,-5,-2,-2
0,1,20489,20492,61467,61468,61469,61472,61473,61474,122935,122936,122937,122938,122939,122942,122943,122944,122945,122946,1,-1,2,-2,1,3,1,-1,-3,-1,2,2,5,2,2,-2,-2,-5,-2,-2
0,1,20491,20494,61473,61474,61475,61478,61479,61480,122947,122948,122949,122950,122951,122954,122955,122956,122957,122958,1,-1,2,-2,1,3,1,-1,-3,-1,2,2,5,2,2,-2,-2,-5,-2,-2
0,1,20493,20496,61479,61480,61481,61484,61485,61486,122959,122960,122961,122962,122963,122966,122967,122968,122969,122970,1,-1,2,-2,1,3,1,-1,-3,-1,2,2,5,2,2,-2,-2,-5,-2,-2
0,1,20495,20498,61485,61486,61487,61490,61491,61492,122971,122972,122973,122974,122975,122978,122979,122980,122981,122982,1,-1,2,-2,1,3,1,-1,-3,-1,2,2,5,2,2,-2,-2,-5,-2,-2
0,1,20497,20500,61491,61492,61493,61496,61497,61498,122983,122984,122985,122986,122987,122990,122991,122992,122993,122994,1,-1,2,-2,1,3,1,-1,-3,-1,2,2,5,2,2,-2,-2,-5,-2,-2
0,1,20499,20502,61497,61498,61499,61502,61503,61504,122995,122996,122997,122998,122999,123002,123003,123004,123005,123006,1,-1,2,-2,1,3,1,-1,-3,-1,2,2,5,2,2,-2,-2,-5,-2,-2
0,1,20501,20504,61503,61504,61505,61508,61509,61510,123007,123008,123009,123010,123011,123014,123015,123016,123017,123018,1,-1,2,-2,1,3,1,-1,-3,-1,2,2,5,2,2,-2,-2,-5,-2,-2
0,1,20503,20506,61509,61510,61511,61514,61515,61516,123019,123020,123021,123022,123023,123026,123027,123028,123029,123030,1,-1,2,-2,1,3,1,-1,-3,-1,2,2,5,2,2,-2,-2,-5,-2,-2
0,1,20505,20508,61515,61516,61517,61520,61521,61522,123031,123032,123033,123034,123035,123038,123039,123040,123041,123042,1,-1,2,-2,1,3,1,-1,-3,-1,2,2,5,2,2,-2,-2,-5,-2,-2
0,1,20507,20510,61521,61522,61523,61526,61527,61528,123043,123044,123045,123046,123047,123050,123051,123052,123053,123054,1,-1,2,-2,1,3,1,-1,-3,-1,2,2,5,2,2,-2,-2,-5,-2,-2
0,1,20509,20512,61527,61528,61529,61532,61533,61534,123055,123056,123057,123058,123059,123062,123063,123064,123065,123066,1,-1,2,-2,1,3,1,-1,-3,-1,2,2,5,2,2,-2,-2,-5,-2,-2
0,1,20511,20514,61533,61534,61535,61538,61539,61540,123067,123068,123069,123070,123071,123074,123075,123076,123077,123078,1,-1,2,-2,1,3,1,-1,-3,-1,2,2,5,2,2,-2,-2,-5,-2,-2
0,1,20513,20516,61539,61540,61541,61544,61545,61546,123079,123080,123081,123082,123083,123086,123087,123088,123089,123090,1,-1,2,-2,1,3,1,-1,-3,-1,2,2,5,2,2,-2,-2,-5,-2,-2
0,1,20515,20518,61545,61546,61547,61550,61551,61552,123091,123092,123093,123094,123095,123098,123099,123100,123101,123102,1,-1,2,-2,1,3,1,-1,-3,-1,2,2,5,2,2,-2,-2,-5,-2,-2
0,1,20517,20520,61551,61552,61553,61556,61557,61558,123103,123104,123105,123106,123107,123110,123111,123112,123113,123114,1,-1,2,-2,1,3,1,-1,-3,-1,2,2,5,2,2,-2,-2,-5,-2,-2
0,1,20519,20522,61557,61558,61559,61562,61563,61564,123115,123116,123117,123118,123119,123122,123123,123124,123125,123126,1,-1,2,-2,1,3,1,-1,-3,-1,2,2,5,2,2,-2,-2,-5,-2,-2
0,1,20521,20524,61563,61564,61565,61568,61569,61570,123127,123128,123129,123130,123131,123134,123135,123136,123137,123138,1,-1,2,-2,1,3,1,-1,-3,-1,2,2,5,2,2,-2,-2,-5,-2,-2
0,1,20523,20526,61569,61570,61571,61574,61575,61576,123139,123140,123141,123142,123143,123146,123147,123148,123149,123150,1,-1,2,-2,1,3,1,-1,-3,-1,2,2,5,2,2,-2,-2,-5,-2,-2
0,1,20525,20528,61575,61576,61577,61580,61581,61582,123151,123152,123153,123154,123155,123158,123159,123160,123161,123162,1,-1,2,-2,1,3,1,-1,-3,-1,2,2,5,2,2,-2,-2,-5,-2,-2
0,1,20527,20530,61581,61582,61583,61586,61587,61588,123163,123164,123165,123166,123167,123170,123171,123172,123173,123174,1,-1,2,-2,1,3,1,-1,-3,-1,2,2,5,2,2,-2,-2,-5,-2,-2
0,1,20529,20532,61587,61588,61589,61592,61593,61594,123175,123176,123177,123178,123179,123182,123183,123184,123185,123186,1,-1,2,-2,1,3,1,-1,-3,-1,2,2,5,2,2,-2,-2,-5,-2,-2
0,1,20531,20534,61593,61594,61595,61598,61599,61600,123187,123188,123189,123190,123191,123194,123195,123196,123197,123198,1,-1,2,-2,1,3,1,-1,-3,-1,2,2,5,2,2,-2,-2,-5,-2,-2
0,1,20533,20536,61599,61600,61601,61604,61605,61606,123199,123200,123201,123202,123203,123206,123207,123208,123209,123210,1,-1,2,-2,1,3,1,-1,-3,-1,2,2,5,2,2,-2,-2,-5,-2,-2
0,1,20535,20538,61605,61606,61607,61610,61611,61612,123211,123212,123213,123214,123215,123218,123219,123220,123221,123222,1,-1,2,-2,1,3,1,-1,-3,-1,2,2,5,2,2,-2,-2,-5,-2,-2
0,1,20537,20540,61611,61612,61613,61616,61617,61618,123223,123224,123225,123226,123227,123230,123231,123232,123233,123234,1,-1,2,-2,1,3,1,-1,-3,-1,2,2,5,2,2,-2,-2,-5,-2,-2
0,1,20539,20542,61617,61618,61619,61622,61623,61624,123235,123236,123237,123238,123239,123242,123243,123244,123245,123246,1,-1,2,-2,1,3,1,-1,-3,-1,2,2,5,2,2,-2,-2,-5,-2,-2
0,1,20541,20544,61623,61624,61625,61628,61629,61630,123247,123248,123249,123250,123251,123254,123255,123256,123257,123258,1,-1,2,-2,1,3,1,-1,-3,-1,2,2,5,2,2,-2,-2,-5,-2,-2
0,1,20543,20546,61629,61630,61631,61634,61635,61636,123259,123260,123261,123262,123263,123266,123267,123268,123269,123270,1,-1,2,-2,1,3,1,-1,-3,-1,2,2,5,2,2,-2,-2,-5,-2,-2
0,1,20545,20548,61635,61636,61637,61640,61641,61642,123271,123272,123273,123274,123275,123278,123279,123280,123281,123282,1,-1,2,-2,1,3,1,-1,-3,-1,2,2,5,2,2,-2,-2,-5,-2,-2
0,1,20547,20550,61641,61642,61643,61646,61647,61648,123283,123284,123285,123286,123287,123290,123291,123292,123293,123294,1,-1,2,-2,1,3,1,-1,-3,-1,2,2,5,2,2,-2,-2,-5,-2,-2
0,1,20549,20552,61647,61648,61649,61652,61653,61654,123295,123296,123297,123298,123299,123302,123303,123304,123305,123306,1,-1,2,-2,1,3,1,-1,-3,-1,2,2,5,2,2,-2,-2,-5,-2,-2
0,1,20551,20554,61653,61654,61655,61658,61659,61660,123307,123308,123309,123310,123311,123314,123315,123316,123317,123318,1,-1,2,-2,1,3,1,-1,-3,-1,2,2,5,2,2,-2,-2,-5,-2,-2
0,1,20553,20556,61659,61660,61661,61664,61665,61666,123319,123320,123321,123322,123323,123326,123327,123328,123329,123330,1,-1,2,-2,1,3,1,-1,-3,-1,2,2,5,2,2,-2,-2,-5,-2,-2
0,1,20555,20558,61665,61666,61667,61670,61671,61672,123331,123332,123333,123334,123335,123338,123339,123340,123341,123342,1,-1,2,-2,1,3,1,-1,-3,-1,2,2,5,2,2,-2,-2,-5,-2,-2
0,1,20557,20560,61671,61672,61673,61676,61677,61678,123343,123344,123345,123346,123347,123350,123351,123352,123353,123354,1,-1,2,-2,1,3,1,-1,-3,-1,2,2,5,2,2,-2,-2,-5,-2,-2
0,1,20559,20562,61677,61678,61679,61682,61683,61684,123355,123356,123357,123358,123359,123362,123363,123364,123365,123366,1,-1,2,-2,1,3,1,-1,-3,-1,2,2,5,2,2,-2,-2,-5,-2,-2
0,1,20561,20564,61683,61684,61685,61688,61689,61690,123367,123368,123369,123370,123371,123374,123375,123376,123377,123378,1,-1,2,-2,1,3,1,-1,-3,-1,2,2,5,2,2,-2,-2,-5,-2,-2
0,1,20563,20566,61689,61690,61691,61694,61695,61696,123379,123380,123381,123382,123383,123386,123387,123388,123389,123390,1,-1,2,-2,1,3,1,-1,-3,-1,2,2,5,2,2,-2,-2,-5,-2,-2
0,1,20565,20568,61695,61696,61697,61700,61701,61702,123391,123392,123393,123394,123395,123398,123399,123400,123401,123402,1,-1,2,-2,1,3,1,-1,-3,-1,2,2,5,2,2,-2,-2,-5,-2,-2
0,1,20567,20570,61701,61702,61703,61706,61707,61708,123403,123404,123405,123406,123407,123410,123411,123412,123413,123414,1,-1,2,-2,1,3,1,-1,-3,-1,2,2,5,2,2,-2,-2,-5,-2,-2
0,1,20569,20572,61707,61708,61709,61712,61713,61714,123415,123416,123417,123418,123419,123422,123423,123424,123425,123426,1,-1,2,-2,1,3,1,-1,-3,-1,2,2,5,2,2,-2,-2,-5,-2,-2
0,1,20571,20574,61713,61714,61715,61718,61719,61720,123427,123428,123429,123430,123431,123434,123435,123436,123437,123438,1,-1,2,-2,1,3,1,-1,-3,-1,2,2,5,2,2,-2,-2,-5,-2,-2
0,1,20573,20576,61719,61720,61721,61724,61725,61726,123439,123440,123441,123442,123443,123446,123447,123448,123449,123450,1,-1,2,-2,1,3,1,-1,-3,-1,2,2,5,2,2,-2,-2,-5,-2,-2
0,1,20575,20578,61725,61726,61727,61730,61731,61732,123451,123452,123453,123454,123455,123458,123459,123460,123461,123462,1,-1,2,-2,1,3,1,-1,-3,-1,2,2,5,2,2,-2,-2,-5,-2,-2
0,1,20577,20580,61731,61732,61733,61736,61737,61738,123463,123464,123465,123466,123467,123470,123471,123472,123473,123474,1,-1,2,-2,1,3,1,-1,-3,-1,2,2,5,2,2,-2,-2,-5,-2,-2
0,1,20579,20582,61737,61738,61739,61742,61743,61744,123475,123476,123477,123478,123479,123482,123483,123484,123485,123486,1,-1,2,-2,1,3,1,-1,-3,-1,2,2,5,2,2,-2,-2,-5,-2,-2
0,1,20581,20584,61743,61744,61745,61748,61749,61750,123487,123488,123489,123490,123491,123494,123495,123496,123497,123498,1,-1,2,-2,1,3,1,-1,-3,-1,2,2,5,2,2,-2,-2,-5,-2,-2
0,1,20583,20586,61749,61750,61751,61754,61755,61756,123499,123500,123501,123502,123503,123506,123507,123508,123509,123510,1,-1,2,-2,1,3,1,-1,-3,-1,2,2,5,2,2,-2,-2,-5,-2,-2
0,1,20585,20588,61755,61756,61757,61760,61761,61762,123511,123512,123513,123514,123515,123518,123519,123520,123521,123522,1,-1,2,-2,1,3,1,-1,-3,-1,2,2,5,2,2,-2,-2,-5,-2,-2
0,1,20587,20590,61761,61762,61763,61766,61767,61768,123523,123524,123525,123526,123527,123530,123531,123532,123533,123534,1,-1,2,-2,1,3,1,-1,-3,-1,2,2,5,2,2,-2,-2,-5,-2,-2
0,1,20589,20592,61767,61768,61769,61772,61773,61774,123535,123536,123537,123538,123539,123542,123543,123544,123545,123546,1,-1,2,-2,1,3,1,-1,-3,-1,2,2,5,2,2,-2,-2,-5,-2,-2
0,1,20591,20594,61773,61774,61775,61778,61779,61780,123547,123548,123549,123550,123551,123554,123555,123556,123557,123558,1,-1,2,-2,1,3,1,-1,-3,-1,2,2,5,2,2,-2,-2,-5,-2,-2
0,1,20593,20596,61779,61780,61781,61784,61785,61786,123559,123560,123561,123562,123563,123566,123567,123568,123569,123570,1,-1,2,-2,1,3,1,-1,-3,-1,2,2,5,2,2,-2,-2,-5,-2,-2
0,1,20595,20598,61785,61786,61787,61790,61791,61792,123571,123572,123573,123574,123575,123578,123579,123580,123581,123582,1,-1,2,-2,1,3,1,-1,-3,-1,2,2,5,2,2,-2,-2,-5,-2,-2
0,1,20597,20600,61791,61792,61793,61796,61797,61798,123583,123584,123585,123586,123587,123590,123591,123592,123593,123594,1,-1,2,-2,1,3,1,-1,-3,-1,2,2,5,2,2,-2,-2,-5,-2,-2
0,1,20599,20602,61797,61798,61799,61802,61803,61804,123595,123596,123597,123598,123599,123602,123603,123604,123605,123606,1,-1,2,-2,1,3,1,-1,-3,-1,2,2,5,2,2,-2,-2,-5,-2,-2
0,1,20601,20604,61803,61804,61805,61808,61809,61810,123607,123608,123609,123610,123611,123614,123615,123616,123617,123618,1,-1,2,-2,1,3,1,-1,-3,-1,2,2,5,2,2,-2,-2,-5,-2,-2
0,1,20603,20606,61809,61810,61811,61814,61815,61816,123619,123620,123621,123622,123623,123626,123627,123628,123629,123630,1,-1,2,-2,1,3,1,-1,-3,-1,2,2,5,2,2,-2,-2,-5,-2,-2
0,1,20605,20608,61815,61816,61817,61820,61821,61822,123631,123632,123633,123634,123635,123638,123639,123640,123641,123642,1,-1,2,-2,1,3,1,-1,-3,-1,2,2,5,2,2,-2,-2,-5,-2,-2
0,1,20607,20610,61821,61822,61823,61826,61827,61828,123643,123644,123645,123646,123647,123650,123651,123652,123653,123654,1,-1,2,-2,1,3,1,-1,-3,-1,2,2,5,2,2,-2,-2,-5,-2,-2
0,1,20609,20612,61827,61828,61829,61832,61833,61834,123655,123656,123657,123658,123659,123662,123663,123664,123665,123666,1,-1,2,-2,1,3,1,-1,-3,-1,2,2,5,2,2,-2,-2,-5,-2,-2
0,1,20611,20614,61833,61834,61835,61838,61839,61840,123667,123668,123669,123670,123671,123674,123675,123676,123677,123678,1,-1,2,-2,1,3,1,-1,-3,-1,2,2,5,2,2,-2,-2,-5,-2,-2
0,1,20613,20616,61839,61840,61841,61844,61845,61846,123679,123680,123681,123682,123683,123686,123687,123688,123689,123690,1,-1,2,-2,1,3,1,-1,-3,-1,2,2,5,2,2,-2,-2,-5,-2,-2
0,1,20615,20618,61845,61846,61847,61850,61851,61852,123691,123692,123693,123694,123695,123698,123699,123700,123701,123702,1,-1,2,-2,1,3,1,-1,-3,-1,2,2,5,2,2,-2,-2,-5,-2,-2
0,1,20617,20620,61851,61852,61853,61856,61857,61858,123703,123704,123705,123706,123707,123710,123711,123712,123713,123714,1,-1,2,-2,1,3,1,-1,-3,-1,2,2,5,2,2,-2,-2,-5,-2,-2
0,1,20619,20622,61857,61858,61859,61862,61863,61864,123715,123716,123717,123718,123719,123722,123723,123724,123725,123726,1,-1,2,-2,1,3,1,-1,-3,-1,2,2,5,2,2,-2,-2,-5,-2,-2
0,1,20621,20624,61863,61864,61865,61868,61869,61870,123727,123728,123729,123730,123731,123734,123735,123736,123737,123738,1,-1,2,-2,1,3,1,-1,-3,-1,2,2,5,2,2,-2,-2,-5,-2,-2
0,1,20623,20626,61869,61870,61871,61874,61875,61876,123739,123740,123741,123742,123743,123746,123747,123748,123749,123750,1,-1,2,-2,1,3,1,-1,-3,-1,2,2,5,2,2,-2,-2,-5,-2,-2
0,1,20625,20628,61875,61876,61877,61880,61881,61882,123751,123752,123753,123754,123755,123758,123759,123760,123761,123762,1,-1,2,-2,1,3,1,-1,-3,-1,2,2,5,2,2,-2,-2,-5,-2,-2
0,1,20627,20630,61881,61882,61883,61886,61887,61888,123763,123764,123765,123766,123767,123770,123771,123772,123773,123774,1,-1,2,-2,1,3,1,-1,-3,-1,2,2,5,2,2,-2,-2,-5,-2,-2
0,1,20629,20632,61887,61888,61889,61892,61893,61894,123775,123776,123777,123778,123779,123782,123783,123784,123785,123786,1,-1,2,-2,1,3,1,-1,-3,-1,2,2,5,2,2,-2,-2,-5,-2,-2
0,1,20631,20634,61893,61894,61895,61898,61899,61900,123787,123788,123789,123790,123791,123794,123795,123796,123797,123798,1,-1,2,-2,1,3,1,-1,-3,-1,2,2,5,2,2,-2,-2,-5,-2,-2
0,1,20633,20636,61899,61900,61901,61904,61905,61906,123799,123800,123801,123802,123803,123806,123807,123808,123809,123810,1,-1,2,-2,1,3,1,-1,-3,-1,2,2,5,2,2,-2,-2,-5,-2,-2
0,1,20635,20638,61905,61906,61907,61910,61911,61912,123811,123812,123813,123814,123815,123818,123819,123820,123821,123822,1,-1,2,-2,1,3,1,-1,-3,-1,2,2,5,2,2,-2,-2,-5,-2,-2
0,1,20637,20640,61911,61912,61913,61916,61917,61918,123823,123824,123825,123826,123827,123830,123831,123832,123833,123834,1,-1,2,-2,1,3,1,-1,-3,-1,2,2,5,2,2,-2,-2,-5,-2,-2
0,1,20639,20642,61917,61918,61919,61922,61923,61924,123835,123836,123837,123838,123839,123842,123843,123844,123845,123846,1,-1,2,-2,1,3,1,-1,-3,-1,2,2,5,2,2,-2,-2,-5,-2,-2
0,1,20641,20644,61923,61924,61925,61928,61929,61930,123847,123848,123849,123850,123851,123854,123855,123856,123857,123858,1,-1,2,-2,1,3,1,-1,-3,-1,2,2,5,2,2,-2,-2,-5,-2,-2
0,1,20643,20646,61929,61930,61931,61934,61935,61936,123859,123860,123861,123862,123863,123866,123867,123868,123869,123870,1,-1,2,-2,1,3,1,-1,-3,-1,2,2,5,2,2,-2,-2,-5,-2,-2
0,1,20645,20648,61935,61936,61937,61940,61941,61942,123871,123872,123873,123874,123875,123878,123879,123880,123881,123882,1,-1,2,-2,1,3,1,-1,-3,-1,2,2,5,2,2,-2,-2,-5,-2,-2
0,1,20647,20650,61941,61942,61943,61946,61947,61948,123883,123884,123885,123886,123887,123890,123891,123892,123893,123894,1,-1,2,-2,1,3,1,-1,-3,-1,2,2,5,2,2,-2,-2,-5,-2,-2
0,1,20649,20652,61947,61948,61949,61952,61953,61954,123895,123896,123897,123898,123899,123902,123903,123904,123905,123906,1,-1,2,-2,1,3,1,-1,-3,-1,2,2,5,2,2,-2,-2,-5,-2,-2
0,1,20651,20654,61953,61954,61955,61958,61959,61960,123907,123908,123909,123910,123911,123914,123915,123916,123917,123918,1,-1,2,-2,1,3,1,-1,-3,-1,2,2,5,2,2,-2,-2,-5,-2,-2
0,1,20653,20656,61959,61960,61961,61964,61965,61966,123919,123920,123921,123922,123923,123926,123927,123928,123929,123930,1,-1,2,-2,1,3,1,-1,-3,-1,2,2,5,2,2,-2,-2,-5,-2,-2
0,1,20655,20658,61965,61966,61967,61970,61971,61972,123931,123932,123933,123934,123935,123938,123939,123940,123941,123942,1,-1,2,-2,1,3,1,-1,-3,-1,2,2,5,2,2,-2,-2,-5,-2,-2
0,1,20657,20660,61971,61972,61973,61976,61977,61978,123943,123944,123945,123946,123947,123950,123951,123952,123953,123954,1,-1,2,-2,1,3,1,-1,-3,-1,2,2,5,2,2,-2,-2,-5,-2,-2
0,1,20659,20662,61977,61978,61979,61982,61983,61984,123955,123956,123957,123958,123959,123962,123963,123964,123965,123966,1,-1,2,-2,1,3,1,-1,-3,-1,2,2,5,2,2,-2,-2,-5,-2,-2
0,1,20661,20664,61983,61984,61985,61988,61989,61990,123967,123968,123969,123970,123971,123974,123975,123976,123977,123978,1,-1,2,-2,1,3,1,-1,-3,-1,2,2,5,2,2,-2,-2,-5,-2,-2
0,1,20663,20666,61989,61990,61991,61994,61995,61996,123979,123980,123981,123982,123983,123986,123987,123988,123989,123990,1,-1,2,-2,1,3,1,-1,-3,-1,2,2,5,2,2,-2,-2,-5,-2,-2
0,1,20665,20668,61995,61996,61997,62000,62001,62002,123991,123992,123993,123994,123995,123998,123999,124000,124001,124002,1,-1,2,-2,1,3,1,-1,-3,-1,2,2,5,2,2,-2,-2,-5,-2,-2
0,1,20667,20670,62001,62002,62003,62006,62007,62008,124003,124004,124005,124006,124007,124010,124011,124012,124013,124014,1,-1,2,-2,1,3,1,-1,-3,-1,2,2,5,2,2,-2,-2,-5,-2,-2
0,1,20669,20672,62007,62008,62009,62012,62013,62014,124015,124016,124017,124018,124019,124022,124023,124024,124025,124026,1,-1,2,-2,1,3,1,-1,-3,-1,2,2,5,2,2,-2,-2,-5,-2,-2
0,1,20671,20674,62013,62014,62015,62018,62019,62020,124027,124028,124029,124030,124031,124034,124035,124036,124037,124038,1,-1,2,-2,1,3,1,-1,-3,-1,2,2,5,2,2,-2,-2,-5,-2,-2
0,1,20673,20676,62019,62020,62021,62024,62025,62026,124039,124040,124041,124042,124043,124046,124047,124048,124049,124050,1,-1,2,-2,1,3,1,-1,-3,-1,2,2,5,2,2,-2,-2,-5,-2,-2
0,1,20675,20678,62025,62026,62027,62030,62031,62032,124051,124052,124053,124054,124055,124058,124059,124060,124061,124062,1,-1,2,-2,1,3,1,-1,-3,-1,2,2,5,2,2,-2,-2,-5,-2,-2
0,1,20677,20680,62031,62032,62033,62036,62037,62038,124063,124064,124065,124066,124067,124070,124071,124072,124073,124074,1,-1,2,-2,1,3,1,-1,-3,-1,2,2,5,2,2,-2,-2,-5,-2,-2
0,1,20679,20682,62037,62038,62039,62042,62043,62044,124075,124076,124077,124078,124079,124082,124083,124084,124085,124086,1,-1,2,-2,1,3,1,-1,-3,-1,2,2,5,2,2,-2,-2,-5,-2,-2
0,1,20681,20684,62043,62044,62045,62048,62049,62050,124087,124088,124089,124090,124091,124094,124095,124096,124097,124098,1,-1,2,-2,1,3,1,-1,-3,-1,2,2,5,2,2,-2,-2,-5,-2,-2
0,1,20683,20686,62049,62050,62051,62054,62055,62056,124099,124100,124101,124102,124103,124106,124107,124108,124109,124110,1,-1,2,-2,1,3,1,-1,-3,-1,2,2,5,2,2,-2,-2,-5,-2,-2
0,1,20685,20688,62055,62056,62057,62060,62061,62062,124111,124112,124113,124114,124115,124118,124119,124120,124121,124122,1,-1,2,-2,1,3,1,-1,-3,-1,2,2,5,2,2,-2,-2,-5,-2,-2
0,1,20687,20690,62061,62062,62063,62066,62067,62068,124123,124124,124125,124126,124127,124130,124131,124132,124133,124134,1,-1,2,-2,1,3,1,-1,-3,-1,2,2,5,2,2,-2,-2,-5,-2,-2
0,1,20689,20692,62067,62068,62069,62072,62073,62074,124135,124136,124137,124138,124139,124142,124143,124144,124145,124146,1,-1,2,-2,1,3,1,-1,-3,-1,2,2,5,2,2,-2,-2,-5,-2,-2
0,1,20691,20694,62073,62074,62075,62078,62079,62080,124147,124148,124149,124150,124151,124154,124155,124156,124157,124158,1,-1,2,-2,1,3,1,-1,-3,-1,2,2,5,2,2,-2,-2,-5,-2,-2
0,1,20693,20696,62079,62080,62081,62084,62085,62086,124159,124160,124161,124162,124163,124166,124167,124168,124169,124170,1,-1,2,-2,1,3,1,-1,-3,-1,2,2,5,2,2,-2,-2,-5,-2,-2
0,1,20695,20698,62085,62086,62087,62090,62091,62092,124171,124172,124173,124174,124175,124178,124179,124180,124181,124182,1,-1,2,-2,1,3,1,-1,-3,-1,2,2,5,2,2,-2,-2,-5,-2,-2
0,1,20697,20700,62091,62092,62093,62096,62097,62098,124183,124184,124185,124186,124187,124190,124191,124192,124193,124194,1,-1,2,-2,1,3,1,-1,-3,-1,2,2,5,2,2,-2,-2,-5,-2,-2
0,1,20699,20702,62097,62098,62099,62102,62103,62104,124195,124196,124197,124198,124199,124202,124203,124204,124205,124206,1,-1,2,-2,1,3,1,-1,-3,-1,2,2,5,2,2,-2,-2,-5,-2,-2
0,1,20701,20704,62103,62104,62105,62108,62109,62110,124207,124208,124209,124210,124211,124214,124215,124216,124217,124218,1,-1,2,-2,1,3,1,-1,-3,-1,2,2,5,2,2,-2,-2,-5,-2,-2
0,1,20703,20706,62109,62110,62111,62114,62115,62116,124219,124220,124221,124222,124223,124226,124227,124228,124229,124230,1,-1,2,-2,1,3,1,-1,-3,-1,2,2,5,2,2,-2,-2,-5,-2,-2
0,1,20705,20708,62115,62116,62117,62120,62121,62122,124231,124232,124233,124234,124235,124238,124239,124240,124241,124242,1,-1,2,-2,1,3,1,-1,-3,-1,2,2,5,2,2,-2,-2,-5,-2,-2
0,1,20707,20710,62121,62122,62123,62126,62127,62128,124243,124244,124245,124246,124247,124250,124251,124252,124253,124254,1,-1,2,-2,1,3,1,-1,-3,-1,2,2,5,2,2,-2,-2,-5,-2,-2
0,1,20709,20712,62127,62128,62129,62132,62133,62134,124255,124256,124257,124258,124259,124262,124263,124264,124265,124266,1,-1,2,-2,1,3,1,-1,-3,-1,2,2,5,2,2,-2,-2,-5,-2,-2
0,1,20711,20714,62133,62134,62135,62138,62139,62140,124267,124268,124269,124270,124271,124274,124275,124276,124277,124278,1,-1,2,-2,1,3,1,-1,-3,-1,2,2,5,2,2,-2,-2,-5,-2,-2
0,1,20713,20716,62139,62140,62141,62144,62145,62146,124279,124280,124281,124282,124283,124286,124287,124288,124289,124290,1,-1,2,-2,1,3,1,-1,-3,-1,2,2,5,2,2,-2,-2,-5,-2,-2
0,1,20715,20718,62145,62146,62147,62150,62151,62152,124291,124292,124293,124294,124295,124298,124299,124300,124301,124302,1,-1,2,-2,1,3,1,-1,-3,-1,2,2,5,2,2,-2,-2,-5,-2,-2
0,1,20717,20720,62151,62152,62153,62156,62157,62158,124303,124304,124305,124306,124307,124310,124311,124312,124313,124314,1,-1,2,-2,1,3,1,-1,-3,-1,2,2,5,2,2,-2,-2,-5,-2,-2
0,1,20719,20722,62157,62158,62159,62162,62163,62164,124315,124316,124317,124318,124319,124322,124323,124324,124325,124326,1,-1,2,-2,1,3,1,-1,-3,-1,2,2,5,2,2,-2,-2,-5,-2,-2
0,1,20721,20724,62163,62164,62165,62168,62169,62170,124327,124328,124329,124330,124331,124334,124335,124336,124337,124338,1,-1,2,-2,1,3,1,-1,-3,-1,2,2,5,2,2,-2,-2,-5,-2,-2
0,1,20723,20726,62169,62170,62171,62174,62175,62176,124339,124340,124341,124342,124343,124346,124347,124348,124349,124350,1,-1,2,-2,1,3,1,-1,-3,-1,2,2,5,2,2,-2,-2,-5,-2,-2
0,1,20725,20728,62175,62176,62177,62180,62181,62182,124351,124352,124353,124354,124355,124358,124359,124360,124361,124362,1,-1,2,-2,1,3,1,-1,-3,-1,2,2,5,2,2,-2,-2,-5,-2,-2
0,1,20727,20730,62181,62182,62183,62186,62187,62188,124363,124364,124365,124366,124367,124370,124371,124372,124373,124374,1,-1,2,-2,1,3,1,-1,-3,-1,2,2,5,2,2,-2,-2,-5,-2,-2
0,1,20729,20732,62187,62188,62189,62192,62193,62194,124375,124376,124377,124378,124379,124382,124383,124384,124385,124386,1,-1,2,-2,1,3,1,-1,-3,-1,2,2,5,2,2,-2,-2,-5,-2,-2
0,1,20731,20734,62193,62194,62195,62198,62199,62200,124387,124388,124389,124390,124391,124394,124395,124396,124397,124398,1,-1,2,-2,1,3,1,-1,-3,-1,2,2,5,2,2,-2,-2,-5,-2,-2
0,1,20733,20736,62199,62200,62201,62204,62205,62206,124399,124400,124401,124402,124403,124406,124407,124408,124409,124410,1,-1,2,-2,1,3,1,-1,-3,-1,2,2,5,2,2,-2,-2,-5,-2,-2
0,1,20735,20738,62205,62206,62207,62210,62211,62212,124411,124412,124413,124414,124415,124418,124419,124420,124421,124422,1,-1,2,-2,1,3,1,-1,-3,-1,2,2,5,2,2,-2,-2,-5,-2,-2
0,1,20737,20740,62211,62212,62213,62216,62217,62218,124423,124424,124425,124426,124427,124430,124431,124432,124433,124434,1,-1,2,-2,1,3,1,-1,-3,-1,2,2,5,2,2,-2,-2,-5,-2,-2
0,1,20739,20742,62217,62218,62219,62222,62223,62224,124435,124436,124437,124438,124439,124442,124443,124444,124445,124446,1,-1,2,-2,1,3,1,-1,-3,-1,2,2,5,2,2,-2,-2,-5,-2,-2
0,1,20741,20744,62223,62224,62225,62228,62229,62230,124447,124448,124449,124450,124451,124454,124455,124456,124457,124458,1,-1,2,-2,1,3,1,-1,-3,-1,2,2,5,2,2,-2,-2,-5,-2,-2
0,1,20743,20746,62229,62230,62231,62234,62235,62236,124459,124460,124461,124462,124463,124466,124467,124468,124469,124470,1,-1,2,-2,1,3,1,-1,-3,-1,2,2,5,2,2,-2,-2,-5,-2,-2
0,1,20745,20748,62235,62236,62237,62240,62241,62242,124471,124472,124473,124474,124475,124478,124479,124480,124481,124482,1,-1,2,-2,1,3,1,-1,-3,-1,2,2,5,2,2,-2,-2,-5,-2,-2
0,1,20747,20750,62241,62242,62243,62246,62247,62248,124483,124484,124485,124486,124487,124490,124491,124492,124493,124494,1,-1,2,-2,1,3,1,-1,-3,-1,2,2,5,2,2,-2,-2,-5,-2,-2
0,1,20749,20752,62247,62248,62249,62252,62253,62254,124495,124496,124497,124498,124499,124502,124503,124504,124505,124506,1,-1,2,-2,1,3,1,-1,-3,-1,2,2,5,2,2,-2,-2,-5,-2,-2
0,1,20751,20754,62253,62254,62255,62258,62259,62260,124507,124508,124509,124510,124511,124514,124515,124516,124517,124518,1,-1,2,-2,1,3,1,-1,-3,-1,2,2,5,2,2,-2,-2,-5,-2,-2
0,1,20753,20756,62259,62260,62261,62264,62265,62266,124519,124520,124521,124522,124523,124526,124527,124528,124529,124530,1,-1,2,-2,1,3,1,-1,-3,-1,2,2,5,2,2,-2,-2,-5,-2,-2
0,1,20755,20758,62265,62266,62267,62270,62271,62272,124531,124532,124533,124534,124535,124538,124539,124540,124541,124542,1,-1,2,-2,1,3,1,-1,-3,-1,2,2,5,2,2,-2,-2,-5,-2,-2
0,1,20757,20760,62271,62272,62273,62276,62277,62278,124543,124544,124545,124546,124547,124550,124551,124552,124553,124554,1,-1,2,-2,1,3,1,-1,-3,-1,2,2,5,2,2,-2,-2,-5,-2,-2
0,1,20759,20762,62277,62278,62279,62282,62283,62284,124555,124556,124557,124558,124559,124562,124563,124564,124565,124566,1,-1,2,-2,1,3,1,-1,-3,-1,2,2,5,2,2,-2,-2,-5,-2,-2
0,1,20761,20764,62283,62284,62285,62288,62289,62290,124567,124568,124569,124570,124571,124574,124575,124576,124577,124578,1,-1,2,-2,1,3,1,-1,-3,-1,2,2,5,2,2,-2,-2,-5,-2,-2
0,1,20763,20766,62289,62290,62291,62294,62295,62296,124579,124580,124581,124582,124583,124586,124587,124588,124589,124590,1,-1,2,-2,1,3,1,-1,-3,-1,2,2,5,2,2,-2,-2,-5,-2,-2
0,1,20765,20768,62295,62296,62297,62300,62301,62302,124591,124592,124593,124594,124595,124598,124599,124600,124601,124602,1,-1,2,-2,1,3,1,-1,-3,-1,2,2,5,2,2,-2,-2,-5,-2,-2
0,1,20767,20770,62301,62302,62303,62306,62307,62308,124603,124604,124605,124606,124607,124610,124611,124612,124613,124614,1,-1,2,-2,1,3,1,-1,-3,-1,2,2,5,2,2,-2,-2,-5,-2,-2
0,1,20769,20772,62307,62308,62309,62312,62313,62314,124615,124616,124617,124618,124619,124622,124623,124624,124625,124626,1,-1,2,-2,1,3,1,-1,-3,-1,2,2,5,2,2,-2,-2,-5,-2,-2
0,1,20771,20774,62313,62314,62315,62318,62319,62320,124627,124628,124629,124630,124631,124634,124635,124636,124637,124638,1,-1,2,-2,1,3,1,-1,-3,-1,2,2,5,2,2,-2,-2,-5,-2,-2
0,1,20773,20776,62319,62320,62321,62324,62325,62326,124639,124640,124641,124642,124643,124646,124647,124648,124649,124650,1,-1,2,-2,1,3,1,-1,-3,-1,2,2,5,2,2,-2,-2,-5,-2,-2
0,1,20775,20778,62325,62326,62327,62330,62331,62332,124651,124652,124653,124654,124655,124658,124659,124660,124661,124662,1,-1,2,-2,1,3,1,-1,-3,-1,2,2,5,2,2,-2,-2,-5,-2,-2
0,1,20777,20780,62331,62332,62333,62336,62337,62338,124663,124664,124665,124666,124667,124670,124671,124672,124673,124674,1,-1,2,-2,1,3,1,-1,-3,-1,2,2,5,2,2,-2,-2,-5,-2,-2
0,1,20779,20782,62337,62338,62339,62342,62343,62344,124675,124676,124677,124678,124679,124682,124683,124684,124685,124686,1,-1,2,-2,1,3,1,-1,-3,-1,2,2,5,2,2,-2,-2,-5,-2,-2
0,1,20781,20784,62343,62344,62345,62348,62349,62350,124687,124688,124689,124690,124691,124694,124695,124696,124697,124698,1,-1,2,-2,1,3,1,-1,-3,-1,2,2,5,2,2,-2,-2,-5,-2,-2
0,1,20783,20786,62349,62350,62351,62354,62355,62356,124699,124700,124701,124702,124703,124706,124707,124708,124709,124710,1,-1,2,-2,1,3,1,-1,-3,-1,2,2,5,2,2,-2,-2,-5,-2,-2
0,1,20785,20788,62355,62356,62357,62360,62361,62362,124711,124712,124713,124714,124715,124718,124719,124720,124721,124722,1,-1,2,-2,1,3,1,-1,-3,-1,2,2,5,2,2,-2,-2,-5,-2,-2
0,1,20787,20790,62361,62362,62363,62366,62367,62368,124723,124724,124725,124726,124727,124730,124731,124732,124733,124734,1,-1,2,-2,1,3,1,-1,-3,-1,2,2,5,2,2,-2,-2,-5,-2,-2
0,1,20789,20792,62367,62368,62369,62372,62373,62374,124735,124736,124737,124738,124739,124742,124743,124744,124745,124746,1,-1,2,-2,1,3,1,-1,-3,-1,2,2,5,2,2,-2,-2,-5,-2,-2
0,1,20791,20794,62373,62374,62375,62378,62379,62380,124747,124748,124749,124750,124751,124754,124755,124756,124757,124758,1,-1,2,-2,1,3,1,-1,-3,-1,2,2,5,2,2,-2,-2,-5,-2,-2
0,1,20793,20796,62379,62380,62381,62384,62385,62386,124759,124760,124761,124762,124763,124766,124767,124768,124769,124770,1,-1,2,-2,1,3,1,-1,-3,-1,2,2,5,2,2,-2,-2,-5,-2,-2
0,1,20795,20798,62385,62386,62387,62390,62391,62392,124771,124772,124773,124774,124775,124778,124779,124780,124781,124782,1,-1,2,-2,1,3,1,-1,-3,-1,2,2,5,2,2,-2,-2,-5,-2,-2
0,1,20797,20800,62391,62392,62393,62396,62397,62398,124783,124784,124785,124786,124787,124790,124791,124792,124793,124794,1,-1,2,-2,1,3,1,-1,-3,-1,2,2,5,2,2,-2,-2,-5,-2,-2
0,1,20799,20802,62397,62398,62399,62402,62403,62404,124795,124796,124797,124798,124799,124802,124803,124804,124805,124806,1,-1,2,-2,1,3,1,-1,-3,-1,2,2,5,2,2,-2,-2,-5,-2,-2
0,1,20801,20804,62403,62404,62405,62408,62409,62410,124807,124808,124809,124810,124811,124814,124815,124816,124817,124818,1,-1,2,-2,1,3,1,-1,-3,-1,2,2,5,2,2,-2,-2,-5,-2,-2
0,1,20803,20806,62409,62410,62411,62414,62415,62416,124819,124820,124821,124822,124823,124826,124827,124828,124829,124830,1,-1,2,-2,1,3,1,-1,-3,-1,2,2,5,2,2,-2,-2,-5,-2,-2
0,1,20805,20808,62415,62416,62417,62420,62421,62422,124831,124832,124833,124834,124835,124838,124839,124840,124841,124842,1,-1,2,-2,1,3,1,-1,-3,-1,2,2,5,2,2,-2,-2,-5,-2,-2
0,1,20807,20810,62421,62422,62423,62426,62427,62428,124843,124844,124845,124846,124847,124850,124851,124852,124853,124854,1,-1,2,-2,1,3,1,-1,-3,-1,2,2,5,2,2,-2,-2,-5,-2,-2
0,1,20809,20812,62427,62428,62429,62432,62433,62434,124855,124856,124857,124858,124859,124862,124863,124864,124865,124866,1,-1,2,-2,1,3,1,-1,-3,-1,2,2,5,2,2,-2,-2,-5,-2,-2
0,1,20811,20814,62433,62434,62435,62438,62439,62440,124867,124868,124869,124870,124871,124874,124875,124876,124877,124878,1,-1,2,-2,1,3,1,-1,-3,-1,2,2,5,2,2,-2,-2,-5,-2,-2
0,1,20813,20816,62439,62440,62441,62444,62445,62446,124879,124880,124881,124882,124883,124886,124887,124888,124889,124890,1,-1,2,-2,1,3,1,-1,-3,-1,2,2,5,2,2,-2,-2,-5,-2,-2
0,1,20815,20818,62445,62446,62447,62450,62451,62452,124891,124892,124893,124894,124895,124898,124899,124900,124901,124902,1,-1,2,-2,1,3,1,-1,-3,-1,2,2,5,2,2,-2,-2,-5,-2,-2
0,1,20817,20820,62451,62452,62453,62456,62457,62458,124903,124904,124905,124906,124907,124910,124911,124912,124913,124914,1,-1,2,-2,1,3,1,-1,-3,-1,2,2,5,2,2,-2,-2,-5,-2,-2
0,1,20819,20822,62457,62458,62459,62462,62463,62464,124915,124916,124917,124918,124919,124922,124923,124924,124925,124926,1,-1,2,-2,1,3,1,-1,-3,-1,2,2,5,2,2,-2,-2,-5,-2,-2
0,1,20821,20824,62463,62464,62465,62468,62469,62470,124927,124928,124929,124930,124931,124934,124935,124936,124937,124938,1,-1,2,-2,1,3,1,-1,-3,-1,2,2,5,2,2,-2,-2,-5,-2,-2
0,1,20823,20826,62469,62470,62471,62474,62475,62476,124939,124940,124941,124942,124943,124946,124947,124948,124949,124950,1,-1,2,-2,1,3,1,-1,-3,-1,2,2,5,2,2,-2,-2,-5,-2,-2
0,1,20825,20828,62475,62476,62477,62480,62481,62482,124951,124952,124953,124954,124955,124958,124959,124960,124961,124962,1,-1,2,-2,1,3,1,-1,-3,-1,2,2,5,2,2,-2,-2,-5,-2,-2
0,1,20827,20830,62481,62482,62483,62486,62487,62488,124963,124964,124965,124966,124967,124970,124971,124972,124973,124974,1,-1,2,-2,1,3,1,-1,-3,-1,2,2,5,2,2,-2,-2,-5,-2,-2
0,1,20829,20832,62487,62488,62489,62492,62493,62494,124975,124976,124977,124978,124979,124982,124983,124984,124985,124986,1,-1,2,-2,1,3,1,-1,-3,-1,2,2,5,2,2,-2,-2,-5,-2,-2
0,1,20831,20834,62493,62494,62495,62498,62499,62500,124987,124988,124989,124990,124991,124994,124995,124996,124997,124998,1,-1,2,-2,1,3,1,-1,-3,-1,2,2,5,2,2,-2,-2,-5,-2,-2
0,1,20833,20836,62499,62500,62501,62504,62505,62506,124999,125000,125001,125002,125003,125006,125007,125008,125009,125010,1,-1,2,-2,1,3,1,-1,-3,-1,2,2,5,2,2,-2,-2,-5,-2,-2
0,1,20835,20838,62505,62506,62507,62510,62511,62512,125011,125012,125013,125014,125015,125018,125019,125020,125021,125022,1,-1,2,-2,1,3,1,-1,-3,-1,2,2,5,2,2,-2,-2,-5,-2,-2
0,1,20837,20840,62511,62512,62513,62516,62517,62518,125023,125024,125025,125026,125027,125030,125031,125032,125033,125034,1,-1,2,-2,1,3,1,-1,-3,-1,2,2,5,2,2,-2,-2,-5,-2,-2
0,1,20839,20842,62517,62518,62519,62522,62523,62524,125035,125036,125037,125038,125039,125042,125043,125044,125045,125046,1,-1,2,-2,1,3,1,-1,-3,-1,2,2,5,2,2,-2,-2,-5,-2,-2
0,1,20841,20844,62523,62524,62525,62528,62529,62530,125047,125048,125049,125050,125051,125054,125055,125056,125057,125058,1,-1,2,-2,1,3,1,-1,-3,-1,2,2,5,2,2,-2,-2,-5,-2,-2
0,1,20843,20846,62529,62530,62531,62534,62535,62536,125059,125060,125061,125062,125063,125066,125067,125068,125069,125070,1,-1,2,-2,1,3,1,-1,-3,-1,2,2,5,2,2,-2,-2,-5,-2,-2
0,1,20845,20848,62535,62536,62537,62540,62541,62542,125071,125072,125073,125074,125075,125078,125079,125080,125081,125082,1,-1,2,-2,1,3,1,-1,-3,-1,2,2,5,2,2,-2,-2,-5,-2,-2
0,1,20847,20850,62541,62542,62543,62546,62547,62548,125083,125084,125085,125086,125087,125090,125091,125092,125093,125094,1,-1,2,-2,1,3,1,-1,-3,-1,2,2,5,2,2,-2,-2,-5,-2,-2
0,1,20849,20852,62547,62548,62549,62552,62553,62554,125095,125096,125097,125098,125099,125102,125103,125104,125105,125106,1,-1,2,-2,1,3,1,-1,-3,-1,2,2,5,2,2,-2,-2,-5,-2,-2
0,1,20851,20854,62553,62554,62555,62558,62559,62560,125107,125108,125109,125110,125111,125114,125115,125116,125117,125118,1,-1,2,-2,1,3,1,-1,-3,-1,2,2,5,2,2,-2,-2,-5,-2,-2
0,1,20853,20856,62559,62560,62561,62564,62565,62566,125119,125120,125121,125122,125123,125126,125127,125128,125129,125130,1,-1,2,-2,1,3,1,-1,-3,-1,2,2,5,2,2,-2,-2,-5,-2,-2
0,1,20855,20858,62565,62566,62567,62570,62571,62572,125131,125132,125133,125134,125135,125138,125139,125140,125141,125142,1,-1,2,-2,1,3,1,-1,-3,-1,2,2,5,2,2,-2,-2,-5,-2,-2
0,1,20857,20860,62571,62572,62573,62576,62577,62578,125143,125144,125145,125146,125147,125150,125151,125152,125153,125154,1,-1,2,-2,1,3,1,-1,-3,-1,2,2,5,2,2,-2,-2,-5,-2,-2
0,1,20859,20862,62577,62578,62579,62582,62583,62584,125155,125156,125157,125158,125159,125162,125163,125164,125165,125166,1,-1,2,-2,1,3,1,-1,-3,-1,2,2,5,2,2,-2,-2,-5,-2,-2
0,1,20861,20864,62583,62584,62585,62588,62589,62590,125167,125168,125169,125170,125171,125174,125175,125176,125177,125178,1,-1,2,-2,1,3,1,-1,-3,-1,2,2,5,2,2,-2,-2,-5,-2,-2
0,1,20863,20866,62589,62590,62591,62594,62595,62596,125179,125180,125181,125182,125183,125186,125187,125188,125189,125190,1,-1,2,-2,1,3,1,-1,-3,-1,2,2,5,2,2,-2,-2,-5,-2,-2
0,1,20865,20868,62595,62596,62597,62600,62601,62602,125191,125192,125193,125194,125195,125198,125199,125200,125201,125202,1,-1,2,-2,1,3,1,-1,-3,-1,2,2,5,2,2,-2,-2,-5,-2,-2
0,1,20867,20870,62601,62602,62603,62606,62607,62608,125203,125204,125205,125206,125207,125210,125211,125212,125213,125214,1,-1,2,-2,1,3,1,-1,-3,-1,2,2,5,2,2,-2,-2,-5,-2,-2
0,1,20869,20872,62607,62608,62609,62612,62613,62614,125215,125216,125217,125218,125219,125222,125223,125224,125225,125226,1,-1,2,-2,1,3,1,-1,-3,-1,2,2,5,2,2,-2,-2,-5,-2,-2
0,1,20871,20874,62613,62614,62615,62618,62619,62620,125227,125228,125229,125230,125231,125234,125235,125236,125237,125238,1,-1,2,-2,1,3,1,-1,-3,-1,2,2,5,2,2,-2,-2,-5,-2,-2
0,1,20873,20876,62619,62620,62621,62624,62625,62626,125239,125240,125241,125242,125243,125246,125247,125248,125249,125250,1,-1,2,-2,1,3,1,-1,-3,-1,2,2,5,2,2,-2,-2,-5,-2,-2
0,1,20875,20878,62625,62626,62627,62630,62631,62632,125251,125252,125253,125254,125255,125258,125259,125260,125261,125262,1,-1,2,-2,1,3,1,-1,-3,-1,2,2,5,2,2,-2,-2,-5,-2,-2
0,1,20877,20880,62631,62632,62633,62636,62637,62638,125263,125264,125265,125266,125267,125270,125271,125272,125273,125274,1,-1,2,-2,1,3,1,-1,-3,-1,2,2,5,2,2,-2,-2,-5,-2,-2
0,1,20879,20882,62637,62638,62639,62642,62643,62644,125275,125276,125277,125278,125279,125282,125283,125284,125285,125286,1,-1,2,-2,1,3,1,-1,-3,-1,2,2,5,2,2,-2,-2,-5,-2,-2
0,1,20881,20884,62643,62644,62645,62648,62649,62650,125287,125288,125289,125290,125291,125294,125295,125296,125297,125298,1,-1,2,-2,1,3,1,-1,-3,-1,2,2,5,2,2,-2,-2,-5,-2,-2
0,1,20883,20886,62649,62650,62651,62654,62655,62656,125299,125300,125301,125302,125303,125306,125307,125308,125309,125310,1,-1,2,-2,1,3,1,-1,-3,-1,2,2,5,2,2,-2,-2,-5,-2,-2
0,1,20885,20888,62655,62656,62657,62660,62661,62662,125311,125312,125313,125314,125315,125318,125319,125320,125321,125322,1,-1,2,-2,1,3,1,-1,-3,-1,2,2,5,2,2,-2,-2,-5,-2,-2
0,1,20887,20890,62661,62662,62663,62666,62667,62668,125323,125324,125325,125326,125327,125330,125331,125332,125333,125334,1,-1,2,-2,1,3,1,-1,-3,-1,2,2,5,2,2,-2,-2,-5,-2,-2
0,1,20889,20892,62667,62668,62669,62672,62673,62674,125335,125336,125337,125338,125339,125342,125343,125344,125345,125346,1,-1,2,-2,1,3,1,-1,-3,-1,2,2,5,2,2,-2,-2,-5,-2,-2
0,1,20891,20894,62673,62674,62675,62678,62679,62680,125347,125348,125349,125350,125351,125354,125355,125356,125357,125358,1,-1,2,-2,1,3,1,-1,-3,-1,2,2,5,2,2,-2,-2,-5,-2,-2
0,1,20893,20896,62679,62680,62681,62684,62685,62686,125359,125360,125361,125362,125363,125366,125367,125368,125369,125370,1,-1,2,-2,1,3,1,-1,-3,-1,2,2,5,2,2,-2,-2,-5,-2,-2
0,1,20895,20898,62685,62686,62687,62690,62691,62692,125371,125372,125373,125374,125375,125378,125379,125380,125381,125382,1,-1,2,-2,1,3,1,-1,-3,-1,2,2,5,2,2,-2,-2,-5,-2,-2
0,1,20897,20900,62691,62692,62693,62696,62697,62698,125383,125384,125385,125386,125387,125390,125391,125392,125393,125394,1,-1,2,-2,1,3,1,-1,-3,-1,2,2,5,2,2,-2,-2,-5,-2,-2
0,1,20899,20902,62697,62698,62699,62702,62703,62704,125395,125396,125397,125398,125399,125402,125403,125404,125405,125406,1,-1,2,-2,1,3,1,-1,-3,-1,2,2,5,2,2,-2,-2,-5,-2,-2
0,1,20901,20904,62703,62704,62705,62708,62709,62710,125407,125408,125409,125410,125411,125414,125415,125416,125417,125418,1,-1,2,-2,1,3,1,-1,-3,-1,2,2,5,2,2,-2,-2,-5,-2,-2
0,1,20903,20906,62709,62710,62711,62714,62715,62716,125419,125420,125421,125422,125423,125426,125427,125428,125429,125430,1,-1,2,-2,1,3,1,-1,-3,-1,2,2,5,2,2,-2,-2,-5,-2,-2
0,1,20905,20908,62715,62716,62717,62720,62721,62722,125431,125432,125433,125434,125435,125438,125439,125440,125441,125442,1,-1,2,-2,1,3,1,-1,-3,-1,2,2,5,2,2,-2,-2,-5,-2,-2
0,1,20907,20910,62721,62722,62723,62726,62727,62728,125443,125444,125445,125446,125447,125450,125451,125452,125453,125454,1,-1,2,-2,1,3,1,-1,-3,-1,2,2,5,2,2,-2,-2,-5,-2,-2
0,1,20909,20912,62727,62728,62729,62732,62733,62734,125455,125456,125457,125458,125459,125462,125463,125464,125465,125466,1,-1,2,-2,1,3,1,-1,-3,-1,2,2,5,2,2,-2,-2,-5,-2,-2
0,1,20911,20914,62733,62734,62735,62738,62739,62740,125467,125468,125469,125470,125471,125474,125475,125476,125477,125478,1,-1,2,-2,1,3,1,-1,-3,-1,2,2,5,2,2,-2,-2,-5,-2,-2
0,1,20913,20916,62739,62740,62741,62744,62745,62746,125479,125480,125481,125482,125483,125486,125487,125488,125489,125490,1,-1,2,-2,1,3,1,-1,-3,-1,2,2,5,2,2,-2,-2,-5,-2,-2
0,1,20915,20918,62745,62746,62747,62750,62751,62752,125491,125492,125493,125494,125495,125498,125499,125500,125501,125502,1,-1,2,-2,1,3,1,-1,-3,-1,2,2,5,2,2,-2,-2,-5,-2,-2
0,1,20917,20920,62751,62752,62753,62756,62757,62758,125503,125504,125505,125506,125507,125510,125511,125512,125513,125514,1,-1,2,-2,1,3,1,-1,-3,-1,2,2,5,2,2,-2,-2,-5,-2,-2
0,1,20919,20922,62757,62758,62759,62762,62763,62764,125515,125516,125517,125518,125519,125522,125523,125524,125525,125526,1,-1,2,-2,1,3,1,-1,-3,-1,2,2,5,2,2,-2,-2,-5,-2,-2
0,1,20921,20924,62763,62764,62765,62768,62769,62770,125527,125528,125529,125530,125531,125534,125535,125536,125537,125538,1,-1,2,-2,1,3,1,-1,-3,-1,2,2,5,2,2,-2,-2,-5,-2,-2
0,1,20923,20926,62769,62770,62771,62774,62775,62776,125539,125540,125541,125542,125543,125546,125547,125548,125549,125550,1,-1,2,-2,1,3,1,-1,-3,-1,2,2,5,2,2,-2,-2,-5,-2,-2
0,1,20925,20928,62775,62776,62777,62780,62781,62782,125551,125552,125553,125554,125555,125558,125559,125560,125561,125562,1,-1,2,-2,1,3,1,-1,-3,-1,2,2,5,2,2,-2,-2,-5,-2,-2
0,1,20927,20930,62781,62782,62783,62786,62787,62788,125563,125564,125565,125566,125567,125570,125571,125572,125573,125574,1,-1,2,-2,1,3,1,-1,-3,-1,2,2,5,2,2,-2,-2,-5,-2,-2
0,1,20929,20932,62787,62788,62789,62792,62793,62794,125575,125576,125577,125578,125579,125582,125583,125584,125585,125586,1,-1,2,-2,1,3,1,-1,-3,-1,2,2,5,2,2,-2,-2,-5,-2,-2
0,1,20931,20934,62793,62794,62795,62798,62799,62800,125587,125588,125589,125590,125591,125594,125595,125596,125597,125598,1,-1,2,-2,1,3,1,-1,-3,-1,2,2,5,2,2,-2,-2,-5,-2,-2
0,1,20933,20936,62799,62800,62801,62804,62805,62806,125599,125600,125601,125602,125603,125606,125607,125608,125609,125610,1,-1,2,-2,1,3,1,-1,-3,-1,2,2,5,2,2,-2,-2,-5,-2,-2
0,1,20935,20938,62805,62806,62807,62810,62811,62812,125611,125612,125613,125614,125615,125618,125619,125620,125621,125622,1,-1,2,-2,1,3,1,-1,-3,-1,2,2,5,2,2,-2,-2,-5,-2,-2
0,1,20937,20940,62811,62812,62813,62816,62817,62818,125623,125624,125625,125626,125627,125630,125631,125632,125633,125634,1,-1,2,-2,1,3,1,-1,-3,-1,2,2,5,2,2,-2,-2,-5,-2,-2
0,1,20939,20942,62817,62818,62819,62822,62823,62824,125635,125636,125637,125638,125639,125642,125643,125644,125645,125646,1,-1,2,-2,1,3,1,-1,-3,-1,2,2,5,2,2,-2,-2,-5,-2,-2
0,1,20941,20944,62823,62824,62825,62828,62829,62830,125647,125648,125649,125650,125651,125654,125655,125656,125657,125658,1,-1,2,-2,1,3,1,-1,-3,-1,2,2,5,2,2,-2,-2,-5,-2,-2
0,1,20943,20946,62829,62830,62831,62834,62835,62836,125659,125660,125661,125662,125663,125666,125667,125668,125669,125670,1,-1,2,-2,1,3,1,-1,-3,-1,2,2,5,2,2,-2,-2,-5,-2,-2
0,1,20945,20948,62835,62836,62837,62840,62841,62842,125671,125672,125673,125674,125675,125678,125679,125680,125681,125682,1,-1,2,-2,1,3,1,-1,-3,-1,2,2,5,2,2,-2,-2,-5,-2,-2
0,1,20947,20950,62841,62842,62843,62846,62847,62848,125683,125684,125685,125686,125687,125690,125691,125692,125693,125694,1,-1,2,-2,1,3,1,-1,-3,-1,2,2,5,2,2,-2,-2,-5,-2,-2
0,1,20949,20952,62847,62848,62849,62852,62853,62854,125695,125696,125697,125698,125699,125702,125703,125704,125705,125706,1,-1,2,-2,1,3,1,-1,-3,-1,2,2,5,2,2,-2,-2,-5,-2,-2
0,1,20951,20954,62853,62854,62855,62858,62859,62860,125707,125708,125709,125710,125711,125714,125715,125716,125717,125718,1,-1,2,-2,1,3,1,-1,-3,-1,2,2,5,2,2,-2,-2,-5,-2,-2
0,1,20953,20956,62859,62860,62861,62864,62865,62866,125719,125720,125721,125722,125723,125726,125727,125728,125729,125730,1,-1,2,-2,1,3,1,-1,-3,-1,2,2,5,2,2,-2,-2,-5,-2,-2
0,1,20955,20958,62865,62866,62867,62870,62871,62872,125731,125732,125733,125734,125735,125738,125739,125740,125741,125742,1,-1,2,-2,1,3,1,-1,-3,-1,2,2,5,2,2,-2,-2,-5,-2,-2
0,1,20957,20960,62871,62872,62873,62876,62877,62878,125743,125744,125745,125746,125747,125750,125751,125752,125753,125754,1,-1,2,-2,1,3,1,-1,-3,-1,2,2,5,2,2,-2,-2,-5,-2,-2
0,1,20959,20962,62877,62878,62879,62882,62883,62884,125755,125756,125757,125758,125759,125762,125763,125764,125765,125766,1,-1,2,-2,1,3,1,-1,-3,-1,2,2,5,2,2,-2,-2,-5,-2,-2
0,1,20961,20964,62883,62884,62885,62888,62889,62890,125767,125768,125769,125770,125771,125774,125775,125776,125777,125778,1,-1,2,-2,1,3,1,-1,-3,-1,2,2,5,2,2,-2,-2,-5,-2,-2
0,1,20963,20966,62889,62890,62891,62894,62895,62896,125779,125780,125781,125782,125783,125786,125787,125788,125789,125790,1,-1,2,-2,1,3,1,-1,-3,-1,2,2,5,2,2,-2,-2,-5,-2,-2
0,1,20965,20968,62895,62896,62897,62900,62901,62902,125791,125792,125793,125794,125795,125798,125799,125800,125801,125802,1,-1,2,-2,1,3,1,-1,-3,-1,2,2,5,2,2,-2,-2,-5,-2,-2
0,1,20967,20970,62901,62902,62903,62906,62907,62908,125803,125804,125805,125806,125807,125810,125811,125812,125813,125814,1,-1,2,-2,1,3,1,-1,-3,-1,2,2,5,2,2,-2,-2,-5,-2,-2
0,1,20969,20972,62907,62908,62909,62912,62913,62914,125815,125816,125817,125818,125819,125822,125823,125824,125825,125826,1,-1,2,-2,1,3,1,-1,-3,-1,2,2,5,2,2,-2,-2,-5,-2,-2
0,1,20971,20974,62913,62914,62915,62918,62919,62920,125827,125828,125829,125830,125831,125834,125835,125836,125837,125838,1,-1,2,-2,1,3,1,-1,-3,-1,2,2,5,2,2,-2,-2,-5,-2,-2
0,1,20973,20976,62919,62920,62921,62924,62925,62926,125839,125840,125841,125842,125843,125846,125847,125848,125849,125850,1,-1,2,-2,1,3,1,-1,-3,-1,2,2,5,2,2,-2,-2,-5,-2,-2
0,1,20975,20978,62925,62926,62927,62930,62931,62932,125851,125852,125853,125854,125855,125858,125859,125860,125861,125862,1,-1,2,-2,1,3,1,-1,-3,-1,2,2,5,2,2,-2,-2,-5,-2,-2
0,1,20977,20980,62931,62932,62933,62936,62937,62938,125863,125864,125865,125866,125867,125870,125871,125872,125873,125874,1,-1,2,-2,1,3,1,-1,-3,-1,2,2,5,2,2,-2,-2,-5,-2,-2
0,1,20979,20982,62937,62938,62939,62942,62943,62944,125875,125876,125877,125878,125879,125882,125883,125884,125885,125886,1,-1,2,-2,1,3,1,-1,-3,-1,2,2,5,2,2,-2,-2,-5,-2,-2
0,1,20981,20984,62943,62944,62945,62948,62949,62950,125887,125888,125889,125890,125891,125894,125895,125896,125897,125898,1,-1,2,-2,1,3,1,-1,-3,-1,2,2,5,2,2,-2,-2,-5,-2,-2
0,1,20983,20986,62949,62950,62951,62954,62955,62956,125899,125900,125901,125902,125903,125906,125907,125908,125909,125910,1,-1,2,-2,1,3,1,-1,-3,-1,2,2,5,2,2,-2,-2,-5,-2,-2
0,1,20985,20988,62955,62956,62957,62960,62961,62962,125911,125912,125913,125914,125915,125918,125919,125920,125921,125922,1,-1,2,-2,1,3,1,-1,-3,-1,2,2,5,2,2,-2,-2,-5,-2,-2
0,1,20987,20990,62961,62962,62963,62966,62967,62968,125923,125924,125925,125926,125927,125930,125931,125932,125933,125934,1,-1,2,-2,1,3,1,-1,-3,-1,2,2,5,2,2,-2,-2,-5,-2,-2
0,1,20989,20992,62967,62968,62969,62972,62973,62974,125935,125936,125937,125938,125939,125942,125943,125944,125945,125946,1,-1,2,-2,1,3,1,-1,-3,-1,2,2,5,2,2,-2,-2,-5,-2,-2
0,1,20991,20994,62973,62974,62975,62978,62979,62980,125947,125948,125949,125950,125951,125954,125955,125956,125957,125958,1,-1,2,-2,1,3,1,-1,-3,-1,2,2,5,2,2,-2,-2,-5,-2,-2
0,1,20993,20996,62979,62980,62981,62984,62985,62986,125959,125960,125961,125962,125963,125966,125967,125968,125969,125970,1,-1,2,-2,1,3,1,-1,-3,-1,2,2,5,2,2,-2,-2,-5,-2,-2
0,1,20995,20998,62985,62986,62987,62990,62991,62992,125971,125972,125973,125974,125975,125978,125979,125980,125981,125982,1,-1,2,-2,1,3,1,-1,-3,-1,2,2,5,2,2,-2,-2,-5,-2,-2
0,1,20997,21000,62991,62992,62993,62996,62997,62998,125983,125984,125985,125986,125987,125990,125991,125992,125993,125994,1,-1,2,-2,1,3,1,-1,-3,-1,2,2,5,2,2,-2,-2,-5,-2,-2
0,1,20999,21002,62997,62998,62999,63002,63003,63004,125995,125996,125997,125998,125999,126002,126003,126004,126005,126006,1,-1,2,-2,1,3,1,-1,-3,-1,2,2,5,2,2,-2,-2,-5,-2,-2
0,1,21001,21004,63003,63004,63005,63008,63009,63010,126007,126008,126009,126010,126011,126014,126015,126016,126017,126018,1,-1,2,-2,1,3,1,-1,-3,-1,2,2,5,2,2,-2,-2,-5,-2,-2
0,1,21003,21006,63009,63010,63011,63014,63015,63016,126019,126020,126021,126022,126023,126026,126027,126028,126029,126030,1,-1,2,-2,1,3,1,-1,-3,-1,2,2,5,2,2,-2,-2,-5,-2,-2
0,1,21005,21008,63015,63016,63017,63020,63021,63022,126031,126032,126033,126034,126035,126038,126039,126040,126041,126042,1,-1,2,-2,1,3,1,-1,-3,-1,2,2,5,2,2,-2,-2,-5,-2,-2
0,1,21007,21010,63021,63022,63023,63026,63027,63028,126043,126044,126045,126046,126047,126050,126051,126052,126053,126054,1,-1,2,-2,1,3,1,-1,-3,-1,2,2,5,2,2,-2,-2,-5,-2,-2
0,1,21009,21012,63027,63028,63029,63032,63033,63034,126055,126056,126057,126058,126059,126062,126063,126064,126065,126066,1,-1,2,-2,1,3,1,-1,-3,-1,2,2,5,2,2,-2,-2,-5,-2,-2
0,1,21011,21014,63033,63034,63035,63038,63039,63040,126067,126068,126069,126070,126071,126074,126075,126076,126077,126078,1,-1,2,-2,1,3,1,-1,-3,-1,2,2,5,2,2,-2,-2,-5,-2,-2
0,1,21013,21016,63039,63040,63041,63044,63045,63046,126079,126080,126081,126082,126083,126086,126087,126088,126089,126090,1,-1,2,-2,1,3,1,-1,-3,-1,2,2,5,2,2,-2,-2,-5,-2,-2
0,1,21015,21018,63045,63046,63047,63050,63051,63052,126091,126092,126093,126094,126095,126098,126099,126100,126101,126102,1,-1,2,-2,1,3,1,-1,-3,-1,2,2,5,2,2,-2,-2,-5,-2,-2
0,1,21017,21020,63051,63052,63053,63056,63057,63058,126103,126104,126105,126106,126107,126110,126111,126112,126113,126114,1,-1,2,-2,1,3,1,-1,-3,-1,2,2,5,2,2,-2,-2,-5,-2,-2
0,1,21019,21022,63057,63058,63059,63062,63063,63064,126115,126116,126117,126118,126119,126122,126123,126124,126125,126126,1,-1,2,-2,1,3,1,-1,-3,-1,2,2,5,2,2,-2,-2,-5,-2,-2
0,1,21021,21024,63063,63064,63065,63068,63069,63070,126127,126128,126129,126130,126131,126134,126135,126136,126137,126138,1,-1,2,-2,1,3,1,-1,-3,-1,2,2,5,2,2,-2,-2,-5,-2,-2
0,1,21023,21026,63069,63070,63071,63074,63075,63076,126139,126140,126141,126142,126143,126146,126147,126148,126149,126150,1,-1,2,-2,1,3,1,-1,-3,-1,2,2,5,2,2,-2,-2,-5,-2,-2
0,1,21025,21028,63075,63076,63077,63080,63081,63082,126151,126152,126153,126154,126155,126158,126159,126160,126161,126162,1,-1,2,-2,1,3,1,-1,-3,-1,2,2,5,2,2,-2,-2,-5,-2,-2
0,1,21027,21030,63081,63082,63083,63086,63087,63088,126163,126164,126165,126166,126167,126170,126171,126172,126173,126174,1,-1,2,-2,1,3,1,-1,-3,-1,2,2,5,2,2,-2,-2,-5,-2,-2
0,1,21029,21032,63087,63088,63089,63092,63093,63094,126175,126176,126177,126178,126179,126182,126183,126184,126185,126186,1,-1,2,-2,1,3,1,-1,-3,-1,2,2,5,2,2,-2,-2,-5,-2,-2
0,1,21031,21034,63093,63094,63095,63098,63099,63100,126187,126188,126189,126190,126191,126194,126195,126196,126197,126198,1,-1,2,-2,1,3,1,-1,-3,-1,2,2,5,2,2,-2,-2,-5,-2,-2
0,1,21033,21036,63099,63100,63101,63104,63105,63106,126199,126200,126201,126202,126203,126206,126207,126208,126209,126210,1,-1,2,-2,1,3,1,-1,-3,-1,2,2,5,2,2,-2,-2,-5,-2,-2
0,1,21035,21038,63105,63106,63107,63110,63111,63112,126211,126212,126213,126214,126215,126218,126219,126220,126221,126222,1,-1,2,-2,1,3,1,-1,-3,-1,2,2,5,2,2,-2,-2,-5,-2,-2
0,1,21037,21040,63111,63112,63113,63116,63117,63118,126223,126224,126225,126226,126227,126230,126231,126232,126233,126234,1,-1,2,-2,1,3,1,-1,-3,-1,2,2,5,2,2,-2,-2,-5,-2,-2
0,1,21039,21042,63117,63118,63119,63122,63123,63124,126235,126236,126237,126238,126239,126242,126243,126244,126245,126246,1,-1,2,-2,1,3,1,-1,-3,-1,2,2,5,2,2,-2,-2,-5,-2,-2
0,1,21041,21044,63123,63124,63125,63128,63129,63130,126247,126248,126249,126250,126251,126254,126255,126256,126257,126258,1,-1,2,-2,1,3,1,-1,-3,-1,2,2,5,2,2,-2,-2,-5,-2,-2
0,1,21043,21046,63129,63130,63131,63134,63135,63136,126259,126260,126261,126262,126263,126266,126267,126268,126269,126270,1,-1,2,-2,1,3,1,-1,-3,-1,2,2,5,2,2,-2,-2,-5,-2,-2
0,1,21045,21048,63135,63136,63137,63140,63141,63142,126271,126272,126273,126274,126275,126278,126279,126280,126281,126282,1,-1,2,-2,1,3,1,-1,-3,-1,2,2,5,2,2,-2,-2,-5,-2,-2
0,1,21047,21050,63141,63142,63143,63146,63147,63148,126283,126284,126285,126286,126287,126290,126291,126292,126293,126294,1,-1,2,-2,1,3,1,-1,-3,-1,2,2,5,2,2,-2,-2,-5,-2,-2
0,1,21049,21052,63147,63148,63149,63152,63153,63154,126295,126296,126297,126298,126299,126302,126303,126304,126305,126306,1,-1,2,-2,1,3,1,-1,-3,-1,2,2,5,2,2,-2,-2,-5,-2,-2
0,1,21051,21054,63153,63154,63155,63158,63159,63160,126307,126308,126309,126310,126311,126314,126315,126316,126317,126318,1,-1,2,-2,1,3,1,-1,-3,-1,2,2,5,2,2,-2,-2,-5,-2,-2
0,1,21053,21056,63159,63160,63161,63164,63165,63166,126319,126320,126321,126322,126323,126326,126327,126328,126329,126330,1,-1,2,-2,1,3,1,-1,-3,-1,2,2,5,2,2,-2,-2,-5,-2,-2
0,1,21055,21058,63165,63166,63167,63170,63171,63172,126331,126332,126333,126334,126335,126338,126339,126340,126341,126342,1,-1,2,-2,1,3,1,-1,-3,-1,2,2,5,2,2,-2,-2,-5,-2,-2
0,1,21057,21060,63171,63172,63173,63176,63177,63178,126343,126344,126345,126346,126347,126350,126351,126352,126353,126354,1,-1,2,-2,1,3,1,-1,-3,-1,2,2,5,2,2,-2,-2,-5,-2,-2
0,1,21059,21062,63177,63178,63179,63182,63183,63184,126355,126356,126357,126358,126359,126362,126363,126364,126365,126366,1,-1,2,-2,1,3,1,-1,-3,-1,2,2,5,2,2,-2,-2,-5,-2,-2
0,1,21061,21064,63183,63184,63185,63188,63189,63190,126367,126368,126369,126370,126371,126374,126375,126376,126377,126378,1,-1,2,-2,1,3,1,-1,-3,-1,2,2,5,2,2,-2,-2,-5,-2,-2
0,1,21063,21066,63189,63190,63191,63194,63195,63196,126379,126380,126381,126382,126383,126386,126387,126388,126389,126390,1,-1,2,-2,1,3,1,-1,-3,-1,2,2,5,2,2,-2,-2,-5,-2,-2
0,1,21065,21068,63195,63196,63197,63200,63201,63202,126391,126392,126393,126394,126395,126398,126399,126400,126401,126402,1,-1,2,-2,1,3,1,-1,-3,-1,2,2,5,2,2,-2,-2,-5,-2,-2
0,1,21067,21070,63201,63202,63203,63206,63207,63208,126403,126404,126405,126406,126407,126410,126411,126412,126413,126414,1,-1,2,-2,1,3,1,-1,-3,-1,2,2,5,2,2,-2,-2,-5,-2,-2
0,1,21069,21072,63207,63208,63209,63212,63213,63214,126415,126416,126417,126418,126419,126422,126423,126424,126425,126426,1,-1,2,-2,1,3,1,-1,-3,-1,2,2,5,2,2,-2,-2,-5,-2,-2
0,1,21071,21074,63213,63214,63215,63218,63219,63220,126427,126428,126429,126430,126431,126434,126435,126436,126437,126438,1,-1,2,-2,1,3,1,-1,-3,-1,2,2,5,2,2,-2,-2,-5,-2,-2
0,1,21073,21076,63219,63220,63221,63224,63225,63226,126439,126440,126441,126442,126443,126446,126447,126448,126449,126450,1,-1,2,-2,1,3,1,-1,-3,-1,2,2,5,2,2,-2,-2,-5,-2,-2
0,1,21075,21078,63225,63226,63227,63230,63231,63232,126451,126452,126453,126454,126455,126458,126459,126460,126461,126462,1,-1,2,-2,1,3,1,-1,-3,-1,2,2,5,2,2,-2,-2,-5,-2,-2
0,1,21077,21080,63231,63232,63233,63236,63237,63238,126463,126464,126465,126466,126467,126470,126471,126472,126473,126474,1,-1,2,-2,1,3,1,-1,-3,-1,2,2,5,2,2,-2,-2,-5,-2,-2
0,1,21079,21082,63237,63238,63239,63242,63243,63244,126475,126476,126477,126478,126479,126482,126483,126484,126485,126486,1,-1,2,-2,1,3,1,-1,-3,-1,2,2,5,2,2,-2,-2,-5,-2,-2
0,1,21081,21084,63243,63244,63245,63248,63249,63250,126487,126488,126489,126490,126491,126494,126495,126496,126497,126498,1,-1,2,-2,1,3,1,-1,-3,-1,2,2,5,2,2,-2,-2,-5,-2,-2
0,1,21083,21086,63249,63250,63251,63254,63255,63256,126499,126500,126501,126502,126503,126506,126507,126508,126509,126510,1,-1,2,-2,1,3,1,-1,-3,-1,2,2,5,2,2,-2,-2,-5,-2,-2
0,1,21085,21088,63255,63256,63257,63260,63261,63262,126511,126512,126513,126514,126515,126518,126519,126520,126521,126522,1,-1,2,-2,1,3,1,-1,-3,-1,2,2,5,2,2,-2,-2,-5,-2,-2
0,1,21087,21090,63261,63262,63263,63266,63267,63268,126523,126524,126525,126526,126527,126530,126531,126532,126533,126534,1,-1,2,-2,1,3,1,-1,-3,-1,2,2,5,2,2,-2,-2,-5,-2,-2
0,1,21089,21092,63267,63268,63269,63272,63273,63274,126535,126536,126537,126538,126539,126542,126543,126544,126545,126546,1,-1,2,-2,1,3,1,-1,-3,-1,2,2,5,2,2,-2,-2,-5,-2,-2
0,1,21091,21094,63273,63274,63275,63278,63279,63280,126547,126548,126549,126550,126551,126554,126555,126556,126557,126558,1,-1,2,-2,1,3,1,-1,-3,-1,2,2,5,2,2,-2,-2,-5,-2,-2
0,1,21093,21096,63279,63280,63281,63284,63285,63286,126559,126560,126561,126562,126563,126566,126567,126568,126569,126570,1,-1,2,-2,1,3,1,-1,-3,-1,2,2,5,2,2,-2,-2,-5,-2,-2
0,1,21095,21098,63285,63286,63287,63290,63291,63292,126571,126572,126573,126574,126575,126578,126579,126580,126581,126582,1,-1,2,-2,1,3,1,-1,-3,-1,2,2,5,2,2,-2,-2,-5,-2,-2
0,1,21097,21100,63291,63292,63293,63296,63297,63298,126583,126584,126585,126586,126587,126590,126591,126592,126593,126594,1,-1,2,-2,1,3,1,-1,-3,-1,2,2,5,2,2,-2,-2,-5,-2,-2
0,1,21099,21102,63297,63298,63299,63302,63303,63304,126595,126596,126597,126598,126599,126602,126603,126604,126605,126606,1,-1,2,-2,1,3,1,-1,-3,-1,2,2,5,2,2,-2,-2,-5,-2,-2
0,1,21101,21104,63303,63304,63305,63308,63309,63310,126607,126608,126609,126610,126611,126614,126615,126616,126617,126618,1,-1,2,-2,1,3,1,-1,-3,-1,2,2,5,2,2,-2,-2,-5,-2,-2
0,1,21103,21106,63309,63310,63311,63314,63315,63316,126619,126620,126621,126622,126623,126626,126627,126628,126629,126630,1,-1,2,-2,1,3,1,-1,-3,-1,2,2,5,2,2,-2,-2,-5,-2,-2
0,1,21105,21108,63315,63316,63317,63320,63321,63322,126631,126632,126633,126634,126635,126638,126639,126640,126641,126642,1,-1,2,-2,1,3,1,-1,-3,-1,2,2,5,2,2,-2,-2,-5,-2,-2
0,1,21107,21110,63321,63322,63323,63326,63327,63328,126643,126644,126645,126646,126647,126650,126651,126652,126653,126654,1,-1,2,-2,1,3,1,-1,-3,-1,2,2,5,2,2,-2,-2,-5,-2,-2
0,1,21109,21112,63327,63328,63329,63332,63333,63334,126655,126656,126657,126658,126659,126662,126663,126664,126665,126666,1,-1,2,-2,1,3,1,-1,-3,-1,2,2,5,2,2,-2,-2,-5,-2,-2
0,1,21111,21114,63333,63334,63335,63338,63339,63340,126667,126668,126669,126670,126671,126674,126675,126676,126677,126678,1,-1,2,-2,1,3,1,-1,-3,-1,2,2,5,2,2,-2,-2,-5,-2,-2
0,1,21113,21116,63339,63340,63341,63344,63345,63346,126679,126680,126681,126682,126683,126686,126687,126688,126689,126690,1,-1,2,-2,1,3,1,-1,-3,-1,2,2,5,2,2,-2,-2,-5,-2,-2
0,1,21115,21118,63345,63346,63347,63350,63351,63352,126691,126692,126693,126694,126695,126698,126699,126700,126701,126702,1,-1,2,-2,1,3,1,-1,-3,-1,2,2,5,2,2,-2,-2,-5,-2,-2
0,1,21117,21120,63351,63352,63353,63356,63357,63358,126703,126704,126705,126706,126707,126710,126711,126712,126713,126714,1,-1,2,-2,1,3,1,-1,-3,-1,2,2,5,2,2,-2,-2,-5,-2,-2
0,1,21119,21122,63357,63358,63359,63362,63363,63364,126715,126716,126717,126718,126719,126722,126723,126724,126725,126726,1,-1,2,-2,1,3,1,-1,-3,-1,2,2,5,2,2,-2,-2,-5,-2,-2
0,1,21121,21124,63363,63364,63365,63368,63369,63370,126727,126728,126729,126730,126731,126734,126735,126736,126737,126738,1,-1,2,-2,1,3,1,-1,-3,-1,2,2,5,2,2,-2,-2,-5,-2,-2
0,1,21123,21126,63369,63370,63371,63374,63375,63376,126739,126740,126741,126742,126743,126746,126747,126748,126749,126750,1,-1,2,-2,1,3,1,-1,-3,-1,2,2,5,2,2,-2,-2,-5,-2,-2
0,1,21125,21128,63375,63376,63377,63380,63381,63382,126751,126752,126753,126754,126755,126758,126759,126760,126761,126762,1,-1,2,-2,1,3,1,-1,-3,-1,2,2,5,2,2,-2,-2,-5,-2,-2
0,1,21127,21130,63381,63382,63383,63386,63387,63388,126763,126764,126765,126766,126767,126770,126771,126772,126773,126774,1,-1,2,-2,1,3,1,-1,-3,-1,2,2,5,2,2,-2,-2,-5,-2,-2
0,1,21129,21132,63387,63388,63389,63392,63393,63394,126775,126776,126777,126778,126779,126782,126783,126784,126785,126786,1,-1,2,-2,1,3,1,-1,-3,-1,2,2,5,2,2,-2,-2,-5,-2,-2
0,1,21131,21134,63393,63394,63395,63398,63399,63400,126787,126788,126789,126790,126791,126794,126795,126796,126797,126798,1,-1,2,-2,1,3,1,-1,-3,-1,2,2,5,2,2,-2,-2,-5,-2,-2
0,1,21133,21136,63399,63400,63401,63404,63405,63406,126799,126800,126801,126802,126803,126806,126807,126808,126809,126810,1,-1,2,-2,1,3,1,-1,-3,-1,2,2,5,2,2,-2,-2,-5,-2,-2
0,1,21135,21138,63405,63406,63407,63410,63411,63412,126811,126812,126813,126814,126815,126818,126819,126820,126821,126822,1,-1,2,-2,1,3,1,-1,-3,-1,2,2,5,2,2,-2,-2,-5,-2,-2
0,1,21137,21140,63411,63412,63413,63416,63417,63418,126823,126824,126825,126826,126827,126830,126831,126832,126833,126834,1,-1,2,-2,1,3,1,-1,-3,-1,2,2,5,2,2,-2,-2,-5,-2,-2
0,1,21139,21142,63417,63418,63419,63422,63423,63424,126835,126836,126837,126838,126839,126842,126843,126844,126845,126846,1,-1,2,-2,1,3,1,-1,-3,-1,2,2,5,2,2,-2,-2,-5,-2,-2
0,1,21141,21144,63423,63424,63425,63428,63429,63430,126847,126848,126849,126850,126851,126854,126855,126856,126857,126858,1,-1,2,-2,1,3,1,-1,-3,-1,2,2,5,2,2,-2,-2,-5,-2,-2
0,1,21143,21146,63429,63430,63431,63434,63435,63436,126859,126860,126861,126862,126863,126866,126867,126868,126869,126870,1,-1,2,-2,1,3,1,-1,-3,-1,2,2,5,2,2,-2,-2,-5,-2,-2
0,1,21145,21148,63435,63436,63437,63440,63441,63442,126871,126872,126873,126874,126875,126878,126879,126880,126881,126882,1,-1,2,-2,1,3,1,-1,-3,-1,2,2,5,2,2,-2,-2,-5,-2,-2
0,1,21147,21150,63441,63442,63443,63446,63447,63448,126883,126884,126885,126886,126887,126890,126891,126892,126893,126894,1,-1,2,-2,1,3,1,-1,-3,-1,2,2,5,2,2,-2,-2,-5,-2,-2
0,1,21149,21152,63447,63448,63449,63452,63453,63454,126895,126896,126897,126898,126899,126902,126903,126904,126905,126906,1,-1,2,-2,1,3,1,-1,-3,-1,2,2,5,2,2,-2,-2,-5,-2,-2
0,1,21151,21154,63453,63454,63455,63458,63459,63460,126907,126908,126909,126910,126911,126914,126915,126916,126917,126918,1,-1,2,-2,1,3,1,-1,-3,-1,2,2,5,2,2,-2,-2,-5,-2,-2
0,1,21153,21156,63459,63460,63461,63464,63465,63466,126919,126920,126921,126922,126923,126926,126927,126928,126929,126930,1,-1,2,-2,1,3,1,-1,-3,-1,2,2,5,2,2,-2,-2,-5,-2,-2
0,1,21155,21158,63465,63466,63467,63470,63471,63472,126931,126932,126933,126934,126935,126938,126939,126940,126941,126942,1,-1,2,-2,1,3,1,-1,-3,-1,2,2,5,2,2,-2,-2,-5,-2,-2
0,1,21157,21160,63471,63472,63473,63476,63477,63478,126943,126944,126945,126946,126947,126950,126951,126952,126953,126954,1,-1,2,-2,1,3,1,-1,-3,-1,2,2,5,2,2,-2,-2,-5,-2,-2
0,1,21159,21162,63477,63478,63479,63482,63483,63484,126955,126956,126957,126958,126959,126962,126963,126964,126965,126966,1,-1,2,-2,1,3,1,-1,-3,-1,2,2,5,2,2,-2,-2,-5,-2,-2
0,1,21161,21164,63483,63484,63485,63488,63489,63490,126967,126968,126969,126970,126971,126974,126975,126976,126977,126978,1,-1,2,-2,1,3,1,-1,-3,-1,2,2,5,2,2,-2,-2,-5,-2,-2
0,1,21163,21166,63489,63490,63491,63494,63495,63496,126979,126980,126981,126982,126983,126986,126987,126988,126989,126990,1,-1,2,-2,1,3,1,-1,-3,-1,2,2,5,2,2,-2,-2,-5,-2,-2
0,1,21165,21168,63495,63496,63497,63500,63501,63502,126991,126992,126993,126994,126995,126998,126999,127000,127001,127002,1,-1,2,-2,1,3,1,-1,-3,-1,2,2,5,2,2,-2,-2,-5,-2,-2
0,1,21167,21170,63501,63502,63503,63506,63507,63508,127003,127004,127005,127006,127007,127010,127011,127012,127013,127014,1,-1,2,-2,1,3,1,-1,-3,-1,2,2,5,2,2,-2,-2,-5,-2,-2
0,1,21169,21172,63507,63508,63509,63512,63513,63514,127015,127016,127017,127018,127019,127022,127023,127024,127025,127026,1,-1,2,-2,1,3,1,-1,-3,-1,2,2,5,2,2,-2,-2,-5,-2,-2
0,1,21171,21174,63513,63514,63515,63518,63519,63520,127027,127028,127029,127030,127031,127034,127035,127036,127037,127038,1,-1,2,-2,1,3,1,-1,-3,-1,2,2,5,2,2,-2,-2,-5,-2,-2
0,1,21173,21176,63519,63520,63521,63524,63525,63526,127039,127040,127041,127042,127043,127046,127047,127048,127049,127050,1,-1,2,-2,1,3,1,-1,-3,-1,2,2,5,2,2,-2,-2,-5,-2,-2
0,1,21175,21178,63525,63526,63527,63530,63531,63532,127051,127052,127053,127054,127055,127058,127059,127060,127061,127062,1,-1,2,-2,1,3,1,-1,-3,-1,2,2,5,2,2,-2,-2,-5,-2,-2
0,1,21177,21180,63531,63532,63533,63536,63537,63538,127063,127064,127065,127066,127067,127070,127071,127072,127073,127074,1,-1,2,-2,1,3,1,-1,-3,-1,2,2,5,2,2,-2,-2,-5,-2,-2
0,1,21179,21182,63537,63538,63539,63542,63543,63544,127075,127076,127077,127078,127079,127082,127083,127084,127085,127086,1,-1,2,-2,1,3,1,-1,-3,-1,2,2,5,2,2,-2,-2,-5,-2,-2
0,1,21181,21184,63543,63544,63545,63548,63549,63550,127087,127088,127089,127090,127091,127094,127095,127096,127097,127098,1,-1,2,-2,1,3,1,-1,-3,-1,2,2,5,2,2,-2,-2,-5,-2,-2
0,1,21183,21186,63549,63550,63551,63554,63555,63556,127099,127100,127101,127102,127103,127106,127107,127108,127109,127110,1,-1,2,-2,1,3,1,-1,-3,-1,2,2,5,2,2,-2,-2,-5,-2,-2
0,1,21185,21188,63555,63556,63557,63560,63561,63562,127111,127112,127113,127114,127115,127118,127119,127120,127121,127122,1,-1,2,-2,1,3,1,-1,-3,-1,2,2,5,2,2,-2,-2,-5,-2,-2
0,1,21187,21190,63561,63562,63563,63566,63567,63568,127123,127124,127125,127126,127127,127130,127131,127132,127133,127134,1,-1,2,-2,1,3,1,-1,-3,-1,2,2,5,2,2,-2,-2,-5,-2,-2
0,1,21189,21192,63567,63568,63569,63572,63573,63574,127135,127136,127137,127138,127139,127142,127143,127144,127145,127146,1,-1,2,-2,1,3,1,-1,-3,-1,2,2,5,2,2,-2,-2,-5,-2,-2
0,1,21191,21194,63573,63574,63575,63578,63579,63580,127147,127148,127149,127150,127151,127154,127155,127156,127157,127158,1,-1,2,-2,1,3,1,-1,-3,-1,2,2,5,2,2,-2,-2,-5,-2,-2
0,1,21193,21196,63579,63580,63581,63584,63585,63586,127159,127160,127161,127162,127163,127166,127167,127168,127169,127170,1,-1,2,-2,1,3,1,-1,-3,-1,2,2,5,2,2,-2,-2,-5,-2,-2
0,1,21195,21198,63585,63586,63587,63590,63591,63592,127171,127172,127173,127174,127175,127178,127179,127180,127181,127182,1,-1,2,-2,1,3,1,-1,-3,-1,2,2,5,2,2,-2,-2,-5,-2,-2
0,1,21197,21200,63591,63592,63593,63596,63597,63598,127183,127184,127185,127186,127187,127190,127191,127192,127193,127194,1,-1,2,-2,1,3,1,-1,-3,-1,2,2,5,2,2,-2,-2,-5,-2,-2
0,1,21199,21202,63597,63598,63599,63602,63603,63604,127195,127196,127197,127198,127199,127202,127203,127204,127205,127206,1,-1,2,-2,1,3,1,-1,-3,-1,2,2,5,2,2,-2,-2,-5,-2,-2
0,1,21201,21204,63603,63604,63605,63608,63609,63610,127207,127208,127209,127210,127211,127214,127215,127216,127217,127218,1,-1,2,-2,1,3,1,-1,-3,-1,2,2,5,2,2,-2,-2,-5,-2,-2
0,1,21203,21206,63609,63610,63611,63614,63615,63616,127219,127220,127221,127222,127223,127226,127227,127228,127229,127230,1,-1,2,-2,1,3,1,-1,-3,-1,2,2,5,2,2,-2,-2,-5,-2,-2
0,1,21205,21208,63615,63616,63617,63620,63621,63622,127231,127232,127233,127234,127235,127238,127239,127240,127241,127242,1,-1,2,-2,1,3,1,-1,-3,-1,2,2,5,2,2,-2,-2,-5,-2,-2
0,1,21207,21210,63621,63622,63623,63626,63627,63628,127243,127244,127245,127246,127247,127250,127251,127252,127253,127254,1,-1,2,-2,1,3,1,-1,-3,-1,2,2,5,2,2,-2,-2,-5,-2,-2
0,1,21209,21212,63627,63628,63629,63632,63633,63634,127255,127256,127257,127258,127259,127262,127263,127264,127265,127266,1,-1,2,-2,1,3,1,-1,-3,-1,2,2,5,2,2,-2,-2,-5,-2,-2
0,1,21211,21214,63633,63634,63635,63638,63639,63640,127267,127268,127269,127270,127271,127274,127275,127276,127277,127278,1,-1,2,-2,1,3,1,-1,-3,-1,2,2,5,2,2,-2,-2,-5,-2,-2
0,1,21213,21216,63639,63640,63641,63644,63645,63646,127279,127280,127281,127282,127283,127286,127287,127288,127289,127290,1,-1,2,-2,1,3,1,-1,-3,-1,2,2,5,2,2,-2,-2,-5,-2,-2
0,1,21215,21218,63645,63646,63647,63650,63651,63652,127291,127292,127293,127294,127295,127298,127299,127300,127301,127302,1,-1,2,-2,1,3,1,-1,-3,-1,2,2,5,2,2,-2,-2,-5,-2,-2
0,1,21217,21220,63651,63652,63653,63656,63657,63658,127303,127304,127305,127306,127307,127310,127311,127312,127313,127314,1,-1,2,-2,1,3,1,-1,-3,-1,2,2,5,2,2,-2,-2,-5,-2,-2
0,1,21219,21222,63657,63658,63659,63662,63663,63664,127315,127316,127317,127318,127319,127322,127323,127324,127325,127326,1,-1,2,-2,1,3,1,-1,-3,-1,2,2,5,2,2,-2,-2,-5,-2,-2
0,1,21221,21224,63663,63664,63665,63668,63669,63670,127327,127328,127329,127330,127331,127334,127335,127336,127337,127338,1,-1,2,-2,1,3,1,-1,-3,-1,2,2,5,2,2,-2,-2,-5,-2,-2
0,1,21223,21226,63669,63670,63671,63674,63675,63676,127339,127340,127341,127342,127343,127346,127347,127348,127349,127350,1,-1,2,-2,1,3,1,-1,-3,-1,2,2,5,2,2,-2,-2,-5,-2,-2
0,1,21225,21228,63675,63676,63677,63680,63681,63682,127351,127352,127353,127354,127355,127358,127359,127360,127361,127362,1,-1,2,-2,1,3,1,-1,-3,-1,2,2,5,2,2,-2,-2,-5,-2,-2
0,1,21227,21230,63681,63682,63683,63686,63687,63688,127363,127364,127365,127366,127367,127370,127371,127372,127373,127374,1,-1,2,-2,1,3,1,-1,-3,-1,2,2,5,2,2,-2,-2,-5,-2,-2
0,1,21229,21232,63687,63688,63689,63692,63693,63694,127375,127376,127377,127378,127379,127382,127383,127384,127385,127386,1,-1,2,-2,1,3,1,-1,-3,-1,2,2,5,2,2,-2,-2,-5,-2,-2
0,1,21231,21234,63693,63694,63695,63698,63699,63700,127387,127388,127389,127390,127391,127394,127395,127396,127397,127398,1,-1,2,-2,1,3,1,-1,-3,-1,2,2,5,2,2,-2,-2,-5,-2,-2
0,1,21233,21236,63699,63700,63701,63704,63705,63706,127399,127400,127401,127402,127403,127406,127407,127408,127409,127410,1,-1,2,-2,1,3,1,-1,-3,-1,2,2,5,2,2,-2,-2,-5,-2,-2
0,1,21235,21238,63705,63706,63707,63710,63711,63712,127411,127412,127413,127414,127415,127418,127419,127420,127421,127422,1,-1,2,-2,1,3,1,-1,-3,-1,2,2,5,2,2,-2,-2,-5,-2,-2
0,1,21237,21240,63711,63712,63713,63716,63717,63718,127423,127424,127425,127426,127427,127430,127431,127432,127433,127434,1,-1,2,-2,1,3,1,-1,-3,-1,2,2,5,2,2,-2,-2,-5,-2,-2
0,1,21239,21242,63717,63718,63719,63722,63723,63724,127435,127436,127437,127438,127439,127442,127443,127444,127445,127446,1,-1,2,-2,1,3,1,-1,-3,-1,2,2,5,2,2,-2,-2,-5,-2,-2
0,1,21241,21244,63723,63724,63725,63728,63729,63730,127447,127448,127449,127450,127451,127454,127455,127456,127457,127458,1,-1,2,-2,1,3,1,-1,-3,-1,2,2,5,2,2,-2,-2,-5,-2,-2
0,1,21243,21246,63729,63730,63731,63734,63735,63736,127459,127460,127461,127462,127463,127466,127467,127468,127469,127470,1,-1,2,-2,1,3,1,-1,-3,-1,2,2,5,2,2,-2,-2,-5,-2,-2
0,1,21245,21248,63735,63736,63737,63740,63741,63742,127471,127472,127473,127474,127475,127478,127479,127480,127481,127482,1,-1,2,-2,1,3,1,-1,-3,-1,2,2,5,2,2,-2,-2,-5,-2,-2
0,1,21247,21250,63741,63742,63743,63746,63747,63748,127483,127484,127485,127486,127487,127490,127491,127492,127493,127494,1,-1,2,-2,1,3,1,-1,-3,-1,2,2,5,2,2,-2,-2,-5,-2,-2
0,1,21249,21252,63747,63748,63749,63752,63753,63754,127495,127496,127497,127498,127499,127502,127503,127504,127505,127506,1,-1,2,-2,1,3,1,-1,-3,-1,2,2,5,2,2,-2,-2,-5,-2,-2
0,1,21251,21254,63753,63754,63755,63758,63759,63760,127507,127508,127509,127510,127511,127514,127515,127516,127517,127518,1,-1,2,-2,1,3,1,-1,-3,-1,2,2,5,2,2,-2,-2,-5,-2,-2
0,1,21253,21256,63759,63760,63761,63764,63765,63766,127519,127520,127521,127522,127523,127526,127527,127528,127529,127530,1,-1,2,-2,1,3,1,-1,-3,-1,2,2,5,2,2,-2,-2,-5,-2,-2
0,1,21255,21258,63765,63766,63767,63770,63771,63772,127531,127532,127533,127534,127535,127538,127539,127540,127541,127542,1,-1,2,-2,1,3,1,-1,-3,-1,2,2,5,2,2,-2,-2,-5,-2,-2
0,1,21257,21260,63771,63772,63773,63776,63777,63778,127543,127544,127545,127546,127547,127550,127551,127552,127553,127554,1,-1,2,-2,1,3,1,-1,-3,-1,2,2,5,2,2,-2,-2,-5,-2,-2
0,1,21259,21262,63777,63778,63779,63782,63783,63784,127555,127556,127557,127558,127559,127562,127563,127564,127565,127566,1,-1,2,-2,1,3,1,-1,-3,-1,2,2,5,2,2,-2,-2,-5,-2,-2
0,1,21261,21264,63783,63784,63785,63788,63789,63790,127567,127568,127569,127570,127571,127574,127575,127576,127577,127578,1,-1,2,-2,1,3,1,-1,-3,-1,2,2,5,2,2,-2,-2,-5,-2,-2
0,1,21263,21266,63789,63790,63791,63794,63795,63796,127579,127580,127581,127582,127583,127586,127587,127588,127589,127590,1,-1,2,-2,1,3,1,-1,-3,-1,2,2,5,2,2,-2,-2,-5,-2,-2
0,1,21265,21268,63795,63796,63797,63800,63801,63802,127591,127592,127593,127594,127595,127598,127599,127600,127601,127602,1,-1,2,-2,1,3,1,-1,-3,-1,2,2,5,2,2,-2,-2,-5,-2,-2
0,1,21267,21270,63801,63802,63803,63806,63807,63808,127603,127604,127605,127606,127607,127610,127611,127612,127613,127614,1,-1,2,-2,1,3,1,-1,-3,-1,2,2,5,2,2,-2,-2,-5,-2,-2
0,1,21269,21272,63807,63808,63809,63812,63813,63814,127615,127616,127617,127618,127619,127622,127623,127624,127625,127626,1,-1,2,-2,1,3,1,-1,-3,-1,2,2,5,2,2,-2,-2,-5,-2,-2
0,1,21271,21274,63813,63814,63815,63818,63819,63820,127627,127628,127629,127630,127631,127634,127635,127636,127637,127638,1,-1,2,-2,1,3,1,-1,-3,-1,2,2,5,2,2,-2,-2,-5,-2,-2
0,1,21273,21276,63819,63820,63821,63824,63825,63826,127639,127640,127641,127642,127643,127646,127647,127648,127649,127650,1,-1,2,-2,1,3,1,-1,-3,-1,2,2,5,2,2,-2,-2,-5,-2,-2
0,1,21275,21278,63825,63826,63827,63830,63831,63832,127651,127652,127653,127654,127655,127658,127659,127660,127661,127662,1,-1,2,-2,1,3,1,-1,-3,-1,2,2,5,2,2,-2,-2,-5,-2,-2
0,1,21277,21280,63831,63832,63833,63836,63837,63838,127663,127664,127665,127666,127667,127670,127671,127672,127673,127674,1,-1,2,-2,1,3,1,-1,-3,-1,2,2,5,2,2,-2,-2,-5,-2,-2
0,1,21279,21282,63837,63838,63839,63842,63843,63844,127675,127676,127677,127678,127679,127682,127683,127684,127685,127686,1,-1,2,-2,1,3,1,-1,-3,-1,2,2,5,2,2,-2,-2,-5,-2,-2
0,1,21281,21284,63843,63844,63845,63848,63849,63850,127687,127688,127689,127690,127691,127694,127695,127696,127697,127698,1,-1,2,-2,1,3,1,-1,-3,-1,2,2,5,2,2,-2,-2,-5,-2,-2
0,1,21283,21286,63849,63850,63851,63854,63855,63856,127699,127700,127701,127702,127703,127706,127707,127708,127709,127710,1,-1,2,-2,1,3,1,-1,-3,-1,2,2,5,2,2,-2,-2,-5,-2,-2
0,1,21285,21288,63855,63856,63857,63860,63861,63862,127711,127712,127713,127714,127715,127718,127719,127720,127721,127722,1,-1,2,-2,1,3,1,-1,-3,-1,2,2,5,2,2,-2,-2,-5,-2,-2
0,1,21287,21290,63861,63862,63863,63866,63867,63868,127723,127724,127725,127726,127727,127730,127731,127732,127733,127734,1,-1,2,-2,1,3,1,-1,-3,-1,2,2,5,2,2,-2,-2,-5,-2,-2
0,1,21289,21292,63867,63868,63869,63872,63873,63874,127735,127736,127737,127738,127739,127742,127743,127744,127745,127746,1,-1,2,-2,1,3,1,-1,-3,-1,2,2,5,2,2,-2,-2,-5,-2,-2
0,1,21291,21294,63873,63874,63875,63878,63879,63880,127747,127748,127749,127750,127751,127754,127755,127756,127757,127758,1,-1,2,-2,1,3,1,-1,-3,-1,2,2,5,2,2,-2,-2,-5,-2,-2
0,1,21293,21296,63879,63880,63881,63884,63885,63886,127759,127760,127761,127762,127763,127766,127767,127768,127769,127770,1,-1,2,-2,1,3,1,-1,-3,-1,2,2,5,2,2,-2,-2,-5,-2,-2
0,1,21295,21298,63885,63886,63887,63890,63891,63892,127771,127772,127773,127774,127775,127778,127779,127780,127781,127782,1,-1,2,-2,1,3,1,-1,-3,-1,2,2,5,2,2,-2,-2,-5,-2,-2
0,1,21297,21300,63891,63892,63893,63896,63897,63898,127783,127784,127785,127786,127787,127790,127791,127792,127793,127794,1,-1,2,-2,1,3,1,-1,-3,-1,2,2,5,2,2,-2,-2,-5,-2,-2
0,1,21299,21302,63897,63898,63899,63902,63903,63904,127795,127796,127797,127798,127799,127802,127803,127804,127805,127806,1,-1,2,-2,1,3,1,-1,-3,-1,2,2,5,2,2,-2,-2,-5,-2,-2
0,1,21301,21304,63903,63904,63905,63908,63909,63910,127807,127808,127809,127810,127811,127814,127815,127816,127817,127818,1,-1,2,-2,1,3,1,-1,-3,-1,2,2,5,2,2,-2,-2,-5,-2,-2
0,1,21303,21306,63909,63910,63911,63914,63915,63916,127819,127820,127821,127822,127823,127826,127827,127828,127829,127830,1,-1,2,-2,1,3,1,-1,-3,-1,2,2,5,2,2,-2,-2,-5,-2,-2
0,1,21305,21308,63915,63916,63917,63920,63921,63922,127831,127832,127833,127834,127835,127838,127839,127840,127841,127842,1,-1,2,-2,1,3,1,-1,-3,-1,2,2,5,2,2,-2,-2,-5,-2,-2
0,1,21307,21310,63921,63922,63923,63926,63927,63928,127843,127844,127845,127846,127847,127850,127851,127852,127853,127854,1,-1,2,-2,1,3,1,-1,-3,-1,2,2,5,2,2,-2,-2,-5,-2,-2
0,1,21309,21312,63927,63928,63929,63932,63933,63934,127855,127856,127857,127858,127859,127862,127863,127864,127865,127866,1,-1,2,-2,1,3,1,-1,-3,-1,2,2,5,2,2,-2,-2,-5,-2,-2
0,1,21311,21314,63933,63934,63935,63938,63939,63940,127867,127868,127869,127870,127871,127874,127875,127876,127877,127878,1,-1,2,-2,1,3,1,-1,-3,-1,2,2,5,2,2,-2,-2,-5,-2,-2
0,1,21313,21316,63939,63940,63941,63944,63945,63946,127879,127880,127881,127882,127883,127886,127887,127888,127889,127890,1,-1,2,-2,1,3,1,-1,-3,-1,2,2,5,2,2,-2,-2,-5,-2,-2
0,1,21315,21318,63945,63946,63947,63950,63951,63952,127891,127892,127893,127894,127895,127898,127899,127900,127901,127902,1,-1,2,-2,1,3,1,-1,-3,-1,2,2,5,2,2,-2,-2,-5,-2,-2
0,1,21317,21320,63951,63952,63953,63956,63957,63958,127903,127904,127905,127906,127907,127910,127911,127912,127913,127914,1,-1,2,-2,1,3,1,-1,-3,-1,2,2,5,2,2,-2,-2,-5,-2,-2
0,1,21319,21322,63957,63958,63959,63962,63963,63964,127915,127916,127917,127918,127919,127922,127923,127924,127925,127926,1,-1,2,-2,1,3,1,-1,-3,-1,2,2,5,2,2,-2,-2,-5,-2,-2
0,1,21321,21324,63963,63964,63965,63968,63969,63970,127927,127928,127929,127930,127931,127934,127935,127936,127937,127938,1,-1,2,-2,1,3,1,-1,-3,-1,2,2,5,2,2,-2,-2,-5,-2,-2
0,1,21323,21326,63969,63970,63971,63974,63975,63976,127939,127940,127941,127942,127943,127946,127947,127948,127949,127950,1,-1,2,-2,1,3,1,-1,-3,-1,2,2,5,2,2,-2,-2,-5,-2,-2
0,1,21325,21328,63975,63976,63977,63980,63981,63982,127951,127952,127953,127954,127955,127958,127959,127960,127961,127962,1,-1,2,-2,1,3,1,-1,-3,-1,2,2,5,2,2,-2,-2,-5,-2,-2
0,1,21327,21330,63981,63982,63983,63986,63987,63988,127963,127964,127965,127966,127967,127970,127971,127972,127973,127974,1,-1,2,-2,1,3,1,-1,-3,-1,2,2,5,2,2,-2,-2,-5,-2,-2
0,1,21329,21332,63987,63988,63989,63992,63993,63994,127975,127976,127977,127978,127979,127982,127983,127984,127985,127986,1,-1,2,-2,1,3,1,-1,-3,-1,2,2,5,2,2,-2,-2,-5,-2,-2
0,1,21331,21334,63993,63994,63995,63998,63999,64000,127987,127988,127989,127990,127991,127994,127995,127996,127997,127998,1,-1,2,-2,1,3,1,-1,-3,-1,2,2,5,2,2,-2,-2,-5,-2,-2
0,1,21333,21336,63999,64000,64001,64004,64005,64006,127999,128000,128001,128002,128003,128006,128007,128008,128009,128010,1,-1,2,-2,1,3,1,-1,-3,-1,2,2,5,2,2,-2,-2,-5,-2,-2
0,1,21335,21338,64005,64006,64007,64010,64011,64012,128011,128012,128013,128014,128015,128018,128019,128020,128021,128022,1,-1,2,-2,1,3,1,-1,-3,-1,2,2,5,2,2,-2,-2,-5,-2,-2
0,1,21337,21340,64011,64012,64013,64016,64017,64018,128023,128024,128025,128026,128027,128030,128031,128032,128033,128034,1,-1,2,-2,1,3,1,-1,-3,-1,2,2,5,2,2,-2,-2,-5,-2,-2
0,1,21339,21342,64017,64018,64019,64022,64023,64024,128035,128036,128037,128038,128039,128042,128043,128044,128045,128046,1,-1,2,-2,1,3,1,-1,-3,-1,2,2,5,2,2,-2,-2,-5,-2,-2
0,1,21341,21344,64023,64024,64025,64028,64029,64030,128047,128048,128049,128050,128051,128054,128055,128056,128057,128058,1,-1,2,-2,1,3,1,-1,-3,-1,2,2,5,2,2,-2,-2,-5,-2,-2
0,1,21343,21346,64029,64030,64031,64034,64035,64036,128059,128060,128061,128062,128063,128066,128067,128068,128069,128070,1,-1,2,-2,1,3,1,-1,-3,-1,2,2,5,2,2,-2,-2,-5,-2,-2
0,1,21345,21348,64035,64036,64037,64040,64041,64042,128071,128072,128073,128074,128075,128078,128079,128080,128081,128082,1,-1,2,-2,1,3,1,-1,-3,-1,2,2,5,2,2,-2,-2,-5,-2,-2
0,1,21347,21350,64041,64042,64043,64046,64047,64048,128083,128084,128085,128086,128087,128090,128091,128092,128093,128094,1,-1,2,-2,1,3,1,-1,-3,-1,2,2,5,2,2,-2,-2,-5,-2,-2
0,1,21349,21352,64047,64048,64049,64052,64053,64054,128095,128096,128097,128098,128099,128102,128103,128104,128105,128106,1,-1,2,-2,1,3,1,-1,-3,-1,2,2,5,2,2,-2,-2,-5,-2,-2
0,1,21351,21354,64053,64054,64055,64058,64059,64060,128107,128108,128109,128110,128111,128114,128115,128116,128117,128118,1,-1,2,-2,1,3,1,-1,-3,-1,2,2,5,2,2,-2,-2,-5,-2,-2
0,1,21353,21356,64059,64060,64061,64064,64065,64066,128119,128120,128121,128122,128123,128126,128127,128128,128129,128130,1,-1,2,-2,1,3,1,-1,-3,-1,2,2,5,2,2,-2,-2,-5,-2,-2
0,1,21355,21358,64065,64066,64067,64070,64071,64072,128131,128132,128133,128134,128135,128138,128139,128140,128141,128142,1,-1,2,-2,1,3,1,-1,-3,-1,2,2,5,2,2,-2,-2,-5,-2,-2
0,1,21357,21360,64071,64072,64073,64076,64077,64078,128143,128144,128145,128146,128147,128150,128151,128152,128153,128154,1,-1,2,-2,1,3,1,-1,-3,-1,2,2,5,2,2,-2,-2,-5,-2,-2
0,1,21359,21362,64077,64078,64079,64082,64083,64084,128155,128156,128157,128158,128159,128162,128163,128164,128165,128166,1,-1,2,-2,1,3,1,-1,-3,-1,2,2,5,2,2,-2,-2,-5,-2,-2
0,1,21361,21364,64083,64084,64085,64088,64089,64090,128167,128168,128169,128170,128171,128174,128175,128176,128177,128178,1,-1,2,-2,1,3,1,-1,-3,-1,2,2,5,2,2,-2,-2,-5,-2,-2
0,1,21363,21366,64089,64090,64091,64094,64095,64096,128179,128180,128181,128182,128183,128186,128187,128188,128189,128190,1,-1,2,-2,1,3,1,-1,-3,-1,2,2,5,2,2,-2,-2,-5,-2,-2
0,1,21365,21368,64095,64096,64097,64100,64101,64102,128191,128192,128193,128194,128195,128198,128199,128200,128201,128202,1,-1,2,-2,1,3,1,-1,-3,-1,2,2,5,2,2,-2,-2,-5,-2,-2
0,1,21367,21370,64101,64102,64103,64106,64107,64108,128203,128204,128205,128206,128207,128210,128211,128212,128213,128214,1,-1,2,-2,1,3,1,-1,-3,-1,2,2,5,2,2,-2,-2,-5,-2,-2
0,1,21369,21372,64107,64108,64109,64112,64113,64114,128215,128216,128217,128218,128219,128222,128223,128224,128225,128226,1,-1,2,-2,1,3,1,-1,-3,-1,2,2,5,2,2,-2,-2,-5,-2,-2
0,1,21371,21374,64113,64114,64115,64118,64119,64120,128227,128228,128229,128230,128231,128234,128235,128236,128237,128238,1,-1,2,-2,1,3,1,-1,-3,-1,2,2,5,2,2,-2,-2,-5,-2,-2
0,1,21373,21376,64119,64120,64121,64124,64125,64126,128239,128240,128241,128242,128243,128246,128247,128248,128249,128250,1,-1,2,-2,1,3,1,-1,-3,-1,2,2,5,2,2,-2,-2,-5,-2,-2
0,1,21375,21378,64125,64126,64127,64130,64131,64132,128251,128252,128253,128254,128255,128258,128259,128260,128261,128262,1,-1,2,-2,1,3,1,-1,-3,-1,2,2,5,2,2,-2,-2,-5,-2,-2
0,1,21377,21380,64131,64132,64133,64136,64137,64138,128263,128264,128265,128266,128267,128270,128271,128272,128273,128274,1,-1,2,-2,1,3,1,-1,-3,-1,2,2,5,2,2,-2,-2,-5,-2,-2
0,1,21379,21382,64137,64138,64139,64142,64143,64144,128275,128276,128277,128278,128279,128282,128283,128284,128285,128286,1,-1,2,-2,1,3,1,-1,-3,-1,2,2,5,2,2,-2,-2,-5,-2,-2
0,1,21381,21384,64143,64144,64145,64148,64149,64150,128287,128288,128289,128290,128291,128294,128295,128296,128297,128298,1,-1,2,-2,1,3,1,-1,-3,-1,2,2,5,2,2,-2,-2,-5,-2,-2
0,1,21383,21386,64149,64150,64151,64154,64155,64156,128299,128300,128301,128302,128303,128306,128307,128308,128309,128310,1,-1,2,-2,1,3,1,-1,-3,-1,2,2,5,2,2,-2,-2,-5,-2,-2
0,1,21385,21388,64155,64156,64157,64160,64161,64162,128311,128312,128313,128314,128315,128318,128319,128320,128321,128322,1,-1,2,-2,1,3,1,-1,-3,-1,2,2,5,2,2,-2,-2,-5,-2,-2
0,1,21387,21390,64161,64162,64163,64166,64167,64168,128323,128324,128325,128326,128327,128330,128331,128332,128333,128334,1,-1,2,-2,1,3,1,-1,-3,-1,2,2,5,2,2,-2,-2,-5,-2,-2
0,1,21389,21392,64167,64168,64169,64172,64173,64174,128335,128336,128337,128338,128339,128342,128343,128344,128345,128346,1,-1,2,-2,1,3,1,-1,-3,-1,2,2,5,2,2,-2,-2,-5,-2,-2
0,1,21391,21394,64173,64174,64175,64178,64179,64180,128347,128348,128349,128350,128351,128354,128355,128356,128357,128358,1,-1,2,-2,1,3,1,-1,-3,-1,2,2,5,2,2,-2,-2,-5,-2,-2
0,1,21393,21396,64179,64180,64181,64184,64185,64186,128359,128360,128361,128362,128363,128366,128367,128368,128369,128370,1,-1,2,-2,1,3,1,-1,-3,-1,2,2,5,2,2,-2,-2,-5,-2,-2
0,1,21395,21398,64185,64186,64187,64190,64191,64192,128371,128372,128373,128374,128375,128378,128379,128380,128381,128382,1,-1,2,-2,1,3,1,-1,-3,-1,2,2,5,2,2,-2,-2,-5,-2,-2
0,1,21397,21400,64191,64192,64193,64196,64197,64198,128383,128384,128385,128386,128387,128390,128391,128392,128393,128394,1,-1,2,-2,1,3,1,-1,-3,-1,2,2,5,2,2,-2,-2,-5,-2,-2
0,1,21399,21402,64197,64198,64199,64202,64203,64204,128395,128396,128397,128398,128399,128402,128403,128404,128405,128406,1,-1,2,-2,1,3,1,-1,-3,-1,2,2,5,2,2,-2,-2,-5,-2,-2
0,1,21401,21404,64203,64204,64205,64208,64209,64210,128407,128408,128409,128410,128411,128414,128415,128416,128417,128418,1,-1,2,-2,1,3,1,-1,-3,-1,2,2,5,2,2,-2,-2,-5,-2,-2
0,1,21403,21406,64209,64210,64211,64214,64215,64216,128419,128420,128421,128422,128423,128426,128427,128428,128429,128430,1,-1,2,-2,1,3,1,-1,-3,-1,2,2,5,2,2,-2,-2,-5,-2,-2
0,1,21405,21408,64215,64216,64217,64220,64221,64222,128431,128432,128433,128434,128435,128438,128439,128440,128441,128442,1,-1,2,-2,1,3,1,-1,-3,-1,2,2,5,2,2,-2,-2,-5,-2,-2
0,1,21407,21410,64221,64222,64223,64226,64227,64228,128443,128444,128445,128446,128447,128450,128451,128452,128453,128454,1,-1,2,-2,1,3,1,-1,-3,-1,2,2,5,2,2,-2,-2,-5,-2,-2
0,1,21409,21412,64227,64228,64229,64232,64233,64234,128455,128456,128457,128458,128459,128462,128463,128464,128465,128466,1,-1,2,-2,1,3,1,-1,-3,-1,2,2,5,2,2,-2,-2,-5,-2,-2
0,1,21411,21414,64233,64234,64235,64238,64239,64240,128467,128468,128469,128470,128471,128474,128475,128476,128477,128478,1,-1,2,-2,1,3,1,-1,-3,-1,2,2,5,2,2,-2,-2,-5,-2,-2
0,1,21413,21416,64239,64240,64241,64244,64245,64246,128479,128480,128481,128482,128483,128486,128487,128488,128489,128490,1,-1,2,-2,1,3,1,-1,-3,-1,2,2,5,2,2,-2,-2,-5,-2,-2
0,1,21415,21418,64245,64246,64247,64250,64251,64252,128491,128492,128493,128494,128495,128498,128499,128500,128501,128502,1,-1,2,-2,1,3,1,-1,-3,-1,2,2,5,2,2,-2,-2,-5,-2,-2
0,1,21417,21420,64251,64252,64253,64256,64257,64258,128503,128504,128505,128506,128507,128510,128511,128512,128513,128514,1,-1,2,-2,1,3,1,-1,-3,-1,2,2,5,2,2,-2,-2,-5,-2,-2
0,1,21419,21422,64257,64258,64259,64262,64263,64264,128515,128516,128517,128518,128519,128522,128523,128524,128525,128526,1,-1,2,-2,1,3,1,-1,-3,-1,2,2,5,2,2,-2,-2,-5,-2,-2
0,1,21421,21424,64263,64264,64265,64268,64269,64270,128527,128528,128529,128530,128531,128534,128535,128536,128537,128538,1,-1,2,-2,1,3,1,-1,-3,-1,2,2,5,2,2,-2,-2,-5,-2,-2
0,1,21423,21426,64269,64270,64271,64274,64275,64276,128539,128540,128541,128542,128543,128546,128547,128548,128549,128550,1,-1,2,-2,1,3,1,-1,-3,-1,2,2,5,2,2,-2,-2,-5,-2,-2
0,1,21425,21428,64275,64276,64277,64280,64281,64282,128551,128552,128553,128554,128555,128558,128559,128560,128561,128562,1,-1,2,-2,1,3,1,-1,-3,-1,2,2,5,2,2,-2,-2,-5,-2,-2
0,1,21427,21430,64281,64282,64283,64286,64287,64288,128563,128564,128565,128566,128567,128570,128571,128572,128573,128574,1,-1,2,-2,1,3,1,-1,-3,-1,2,2,5,2,2,-2,-2,-5,-2,-2
0,1,21429,21432,64287,64288,64289,64292,64293,64294,128575,128576,128577,128578,128579,128582,128583,128584,128585,128586,1,-1,2,-2,1,3,1,-1,-3,-1,2,2,5,2,2,-2,-2,-5,-2,-2
0,1,21431,21434,64293,64294,64295,64298,64299,64300,128587,128588,128589,128590,128591,128594,128595,128596,128597,128598,1,-1,2,-2,1,3,1,-1,-3,-1,2,2,5,2,2,-2,-2,-5,-2,-2
0,1,21433,21436,64299,64300,64301,64304,64305,64306,128599,128600,128601,128602,128603,128606,128607,128608,128609,128610,1,-1,2,-2,1,3,1,-1,-3,-1,2,2,5,2,2,-2,-2,-5,-2,-2
0,1,21435,21438,64305,64306,64307,64310,64311,64312,128611,128612,128613,128614,128615,128618,128619,128620,128621,128622,1,-1,2,-2,1,3,1,-1,-3,-1,2,2,5,2,2,-2,-2,-5,-2,-2
0,1,21437,21440,64311,64312,64313,64316,64317,64318,128623,128624,128625,128626,128627,128630,128631,128632,128633,128634,1,-1,2,-2,1,3,1,-1,-3,-1,2,2,5,2,2,-2,-2,-5,-2,-2
0,1,21439,21442,64317,64318,64319,64322,64323,64324,128635,128636,128637,128638,128639,128642,128643,128644,128645,128646,1,-1,2,-2,1,3,1,-1,-3,-1,2,2,5,2,2,-2,-2,-5,-2,-2
0,1,21441,21444,64323,64324,64325,64328,64329,64330,128647,128648,128649,128650,128651,128654,128655,128656,128657,128658,1,-1,2,-2,1,3,1,-1,-3,-1,2,2,5,2,2,-2,-2,-5,-2,-2
0,1,21443,21446,64329,64330,64331,64334,64335,64336,128659,128660,128661,128662,128663,128666,128667,128668,128669,128670,1,-1,2,-2,1,3,1,-1,-3,-1,2,2,5,2,2,-2,-2,-5,-2,-2
0,1,21445,21448,64335,64336,64337,64340,64341,64342,128671,128672,128673,128674,128675,128678,128679,128680,128681,128682,1,-1,2,-2,1,3,1,-1,-3,-1,2,2,5,2,2,-2,-2,-5,-2,-2
0,1,21447,21450,64341,64342,64343,64346,64347,64348,128683,128684,128685,128686,128687,128690,128691,128692,128693,128694,1,-1,2,-2,1,3,1,-1,-3,-1,2,2,5,2,2,-2,-2,-5,-2,-2
0,1,21449,21452,64347,64348,64349,64352,64353,64354,128695,128696,128697,128698,128699,128702,128703,128704,128705,128706,1,-1,2,-2,1,3,1,-1,-3,-1,2,2,5,2,2,-2,-2,-5,-2,-2
0,1,21451,21454,64353,64354,64355,64358,64359,64360,128707,128708,128709,128710,128711,128714,128715,128716,128717,128718,1,-1,2,-2,1,3,1,-1,-3,-1,2,2,5,2,2,-2,-2,-5,-2,-2
0,1,21453,21456,64359,64360,64361,64364,64365,64366,128719,128720,128721,128722,128723,128726,128727,128728,128729,128730,1,-1,2,-2,1,3,1,-1,-3,-1,2,2,5,2,2,-2,-2,-5,-2,-2
0,1,21455,21458,64365,64366,64367,64370,64371,64372,128731,128732,128733,128734,128735,128738,128739,128740,128741,128742,1,-1,2,-2,1,3,1,-1,-3,-1,2,2,5,2,2,-2,-2,-5,-2,-2
0,1,21457,21460,64371,64372,64373,64376,64377,64378,128743,128744,128745,128746,128747,128750,128751,128752,128753,128754,1,-1,2,-2,1,3,1,-1,-3,-1,2,2,5,2,2,-2,-2,-5,-2,-2
0,1,21459,21462,64377,64378,64379,64382,64383,64384,128755,128756,128757,128758,128759,128762,128763,128764,128765,128766,1,-1,2,-2,1,3,1,-1,-3,-1,2,2,5,2,2,-2,-2,-5,-2,-2
0,1,21461,21464,64383,64384,64385,64388,64389,64390,128767,128768,128769,128770,128771,128774,128775,128776,128777,128778,1,-1,2,-2,1,3,1,-1,-3,-1,2,2,5,2,2,-2,-2,-5,-2,-2
0,1,21463,21466,64389,64390,64391,64394,64395,64396,128779,128780,128781,128782,128783,128786,128787,128788,128789,128790,1,-1,2,-2,1,3,1,-1,-3,-1,2,2,5,2,2,-2,-2,-5,-2,-2
0,1,21465,21468,64395,64396,64397,64400,64401,64402,128791,128792,128793,128794,128795,128798,128799,128800,128801,128802,1,-1,2,-2,1,3,1,-1,-3,-1,2,2,5,2,2,-2,-2,-5,-2,-2
0,1,21467,21470,64401,64402,64403,64406,64407,64408,128803,128804,128805,128806,128807,128810,128811,128812,128813,128814,1,-1,2,-2,1,3,1,-1,-3,-1,2,2,5,2,2,-2,-2,-5,-2,-2
0,1,21469,21472,64407,64408,64409,64412,64413,64414,128815,128816,128817,128818,128819,128822,128823,128824,128825,128826,1,-1,2,-2,1,3,1,-1,-3,-1,2,2,5,2,2,-2,-2,-5,-2,-2
0,1,21471,21474,64413,64414,64415,64418,64419,64420,128827,128828,128829,128830,128831,128834,128835,128836,128837,128838,1,-1,2,-2,1,3,1,-1,-3,-1,2,2,5,2,2,-2,-2,-5,-2,-2
0,1,21473,21476,64419,64420,64421,64424,64425,64426,128839,128840,128841,128842,128843,128846,128847,128848,128849,128850,1,-1,2,-2,1,3,1,-1,-3,-1,2,2,5,2,2,-2,-2,-5,-2,-2
0,1,21475,21478,64425,64426,64427,64430,64431,64432,128851,128852,128853,128854,128855,128858,128859,128860,128861,128862,1,-1,2,-2,1,3,1,-1,-3,-1,2,2,5,2,2,-2,-2,-5,-2,-2
0,1,21477,21480,64431,64432,64433,64436,64437,64438,128863,128864,128865,128866,128867,128870,128871,128872,128873,128874,1,-1,2,-2,1,3,1,-1,-3,-1,2,2,5,2,2,-2,-2,-5,-2,-2
0,1,21479,21482,64437,64438,64439,64442,64443,64444,128875,128876,128877,128878,128879,128882,128883,128884,128885,128886,1,-1,2,-2,1,3,1,-1,-3,-1,2,2,5,2,2,-2,-2,-5,-2,-2
0,1,21481,21484,64443,64444,64445,64448,64449,64450,128887,128888,128889,128890,128891,128894,128895,128896,128897,128898,1,-1,2,-2,1,3,1,-1,-3,-1,2,2,5,2,2,-2,-2,-5,-2,-2
0,1,21483,21486,64449,64450,64451,64454,64455,64456,128899,128900,128901,128902,128903,128906,128907,128908,128909,128910,1,-1,2,-2,1,3,1,-1,-3,-1,2,2,5,2,2,-2,-2,-5,-2,-2
0,1,21485,21488,64455,64456,64457,64460,64461,64462,128911,128912,128913,128914,128915,128918,128919,128920,128921,128922,1,-1,2,-2,1,3,1,-1,-3,-1,2,2,5,2,2,-2,-2,-5,-2,-2
0,1,21487,21490,64461,64462,64463,64466,64467,64468,128923,128924,128925,128926,128927,128930,128931,128932,128933,128934,1,-1,2,-2,1,3,1,-1,-3,-1,2,2,5,2,2,-2,-2,-5,-2,-2
0,1,21489,21492,64467,64468,64469,64472,64473,64474,128935,128936,128937,128938,128939,128942,128943,128944,128945,128946,1,-1,2,-2,1,3,1,-1,-3,-1,2,2,5,2,2,-2,-2,-5,-2,-2
0,1,21491,21494,64473,64474,64475,64478,64479,64480,128947,128948,128949,128950,128951,128954,128955,128956,128957,128958,1,-1,2,-2,1,3,1,-1,-3,-1,2,2,5,2,2,-2,-2,-5,-2,-2
0,1,21493,21496,64479,64480,64481,64484,64485,64486,128959,128960,128961,128962,128963,128966,128967,128968,128969,128970,1,-1,2,-2,1,3,1,-1,-3,-1,2,2,5,2,2,-2,-2,-5,-2,-2
0,1,21495,21498,64485,64486,64487,64490,64491,64492,128971,128972,128973,128974,128975,128978,128979,128980,128981,128982,1,-1,2,-2,1,3,1,-1,-3,-1,2,2,5,2,2,-2,-2,-5,-2,-2
0,1,21497,21500,64491,64492,64493,64496,64497,64498,128983,128984,128985,128986,128987,128990,128991,128992,128993,128994,1,-1,2,-2,1,3,1,-1,-3,-1,2,2,5,2,2,-2,-2,-5,-2,-2
0,1,21499,21502,64497,64498,64499,64502,64503,64504,128995,128996,128997,128998,128999,129002,129003,129004,129005,129006,1,-1,2,-2,1,3,1,-1,-3,-1,2,2,5,2,2,-2,-2,-5,-2,-2
0,1,21501,21504,64503,64504,64505,64508,64509,64510,129007,129008,129009,129010,129011,129014,129015,129016,129017,129018,1,-1,2,-2,1,3,1,-1,-3,-1,2,2,5,2,2,-2,-2,-5,-2,-2
0,1,21503,21506,64509,64510,64511,64514,64515,64516,129019,129020,129021,129022,129023,129026,129027,129028,129029,129030,1,-1,2,-2,1,3,1,-1,-3,-1,2,2,5,2,2,-2,-2,-5,-2,-2
0,1,21505,21508,64515,64516,64517,64520,64521,64522,129031,129032,129033,129034,129035,129038,129039,129040,129041,129042,1,-1,2,-2,1,3,1,-1,-3,-1,2,2,5,2,2,-2,-2,-5,-2,-2
0,1,21507,21510,64521,64522,64523,64526,64527,64528,129043,129044,129045,129046,129047,129050,129051,129052,129053,129054,1,-1,2,-2,1,3,1,-1,-3,-1,2,2,5,2,2,-2,-2,-5,-2,-2
0,1,21509,21512,64527,64528,64529,64532,64533,64534,129055,129056,129057,129058,129059,129062,129063,129064,129065,129066,1,-1,2,-2,1,3,1,-1,-3,-1,2,2,5,2,2,-2,-2,-5,-2,-2
0,1,21511,21514,64533,64534,64535,64538,64539,64540,129067,129068,129069,129070,129071,129074,129075,129076,129077,129078,1,-1,2,-2,1,3,1,-1,-3,-1,2,2,5,2,2,-2,-2,-5,-2,-2
0,1,21513,21516,64539,64540,64541,64544,64545,64546,129079,129080,129081,129082,129083,129086,129087,129088,129089,129090,1,-1,2,-2,1,3,1,-1,-3,-1,2,2,5,2,2,-2,-2,-5,-2,-2
0,1,21515,21518,64545,64546,64547,64550,64551,64552,129091,129092,129093,129094,129095,129098,129099,129100,129101,129102,1,-1,2,-2,1,3,1,-1,-3,-1,2,2,5,2,2,-2,-2,-5,-2,-2
0,1,21517,21520,64551,64552,64553,64556,64557,64558,129103,129104,129105,129106,129107,129110,129111,129112,129113,129114,1,-1,2,-2,1,3,1,-1,-3,-1,2,2,5,2,2,-2,-2,-5,-2,-2
0,1,21519,21522,64557,64558,64559,64562,64563,64564,129115,129116,129117,129118,129119,129122,129123,129124,129125,129126,1,-1,2,-2,1,3,1,-1,-3,-1,2,2,5,2,2,-2,-2,-5,-2,-2
0,1,21521,21524,64563,64564,64565,64568,64569,64570,129127,129128,129129,129130,129131,129134,129135,129136,129137,129138,1,-1,2,-2,1,3,1,-1,-3,-1,2,2,5,2,2,-2,-2,-5,-2,-2
0,1,21523,21526,64569,64570,64571,64574,64575,64576,129139,129140,129141,129142,129143,129146,129147,129148,129149,129150,1,-1,2,-2,1,3,1,-1,-3,-1,2,2,5,2,2,-2,-2,-5,-2,-2
0,1,21525,21528,64575,64576,64577,64580,64581,64582,129151,129152,129153,129154,129155,129158,129159,129160,129161,129162,1,-1,2,-2,1,3,1,-1,-3,-1,2,2,5,2,2,-2,-2,-5,-2,-2
0,1,21527,21530,64581,64582,64583,64586,64587,64588,129163,129164,129165,129166,129167,129170,129171,129172,129173,129174,1,-1,2,-2,1,3,1,-1,-3,-1,2,2,5,2,2,-2,-2,-5,-2,-2
0,1,21529,21532,64587,64588,64589,64592,64593,64594,129175,129176,129177,129178,129179,129182,129183,129184,129185,129186,1,-1,2,-2,1,3,1,-1,-3,-1,2,2,5,2,2,-2,-2,-5,-2,-2
0,1,21531,21534,64593,64594,64595,64598,64599,64600,129187,129188,129189,129190,129191,129194,129195,129196,129197,129198,1,-1,2,-2,1,3,1,-1,-3,-1,2,2,5,2,2,-2,-2,-5,-2,-2
0,1,21533,21536,64599,64600,64601,64604,64605,64606,129199,129200,129201,129202,129203,129206,129207,129208,129209,129210,1,-1,2,-2,1,3,1,-1,-3,-1,2,2,5,2,2,-2,-2,-5,-2,-2
0,1,21535,21538,64605,64606,64607,64610,64611,64612,129211,129212,129213,129214,129215,129218,129219,129220,129221,129222,1,-1,2,-2,1,3,1,-1,-3,-1,2,2,5,2,2,-2,-2,-5,-2,-2
0,1,21537,21540,64611,64612,64613,64616,64617,64618,129223,129224,129225,129226,129227,129230,129231,129232,129233,129234,1,-1,2,-2,1,3,1,-1,-3,-1,2,2,5,2,2,-2,-2,-5,-2,-2
0,1,21539,21542,64617,64618,64619,64622,64623,64624,129235,129236,129237,129238,129239,129242,129243,129244,129245,129246,1,-1,2,-2,1,3,1,-1,-3,-1,2,2,5,2,2,-2,-2,-5,-2,-2
0,1,21541,21544,64623,64624,64625,64628,64629,64630,129247,129248,129249,129250,129251,129254,129255,129256,129257,129258,1,-1,2,-2,1,3,1,-1,-3,-1,2,2,5,2,2,-2,-2,-5,-2,-2
0,1,21543,21546,64629,64630,64631,64634,64635,64636,129259,129260,129261,129262,129263,129266,129267,129268,129269,129270,1,-1,2,-2,1,3,1,-1,-3,-1,2,2,5,2,2,-2,-2,-5,-2,-2
0,1,21545,21548,64635,64636,64637,64640,64641,64642,129271,129272,129273,129274,129275,129278,129279,129280,129281,129282,1,-1,2,-2,1,3,1,-1,-3,-1,2,2,5,2,2,-2,-2,-5,-2,-2
0,1,21547,21550,64641,64642,64643,64646,64647,64648,129283,129284,129285,129286,129287,129290,129291,129292,129293,129294,1,-1,2,-2,1,3,1,-1,-3,-1,2,2,5,2,2,-2,-2,-5,-2,-2
0,1,21549,21552,64647,64648,64649,64652,64653,64654,129295,129296,129297,129298,129299,129302,129303,129304,129305,129306,1,-1,2,-2,1,3,1,-1,-3,-1,2,2,5,2,2,-2,-2,-5,-2,-2
0,1,21551,21554,64653,64654,64655,64658,64659,64660,129307,129308,129309,129310,129311,129314,129315,129316,129317,129318,1,-1,2,-2,1,3,1,-1,-3,-1,2,2,5,2,2,-2,-2,-5,-2,-2
0,1,21553,21556,64659,64660,64661,64664,64665,64666,129319,129320,129321,129322,129323,129326,129327,129328,129329,129330,1,-1,2,-2,1,3,1,-1,-3,-1,2,2,5,2,2,-2,-2,-5,-2,-2
0,1,21555,21558,64665,64666,64667,64670,64671,64672,129331,129332,129333,129334,129335,129338,129339,129340,129341,129342,1,-1,2,-2,1,3,1,-1,-3,-1,2,2,5,2,2,-2,-2,-5,-2,-2
0,1,21557,21560,64671,64672,64673,64676,64677,64678,129343,129344,129345,129346,129347,129350,129351,129352,129353,129354,1,-1,2,-2,1,3,1,-1,-3,-1,2,2,5,2,2,-2,-2,-5,-2,-2
0,1,21559,21562,64677,64678,64679,64682,64683,64684,129355,129356,129357,129358,129359,129362,129363,129364,129365,129366,1,-1,2,-2,1,3,1,-1,-3,-1,2,2,5,2,2,-2,-2,-5,-2,-2
0,1,21561,21564,64683,64684,64685,64688,64689,64690,129367,129368,129369,129370,129371,129374,129375,129376,129377,129378,1,-1,2,-2,1,3,1,-1,-3,-1,2,2,5,2,2,-2,-2,-5,-2,-2
0,1,21563,21566,64689,64690,64691,64694,64695,64696,129379,129380,129381,129382,129383,129386,129387,129388,129389,129390,1,-1,2,-2,1,3,1,-1,-3,-1,2,2,5,2,2,-2,-2,-5,-2,-2
0,1,21565,21568,64695,64696,64697,64700,64701,64702,129391,129392,129393,129394,129395,129398,129399,129400,129401,129402,1,-1,2,-2,1,3,1,-1,-3,-1,2,2,5,2,2,-2,-2,-5,-2,-2
0,1,21567,21570,64701,64702,64703,64706,64707,64708,129403,129404,129405,129406,129407,129410,129411,129412,129413,129414,1,-1,2,-2,1,3,1,-1,-3,-1,2,2,5,2,2,-2,-2,-5,-2,-2
0,1,21569,21572,64707,64708,64709,64712,64713,64714,129415,129416,129417,129418,129419,129422,129423,129424,129425,129426,1,-1,2,-2,1,3,1,-1,-3,-1,2,2,5,2,2,-2,-2,-5,-2,-2
0,1,21571,21574,64713,64714,64715,64718,64719,64720,129427,129428,129429,129430,129431,129434,129435,129436,129437,129438,1,-1,2,-2,1,3,1,-1,-3,-1,2,2,5,2,2,-2,-2,-5,-2,-2
0,1,21573,21576,64719,64720,64721,64724,64725,64726,129439,129440,129441,129442,129443,129446,129447,129448,129449,129450,1,-1,2,-2,1,3,1,-1,-3,-1,2,2,5,2,2,-2,-2,-5,-2,-2
0,1,21575,21578,64725,64726,64727,64730,64731,64732,129451,129452,129453,129454,129455,129458,129459,129460,129461,129462,1,-1,2,-2,1,3,1,-1,-3,-1,2,2,5,2,2,-2,-2,-5,-2,-2
0,1,21577,21580,64731,64732,64733,64736,64737,64738,129463,129464,129465,129466,129467,129470,129471,129472,129473,129474,1,-1,2,-2,1,3,1,-1,-3,-1,2,2,5,2,2,-2,-2,-5,-2,-2
0,1,21579,21582,64737,64738,64739,64742,64743,64744,129475,129476,129477,129478,129479,129482,129483,129484,129485,129486,1,-1,2,-2,1,3,1,-1,-3,-1,2,2,5,2,2,-2,-2,-5,-2,-2
0,1,21581,21584,64743,64744,64745,64748,64749,64750,129487,129488,129489,129490,129491,129494,129495,129496,129497,129498,1,-1,2,-2,1,3,1,-1,-3,-1,2,2,5,2,2,-2,-2,-5,-2,-2
0,1,21583,21586,64749,64750,64751,64754,64755,64756,129499,129500,129501,129502,129503,129506,129507,129508,129509,129510,1,-1,2,-2,1,3,1,-1,-3,-1,2,2,5,2,2,-2,-2,-5,-2,-2
0,1,21585,21588,64755,64756,64757,64760,64761,64762,129511,129512,129513,129514,129515,129518,129519,129520,129521,129522,1,-1,2,-2,1,3,1,-1,-3,-1,2,2,5,2,2,-2,-2,-5,-2,-2
0,1,21587,21590,64761,64762,64763,64766,64767,64768,129523,129524,129525,129526,129527,129530,129531,129532,129533,129534,1,-1,2,-2,1,3,1,-1,-3,-1,2,2,5,2,2,-2,-2,-5,-2,-2
0,1,21589,21592,64767,64768,64769,64772,64773,64774,129535,129536,129537,129538,129539,129542,129543,129544,129545,129546,1,-1,2,-2,1,3,1,-1,-3,-1,2,2,5,2,2,-2,-2,-5,-2,-2
0,1,21591,21594,64773,64774,64775,64778,64779,64780,129547,129548,129549,129550,129551,129554,129555,129556,129557,129558,1,-1,2,-2,1,3,1,-1,-3,-1,2,2,5,2,2,-2,-2,-5,-2,-2
0,1,21593,21596,64779,64780,64781,64784,64785,64786,129559,129560,129561,129562,129563,129566,129567,129568,129569,129570,1,-1,2,-2,1,3,1,-1,-3,-1,2,2,5,2,2,-2,-2,-5,-2,-2
0,1,21595,21598,64785,64786,64787,64790,64791,64792,129571,129572,129573,129574,129575,129578,129579,129580,129581,129582,1,-1,2,-2,1,3,1,-1,-3,-1,2,2,5,2,2,-2,-2,-5,-2,-2
0,1,21597,21600,64791,64792,64793,64796,64797,64798,129583,129584,129585,129586,129587,129590,129591,129592,129593,129594,1,-1,2,-2,1,3,1,-1,-3,-1,2,2,5,2,2,-2,-2,-5,-2,-2
0,1,21599,21602,64797,64798,64799,64802,64803,64804,129595,129596,129597,129598,129599,129602,129603,129604,129605,129606,1,-1,2,-2,1,3,1,-1,-3,-1,2,2,5,2,2,-2,-2,-5,-2,-2
0,1,21601,21604,64803,64804,64805,64808,64809,64810,129607,129608,129609,129610,129611,129614,129615,129616,129617,129618,1,-1,2,-2,1,3,1,-1,-3,-1,2,2,5,2,2,-2,-2,-5,-2,-2
0,1,21603,21606,64809,64810,64811,64814,64815,64816,129619,129620,129621,129622,129623,129626,129627,129628,129629,129630,1,-1,2,-2,1,3,1,-1,-3,-1,2,2,5,2,2,-2,-2,-5,-2,-2
0,1,21605,21608,64815,64816,64817,64820,64821,64822,129631,129632,129633,129634,129635,129638,129639,129640,129641,129642,1,-1,2,-2,1,3,1,-1,-3,-1,2,2,5,2,2,-2,-2,-5,-2,-2
0,1,21607,21610,64821,64822,64823,64826,64827,64828,129643,129644,129645,129646,129647,129650,129651,129652,129653,129654,1,-1,2,-2,1,3,1,-1,-3,-1,2,2,5,2,2,-2,-2,-5,-2,-2
0,1,21609,21612,64827,64828,64829,64832,64833,64834,129655,129656,129657,129658,129659,129662,129663,129664,129665,129666,1,-1,2,-2,1,3,1,-1,-3,-1,2,2,5,2,2,-2,-2,-5,-2,-2
0,1,21611,21614,64833,64834,64835,64838,64839,64840,129667,129668,129669,129670,129671,129674,129675,129676,129677,129678,1,-1,2,-2,1,3,1,-1,-3,-1,2,2,5,2,2,-2,-2,-5,-2,-2
0,1,21613,21616,64839,64840,64841,64844,64845,64846,129679,129680,129681,129682,129683,129686,129687,129688,129689,129690,1,-1,2,-2,1,3,1,-1,-3,-1,2,2,5,2,2,-2,-2,-5,-2,-2
0,1,21615,21618,64845,64846,64847,64850,64851,64852,129691,129692,129693,129694,129695,129698,129699,129700,129701,129702,1,-1,2,-2,1,3,1,-1,-3,-1,2,2,5,2,2,-2,-2,-5,-2,-2
0,1,21617,21620,64851,64852,64853,64856,64857,64858,129703,129704,129705,129706,129707,129710,129711,129712,129713,129714,1,-1,2,-2,1,3,1,-1,-3,-1,2,2,5,2,2,-2,-2,-5,-2,-2
0,1,21619,21622,64857,64858,64859,64862,64863,64864,129715,129716,129717,129718,129719,129722,129723,129724,129725,129726,1,-1,2,-2,1,3,1,-1,-3,-1,2,2,5,2,2,-2,-2,-5,-2,-2
0,1,21621,21624,64863,64864,64865,64868,64869,64870,129727,129728,129729,129730,129731,129734,129735,129736,129737,129738,1,-1,2,-2,1,3,1,-1,-3,-1,2,2,5,2,2,-2,-2,-5,-2,-2
0,1,21623,21626,64869,64870,64871,64874,64875,64876,129739,129740,129741,129742,129743,129746,129747,129748,129749,129750,1,-1,2,-2,1,3,1,-1,-3,-1,2,2,5,2,2,-2,-2,-5,-2,-2
0,1,21625,21628,64875,64876,64877,64880,64881,64882,129751,129752,129753,129754,129755,129758,129759,129760,129761,129762,1,-1,2,-2,1,3,1,-1,-3,-1,2,2,5,2,2,-2,-2,-5,-2,-2
0,1,21627,21630,64881,64882,64883,64886,64887,64888,129763,129764,129765,129766,129767,129770,129771,129772,129773,129774,1,-1,2,-2,1,3,1,-1,-3,-1,2,2,5,2,2,-2,-2,-5,-2,-2
0,1,21629,21632,64887,64888,64889,64892,64893,64894,129775,129776,129777,129778,129779,129782,129783,129784,129785,129786,1,-1,2,-2,1,3,1,-1,-3,-1,2,2,5,2,2,-2,-2,-5,-2,-2
0,1,21631,21634,64893,64894,64895,64898,64899,64900,129787,129788,129789,129790,129791,129794,129795,129796,129797,129798,1,-1,2,-2,1,3,1,-1,-3,-1,2,2,5,2,2,-2,-2,-5,-2,-2
0,1,21633,21636,64899,64900,64901,64904,64905,64906,129799,129800,129801,129802,129803,129806,129807,129808,129809,129810,1,-1,2,-2,1,3,1,-1,-3,-1,2,2,5,2,2,-2,-2,-5,-2,-2
0,1,21635,21638,64905,64906,64907,64910,64911,64912,129811,129812,129813,129814,129815,129818,129819,129820,129821,129822,1,-1,2,-2,1,3,1,-1,-3,-1,2,2,5,2,2,-2,-2,-5,-2,-2
0,1,21637,21640,64911,64912,64913,64916,64917,64918,129823,129824,129825,129826,129827,129830,129831,129832,129833,129834,1,-1,2,-2,1,3,1,-1,-3,-1,2,2,5,2,2,-2,-2,-5,-2,-2
0,1,21639,21642,64917,64918,64919,64922,64923,64924,129835,129836,129837,129838,129839,129842,129843,129844,129845,129846,1,-1,2,-2,1,3,1,-1,-3,-1,2,2,5,2,2,-2,-2,-5,-2,-2
0,1,21641,21644,64923,64924,64925,64928,64929,64930,129847,129848,129849,129850,129851,129854,129855,129856,129857,129858,1,-1,2,-2,1,3,1,-1,-3,-1,2,2,5,2,2,-2,-2,-5,-2,-2
0,1,21643,21646,64929,64930,64931,64934,64935,64936,129859,129860,129861,129862,129863,129866,129867,129868,129869,129870,1,-1,2,-2,1,3,1,-1,-3,-1,2,2,5,2,2,-2,-2,-5,-2,-2
0,1,21645,21648,64935,64936,64937,64940,64941,64942,129871,129872,129873,129874,129875,129878,129879,129880,129881,129882,1,-1,2,-2,1,3,1,-1,-3,-1,2,2,5,2,2,-2,-2,-5,-2,-2
0,1,21647,21650,64941,64942,64943,64946,64947,64948,129883,129884,129885,129886,129887,129890,129891,129892,129893,129894,1,-1,2,-2,1,3,1,-1,-3,-1,2,2,5,2,2,-2,-2,-5,-2,-2
0,1,21649,21652,64947,64948,64949,64952,64953,64954,129895,129896,129897,129898,129899,129902,129903,129904,129905,129906,1,-1,2,-2,1,3,1,-1,-3,-1,2,2,5,2,2,-2,-2,-5,-2,-2
0,1,21651,21654,64953,64954,64955,64958,64959,64960,129907,129908,129909,129910,129911,129914,129915,129916,129917,129918,1,-1,2,-2,1,3,1,-1,-3,-1,2,2,5,2,2,-2,-2,-5,-2,-2
0,1,21653,21656,64959,64960,64961,64964,64965,64966,129919,129920,129921,129922,129923,129926,129927,129928,129929,129930,1,-1,2,-2,1,3,1,-1,-3,-1,2,2,5,2,2,-2,-2,-5,-2,-2
0,1,21655,21658,64965,64966,64967,64970,64971,64972,129931,129932,129933,129934,129935,129938,129939,129940,129941,129942,1,-1,2,-2,1,3,1,-1,-3,-1,2,2,5,2,2,-2,-2,-5,-2,-2
0,1,21657,21660,64971,64972,64973,64976,64977,64978,129943,129944,129945,129946,129947,129950,129951,129952,129953,129954,1,-1,2,-2,1,3,1,-1,-3,-1,2,2,5,2,2,-2,-2,-5,-2,-2
0,1,21659,21662,64977,64978,64979,64982,64983,64984,129955,129956,129957,129958,129959,129962,129963,129964,129965,129966,1,-1,2,-2,1,3,1,-1,-3,-1,2,2,5,2,2,-2,-2,-5,-2,-2
0,1,21661,21664,64983,64984,64985,64988,64989,64990,129967,129968,129969,129970,129971,129974,129975,129976,129977,129978,1,-1,2,-2,1,3,1,-1,-3,-1,2,2,5,2,2,-2,-2,-5,-2,-2
0,1,21663,21666,64989,64990,64991,64994,64995,64996,129979,129980,129981,129982,129983,129986,129987,129988,129989,129990,1,-1,2,-2,1,3,1,-1,-3,-1,2,2,5,2,2,-2,-2,-5,-2,-2
0,1,21665,21668,64995,64996,64997,65000,65001,65002,129991,129992,129993,129994,129995,129998,129999,130000,130001,130002,1,-1,2,-2,1,3,1,-1,-3,-1,2,2,5,2,2,-2,-2,-5,-2,-2
0,1,21667,21670,65001,65002,65003,65006,65007,65008,130003,130004,130005,130006,130007,130010,130011,130012,130013,130014,1,-1,2,-2,1,3,1,-1,-3,-1,2,2,5,2,2,-2,-2,-5,-2,-2
0,1,21669,21672,65007,65008,65009,65012,65013,65014,130015,130016,130017,130018,130019,130022,130023,130024,130025,130026,1,-1,2,-2,1,3,1,-1,-3,-1,2,2,5,2,2,-2,-2,-5,-2,-2
0,1,21671,21674,65013,65014,65015,65018,65019,65020,130027,130028,130029,130030,130031,130034,130035,130036,130037,130038,1,-1,2,-2,1,3,1,-1,-3,-1,2,2,5,2,2,-2,-2,-5,-2,-2
0,1,21673,21676,65019,65020,65021,65024,65025,65026,130039,130040,130041,130042,130043,130046,130047,130048,130049,130050,1,-1,2,-2,1,3,1,-1,-3,-1,2,2,5,2,2,-2,-2,-5,-2,-2
0,1,21675,21678,65025,65026,65027,65030,65031,65032,130051,130052,130053,130054,130055,130058,130059,130060,130061,130062,1,-1,2,-2,1,3,1,-1,-3,-1,2,2,5,2,2,-2,-2,-5,-2,-2
0,1,21677,21680,65031,65032,65033,65036,65037,65038,130063,130064,130065,130066,130067,130070,130071,130072,130073,130074,1,-1,2,-2,1,3,1,-1,-3,-1,2,2,5,2,2,-2,-2,-5,-2,-2
0,1,21679,21682,65037,65038,65039,65042,65043,65044,130075,130076,130077,130078,130079,130082,130083,130084,130085,130086,1,-1,2,-2,1,3,1,-1,-3,-1,2,2,5,2,2,-2,-2,-5,-2,-2
0,1,21681,21684,65043,65044,65045,65048,65049,65050,130087,130088,130089,130090,130091,130094,130095,130096,130097,130098,1,-1,2,-2,1,3,1,-1,-3,-1,2,2,5,2,2,-2,-2,-5,-2,-2
0,1,21683,21686,65049,65050,65051,65054,65055,65056,130099,130100,130101,130102,130103,130106,130107,130108,130109,130110,1,-1,2,-2,1,3,1,-1,-3,-1,2,2,5,2,2,-2,-2,-5,-2,-2
0,1,21685,21688,65055,65056,65057,65060,65061,65062,130111,130112,130113,130114,130115,130118,130119,130120,130121,130122,1,-1,2,-2,1,3,1,-1,-3,-1,2,2,5,2,2,-2,-2,-5,-2,-2
0,1,21687,21690,65061,65062,65063,65066,65067,65068,130123,130124,130125,130126,130127,130130,130131,130132,130133,130134,1,-1,2,-2,1,3,1,-1,-3,-1,2,2,5,2,2,-2,-2,-5,-2,-2
0,1,21689,21692,65067,65068,65069,65072,65073,65074,130135,130136,130137,130138,130139,130142,130143,130144,130145,130146,1,-1,2,-2,1,3,1,-1,-3,-1,2,2,5,2,2,-2,-2,-5,-2,-2
0,1,21691,21694,65073,65074,65075,65078,65079,65080,130147,130148,130149,130150,130151,130154,130155,130156,130157,130158,1,-1,2,-2,1,3,1,-1,-3,-1,2,2,5,2,2,-2,-2,-5,-2,-2
0,1,21693,21696,65079,65080,65081,65084,65085,65086,130159,130160,130161,130162,130163,130166,130167,130168,130169,130170,1,-1,2,-2,1,3,1,-1,-3,-1,2,2,5,2,2,-2,-2,-5,-2,-2
0,1,21695,21698,65085,65086,65087,65090,65091,65092,130171,130172,130173,130174,130175,130178,130179,130180,130181,130182,1,-1,2,-2,1,3,1,-1,-3,-1,2,2,5,2,2,-2,-2,-5,-2,-2
0,1,21697,21700,65091,65092,65093,65096,65097,65098,130183,130184,130185,130186,130187,130190,130191,130192,130193,130194,1,-1,2,-2,1,3,1,-1,-3,-1,2,2,5,2,2,-2,-2,-5,-2,-2
0,1,21699,21702,65097,65098,65099,65102,65103,65104,130195,130196,130197,130198,130199,130202,130203,130204,130205,130206,1,-1,2,-2,1,3,1,-1,-3,-1,2,2,5,2,2,-2,-2,-5,-2,-2
0,1,21701,21704,65103,65104,65105,65108,65109,65110,130207,130208,130209,130210,130211,130214,130215,130216,130217,130218,1,-1,2,-2,1,3,1,-1,-3,-1,2,2,5,2,2,-2,-2,-5,-2,-2
0,1,21703,21706,65109,65110,65111,65114,65115,65116,130219,130220,130221,130222,130223,130226,130227,130228,130229,130230,1,-1,2,-2,1,3,1,-1,-3,-1,2,2,5,2,2,-2,-2,-5,-2,-2
0,1,21705,21708,65115,65116,65117,65120,65121,65122,130231,130232,130233,130234,130235,130238,130239,130240,130241,130242,1,-1,2,-2,1,3,1,-1,-3,-1,2,2,5,2,2,-2,-2,-5,-2,-2
0,1,21707,21710,65121,65122,65123,65126,65127,65128,130243,130244,130245,130246,130247,130250,130251,130252,130253,130254,1,-1,2,-2,1,3,1,-1,-3,-1,2,2,5,2,2,-2,-2,-5,-2,-2
0,1,21709,21712,65127,65128,65129,65132,65133,65134,130255,130256,130257,130258,130259,130262,130263,130264,130265,130266,1,-1,2,-2,1,3,1,-1,-3,-1,2,2,5,2,2,-2,-2,-5,-2,-2
0,1,21711,21714,65133,65134,65135,65138,65139,65140,130267,130268,130269,130270,130271,130274,130275,130276,130277,130278,1,-1,2,-2,1,3,1,-1,-3,-1,2,2,5,2,2,-2,-2,-5,-2,-2
0,1,21713,21716,65139,65140,65141,65144,65145,65146,130279,130280,130281,130282,130283,130286,130287,130288,130289,130290,1,-1,2,-2,1,3,1,-1,-3,-1,2,2,5,2,2,-2,-2,-5,-2,-2
0,1,21715,21718,65145,65146,65147,65150,65151,65152,130291,130292,130293,130294,130295,130298,130299,130300,130301,130302,1,-1,2,-2,1,3,1,-1,-3,-1,2,2,5,2,2,-2,-2,-5,-2,-2
0,1,21717,21720,65151,65152,65153,65156,65157,65158,130303,130304,130305,130306,130307,130310,130311,130312,130313,130314,1,-1,2,-2,1,3,1,-1,-3,-1,2,2,5,2,2,-2,-2,-5,-2,-2
0,1,21719,21722,65157,65158,65159,65162,65163,65164,130315,130316,130317,130318,130319,130322,130323,130324,130325,130326,1,-1,2,-2,1,3,1,-1,-3,-1,2,2,5,2,2,-2,-2,-5,-2,-2
0,1,21721,21724,65163,65164,65165,65168,65169,65170,130327,130328,130329,130330,130331,130334,130335,130336,130337,130338,1,-1,2,-2,1,3,1,-1,-3,-1,2,2,5,2,2,-2,-2,-5,-2,-2
0,1,21723,21726,65169,65170,65171,65174,65175,65176,130339,130340,130341,130342,130343,130346,130347,130348,130349,130350,1,-1,2,-2,1,3,1,-1,-3,-1,2,2,5,2,2,-2,-2,-5,-2,-2
0,1,21725,21728,65175,65176,65177,65180,65181,65182,130351,130352,130353,130354,130355,130358,130359,130360,130361,130362,1,-1,2,-2,1,3,1,-1,-3,-1,2,2,5,2,2,-2,-2,-5,-2,-2
0,1,21727,21730,65181,65182,65183,65186,65187,65188,130363,130364,130365,130366,130367,130370,130371,130372,130373,130374,1,-1,2,-2,1,3,1,-1,-3,-1,2,2,5,2,2,-2,-2,-5,-2,-2
0,1,21729,21732,65187,65188,65189,65192,65193,65194,130375,130376,130377,130378,130379,130382,130383,130384,130385,130386,1,-1,2,-2,1,3,1,-1,-3,-1,2,2,5,2,2,-2,-2,-5,-2,-2
0,1,21731,21734,65193,65194,65195,65198,65199,65200,130387,130388,130389,130390,130391,130394,130395,130396,130397,130398,1,-1,2,-2,1,3,1,-1,-3,-1,2,2,5,2,2,-2,-2,-5,-2,-2
0,1,21733,21736,65199,65200,65201,65204,65205,65206,130399,130400,130401,130402,130403,130406,130407,130408,130409,130410,1,-1,2,-2,1,3,1,-1,-3,-1,2,2,5,2,2,-2,-2,-5,-2,-2
0,1,21735,21738,65205,65206,65207,65210,65211,65212,130411,130412,130413,130414,130415,130418,130419,130420,130421,130422,1,-1,2,-2,1,3,1,-1,-3,-1,2,2,5,2,2,-2,-2,-5,-2,-2
0,1,21737,21740,65211,65212,65213,65216,65217,65218,130423,130424,130425,130426,130427,130430,130431,130432,130433,130434,1,-1,2,-2,1,3,1,-1,-3,-1,2,2,5,2,2,-2,-2,-5,-2,-2
0,1,21739,21742,65217,65218,65219,65222,65223,65224,130435,130436,130437,130438,130439,130442,130443,130444,130445,130446,1,-1,2,-2,1,3,1,-1,-3,-1,2,2,5,2,2,-2,-2,-5,-2,-2
0,1,21741,21744,65223,65224,65225,65228,65229,65230,130447,130448,130449,130450,130451,130454,130455,130456,130457,130458,1,-1,2,-2,1,3,1,-1,-3,-1,2,2,5,2,2,-2,-2,-5,-2,-2
0,1,21743,21746,65229,65230,65231,65234,65235,65236,130459,130460,130461,130462,130463,130466,130467,130468,130469,130470,1,-1,2,-2,1,3,1,-1,-3,-1,2,2,5,2,2,-2,-2,-5,-2,-2
0,1,21745,21748,65235,65236,65237,65240,65241,65242,130471,130472,130473,130474,130475,130478,130479,130480,130481,130482,1,-1,2,-2,1,3,1,-1,-3,-1,2,2,5,2,2,-2,-2,-5,-2,-2
0,1,21747,21750,65241,65242,65243,65246,65247,65248,130483,130484,130485,130486,130487,130490,130491,130492,130493,130494,1,-1,2,-2,1,3,1,-1,-3,-1,2,2,5,2,2,-2,-2,-5,-2,-2
0,1,21749,21752,65247,65248,65249,65252,65253,65254,130495,130496,130497,130498,130499,130502,130503,130504,130505,130506,1,-1,2,-2,1,3,1,-1,-3,-1,2,2,5,2,2,-2,-2,-5,-2,-2
0,1,21751,21754,65253,65254,65255,65258,65259,65260,130507,130508,130509,130510,130511,130514,130515,130516,130517,130518,1,-1,2,-2,1,3,1,-1,-3,-1,2,2,5,2,2,-2,-2,-5,-2,-2
0,1,21753,21756,65259,65260,65261,65264,65265,65266,130519,130520,130521,130522,130523,130526,130527,130528,130529,130530,1,-1,2,-2,1,3,1,-1,-3,-1,2,2,5,2,2,-2,-2,-5,-2,-2
0,1,21755,21758,65265,65266,65267,65270,65271,65272,130531,130532,130533,130534,130535,130538,130539,130540,130541,130542,1,-1,2,-2,1,3,1,-1,-3,-1,2,2,5,2,2,-2,-2,-5,-2,-2
0,1,21757,21760,65271,65272,65273,65276,65277,65278,130543,130544,130545,130546,130547,130550,130551,130552,130553,130554,1,-1,2,-2,1,3,1,-1,-3,-1,2,2,5,2,2,-2,-2,-5,-2,-2
0,1,21759,21762,65277,65278,65279,65282,65283,65284,130555,130556,130557,130558,130559,130562,130563,130564,130565,130566,1,-1,2,-2,1,3,1,-1,-3,-1,2,2,5,2,2,-2,-2,-5,-2,-2
0,1,21761,21764,65283,65284,65285,65288,65289,65290,130567,130568,130569,130570,130571,130574,130575,130576,130577,130578,1,-1,2,-2,1,3,1,-1,-3,-1,2,2,5,2,2,-2,-2,-5,-2,-2
0,1,21763,21766,65289,65290,65291,65294,65295,65296,130579,130580,130581,130582,130583,130586,130587,130588,130589,130590,1,-1,2,-2,1,3,1,-1,-3,-1,2,2,5,2,2,-2,-2,-5,-2,-2
0,1,21765,21768,65295,65296,65297,65300,65301,65302,130591,130592,130593,130594,130595,130598,130599,130600,130601,130602,1,-1,2,-2,1,3,1,-1,-3,-1,2,2,5,2,2,-2,-2,-5,-2,-2
0,1,21767,21770,65301,65302,65303,65306,65307,65308,130603,130604,130605,130606,130607,130610,130611,130612,130613,130614,1,-1,2,-2,1,3,1,-1,-3,-1,2,2,5,2,2,-2,-2,-5,-2,-2
0,1,21769,21772,65307,65308,65309,65312,65313,65314,130615,130616,130617,130618,130619,130622,130623,130624,130625,130626,1,-1,2,-2,1,3,1,-1,-3,-1,2,2,5,2,2,-2,-2,-5,-2,-2
0,1,21771,21774,65313,65314,65315,65318,65319,65320,130627,130628,130629,130630,130631,130634,130635,130636,130637,130638,1,-1,2,-2,1,3,1,-1,-3,-1,2,2,5,2,2,-2,-2,-5,-2,-2
0,1,21773,21776,65319,65320,65321,65324,65325,65326,130639,130640,130641,130642,130643,130646,130647,130648,130649,130650,1,-1,2,-2,1,3,1,-1,-3,-1,2,2,5,2,2,-2,-2,-5,-2,-2
0,1,21775,21778,65325,65326,65327,65330,65331,65332,130651,130652,130653,130654,130655,130658,130659,130660,130661,130662,1,-1,2,-2,1,3,1,-1,-3,-1,2,2,5,2,2,-2,-2,-5,-2,-2
0,1,21777,21780,65331,65332,65333,65336,65337,65338,130663,130664,130665,130666,130667,130670,130671,130672,130673,130674,1,-1,2,-2,1,3,1,-1,-3,-1,2,2,5,2,2,-2,-2,-5,-2,-2
0,1,21779,21782,65337,65338,65339,65342,65343,65344,130675,130676,130677,130678,130679,130682,130683,130684,130685,130686,1,-1,2,-2,1,3,1,-1,-3,-1,2,2,5,2,2,-2,-2,-5,-2,-2
0,1,21781,21784,65343,65344,65345,65348,65349,65350,130687,130688,130689,130690,130691,130694,130695,130696,130697,130698,1,-1,2,-2,1,3,1,-1,-3,-1,2,2,5,2,2,-2,-2,-5,-2,-2
0,1,21783,21786,65349,65350,65351,65354,65355,65356,130699,130700,130701,130702,130703,130706,130707,130708,130709,130710,1,-1,2,-2,1,3,1,-1,-3,-1,2,2,5,2,2,-2,-2,-5,-2,-2
0,1,21785,21788,65355,65356,65357,65360,65361,65362,130711,130712,130713,130714,130715,130718,130719,130720,130721,130722,1,-1,2,-2,1,3,1,-1,-3,-1,2,2,5,2,2,-2,-2,-5,-2,-2
0,1,21787,21790,65361,65362,65363,65366,65367,65368,130723,130724,130725,130726,130727,130730,130731,130732,130733,130734,1,-1,2,-2,1,3,1,-1,-3,-1,2,2,5,2,2,-2,-2,-5,-2,-2
0,1,21789,21792,65367,65368,65369,65372,65373,65374,130735,130736,130737,130738,130739,130742,130743,130744,130745,130746,1,-1,2,-2,1,3,1,-1,-3,-1,2,2,5,2,2,-2,-2,-5,-2,-2
0,1,21791,21794,65373,65374,65375,65378,65379,65380,130747,130748,130749,130750,130751,130754,130755,130756,130757,130758,1,-1,2,-2,1,3,1,-1,-3,-1,2,2,5,2,2,-2,-2,-5,-2,-2
0,1,21793,21796,65379,65380,65381,65384,65385,65386,130759,130760,130761,130762,130763,130766,130767,130768,130769,130770,1,-1,2,-2,1,3,1,-1,-3,-1,2,2,5,2,2,-2,-2,-5,-2,-2
0,1,21795,21798,65385,65386,65387,65390,65391,65392,130771,130772,130773,130774,130775,130778,130779,130780,130781,130782,1,-1,2,-2,1,3,1,-1,-3,-1,2,2,5,2,2,-2,-2,-5,-2,-2
0,1,21797,21800,65391,65392,65393,65396,65397,65398,130783,130784,130785,130786,130787,130790,130791,130792,130793,130794,1,-1,2,-2,1,3,1,-1,-3,-1,2,2,5,2,2,-2,-2,-5,-2,-2
0,1,21799,21802,65397,65398,65399,65402,65403,65404,130795,130796,130797,130798,130799,130802,130803,130804,130805,130806,1,-1,2,-2,1,3,1,-1,-3,-1,2,2,5,2,2,-2,-2,-5,-2,-2
0,1,21801,21804,65403,65404,65405,65408,65409,65410,130807,130808,130809,130810,130811,130814,130815,130816,130817,130818,1,-1,2,-2,1,3,1,-1,-3,-1,2,2,5,2,2,-2,-2,-5,-2,-2
0,1,21803,21806,65409,65410,65411,65414,65415,65416,130819,130820,130821,130822,130823,130826,130827,130828,130829,130830,1,-1,2,-2,1,3,1,-1,-3,-1,2,2,5,2,2,-2,-2,-5,-2,-2
0,1,21805,21808,65415,65416,65417,65420,65421,65422,130831,130832,130833,130834,130835,130838,130839,130840,130841,130842,1,-1,2,-2,1,3,1,-1,-3,-1,2,2,5,2,2,-2,-2,-5,-2,-2
0,1,21807,21810,65421,65422,65423,65426,65427,65428,130843,130844,130845,130846,130847,130850,130851,130852,130853,130854,1,-1,2,-2,1,3,1,-1,-3,-1,2,2,5,2,2,-2,-2,-5,-2,-2
0,1,21809,21812,65427,65428,65429,65432,65433,65434,130855,130856,130857,130858,130859,130862,130863,130864,130865,130866,1,-1,2,-2,1,3,1,-1,-3,-1,2,2,5,2,2,-2,-2,-5,-2,-2
0,1,21811,21814,65433,65434,65435,65438,65439,65440,130867,130868,130869,130870,130871,130874,130875,130876,130877,130878,1,-1,2,-2,1,3,1,-1,-3,-1,2,2,5,2,2,-2,-2,-5,-2,-2
0,1,21813,21816,65439,65440,65441,65444,65445,65446,130879,130880,130881,130882,130883,130886,130887,130888,130889,130890,1,-1,2,-2,1,3,1,-1,-3,-1,2,2,5,2,2,-2,-2,-5,-2,-2
0,1,21815,21818,65445,65446,65447,65450,65451,65452,130891,130892,130893,130894,130895,130898,130899,130900,130901,130902,1,-1,2,-2,1,3,1,-1,-3,-1,2,2,5,2,2,-2,-2,-5,-2,-2
0,1,21817,21820,65451,65452,65453,65456,65457,65458,130903,130904,130905,130906,130907,130910,130911,130912,130913,130914,1,-1,2,-2,1,3,1,-1,-3,-1,2,2,5,2,2,-2,-2,-5,-2,-2
0,1,21819,21822,65457,65458,65459,65462,65463,65464,130915,130916,130917,130918,130919,130922,130923,130924,130925,130926,1,-1,2,-2,1,3,1,-1,-3,-1,2,2,5,2,2,-2,-2,-5,-2,-2
0,1,21821,21824,65463,65464,65465,65468,65469,65470,130927,130928,130929,130930,130931,130934,130935,130936,130937,130938,1,-1,2,-2,1,3,1,-1,-3,-1,2,2,5,2,2,-2,-2,-5,-2,-2
0,1,21823,21826,65469,65470,65471,65474,65475,65476,130939,130940,130941,130942,130943,130946,130947,130948,130949,130950,1,-1,2,-2,1,3,1,-1,-3,-1,2,2,5,2,2,-2,-2,-5,-2,-2
0,1,21825,21828,65475,65476,65477,65480,65481,65482,130951,130952,130953,130954,130955,130958,130959,130960,130961,130962,1,-1,2,-2,1,3,1,-1,-3,-1,2,2,5,2,2,-2,-2,-5,-2,-2
0,1,21827,21830,65481,65482,65483,65486,65487,65488,130963,130964,130965,130966,130967,130970,130971,130972,130973,130974,1,-1,2,-2,1,3,1,-1,-3,-1,2,2,5,2,2,-2,-2,-5,-2,-2
0,1,21829,21832,65487,65488,65489,65492,65493,65494,130975,130976,130977,130978,130979,130982,130983,130984,130985,130986,1,-1,2,-2,1,3,1,-1,-3,-1,2,2,5,2,2,-2,-2,-5,-2,-2
0,1,21831,21834,65493,65494,65495,65498,65499,65500,130987,130988,130989,130990,130991,130994,130995,130996,130997,130998,1,-1,2,-2,1,3,1,-1,-3,-1,2,2,5,2,2,-2,-2,-5,-2,-2
0,1,21833,21836,65499,65500,65501,65504,65505,65506,130999,131000,131001,131002,131003,131006,131007,131008,131009,131010,1,-1,2,-2,1,3,1,-1,-3,-1,2,2,5,2,2,-2,-2,-5,-2,-2
0,1,21835,21838,65505,65506,65507,65510,65511,65512,131011,131012,131013,131014,131015,131018,131019,131020,131021,131022,1,-1,2,-2,1,3,1,-1,-3,-1,2,2,5,2,2,-2,-2,-5,-2,-2
0,1,21837,21840,65511,65512,65513,65516,65517,65518,131023,131024,131025,131026,131027,131030,131031,131032,131033,131034,1,-1,2,-2,1,3,1,-1,-3,-1,2,2,5,2,2,-2,-2,-5,-2,-2
0,1,21839,21842,65517,65518,65519,65522,65523,65524,131035,131036,131037,131038,131039,131042,131043,131044,131045,131046,1,-1,2,-2,1,3,1,-1,-3,-1,2,2,5,2,2,-2,-2,-5,-2,-2
0,1,21841,21844,65523,65524,65525,65528,65529,65530,131047,131048,131049,131050,131051,131054,131055,131056,131057,131058,1,-1,2,-2,1,3,1,-1,-3,-1,2,2,5,2,2,-2,-2,-5,-2,-2
0,1,21843,21846,65529,65530,65531,65534,65535,65536,131059,131060,131061,131062,131063,131066,131067,131068,131069,131070,1,-1,2,-2,1,3,1,-1,-3,-1,2,2,5,2,2,-2,-2,-5,-2,-2
0,1,21845,21848,65535,65536,65537,65540,65541,65542,131071,131072,131073,131074,131075,131078,131079,131080,131081,131082,1,-1,2,-2,1,3,1,-1,-3,-1,2,2,5,2,2,-2,-2,-5,-2,-2
0,1,21847,21850,65541,65542,65543,65546,65547,65548,131083,131084,131085,131086,131087,131090,131091,131092,131093,131094,1,-1,2,-2,1,3,1,-1,-3,-1,2,2,5,2,2,-2,-2,-5,-2,-2
0,1,21849,21852,65547,65548,65549,65552,65553,65554,131095,131096,131097,131098,131099,131102,131103,131104,131105,131106,1,-1,2,-2,1,3,1,-1,-3,-1,2,2,5,2,2,-2,-2,-5,-2,-2
0,1,21851,21854,65553,65554,65555,65558,65559,65560,131107,131108,131109,131110,131111,131114,131115,131116,131117,131118,1,-1,2,-2,1,3,1,-1,-3,-1,2,2,5,2,2,-2,-2,-5,-2,-2
0,1,21853,21856,65559,65560,65561,65564,65565,65566,131119,131120,131121,131122,131123,131126,131127,131128,131129,131130,1,-1,2,-2,1,3,1,-1,-3,-1,2,2,5,2,2,-2,-2,-5,-2,-2
0,1,21855,21858,65565,65566,65567,65570,65571,65572,131131,131132,131133,131134,131135,131138,131139,131140,131141,131142,1,-1,2,-2,1,3,1,-1,-3,-1,2,2,5,2,2,-2,-2,-5,-2,-2
0,1,21857,21860,65571,65572,65573,65576,65577,65578,131143,131144,131145,131146,131147,131150,131151,131152,131153,131154,1,-1,2,-2,1,3,1,-1,-3,-1,2,2,5,2,2,-2,-2,-5,-2,-2
0,1,21859,21862,65577,65578,65579,65582,65583,65584,131155,131156,131157,131158,131159,131162,131163,131164,131165,131166,1,-1,2,-2,1,3,1,-1,-3,-1,2,2,5,2,2,-2,-2,-5,-2,-2
0,1,21861,21864,65583,65584,65585,65588,65589,65590,131167,131168,131169,131170,131171,131174,131175,131176,131177,131178,1,-1,2,-2,1,3,1,-1,-3,-1,2,2,5,2,2,-2,-2,-5,-2,-2
0,1,21863,21866,65589,65590,65591,65594,65595,65596,131179,131180,131181,131182,131183,131186,131187,131188,131189,131190,1,-1,2,-2,1,3,1,-1,-3,-1,2,2,5,2,2,-2,-2,-5,-2,-2
0,1,21865,21868,65595,65596,65597,65600,65601,65602,131191,131192,131193,131194,131195,131198,131199,131200,131201,131202,1,-1,2,-2,1,3,1,-1,-3,-1,2,2,5,2,2,-2,-2,-5,-2,-2
0,1,21867,21870,65601,65602,65603,65606,65607,65608,131203,131204,131205,131206,131207,131210,131211,131212,131213,131214,1,-1,2,-2,1,3,1,-1,-3,-1,2,2,5,2,2,-2,-2,-5,-2,-2
0,1,21869,21872,65607,65608,65609,65612,65613,65614,131215,131216,131217,131218,131219,131222,131223,131224,131225,131226,1,-1,2,-2,1,3,1,-1,-3,-1,2,2,5,2,2,-2,-2,-5,-2,-2
0,1,21871,21874,65613,65614,65615,65618,65619,65620,131227,131228,131229,131230,131231,131234,131235,131236,131237,131238,1,-1,2,-2,1,3,1,-1,-3,-1,2,2,5,2,2,-2,-2,-5,-2,-2
0,1,21873,21876,65619,65620,65621,65624,65625,65626,131239,131240,131241,131242,131243,131246,131247,131248,131249,131250,1,-1,2,-2,1,3,1,-1,-3,-1,2,2,5,2,2,-2,-2,-5,-2,-2
0,1,21875,21878,65625,65626,65627,65630,65631,65632,131251,131252,131253,131254,131255,131258,131259,131260,131261,131262,1,-1,2,-2,1,3,1,-1,-3,-1,2,2,5,2,2,-2,-2,-5,-2,-2
0,1,21877,21880,65631,65632,65633,65636,65637,65638,131263,131264,131265,131266,131267,131270,131271,131272,131273,131274,1,-1,2,-2,1,3,1,-1,-3,-1,2,2,5,2,2,-2,-2,-5,-2,-2
0,1,21879,21882,65637,65638,65639,65642,65643,65644,131275,131276,131277,131278,131279,131282,131283,131284,131285,131286,1,-1,2,-2,1,3,1,-1,-3,-1,2,2,5,2,2,-2,-2,-5,-2,-2
0,1,21881,21884,65643,65644,65645,65648,65649,65650,131287,131288,131289,131290,131291,131294,131295,131296,131297,131298,1,-1,2,-2,1,3,1,-1,-3,-1,2,2,5,2,2,-2,-2,-5,-2,-2
0,1,21883,21886,65649,65650,65651,65654,65655,65656,131299,131300,131301,131302,131303,131306,131307,131308,131309,131310,1,-1,2,-2,1,3,1,-1,-3,-1,2,2,5,2,2,-2,-2,-5,-2,-2
0,1,21885,21888,65655,65656,65657,65660,65661,65662,131311,131312,131313,131314,131315,131318,131319,131320,131321,131322,1,-1,2,-2,1,3,1,-1,-3,-1,2,2,5,2,2,-2,-2,-5,-2,-2
0,1,21887,21890,65661,65662,65663,65666,65667,65668,131323,131324,131325,131326,131327,131330,131331,131332,131333,131334,1,-1,2,-2,1,3,1,-1,-3,-1,2,2,5,2,2,-2,-2,-5,-2,-2
0,1,21889,21892,65667,65668,65669,65672,65673,65674,131335,131336,131337,131338,131339,131342,131343,131344,131345,131346,1,-1,2,-2,1,3,1,-1,-3,-1,2,2,5,2,2,-2,-2,-5,-2,-2
0,1,21891,21894,65673,65674,65675,65678,65679,65680,131347,131348,131349,131350,131351,131354,131355,131356,131357,131358,1,-1,2,-2,1,3,1,-1,-3,-1,2,2,5,2,2,-2,-2,-5,-2,-2
0,1,21893,21896,65679,65680,65681,65684,65685,65686,131359,131360,131361,131362,131363,131366,131367,131368,131369,131370,1,-1,2,-2,1,3,1,-1,-3,-1,2,2,5,2,2,-2,-2,-5,-2,-2
0,1,21895,21898,65685,65686,65687,65690,65691,65692,131371,131372,131373,131374,131375,131378,131379,131380,131381,131382,1,-1,2,-2,1,3,1,-1,-3,-1,2,2,5,2,2,-2,-2,-5,-2,-2
0,1,21897,21900,65691,65692,65693,65696,65697,65698,131383,131384,131385,131386,131387,131390,131391,131392,131393,131394,1,-1,2,-2,1,3,1,-1,-3,-1,2,2,5,2,2,-2,-2,-5,-2,-2
0,1,21899,21902,65697,65698,65699,65702,65703,65704,131395,131396,131397,131398,131399,131402,131403,131404,131405,131406,1,-1,2,-2,1,3,1,-1,-3,-1,2,2,5,2,2,-2,-2,-5,-2,-2
0,1,21901,21904,65703,65704,65705,65708,65709,65710,131407,131408,131409,131410,131411,131414,131415,131416,131417,131418,1,-1,2,-2,1,3,1,-1,-3,-1,2,2,5,2,2,-2,-2,-5,-2,-2
0,1,21903,21906,65709,65710,65711,65714,65715,65716,131419,131420,131421,131422,131423,131426,131427,131428,131429,131430,1,-1,2,-2,1,3,1,-1,-3,-1,2,2,5,2,2,-2,-2,-5,-2,-2
0,1,21905,21908,65715,65716,65717,65720,65721,65722,131431,131432,131433,131434,131435,131438,131439,131440,131441,131442,1,-1,2,-2,1,3,1,-1,-3,-1,2,2,5,2,2,-2,-2,-5,-2,-2
0,1,21907,21910,65721,65722,65723,65726,65727,65728,131443,131444,131445,131446,131447,131450,131451,131452,131453,131454,1,-1,2,-2,1,3,1,-1,-3,-1,2,2,5,2,2,-2,-2,-5,-2,-2
0,1,21909,21912,65727,65728,65729,65732,65733,65734,131455,131456,131457,131458,131459,131462,131463,131464,131465,131466,1,-1,2,-2,1,3,1,-1,-3,-1,2,2,5,2,2,-2,-2,-5,-2,-2
0,1,21911,21914,65733,65734,65735,65738,65739,65740,131467,131468,131469,131470,131471,131474,131475,131476,131477,131478,1,-1,2,-2,1,3,1,-1,-3,-1,2,2,5,2,2,-2,-2,-5,-2,-2
0,1,21913,21916,65739,65740,65741,65744,65745,65746,131479,131480,131481,131482,131483,131486,131487,131488,131489,131490,1,-1,2,-2,1,3,1,-1,-3,-1,2,2,5,2,2,-2,-2,-5,-2,-2
0,1,21915,21918,65745,65746,65747,65750,65751,65752,131491,131492,131493,131494,131495,131498,131499,131500,131501,131502,1,-1,2,-2,1,3,1,-1,-3,-1,2,2,5,2,2,-2,-2,-5,-2,-2
0,1,21917,21920,65751,65752,65753,65756,65757,65758,131503,131504,131505,131506,131507,131510,131511,131512,131513,131514,1,-1,2,-2,1,3,1,-1,-3,-1,2,2,5,2,2,-2,-2,-5,-2,-2
0,1,21919,21922,65757,65758,65759,65762,65763,65764,131515,131516,131517,131518,131519,131522,131523,131524,131525,131526,1,-1,2,-2,1,3,1,-1,-3,-1,2,2,5,2,2,-2,-2,-5,-2,-2
0,1,21921,21924,65763,65764,65765,65768,65769,65770,131527,131528,131529,131530,131531,131534,131535,131536,131537,131538,1,-1,2,-2,1,3,1,-1,-3,-1,2,2,5,2,2,-2,-2,-5,-2,-2
0,1,21923,21926,65769,65770,65771,65774,65775,65776,131539,131540,131541,131542,131543,131546,131547,131548,131549,131550,1,-1,2,-2,1,3,1,-1,-3,-1,2,2,5,2,2,-2,-2,-5,-2,-2
0,1,21925,21928,65775,65776,65777,65780,65781,65782,131551,131552,131553,131554,131555,131558,131559,131560,131561,131562,1,-1,2,-2,1,3,1,-1,-3,-1,2,2,5,2,2,-2,-2,-5,-2,-2
0,1,21927,21930,65781,65782,65783,65786,65787,65788,131563,131564,131565,131566,131567,131570,131571,131572,131573,131574,1,-1,2,-2,1,3,1,-1,-3,-1,2,2,5,2,2,-2,-2,-5,-2,-2
0,1,21929,21932,65787,65788,65789,65792,65793,65794,131575,131576,131577,131578,131579,131582,131583,131584,131585,131586,1,-1,2,-2,1,3,1,-1,-3,-1,2,2,5,2,2,-2,-2,-5,-2,-2
0,1,21931,21934,65793,65794,65795,65798,65799,65800,131587,131588,131589,131590,131591,131594,131595,131596,131597,131598,1,-1,2,-2,1,3,1,-1,-3,-1,2,2,5,2,2,-2,-2,-5,-2,-2
0,1,21933,21936,65799,65800,65801,65804,65805,65806,131599,131600,131601,131602,131603,131606,131607,131608,131609,131610,1,-1,2,-2,1,3,1,-1,-3,-1,2,2,5,2,2,-2,-2,-5,-2,-2
0,1,21935,21938,65805,65806,65807,65810,65811,65812,131611,131612,131613,131614,131615,131618,131619,131620,131621,131622,1,-1,2,-2,1,3,1,-1,-3,-1,2,2,5,2,2,-2,-2,-5,-2,-2
0,1,21937,21940,65811,65812,65813,65816,65817,65818,131623,131624,131625,131626,131627,131630,131631,131632,131633,131634,1,-1,2,-2,1,3,1,-1,-3,-1,2,2,5,2,2,-2,-2,-5,-2,-2
0,1,21939,21942,65817,65818,65819,65822,65823,65824,131635,131636,131637,131638,131639,131642,131643,131644,131645,131646,1,-1,2,-2,1,3,1,-1,-3,-1,2,2,5,2,2,-2,-2,-5,-2,-2
0,1,21941,21944,65823,65824,65825,65828,65829,65830,131647,131648,131649,131650,131651,131654,131655,131656,131657,131658,1,-1,2,-2,1,3,1,-1,-3,-1,2,2,5,2,2,-2,-2,-5,-2,-2
0,1,21943,21946,65829,65830,65831,65834,65835,65836,131659,131660,131661,131662,131663,131666,131667,131668,131669,131670,1,-1,2,-2,1,3,1,-1,-3,-1,2,2,5,2,2,-2,-2,-5,-2,-2
0,1,21945,21948,65835,65836,65837,65840,65841,65842,131671,131672,131673,131674,131675,131678,131679,131680,131681,131682,1,-1,2,-2,1,3,1,-1,-3,-1,2,2,5,2,2,-2,-2,-5,-2,-2
0,1,21947,21950,65841,65842,65843,65846,65847,65848,131683,131684,131685,131686,131687,131690,131691,131692,131693,131694,1,-1,2,-2,1,3,1,-1,-3,-1,2,2,5,2,2,-2,-2,-5,-2,-2
0,1,21949,21952,65847,65848,65849,65852,65853,65854,131695,131696,131697,131698,131699,131702,131703,131704,131705,131706,1,-1,2,-2,1,3,1,-1,-3,-1,2,2,5,2,2,-2,-2,-5,-2,-2
0,1,21951,21954,65853,65854,65855,65858,65859,65860,131707,131708,131709,131710,131711,131714,131715,131716,131717,131718,1,-1,2,-2,1,3,1,-1,-3,-1,2,2,5,2,2,-2,-2,-5,-2,-2
0,1,21953,21956,65859,65860,65861,65864,65865,65866,131719,131720,131721,131722,131723,131726,131727,131728,131729,131730,1,-1,2,-2,1,3,1,-1,-3,-1,2,2,5,2,2,-2,-2,-5,-2,-2
0,1,21955,21958,65865,65866,65867,65870,65871,65872,131731,131732,131733,131734,131735,131738,131739,131740,131741,131742,1,-1,2,-2,1,3,1,-1,-3,-1,2,2,5,2,2,-2,-2,-5,-2,-2
0,1,21957,21960,65871,65872,65873,65876,65877,65878,131743,131744,131745,131746,131747,131750,131751,131752,131753,131754,1,-1,2,-2,1,3,1,-1,-3,-1,2,2,5,2,2,-2,-2,-5,-2,-2
0,1,21959,21962,65877,65878,65879,65882,65883,65884,131755,131756,131757,131758,131759,131762,131763,131764,131765,131766,1,-1,2,-2,1,3,1,-1,-3,-1,2,2,5,2,2,-2,-2,-5,-2,-2
0,1,21961,21964,65883,65884,65885,65888,65889,65890,131767,131768,131769,131770,131771,131774,131775,131776,131777,131778,1,-1,2,-2,1,3,1,-1,-3,-1,2,2,5,2,2,-2,-2,-5,-2,-2
0,1,21963,21966,65889,65890,65891,65894,65895,65896,131779,131780,131781,131782,131783,131786,131787,131788,131789,131790,1,-1,2,-2,1,3,1,-1,-3,-1,2,2,5,2,2,-2,-2,-5,-2,-2
0,1,21965,21968,65895,65896,65897,65900,65901,65902,131791,131792,131793,131794,131795,131798,131799,131800,131801,131802,1,-1,2,-2,1,3,1,-1,-3,-1,2,2,5,2,2,-2,-2,-5,-2,-2
0,1,21967,21970,65901,65902,65903,65906,65907,65908,131803,131804,131805,131806,131807,131810,131811,131812,131813,131814,1,-1,2,-2,1,3,1,-1,-3,-1,2,2,5,2,2,-2,-2,-5,-2,-2
0,1,21969,21972,65907,65908,65909,65912,65913,65914,131815,131816,131817,131818,131819,131822,131823,131824,131825,131826,1,-1,2,-2,1,3,1,-1,-3,-1,2,2,5,2,2,-2,-2,-5,-2,-2
0,1,21971,21974,65913,65914,65915,65918,65919,65920,131827,131828,131829,131830,131831,131834,131835,131836,131837,131838,1,-1,2,-2,1,3,1,-1,-3,-1,2,2,5,2,2,-2,-2,-5,-2,-2
0,1,21973,21976,65919,65920,65921,65924,65925,65926,131839,131840,131841,131842,131843,131846,131847,131848,131849,131850,1,-1,2,-2,1,3,1,-1,-3,-1,2,2,5,2,2,-2,-2,-5,-2,-2
0,1,21975,21978,65925,65926,65927,65930,65931,65932,131851,131852,131853,131854,131855,131858,131859,131860,131861,131862,1,-1,2,-2,1,3,1,-1,-3,-1,2,2,5,2,2,-2,-2,-5,-2,-2
0,1,21977,21980,65931,65932,65933,65936,65937,65938,131863,131864,131865,131866,131867,131870,131871,131872,131873,131874,1,-1,2,-2,1,3,1,-1,-3,-1,2,2,5,2,2,-2,-2,-5,-2,-2
0,1,21979,21982,65937,65938,65939,65942,65943,65944,131875,131876,131877,131878,131879,131882,131883,131884,131885,131886,1,-1,2,-2,1,3,1,-1,-3,-1,2,2,5,2,2,-2,-2,-5,-2,-2
0,1,21981,21984,65943,65944,65945,65948,65949,65950,131887,131888,131889,131890,131891,131894,131895,131896,131897,131898,1,-1,2,-2,1,3,1,-1,-3,-1,2,2,5,2,2,-2,-2,-5,-2,-2
0,1,21983,21986,65949,65950,65951,65954,65955,65956,131899,131900,131901,131902,131903,131906,131907,131908,131909,131910,1,-1,2,-2,1,3,1,-1,-3,-1,2,2,5,2,2,-2,-2,-5,-2,-2
0,1,21985,21988,65955,65956,65957,65960,65961,65962,131911,131912,131913,131914,131915,131918,131919,131920,131921,131922,1,-1,2,-2,1,3,1,-1,-3,-1,2,2,5,2,2,-2,-2,-5,-2,-2
0,1,21987,21990,65961,65962,65963,65966,65967,65968,131923,131924,131925,131926,131927,131930,131931,131932,131933,131934,1,-1,2,-2,1,3,1,-1,-3,-1,2,2,5,2,2,-2,-2,-5,-2,-2
0,1,21989,21992,65967,65968,65969,65972,65973,65974,131935,131936,131937,131938,131939,131942,131943,131944,131945,131946,1,-1,2,-2,1,3,1,-1,-3,-1,2,2,5,2,2,-2,-2,-5,-2,-2
0,1,21991,21994,65973,65974,65975,65978,65979,65980,131947,131948,131949,131950,131951,131954,131955,131956,131957,131958,1,-1,2,-2,1,3,1,-1,-3,-1,2,2,5,2,2,-2,-2,-5,-2,-2
0,1,21993,21996,65979,65980,65981,65984,65985,65986,131959,131960,131961,131962,131963,131966,131967,131968,131969,131970,1,-1,2,-2,1,3,1,-1,-3,-1,2,2,5,2,2,-2,-2,-5,-2,-2
0,1,21995,21998,65985,65986,65987,65990,65991,65992,131971,131972,131973,131974,131975,131978,131979,131980,131981,131982,1,-1,2,-2,1,3,1,-1,-3,-1,2,2,5,2,2,-2,-2,-5,-2,-2
0,1,21997,22000,65991,65992,65993,65996,65997,65998,131983,131984,131985,131986,131987,131990,131991,131992,131993,131994,1,-1,2,-2,1,3,1,-1,-3,-1,2,2,5,2,2,-2,-2,-5,-2,-2
0,1,21999,22002,65997,65998,65999,66002,66003,66004,131995,131996,131997,131998,131999,132002,132003,132004,132005,132006,1,-1,2,-2,1,3,1,-1,-3,-1,2,2,5,2,2,-2,-2,-5,-2,-2
0,1,22001,22004,66003,66004,66005,66008,66009,66010,132007,132008,132009,132010,132011,132014,132015,132016,132017,132018,1,-1,2,-2,1,3,1,-1,-3,-1,2,2,5,2,2,-2,-2,-5,-2,-2
0,1,22003,22006,66009,66010,66011,66014,66015,66016,132019,132020,132021,132022,132023,132026,132027,132028,132029,132030,1,-1,2,-2,1,3,1,-1,-3,-1,2,2,5,2,2,-2,-2,-5,-2,-2
0,1,22005,22008,66015,66016,66017,66020,66021,66022,132031,132032,132033,132034,132035,132038,132039,132040,132041,132042,1,-1,2,-2,1,3,1,-1,-3,-1,2,2,5,2,2,-2,-2,-5,-2,-2
0,1,22007,22010,66021,66022,66023,66026,66027,66028,132043,132044,132045,132046,132047,132050,132051,132052,132053,132054,1,-1,2,-2,1,3,1,-1,-3,-1,2,2,5,2,2,-2,-2,-5,-2,-2
0,1,22009,22012,66027,66028,66029,66032,66033,66034,132055,132056,132057,132058,132059,132062,132063,132064,132065,132066,1,-1,2,-2,1,3,1,-1,-3,-1,2,2,5,2,2,-2,-2,-5,-2,-2
0,1,22011,22014,66033,66034,66035,66038,66039,66040,132067,132068,132069,132070,132071,132074,132075,132076,132077,132078,1,-1,2,-2,1,3,1,-1,-3,-1,2,2,5,2,2,-2,-2,-5,-2,-2
0,1,22013,22016,66039,66040,66041,66044,66045,66046,132079,132080,132081,132082,132083,132086,132087,132088,132089,132090,1,-1,2,-2,1,3,1,-1,-3,-1,2,2,5,2,2,-2,-2,-5,-2,-2
0,1,22015,22018,66045,66046,66047,66050,66051,66052,132091,132092,132093,132094,132095,132098,132099,132100,132101,132102,1,-1,2,-2,1,3,1,-1,-3,-1,2,2,5,2,2,-2,-2,-5,-2,-2
0,1,22017,22020,66051,66052,66053,66056,66057,66058,132103,132104,132105,132106,132107,132110,132111,132112,132113,132114,1,-1,2,-2,1,3,1,-1,-3,-1,2,2,5,2,2,-2,-2,-5,-2,-2
0,1,22019,22022,66057,66058,66059,66062,66063,66064,132115,132116,132117,132118,132119,132122,132123,132124,132125,132126,1,-1,2,-2,1,3,1,-1,-3,-1,2,2,5,2,2,-2,-2,-5,-2,-2
0,1,22021,22024,66063,66064,66065,66068,66069,66070,132127,132128,132129,132130,132131,132134,132135,132136,132137,132138,1,-1,2,-2,1,3,1,-1,-3,-1,2,2,5,2,2,-2,-2,-5,-2,-2
0,1,22023,22026,66069,66070,66071,66074,66075,66076,132139,132140,132141,132142,132143,132146,132147,132148,132149,132150,1,-1,2,-2,1,3,1,-1,-3,-1,2,2,5,2,2,-2,-2,-5,-2,-2
0,1,22025,22028,66075,66076,66077,66080,66081,66082,132151,132152,132153,132154,132155,132158,132159,132160,132161,132162,1,-1,2,-2,1,3,1,-1,-3,-1,2,2,5,2,2,-2,-2,-5,-2,-2
0,1,22027,22030,66081,66082,66083,66086,66087,66088,132163,132164,132165,132166,132167,132170,132171,132172,132173,132174,1,-1,2,-2,1,3,1,-1,-3,-1,2,2,5,2,2,-2,-2,-5,-2,-2
0,1,22029,22032,66087,66088,66089,66092,66093,66094,132175,132176,132177,132178,132179,132182,132183,132184,132185,132186,1,-1,2,-2,1,3,1,-1,-3,-1,2,2,5,2,2,-2,-2,-5,-2,-2
0,1,22031,22034,66093,66094,66095,66098,66099,66100,132187,132188,132189,132190,132191,132194,132195,132196,132197,132198,1,-1,2,-2,1,3,1,-1,-3,-1,2,2,5,2,2,-2,-2,-5,-2,-2
0,1,22033,22036,66099,66100,66101,66104,66105,66106,132199,132200,132201,132202,132203,132206,132207,132208,132209,132210,1,-1,2,-2,1,3,1,-1,-3,-1,2,2,5,2,2,-2,-2,-5,-2,-2
0,1,22035,22038,66105,66106,66107,66110,66111,66112,132211,132212,132213,132214,132215,132218,132219,132220,132221,132222,1,-1,2,-2,1,3,1,-1,-3,-1,2,2,5,2,2,-2,-2,-5,-2,-2
0,1,22037,22040,66111,66112,66113,66116,66117,66118,132223,132224,132225,132226,132227,132230,132231,132232,132233,132234,1,-1,2,-2,1,3,1,-1,-3,-1,2,2,5,2,2,-2,-2,-5,-2,-2
0,1,22039,22042,66117,66118,66119,66122,66123,66124,132235,132236,132237,132238,132239,132242,132243,132244,132245,132246,1,-1,2,-2,1,3,1,-1,-3,-1,2,2,5,2,2,-2,-2,-5,-2,-2
0,1,22041,22044,66123,66124,66125,66128,66129,66130,132247,132248,132249,132250,132251,132254,132255,132256,132257,132258,1,-1,2,-2,1,3,1,-1,-3,-1,2,2,5,2,2,-2,-2,-5,-2,-2
0,1,22043,22046,66129,66130,66131,66134,66135,66136,132259,132260,132261,132262,132263,132266,132267,132268,132269,132270,1,-1,2,-2,1,3,1,-1,-3,-1,2,2,5,2,2,-2,-2,-5,-2,-2
0,1,22045,22048,66135,66136,66137,66140,66141,66142,132271,132272,132273,132274,132275,132278,132279,132280,132281,132282,1,-1,2,-2,1,3,1,-1,-3,-1,2,2,5,2,2,-2,-2,-5,-2,-2
0,1,22047,22050,66141,66142,66143,66146,66147,66148,132283,132284,132285,132286,132287,132290,132291,132292,132293,132294,1,-1,2,-2,1,3,1,-1,-3,-1,2,2,5,2,2,-2,-2,-5,-2,-2
0,1,22049,22052,66147,66148,66149,66152,66153,66154,132295,132296,132297,132298,132299,132302,132303,132304,132305,132306,1,-1,2,-2,1,3,1,-1,-3,-1,2,2,5,2,2,-2,-2,-5,-2,-2
0,1,22051,22054,66153,66154,66155,66158,66159,66160,132307,132308,132309,132310,132311,132314,132315,132316,132317,132318,1,-1,2,-2,1,3,1,-1,-3,-1,2,2,5,2,2,-2,-2,-5,-2,-2
0,1,22053,22056,66159,66160,66161,66164,66165,66166,132319,132320,132321,132322,132323,132326,132327,132328,132329,132330,1,-1,2,-2,1,3,1,-1,-3,-1,2,2,5,2,2,-2,-2,-5,-2,-2
0,1,22055,22058,66165,66166,66167,66170,66171,66172,132331,132332,132333,132334,132335,132338,132339,132340,132341,132342,1,-1,2,-2,1,3,1,-1,-3,-1,2,2,5,2,2,-2,-2,-5,-2,-2
0,1,22057,22060,66171,66172,66173,66176,66177,66178,132343,132344,132345,132346,132347,132350,132351,132352,132353,132354,1,-1,2,-2,1,3,1,-1,-3,-1,2,2,5,2,2,-2,-2,-5,-2,-2
0,1,22059,22062,66177,66178,66179,66182,66183,66184,132355,132356,132357,132358,132359,132362,132363,132364,132365,132366,1,-1,2,-2,1,3,1,-1,-3,-1,2,2,5,2,2,-2,-2,-5,-2,-2
0,1,22061,22064,66183,66184,66185,66188,66189,66190,132367,132368,132369,132370,132371,132374,132375,132376,132377,132378,1,-1,2,-2,1,3,1,-1,-3,-1,2,2,5,2,2,-2,-2,-5,-2,-2
0,1,22063,22066,66189,66190,66191,66194,66195,66196,132379,132380,132381,132382,132383,132386,132387,132388,132389,132390,1,-1,2,-2,1,3,1,-1,-3,-1,2,2,5,2,2,-2,-2,-5,-2,-2
0,1,22065,22068,66195,66196,66197,66200,66201,66202,132391,132392,132393,132394,132395,132398,132399,132400,132401,132402,1,-1,2,-2,1,3,1,-1,-3,-1,2,2,5,2,2,-2,-2,-5,-2,-2
0,1,22067,22070,66201,66202,66203,66206,66207,66208,132403,132404,132405,132406,132407,132410,132411,132412,132413,132414,1,-1,2,-2,1,3,1,-1,-3,-1,2,2,5,2,2,-2,-2,-5,-2,-2
0,1,22069,22072,66207,66208,66209,66212,66213,66214,132415,132416,132417,132418,132419,132422,132423,132424,132425,132426,1,-1,2,-2,1,3,1,-1,-3,-1,2,2,5,2,2,-2,-2,-5,-2,-2
0,1,22071,22074,66213,66214,66215,66218,66219,66220,132427,132428,132429,132430,132431,132434,132435,132436,132437,132438,1,-1,2,-2,1,3,1,-1,-3,-1,2,2,5,2,2,-2,-2,-5,-2,-2
0,1,22073,22076,66219,66220,66221,66224,66225,66226,132439,132440,132441,132442,132443,132446,132447,132448,132449,132450,1,-1,2,-2,1,3,1,-1,-3,-1,2,2,5,2,2,-2,-2,-5,-2,-2
0,1,22075,22078,66225,66226,66227,66230,66231,66232,132451,132452,132453,132454,132455,132458,132459,132460,132461,132462,1,-1,2,-2,1,3,1,-1,-3,-1,2,2,5,2,2,-2,-2,-5,-2,-2
0,1,22077,22080,66231,66232,66233,66236,66237,66238,132463,132464,132465,132466,132467,132470,132471,132472,132473,132474,1,-1,2,-2,1,3,1,-1,-3,-1,2,2,5,2,2,-2,-2,-5,-2,-2
0,1,22079,22082,66237,66238,66239,66242,66243,66244,132475,132476,132477,132478,132479,132482,132483,132484,132485,132486,1,-1,2,-2,1,3,1,-1,-3,-1,2,2,5,2,2,-2,-2,-5,-2,-2
0,1,22081,22084,66243,66244,66245,66248,66249,66250,132487,132488,132489,132490,132491,132494,132495,132496,132497,132498,1,-1,2,-2,1,3,1,-1,-3,-1,2,2,5,2,2,-2,-2,-5,-2,-2
0,1,22083,22086,66249,66250,66251,66254,66255,66256,132499,132500,132501,132502,132503,132506,132507,132508,132509,132510,1,-1,2,-2,1,3,1,-1,-3,-1,2,2,5,2,2,-2,-2,-5,-2,-2
0,1,22085,22088,66255,66256,66257,66260,66261,66262,132511,132512,132513,132514,132515,132518,132519,132520,132521,132522,1,-1,2,-2,1,3,1,-1,-3,-1,2,2,5,2,2,-2,-2,-5,-2,-2
0,1,22087,22090,66261,66262,66263,66266,66267,66268,132523,132524,132525,132526,132527,132530,132531,132532,132533,132534,1,-1,2,-2,1,3,1,-1,-3,-1,2,2,5,2,2,-2,-2,-5,-2,-2
0,1,22089,22092,66267,66268,66269,66272,66273,66274,132535,132536,132537,132538,132539,132542,132543,132544,132545,132546,1,-1,2,-2,1,3,1,-1,-3,-1,2,2,5,2,2,-2,-2,-5,-2,-2
0,1,22091,22094,66273,66274,66275,66278,66279,66280,132547,132548,132549,132550,132551,132554,132555,132556,132557,132558,1,-1,2,-2,1,3,1,-1,-3,-1,2,2,5,2,2,-2,-2,-5,-2,-2
0,1,22093,22096,66279,66280,66281,66284,66285,66286,132559,132560,132561,132562,132563,132566,132567,132568,132569,132570,1,-1,2,-2,1,3,1,-1,-3,-1,2,2,5,2,2,-2,-2,-5,-2,-2
0,1,22095,22098,66285,66286,66287,66290,66291,66292,132571,132572,132573,132574,132575,132578,132579,132580,132581,132582,1,-1,2,-2,1,3,1,-1,-3,-1,2,2,5,2,2,-2,-2,-5,-2,-2
0,1,22097,22100,66291,66292,66293,66296,66297,66298,132583,132584,132585,132586,132587,132590,132591,132592,132593,132594,1,-1,2,-2,1,3,1,-1,-3,-1,2,2,5,2,2,-2,-2,-5,-2,-2
0,1,22099,22102,66297,66298,66299,66302,66303,66304,132595,132596,132597,132598,132599,132602,132603,132604,132605,132606,1,-1,2,-2,1,3,1,-1,-3,-1,2,2,5,2,2,-2,-2,-5,-2,-2
0,1,22101,22104,66303,66304,66305,66308,66309,66310,132607,132608,132609,132610,132611,132614,132615,132616,132617,132618,1,-1,2,-2,1,3,1,-1,-3,-1,2,2,5,2,2,-2,-2,-5,-2,-2
0,1,22103,22106,66309,66310,66311,66314,66315,66316,132619,132620,132621,132622,132623,132626,132627,132628,132629,132630,1,-1,2,-2,1,3,1,-1,-3,-1,2,2,5,2,2,-2,-2,-5,-2,-2
0,1,22105,22108,66315,66316,66317,66320,66321,66322,132631,132632,132633,132634,132635,132638,132639,132640,132641,132642,1,-1,2,-2,1,3,1,-1,-3,-1,2,2,5,2,2,-2,-2,-5,-2,-2
0,1,22107,22110,66321,66322,66323,66326,66327,66328,132643,132644,132645,132646,132647,132650,132651,132652,132653,132654,1,-1,2,-2,1,3,1,-1,-3,-1,2,2,5,2,2,-2,-2,-5,-2,-2
0,1,22109,22112,66327,66328,66329,66332,66333,66334,132655,132656,132657,132658,132659,132662,132663,132664,132665,132666,1,-1,2,-2,1,3,1,-1,-3,-1,2,2,5,2,2,-2,-2,-5,-2,-2
0,1,22111,22114,66333,66334,66335,66338,66339,66340,132667,132668,132669,132670,132671,132674,132675,132676,132677,132678,1,-1,2,-2,1,3,1,-1,-3,-1,2,2,5,2,2,-2,-2,-5,-2,-2
0,1,22113,22116,66339,66340,66341,66344,66345,66346,132679,132680,132681,132682,132683,132686,132687,132688,132689,132690,1,-1,2,-2,1,3,1,-1,-3,-1,2,2,5,2,2,-2,-2,-5,-2,-2
0,1,22115,22118,66345,66346,66347,66350,66351,66352,132691,132692,132693,132694,132695,132698,132699,132700,132701,132702,1,-1,2,-2,1,3,1,-1,-3,-1,2,2,5,2,2,-2,-2,-5,-2,-2
0,1,22117,22120,66351,66352,66353,66356,66357,66358,132703,132704,132705,132706,132707,132710,132711,132712,132713,132714,1,-1,2,-2,1,3,1,-1,-3,-1,2,2,5,2,2,-2,-2,-5,-2,-2
0,1,22119,22122,66357,66358,66359,66362,66363,66364,132715,132716,132717,132718,132719,132722,132723,132724,132725,132726,1,-1,2,-2,1,3,1,-1,-3,-1,2,2,5,2,2,-2,-2,-5,-2,-2
0,1,22121,22124,66363,66364,66365,66368,66369,66370,132727,132728,132729,132730,132731,132734,132735,132736,132737,132738,1,-1,2,-2,1,3,1,-1,-3,-1,2,2,5,2,2,-2,-2,-5,-2,-2
0,1,22123,22126,66369,66370,66371,66374,66375,66376,132739,132740,132741,132742,132743,132746,132747,132748,132749,132750,1,-1,2,-2,1,3,1,-1,-3,-1,2,2,5,2,2,-2,-2,-5,-2,-2
0,1,22125,22128,66375,66376,66377,66380,66381,66382,132751,132752,132753,132754,132755,132758,132759,132760,132761,132762,1,-1,2,-2,1,3,1,-1,-3,-1,2,2,5,2,2,-2,-2,-5,-2,-2
0,1,22127,22130,66381,66382,66383,66386,66387,66388,132763,132764,132765,132766,132767,132770,132771,132772,132773,132774,1,-1,2,-2,1,3,1,-1,-3,-1,2,2,5,2,2,-2,-2,-5,-2,-2
0,1,22129,22132,66387,66388,66389,66392,66393,66394,132775,132776,132777,132778,132779,132782,132783,132784,132785,132786,1,-1,2,-2,1,3,1,-1,-3,-1,2,2,5,2,2,-2,-2,-5,-2,-2
0,1,22131,22134,66393,66394,66395,66398,66399,66400,132787,132788,132789,132790,132791,132794,132795,132796,132797,132798,1,-1,2,-2,1,3,1,-1,-3,-1,2,2,5,2,2,-2,-2,-5,-2,-2
0,1,22133,22136,66399,66400,66401,66404,66405,66406,132799,132800,132801,132802,132803,132806,132807,132808,132809,132810,1,-1,2,-2,1,3,1,-1,-3,-1,2,2,5,2,2,-2,-2,-5,-2,-2
0,1,22135,22138,66405,66406,66407,66410,66411,66412,132811,132812,132813,132814,132815,132818,132819,132820,132821,132822,1,-1,2,-2,1,3,1,-1,-3,-1,2,2,5,2,2,-2,-2,-5,-2,-2
0,1,22137,22140,66411,66412,66413,66416,66417,66418,132823,132824,132825,132826,132827,132830,132831,132832,132833,132834,1,-1,2,-2,1,3,1,-1,-3,-1,2,2,5,2,2,-2,-2,-5,-2,-2
0,1,22139,22142,66417,66418,66419,66422,66423,66424,132835,132836,132837,132838,132839,132842,132843,132844,132845,132846,1,-1,2,-2,1,3,1,-1,-3,-1,2,2,5,2,2,-2,-2,-5,-2,-2
0,1,22141,22144,66423,66424,66425,66428,66429,66430,132847,132848,132849,132850,132851,132854,132855,132856,132857,132858,1,-1,2,-2,1,3,1,-1,-3,-1,2,2,5,2,2,-2,-2,-5,-2,-2
0,1,22143,22146,66429,66430,66431,66434,66435,66436,132859,132860,132861,132862,132863,132866,132867,132868,132869,132870,1,-1,2,-2,1,3,1,-1,-3,-1,2,2,5,2,2,-2,-2,-5,-2,-2
0,1,22145,22148,66435,66436,66437,66440,66441,66442,132871,132872,132873,132874,132875,132878,132879,132880,132881,132882,1,-1,2,-2,1,3,1,-1,-3,-1,2,2,5,2,2,-2,-2,-5,-2,-2
0,1,22147,22150,66441,66442,66443,66446,66447,66448,132883,132884,132885,132886,132887,132890,132891,132892,132893,132894,1,-1,2,-2,1,3,1,-1,-3,-1,2,2,5,2,2,-2,-2,-5,-2,-2
0,1,22149,22152,66447,66448,66449,66452,66453,66454,132895,132896,132897,132898,132899,132902,132903,132904,132905,132906,1,-1,2,-2,1,3,1,-1,-3,-1,2,2,5,2,2,-2,-2,-5,-2,-2
0,1,22151,22154,66453,66454,66455,66458,66459,66460,132907,132908,132909,132910,132911,132914,132915,132916,132917,132918,1,-1,2,-2,1,3,1,-1,-3,-1,2,2,5,2,2,-2,-2,-5,-2,-2
0,1,22153,22156,66459,66460,66461,66464,66465,66466,132919,132920,132921,132922,132923,132926,132927,132928,132929,132930,1,-1,2,-2,1,3,1,-1,-3,-1,2,2,5,2,2,-2,-2,-5,-2,-2
0,1,22155,22158,66465,66466,66467,66470,66471,66472,132931,132932,132933,132934,132935,132938,132939,132940,132941,132942,1,-1,2,-2,1,3,1,-1,-3,-1,2,2,5,2,2,-2,-2,-5,-2,-2
0,1,22157,22160,66471,66472,66473,66476,66477,66478,132943,132944,132945,132946,132947,132950,132951,132952,132953,132954,1,-1,2,-2,1,3,1,-1,-3,-1,2,2,5,2,2,-2,-2,-5,-2,-2
0,1,22159,22162,66477,66478,66479,66482,66483,66484,132955,132956,132957,132958,132959,132962,132963,132964,132965,132966,1,-1,2,-2,1,3,1,-1,-3,-1,2,2,5,2,2,-2,-2,-5,-2,-2
0,1,22161,22164,66483,66484,66485,66488,66489,66490,132967,132968,132969,132970,132971,132974,132975,132976,132977,132978,1,-1,2,-2,1,3,1,-1,-3,-1,2,2,5,2,2,-2,-2,-5,-2,-2
0,1,22163,22166,66489,66490,66491,66494,66495,66496,132979,132980,132981,132982,132983,132986,132987,132988,132989,132990,1,-1,2,-2,1,3,1,-1,-3,-1,2,2,5,2,2,-2,-2,-5,-2,-2
0,1,22165,22168,66495,66496,66497,66500,66501,66502,132991,132992,132993,132994,132995,132998,132999,133000,133001,133002,1,-1,2,-2,1,3,1,-1,-3,-1,2,2,5,2,2,-2,-2,-5,-2,-2
0,1,22167,22170,66501,66502,66503,66506,66507,66508,133003,133004,133005,133006,133007,133010,133011,133012,133013,133014,1,-1,2,-2,1,3,1,-1,-3,-1,2,2,5,2,2,-2,-2,-5,-2,-2
0,1,22169,22172,66507,66508,66509,66512,66513,66514,133015,133016,133017,133018,133019,133022,133023,133024,133025,133026,1,-1,2,-2,1,3,1,-1,-3,-1,2,2,5,2,2,-2,-2,-5,-2,-2
0,1,22171,22174,66513,66514,66515,66518,66519,66520,133027,133028,133029,133030,133031,133034,133035,133036,133037,133038,1,-1,2,-2,1,3,1,-1,-3,-1,2,2,5,2,2,-2,-2,-5,-2,-2
0,1,22173,22176,66519,66520,66521,66524,66525,66526,133039,133040,133041,133042,133043,133046,133047,133048,133049,133050,1,-1,2,-2,1,3,1,-1,-3,-1,2,2,5,2,2,-2,-2,-5,-2,-2
0,1,22175,22178,66525,66526,66527,66530,66531,66532,133051,133052,133053,133054,133055,133058,133059,133060,133061,133062,1,-1,2,-2,1,3,1,-1,-3,-1,2,2,5,2,2,-2,-2,-5,-2,-2
0,1,22177,22180,66531,66532,66533,66536,66537,66538,133063,133064,133065,133066,133067,133070,133071,133072,133073,133074,1,-1,2,-2,1,3,1,-1,-3,-1,2,2,5,2,2,-2,-2,-5,-2,-2
0,1,22179,22182,66537,66538,66539,66542,66543,66544,133075,133076,133077,133078,133079,133082,133083,133084,133085,133086,1,-1,2,-2,1,3,1,-1,-3,-1,2,2,5,2,2,-2,-2,-5,-2,-2
0,1,22181,22184,66543,66544,66545,66548,66549,66550,133087,133088,133089,133090,133091,133094,133095,133096,133097,133098,1,-1,2,-2,1,3,1,-1,-3,-1,2,2,5,2,2,-2,-2,-5,-2,-2
0,1,22183,22186,66549,66550,66551,66554,66555,66556,133099,133100,133101,133102,133103,133106,133107,133108,133109,133110,1,-1,2,-2,1,3,1,-1,-3,-1,2,2,5,2,2,-2,-2,-5,-2,-2
0,1,22185,22188,66555,66556,66557,66560,66561,66562,133111,133112,133113,133114,133115,133118,133119,133120,133121,133122,1,-1,2,-2,1,3,1,-1,-3,-1,2,2,5,2,2,-2,-2,-5,-2,-2
0,1,22187,22190,66561,66562,66563,66566,66567,66568,133123,133124,133125,133126,133127,133130,133131,133132,133133,133134,1,-1,2,-2,1,3,1,-1,-3,-1,2,2,5,2,2,-2,-2,-5,-2,-2
0,1,22189,22192,66567,66568,66569,66572,66573,66574,133135,133136,133137,133138,133139,133142,133143,133144,133145,133146,1,-1,2,-2,1,3,1,-1,-3,-1,2,2,5,2,2,-2,-2,-5,-2,-2
0,1,22191,22194,66573,66574,66575,66578,66579,66580,133147,133148,133149,133150,133151,133154,133155,133156,133157,133158,1,-1,2,-2,1,3,1,-1,-3,-1,2,2,5,2,2,-2,-2,-5,-2,-2
0,1,22193,22196,66579,66580,66581,66584,66585,66586,133159,133160,133161,133162,133163,133166,133167,133168,133169,133170,1,-1,2,-2,1,3,1,-1,-3,-1,2,2,5,2,2,-2,-2,-5,-2,-2
0,1,22195,22198,66585,66586,66587,66590,66591,66592,133171,133172,133173,133174,133175,133178,133179,133180,133181,133182,1,-1,2,-2,1,3,1,-1,-3,-1,2,2,5,2,2,-2,-2,-5,-2,-2
0,1,22197,22200,66591,66592,66593,66596,66597,66598,133183,133184,133185,133186,133187,133190,133191,133192,133193,133194,1,-1,2,-2,1,3,1,-1,-3,-1,2,2,5,2,2,-2,-2,-5,-2,-2
0,1,22199,22202,66597,66598,66599,66602,66603,66604,133195,133196,133197,133198,133199,133202,133203,133204,133205,133206,1,-1,2,-2,1,3,1,-1,-3,-1,2,2,5,2,2,-2,-2,-5,-2,-2
0,1,22201,22204,66603,66604,66605,66608,66609,66610,133207,133208,133209,133210,133211,133214,133215,133216,133217,133218,1,-1,2,-2,1,3,1,-1,-3,-1,2,2,5,2,2,-2,-2,-5,-2,-2
0,1,22203,22206,66609,66610,66611,66614,66615,66616,133219,133220,133221,133222,133223,133226,133227,133228,133229,133230,1,-1,2,-2,1,3,1,-1,-3,-1,2,2,5,2,2,-2,-2,-5,-2,-2
0,1,22205,22208,66615,66616,66617,66620,66621,66622,133231,133232,133233,133234,133235,133238,133239,133240,133241,133242,1,-1,2,-2,1,3,1,-1,-3,-1,2,2,5,2,2,-2,-2,-5,-2,-2
0,1,22207,22210,66621,66622,66623,66626,66627,66628,133243,133244,133245,133246,133247,133250,133251,133252,133253,133254,1,-1,2,-2,1,3,1,-1,-3,-1,2,2,5,2,2,-2,-2,-5,-2,-2
0,1,22209,22212,66627,66628,66629,66632,66633,66634,133255,133256,133257,133258,133259,133262,133263,133264,133265,133266,1,-1,2,-2,1,3,1,-1,-3,-1,2,2,5,2,2,-2,-2,-5,-2,-2
0,1,22211,22214,66633,66634,66635,66638,66639,66640,133267,133268,133269,133270,133271,133274,133275,133276,133277,133278,1,-1,2,-2,1,3,1,-1,-3,-1,2,2,5,2,2,-2,-2,-5,-2,-2
0,1,22213,22216,66639,66640,66641,66644,66645,66646,133279,133280,133281,133282,133283,133286,133287,133288,133289,133290,1,-1,2,-2,1,3,1,-1,-3,-1,2,2,5,2,2,-2,-2,-5,-2,-2
0,1,22215,22218,66645,66646,66647,66650,66651,66652,133291,133292,133293,133294,133295,133298,133299,133300,133301,133302,1,-1,2,-2,1,3,1,-1,-3,-1,2,2,5,2,2,-2,-2,-5,-2,-2
0,1,22217,22220,66651,66652,66653,66656,66657,66658,133303,133304,133305,133306,133307,133310,133311,133312,133313,133314,1,-1,2,-2,1,3,1,-1,-3,-1,2,2,5,2,2,-2,-2,-5,-2,-2
0,1,22219,22222,66657,66658,66659,66662,66663,66664,133315,133316,133317,133318,133319,133322,133323,133324,133325,133326,1,-1,2,-2,1,3,1,-1,-3,-1,2,2,5,2,2,-2,-2,-5,-2,-2
0,1,22221,22224,66663,66664,66665,66668,66669,66670,133327,133328,133329,133330,133331,133334,133335,133336,133337,133338,1,-1,2,-2,1,3,1,-1,-3,-1,2,2,5,2,2,-2,-2,-5,-2,-2
0,1,22223,22226,66669,66670,66671,66674,66675,66676,133339,133340,133341,133342,133343,133346,133347,133348,133349,133350,1,-1,2,-2,1,3,1,-1,-3,-1,2,2,5,2,2,-2,-2,-5,-2,-2
0,1,22225,22228,66675,66676,66677,66680,66681,66682,133351,133352,133353,133354,133355,133358,133359,133360,133361,133362,1,-1,2,-2,1,3,1,-1,-3,-1,2,2,5,2,2,-2,-2,-5,-2,-2
0,1,22227,22230,66681,66682,66683,66686,66687,66688,133363,133364,133365,133366,133367,133370,133371,133372,133373,133374,1,-1,2,-2,1,3,1,-1,-3,-1,2,2,5,2,2,-2,-2,-5,-2,-2
0,1,22229,22232,66687,66688,66689,66692,66693,66694,133375,133376,133377,133378,133379,133382,133383,133384,133385,133386,1,-1,2,-2,1,3,1,-1,-3,-1,2,2,5,2,2,-2,-2,-5,-2,-2
0,1,22231,22234,66693,66694,66695,66698,66699,66700,133387,133388,133389,133390,133391,133394,133395,133396,133397,133398,1,-1,2,-2,1,3,1,-1,-3,-1,2,2,5,2,2,-2,-2,-5,-2,-2
0,1,22233,22236,66699,66700,66701,66704,66705,66706,133399,133400,133401,133402,133403,133406,133407,133408,133409,133410,1,-1,2,-2,1,3,1,-1,-3,-1,2,2,5,2,2,-2,-2,-5,-2,-2
0,1,22235,22238,66705,66706,66707,66710,66711,66712,133411,133412,133413,133414,133415,133418,133419,133420,133421,133422,1,-1,2,-2,1,3,1,-1,-3,-1,2,2,5,2,2,-2,-2,-5,-2,-2
0,1,22237,22240,66711,66712,66713,66716,66717,66718,133423,133424,133425,133426,133427,133430,133431,133432,133433,133434,1,-1,2,-2,1,3,1,-1,-3,-1,2,2,5,2,2,-2,-2,-5,-2,-2
0,1,22239,22242,66717,66718,66719,66722,66723,66724,133435,133436,133437,133438,133439,133442,133443,133444,133445,133446,1,-1,2,-2,1,3,1,-1,-3,-1,2,2,5,2,2,-2,-2,-5,-2,-2
0,1,22241,22244,66723,66724,66725,66728,66729,66730,133447,133448,133449,133450,133451,133454,133455,133456,133457,133458,1,-1,2,-2,1,3,1,-1,-3,-1,2,2,5,2,2,-2,-2,-5,-2,-2
0,1,22243,22246,66729,66730,66731,66734,66735,66736,133459,133460,133461,133462,133463,133466,133467,133468,133469,133470,1,-1,2,-2,1,3,1,-1,-3,-1,2,2,5,2,2,-2,-2,-5,-2,-2
0,1,22245,22248,66735,66736,66737,66740,66741,66742,133471,133472,133473,133474,133475,133478,133479,133480,133481,133482,1,-1,2,-2,1,3,1,-1,-3,-1,2,2,5,2,2,-2,-2,-5,-2,-2
0,1,22247,22250,66741,66742,66743,66746,66747,66748,133483,133484,133485,133486,133487,133490,133491,133492,133493,133494,1,-1,2,-2,1,3,1,-1,-3,-1,2,2,5,2,2,-2,-2,-5,-2,-2
0,1,22249,22252,66747,66748,66749,66752,66753,66754,133495,133496,133497,133498,133499,133502,133503,133504,133505,133506,1,-1,2,-2,1,3,1,-1,-3,-1,2,2,5,2,2,-2,-2,-5,-2,-2
0,1,22251,22254,66753,66754,66755,66758,66759,66760,133507,133508,133509,133510,133511,133514,133515,133516,133517,133518,1,-1,2,-2,1,3,1,-1,-3,-1,2,2,5,2,2,-2,-2,-5,-2,-2
0,1,22253,22256,66759,66760,66761,66764,66765,66766,133519,133520,133521,133522,133523,133526,133527,133528,133529,133530,1,-1,2,-2,1,3,1,-1,-3,-1,2,2,5,2,2,-2,-2,-5,-2,-2
0,1,22255,22258,66765,66766,66767,66770,66771,66772,133531,133532,133533,133534,133535,133538,133539,133540,133541,133542,1,-1,2,-2,1,3,1,-1,-3,-1,2,2,5,2,2,-2,-2,-5,-2,-2
0,1,22257,22260,66771,66772,66773,66776,66777,66778,133543,133544,133545,133546,133547,133550,133551,133552,133553,133554,1,-1,2,-2,1,3,1,-1,-3,-1,2,2,5,2,2,-2,-2,-5,-2,-2
0,1,22259,22262,66777,66778,66779,66782,66783,66784,133555,133556,133557,133558,133559,133562,133563,133564,133565,133566,1,-1,2,-2,1,3,1,-1,-3,-1,2,2,5,2,2,-2,-2,-5,-2,-2
0,1,22261,22264,66783,66784,66785,66788,66789,66790,133567,133568,133569,133570,133571,133574,133575,133576,133577,133578,1,-1,2,-2,1,3,1,-1,-3,-1,2,2,5,2,2,-2,-2,-5,-2,-2
0,1,22263,22266,66789,66790,66791,66794,66795,66796,133579,133580,133581,133582,133583,133586,133587,133588,133589,133590,1,-1,2,-2,1,3,1,-1,-3,-1,2,2,5,2,2,-2,-2,-5,-2,-2
0,1,22265,22268,66795,66796,66797,66800,66801,66802,133591,133592,133593,133594,133595,133598,133599,133600,133601,133602,1,-1,2,-2,1,3,1,-1,-3,-1,2,2,5,2,2,-2,-2,-5,-2,-2
0,1,22267,22270,66801,66802,66803,66806,66807,66808,133603,133604,133605,133606,133607,133610,133611,133612,133613,133614,1,-1,2,-2,1,3,1,-1,-3,-1,2,2,5,2,2,-2,-2,-5,-2,-2
0,1,22269,22272,66807,66808,66809,66812,66813,66814,133615,133616,133617,133618,133619,133622,133623,133624,133625,133626,1,-1,2,-2,1,3,1,-1,-3,-1,2,2,5,2,2,-2,-2,-5,-2,-2
0,1,22271,22274,66813,66814,66815,66818,66819,66820,133627,133628,133629,133630,133631,133634,133635,133636,133637,133638,1,-1,2,-2,1,3,1,-1,-3,-1,2,2,5,2,2,-2,-2,-5,-2,-2
0,1,22273,22276,66819,66820,66821,66824,66825,66826,133639,133640,133641,133642,133643,133646,133647,133648,133649,133650,1,-1,2,-2,1,3,1,-1,-3,-1,2,2,5,2,2,-2,-2,-5,-2,-2
0,1,22275,22278,66825,66826,66827,66830,66831,66832,133651,133652,133653,133654,133655,133658,133659,133660,133661,133662,1,-1,2,-2,1,3,1,-1,-3,-1,2,2,5,2,2,-2,-2,-5,-2,-2
0,1,22277,22280,66831,66832,66833,66836,66837,66838,133663,133664,133665,133666,133667,133670,133671,133672,133673,133674,1,-1,2,-2,1,3,1,-1,-3,-1,2,2,5,2,2,-2,-2,-5,-2,-2
0,1,22279,22282,66837,66838,66839,66842,66843,66844,133675,133676,133677,133678,133679,133682,133683,133684,133685,133686,1,-1,2,-2,1,3,1,-1,-3,-1,2,2,5,2,2,-2,-2,-5,-2,-2
0,1,22281,22284,66843,66844,66845,66848,66849,66850,133687,133688,133689,133690,133691,133694,133695,133696,133697,133698,1,-1,2,-2,1,3,1,-1,-3,-1,2,2,5,2,2,-2,-2,-5,-2,-2
0,1,22283,22286,66849,66850,66851,66854,66855,66856,133699,133700,133701,133702,133703,133706,133707,133708,133709,133710,1,-1,2,-2,1,3,1,-1,-3,-1,2,2,5,2,2,-2,-2,-5,-2,-2
0,1,22285,22288,66855,66856,66857,66860,66861,66862,133711,133712,133713,133714,133715,133718,133719,133720,133721,133722,1,-1,2,-2,1,3,1,-1,-3,-1,2,2,5,2,2,-2,-2,-5,-2,-2
0,1,22287,22290,66861,66862,66863,66866,66867,66868,133723,133724,133725,133726,133727,133730,133731,133732,133733,133734,1,-1,2,-2,1,3,1,-1,-3,-1,2,2,5,2,2,-2,-2,-5,-2,-2
0,1,22289,22292,66867,66868,66869,66872,66873,66874,133735,133736,133737,133738,133739,133742,133743,133744,133745,133746,1,-1,2,-2,1,3,1,-1,-3,-1,2,2,5,2,2,-2,-2,-5,-2,-2
0,1,22291,22294,66873,66874,66875,66878,66879,66880,133747,133748,133749,133750,133751,133754,133755,133756,133757,133758,1,-1,2,-2,1,3,1,-1,-3,-1,2,2,5,2,2,-2,-2,-5,-2,-2
0,1,22293,22296,66879,66880,66881,66884,66885,66886,133759,133760,133761,133762,133763,133766,133767,133768,133769,133770,1,-1,2,-2,1,3,1,-1,-3,-1,2,2,5,2,2,-2,-2,-5,-2,-2
0,1,22295,22298,66885,66886,66887,66890,66891,66892,133771,133772,133773,133774,133775,133778,133779,133780,133781,133782,1,-1,2,-2,1,3,1,-1,-3,-1,2,2,5,2,2,-2,-2,-5,-2,-2
0,1,22297,22300,66891,66892,66893,66896,66897,66898,133783,133784,133785,133786,133787,133790,133791,133792,133793,133794,1,-1,2,-2,1,3,1,-1,-3,-1,2,2,5,2,2,-2,-2,-5,-2,-2
0,1,22299,22302,66897,66898,66899,66902,66903,66904,133795,133796,133797,133798,133799,133802,133803,133804,133805,133806,1,-1,2,-2,1,3,1,-1,-3,-1,2,2,5,2,2,-2,-2,-5,-2,-2
0,1,22301,22304,66903,66904,66905,66908,66909,66910,133807,133808,133809,133810,133811,133814,133815,133816,133817,133818,1,-1,2,-2,1,3,1,-1,-3,-1,2,2,5,2,2,-2,-2,-5,-2,-2
0,1,22303,22306,66909,66910,66911,66914,66915,66916,133819,133820,133821,133822,133823,133826,133827,133828,133829,133830,1,-1,2,-2,1,3,1,-1,-3,-1,2,2,5,2,2,-2,-2,-5,-2,-2
0,1,22305,22308,66915,66916,66917,66920,66921,66922,133831,133832,133833,133834,133835,133838,133839,133840,133841,133842,1,-1,2,-2,1,3,1,-1,-3,-1,2,2,5,2,2,-2,-2,-5,-2,-2
0,1,22307,22310,66921,66922,66923,66926,66927,66928,133843,133844,133845,133846,133847,133850,133851,133852,133853,133854,1,-1,2,-2,1,3,1,-1,-3,-1,2,2,5,2,2,-2,-2,-5,-2,-2
0,1,22309,22312,66927,66928,66929,66932,66933,66934,133855,133856,133857,133858,133859,133862,133863,133864,133865,133866,1,-1,2,-2,1,3,1,-1,-3,-1,2,2,5,2,2,-2,-2,-5,-2,-2
0,1,22311,22314,66933,66934,66935,66938,66939,66940,133867,133868,133869,133870,133871,133874,133875,133876,133877,133878,1,-1,2,-2,1,3,1,-1,-3,-1,2,2,5,2,2,-2,-2,-5,-2,-2
0,1,22313,22316,66939,66940,66941,66944,66945,66946,133879,133880,133881,133882,133883,133886,133887,133888,133889,133890,1,-1,2,-2,1,3,1,-1,-3,-1,2,2,5,2,2,-2,-2,-5,-2,-2
0,1,22315,22318,66945,66946,66947,66950,66951,66952,133891,133892,133893,133894,133895,133898,133899,133900,133901,133902,1,-1,2,-2,1,3,1,-1,-3,-1,2,2,5,2,2,-2,-2,-5,-2,-2
0,1,22317,22320,66951,66952,66953,66956,66957,66958,133903,133904,133905,133906,133907,133910,133911,133912,133913,133914,1,-1,2,-2,1,3,1,-1,-3,-1,2,2,5,2,2,-2,-2,-5,-2,-2
0,1,22319,22322,66957,66958,66959,66962,66963,66964,133915,133916,133917,133918,133919,133922,133923,133924,133925,133926,1,-1,2,-2,1,3,1,-1,-3,-1,2,2,5,2,2,-2,-2,-5,-2,-2
0,1,22321,22324,66963,66964,66965,66968,66969,66970,133927,133928,133929,133930,133931,133934,133935,133936,133937,133938,1,-1,2,-2,1,3,1,-1,-3,-1,2,2,5,2,2,-2,-2,-5,-2,-2
0,1,22323,22326,66969,66970,66971,66974,66975,66976,133939,133940,133941,133942,133943,133946,133947,133948,133949,133950,1,-1,2,-2,1,3,1,-1,-3,-1,2,2,5,2,2,-2,-2,-5,-2,-2
0,1,22325,22328,66975,66976,66977,66980,66981,66982,133951,133952,133953,133954,133955,133958,133959,133960,133961,133962,1,-1,2,-2,1,3,1,-1,-3,-1,2,2,5,2,2,-2,-2,-5,-2,-2
0,1,22327,22330,66981,66982,66983,66986,66987,66988,133963,133964,133965,133966,133967,133970,133971,133972,133973,133974,1,-1,2,-2,1,3,1,-1,-3,-1,2,2,5,2,2,-2,-2,-5,-2,-2
0,1,22329,22332,66987,66988,66989,66992,66993,66994,133975,133976,133977,133978,133979,133982,133983,133984,133985,133986,1,-1,2,-2,1,3,1,-1,-3,-1,2,2,5,2,2,-2,-2,-5,-2,-2
0,1,22331,22334,66993,66994,66995,66998,66999,67000,133987,133988,133989,133990,133991,133994,133995,133996,133997,133998,1,-1,2,-2,1,3,1,-1,-3,-1,2,2,5,2,2,-2,-2,-5,-2,-2
0,1,22333,22336,66999,67000,67001,67004,67005,67006,133999,134000,134001,134002,134003,134006,134007,134008,134009,134010,1,-1,2,-2,1,3,1,-1,-3,-1,2,2,5,2,2,-2,-2,-5,-2,-2
0,1,22335,22338,67005,67006,67007,67010,67011,67012,134011,134012,134013,134014,134015,134018,134019,134020,134021,134022,1,-1,2,-2,1,3,1,-1,-3,-1,2,2,5,2,2,-2,-2,-5,-2,-2
0,1,22337,22340,67011,67012,67013,67016,67017,67018,134023,134024,134025,134026,134027,134030,134031,134032,134033,134034,1,-1,2,-2,1,3,1,-1,-3,-1,2,2,5,2,2,-2,-2,-5,-2,-2
0,1,22339,22342,67017,67018,67019,67022,67023,67024,134035,134036,134037,134038,134039,134042,134043,134044,134045,134046,1,-1,2,-2,1,3,1,-1,-3,-1,2,2,5,2,2,-2,-2,-5,-2,-2
0,1,22341,22344,67023,67024,67025,67028,67029,67030,134047,134048,134049,134050,134051,134054,134055,134056,134057,134058,1,-1,2,-2,1,3,1,-1,-3,-1,2,2,5,2,2,-2,-2,-5,-2,-2
0,1,22343,22346,67029,67030,67031,67034,67035,67036,134059,134060,134061,134062,134063,134066,134067,134068,134069,134070,1,-1,2,-2,1,3,1,-1,-3,-1,2,2,5,2,2,-2,-2,-5,-2,-2
0,1,22345,22348,67035,67036,67037,67040,67041,67042,134071,134072,134073,134074,134075,134078,134079,134080,134081,134082,1,-1,2,-2,1,3,1,-1,-3,-1,2,2,5,2,2,-2,-2,-5,-2,-2
0,1,22347,22350,67041,67042,67043,67046,67047,67048,134083,134084,134085,134086,134087,134090,134091,134092,134093,134094,1,-1,2,-2,1,3,1,-1,-3,-1,2,2,5,2,2,-2,-2,-5,-2,-2
0,1,22349,22352,67047,67048,67049,67052,67053,67054,134095,134096,134097,134098,134099,134102,134103,134104,134105,134106,1,-1,2,-2,1,3,1,-1,-3,-1,2,2,5,2,2,-2,-2,-5,-2,-2
0,1,22351,22354,67053,67054,67055,67058,67059,67060,134107,134108,134109,134110,134111,134114,134115,134116,134117,134118,1,-1,2,-2,1,3,1,-1,-3,-1,2,2,5,2,2,-2,-2,-5,-2,-2
0,1,22353,22356,67059,67060,67061,67064,67065,67066,134119,134120,134121,134122,134123,134126,134127,134128,134129,134130,1,-1,2,-2,1,3,1,-1,-3,-1,2,2,5,2,2,-2,-2,-5,-2,-2
0,1,22355,22358,67065,67066,67067,67070,67071,67072,134131,134132,134133,134134,134135,134138,134139,134140,134141,134142,1,-1,2,-2,1,3,1,-1,-3,-1,2,2,5,2,2,-2,-2,-5,-2,-2
0,1,22357,22360,67071,67072,67073,67076,67077,67078,134143,134144,134145,134146,134147,134150,134151,134152,134153,134154,1,-1,2,-2,1,3,1,-1,-3,-1,2,2,5,2,2,-2,-2,-5,-2,-2
0,1,22359,22362,67077,67078,67079,67082,67083,67084,134155,134156,134157,134158,134159,134162,134163,134164,134165,134166,1,-1,2,-2,1,3,1,-1,-3,-1,2,2,5,2,2,-2,-2,-5,-2,-2
0,1,22361,22364,67083,67084,67085,67088,67089,67090,134167,134168,134169,134170,134171,134174,134175,134176,134177,134178,1,-1,2,-2,1,3,1,-1,-3,-1,2,2,5,2,2,-2,-2,-5,-2,-2
0,1,22363,22366,67089,67090,67091,67094,67095,67096,134179,134180,134181,134182,134183,134186,134187,134188,134189,134190,1,-1,2,-2,1,3,1,-1,-3,-1,2,2,5,2,2,-2,-2,-5,-2,-2
0,1,22365,22368,67095,67096,67097,67100,67101,67102,134191,134192,134193,134194,134195,134198,134199,134200,134201,134202,1,-1,2,-2,1,3,1,-1,-3,-1,2,2,5,2,2,-2,-2,-5,-2,-2
0,1,22367,22370,67101,67102,67103,67106,67107,67108,134203,134204,134205,134206,134207,134210,134211,134212,134213,134214,1,-1,2,-2,1,3,1,-1,-3,-1,2,2,5,2,2,-2,-2,-5,-2,-2
0,1,22369,22372,67107,67108,67109,67112,67113,67114,134215,134216,134217,134218,134219,134222,134223,134224,134225,134226,1,-1,2,-2,1,3,1,-1,-3,-1,2,2,5,2,2,-2,-2,-5,-2,-2
0,1,22371,22374,67113,67114,67115,67118,67119,67120,134227,134228,134229,134230,134231,134234,134235,134236,134237,134238,1,-1,2,-2,1,3,1,-1,-3,-1,2,2,5,2,2,-2,-2,-5,-2,-2
0,1,22373,22376,67119,67120,67121,67124,67125,67126,134239,134240,134241,134242,134243,134246,134247,134248,134249,134250,1,-1,2,-2,1,3,1,-1,-3,-1,2,2,5,2,2,-2,-2,-5,-2,-2
0,1,22375,22378,67125,67126,67127,67130,67131,67132,134251,134252,134253,134254,134255,134258,134259,134260,134261,134262,1,-1,2,-2,1,3,1,-1,-3,-1,2,2,5,2,2,-2,-2,-5,-2,-2
0,1,22377,22380,67131,67132,67133,67136,67137,67138,134263,134264,134265,134266,134267,134270,134271,134272,134273,134274,1,-1,2,-2,1,3,1,-1,-3,-1,2,2,5,2,2,-2,-2,-5,-2,-2
0,1,22379,22382,67137,67138,67139,67142,67143,67144,134275,134276,134277,134278,134279,134282,134283,134284,134285,134286,1,-1,2,-2,1,3,1,-1,-3,-1,2,2,5,2,2,-2,-2,-5,-2,-2
0,1,22381,22384,67143,67144,67145,67148,67149,67150,134287,134288,134289,134290,134291,134294,134295,134296,134297,134298,1,-1,2,-2,1,3,1,-1,-3,-1,2,2,5,2,2,-2,-2,-5,-2,-2
0,1,22383,22386,67149,67150,67151,67154,67155,67156,134299,134300,134301,134302,134303,134306,134307,134308,134309,134310,1,-1,2,-2,1,3,1,-1,-3,-1,2,2,5,2,2,-2,-2,-5,-2,-2
0,1,22385,22388,67155,67156,67157,67160,67161,67162,134311,134312,134313,134314,134315,134318,134319,134320,134321,134322,1,-1,2,-2,1,3,1,-1,-3,-1,2,2,5,2,2,-2,-2,-5,-2,-2
0,1,22387,22390,67161,67162,67163,67166,67167,67168,134323,134324,134325,134326,134327,134330,134331,134332,134333,134334,1,-1,2,-2,1,3,1,-1,-3,-1,2,2,5,2,2,-2,-2,-5,-2,-2
0,1,22389,22392,67167,67168,67169,67172,67173,67174,134335,134336,134337,134338,134339,134342,134343,134344,134345,134346,1,-1,2,-2,1,3,1,-1,-3,-1,2,2,5,2,2,-2,-2,-5,-2,-2
0,1,22391,22394,67173,67174,67175,67178,67179,67180,134347,134348,134349,134350,134351,134354,134355,134356,134357,134358,1,-1,2,-2,1,3,1,-1,-3,-1,2,2,5,2,2,-2,-2,-5,-2,-2
0,1,22393,22396,67179,67180,67181,67184,67185,67186,134359,134360,134361,134362,134363,134366,134367,134368,134369,134370,1,-1,2,-2,1,3,1,-1,-3,-1,2,2,5,2,2,-2,-2,-5,-2,-2
0,1,22395,22398,67185,67186,67187,67190,67191,67192,134371,134372,134373,134374,134375,134378,134379,134380,134381,134382,1,-1,2,-2,1,3,1,-1,-3,-1,2,2,5,2,2,-2,-2,-5,-2,-2
0,1,22397,22400,67191,67192,67193,67196,67197,67198,134383,134384,134385,134386,134387,134390,134391,134392,134393,134394,1,-1,2,-2,1,3,1,-1,-3,-1,2,2,5,2,2,-2,-2,-5,-2,-2
0,1,22399,22402,67197,67198,67199,67202,67203,67204,134395,134396,134397,134398,134399,134402,134403,134404,134405,134406,1,-1,2,-2,1,3,1,-1,-3,-1,2,2,5,2,2,-2,-2,-5,-2,-2
0,1,22401,22404,67203,67204,67205,67208,67209,67210,134407,134408,134409,134410,134411,134414,134415,134416,134417,134418,1,-1,2,-2,1,3,1,-1,-3,-1,2,2,5,2,2,-2,-2,-5,-2,-2
0,1,22403,22406,67209,67210,67211,67214,67215,67216,134419,134420,134421,134422,134423,134426,134427,134428,134429,134430,1,-1,2,-2,1,3,1,-1,-3,-1,2,2,5,2,2,-2,-2,-5,-2,-2
0,1,22405,22408,67215,67216,67217,67220,67221,67222,134431,134432,134433,134434,134435,134438,134439,134440,134441,134442,1,-1,2,-2,1,3,1,-1,-3,-1,2,2,5,2,2,-2,-2,-5,-2,-2
0,1,22407,22410,67221,67222,67223,67226,67227,67228,134443,134444,134445,134446,134447,134450,134451,134452,134453,134454,1,-1,2,-2,1,3,1,-1,-3,-1,2,2,5,2,2,-2,-2,-5,-2,-2
0,1,22409,22412,67227,67228,67229,67232,67233,67234,134455,134456,134457,134458,134459,134462,134463,134464,134465,134466,1,-1,2,-2,1,3,1,-1,-3,-1,2,2,5,2,2,-2,-2,-5,-2,-2
0,1,22411,22414,67233,67234,67235,67238,67239,67240,134467,134468,134469,134470,134471,134474,134475,134476,134477,134478,1,-1,2,-2,1,3,1,-1,-3,-1,2,2,5,2,2,-2,-2,-5,-2,-2
0,1,22413,22416,67239,67240,67241,67244,67245,67246,134479,134480,134481,134482,134483,134486,134487,134488,134489,134490,1,-1,2,-2,1,3,1,-1,-3,-1,2,2,5,2,2,-2,-2,-5,-2,-2
0,1,22415,22418,67245,67246,67247,67250,67251,67252,134491,134492,134493,134494,134495,134498,134499,134500,134501,134502,1,-1,2,-2,1,3,1,-1,-3,-1,2,2,5,2,2,-2,-2,-5,-2,-2
0,1,22417,22420,67251,67252,67253,67256,67257,67258,134503,134504,134505,134506,134507,134510,134511,134512,134513,134514,1,-1,2,-2,1,3,1,-1,-3,-1,2,2,5,2,2,-2,-2,-5,-2,-2
0,1,22419,22422,67257,67258,67259,67262,67263,67264,134515,134516,134517,134518,134519,134522,134523,134524,134525,134526,1,-1,2,-2,1,3,1,-1,-3,-1,2,2,5,2,2,-2,-2,-5,-2,-2
0,1,22421,22424,67263,67264,67265,67268,67269,67270,134527,134528,134529,134530,134531,134534,134535,134536,134537,134538,1,-1,2,-2,1,3,1,-1,-3,-1,2,2,5,2,2,-2,-2,-5,-2,-2
0,1,22423,22426,67269,67270,67271,67274,67275,67276,134539,134540,134541,134542,134543,134546,134547,134548,134549,134550,1,-1,2,-2,1,3,1,-1,-3,-1,2,2,5,2,2,-2,-2,-5,-2,-2
0,1,22425,22428,67275,67276,67277,67280,67281,67282,134551,134552,134553,134554,134555,134558,134559,134560,134561,134562,1,-1,2,-2,1,3,1,-1,-3,-1,2,2,5,2,2,-2,-2,-5,-2,-2
0,1,22427,22430,67281,67282,67283,67286,67287,67288,134563,134564,134565,134566,134567,134570,134571,134572,134573,134574,1,-1,2,-2,1,3,1,-1,-3,-1,2,2,5,2,2,-2,-2,-5,-2,-2
0,1,22429,22432,67287,67288,67289,67292,67293,67294,134575,134576,134577,134578,134579,134582,134583,134584,134585,134586,1,-1,2,-2,1,3,1,-1,-3,-1,2,2,5,2,2,-2,-2,-5,-2,-2
0,1,22431,22434,67293,67294,67295,67298,67299,67300,134587,134588,134589,134590,134591,134594,134595,134596,134597,134598,1,-1,2,-2,1,3,1,-1,-3,-1,2,2,5,2,2,-2,-2,-5,-2,-2
0,1,22433,22436,67299,67300,67301,67304,67305,67306,134599,134600,134601,134602,134603,134606,134607,134608,134609,134610,1,-1,2,-2,1,3,1,-1,-3,-1,2,2,5,2,2,-2,-2,-5,-2,-2
0,1,22435,22438,67305,67306,67307,67310,67311,67312,134611,134612,134613,134614,134615,134618,134619,134620,134621,134622,1,-1,2,-2,1,3,1,-1,-3,-1,2,2,5,2,2,-2,-2,-5,-2,-2
0,1,22437,22440,67311,67312,67313,67316,67317,67318,134623,134624,134625,134626,134627,134630,134631,134632,134633,134634,1,-1,2,-2,1,3,1,-1,-3,-1,2,2,5,2,2,-2,-2,-5,-2,-2
0,1,22439,22442,67317,67318,67319,67322,67323,67324,134635,134636,134637,134638,134639,134642,134643,134644,134645,134646,1,-1,2,-2,1,3,1,-1,-3,-1,2,2,5,2,2,-2,-2,-5,-2,-2
0,1,22441,22444,67323,67324,67325,67328,67329,67330,134647,134648,134649,134650,134651,134654,134655,134656,134657,134658,1,-1,2,-2,1,3,1,-1,-3,-1,2,2,5,2,2,-2,-2,-5,-2,-2
0,1,22443,22446,67329,67330,67331,67334,67335,67336,134659,134660,134661,134662,134663,134666,134667,134668,134669,134670,1,-1,2,-2,1,3,1,-1,-3,-1,2,2,5,2,2,-2,-2,-5,-2,-2
0,1,22445,22448,67335,67336,67337,67340,67341,67342,134671,134672,134673,134674,134675,134678,134679,134680,134681,134682,1,-1,2,-2,1,3,1,-1,-3,-1,2,2,5,2,2,-2,-2,-5,-2,-2
0,1,22447,22450,67341,67342,67343,67346,67347,67348,134683,134684,134685,134686,134687,134690,134691,134692,134693,134694,1,-1,2,-2,1,3,1,-1,-3,-1,2,2,5,2,2,-2,-2,-5,-2,-2
0,1,22449,22452,67347,67348,67349,67352,67353,67354,134695,134696,134697,134698,134699,134702,134703,134704,134705,134706,1,-1,2,-2,1,3,1,-1,-3,-1,2,2,5,2,2,-2,-2,-5,-2,-2
0,1,22451,22454,67353,67354,67355,67358,67359,67360,134707,134708,134709,134710,134711,134714,134715,134716,134717,134718,1,-1,2,-2,1,3,1,-1,-3,-1,2,2,5,2,2,-2,-2,-5,-2,-2
0,1,22453,22456,67359,67360,67361,67364,67365,67366,134719,134720,134721,134722,134723,134726,134727,134728,134729,134730,1,-1,2,-2,1,3,1,-1,-3,-1,2,2,5,2,2,-2,-2,-5,-2,-2
0,1,22455,22458,67365,67366,67367,67370,67371,67372,134731,134732,134733,134734,134735,134738,134739,134740,134741,134742,1,-1,2,-2,1,3,1,-1,-3,-1,2,2,5,2,2,-2,-2,-5,-2,-2
0,1,22457,22460,67371,67372,67373,67376,67377,67378,134743,134744,134745,134746,134747,134750,134751,134752,134753,134754,1,-1,2,-2,1,3,1,-1,-3,-1,2,2,5,2,2,-2,-2,-5,-2,-2
0,1,22459,22462,67377,67378,67379,67382,67383,67384,134755,134756,134757,134758,134759,134762,134763,134764,134765,134766,1,-1,2,-2,1,3,1,-1,-3,-1,2,2,5,2,2,-2,-2,-5,-2,-2
0,1,22461,22464,67383,67384,67385,67388,67389,67390,134767,134768,134769,134770,134771,134774,134775,134776,134777,134778,1,-1,2,-2,1,3,1,-1,-3,-1,2,2,5,2,2,-2,-2,-5,-2,-2
0,1,22463,22466,67389,67390,67391,67394,67395,67396,134779,134780,134781,134782,134783,134786,134787,134788,134789,134790,1,-1,2,-2,1,3,1,-1,-3,-1,2,2,5,2,2,-2,-2,-5,-2,-2
0,1,22465,22468,67395,67396,67397,67400,67401,67402,134791,134792,134793,134794,134795,134798,134799,134800,134801,134802,1,-1,2,-2,1,3,1,-1,-3,-1,2,2,5,2,2,-2,-2,-5,-2,-2
0,1,22467,22470,67401,67402,67403,67406,67407,67408,134803,134804,134805,134806,134807,134810,134811,134812,134813,134814,1,-1,2,-2,1,3,1,-1,-3,-1,2,2,5,2,2,-2,-2,-5,-2,-2
0,1,22469,22472,67407,67408,67409,67412,67413,67414,134815,134816,134817,134818,134819,134822,134823,134824,134825,134826,1,-1,2,-2,1,3,1,-1,-3,-1,2,2,5,2,2,-2,-2,-5,-2,-2
0,1,22471,22474,67413,67414,67415,67418,67419,67420,134827,134828,134829,134830,134831,134834,134835,134836,134837,134838,1,-1,2,-2,1,3,1,-1,-3,-1,2,2,5,2,2,-2,-2,-5,-2,-2
0,1,22473,22476,67419,67420,67421,67424,67425,67426,134839,134840,134841,134842,134843,134846,134847,134848,134849,134850,1,-1,2,-2,1,3,1,-1,-3,-1,2,2,5,2,2,-2,-2,-5,-2,-2
0,1,22475,22478,67425,67426,67427,67430,67431,67432,134851,134852,134853,134854,134855,134858,134859,134860,134861,134862,1,-1,2,-2,1,3,1,-1,-3,-1,2,2,5,2,2,-2,-2,-5,-2,-2
0,1,22477,22480,67431,67432,67433,67436,67437,67438,134863,134864,134865,134866,134867,134870,134871,134872,134873,134874,1,-1,2,-2,1,3,1,-1,-3,-1,2,2,5,2,2,-2,-2,-5,-2,-2
0,1,22479,22482,67437,67438,67439,67442,67443,67444,134875,134876,134877,134878,134879,134882,134883,134884,134885,134886,1,-1,2,-2,1,3,1,-1,-3,-1,2,2,5,2,2,-2,-2,-5,-2,-2
0,1,22481,22484,67443,67444,67445,67448,67449,67450,134887,134888,134889,134890,134891,134894,134895,134896,134897,134898,1,-1,2,-2,1,3,1,-1,-3,-1,2,2,5,2,2,-2,-2,-5,-2,-2
0,1,22483,22486,67449,67450,67451,67454,67455,67456,134899,134900,134901,134902,134903,134906,134907,134908,134909,134910,1,-1,2,-2,1,3,1,-1,-3,-1,2,2,5,2,2,-2,-2,-5,-2,-2
0,1,22485,22488,67455,67456,67457,67460,67461,67462,134911,134912,134913,134914,134915,134918,134919,134920,134921,134922,1,-1,2,-2,1,3,1,-1,-3,-1,2,2,5,2,2,-2,-2,-5,-2,-2
0,1,22487,22490,67461,67462,67463,67466,67467,67468,134923,134924,134925,134926,134927,134930,134931,134932,134933,134934,1,-1,2,-2,1,3,1,-1,-3,-1,2,2,5,2,2,-2,-2,-5,-2,-2
0,1,22489,22492,67467,67468,67469,67472,67473,67474,134935,134936,134937,134938,134939,134942,134943,134944,134945,134946,1,-1,2,-2,1,3,1,-1,-3,-1,2,2,5,2,2,-2,-2,-5,-2,-2
0,1,22491,22494,67473,67474,67475,67478,67479,67480,134947,134948,134949,134950,134951,134954,134955,134956,134957,134958,1,-1,2,-2,1,3,1,-1,-3,-1,2,2,5,2,2,-2,-2,-5,-2,-2
0,1,22493,22496,67479,67480,67481,67484,67485,67486,134959,134960,134961,134962,134963,134966,134967,134968,134969,134970,1,-1,2,-2,1,3,1,-1,-3,-1,2,2,5,2,2,-2,-2,-5,-2,-2
0,1,22495,22498,67485,67486,67487,67490,67491,67492,134971,134972,134973,134974,134975,134978,134979,134980,134981,134982,1,-1,2,-2,1,3,1,-1,-3,-1,2,2,5,2,2,-2,-2,-5,-2,-2
0,1,22497,22500,67491,67492,67493,67496,67497,67498,134983,134984,134985,134986,134987,134990,134991,134992,134993,134994,1,-1,2,-2,1,3,1,-1,-3,-1,2,2,5,2,2,-2,-2,-5,-2,-2
0,1,22499,22502,67497,67498,67499,67502,67503,67504,134995,134996,134997,134998,134999,135002,135003,135004,135005,135006,1,-1,2,-2,1,3,1,-1,-3,-1,2,2,5,2,2,-2,-2,-5,-2,-2
0,1,22501,22504,67503,67504,67505,67508,67509,67510,135007,135008,135009,135010,135011,135014,135015,135016,135017,135018,1,-1,2,-2,1,3,1,-1,-3,-1,2,2,5,2,2,-2,-2,-5,-2,-2
0,1,22503,22506,67509,67510,67511,67514,67515,67516,135019,135020,135021,135022,135023,135026,135027,135028,135029,135030,1,-1,2,-2,1,3,1,-1,-3,-1,2,2,5,2,2,-2,-2,-5,-2,-2
0,1,22505,22508,67515,67516,67517,67520,67521,67522,135031,135032,135033,135034,135035,135038,135039,135040,135041,135042,1,-1,2,-2,1,3,1,-1,-3,-1,2,2,5,2,2,-2,-2,-5,-2,-2
0,1,22507,22510,67521,67522,67523,67526,67527,67528,135043,135044,135045,135046,135047,135050,135051,135052,135053,135054,1,-1,2,-2,1,3,1,-1,-3,-1,2,2,5,2,2,-2,-2,-5,-2,-2
0,1,22509,22512,67527,67528,67529,67532,67533,67534,135055,135056,135057,135058,135059,135062,135063,135064,135065,135066,1,-1,2,-2,1,3,1,-1,-3,-1,2,2,5,2,2,-2,-2,-5,-2,-2
0,1,22511,22514,67533,67534,67535,67538,67539,67540,135067,135068,135069,135070,135071,135074,135075,135076,135077,135078,1,-1,2,-2,1,3,1,-1,-3,-1,2,2,5,2,2,-2,-2,-5,-2,-2
0,1,22513,22516,67539,67540,67541,67544,67545,67546,135079,135080,135081,135082,135083,135086,135087,135088,135089,135090,1,-1,2,-2,1,3,1,-1,-3,-1,2,2,5,2,2,-2,-2,-5,-2,-2
0,1,22515,22518,67545,67546,67547,67550,67551,67552,135091,135092,135093,135094,135095,135098,135099,135100,135101,135102,1,-1,2,-2,1,3,1,-1,-3,-1,2,2,5,2,2,-2,-2,-5,-2,-2
0,1,22517,22520,67551,67552,67553,67556,67557,67558,135103,135104,135105,135106,135107,135110,135111,135112,135113,135114,1,-1,2,-2,1,3,1,-1,-3,-1,2,2,5,2,2,-2,-2,-5,-2,-2
0,1,22519,22522,67557,67558,67559,67562,67563,67564,135115,135116,135117,135118,135119,135122,135123,135124,135125,135126,1,-1,2,-2,1,3,1,-1,-3,-1,2,2,5,2,2,-2,-2,-5,-2,-2
0,1,22521,22524,67563,67564,67565,67568,67569,67570,135127,135128,135129,135130,135131,135134,135135,135136,135137,135138,1,-1,2,-2,1,3,1,-1,-3,-1,2,2,5,2,2,-2,-2,-5,-2,-2
0,1,22523,22526,67569,67570,67571,67574,67575,67576,135139,135140,135141,135142,135143,135146,135147,135148,135149,135150,1,-1,2,-2,1,3,1,-1,-3,-1,2,2,5,2,2,-2,-2,-5,-2,-2
0,1,22525,22528,67575,67576,67577,67580,67581,67582,135151,135152,135153,135154,135155,135158,135159,135160,135161,135162,1,-1,2,-2,1,3,1,-1,-3,-1,2,2,5,2,2,-2,-2,-5,-2,-2
0,1,22527,22530,67581,67582,67583,67586,67587,67588,135163,135164,135165,135166,135167,135170,135171,135172,135173,135174,1,-1,2,-2,1,3,1,-1,-3,-1,2,2,5,2,2,-2,-2,-5,-2,-2
0,1,22529,22532,67587,67588,67589,67592,67593,67594,135175,135176,135177,135178,135179,135182,135183,135184,135185,135186,1,-1,2,-2,1,3,1,-1,-3,-1,2,2,5,2,2,-2,-2,-5,-2,-2
0,1,22531,22534,67593,67594,67595,67598,67599,67600,135187,135188,135189,135190,135191,135194,135195,135196,135197,135198,1,-1,2,-2,1,3,1,-1,-3,-1,2,2,5,2,2,-2,-2,-5,-2,-2
0,1,22533,22536,67599,67600,67601,67604,67605,67606,135199,135200,135201,135202,135203,135206,135207,135208,135209,135210,1,-1,2,-2,1,3,1,-1,-3,-1,2,2,5,2,2,-2,-2,-5,-2,-2
0,1,22535,22538,67605,67606,67607,67610,67611,67612,135211,135212,135213,135214,135215,135218,135219,135220,135221,135222,1,-1,2,-2,1,3,1,-1,-3,-1,2,2,5,2,2,-2,-2,-5,-2,-2
0,1,22537,22540,67611,67612,67613,67616,67617,67618,135223,135224,135225,135226,135227,135230,135231,135232,135233,135234,1,-1,2,-2,1,3,1,-1,-3,-1,2,2,5,2,2,-2,-2,-5,-2,-2
0,1,22539,22542,67617,67618,67619,67622,67623,67624,135235,135236,135237,135238,135239,135242,135243,135244,135245,135246,1,-1,2,-2,1,3,1,-1,-3,-1,2,2,5,2,2,-2,-2,-5,-2,-2
0,1,22541,22544,67623,67624,67625,67628,67629,67630,135247,135248,135249,135250,135251,135254,135255,135256,135257,135258,1,-1,2,-2,1,3,1,-1,-3,-1,2,2,5,2,2,-2,-2,-5,-2,-2
0,1,22543,22546,67629,67630,67631,67634,67635,67636,135259,135260,135261,135262,135263,135266,135267,135268,135269,135270,1,-1,2,-2,1,3,1,-1,-3,-1,2,2,5,2,2,-2,-2,-5,-2,-2
0,1,22545,22548,67635,67636,67637,67640,67641,67642,135271,135272,135273,135274,135275,135278,135279,135280,135281,135282,1,-1,2,-2,1,3,1,-1,-3,-1,2,2,5,2,2,-2,-2,-5,-2,-2
0,1,22547,22550,67641,67642,67643,67646,67647,67648,135283,135284,135285,135286,135287,135290,135291,135292,135293,135294,1,-1,2,-2,1,3,1,-1,-3,-1,2,2,5,2,2,-2,-2,-5,-2,-2
0,1,22549,22552,67647,67648,67649,67652,67653,67654,135295,135296,135297,135298,135299,135302,135303,135304,135305,135306,1,-1,2,-2,1,3,1,-1,-3,-1,2,2,5,2,2,-2,-2,-5,-2,-2
0,1,22551,22554,67653,67654,67655,67658,67659,67660,135307,135308,135309,135310,135311,135314,135315,135316,135317,135318,1,-1,2,-2,1,3,1,-1,-3,-1,2,2,5,2,2,-2,-2,-5,-2,-2
0,1,22553,22556,67659,67660,67661,67664,67665,67666,135319,135320,135321,135322,135323,135326,135327,135328,135329,135330,1,-1,2,-2,1,3,1,-1,-3,-1,2,2,5,2,2,-2,-2,-5,-2,-2
0,1,22555,22558,67665,67666,67667,67670,67671,67672,135331,135332,135333,135334,135335,135338,135339,135340,135341,135342,1,-1,2,-2,1,3,1,-1,-3,-1,2,2,5,2,2,-2,-2,-5,-2,-2
0,1,22557,22560,67671,67672,67673,67676,67677,67678,135343,135344,135345,135346,135347,135350,135351,135352,135353,135354,1,-1,2,-2,1,3,1,-1,-3,-1,2,2,5,2,2,-2,-2,-5,-2,-2
0,1,22559,22562,67677,67678,67679,67682,67683,67684,135355,135356,135357,135358,135359,135362,135363,135364,135365,135366,1,-1,2,-2,1,3,1,-1,-3,-1,2,2,5,2,2,-2,-2,-5,-2,-2
0,1,22561,22564,67683,67684,67685,67688,67689,67690,135367,135368,135369,135370,135371,135374,135375,135376,135377,135378,1,-1,2,-2,1,3,1,-1,-3,-1,2,2,5,2,2,-2,-2,-5,-2,-2
0,1,22563,22566,67689,67690,67691,67694,67695,67696,135379,135380,135381,135382,135383,135386,135387,135388,135389,135390,1,-1,2,-2,1,3,1,-1,-3,-1,2,2,5,2,2,-2,-2,-5,-2,-2
0,1,22565,22568,67695,67696,67697,67700,67701,67702,135391,135392,135393,135394,135395,135398,135399,135400,135401,135402,1,-1,2,-2,1,3,1,-1,-3,-1,2,2,5,2,2,-2,-2,-5,-2,-2
0,1,22567,22570,67701,67702,67703,67706,67707,67708,135403,135404,135405,135406,135407,135410,135411,135412,135413,135414,1,-1,2,-2,1,3,1,-1,-3,-1,2,2,5,2,2,-2,-2,-5,-2,-2
0,1,22569,22572,67707,67708,67709,67712,67713,67714,135415,135416,135417,135418,135419,135422,135423,135424,135425,135426,1,-1,2,-2,1,3,1,-1,-3,-1,2,2,5,2,2,-2,-2,-5,-2,-2
0,1,22571,22574,67713,67714,67715,67718,67719,67720,135427,135428,135429,135430,135431,135434,135435,135436,135437,135438,1,-1,2,-2,1,3,1,-1,-3,-1,2,2,5,2,2,-2,-2,-5,-2,-2
0,1,22573,22576,67719,67720,67721,67724,67725,67726,135439,135440,135441,135442,135443,135446,135447,135448,135449,135450,1,-1,2,-2,1,3,1,-1,-3,-1,2,2,5,2,2,-2,-2,-5,-2,-2
0,1,22575,22578,67725,67726,67727,67730,67731,67732,135451,135452,135453,135454,135455,135458,135459,135460,135461,135462,1,-1,2,-2,1,3,1,-1,-3,-1,2,2,5,2,2,-2,-2,-5,-2,-2
0,1,22577,22580,67731,67732,67733,67736,67737,67738,135463,135464,135465,135466,135467,135470,135471,135472,135473,135474,1,-1,2,-2,1,3,1,-1,-3,-1,2,2,5,2,2,-2,-2,-5,-2,-2
0,1,22579,22582,67737,67738,67739,67742,67743,67744,135475,135476,135477,135478,135479,135482,135483,135484,135485,135486,1,-1,2,-2,1,3,1,-1,-3,-1,2,2,5,2,2,-2,-2,-5,-2,-2
0,1,22581,22584,67743,67744,67745,67748,67749,67750,135487,135488,135489,135490,135491,135494,135495,135496,135497,135498,1,-1,2,-2,1,3,1,-1,-3,-1,2,2,5,2,2,-2,-2,-5,-2,-2
0,1,22583,22586,67749,67750,67751,67754,67755,67756,135499,135500,135501,135502,135503,135506,135507,135508,135509,135510,1,-1,2,-2,1,3,1,-1,-3,-1,2,2,5,2,2,-2,-2,-5,-2,-2
0,1,22585,22588,67755,67756,67757,67760,67761,67762,135511,135512,135513,135514,135515,135518,135519,135520,135521,135522,1,-1,2,-2,1,3,1,-1,-3,-1,2,2,5,2,2,-2,-2,-5,-2,-2
0,1,22587,22590,67761,67762,67763,67766,67767,67768,135523,135524,135525,135526,135527,135530,135531,135532,135533,135534,1,-1,2,-2,1,3,1,-1,-3,-1,2,2,5,2,2,-2,-2,-5,-2,-2
0,1,22589,22592,67767,67768,67769,67772,67773,67774,135535,135536,135537,135538,135539,135542,135543,135544,135545,135546,1,-1,2,-2,1,3,1,-1,-3,-1,2,2,5,2,2,-2,-2,-5,-2,-2
0,1,22591,22594,67773,67774,67775,67778,67779,67780,135547,135548,135549,135550,135551,135554,135555,135556,135557,135558,1,-1,2,-2,1,3,1,-1,-3,-1,2,2,5,2,2,-2,-2,-5,-2,-2
0,1,22593,22596,67779,67780,67781,67784,67785,67786,135559,135560,135561,135562,135563,135566,135567,135568,135569,135570,1,-1,2,-2,1,3,1,-1,-3,-1,2,2,5,2,2,-2,-2,-5,-2,-2
0,1,22595,22598,67785,67786,67787,67790,67791,67792,135571,135572,135573,135574,135575,135578,135579,135580,135581,135582,1,-1,2,-2,1,3,1,-1,-3,-1,2,2,5,2,2,-2,-2,-5,-2,-2
0,1,22597,22600,67791,67792,67793,67796,67797,67798,135583,135584,135585,135586,135587,135590,135591,135592,135593,135594,1,-1,2,-2,1,3,1,-1,-3,-1,2,2,5,2,2,-2,-2,-5,-2,-2
0,1,22599,22602,67797,67798,67799,67802,67803,67804,135595,135596,135597,135598,135599,135602,135603,135604,135605,135606,1,-1,2,-2,1,3,1,-1,-3,-1,2,2,5,2,2,-2,-2,-5,-2,-2
0,1,22601,22604,67803,67804,67805,67808,67809,67810,135607,135608,135609,135610,135611,135614,135615,135616,135617,135618,1,-1,2,-2,1,3,1,-1,-3,-1,2,2,5,2,2,-2,-2,-5,-2,-2
0,1,22603,22606,67809,67810,67811,67814,67815,67816,135619,135620,135621,135622,135623,135626,135627,135628,135629,135630,1,-1,2,-2,1,3,1,-1,-3,-1,2,2,5,2,2,-2,-2,-5,-2,-2
0,1,22605,22608,67815,67816,67817,67820,67821,67822,135631,135632,135633,135634,135635,135638,135639,135640,135641,135642,1,-1,2,-2,1,3,1,-1,-3,-1,2,2,5,2,2,-2,-2,-5,-2,-2
0,1,22607,22610,67821,67822,67823,67826,67827,67828,135643,135644,135645,135646,135647,135650,135651,135652,135653,135654,1,-1,2,-2,1,3,1,-1,-3,-1,2,2,5,2,2,-2,-2,-5,-2,-2
0,1,22609,22612,67827,67828,67829,67832,67833,67834,135655,135656,135657,135658,135659,135662,135663,135664,135665,135666,1,-1,2,-2,1,3,1,-1,-3,-1,2,2,5,2,2,-2,-2,-5,-2,-2
0,1,22611,22614,67833,67834,67835,67838,67839,67840,135667,135668,135669,135670,135671,135674,135675,135676,135677,135678,1,-1,2,-2,1,3,1,-1,-3,-1,2,2,5,2,2,-2,-2,-5,-2,-2
0,1,22613,22616,67839,67840,67841,67844,67845,67846,135679,135680,135681,135682,135683,135686,135687,135688,135689,135690,1,-1,2,-2,1,3,1,-1,-3,-1,2,2,5,2,2,-2,-2,-5,-2,-2
0,1,22615,22618,67845,67846,67847,67850,67851,67852,135691,135692,135693,135694,135695,135698,135699,135700,135701,135702,1,-1,2,-2,1,3,1,-1,-3,-1,2,2,5,2,2,-2,-2,-5,-2,-2
0,1,22617,22620,67851,67852,67853,67856,67857,67858,135703,135704,135705,135706,135707,135710,135711,135712,135713,135714,1,-1,2,-2,1,3,1,-1,-3,-1,2,2,5,2,2,-2,-2,-5,-2,-2
0,1,22619,22622,67857,67858,67859,67862,67863,67864,135715,135716,135717,135718,135719,135722,135723,135724,135725,135726,1,-1,2,-2,1,3,1,-1,-3,-1,2,2,5,2,2,-2,-2,-5,-2,-2
0,1,22621,22624,67863,67864,67865,67868,67869,67870,135727,135728,135729,135730,135731,135734,135735,135736,135737,135738,1,-1,2,-2,1,3,1,-1,-3,-1,2,2,5,2,2,-2,-2,-5,-2,-2
0,1,22623,22626,67869,67870,67871,67874,67875,67876,135739,135740,135741,135742,135743,135746,135747,135748,135749,135750,1,-1,2,-2,1,3,1,-1,-3,-1,2,2,5,2,2,-2,-2,-5,-2,-2
0,1,22625,22628,67875,67876,67877,67880,67881,67882,135751,135752,135753,135754,135755,135758,135759,135760,135761,135762,1,-1,2,-2,1,3,1,-1,-3,-1,2,2,5,2,2,-2,-2,-5,-2,-2
0,1,22627,22630,67881,67882,67883,67886,67887,67888,135763,135764,135765,135766,135767,135770,135771,135772,135773,135774,1,-1,2,-2,1,3,1,-1,-3,-1,2,2,5,2,2,-2,-2,-5,-2,-2
0,1,22629,22632,67887,67888,67889,67892,67893,67894,135775,135776,135777,135778,135779,135782,135783,135784,135785,135786,1,-1,2,-2,1,3,1,-1,-3,-1,2,2,5,2,2,-2,-2,-5,-2,-2
0,1,22631,22634,67893,67894,67895,67898,67899,67900,135787,135788,135789,135790,135791,135794,135795,135796,135797,135798,1,-1,2,-2,1,3,1,-1,-3,-1,2,2,5,2,2,-2,-2,-5,-2,-2
0,1,22633,22636,67899,67900,67901,67904,67905,67906,135799,135800,135801,135802,135803,135806,135807,135808,135809,135810,1,-1,2,-2,1,3,1,-1,-3,-1,2,2,5,2,2,-2,-2,-5,-2,-2
0,1,22635,22638,67905,67906,67907,67910,67911,67912,135811,135812,135813,135814,135815,135818,135819,135820,135821,135822,1,-1,2,-2,1,3,1,-1,-3,-1,2,2,5,2,2,-2,-2,-5,-2,-2
0,1,22637,22640,67911,67912,67913,67916,67917,67918,135823,135824,135825,135826,135827,135830,135831,135832,135833,135834,1,-1,2,-2,1,3,1,-1,-3,-1,2,2,5,2,2,-2,-2,-5,-2,-2
0,1,22639,22642,67917,67918,67919,67922,67923,67924,135835,135836,135837,135838,135839,135842,135843,135844,135845,135846,1,-1,2,-2,1,3,1,-1,-3,-1,2,2,5,2,2,-2,-2,-5,-2,-2
0,1,22641,22644,67923,67924,67925,67928,67929,67930,135847,135848,135849,135850,135851,135854,135855,135856,135857,135858,1,-1,2,-2,1,3,1,-1,-3,-1,2,2,5,2,2,-2,-2,-5,-2,-2
0,1,22643,22646,67929,67930,67931,67934,67935,67936,135859,135860,135861,135862,135863,135866,135867,135868,135869,135870,1,-1,2,-2,1,3,1,-1,-3,-1,2,2,5,2,2,-2,-2,-5,-2,-2
0,1,22645,22648,67935,67936,67937,67940,67941,67942,135871,135872,135873,135874,135875,135878,135879,135880,135881,135882,1,-1,2,-2,1,3,1,-1,-3,-1,2,2,5,2,2,-2,-2,-5,-2,-2
0,1,22647,22650,67941,67942,67943,67946,67947,67948,135883,135884,135885,135886,135887,135890,135891,135892,135893,135894,1,-1,2,-2,1,3,1,-1,-3,-1,2,2,5,2,2,-2,-2,-5,-2,-2
0,1,22649,22652,67947,67948,67949,67952,67953,67954,135895,135896,135897,135898,135899,135902,135903,135904,135905,135906,1,-1,2,-2,1,3,1,-1,-3,-1,2,2,5,2,2,-2,-2,-5,-2,-2
0,1,22651,22654,67953,67954,67955,67958,67959,67960,135907,135908,135909,135910,135911,135914,135915,135916,135917,135918,1,-1,2,-2,1,3,1,-1,-3,-1,2,2,5,2,2,-2,-2,-5,-2,-2
0,1,22653,22656,67959,67960,67961,67964,67965,67966,135919,135920,135921,135922,135923,135926,135927,135928,135929,135930,1,-1,2,-2,1,3,1,-1,-3,-1,2,2,5,2,2,-2,-2,-5,-2,-2
0,1,22655,22658,67965,67966,67967,67970,67971,67972,135931,135932,135933,135934,135935,135938,135939,135940,135941,135942,1,-1,2,-2,1,3,1,-1,-3,-1,2,2,5,2,2,-2,-2,-5,-2,-2
0,1,22657,22660,67971,67972,67973,67976,67977,67978,135943,135944,135945,135946,135947,135950,135951,135952,135953,135954,1,-1,2,-2,1,3,1,-1,-3,-1,2,2,5,2,2,-2,-2,-5,-2,-2
0,1,22659,22662,67977,67978,67979,67982,67983,67984,135955,135956,135957,135958,135959,135962,135963,135964,135965,135966,1,-1,2,-2,1,3,1,-1,-3,-1,2,2,5,2,2,-2,-2,-5,-2,-2
0,1,22661,22664,67983,67984,67985,67988,67989,67990,135967,135968,135969,135970,135971,135974,135975,135976,135977,135978,1,-1,2,-2,1,3,1,-1,-3,-1,2,2,5,2,2,-2,-2,-5,-2,-2
0,1,22663,22666,67989,67990,67991,67994,67995,67996,135979,135980,135981,135982,135983,135986,135987,135988,135989,135990,1,-1,2,-2,1,3,1,-1,-3,-1,2,2,5,2,2,-2,-2,-5,-2,-2
0,1,22665,22668,67995,67996,67997,68000,68001,68002,135991,135992,135993,135994,135995,135998,135999,136000,136001,136002,1,-1,2,-2,1,3,1,-1,-3,-1,2,2,5,2,2,-2,-2,-5,-2,-2
0,1,22667,22670,68001,68002,68003,68006,68007,68008,136003,136004,136005,136006,136007,136010,136011,136012,136013,136014,1,-1,2,-2,1,3,1,-1,-3,-1,2,2,5,2,2,-2,-2,-5,-2,-2
0,1,22669,22672,68007,68008,68009,68012,68013,68014,136015,136016,136017,136018,136019,136022,136023,136024,136025,136026,1,-1,2,-2,1,3,1,-1,-3,-1,2,2,5,2,2,-2,-2,-5,-2,-2
0,1,22671,22674,68013,68014,68015,68018,68019,68020,136027,136028,136029,136030,136031,136034,136035,136036,136037,136038,1,-1,2,-2,1,3,1,-1,-3,-1,2,2,5,2,2,-2,-2,-5,-2,-2
0,1,22673,22676,68019,68020,68021,68024,68025,68026,136039,136040,136041,136042,136043,136046,136047,136048,136049,136050,1,-1,2,-2,1,3,1,-1,-3,-1,2,2,5,2,2,-2,-2,-5,-2,-2
0,1,22675,22678,68025,68026,68027,68030,68031,68032,136051,136052,136053,136054,136055,136058,136059,136060,136061,136062,1,-1,2,-2,1,3,1,-1,-3,-1,2,2,5,2,2,-2,-2,-5,-2,-2
0,1,22677,22680,68031,68032,68033,68036,68037,68038,136063,136064,136065,136066,136067,136070,136071,136072,136073,136074,1,-1,2,-2,1,3,1,-1,-3,-1,2,2,5,2,2,-2,-2,-5,-2,-2
0,1,22679,22682,68037,68038,68039,68042,68043,68044,136075,136076,136077,136078,136079,136082,136083,136084,136085,136086,1,-1,2,-2,1,3,1,-1,-3,-1,2,2,5,2,2,-2,-2,-5,-2,-2
0,1,22681,22684,68043,68044,68045,68048,68049,68050,136087,136088,136089,136090,136091,136094,136095,136096,136097,136098,1,-1,2,-2,1,3,1,-1,-3,-1,2,2,5,2,2,-2,-2,-5,-2,-2
0,1,22683,22686,68049,68050,68051,68054,68055,68056,136099,136100,136101,136102,136103,136106,136107,136108,136109,136110,1,-1,2,-2,1,3,1,-1,-3,-1,2,2,5,2,2,-2,-2,-5,-2,-2
0,1,22685,22688,68055,68056,68057,68060,68061,68062,136111,136112,136113,136114,136115,136118,136119,136120,136121,136122,1,-1,2,-2,1,3,1,-1,-3,-1,2,2,5,2,2,-2,-2,-5,-2,-2
0,1,22687,22690,68061,68062,68063,68066,68067,68068,136123,136124,136125,136126,136127,136130,136131,136132,136133,136134,1,-1,2,-2,1,3,1,-1,-3,-1,2,2,5,2,2,-2,-2,-5,-2,-2
0,1,22689,22692,68067,68068,68069,68072,68073,68074,136135,136136,136137,136138,136139,136142,136143,136144,136145,136146,1,-1,2,-2,1,3,1,-1,-3,-1,2,2,5,2,2,-2,-2,-5,-2,-2
0,1,22691,22694,68073,68074,68075,68078,68079,68080,136147,136148,136149,136150,136151,136154,136155,136156,136157,136158,1,-1,2,-2,1,3,1,-1,-3,-1,2,2,5,2,2,-2,-2,-5,-2,-2
0,1,22693,22696,68079,68080,68081,68084,68085,68086,136159,136160,136161,136162,136163,136166,136167,136168,136169,136170,1,-1,2,-2,1,3,1,-1,-3,-1,2,2,5,2,2,-2,-2,-5,-2,-2
0,1,22695,22698,68085,68086,68087,68090,68091,68092,136171,136172,136173,136174,136175,136178,136179,136180,136181,136182,1,-1,2,-2,1,3,1,-1,-3,-1,2,2,5,2,2,-2,-2,-5,-2,-2
0,1,22697,22700,68091,68092,68093,68096,68097,68098,136183,136184,136185,136186,136187,136190,136191,136192,136193,136194,1,-1,2,-2,1,3,1,-1,-3,-1,2,2,5,2,2,-2,-2,-5,-2,-2
0,1,22699,22702,68097,68098,68099,68102,68103,68104,136195,136196,136197,136198,136199,136202,136203,136204,136205,136206,1,-1,2,-2,1,3,1,-1,-3,-1,2,2,5,2,2,-2,-2,-5,-2,-2
0,1,22701,22704,68103,68104,68105,68108,68109,68110,136207,136208,136209,136210,136211,136214,136215,136216,136217,136218,1,-1,2,-2,1,3,1,-1,-3,-1,2,2,5,2,2,-2,-2,-5,-2,-2
0,1,22703,22706,68109,68110,68111,68114,68115,68116,136219,136220,136221,136222,136223,136226,136227,136228,136229,136230,1,-1,2,-2,1,3,1,-1,-3,-1,2,2,5,2,2,-2,-2,-5,-2,-2
0,1,22705,22708,68115,68116,68117,68120,68121,68122,136231,136232,136233,136234,136235,136238,136239,136240,136241,136242,1,-1,2,-2,1,3,1,-1,-3,-1,2,2,5,2,2,-2,-2,-5,-2,-2
0,1,22707,22710,68121,68122,68123,68126,68127,68128,136243,136244,136245,136246,136247,136250,136251,136252,136253,136254,1,-1,2,-2,1,3,1,-1,-3,-1,2,2,5,2,2,-2,-2,-5,-2,-2
0,1,22709,22712,68127,68128,68129,68132,68133,68134,136255,136256,136257,136258,136259,136262,136263,136264,136265,136266,1,-1,2,-2,1,3,1,-1,-3,-1,2,2,5,2,2,-2,-2,-5,-2,-2
0,1,22711,22714,68133,68134,68135,68138,68139,68140,136267,136268,136269,136270,136271,136274,136275,136276,136277,136278,1,-1,2,-2,1,3,1,-1,-3,-1,2,2,5,2,2,-2,-2,-5,-2,-2
0,1,22713,22716,68139,68140,68141,68144,68145,68146,136279,136280,136281,136282,136283,136286,136287,136288,136289,136290,1,-1,2,-2,1,3,1,-1,-3,-1,2,2,5,2,2,-2,-2,-5,-2,-2
0,1,22715,22718,68145,68146,68147,68150,68151,68152,136291,136292,136293,136294,136295,136298,136299,136300,136301,136302,1,-1,2,-2,1,3,1,-1,-3,-1,2,2,5,2,2,-2,-2,-5,-2,-2
0,1,22717,22720,68151,68152,68153,68156,68157,68158,136303,136304,136305,136306,136307,136310,136311,136312,136313,136314,1,-1,2,-2,1,3,1,-1,-3,-1,2,2,5,2,2,-2,-2,-5,-2,-2
0,1,22719,22722,68157,68158,68159,68162,68163,68164,136315,136316,136317,136318,136319,136322,136323,136324,136325,136326,1,-1,2,-2,1,3,1,-1,-3,-1,2,2,5,2,2,-2,-2,-5,-2,-2
0,1,22721,22724,68163,68164,68165,68168,68169,68170,136327,136328,136329,136330,136331,136334,136335,136336,136337,136338,1,-1,2,-2,1,3,1,-1,-3,-1,2,2,5,2,2,-2,-2,-5,-2,-2
0,1,22723,22726,68169,68170,68171,68174,68175,68176,136339,136340,136341,136342,136343,136346,136347,136348,136349,136350,1,-1,2,-2,1,3,1,-1,-3,-1,2,2,5,2,2,-2,-2,-5,-2,-2
0,1,22725,22728,68175,68176,68177,68180,68181,68182,136351,136352,136353,136354,136355,136358,136359,136360,136361,136362,1,-1,2,-2,1,3,1,-1,-3,-1,2,2,5,2,2,-2,-2,-5,-2,-2
0,1,22727,22730,68181,68182,68183,68186,68187,68188,136363,136364,136365,136366,136367,136370,136371,136372,136373,136374,1,-1,2,-2,1,3,1,-1,-3,-1,2,2,5,2,2,-2,-2,-5,-2,-2
0,1,22729,22732,68187,68188,68189,68192,68193,68194,136375,136376,136377,136378,136379,136382,136383,136384,136385,136386,1,-1,2,-2,1,3,1,-1,-3,-1,2,2,5,2,2,-2,-2,-5,-2,-2
0,1,22731,22734,68193,68194,68195,68198,68199,68200,136387,136388,136389,136390,136391,136394,136395,136396,136397,136398,1,-1,2,-2,1,3,1,-1,-3,-1,2,2,5,2,2,-2,-2,-5,-2,-2
0,1,22733,22736,68199,68200,68201,68204,68205,68206,136399,136400,136401,136402,136403,136406,136407,136408,136409,136410,1,-1,2,-2,1,3,1,-1,-3,-1,2,2,5,2,2,-2,-2,-5,-2,-2
0,1,22735,22738,68205,68206,68207,68210,68211,68212,136411,136412,136413,136414,136415,136418,136419,136420,136421,136422,1,-1,2,-2,1,3,1,-1,-3,-1,2,2,5,2,2,-2,-2,-5,-2,-2
0,1,22737,22740,68211,68212,68213,68216,68217,68218,136423,136424,136425,136426,136427,136430,136431,136432,136433,136434,1,-1,2,-2,1,3,1,-1,-3,-1,2,2,5,2,2,-2,-2,-5,-2,-2
0,1,22739,22742,68217,68218,68219,68222,68223,68224,136435,136436,136437,136438,136439,136442,136443,136444,136445,136446,1,-1,2,-2,1,3,1,-1,-3,-1,2,2,5,2,2,-2,-2,-5,-2,-2
0,1,22741,22744,68223,68224,68225,68228,68229,68230,136447,136448,136449,136450,136451,136454,136455,136456,136457,136458,1,-1,2,-2,1,3,1,-1,-3,-1,2,2,5,2,2,-2,-2,-5,-2,-2
0,1,22743,22746,68229,68230,68231,68234,68235,68236,136459,136460,136461,136462,136463,136466,136467,136468,136469,136470,1,-1,2,-2,1,3,1,-1,-3,-1,2,2,5,2,2,-2,-2,-5,-2,-2
0,1,22745,22748,68235,68236,68237,68240,68241,68242,136471,136472,136473,136474,136475,136478,136479,136480,136481,136482,1,-1,2,-2,1,3,1,-1,-3,-1,2,2,5,2,2,-2,-2,-5,-2,-2
0,1,22747,22750,68241,68242,68243,68246,68247,68248,136483,136484,136485,136486,136487,136490,136491,136492,136493,136494,1,-1,2,-2,1,3,1,-1,-3,-1,2,2,5,2,2,-2,-2,-5,-2,-2
0,1,22749,22752,68247,68248,68249,68252,68253,68254,136495,136496,136497,136498,136499,136502,136503,136504,136505,136506,1,-1,2,-2,1,3,1,-1,-3,-1,2,2,5,2,2,-2,-2,-5,-2,-2
0,1,22751,22754,68253,68254,68255,68258,68259,68260,136507,136508,136509,136510,136511,136514,136515,136516,136517,136518,1,-1,2,-2,1,3,1,-1,-3,-1,2,2,5,2,2,-2,-2,-5,-2,-2
0,1,22753,22756,68259,68260,68261,68264,68265,68266,136519,136520,136521,136522,136523,136526,136527,136528,136529,136530,1,-1,2,-2,1,3,1,-1,-3,-1,2,2,5,2,2,-2,-2,-5,-2,-2
0,1,22755,22758,68265,68266,68267,68270,68271,68272,136531,136532,136533,136534,136535,136538,136539,136540,136541,136542,1,-1,2,-2,1,3,1,-1,-3,-1,2,2,5,2,2,-2,-2,-5,-2,-2
0,1,22757,22760,68271,68272,68273,68276,68277,68278,136543,136544,136545,136546,136547,136550,136551,136552,136553,136554,1,-1,2,-2,1,3,1,-1,-3,-1,2,2,5,2,2,-2,-2,-5,-2,-2
0,1,22759,22762,68277,68278,68279,68282,68283,68284,136555,136556,136557,136558,136559,136562,136563,136564,136565,136566,1,-1,2,-2,1,3,1,-1,-3,-1,2,2,5,2,2,-2,-2,-5,-2,-2
0,1,22761,22764,68283,68284,68285,68288,68289,68290,136567,136568,136569,136570,136571,136574,136575,136576,136577,136578,1,-1,2,-2,1,3,1,-1,-3,-1,2,2,5,2,2,-2,-2,-5,-2,-2
0,1,22763,22766,68289,68290,68291,68294,68295,68296,136579,136580,136581,136582,136583,136586,136587,136588,136589,136590,1,-1,2,-2,1,3,1,-1,-3,-1,2,2,5,2,2,-2,-2,-5,-2,-2
0,1,22765,22768,68295,68296,68297,68300,68301,68302,136591,136592,136593,136594,136595,136598,136599,136600,136601,136602,1,-1,2,-2,1,3,1,-1,-3,-1,2,2,5,2,2,-2,-2,-5,-2,-2
0,1,22767,22770,68301,68302,68303,68306,68307,68308,136603,136604,136605,136606,136607,136610,136611,136612,136613,136614,1,-1,2,-2,1,3,1,-1,-3,-1,2,2,5,2,2,-2,-2,-5,-2,-2
0,1,22769,22772,68307,68308,68309,68312,68313,68314,136615,136616,136617,136618,136619,136622,136623,136624,136625,136626,1,-1,2,-2,1,3,1,-1,-3,-1,2,2,5,2,2,-2,-2,-5,-2,-2
0,1,22771,22774,68313,68314,68315,68318,68319,68320,136627,136628,136629,136630,136631,136634,136635,136636,136637,136638,1,-1,2,-2,1,3,1,-1,-3,-1,2,2,5,2,2,-2,-2,-5,-2,-2
0,1,22773,22776,68319,68320,68321,68324,68325,68326,136639,136640,136641,136642,136643,136646,136647,136648,136649,136650,1,-1,2,-2,1,3,1,-1,-3,-1,2,2,5,2,2,-2,-2,-5,-2,-2
0,1,22775,22778,68325,68326,68327,68330,68331,68332,136651,136652,136653,136654,136655,136658,136659,136660,136661,136662,1,-1,2,-2,1,3,1,-1,-3,-1,2,2,5,2,2,-2,-2,-5,-2,-2
0,1,22777,22780,68331,68332,68333,68336,68337,68338,136663,136664,136665,136666,136667,136670,136671,136672,136673,136674,1,-1,2,-2,1,3,1,-1,-3,-1,2,2,5,2,2,-2,-2,-5,-2,-2
0,1,22779,22782,68337,68338,68339,68342,68343,68344,136675,136676,136677,136678,136679,136682,136683,136684,136685,136686,1,-1,2,-2,1,3,1,-1,-3,-1,2,2,5,2,2,-2,-2,-5,-2,-2
0,1,22781,22784,68343,68344,68345,68348,68349,68350,136687,136688,136689,136690,136691,136694,136695,136696,136697,136698,1,-1,2,-2,1,3,1,-1,-3,-1,2,2,5,2,2,-2,-2,-5,-2,-2
0,1,22783,22786,68349,68350,68351,68354,68355,68356,136699,136700,136701,136702,136703,136706,136707,136708,136709,136710,1,-1,2,-2,1,3,1,-1,-3,-1,2,2,5,2,2,-2,-2,-5,-2,-2
0,1,22785,22788,68355,68356,68357,68360,68361,68362,136711,136712,136713,136714,136715,136718,136719,136720,136721,136722,1,-1,2,-2,1,3,1,-1,-3,-1,2,2,5,2,2,-2,-2,-5,-2,-2
0,1,22787,22790,68361,68362,68363,68366,68367,68368,136723,136724,136725,136726,136727,136730,136731,136732,136733,136734,1,-1,2,-2,1,3,1,-1,-3,-1,2,2,5,2,2,-2,-2,-5,-2,-2
0,1,22789,22792,68367,68368,68369,68372,68373,68374,136735,136736,136737,136738,136739,136742,136743,136744,136745,136746,1,-1,2,-2,1,3,1,-1,-3,-1,2,2,5,2,2,-2,-2,-5,-2,-2
0,1,22791,22794,68373,68374,68375,68378,68379,68380,136747,136748,136749,136750,136751,136754,136755,136756,136757,136758,1,-1,2,-2,1,3,1,-1,-3,-1,2,2,5,2,2,-2,-2,-5,-2,-2
0,1,22793,22796,68379,68380,68381,68384,68385,68386,136759,136760,136761,136762,136763,136766,136767,136768,136769,136770,1,-1,2,-2,1,3,1,-1,-3,-1,2,2,5,2,2,-2,-2,-5,-2,-2
0,1,22795,22798,68385,68386,68387,68390,68391,68392,136771,136772,136773,136774,136775,136778,136779,136780,136781,136782,1,-1,2,-2,1,3,1,-1,-3,-1,2,2,5,2,2,-2,-2,-5,-2,-2
0,1,22797,22800,68391,68392,68393,68396,68397,68398,136783,136784,136785,136786,136787,136790,136791,136792,136793,136794,1,-1,2,-2,1,3,1,-1,-3,-1,2,2,5,2,2,-2,-2,-5,-2,-2
0,1,22799,22802,68397,68398,68399,68402,68403,68404,136795,136796,136797,136798,136799,136802,136803,136804,136805,136806,1,-1,2,-2,1,3,1,-1,-3,-1,2,2,5,2,2,-2,-2,-5,-2,-2
0,1,22801,22804,68403,68404,68405,68408,68409,68410,136807,136808,136809,136810,136811,136814,136815,136816,136817,136818,1,-1,2,-2,1,3,1,-1,-3,-1,2,2,5,2,2,-2,-2,-5,-2,-2
0,1,22803,22806,68409,68410,68411,68414,68415,68416,136819,136820,136821,136822,136823,136826,136827,136828,136829,136830,1,-1,2,-2,1,3,1,-1,-3,-1,2,2,5,2,2,-2,-2,-5,-2,-2
0,1,22805,22808,68415,68416,68417,68420,68421,68422,136831,136832,136833,136834,136835,136838,136839,136840,136841,136842,1,-1,2,-2,1,3,1,-1,-3,-1,2,2,5,2,2,-2,-2,-5,-2,-2
0,1,22807,22810,68421,68422,68423,68426,68427,68428,136843,136844,136845,136846,136847,136850,136851,136852,136853,136854,1,-1,2,-2,1,3,1,-1,-3,-1,2,2,5,2,2,-2,-2,-5,-2,-2
0,1,22809,22812,68427,68428,68429,68432,68433,68434,136855,136856,136857,136858,136859,136862,136863,136864,136865,136866,1,-1,2,-2,1,3,1,-1,-3,-1,2,2,5,2,2,-2,-2,-5,-2,-2
0,1,22811,22814,68433,68434,68435,68438,68439,68440,136867,136868,136869,136870,136871,136874,136875,136876,136877,136878,1,-1,2,-2,1,3,1,-1,-3,-1,2,2,5,2,2,-2,-2,-5,-2,-2
0,1,22813,22816,68439,68440,68441,68444,68445,68446,136879,136880,136881,136882,136883,136886,136887,136888,136889,136890,1,-1,2,-2,1,3,1,-1,-3,-1,2,2,5,2,2,-2,-2,-5,-2,-2
0,1,22815,22818,68445,68446,68447,68450,68451,68452,136891,136892,136893,136894,136895,136898,136899,136900,136901,136902,1,-1,2,-2,1,3,1,-1,-3,-1,2,2,5,2,2,-2,-2,-5,-2,-2
0,1,22817,22820,68451,68452,68453,68456,68457,68458,136903,136904,136905,136906,136907,136910,136911,136912,136913,136914,1,-1,2,-2,1,3,1,-1,-3,-1,2,2,5,2,2,-2,-2,-5,-2,-2
0,1,22819,22822,68457,68458,68459,68462,68463,68464,136915,136916,136917,136918,136919,136922,136923,136924,136925,136926,1,-1,2,-2,1,3,1,-1,-3,-1,2,2,5,2,2,-2,-2,-5,-2,-2
0,1,22821,22824,68463,68464,68465,68468,68469,68470,136927,136928,136929,136930,136931,136934,136935,136936,136937,136938,1,-1,2,-2,1,3,1,-1,-3,-1,2,2,5,2,2,-2,-2,-5,-2,-2
0,1,22823,22826,68469,68470,68471,68474,68475,68476,136939,136940,136941,136942,136943,136946,136947,136948,136949,136950,1,-1,2,-2,1,3,1,-1,-3,-1,2,2,5,2,2,-2,-2,-5,-2,-2
0,1,22825,22828,68475,68476,68477,68480,68481,68482,136951,136952,136953,136954,136955,136958,136959,136960,136961,136962,1,-1,2,-2,1,3,1,-1,-3,-1,2,2,5,2,2,-2,-2,-5,-2,-2
0,1,22827,22830,68481,68482,68483,68486,68487,68488,136963,136964,136965,136966,136967,136970,136971,136972,136973,136974,1,-1,2,-2,1,3,1,-1,-3,-1,2,2,5,2,2,-2,-2,-5,-2,-2
0,1,22829,22832,68487,68488,68489,68492,68493,68494,136975,136976,136977,136978,136979,136982,136983,136984,136985,136986,1,-1,2,-2,1,3,1,-1,-3,-1,2,2,5,2,2,-2,-2,-5,-2,-2
0,1,22831,22834,68493,68494,68495,68498,68499,68500,136987,136988,136989,136990,136991,136994,136995,136996,136997,136998,1,-1,2,-2,1,3,1,-1,-3,-1,2,2,5,2,2,-2,-2,-5,-2,-2
0,1,22833,22836,68499,68500,68501,68504,68505,68506,136999,137000,137001,137002,137003,137006,137007,137008,137009,137010,1,-1,2,-2,1,3,1,-1,-3,-1,2,2,5,2,2,-2,-2,-5,-2,-2
0,1,22835,22838,68505,68506,68507,68510,68511,68512,137011,137012,137013,137014,137015,137018,137019,137020,137021,137022,1,-1,2,-2,1,3,1,-1,-3,-1,2,2,5,2,2,-2,-2,-5,-2,-2
0,1,22837,22840,68511,68512,68513,68516,68517,68518,137023,137024,137025,137026,137027,137030,137031,137032,137033,137034,1,-1,2,-2,1,3,1,-1,-3,-1,2,2,5,2,2,-2,-2,-5,-2,-2
0,1,22839,22842,68517,68518,68519,68522,68523,68524,137035,137036,137037,137038,137039,137042,137043,137044,137045,137046,1,-1,2,-2,1,3,1,-1,-3,-1,2,2,5,2,2,-2,-2,-5,-2,-2
0,1,22841,22844,68523,68524,68525,68528,68529,68530,137047,137048,137049,137050,137051,137054,137055,137056,137057,137058,1,-1,2,-2,1,3,1,-1,-3,-1,2,2,5,2,2,-2,-2,-5,-2,-2
0,1,22843,22846,68529,68530,68531,68534,68535,68536,137059,137060,137061,137062,137063,137066,137067,137068,137069,137070,1,-1,2,-2,1,3,1,-1,-3,-1,2,2,5,2,2,-2,-2,-5,-2,-2
0,1,22845,22848,68535,68536,68537,68540,68541,68542,137071,137072,137073,137074,137075,137078,137079,137080,137081,137082,1,-1,2,-2,1,3,1,-1,-3,-1,2,2,5,2,2,-2,-2,-5,-2,-2
0,1,22847,22850,68541,68542,68543,68546,68547,68548,137083,137084,137085,137086,137087,137090,137091,137092,137093,137094,1,-1,2,-2,1,3,1,-1,-3,-1,2,2,5,2,2,-2,-2,-5,-2,-2
0,1,22849,22852,68547,68548,68549,68552,68553,68554,137095,137096,137097,137098,137099,137102,137103,137104,137105,137106,1,-1,2,-2,1,3,1,-1,-3,-1,2,2,5,2,2,-2,-2,-5,-2,-2
0,1,22851,22854,68553,68554,68555,68558,68559,68560,137107,137108,137109,137110,137111,137114,137115,137116,137117,137118,1,-1,2,-2,1,3,1,-1,-3,-1,2,2,5,2,2,-2,-2,-5,-2,-2
0,1,22853,22856,68559,68560,68561,68564,68565,68566,137119,137120,137121,137122,137123,137126,137127,137128,137129,137130,1,-1,2,-2,1,3,1,-1,-3,-1,2,2,5,2,2,-2,-2,-5,-2,-2
0,1,22855,22858,68565,68566,68567,68570,68571,68572,137131,137132,137133,137134,137135,137138,137139,137140,137141,137142,1,-1,2,-2,1,3,1,-1,-3,-1,2,2,5,2,2,-2,-2,-5,-2,-2
0,1,22857,22860,68571,68572,68573,68576,68577,68578,137143,137144,137145,137146,137147,137150,137151,137152,137153,137154,1,-1,2,-2,1,3,1,-1,-3,-1,2,2,5,2,2,-2,-2,-5,-2,-2
0,1,22859,22862,68577,68578,68579,68582,68583,68584,137155,137156,137157,137158,137159,137162,137163,137164,137165,137166,1,-1,2,-2,1,3,1,-1,-3,-1,2,2,5,2,2,-2,-2,-5,-2,-2
0,1,22861,22864,68583,68584,68585,68588,68589,68590,137167,137168,137169,137170,137171,137174,137175,137176,137177,137178,1,-1,2,-2,1,3,1,-1,-3,-1,2,2,5,2,2,-2,-2,-5,-2,-2
0,1,22863,22866,68589,68590,68591,68594,68595,68596,137179,137180,137181,137182,137183,137186,137187,137188,137189,137190,1,-1,2,-2,1,3,1,-1,-3,-1,2,2,5,2,2,-2,-2,-5,-2,-2
0,1,22865,22868,68595,68596,68597,68600,68601,68602,137191,137192,137193,137194,137195,137198,137199,137200,137201,137202,1,-1,2,-2,1,3,1,-1,-3,-1,2,2,5,2,2,-2,-2,-5,-2,-2
0,1,22867,22870,68601,68602,68603,68606,68607,68608,137203,137204,137205,137206,137207,137210,137211,137212,137213,137214,1,-1,2,-2,1,3,1,-1,-3,-1,2,2,5,2,2,-2,-2,-5,-2,-2
0,1,22869,22872,68607,68608,68609,68612,68613,68614,137215,137216,137217,137218,137219,137222,137223,137224,137225,137226,1,-1,2,-2,1,3,1,-1,-3,-1,2,2,5,2,2,-2,-2,-5,-2,-2
0,1,22871,22874,68613,68614,68615,68618,68619,68620,137227,137228,137229,137230,137231,137234,137235,137236,137237,137238,1,-1,2,-2,1,3,1,-1,-3,-1,2,2,5,2,2,-2,-2,-5,-2,-2
0,1,22873,22876,68619,68620,68621,68624,68625,68626,137239,137240,137241,137242,137243,137246,137247,137248,137249,137250,1,-1,2,-2,1,3,1,-1,-3,-1,2,2,5,2,2,-2,-2,-5,-2,-2
0,1,22875,22878,68625,68626,68627,68630,68631,68632,137251,137252,137253,137254,137255,137258,137259,137260,137261,137262,1,-1,2,-2,1,3,1,-1,-3,-1,2,2,5,2,2,-2,-2,-5,-2,-2
0,1,22877,22880,68631,68632,68633,68636,68637,68638,137263,137264,137265,137266,137267,137270,137271,137272,137273,137274,1,-1,2,-2,1,3,1,-1,-3,-1,2,2,5,2,2,-2,-2,-5,-2,-2
0,1,22879,22882,68637,68638,68639,68642,68643,68644,137275,137276,137277,137278,137279,137282,137283,137284,137285,137286,1,-1,2,-2,1,3,1,-1,-3,-1,2,2,5,2,2,-2,-2,-5,-2,-2
0,1,22881,22884,68643,68644,68645,68648,68649,68650,137287,137288,137289,137290,137291,137294,137295,137296,137297,137298,1,-1,2,-2,1,3,1,-1,-3,-1,2,2,5,2,2,-2,-2,-5,-2,-2
0,1,22883,22886,68649,68650,68651,68654,68655,68656,137299,137300,137301,137302,137303,137306,137307,137308,137309,137310,1,-1,2,-2,1,3,1,-1,-3,-1,2,2,5,2,2,-2,-2,-5,-2,-2
0,1,22885,22888,68655,68656,68657,68660,68661,68662,137311,137312,137313,137314,137315,137318,137319,137320,137321,137322,1,-1,2,-2,1,3,1,-1,-3,-1,2,2,5,2,2,-2,-2,-5,-2,-2
0,1,22887,22890,68661,68662,68663,68666,68667,68668,137323,137324,137325,137326,137327,137330,137331,137332,137333,137334,1,-1,2,-2,1,3,1,-1,-3,-1,2,2,5,2,2,-2,-2,-5,-2,-2
0,1,22889,22892,68667,68668,68669,68672,68673,68674,137335,137336,137337,137338,137339,137342,137343,137344,137345,137346,1,-1,2,-2,1,3,1,-1,-3,-1,2,2,5,2,2,-2,-2,-5,-2,-2
0,1,22891,22894,68673,68674,68675,68678,68679,68680,137347,137348,137349,137350,137351,137354,137355,137356,137357,137358,1,-1,2,-2,1,3,1,-1,-3,-1,2,2,5,2,2,-2,-2,-5,-2,-2
0,1,22893,22896,68679,68680,68681,68684,68685,68686,137359,137360,137361,137362,137363,137366,137367,137368,137369,137370,1,-1,2,-2,1,3,1,-1,-3,-1,2,2,5,2,2,-2,-2,-5,-2,-2
0,1,22895,22898,68685,68686,68687,68690,68691,68692,137371,137372,137373,137374,137375,137378,137379,137380,137381,137382,1,-1,2,-2,1,3,1,-1,-3,-1,2,2,5,2,2,-2,-2,-5,-2,-2
0,1,22897,22900,68691,68692,68693,68696,68697,68698,137383,137384,137385,137386,137387,137390,137391,137392,137393,137394,1,-1,2,-2,1,3,1,-1,-3,-1,2,2,5,2,2,-2,-2,-5,-2,-2
0,1,22899,22902,68697,68698,68699,68702,68703,68704,137395,137396,137397,137398,137399,137402,137403,137404,137405,137406,1,-1,2,-2,1,3,1,-1,-3,-1,2,2,5,2,2,-2,-2,-5,-2,-2
0,1,22901,22904,68703,68704,68705,68708,68709,68710,137407,137408,137409,137410,137411,137414,137415,137416,137417,137418,1,-1,2,-2,1,3,1,-1,-3,-1,2,2,5,2,2,-2,-2,-5,-2,-2
0,1,22903,22906,68709,68710,68711,68714,68715,68716,137419,137420,137421,137422,137423,137426,137427,137428,137429,137430,1,-1,2,-2,1,3,1,-1,-3,-1,2,2,5,2,2,-2,-2,-5,-2,-2
0,1,22905,22908,68715,68716,68717,68720,68721,68722,137431,137432,137433,137434,137435,137438,137439,137440,137441,137442,1,-1,2,-2,1,3,1,-1,-3,-1,2,2,5,2,2,-2,-2,-5,-2,-2
0,1,22907,22910,68721,68722,68723,68726,68727,68728,137443,137444,137445,137446,137447,137450,137451,137452,137453,137454,1,-1,2,-2,1,3,1,-1,-3,-1,2,2,5,2,2,-2,-2,-5,-2,-2
0,1,22909,22912,68727,68728,68729,68732,68733,68734,137455,137456,137457,137458,137459,137462,137463,137464,137465,137466,1,-1,2,-2,1,3,1,-1,-3,-1,2,2,5,2,2,-2,-2,-5,-2,-2
0,1,22911,22914,68733,68734,68735,68738,68739,68740,137467,137468,137469,137470,137471,137474,137475,137476,137477,137478,1,-1,2,-2,1,3,1,-1,-3,-1,2,2,5,2,2,-2,-2,-5,-2,-2
0,1,22913,22916,68739,68740,68741,68744,68745,68746,137479,137480,137481,137482,137483,137486,137487,137488,137489,137490,1,-1,2,-2,1,3,1,-1,-3,-1,2,2,5,2,2,-2,-2,-5,-2,-2
0,1,22915,22918,68745,68746,68747,68750,68751,68752,137491,137492,137493,137494,137495,137498,137499,137500,137501,137502,1,-1,2,-2,1,3,1,-1,-3,-1,2,2,5,2,2,-2,-2,-5,-2,-2
0,1,22917,22920,68751,68752,68753,68756,68757,68758,137503,137504,137505,137506,137507,137510,137511,137512,137513,137514,1,-1,2,-2,1,3,1,-1,-3,-1,2,2,5,2,2,-2,-2,-5,-2,-2
0,1,22919,22922,68757,68758,68759,68762,68763,68764,137515,137516,137517,137518,137519,137522,137523,137524,137525,137526,1,-1,2,-2,1,3,1,-1,-3,-1,2,2,5,2,2,-2,-2,-5,-2,-2
0,1,22921,22924,68763,68764,68765,68768,68769,68770,137527,137528,137529,137530,137531,137534,137535,137536,137537,137538,1,-1,2,-2,1,3,1,-1,-3,-1,2,2,5,2,2,-2,-2,-5,-2,-2
0,1,22923,22926,68769,68770,68771,68774,68775,68776,137539,137540,137541,137542,137543,137546,137547,137548,137549,137550,1,-1,2,-2,1,3,1,-1,-3,-1,2,2,5,2,2,-2,-2,-5,-2,-2
0,1,22925,22928,68775,68776,68777,68780,68781,68782,137551,137552,137553,137554,137555,137558,137559,137560,137561,137562,1,-1,2,-2,1,3,1,-1,-3,-1,2,2,5,2,2,-2,-2,-5,-2,-2
0,1,22927,22930,68781,68782,68783,68786,68787,68788,137563,137564,137565,137566,137567,137570,137571,137572,137573,137574,1,-1,2,-2,1,3,1,-1,-3,-1,2,2,5,2,2,-2,-2,-5,-2,-2
0,1,22929,22932,68787,68788,68789,68792,68793,68794,137575,137576,137577,137578,137579,137582,137583,137584,137585,137586,1,-1,2,-2,1,3,1,-1,-3,-1,2,2,5,2,2,-2,-2,-5,-2,-2
0,1,22931,22934,68793,68794,68795,68798,68799,68800,137587,137588,137589,137590,137591,137594,137595,137596,137597,137598,1,-1,2,-2,1,3,1,-1,-3,-1,2,2,5,2,2,-2,-2,-5,-2,-2
0,1,22933,22936,68799,68800,68801,68804,68805,68806,137599,137600,137601,137602,137603,137606,137607,137608,137609,137610,1,-1,2,-2,1,3,1,-1,-3,-1,2,2,5,2,2,-2,-2,-5,-2,-2
0,1,22935,22938,68805,68806,68807,68810,68811,68812,137611,137612,137613,137614,137615,137618,137619,137620,137621,137622,1,-1,2,-2,1,3,1,-1,-3,-1,2,2,5,2,2,-2,-2,-5,-2,-2
0,1,22937,22940,68811,68812,68813,68816,68817,68818,137623,137624,137625,137626,137627,137630,137631,137632,137633,137634,1,-1,2,-2,1,3,1,-1,-3,-1,2,2,5,2,2,-2,-2,-5,-2,-2
0,1,22939,22942,68817,68818,68819,68822,68823,68824,137635,137636,137637,137638,137639,137642,137643,137644,137645,137646,1,-1,2,-2,1,3,1,-1,-3,-1,2,2,5,2,2,-2,-2,-5,-2,-2
0,1,22941,22944,68823,68824,68825,68828,68829,68830,137647,137648,137649,137650,137651,137654,137655,137656,137657,137658,1,-1,2,-2,1,3,1,-1,-3,-1,2,2,5,2,2,-2,-2,-5,-2,-2
0,1,22943,22946,68829,68830,68831,68834,68835,68836,137659,137660,137661,137662,137663,137666,137667,137668,137669,137670,1,-1,2,-2,1,3,1,-1,-3,-1,2,2,5,2,2,-2,-2,-5,-2,-2
0,1,22945,22948,68835,68836,68837,68840,68841,68842,137671,137672,137673,137674,137675,137678,137679,137680,137681,137682,1,-1,2,-2,1,3,1,-1,-3,-1,2,2,5,2,2,-2,-2,-5,-2,-2
0,1,22947,22950,68841,68842,68843,68846,68847,68848,137683,137684,137685,137686,137687,137690,137691,137692,137693,137694,1,-1,2,-2,1,3,1,-1,-3,-1,2,2,5,2,2,-2,-2,-5,-2,-2
0,1,22949,22952,68847,68848,68849,68852,68853,68854,137695,137696,137697,137698,137699,137702,137703,137704,137705,137706,1,-1,2,-2,1,3,1,-1,-3,-1,2,2,5,2,2,-2,-2,-5,-2,-2
0,1,22951,22954,68853,68854,68855,68858,68859,68860,137707,137708,137709,137710,137711,137714,137715,137716,137717,137718,1,-1,2,-2,1,3,1,-1,-3,-1,2,2,5,2,2,-2,-2,-5,-2,-2
0,1,22953,22956,68859,68860,68861,68864,68865,68866,137719,137720,137721,137722,137723,137726,137727,137728,137729,137730,1,-1,2,-2,1,3,1,-1,-3,-1,2,2,5,2,2,-2,-2,-5,-2,-2
0,1,22955,22958,68865,68866,68867,68870,68871,68872,137731,137732,137733,137734,137735,137738,137739,137740,137741,137742,1,-1,2,-2,1,3,1,-1,-3,-1,2,2,5,2,2,-2,-2,-5,-2,-2
0,1,22957,22960,68871,68872,68873,68876,68877,68878,137743,137744,137745,137746,137747,137750,137751,137752,137753,137754,1,-1,2,-2,1,3,1,-1,-3,-1,2,2,5,2,2,-2,-2,-5,-2,-2
0,1,22959,22962,68877,68878,68879,68882,68883,68884,137755,137756,137757,137758,137759,137762,137763,137764,137765,137766,1,-1,2,-2,1,3,1,-1,-3,-1,2,2,5,2,2,-2,-2,-5,-2,-2
0,1,22961,22964,68883,68884,68885,68888,68889,68890,137767,137768,137769,137770,137771,137774,137775,137776,137777,137778,1,-1,2,-2,1,3,1,-1,-3,-1,2,2,5,2,2,-2,-2,-5,-2,-2
0,1,22963,22966,68889,68890,68891,68894,68895,68896,137779,137780,137781,137782,137783,137786,137787,137788,137789,137790,1,-1,2,-2,1,3,1,-1,-3,-1,2,2,5,2,2,-2,-2,-5,-2,-2
0,1,22965,22968,68895,68896,68897,68900,68901,68902,137791,137792,137793,137794,137795,137798,137799,137800,137801,137802,1,-1,2,-2,1,3,1,-1,-3,-1,2,2,5,2,2,-2,-2,-5,-2,-2
0,1,22967,22970,68901,68902,68903,68906,68907,68908,137803,137804,137805,137806,137807,137810,137811,137812,137813,137814,1,-1,2,-2,1,3,1,-1,-3,-1,2,2,5,2,2,-2,-2,-5,-2,-2
0,1,22969,22972,68907,68908,68909,68912,68913,68914,137815,137816,137817,137818,137819,137822,137823,137824,137825,137826,1,-1,2,-2,1,3,1,-1,-3,-1,2,2,5,2,2,-2,-2,-5,-2,-2
0,1,22971,22974,68913,68914,68915,68918,68919,68920,137827,137828,137829,137830,137831,137834,137835,137836,137837,137838,1,-1,2,-2,1,3,1,-1,-3,-1,2,2,5,2,2,-2,-2,-5,-2,-2
0,1,22973,22976,68919,68920,68921,68924,68925,68926,137839,137840,137841,137842,137843,137846,137847,137848,137849,137850,1,-1,2,-2,1,3,1,-1,-3,-1,2,2,5,2,2,-2,-2,-5,-2,-2
0,1,22975,22978,68925,68926,68927,68930,68931,68932,137851,137852,137853,137854,137855,137858,137859,137860,137861,137862,1,-1,2,-2,1,3,1,-1,-3,-1,2,2,5,2,2,-2,-2,-5,-2,-2
0,1,22977,22980,68931,68932,68933,68936,68937,68938,137863,137864,137865,137866,137867,137870,137871,137872,137873,137874,1,-1,2,-2,1,3,1,-1,-3,-1,2,2,5,2,2,-2,-2,-5,-2,-2
0,1,22979,22982,68937,68938,68939,68942,68943,68944,137875,137876,137877,137878,137879,137882,137883,137884,137885,137886,1,-1,2,-2,1,3,1,-1,-3,-1,2,2,5,2,2,-2,-2,-5,-2,-2
0,1,22981,22984,68943,68944,68945,68948,68949,68950,137887,137888,137889,137890,137891,137894,137895,137896,137897,137898,1,-1,2,-2,1,3,1,-1,-3,-1,2,2,5,2,2,-2,-2,-5,-2,-2
0,1,22983,22986,68949,68950,68951,68954,68955,68956,137899,137900,137901,137902,137903,137906,137907,137908,137909,137910,1,-1,2,-2,1,3,1,-1,-3,-1,2,2,5,2,2,-2,-2,-5,-2,-2
0,1,22985,22988,68955,68956,68957,68960,68961,68962,137911,137912,137913,137914,137915,137918,137919,137920,137921,137922,1,-1,2,-2,1,3,1,-1,-3,-1,2,2,5,2,2,-2,-2,-5,-2,-2
0,1,22987,22990,68961,68962,68963,68966,68967,68968,137923,137924,137925,137926,137927,137930,137931,137932,137933,137934,1,-1,2,-2,1,3,1,-1,-3,-1,2,2,5,2,2,-2,-2,-5,-2,-2
0,1,22989,22992,68967,68968,68969,68972,68973,68974,137935,137936,137937,137938,137939,137942,137943,137944,137945,137946,1,-1,2,-2,1,3,1,-1,-3,-1,2,2,5,2,2,-2,-2,-5,-2,-2
0,1,22991,22994,68973,68974,68975,68978,68979,68980,137947,137948,137949,137950,137951,137954,137955,137956,137957,137958,1,-1,2,-2,1,3,1,-1,-3,-1,2,2,5,2,2,-2,-2,-5,-2,-2
0,1,22993,22996,68979,68980,68981,68984,68985,68986,137959,137960,137961,137962,137963,137966,137967,137968,137969,137970,1,-1,2,-2,1,3,1,-1,-3,-1,2,2,5,2,2,-2,-2,-5,-2,-2
0,1,22995,22998,68985,68986,68987,68990,68991,68992,137971,137972,137973,137974,137975,137978,137979,137980,137981,137982,1,-1,2,-2,1,3,1,-1,-3,-1,2,2,5,2,2,-2,-2,-5,-2,-2
0,1,22997,23000,68991,68992,68993,68996,68997,68998,137983,137984,137985,137986,137987,137990,137991,137992,137993,137994,1,-1,2,-2,1,3,1,-1,-3,-1,2,2,5,2,2,-2,-2,-5,-2,-2
0,1,22999,23002,68997,68998,68999,69002,69003,69004,137995,137996,137997,137998,137999,138002,138003,138004,138005,138006,1,-1,2,-2,1,3,1,-1,-3,-1,2,2,5,2,2,-2,-2,-5,-2,-2
0,1,23001,23004,69003,69004,69005,69008,69009,69010,138007,138008,138009,138010,138011,138014,138015,138016,138017,138018,1,-1,2,-2,1,3,1,-1,-3,-1,2,2,5,2,2,-2,-2,-5,-2,-2
0,1,23003,23006,69009,69010,69011,69014,69015,69016,138019,138020,138021,138022,138023,138026,138027,138028,138029,138030,1,-1,2,-2,1,3,1,-1,-3,-1,2,2,5,2,2,-2,-2,-5,-2,-2
0,1,23005,23008,69015,69016,69017,69020,69021,69022,138031,138032,138033,138034,138035,138038,138039,138040,138041,138042,1,-1,2,-2,1,3,1,-1,-3,-1,2,2,5,2,2,-2,-2,-5,-2,-2
0,1,23007,23010,69021,69022,69023,69026,69027,69028,138043,138044,138045,138046,138047,138050,138051,138052,138053,138054,1,-1,2,-2,1,3,1,-1,-3,-1,2,2,5,2,2,-2,-2,-5,-2,-2
0,1,23009,23012,69027,69028,69029,69032,69033,69034,138055,138056,138057,138058,138059,138062,138063,138064,138065,138066,1,-1,2,-2,1,3,1,-1,-3,-1,2,2,5,2,2,-2,-2,-5,-2,-2
0,1,23011,23014,69033,69034,69035,69038,69039,69040,138067,138068,138069,138070,138071,138074,138075,138076,138077,138078,1,-1,2,-2,1,3,1,-1,-3,-1,2,2,5,2,2,-2,-2,-5,-2,-2
0,1,23013,23016,69039,69040,69041,69044,69045,69046,138079,138080,138081,138082,138083,138086,138087,138088,138089,138090,1,-1,2,-2,1,3,1,-1,-3,-1,2,2,5,2,2,-2,-2,-5,-2,-2
0,1,23015,23018,69045,69046,69047,69050,69051,69052,138091,138092,138093,138094,138095,138098,138099,138100,138101,138102,1,-1,2,-2,1,3,1,-1,-3,-1,2,2,5,2,2,-2,-2,-5,-2,-2
0,1,23017,23020,69051,69052,69053,69056,69057,69058,138103,138104,138105,138106,138107,138110,138111,138112,138113,138114,1,-1,2,-2,1,3,1,-1,-3,-1,2,2,5,2,2,-2,-2,-5,-2,-2
0,1,23019,23022,69057,69058,69059,69062,69063,69064,138115,138116,138117,138118,138119,138122,138123,138124,138125,138126,1,-1,2,-2,1,3,1,-1,-3,-1,2,2,5,2,2,-2,-2,-5,-2,-2
0,1,23021,23024,69063,69064,69065,69068,69069,69070,138127,138128,138129,138130,138131,138134,138135,138136,138137,138138,1,-1,2,-2,1,3,1,-1,-3,-1,2,2,5,2,2,-2,-2,-5,-2,-2
0,1,23023,23026,69069,69070,69071,69074,69075,69076,138139,138140,138141,138142,138143,138146,138147,138148,138149,138150,1,-1,2,-2,1,3,1,-1,-3,-1,2,2,5,2,2,-2,-2,-5,-2,-2
0,1,23025,23028,69075,69076,69077,69080,69081,69082,138151,138152,138153,138154,138155,138158,138159,138160,138161,138162,1,-1,2,-2,1,3,1,-1,-3,-1,2,2,5,2,2,-2,-2,-5,-2,-2
0,1,23027,23030,69081,69082,69083,69086,69087,69088,138163,138164,138165,138166,138167,138170,138171,138172,138173,138174,1,-1,2,-2,1,3,1,-1,-3,-1,2,2,5,2,2,-2,-2,-5,-2,-2
0,1,23029,23032,69087,69088,69089,69092,69093,69094,138175,138176,138177,138178,138179,138182,138183,138184,138185,138186,1,-1,2,-2,1,3,1,-1,-3,-1,2,2,5,2,2,-2,-2,-5,-2,-2
0,1,23031,23034,69093,69094,69095,69098,69099,69100,138187,138188,138189,138190,138191,138194,138195,138196,138197,138198,1,-1,2,-2,1,3,1,-1,-3,-1,2,2,5,2,2,-2,-2,-5,-2,-2
0,1,23033,23036,69099,69100,69101,69104,69105,69106,138199,138200,138201,138202,138203,138206,138207,138208,138209,138210,1,-1,2,-2,1,3,1,-1,-3,-1,2,2,5,2,2,-2,-2,-5,-2,-2
0,1,23035,23038,69105,69106,69107,69110,69111,69112,138211,138212,138213,138214,138215,138218,138219,138220,138221,138222,1,-1,2,-2,1,3,1,-1,-3,-1,2,2,5,2,2,-2,-2,-5,-2,-2
0,1,23037,23040,69111,69112,69113,69116,69117,69118,138223,138224,138225,138226,138227,138230,138231,138232,138233,138234,1,-1,2,-2,1,3,1,-1,-3,-1,2,2,5,2,2,-2,-2,-5,-2,-2
0,1,23039,23042,69117,69118,69119,69122,69123,69124,138235,138236,138237,138238,138239,138242,138243,138244,138245,138246,1,-1,2,-2,1,3,1,-1,-3,-1,2,2,5,2,2,-2,-2,-5,-2,-2
0,1,23041,23044,69123,69124,69125,69128,69129,69130,138247,138248,138249,138250,138251,138254,138255,138256,138257,138258,1,-1,2,-2,1,3,1,-1,-3,-1,2,2,5,2,2,-2,-2,-5,-2,-2
0,1,23043,23046,69129,69130,69131,69134,69135,69136,138259,138260,138261,138262,138263,138266,138267,138268,138269,138270,1,-1,2,-2,1,3,1,-1,-3,-1,2,2,5,2,2,-2,-2,-5,-2,-2
0,1,23045,23048,69135,69136,69137,69140,69141,69142,138271,138272,138273,138274,138275,138278,138279,138280,138281,138282,1,-1,2,-2,1,3,1,-1,-3,-1,2,2,5,2,2,-2,-2,-5,-2,-2
0,1,23047,23050,69141,69142,69143,69146,69147,69148,138283,138284,138285,138286,138287,138290,138291,138292,138293,138294,1,-1,2,-2,1,3,1,-1,-3,-1,2,2,5,2,2,-2,-2,-5,-2,-2
0,1,23049,23052,69147,69148,69149,69152,69153,69154,138295,138296,138297,138298,138299,138302,138303,138304,138305,138306,1,-1,2,-2,1,3,1,-1,-3,-1,2,2,5,2,2,-2,-2,-5,-2,-2
0,1,23051,23054,69153,69154,69155,69158,69159,69160,138307,138308,138309,138310,138311,138314,138315,138316,138317,138318,1,-1,2,-2,1,3,1,-1,-3,-1,2,2,5,2,2,-2,-2,-5,-2,-2
0,1,23053,23056,69159,69160,69161,69164,69165,69166,138319,138320,138321,138322,138323,138326,138327,138328,138329,138330,1,-1,2,-2,1,3,1,-1,-3,-1,2,2,5,2,2,-2,-2,-5,-2,-2
0,1,23055,23058,69165,69166,69167,69170,69171,69172,138331,138332,138333,138334,138335,138338,138339,138340,138341,138342,1,-1,2,-2,1,3,1,-1,-3,-1,2,2,5,2,2,-2,-2,-5,-2,-2
0,1,23057,23060,69171,69172,69173,69176,69177,69178,138343,138344,138345,138346,138347,138350,138351,138352,138353,138354,1,-1,2,-2,1,3,1,-1,-3,-1,2,2,5,2,2,-2,-2,-5,-2,-2
0,1,23059,23062,69177,69178,69179,69182,69183,69184,138355,138356,138357,138358,138359,138362,138363,138364,138365,138366,1,-1,2,-2,1,3,1,-1,-3,-1,2,2,5,2,2,-2,-2,-5,-2,-2
0,1,23061,23064,69183,69184,69185,69188,69189,69190,138367,138368,138369,138370,138371,138374,138375,138376,138377,138378,1,-1,2,-2,1,3,1,-1,-3,-1,2,2,5,2,2,-2,-2,-5,-2,-2
0,1,23063,23066,69189,69190,69191,69194,69195,69196,138379,138380,138381,138382,138383,138386,138387,138388,138389,138390,1,-1,2,-2,1,3,1,-1,-3,-1,2,2,5,2,2,-2,-2,-5,-2,-2
0,1,23065,23068,69195,69196,69197,69200,69201,69202,138391,138392,138393,138394,138395,138398,138399,138400,138401,138402,1,-1,2,-2,1,3,1,-1,-3,-1,2,2,5,2,2,-2,-2,-5,-2,-2
0,1,23067,23070,69201,69202,69203,69206,69207,69208,138403,138404,138405,138406,138407,138410,138411,138412,138413,138414,1,-1,2,-2,1,3,1,-1,-3,-1,2,2,5,2,2,-2,-2,-5,-2,-2
0,1,23069,23072,69207,69208,69209,69212,69213,69214,138415,138416,138417,138418,138419,138422,138423,138424,138425,138426,1,-1,2,-2,1,3,1,-1,-3,-1,2,2,5,2,2,-2,-2,-5,-2,-2
0,1,23071,23074,69213,69214,69215,69218,69219,69220,138427,138428,138429,138430,138431,138434,138435,138436,138437,138438,1,-1,2,-2,1,3,1,-1,-3,-1,2,2,5,2,2,-2,-2,-5,-2,-2
0,1,23073,23076,69219,69220,69221,69224,69225,69226,138439,138440,138441,138442,138443,138446,138447,138448,138449,138450,1,-1,2,-2,1,3,1,-1,-3,-1,2,2,5,2,2,-2,-2,-5,-2,-2
0,1,23075,23078,69225,69226,69227,69230,69231,69232,138451,138452,138453,138454,138455,138458,138459,138460,138461,138462,1,-1,2,-2,1,3,1,-1,-3,-1,2,2,5,2,2,-2,-2,-5,-2,-2
0,1,23077,23080,69231,69232,69233,69236,69237,69238,138463,138464,138465,138466,138467,138470,138471,138472,138473,138474,1,-1,2,-2,1,3,1,-1,-3,-1,2,2,5,2,2,-2,-2,-5,-2,-2
0,1,23079,23082,69237,69238,69239,69242,69243,69244,138475,138476,138477,138478,138479,138482,138483,138484,138485,138486,1,-1,2,-2,1,3,1,-1,-3,-1,2,2,5,2,2,-2,-2,-5,-2,-2
0,1,23081,23084,69243,69244,69245,69248,69249,69250,138487,138488,138489,138490,138491,138494,138495,138496,138497,138498,1,-1,2,-2,1,3,1,-1,-3,-1,2,2,5,2,2,-2,-2,-5,-2,-2
0,1,23083,23086,69249,69250,69251,69254,69255,69256,138499,138500,138501,138502,138503,138506,138507,138508,138509,138510,1,-1,2,-2,1,3,1,-1,-3,-1,2,2,5,2,2,-2,-2,-5,-2,-2
0,1,23085,23088,69255,69256,69257,69260,69261,69262,138511,138512,138513,138514,138515,138518,138519,138520,138521,138522,1,-1,2,-2,1,3,1,-1,-3,-1,2,2,5,2,2,-2,-2,-5,-2,-2
0,1,23087,23090,69261,69262,69263,69266,69267,69268,138523,138524,138525,138526,138527,138530,138531,138532,138533,138534,1,-1,2,-2,1,3,1,-1,-3,-1,2,2,5,2,2,-2,-2,-5,-2,-2
0,1,23089,23092,69267,69268,69269,69272,69273,69274,138535,138536,138537,138538,138539,138542,138543,138544,138545,138546,1,-1,2,-2,1,3,1,-1,-3,-1,2,2,5,2,2,-2,-2,-5,-2,-2
0,1,23091,23094,69273,69274,69275,69278,69279,69280,138547,138548,138549,138550,138551,138554,138555,138556,138557,138558,1,-1,2,-2,1,3,1,-1,-3,-1,2,2,5,2,2,-2,-2,-5,-2,-2
0,1,23093,23096,69279,69280,69281,69284,69285,69286,138559,138560,138561,138562,138563,138566,138567,138568,138569,138570,1,-1,2,-2,1,3,1,-1,-3,-1,2,2,5,2,2,-2,-2,-5,-2,-2
0,1,23095,23098,69285,69286,69287,69290,69291,69292,138571,138572,138573,138574,138575,138578,138579,138580,138581,138582,1,-1,2,-2,1,3,1,-1,-3,-1,2,2,5,2,2,-2,-2,-5,-2,-2
0,1,23097,23100,69291,69292,69293,69296,69297,69298,138583,138584,138585,138586,138587,138590,138591,138592,138593,138594,1,-1,2,-2,1,3,1,-1,-3,-1,2,2,5,2,2,-2,-2,-5,-2,-2
0,1,23099,23102,69297,69298,69299,69302,69303,69304,138595,138596,138597,138598,138599,138602,138603,138604,138605,138606,1,-1,2,-2,1,3,1,-1,-3,-1,2,2,5,2,2,-2,-2,-5,-2,-2
0,1,23101,23104,69303,69304,69305,69308,69309,69310,138607,138608,138609,138610,138611,138614,138615,138616,138617,138618,1,-1,2,-2,1,3,1,-1,-3,-1,2,2,5,2,2,-2,-2,-5,-2,-2
0,1,23103,23106,69309,69310,69311,69314,69315,69316,138619,138620,138621,138622,138623,138626,138627,138628,138629,138630,1,-1,2,-2,1,3,1,-1,-3,-1,2,2,5,2,2,-2,-2,-5,-2,-2
0,1,23105,23108,69315,69316,69317,69320,69321,69322,138631,138632,138633,138634,138635,138638,138639,138640,138641,138642,1,-1,2,-2,1,3,1,-1,-3,-1,2,2,5,2,2,-2,-2,-5,-2,-2
0,1,23107,23110,69321,69322,69323,69326,69327,69328,138643,138644,138645,138646,138647,138650,138651,138652,138653,138654,1,-1,2,-2,1,3,1,-1,-3,-1,2,2,5,2,2,-2,-2,-5,-2,-2
0,1,23109,23112,69327,69328,69329,69332,69333,69334,138655,138656,138657,138658,138659,138662,138663,138664,138665,138666,1,-1,2,-2,1,3,1,-1,-3,-1,2,2,5,2,2,-2,-2,-5,-2,-2
0,1,23111,23114,69333,69334,69335,69338,69339,69340,138667,138668,138669,138670,138671,138674,138675,138676,138677,138678,1,-1,2,-2,1,3,1,-1,-3,-1,2,2,5,2,2,-2,-2,-5,-2,-2
0,1,23113,23116,69339,69340,69341,69344,69345,69346,138679,138680,138681,138682,138683,138686,138687,138688,138689,138690,1,-1,2,-2,1,3,1,-1,-3,-1,2,2,5,2,2,-2,-2,-5,-2,-2
0,1,23115,23118,69345,69346,69347,69350,69351,69352,138691,138692,138693,138694,138695,138698,138699,138700,138701,138702,1,-1,2,-2,1,3,1,-1,-3,-1,2,2,5,2,2,-2,-2,-5,-2,-2
0,1,23117,23120,69351,69352,69353,69356,69357,69358,138703,138704,138705,138706,138707,138710,138711,138712,138713,138714,1,-1,2,-2,1,3,1,-1,-3,-1,2,2,5,2,2,-2,-2,-5,-2,-2
0,1,23119,23122,69357,69358,69359,69362,69363,69364,138715,138716,138717,138718,138719,138722,138723,138724,138725,138726,1,-1,2,-2,1,3,1,-1,-3,-1,2,2,5,2,2,-2,-2,-5,-2,-2
0,1,23121,23124,69363,69364,69365,69368,69369,69370,138727,138728,138729,138730,138731,138734,138735,138736,138737,138738,1,-1,2,-2,1,3,1,-1,-3,-1,2,2,5,2,2,-2,-2,-5,-2,-2
0,1,23123,23126,69369,69370,69371,69374,69375,69376,138739,138740,138741,138742,138743,138746,138747,138748,138749,138750,1,-1,2,-2,1,3,1,-1,-3,-1,2,2,5,2,2,-2,-2,-5,-2,-2
0,1,23125,23128,69375,69376,69377,69380,69381,69382,138751,138752,138753,138754,138755,138758,138759,138760,138761,138762,1,-1,2,-2,1,3,1,-1,-3,-1,2,2,5,2,2,-2,-2,-5,-2,-2
0,1,23127,23130,69381,69382,69383,69386,69387,69388,138763,138764,138765,138766,138767,138770,138771,138772,138773,138774,1,-1,2,-2,1,3,1,-1,-3,-1,2,2,5,2,2,-2,-2,-5,-2,-2
0,1,23129,23132,69387,69388,69389,69392,69393,69394,138775,138776,138777,138778,138779,138782,138783,138784,138785,138786,1,-1,2,-2,1,3,1,-1,-3,-1,2,2,5,2,2,-2,-2,-5,-2,-2
0,1,23131,23134,69393,69394,69395,69398,69399,69400,138787,138788,138789,138790,138791,138794,138795,138796,138797,138798,1,-1,2,-2,1,3,1,-1,-3,-1,2,2,5,2,2,-2,-2,-5,-2,-2
0,1,23133,23136,69399,69400,69401,69404,69405,69406,138799,138800,138801,138802,138803,138806,138807,138808,138809,138810,1,-1,2,-2,1,3,1,-1,-3,-1,2,2,5,2,2,-2,-2,-5,-2,-2
0,1,23135,23138,69405,69406,69407,69410,69411,69412,138811,138812,138813,138814,138815,138818,138819,138820,138821,138822,1,-1,2,-2,1,3,1,-1,-3,-1,2,2,5,2,2,-2,-2,-5,-2,-2
0,1,23137,23140,69411,69412,69413,69416,69417,69418,138823,138824,138825,138826,138827,138830,138831,138832,138833,138834,1,-1,2,-2,1,3,1,-1,-3,-1,2,2,5,2,2,-2,-2,-5,-2,-2
0,1,23139,23142,69417,69418,69419,69422,69423,69424,138835,138836,138837,138838,138839,138842,138843,138844,138845,138846,1,-1,2,-2,1,3,1,-1,-3,-1,2,2,5,2,2,-2,-2,-5,-2,-2
0,1,23141,23144,69423,69424,69425,69428,69429,69430,138847,138848,138849,138850,138851,138854,138855,138856,138857,138858,1,-1,2,-2,1,3,1,-1,-3,-1,2,2,5,2,2,-2,-2,-5,-2,-2
0,1,23143,23146,69429,69430,69431,69434,69435,69436,138859,138860,138861,138862,138863,138866,138867,138868,138869,138870,1,-1,2,-2,1,3,1,-1,-3,-1,2,2,5,2,2,-2,-2,-5,-2,-2
0,1,23145,23148,69435,69436,69437,69440,69441,69442,138871,138872,138873,138874,138875,138878,138879,138880,138881,138882,1,-1,2,-2,1,3,1,-1,-3,-1,2,2,5,2,2,-2,-2,-5,-2,-2
0,1,23147,23150,69441,69442,69443,69446,69447,69448,138883,138884,138885,138886,138887,138890,138891,138892,138893,138894,1,-1,2,-2,1,3,1,-1,-3,-1,2,2,5,2,2,-2,-2,-5,-2,-2
0,1,23149,23152,69447,69448,69449,69452,69453,69454,138895,138896,138897,138898,138899,138902,138903,138904,138905,138906,1,-1,2,-2,1,3,1,-1,-3,-1,2,2,5,2,2,-2,-2,-5,-2,-2
0,1,23151,23154,69453,69454,69455,69458,69459,69460,138907,138908,138909,138910,138911,138914,138915,138916,138917,138918,1,-1,2,-2,1,3,1,-1,-3,-1,2,2,5,2,2,-2,-2,-5,-2,-2
0,1,23153,23156,69459,69460,69461,69464,69465,69466,138919,138920,138921,138922,138923,138926,138927,138928,138929,138930,1,-1,2,-2,1,3,1,-1,-3,-1,2,2,5,2,2,-2,-2,-5,-2,-2
0,1,23155,23158,69465,69466,69467,69470,69471,69472,138931,138932,138933,138934,138935,138938,138939,138940,138941,138942,1,-1,2,-2,1,3,1,-1,-3,-1,2,2,5,2,2,-2,-2,-5,-2,-2
0,1,23157,23160,69471,69472,69473,69476,69477,69478,138943,138944,138945,138946,138947,138950,138951,138952,138953,138954,1,-1,2,-2,1,3,1,-1,-3,-1,2,2,5,2,2,-2,-2,-5,-2,-2
0,1,23159,23162,69477,69478,69479,69482,69483,69484,138955,138956,138957,138958,138959,138962,138963,138964,138965,138966,1,-1,2,-2,1,3,1,-1,-3,-1,2,2,5,2,2,-2,-2,-5,-2,-2
0,1,23161,23164,69483,69484,69485,69488,69489,69490,138967,138968,138969,138970,138971,138974,138975,138976,138977,138978,1,-1,2,-2,1,3,1,-1,-3,-1,2,2,5,2,2,-2,-2,-5,-2,-2
0,1,23163,23166,69489,69490,69491,69494,69495,69496,138979,138980,138981,138982,138983,138986,138987,138988,138989,138990,1,-1,2,-2,1,3,1,-1,-3,-1,2,2,5,2,2,-2,-2,-5,-2,-2
0,1,23165,23168,69495,69496,69497,69500,69501,69502,138991,138992,138993,138994,138995,138998,138999,139000,139001,139002,1,-1,2,-2,1,3,1,-1,-3,-1,2,2,5,2,2,-2,-2,-5,-2,-2
0,1,23167,23170,69501,69502,69503,69506,69507,69508,139003,139004,139005,139006,139007,139010,139011,139012,139013,139014,1,-1,2,-2,1,3,1,-1,-3,-1,2,2,5,2,2,-2,-2,-5,-2,-2
0,1,23169,23172,69507,69508,69509,69512,69513,69514,139015,139016,139017,139018,139019,139022,139023,139024,139025,139026,1,-1,2,-2,1,3,1,-1,-3,-1,2,2,5,2,2,-2,-2,-5,-2,-2
0,1,23171,23174,69513,69514,69515,69518,69519,69520,139027,139028,139029,139030,139031,139034,139035,139036,139037,139038,1,-1,2,-2,1,3,1,-1,-3,-1,2,2,5,2,2,-2,-2,-5,-2,-2
0,1,23173,23176,69519,69520,69521,69524,69525,69526,139039,139040,139041,139042,139043,139046,139047,139048,139049,139050,1,-1,2,-2,1,3,1,-1,-3,-1,2,2,5,2,2,-2,-2,-5,-2,-2
0,1,23175,23178,69525,69526,69527,69530,69531,69532,139051,139052,139053,139054,139055,139058,139059,139060,139061,139062,1,-1,2,-2,1,3,1,-1,-3,-1,2,2,5,2,2,-2,-2,-5,-2,-2
0,1,23177,23180,69531,69532,69533,69536,69537,69538,139063,139064,139065,139066,139067,139070,139071,139072,139073,139074,1,-1,2,-2,1,3,1,-1,-3,-1,2,2,5,2,2,-2,-2,-5,-2,-2
0,1,23179,23182,69537,69538,69539,69542,69543,69544,139075,139076,139077,139078,139079,139082,139083,139084,139085,139086,1,-1,2,-2,1,3,1,-1,-3,-1,2,2,5,2,2,-2,-2,-5,-2,-2
0,1,23181,23184,69543,69544,69545,69548,69549,69550,139087,139088,139089,139090,139091,139094,139095,139096,139097,139098,1,-1,2,-2,1,3,1,-1,-3,-1,2,2,5,2,2,-2,-2,-5,-2,-2
0,1,23183,23186,69549,69550,69551,69554,69555,69556,139099,139100,139101,139102,139103,139106,139107,139108,139109,139110,1,-1,2,-2,1,3,1,-1,-3,-1,2,2,5,2,2,-2,-2,-5,-2,-2
0,1,23185,23188,69555,69556,69557,69560,69561,69562,139111,139112,139113,139114,139115,139118,139119,139120,139121,139122,1,-1,2,-2,1,3,1,-1,-3,-1,2,2,5,2,2,-2,-2,-5,-2,-2
0,1,23187,23190,69561,69562,69563,69566,69567,69568,139123,139124,139125,139126,139127,139130,139131,139132,139133,139134,1,-1,2,-2,1,3,1,-1,-3,-1,2,2,5,2,2,-2,-2,-5,-2,-2
0,1,23189,23192,69567,69568,69569,69572,69573,69574,139135,139136,139137,139138,139139,139142,139143,139144,139145,139146,1,-1,2,-2,1,3,1,-1,-3,-1,2,2,5,2,2,-2,-2,-5,-2,-2
0,1,23191,23194,69573,69574,69575,69578,69579,69580,139147,139148,139149,139150,139151,139154,139155,139156,139157,139158,1,-1,2,-2,1,3,1,-1,-3,-1,2,2,5,2,2,-2,-2,-5,-2,-2
0,1,23193,23196,69579,69580,69581,69584,69585,69586,139159,139160,139161,139162,139163,139166,139167,139168,139169,139170,1,-1,2,-2,1,3,1,-1,-3,-1,2,2,5,2,2,-2,-2,-5,-2,-2
0,1,23195,23198,69585,69586,69587,69590,69591,69592,139171,139172,139173,139174,139175,139178,139179,139180,139181,139182,1,-1,2,-2,1,3,1,-1,-3,-1,2,2,5,2,2,-2,-2,-5,-2,-2
0,1,23197,23200,69591,69592,69593,69596,69597,69598,139183,139184,139185,139186,139187,139190,139191,139192,139193,139194,1,-1,2,-2,1,3,1,-1,-3,-1,2,2,5,2,2,-2,-2,-5,-2,-2
0,1,23199,23202,69597,69598,69599,69602,69603,69604,139195,139196,139197,139198,139199,139202,139203,139204,139205,139206,1,-1,2,-2,1,3,1,-1,-3,-1,2,2,5,2,2,-2,-2,-5,-2,-2
0,1,23201,23204,69603,69604,69605,69608,69609,69610,139207,139208,139209,139210,139211,139214,139215,139216,139217,139218,1,-1,2,-2,1,3,1,-1,-3,-1,2,2,5,2,2,-2,-2,-5,-2,-2
0,1,23203,23206,69609,69610,69611,69614,69615,69616,139219,139220,139221,139222,139223,139226,139227,139228,139229,139230,1,-1,2,-2,1,3,1,-1,-3,-1,2,2,5,2,2,-2,-2,-5,-2,-2
0,1,23205,23208,69615,69616,69617,69620,69621,69622,139231,139232,139233,139234,139235,139238,139239,139240,139241,139242,1,-1,2,-2,1,3,1,-1,-3,-1,2,2,5,2,2,-2,-2,-5,-2,-2
0,1,23207,23210,69621,69622,69623,69626,69627,69628,139243,139244,139245,139246,139247,139250,139251,139252,139253,139254,1,-1,2,-2,1,3,1,-1,-3,-1,2,2,5,2,2,-2,-2,-5,-2,-2
0,1,23209,23212,69627,69628,69629,69632,69633,69634,139255,139256,139257,139258,139259,139262,139263,139264,139265,139266,1,-1,2,-2,1,3,1,-1,-3,-1,2,2,5,2,2,-2,-2,-5,-2,-2
0,1,23211,23214,69633,69634,69635,69638,69639,69640,139267,139268,139269,139270,139271,139274,139275,139276,139277,139278,1,-1,2,-2,1,3,1,-1,-3,-1,2,2,5,2,2,-2,-2,-5,-2,-2
0,1,23213,23216,69639,69640,69641,69644,69645,69646,139279,139280,139281,139282,139283,139286,139287,139288,139289,139290,1,-1,2,-2,1,3,1,-1,-3,-1,2,2,5,2,2,-2,-2,-5,-2,-2
0,1,23215,23218,69645,69646,69647,69650,69651,69652,139291,139292,139293,139294,139295,139298,139299,139300,139301,139302,1,-1,2,-2,1,3,1,-1,-3,-1,2,2,5,2,2,-2,-2,-5,-2,-2
0,1,23217,23220,69651,69652,69653,69656,69657,69658,139303,139304,139305,139306,139307,139310,139311,139312,139313,139314,1,-1,2,-2,1,3,1,-1,-3,-1,2,2,5,2,2,-2,-2,-5,-2,-2
0,1,23219,23222,69657,69658,69659,69662,69663,69664,139315,139316,139317,139318,139319,139322,139323,139324,139325,139326,1,-1,2,-2,1,3,1,-1,-3,-1,2,2,5,2,2,-2,-2,-5,-2,-2
0,1,23221,23224,69663,69664,69665,69668,69669,69670,139327,139328,139329,139330,139331,139334,139335,139336,139337,139338,1,-1,2,-2,1,3,1,-1,-3,-1,2,2,5,2,2,-2,-2,-5,-2,-2
0,1,23223,23226,69669,69670,69671,69674,69675,69676,139339,139340,139341,139342,139343,139346,139347,139348,139349,139350,1,-1,2,-2,1,3,1,-1,-3,-1,2,2,5,2,2,-2,-2,-5,-2,-2
0,1,23225,23228,69675,69676,69677,69680,69681,69682,139351,139352,139353,139354,139355,139358,139359,139360,139361,139362,1,-1,2,-2,1,3,1,-1,-3,-1,2,2,5,2,2,-2,-2,-5,-2,-2
0,1,23227,23230,69681,69682,69683,69686,69687,69688,139363,139364,139365,139366,139367,139370,139371,139372,139373,139374,1,-1,2,-2,1,3,1,-1,-3,-1,2,2,5,2,2,-2,-2,-5,-2,-2
0,1,23229,23232,69687,69688,69689,69692,69693,69694,139375,139376,139377,139378,139379,139382,139383,139384,139385,139386,1,-1,2,-2,1,3,1,-1,-3,-1,2,2,5,2,2,-2,-2,-5,-2,-2
0,1,23231,23234,69693,69694,69695,69698,69699,69700,139387,139388,139389,139390,139391,139394,139395,139396,139397,139398,1,-1,2,-2,1,3,1,-1,-3,-1,2,2,5,2,2,-2,-2,-5,-2,-2
0,1,23233,23236,69699,69700,69701,69704,69705,69706,139399,139400,139401,139402,139403,139406,139407,139408,139409,139410,1,-1,2,-2,1,3,1,-1,-3,-1,2,2,5,2,2,-2,-2,-5,-2,-2
0,1,23235,23238,69705,69706,69707,69710,69711,69712,139411,139412,139413,139414,139415,139418,139419,139420,139421,139422,1,-1,2,-2,1,3,1,-1,-3,-1,2,2,5,2,2,-2,-2,-5,-2,-2
0,1,23237,23240,69711,69712,69713,69716,69717,69718,139423,139424,139425,139426,139427,139430,139431,139432,139433,139434,1,-1,2,-2,1,3,1,-1,-3,-1,2,2,5,2,2,-2,-2,-5,-2,-2
0,1,23239,23242,69717,69718,69719,69722,69723,69724,139435,139436,139437,139438,139439,139442,139443,139444,139445,139446,1,-1,2,-2,1,3,1,-1,-3,-1,2,2,5,2,2,-2,-2,-5,-2,-2
0,1,23241,23244,69723,69724,69725,69728,69729,69730,139447,139448,139449,139450,139451,139454,139455,139456,139457,139458,1,-1,2,-2,1,3,1,-1,-3,-1,2,2,5,2,2,-2,-2,-5,-2,-2
0,1,23243,23246,69729,69730,69731,69734,69735,69736,139459,139460,139461,139462,139463,139466,139467,139468,139469,139470,1,-1,2,-2,1,3,1,-1,-3,-1,2,2,5,2,2,-2,-2,-5,-2,-2
0,1,23245,23248,69735,69736,69737,69740,69741,69742,139471,139472,139473,139474,139475,139478,139479,139480,139481,139482,1,-1,2,-2,1,3,1,-1,-3,-1,2,2,5,2,2,-2,-2,-5,-2,-2
0,1,23247,23250,69741,69742,69743,69746,69747,69748,139483,139484,139485,139486,139487,139490,139491,139492,139493,139494,1,-1,2,-2,1,3,1,-1,-3,-1,2,2,5,2,2,-2,-2,-5,-2,-2
0,1,23249,23252,69747,69748,69749,69752,69753,69754,139495,139496,139497,139498,139499,139502,139503,139504,139505,139506,1,-1,2,-2,1,3,1,-1,-3,-1,2,2,5,2,2,-2,-2,-5,-2,-2
0,1,23251,23254,69753,69754,69755,69758,69759,69760,139507,139508,139509,139510,139511,139514,139515,139516,139517,139518,1,-1,2,-2,1,3,1,-1,-3,-1,2,2,5,2,2,-2,-2,-5,-2,-2
0,1,23253,23256,69759,69760,69761,69764,69765,69766,139519,139520,139521,139522,139523,139526,139527,139528,139529,139530,1,-1,2,-2,1,3,1,-1,-3,-1,2,2,5,2,2,-2,-2,-5,-2,-2
0,1,23255,23258,69765,69766,69767,69770,69771,69772,139531,139532,139533,139534,139535,139538,139539,139540,139541,139542,1,-1,2,-2,1,3,1,-1,-3,-1,2,2,5,2,2,-2,-2,-5,-2,-2
0,1,23257,23260,69771,69772,69773,69776,69777,69778,139543,139544,139545,139546,139547,139550,139551,139552,139553,139554,1,-1,2,-2,1,3,1,-1,-3,-1,2,2,5,2,2,-2,-2,-5,-2,-2
0,1,23259,23262,69777,69778,69779,69782,69783,69784,139555,139556,139557,139558,139559,139562,139563,139564,139565,139566,1,-1,2,-2,1,3,1,-1,-3,-1,2,2,5,2,2,-2,-2,-5,-2,-2
0,1,23261,23264,69783,69784,69785,69788,69789,69790,139567,139568,139569,139570,139571,139574,139575,139576,139577,139578,1,-1,2,-2,1,3,1,-1,-3,-1,2,2,5,2,2,-2,-2,-5,-2,-2
0,1,23263,23266,69789,69790,69791,69794,69795,69796,139579,139580,139581,139582,139583,139586,139587,139588,139589,139590,1,-1,2,-2,1,3,1,-1,-3,-1,2,2,5,2,2,-2,-2,-5,-2,-2
0,1,23265,23268,69795,69796,69797,69800,69801,69802,139591,139592,139593,139594,139595,139598,139599,139600,139601,139602,1,-1,2,-2,1,3,1,-1,-3,-1,2,2,5,2,2,-2,-2,-5,-2,-2
0,1,23267,23270,69801,69802,69803,69806,69807,69808,139603,139604,139605,139606,139607,139610,139611,139612,139613,139614,1,-1,2,-2,1,3,1,-1,-3,-1,2,2,5,2,2,-2,-2,-5,-2,-2
0,1,23269,23272,69807,69808,69809,69812,69813,69814,139615,139616,139617,139618,139619,139622,139623,139624,139625,139626,1,-1,2,-2,1,3,1,-1,-3,-1,2,2,5,2,2,-2,-2,-5,-2,-2
0,1,23271,23274,69813,69814,69815,69818,69819,69820,139627,139628,139629,139630,139631,139634,139635,139636,139637,139638,1,-1,2,-2,1,3,1,-1,-3,-1,2,2,5,2,2,-2,-2,-5,-2,-2
0,1,23273,23276,69819,69820,69821,69824,69825,69826,139639,139640,139641,139642,139643,139646,139647,139648,139649,139650,1,-1,2,-2,1,3,1,-1,-3,-1,2,2,5,2,2,-2,-2,-5,-2,-2
0,1,23275,23278,69825,69826,69827,69830,69831,69832,139651,139652,139653,139654,139655,139658,139659,139660,139661,139662,1,-1,2,-2,1,3,1,-1,-3,-1,2,2,5,2,2,-2,-2,-5,-2,-2
0,1,23277,23280,69831,69832,69833,69836,69837,69838,139663,139664,139665,139666,139667,139670,139671,139672,139673,139674,1,-1,2,-2,1,3,1,-1,-3,-1,2,2,5,2,2,-2,-2,-5,-2,-2
0,1,23279,23282,69837,69838,69839,69842,69843,69844,139675,139676,139677,139678,139679,139682,139683,139684,139685,139686,1,-1,2,-2,1,3,1,-1,-3,-1,2,2,5,2,2,-2,-2,-5,-2,-2
0,1,23281,23284,69843,69844,69845,69848,69849,69850,139687,139688,139689,139690,139691,139694,139695,139696,139697,139698,1,-1,2,-2,1,3,1,-1,-3,-1,2,2,5,2,2,-2,-2,-5,-2,-2
0,1,23283,23286,69849,69850,69851,69854,69855,69856,139699,139700,139701,139702,139703,139706,139707,139708,139709,139710,1,-1,2,-2,1,3,1,-1,-3,-1,2,2,5,2,2,-2,-2,-5,-2,-2
0,1,23285,23288,69855,69856,69857,69860,69861,69862,139711,139712,139713,139714,139715,139718,139719,139720,139721,139722,1,-1,2,-2,1,3,1,-1,-3,-1,2,2,5,2,2,-2,-2,-5,-2,-2
0,1,23287,23290,69861,69862,69863,69866,69867,69868,139723,139724,139725,139726,139727,139730,139731,139732,139733,139734,1,-1,2,-2,1,3,1,-1,-3,-1,2,2,5,2,2,-2,-2,-5,-2,-2
0,1,23289,23292,69867,69868,69869,69872,69873,69874,139735,139736,139737,139738,139739,139742,139743,139744,139745,139746,1,-1,2,-2,1,3,1,-1,-3,-1,2,2,5,2,2,-2,-2,-5,-2,-2
0,1,23291,23294,69873,69874,69875,69878,69879,69880,139747,139748,139749,139750,139751,139754,139755,139756,139757,139758,1,-1,2,-2,1,3,1,-1,-3,-1,2,2,5,2,2,-2,-2,-5,-2,-2
0,1,23293,23296,69879,69880,69881,69884,69885,69886,139759,139760,139761,139762,139763,139766,139767,139768,139769,139770,1,-1,2,-2,1,3,1,-1,-3,-1,2,2,5,2,2,-2,-2,-5,-2,-2
0,1,23295,23298,69885,69886,69887,69890,69891,69892,139771,139772,139773,139774,139775,139778,139779,139780,139781,139782,1,-1,2,-2,1,3,1,-1,-3,-1,2,2,5,2,2,-2,-2,-5,-2,-2
0,1,23297,23300,69891,69892,69893,69896,69897,69898,139783,139784,139785,139786,139787,139790,139791,139792,139793,139794,1,-1,2,-2,1,3,1,-1,-3,-1,2,2,5,2,2,-2,-2,-5,-2,-2
0,1,23299,23302,69897,69898,69899,69902,69903,69904,139795,139796,139797,139798,139799,139802,139803,139804,139805,139806,1,-1,2,-2,1,3,1,-1,-3,-1,2,2,5,2,2,-2,-2,-5,-2,-2
0,1,23301,23304,69903,69904,69905,69908,69909,69910,139807,139808,139809,139810,139811,139814,139815,139816,139817,139818,1,-1,2,-2,1,3,1,-1,-3,-1,2,2,5,2,2,-2,-2,-5,-2,-2
0,1,23303,23306,69909,69910,69911,69914,69915,69916,139819,139820,139821,139822,139823,139826,139827,139828,139829,139830,1,-1,2,-2,1,3,1,-1,-3,-1,2,2,5,2,2,-2,-2,-5,-2,-2
0,1,23305,23308,69915,69916,69917,69920,69921,69922,139831,139832,139833,139834,139835,139838,139839,139840,139841,139842,1,-1,2,-2,1,3,1,-1,-3,-1,2,2,5,2,2,-2,-2,-5,-2,-2
0,1,23307,23310,69921,69922,69923,69926,69927,69928,139843,139844,139845,139846,139847,139850,139851,139852,139853,139854,1,-1,2,-2,1,3,1,-1,-3,-1,2,2,5,2,2,-2,-2,-5,-2,-2
0,1,23309,23312,69927,69928,69929,69932,69933,69934,139855,139856,139857,139858,139859,139862,139863,139864,139865,139866,1,-1,2,-2,1,3,1,-1,-3,-1,2,2,5,2,2,-2,-2,-5,-2,-2
0,1,23311,23314,69933,69934,69935,69938,69939,69940,139867,139868,139869,139870,139871,139874,139875,139876,139877,139878,1,-1,2,-2,1,3,1,-1,-3,-1,2,2,5,2,2,-2,-2,-5,-2,-2
0,1,23313,23316,69939,69940,69941,69944,69945,69946,139879,139880,139881,139882,139883,139886,139887,139888,139889,139890,1,-1,2,-2,1,3,1,-1,-3,-1,2,2,5,2,2,-2,-2,-5,-2,-2
0,1,23315,23318,69945,69946,69947,69950,69951,69952,139891,139892,139893,139894,139895,139898,139899,139900,139901,139902,1,-1,2,-2,1,3,1,-1,-3,-1,2,2,5,2,2,-2,-2,-5,-2,-2
0,1,23317,23320,69951,69952,69953,69956,69957,69958,139903,139904,139905,139906,139907,139910,139911,139912,139913,139914,1,-1,2,-2,1,3,1,-1,-3,-1,2,2,5,2,2,-2,-2,-5,-2,-2
0,1,23319,23322,69957,69958,69959,69962,69963,69964,139915,139916,139917,139918,139919,139922,139923,139924,139925,139926,1,-1,2,-2,1,3,1,-1,-3,-1,2,2,5,2,2,-2,-2,-5,-2,-2
0,1,23321,23324,69963,69964,69965,69968,69969,69970,139927,139928,139929,139930,139931,139934,139935,139936,139937,139938,1,-1,2,-2,1,3,1,-1,-3,-1,2,2,5,2,2,-2,-2,-5,-2,-2
0,1,23323,23326,69969,69970,69971,69974,69975,69976,139939,139940,139941,139942,139943,139946,139947,139948,139949,139950,1,-1,2,-2,1,3,1,-1,-3,-1,2,2,5,2,2,-2,-2,-5,-2,-2
0,1,23325,23328,69975,69976,69977,69980,69981,69982,139951,139952,139953,139954,139955,139958,139959,139960,139961,139962,1,-1,2,-2,1,3,1,-1,-3,-1,2,2,5,2,2,-2,-2,-5,-2,-2
0,1,23327,23330,69981,69982,69983,69986,69987,69988,139963,139964,139965,139966,139967,139970,139971,139972,139973,139974,1,-1,2,-2,1,3,1,-1,-3,-1,2,2,5,2,2,-2,-2,-5,-2,-2
0,1,23329,23332,69987,69988,69989,69992,69993,69994,139975,139976,139977,139978,139979,139982,139983,139984,139985,139986,1,-1,2,-2,1,3,1,-1,-3,-1,2,2,5,2,2,-2,-2,-5,-2,-2
0,1,23331,23334,69993,69994,69995,69998,69999,70000,139987,139988,139989,139990,139991,139994,139995,139996,139997,139998,1,-1,2,-2,1,3,1,-1,-3,-1,2,2,5,2,2,-2,-2,-5,-2,-2
0,1,23333,23336,69999,70000,70001,70004,70005,70006,139999,140000,140001,140002,140003,140006,140007,140008,140009,140010,1,-1,2,-2,1,3,1,-1,-3,-1,2,2,5,2,2,-2,-2,-5,-2,-2
0,1,23335,23338,70005,70006,70007,70010,70011,70012,140011,140012,140013,140014,140015,140018,140019,140020,140021,140022,1,-1,2,-2,1,3,1,-1,-3,-1,2,2,5,2,2,-2,-2,-5,-2,-2
0,1,23337,23340,70011,70012,70013,70016,70017,70018,140023,140024,140025,140026,140027,140030,140031,140032,140033,140034,1,-1,2,-2,1,3,1,-1,-3,-1,2,2,5,2,2,-2,-2,-5,-2,-2
0,1,23339,23342,70017,70018,70019,70022,70023,70024,140035,140036,140037,140038,140039,140042,140043,140044,140045,140046,1,-1,2,-2,1,3,1,-1,-3,-1,2,2,5,2,2,-2,-2,-5,-2,-2
0,1,23341,23344,70023,70024,70025,70028,70029,70030,140047,140048,140049,140050,140051,140054,140055,140056,140057,140058,1,-1,2,-2,1,3,1,-1,-3,-1,2,2,5,2,2,-2,-2,-5,-2,-2
0,1,23343,23346,70029,70030,70031,70034,70035,70036,140059,140060,140061,140062,140063,140066,140067,140068,140069,140070,1,-1,2,-2,1,3,1,-1,-3,-1,2,2,5,2,2,-2,-2,-5,-2,-2
0,1,23345,23348,70035,70036,70037,70040,70041,70042,140071,140072,140073,140074,140075,140078,140079,140080,140081,140082,1,-1,2,-2,1,3,1,-1,-3,-1,2,2,5,2,2,-2,-2,-5,-2,-2
0,1,23347,23350,70041,70042,70043,70046,70047,70048,140083,140084,140085,140086,140087,140090,140091,140092,140093,140094,1,-1,2,-2,1,3,1,-1,-3,-1,2,2,5,2,2,-2,-2,-5,-2,-2
0,1,23349,23352,70047,70048,70049,70052,70053,70054,140095,140096,140097,140098,140099,140102,140103,140104,140105,140106,1,-1,2,-2,1,3,1,-1,-3,-1,2,2,5,2,2,-2,-2,-5,-2,-2
0,1,23351,23354,70053,70054,70055,70058,70059,70060,140107,140108,140109,140110,140111,140114,140115,140116,140117,140118,1,-1,2,-2,1,3,1,-1,-3,-1,2,2,5,2,2,-2,-2,-5,-2,-2
0,1,23353,23356,70059,70060,70061,70064,70065,70066,140119,140120,140121,140122,140123,140126,140127,140128,140129,140130,1,-1,2,-2,1,3,1,-1,-3,-1,2,2,5,2,2,-2,-2,-5,-2,-2
0,1,23355,23358,70065,70066,70067,70070,70071,70072,140131,140132,140133,140134,140135,140138,140139,140140,140141,140142,1,-1,2,-2,1,3,1,-1,-3,-1,2,2,5,2,2,-2,-2,-5,-2,-2
0,1,23357,23360,70071,70072,70073,70076,70077,70078,140143,140144,140145,140146,140147,140150,140151,140152,140153,140154,1,-1,2,-2,1,3,1,-1,-3,-1,2,2,5,2,2,-2,-2,-5,-2,-2
0,1,23359,23362,70077,70078,70079,70082,70083,70084,140155,140156,140157,140158,140159,140162,140163,140164,140165,140166,1,-1,2,-2,1,3,1,-1,-3,-1,2,2,5,2,2,-2,-2,-5,-2,-2
0,1,23361,23364,70083,70084,70085,70088,70089,70090,140167,140168,140169,140170,140171,140174,140175,140176,140177,140178,1,-1,2,-2,1,3,1,-1,-3,-1,2,2,5,2,2,-2,-2,-5,-2,-2
0,1,23363,23366,70089,70090,70091,70094,70095,70096,140179,140180,140181,140182,140183,140186,140187,140188,140189,140190,1,-1,2,-2,1,3,1,-1,-3,-1,2,2,5,2,2,-2,-2,-5,-2,-2
0,1,23365,23368,70095,70096,70097,70100,70101,70102,140191,140192,140193,140194,140195,140198,140199,140200,140201,140202,1,-1,2,-2,1,3,1,-1,-3,-1,2,2,5,2,2,-2,-2,-5,-2,-2
0,1,23367,23370,70101,70102,70103,70106,70107,70108,140203,140204,140205,140206,140207,140210,140211,140212,140213,140214,1,-1,2,-2,1,3,1,-1,-3,-1,2,2,5,2,2,-2,-2,-5,-2,-2
0,1,23369,23372,70107,70108,70109,70112,70113,70114,140215,140216,140217,140218,140219,140222,140223,140224,140225,140226,1,-1,2,-2,1,3,1,-1,-3,-1,2,2,5,2,2,-2,-2,-5,-2,-2
0,1,23371,23374,70113,70114,70115,70118,70119,70120,140227,140228,140229,140230,140231,140234,140235,140236,140237,140238,1,-1,2,-2,1,3,1,-1,-3,-1,2,2,5,2,2,-2,-2,-5,-2,-2
0,1,23373,23376,70119,70120,70121,70124,70125,70126,140239,140240,140241,140242,140243,140246,140247,140248,140249,140250,1,-1,2,-2,1,3,1,-1,-3,-1,2,2,5,2,2,-2,-2,-5,-2,-2
0,1,23375,23378,70125,70126,70127,70130,70131,70132,140251,140252,140253,140254,140255,140258,140259,140260,140261,140262,1,-1,2,-2,1,3,1,-1,-3,-1,2,2,5,2,2,-2,-2,-5,-2,-2
0,1,23377,23380,70131,70132,70133,70136,70137,70138,140263,140264,140265,140266,140267,140270,140271,140272,140273,140274,1,-1,2,-2,1,3,1,-1,-3,-1,2,2,5,2,2,-2,-2,-5,-2,-2
0,1,23379,23382,70137,70138,70139,70142,70143,70144,140275,140276,140277,140278,140279,140282,140283,140284,140285,140286,1,-1,2,-2,1,3,1,-1,-3,-1,2,2,5,2,2,-2,-2,-5,-2,-2
0,1,23381,23384,70143,70144,70145,70148,70149,70150,140287,140288,140289,140290,140291,140294,140295,140296,140297,140298,1,-1,2,-2,1,3,1,-1,-3,-1,2,2,5,2,2,-2,-2,-5,-2,-2
0,1,23383,23386,70149,70150,70151,70154,70155,70156,140299,140300,140301,140302,140303,140306,140307,140308,140309,140310,1,-1,2,-2,1,3,1,-1,-3,-1,2,2,5,2,2,-2,-2,-5,-2,-2
0,1,23385,23388,70155,70156,70157,70160,70161,70162,140311,140312,140313,140314,140315,140318,140319,140320,140321,140322,1,-1,2,-2,1,3,1,-1,-3,-1,2,2,5,2,2,-2,-2,-5,-2,-2
0,1,23387,23390,70161,70162,70163,70166,70167,70168,140323,140324,140325,140326,140327,140330,140331,140332,140333,140334,1,-1,2,-2,1,3,1,-1,-3,-1,2,2,5,2,2,-2,-2,-5,-2,-2
0,1,23389,23392,70167,70168,70169,70172,70173,70174,140335,140336,140337,140338,140339,140342,140343,140344,140345,140346,1,-1,2,-2,1,3,1,-1,-3,-1,2,2,5,2,2,-2,-2,-5,-2,-2
0,1,23391,23394,70173,70174,70175,70178,70179,70180,140347,140348,140349,140350,140351,140354,140355,140356,140357,140358,1,-1,2,-2,1,3,1,-1,-3,-1,2,2,5,2,2,-2,-2,-5,-2,-2
0,1,23393,23396,70179,70180,70181,70184,70185,70186,140359,140360,140361,140362,140363,140366,140367,140368,140369,140370,1,-1,2,-2,1,3,1,-1,-3,-1,2,2,5,2,2,-2,-2,-5,-2,-2
0,1,23395,23398,70185,70186,70187,70190,70191,70192,140371,140372,140373,140374,140375,140378,140379,140380,140381,140382,1,-1,2,-2,1,3,1,-1,-3,-1,2,2,5,2,2,-2,-2,-5,-2,-2
0,1,23397,23400,70191,70192,70193,70196,70197,70198,140383,140384,140385,140386,140387,140390,140391,140392,140393,140394,1,-1,2,-2,1,3,1,-1,-3,-1,2,2,5,2,2,-2,-2,-5,-2,-2
0,1,23399,23402,70197,70198,70199,70202,70203,70204,140395,140396,140397,140398,140399,140402,140403,140404,140405,140406,1,-1,2,-2,1,3,1,-1,-3,-1,2,2,5,2,2,-2,-2,-5,-2,-2
0,1,23401,23404,70203,70204,70205,70208,70209,70210,140407,140408,140409,140410,140411,140414,140415,140416,140417,140418,1,-1,2,-2,1,3,1,-1,-3,-1,2,2,5,2,2,-2,-2,-5,-2,-2
0,1,23403,23406,70209,70210,70211,70214,70215,70216,140419,140420,140421,140422,140423,140426,140427,140428,140429,140430,1,-1,2,-2,1,3,1,-1,-3,-1,2,2,5,2,2,-2,-2,-5,-2,-2
0,1,23405,23408,70215,70216,70217,70220,70221,70222,140431,140432,140433,140434,140435,140438,140439,140440,140441,140442,1,-1,2,-2,1,3,1,-1,-3,-1,2,2,5,2,2,-2,-2,-5,-2,-2
0,1,23407,23410,70221,70222,70223,70226,70227,70228,140443,140444,140445,140446,140447,140450,140451,140452,140453,140454,1,-1,2,-2,1,3,1,-1,-3,-1,2,2,5,2,2,-2,-2,-5,-2,-2
0,1,23409,23412,70227,70228,70229,70232,70233,70234,140455,140456,140457,140458,140459,140462,140463,140464,140465,140466,1,-1,2,-2,1,3,1,-1,-3,-1,2,2,5,2,2,-2,-2,-5,-2,-2
0,1,23411,23414,70233,70234,70235,70238,70239,70240,140467,140468,140469,140470,140471,140474,140475,140476,140477,140478,1,-1,2,-2,1,3,1,-1,-3,-1,2,2,5,2,2,-2,-2,-5,-2,-2
0,1,23413,23416,70239,70240,70241,70244,70245,70246,140479,140480,140481,140482,140483,140486,140487,140488,140489,140490,1,-1,2,-2,1,3,1,-1,-3,-1,2,2,5,2,2,-2,-2,-5,-2,-2
0,1,23415,23418,70245,70246,70247,70250,70251,70252,140491,140492,140493,140494,140495,140498,140499,140500,140501,140502,1,-1,2,-2,1,3,1,-1,-3,-1,2,2,5,2,2,-2,-2,-5,-2,-2
0,1,23417,23420,70251,70252,70253,70256,70257,70258,140503,140504,140505,140506,140507,140510,140511,140512,140513,140514,1,-1,2,-2,1,3,1,-1,-3,-1,2,2,5,2,2,-2,-2,-5,-2,-2
0,1,23419,23422,70257,70258,70259,70262,70263,70264,140515,140516,140517,140518,140519,140522,140523,140524,140525,140526,1,-1,2,-2,1,3,1,-1,-3,-1,2,2,5,2,2,-2,-2,-5,-2,-2
0,1,23421,23424,70263,70264,70265,70268,70269,70270,140527,140528,140529,140530,140531,140534,140535,140536,140537,140538,1,-1,2,-2,1,3,1,-1,-3,-1,2,2,5,2,2,-2,-2,-5,-2,-2
0,1,23423,23426,70269,70270,70271,70274,70275,70276,140539,140540,140541,140542,140543,140546,140547,140548,140549,140550,1,-1,2,-2,1,3,1,-1,-3,-1,2,2,5,2,2,-2,-2,-5,-2,-2
0,1,23425,23428,70275,70276,70277,70280,70281,70282,140551,140552,140553,140554,140555,140558,140559,140560,140561,140562,1,-1,2,-2,1,3,1,-1,-3,-1,2,2,5,2,2,-2,-2,-5,-2,-2
0,1,23427,23430,70281,70282,70283,70286,70287,70288,140563,140564,140565,140566,140567,140570,140571,140572,140573,140574,1,-1,2,-2,1,3,1,-1,-3,-1,2,2,5,2,2,-2,-2,-5,-2,-2
0,1,23429,23432,70287,70288,70289,70292,70293,70294,140575,140576,140577,140578,140579,140582,140583,140584,140585,140586,1,-1,2,-2,1,3,1,-1,-3,-1,2,2,5,2,2,-2,-2,-5,-2,-2
0,1,23431,23434,70293,70294,70295,70298,70299,70300,140587,140588,140589,140590,140591,140594,140595,140596,140597,140598,1,-1,2,-2,1,3,1,-1,-3,-1,2,2,5,2,2,-2,-2,-5,-2,-2
0,1,23433,23436,70299,70300,70301,70304,70305,70306,140599,140600,140601,140602,140603,140606,140607,140608,140609,140610,1,-1,2,-2,1,3,1,-1,-3,-1,2,2,5,2,2,-2,-2,-5,-2,-2
0,1,23435,23438,70305,70306,70307,70310,70311,70312,140611,140612,140613,140614,140615,140618,140619,140620,140621,140622,1,-1,2,-2,1,3,1,-1,-3,-1,2,2,5,2,2,-2,-2,-5,-2,-2
0,1,23437,23440,70311,70312,70313,70316,70317,70318,140623,140624,140625,140626,140627,140630,140631,140632,140633,140634,1,-1,2,-2,1,3,1,-1,-3,-1,2,2,5,2,2,-2,-2,-5,-2,-2
0,1,23439,23442,70317,70318,70319,70322,70323,70324,140635,140636,140637,140638,140639,140642,140643,140644,140645,140646,1,-1,2,-2,1,3,1,-1,-3,-1,2,2,5,2,2,-2,-2,-5,-2,-2
0,1,23441,23444,70323,70324,70325,70328,70329,70330,140647,140648,140649,140650,140651,140654,140655,140656,140657,140658,1,-1,2,-2,1,3,1,-1,-3,-1,2,2,5,2,2,-2,-2,-5,-2,-2
0,1,23443,23446,70329,70330,70331,70334,70335,70336,140659,140660,140661,140662,140663,140666,140667,140668,140669,140670,1,-1,2,-2,1,3,1,-1,-3,-1,2,2,5,2,2,-2,-2,-5,-2,-2
0,1,23445,23448,70335,70336,70337,70340,70341,70342,140671,140672,140673,140674,140675,140678,140679,140680,140681,140682,1,-1,2,-2,1,3,1,-1,-3,-1,2,2,5,2,2,-2,-2,-5,-2,-2
0,1,23447,23450,70341,70342,70343,70346,70347,70348,140683,140684,140685,140686,140687,140690,140691,140692,140693,140694,1,-1,2,-2,1,3,1,-1,-3,-1,2,2,5,2,2,-2,-2,-5,-2,-2
0,1,23449,23452,70347,70348,70349,70352,70353,70354,140695,140696,140697,140698,140699,140702,140703,140704,140705,140706,1,-1,2,-2,1,3,1,-1,-3,-1,2,2,5,2,2,-2,-2,-5,-2,-2
0,1,23451,23454,70353,70354,70355,70358,70359,70360,140707,140708,140709,140710,140711,140714,140715,140716,140717,140718,1,-1,2,-2,1,3,1,-1,-3,-1,2,2,5,2,2,-2,-2,-5,-2,-2
0,1,23453,23456,70359,70360,70361,70364,70365,70366,140719,140720,140721,140722,140723,140726,140727,140728,140729,140730,1,-1,2,-2,1,3,1,-1,-3,-1,2,2,5,2,2,-2,-2,-5,-2,-2
0,1,23455,23458,70365,70366,70367,70370,70371,70372,140731,140732,140733,140734,140735,140738,140739,140740,140741,140742,1,-1,2,-2,1,3,1,-1,-3,-1,2,2,5,2,2,-2,-2,-5,-2,-2
0,1,23457,23460,70371,70372,70373,70376,70377,70378,140743,140744,140745,140746,140747,140750,140751,140752,140753,140754,1,-1,2,-2,1,3,1,-1,-3,-1,2,2,5,2,2,-2,-2,-5,-2,-2
0,1,23459,23462,70377,70378,70379,70382,70383,70384,140755,140756,140757,140758,140759,140762,140763,140764,140765,140766,1,-1,2,-2,1,3,1,-1,-3,-1,2,2,5,2,2,-2,-2,-5,-2,-2
0,1,23461,23464,70383,70384,70385,70388,70389,70390,140767,140768,140769,140770,140771,140774,140775,140776,140777,140778,1,-1,2,-2,1,3,1,-1,-3,-1,2,2,5,2,2,-2,-2,-5,-2,-2
0,1,23463,23466,70389,70390,70391,70394,70395,70396,140779,140780,140781,140782,140783,140786,140787,140788,140789,140790,1,-1,2,-2,1,3,1,-1,-3,-1,2,2,5,2,2,-2,-2,-5,-2,-2
0,1,23465,23468,70395,70396,70397,70400,70401,70402,140791,140792,140793,140794,140795,140798,140799,140800,140801,140802,1,-1,2,-2,1,3,1,-1,-3,-1,2,2,5,2,2,-2,-2,-5,-2,-2
0,1,23467,23470,70401,70402,70403,70406,70407,70408,140803,140804,140805,140806,140807,140810,140811,140812,140813,140814,1,-1,2,-2,1,3,1,-1,-3,-1,2,2,5,2,2,-2,-2,-5,-2,-2
0,1,23469,23472,70407,70408,70409,70412,70413,70414,140815,140816,140817,140818,140819,140822,140823,140824,140825,140826,1,-1,2,-2,1,3,1,-1,-3,-1,2,2,5,2,2,-2,-2,-5,-2,-2
0,1,23471,23474,70413,70414,70415,70418,70419,70420,140827,140828,140829,140830,140831,140834,140835,140836,140837,140838,1,-1,2,-2,1,3,1,-1,-3,-1,2,2,5,2,2,-2,-2,-5,-2,-2
0,1,23473,23476,70419,70420,70421,70424,70425,70426,140839,140840,140841,140842,140843,140846,140847,140848,140849,140850,1,-1,2,-2,1,3,1,-1,-3,-1,2,2,5,2,2,-2,-2,-5,-2,-2
0,1,23475,23478,70425,70426,70427,70430,70431,70432,140851,140852,140853,140854,140855,140858,140859,140860,140861,140862,1,-1,2,-2,1,3,1,-1,-3,-1,2,2,5,2,2,-2,-2,-5,-2,-2
0,1,23477,23480,70431,70432,70433,70436,70437,70438,140863,140864,140865,140866,140867,140870,140871,140872,140873,140874,1,-1,2,-2,1,3,1,-1,-3,-1,2,2,5,2,2,-2,-2,-5,-2,-2
0,1,23479,23482,70437,70438,70439,70442,70443,70444,140875,140876,140877,140878,140879,140882,140883,140884,140885,140886,1,-1,2,-2,1,3,1,-1,-3,-1,2,2,5,2,2,-2,-2,-5,-2,-2
0,1,23481,23484,70443,70444,70445,70448,70449,70450,140887,140888,140889,140890,140891,140894,140895,140896,140897,140898,1,-1,2,-2,1,3,1,-1,-3,-1,2,2,5,2,2,-2,-2,-5,-2,-2
0,1,23483,23486,70449,70450,70451,70454,70455,70456,140899,140900,140901,140902,140903,140906,140907,140908,140909,140910,1,-1,2,-2,1,3,1,-1,-3,-1,2,2,5,2,2,-2,-2,-5,-2,-2
0,1,23485,23488,70455,70456,70457,70460,70461,70462,140911,140912,140913,140914,140915,140918,140919,140920,140921,140922,1,-1,2,-2,1,3,1,-1,-3,-1,2,2,5,2,2,-2,-2,-5,-2,-2
0,1,23487,23490,70461,70462,70463,70466,70467,70468,140923,140924,140925,140926,140927,140930,140931,140932,140933,140934,1,-1,2,-2,1,3,1,-1,-3,-1,2,2,5,2,2,-2,-2,-5,-2,-2
0,1,23489,23492,70467,70468,70469,70472,70473,70474,140935,140936,140937,140938,140939,140942,140943,140944,140945,140946,1,-1,2,-2,1,3,1,-1,-3,-1,2,2,5,2,2,-2,-2,-5,-2,-2
0,1,23491,23494,70473,70474,70475,70478,70479,70480,140947,140948,140949,140950,140951,140954,140955,140956,140957,140958,1,-1,2,-2,1,3,1,-1,-3,-1,2,2,5,2,2,-2,-2,-5,-2,-2
0,1,23493,23496,70479,70480,70481,70484,70485,70486,140959,140960,140961,140962,140963,140966,140967,140968,140969,140970,1,-1,2,-2,1,3,1,-1,-3,-1,2,2,5,2,2,-2,-2,-5,-2,-2
0,1,23495,23498,70485,70486,70487,70490,70491,70492,140971,140972,140973,140974,140975,140978,140979,140980,140981,140982,1,-1,2,-2,1,3,1,-1,-3,-1,2,2,5,2,2,-2,-2,-5,-2,-2
0,1,23497,23500,70491,70492,70493,70496,70497,70498,140983,140984,140985,140986,140987,140990,140991,140992,140993,140994,1,-1,2,-2,1,3,1,-1,-3,-1,2,2,5,2,2,-2,-2,-5,-2,-2
0,1,23499,23502,70497,70498,70499,70502,70503,70504,140995,140996,140997,140998,140999,141002,141003,141004,141005,141006,1,-1,2,-2,1,3,1,-1,-3,-1,2,2,5,2,2,-2,-2,-5,-2,-2
0,1,23501,23504,70503,70504,70505,70508,70509,70510,141007,141008,141009,141010,141011,141014,141015,141016,141017,141018,1,-1,2,-2,1,3,1,-1,-3,-1,2,2,5,2,2,-2,-2,-5,-2,-2
0,1,23503,23506,70509,70510,70511,70514,70515,70516,141019,141020,141021,141022,141023,141026,141027,141028,141029,141030,1,-1,2,-2,1,3,1,-1,-3,-1,2,2,5,2,2,-2,-2,-5,-2,-2
0,1,23505,23508,70515,70516,70517,70520,70521,70522,141031,141032,141033,141034,141035,141038,141039,141040,141041,141042,1,-1,2,-2,1,3,1,-1,-3,-1,2,2,5,2,2,-2,-2,-5,-2,-2
0,1,23507,23510,70521,70522,70523,70526,70527,70528,141043,141044,141045,141046,141047,141050,141051,141052,141053,141054,1,-1,2,-2,1,3,1,-1,-3,-1,2,2,5,2,2,-2,-2,-5,-2,-2
0,1,23509,23512,70527,70528,70529,70532,70533,70534,141055,141056,141057,141058,141059,141062,141063,141064,141065,141066,1,-1,2,-2,1,3,1,-1,-3,-1,2,2,5,2,2,-2,-2,-5,-2,-2
0,1,23511,23514,70533,70534,70535,70538,70539,70540,141067,141068,141069,141070,141071,141074,141075,141076,141077,141078,1,-1,2,-2,1,3,1,-1,-3,-1,2,2,5,2,2,-2,-2,-5,-2,-2
0,1,23513,23516,70539,70540,70541,70544,70545,70546,141079,141080,141081,141082,141083,141086,141087,141088,141089,141090,1,-1,2,-2,1,3,1,-1,-3,-1,2,2,5,2,2,-2,-2,-5,-2,-2
0,1,23515,23518,70545,70546,70547,70550,70551,70552,141091,141092,141093,141094,141095,141098,141099,141100,141101,141102,1,-1,2,-2,1,3,1,-1,-3,-1,2,2,5,2,2,-2,-2,-5,-2,-2
0,1,23517,23520,70551,70552,70553,70556,70557,70558,141103,141104,141105,141106,141107,141110,141111,141112,141113,141114,1,-1,2,-2,1,3,1,-1,-3,-1,2,2,5,2,2,-2,-2,-5,-2,-2
0,1,23519,23522,70557,70558,70559,70562,70563,70564,141115,141116,141117,141118,141119,141122,141123,141124,141125,141126,1,-1,2,-2,1,3,1,-1,-3,-1,2,2,5,2,2,-2,-2,-5,-2,-2
0,1,23521,23524,70563,70564,70565,70568,70569,70570,141127,141128,141129,141130,141131,141134,141135,141136,141137,141138,1,-1,2,-2,1,3,1,-1,-3,-1,2,2,5,2,2,-2,-2,-5,-2,-2
0,1,23523,23526,70569,70570,70571,70574,70575,70576,141139,141140,141141,141142,141143,141146,141147,141148,141149,141150,1,-1,2,-2,1,3,1,-1,-3,-1,2,2,5,2,2,-2,-2,-5,-2,-2
0,1,23525,23528,70575,70576,70577,70580,70581,70582,141151,141152,141153,141154,141155,141158,141159,141160,141161,141162,1,-1,2,-2,1,3,1,-1,-3,-1,2,2,5,2,2,-2,-2,-5,-2,-2
0,1,23527,23530,70581,70582,70583,70586,70587,70588,141163,141164,141165,141166,141167,141170,141171,141172,141173,141174,1,-1,2,-2,1,3,1,-1,-3,-1,2,2,5,2,2,-2,-2,-5,-2,-2
0,1,23529,23532,70587,70588,70589,70592,70593,70594,141175,141176,141177,141178,141179,141182,141183,141184,141185,141186,1,-1,2,-2,1,3,1,-1,-3,-1,2,2,5,2,2,-2,-2,-5,-2,-2
0,1,23531,23534,70593,70594,70595,70598,70599,70600,141187,141188,141189,141190,141191,141194,141195,141196,141197,141198,1,-1,2,-2,1,3,1,-1,-3,-1,2,2,5,2,2,-2,-2,-5,-2,-2
0,1,23533,23536,70599,70600,70601,70604,70605,70606,141199,141200,141201,141202,141203,141206,141207,141208,141209,141210,1,-1,2,-2,1,3,1,-1,-3,-1,2,2,5,2,2,-2,-2,-5,-2,-2
0,1,23535,23538,70605,70606,70607,70610,70611,70612,141211,141212,141213,141214,141215,141218,141219,141220,141221,141222,1,-1,2,-2,1,3,1,-1,-3,-1,2,2,5,2,2,-2,-2,-5,-2,-2
0,1,23537,23540,70611,70612,70613,70616,70617,70618,141223,141224,141225,141226,141227,141230,141231,141232,141233,141234,1,-1,2,-2,1,3,1,-1,-3,-1,2,2,5,2,2,-2,-2,-5,-2,-2
0,1,23539,23542,70617,70618,70619,70622,70623,70624,141235,141236,141237,141238,141239,141242,141243,141244,141245,141246,1,-1,2,-2,1,3,1,-1,-3,-1,2,2,5,2,2,-2,-2,-5,-2,-2
0,1,23541,23544,70623,70624,70625,70628,70629,70630,141247,141248,141249,141250,141251,141254,141255,141256,141257,141258,1,-1,2,-2,1,3,1,-1,-3,-1,2,2,5,2,2,-2,-2,-5,-2,-2
0,1,23543,23546,70629,70630,70631,70634,70635,70636,141259,141260,141261,141262,141263,141266,141267,141268,141269,141270,1,-1,2,-2,1,3,1,-1,-3,-1,2,2,5,2,2,-2,-2,-5,-2,-2
0,1,23545,23548,70635,70636,70637,70640,70641,70642,141271,141272,141273,141274,141275,141278,141279,141280,141281,141282,1,-1,2,-2,1,3,1,-1,-3,-1,2,2,5,2,2,-2,-2,-5,-2,-2
0,1,23547,23550,70641,70642,70643,70646,70647,70648,141283,141284,141285,141286,141287,141290,141291,141292,141293,141294,1,-1,2,-2,1,3,1,-1,-3,-1,2,2,5,2,2,-2,-2,-5,-2,-2
0,1,23549,23552,70647,70648,70649,70652,70653,70654,141295,141296,141297,141298,141299,141302,141303,141304,141305,141306,1,-1,2,-2,1,3,1,-1,-3,-1,2,2,5,2,2,-2,-2,-5,-2,-2
0,1,23551,23554,70653,70654,70655,70658,70659,70660,141307,141308,141309,141310,141311,141314,141315,141316,141317,141318,1,-1,2,-2,1,3,1,-1,-3,-1,2,2,5,2,2,-2,-2,-5,-2,-2
0,1,23553,23556,70659,70660,70661,70664,70665,70666,141319,141320,141321,141322,141323,141326,141327,141328,141329,141330,1,-1,2,-2,1,3,1,-1,-3,-1,2,2,5,2,2,-2,-2,-5,-2,-2
0,1,23555,23558,70665,70666,70667,70670,70671,70672,141331,141332,141333,141334,141335,141338,141339,141340,141341,141342,1,-1,2,-2,1,3,1,-1,-3,-1,2,2,5,2,2,-2,-2,-5,-2,-2
0,1,23557,23560,70671,70672,70673,70676,70677,70678,141343,141344,141345,141346,141347,141350,141351,141352,141353,141354,1,-1,2,-2,1,3,1,-1,-3,-1,2,2,5,2,2,-2,-2,-5,-2,-2
0,1,23559,23562,70677,70678,70679,70682,70683,70684,141355,141356,141357,141358,141359,141362,141363,141364,141365,141366,1,-1,2,-2,1,3,1,-1,-3,-1,2,2,5,2,2,-2,-2,-5,-2,-2
0,1,23561,23564,70683,70684,70685,70688,70689,70690,141367,141368,141369,141370,141371,141374,141375,141376,141377,141378,1,-1,2,-2,1,3,1,-1,-3,-1,2,2,5,2,2,-2,-2,-5,-2,-2
0,1,23563,23566,70689,70690,70691,70694,70695,70696,141379,141380,141381,141382,141383,141386,141387,141388,141389,141390,1,-1,2,-2,1,3,1,-1,-3,-1,2,2,5,2,2,-2,-2,-5,-2,-2
0,1,23565,23568,70695,70696,70697,70700,70701,70702,141391,141392,141393,141394,141395,141398,141399,141400,141401,141402,1,-1,2,-2,1,3,1,-1,-3,-1,2,2,5,2,2,-2,-2,-5,-2,-2
0,1,23567,23570,70701,70702,70703,70706,70707,70708,141403,141404,141405,141406,141407,141410,141411,141412,141413,141414,1,-1,2,-2,1,3,1,-1,-3,-1,2,2,5,2,2,-2,-2,-5,-2,-2
0,1,23569,23572,70707,70708,70709,70712,70713,70714,141415,141416,141417,141418,141419,141422,141423,141424,141425,141426,1,-1,2,-2,1,3,1,-1,-3,-1,2,2,5,2,2,-2,-2,-5,-2,-2
0,1,23571,23574,70713,70714,70715,70718,70719,70720,141427,141428,141429,141430,141431,141434,141435,141436,141437,141438,1,-1,2,-2,1,3,1,-1,-3,-1,2,2,5,2,2,-2,-2,-5,-2,-2
0,1,23573,23576,70719,70720,70721,70724,70725,70726,141439,141440,141441,141442,141443,141446,141447,141448,141449,141450,1,-1,2,-2,1,3,1,-1,-3,-1,2,2,5,2,2,-2,-2,-5,-2,-2
0,1,23575,23578,70725,70726,70727,70730,70731,70732,141451,141452,141453,141454,141455,141458,141459,141460,141461,141462,1,-1,2,-2,1,3,1,-1,-3,-1,2,2,5,2,2,-2,-2,-5,-2,-2
0,1,23577,23580,70731,70732,70733,70736,70737,70738,141463,141464,141465,141466,141467,141470,141471,141472,141473,141474,1,-1,2,-2,1,3,1,-1,-3,-1,2,2,5,2,2,-2,-2,-5,-2,-2
0,1,23579,23582,70737,70738,70739,70742,70743,70744,141475,141476,141477,141478,141479,141482,141483,141484,141485,141486,1,-1,2,-2,1,3,1,-1,-3,-1,2,2,5,2,2,-2,-2,-5,-2,-2
0,1,23581,23584,70743,70744,70745,70748,70749,70750,141487,141488,141489,141490,141491,141494,141495,141496,141497,141498,1,-1,2,-2,1,3,1,-1,-3,-1,2,2,5,2,2,-2,-2,-5,-2,-2
0,1,23583,23586,70749,70750,70751,70754,70755,70756,141499,141500,141501,141502,141503,141506,141507,141508,141509,141510,1,-1,2,-2,1,3,1,-1,-3,-1,2,2,5,2,2,-2,-2,-5,-2,-2
0,1,23585,23588,70755,70756,70757,70760,70761,70762,141511,141512,141513,141514,141515,141518,141519,141520,141521,141522,1,-1,2,-2,1,3,1,-1,-3,-1,2,2,5,2,2,-2,-2,-5,-2,-2
0,1,23587,23590,70761,70762,70763,70766,70767,70768,141523,141524,141525,141526,141527,141530,141531,141532,141533,141534,1,-1,2,-2,1,3,1,-1,-3,-1,2,2,5,2,2,-2,-2,-5,-2,-2
0,1,23589,23592,70767,70768,70769,70772,70773,70774,141535,141536,141537,141538,141539,141542,141543,141544,141545,141546,1,-1,2,-2,1,3,1,-1,-3,-1,2,2,5,2,2,-2,-2,-5,-2,-2
0,1,23591,23594,70773,70774,70775,70778,70779,70780,141547,141548,141549,141550,141551,141554,141555,141556,141557,141558,1,-1,2,-2,1,3,1,-1,-3,-1,2,2,5,2,2,-2,-2,-5,-2,-2
0,1,23593,23596,70779,70780,70781,70784,70785,70786,141559,141560,141561,141562,141563,141566,141567,141568,141569,141570,1,-1,2,-2,1,3,1,-1,-3,-1,2,2,5,2,2,-2,-2,-5,-2,-2
0,1,23595,23598,70785,70786,70787,70790,70791,70792,141571,141572,141573,141574,141575,141578,141579,141580,141581,141582,1,-1,2,-2,1,3,1,-1,-3,-1,2,2,5,2,2,-2,-2,-5,-2,-2
0,1,23597,23600,70791,70792,70793,70796,70797,70798,141583,141584,141585,141586,141587,141590,141591,141592,141593,141594,1,-1,2,-2,1,3,1,-1,-3,-1,2,2,5,2,2,-2,-2,-5,-2,-2
0,1,23599,23602,70797,70798,70799,70802,70803,70804,141595,141596,141597,141598,141599,141602,141603,141604,141605,141606,1,-1,2,-2,1,3,1,-1,-3,-1,2,2,5,2,2,-2,-2,-5,-2,-2
0,1,23601,23604,70803,70804,70805,70808,70809,70810,141607,141608,141609,141610,141611,141614,141615,141616,141617,141618,1,-1,2,-2,1,3,1,-1,-3,-1,2,2,5,2,2,-2,-2,-5,-2,-2
0,1,23603,23606,70809,70810,70811,70814,70815,70816,141619,141620,141621,141622,141623,141626,141627,141628,141629,141630,1,-1,2,-2,1,3,1,-1,-3,-1,2,2,5,2,2,-2,-2,-5,-2,-2
0,1,23605,23608,70815,70816,70817,70820,70821,70822,141631,141632,141633,141634,141635,141638,141639,141640,141641,141642,1,-1,2,-2,1,3,1,-1,-3,-1,2,2,5,2,2,-2,-2,-5,-2,-2
0,1,23607,23610,70821,70822,70823,70826,70827,70828,141643,141644,141645,141646,141647,141650,141651,141652,141653,141654,1,-1,2,-2,1,3,1,-1,-3,-1,2,2,5,2,2,-2,-2,-5,-2,-2
0,1,23609,23612,70827,70828,70829,70832,70833,70834,141655,141656,141657,141658,141659,141662,141663,141664,141665,141666,1,-1,2,-2,1,3,1,-1,-3,-1,2,2,5,2,2,-2,-2,-5,-2,-2
0,1,23611,23614,70833,70834,70835,70838,70839,70840,141667,141668,141669,141670,141671,141674,141675,141676,141677,141678,1,-1,2,-2,1,3,1,-1,-3,-1,2,2,5,2,2,-2,-2,-5,-2,-2
0,1,23613,23616,70839,70840,70841,70844,70845,70846,141679,141680,141681,141682,141683,141686,141687,141688,141689,141690,1,-1,2,-2,1,3,1,-1,-3,-1,2,2,5,2,2,-2,-2,-5,-2,-2
0,1,23615,23618,70845,70846,70847,70850,70851,70852,141691,141692,141693,141694,141695,141698,141699,141700,141701,141702,1,-1,2,-2,1,3,1,-1,-3,-1,2,2,5,2,2,-2,-2,-5,-2,-2
0,1,23617,23620,70851,70852,70853,70856,70857,70858,141703,141704,141705,141706,141707,141710,141711,141712,141713,141714,1,-1,2,-2,1,3,1,-1,-3,-1,2,2,5,2,2,-2,-2,-5,-2,-2
0,1,23619,23622,70857,70858,70859,70862,70863,70864,141715,141716,141717,141718,141719,141722,141723,141724,141725,141726,1,-1,2,-2,1,3,1,-1,-3,-1,2,2,5,2,2,-2,-2,-5,-2,-2
0,1,23621,23624,70863,70864,70865,70868,70869,70870,141727,141728,141729,141730,141731,141734,141735,141736,141737,141738,1,-1,2,-2,1,3,1,-1,-3,-1,2,2,5,2,2,-2,-2,-5,-2,-2
0,1,23623,23626,70869,70870,70871,70874,70875,70876,141739,141740,141741,141742,141743,141746,141747,141748,141749,141750,1,-1,2,-2,1,3,1,-1,-3,-1,2,2,5,2,2,-2,-2,-5,-2,-2
0,1,23625,23628,70875,70876,70877,70880,70881,70882,141751,141752,141753,141754,141755,141758,141759,141760,141761,141762,1,-1,2,-2,1,3,1,-1,-3,-1,2,2,5,2,2,-2,-2,-5,-2,-2
0,1,23627,23630,70881,70882,70883,70886,70887,70888,141763,141764,141765,141766,141767,141770,141771,141772,141773,141774,1,-1,2,-2,1,3,1,-1,-3,-1,2,2,5,2,2,-2,-2,-5,-2,-2
0,1,23629,23632,70887,70888,70889,70892,70893,70894,141775,141776,141777,141778,141779,141782,141783,141784,141785,141786,1,-1,2,-2,1,3,1,-1,-3,-1,2,2,5,2,2,-2,-2,-5,-2,-2
0,1,23631,23634,70893,70894,70895,70898,70899,70900,141787,141788,141789,141790,141791,141794,141795,141796,141797,141798,1,-1,2,-2,1,3,1,-1,-3,-1,2,2,5,2,2,-2,-2,-5,-2,-2
0,1,23633,23636,70899,70900,70901,70904,70905,70906,141799,141800,141801,141802,141803,141806,141807,141808,141809,141810,1,-1,2,-2,1,3,1,-1,-3,-1,2,2,5,2,2,-2,-2,-5,-2,-2
0,1,23635,23638,70905,70906,70907,70910,70911,70912,141811,141812,141813,141814,141815,141818,141819,141820,141821,141822,1,-1,2,-2,1,3,1,-1,-3,-1,2,2,5,2,2,-2,-2,-5,-2,-2
0,1,23637,23640,70911,70912,70913,70916,70917,70918,141823,141824,141825,141826,141827,141830,141831,141832,141833,141834,1,-1,2,-2,1,3,1,-1,-3,-1,2,2,5,2,2,-2,-2,-5,-2,-2
0,1,23639,23642,70917,70918,70919,70922,70923,70924,141835,141836,141837,141838,141839,141842,141843,141844,141845,141846,1,-1,2,-2,1,3,1,-1,-3,-1,2,2,5,2,2,-2,-2,-5,-2,-2
0,1,23641,23644,70923,70924,70925,70928,70929,70930,141847,141848,141849,141850,141851,141854,141855,141856,141857,141858,1,-1,2,-2,1,3,1,-1,-3,-1,2,2,5,2,2,-2,-2,-5,-2,-2
0,1,23643,23646,70929,70930,70931,70934,70935,70936,141859,141860,141861,141862,141863,141866,141867,141868,141869,141870,1,-1,2,-2,1,3,1,-1,-3,-1,2,2,5,2,2,-2,-2,-5,-2,-2
0,1,23645,23648,70935,70936,70937,70940,70941,70942,141871,141872,141873,141874,141875,141878,141879,141880,141881,141882,1,-1,2,-2,1,3,1,-1,-3,-1,2,2,5,2,2,-2,-2,-5,-2,-2
0,1,23647,23650,70941,70942,70943,70946,70947,70948,141883,141884,141885,141886,141887,141890,141891,141892,141893,141894,1,-1,2,-2,1,3,1,-1,-3,-1,2,2,5,2,2,-2,-2,-5,-2,-2
0,1,23649,23652,70947,70948,70949,70952,70953,70954,141895,141896,141897,141898,141899,141902,141903,141904,141905,141906,1,-1,2,-2,1,3,1,-1,-3,-1,2,2,5,2,2,-2,-2,-5,-2,-2
0,1,23651,23654,70953,70954,70955,70958,70959,70960,141907,141908,141909,141910,141911,141914,141915,141916,141917,141918,1,-1,2,-2,1,3,1,-1,-3,-1,2,2,5,2,2,-2,-2,-5,-2,-2
0,1,23653,23656,70959,70960,70961,70964,70965,70966,141919,141920,141921,141922,141923,141926,141927,141928,141929,141930,1,-1,2,-2,1,3,1,-1,-3,-1,2,2,5,2,2,-2,-2,-5,-2,-2
0,1,23655,23658,70965,70966,70967,70970,70971,70972,141931,141932,141933,141934,141935,141938,141939,141940,141941,141942,1,-1,2,-2,1,3,1,-1,-3,-1,2,2,5,2,2,-2,-2,-5,-2,-2
0,1,23657,23660,70971,70972,70973,70976,70977,70978,141943,141944,141945,141946,141947,141950,141951,141952,141953,141954,1,-1,2,-2,1,3,1,-1,-3,-1,2,2,5,2,2,-2,-2,-5,-2,-2
0,1,23659,23662,70977,70978,70979,70982,70983,70984,141955,141956,141957,141958,141959,141962,141963,141964,141965,141966,1,-1,2,-2,1,3,1,-1,-3,-1,2,2,5,2,2,-2,-2,-5,-2,-2
0,1,23661,23664,70983,70984,70985,70988,70989,70990,141967,141968,141969,141970,141971,141974,141975,141976,141977,141978,1,-1,2,-2,1,3,1,-1,-3,-1,2,2,5,2,2,-2,-2,-5,-2,-2
0,1,23663,23666,70989,70990,70991,70994,70995,70996,141979,141980,141981,141982,141983,141986,141987,141988,141989,141990,1,-1,2,-2,1,3,1,-1,-3,-1,2,2,5,2,2,-2,-2,-5,-2,-2
0,1,23665,23668,70995,70996,70997,71000,71001,71002,141991,141992,141993,141994,141995,141998,141999,142000,142001,142002,1,-1,2,-2,1,3,1,-1,-3,-1,2,2,5,2,2,-2,-2,-5,-2,-2
0,1,23667,23670,71001,71002,71003,71006,71007,71008,142003,142004,142005,142006,142007,142010,142011,142012,142013,142014,1,-1,2,-2,1,3,1,-1,-3,-1,2,2,5,2,2,-2,-2,-5,-2,-2
0,1,23669,23672,71007,71008,71009,71012,71013,71014,142015,142016,142017,142018,142019,142022,142023,142024,142025,142026,1,-1,2,-2,1,3,1,-1,-3,-1,2,2,5,2,2,-2,-2,-5,-2,-2
0,1,23671,23674,71013,71014,71015,71018,71019,71020,142027,142028,142029,142030,142031,142034,142035,142036,142037,142038,1,-1,2,-2,1,3,1,-1,-3,-1,2,2,5,2,2,-2,-2,-5,-2,-2
0,1,23673,23676,71019,71020,71021,71024,71025,71026,142039,142040,142041,142042,142043,142046,142047,142048,142049,142050,1,-1,2,-2,1,3,1,-1,-3,-1,2,2,5,2,2,-2,-2,-5,-2,-2
0,1,23675,23678,71025,71026,71027,71030,71031,71032,142051,142052,142053,142054,142055,142058,142059,142060,142061,142062,1,-1,2,-2,1,3,1,-1,-3,-1,2,2,5,2,2,-2,-2,-5,-2,-2
0,1,23677,23680,71031,71032,71033,71036,71037,71038,142063,142064,142065,142066,142067,142070,142071,142072,142073,142074,1,-1,2,-2,1,3,1,-1,-3,-1,2,2,5,2,2,-2,-2,-5,-2,-2
0,1,23679,23682,71037,71038,71039,71042,71043,71044,142075,142076,142077,142078,142079,142082,142083,142084,142085,142086,1,-1,2,-2,1,3,1,-1,-3,-1,2,2,5,2,2,-2,-2,-5,-2,-2
0,1,23681,23684,71043,71044,71045,71048,71049,71050,142087,142088,142089,142090,142091,142094,142095,142096,142097,142098,1,-1,2,-2,1,3,1,-1,-3,-1,2,2,5,2,2,-2,-2,-5,-2,-2
0,1,23683,23686,71049,71050,71051,71054,71055,71056,142099,142100,142101,142102,142103,142106,142107,142108,142109,142110,1,-1,2,-2,1,3,1,-1,-3,-1,2,2,5,2,2,-2,-2,-5,-2,-2
0,1,23685,23688,71055,71056,71057,71060,71061,71062,142111,142112,142113,142114,142115,142118,142119,142120,142121,142122,1,-1,2,-2,1,3,1,-1,-3,-1,2,2,5,2,2,-2,-2,-5,-2,-2
0,1,23687,23690,71061,71062,71063,71066,71067,71068,142123,142124,142125,142126,142127,142130,142131,142132,142133,142134,1,-1,2,-2,1,3,1,-1,-3,-1,2,2,5,2,2,-2,-2,-5,-2,-2
0,1,23689,23692,71067,71068,71069,71072,71073,71074,142135,142136,142137,142138,142139,142142,142143,142144,142145,142146,1,-1,2,-2,1,3,1,-1,-3,-1,2,2,5,2,2,-2,-2,-5,-2,-2
0,1,23691,23694,71073,71074,71075,71078,71079,71080,142147,142148,142149,142150,142151,142154,142155,142156,142157,142158,1,-1,2,-2,1,3,1,-1,-3,-1,2,2,5,2,2,-2,-2,-5,-2,-2
0,1,23693,23696,71079,71080,71081,71084,71085,71086,142159,142160,142161,142162,142163,142166,142167,142168,142169,142170,1,-1,2,-2,1,3,1,-1,-3,-1,2,2,5,2,2,-2,-2,-5,-2,-2
0,1,23695,23698,71085,71086,71087,71090,71091,71092,142171,142172,142173,142174,142175,142178,142179,142180,142181,142182,1,-1,2,-2,1,3,1,-1,-3,-1,2,2,5,2,2,-2,-2,-5,-2,-2
0,1,23697,23700,71091,71092,71093,71096,71097,71098,142183,142184,142185,142186,142187,142190,142191,142192,142193,142194,1,-1,2,-2,1,3,1,-1,-3,-1,2,2,5,2,2,-2,-2,-5,-2,-2
0,1,23699,23702,71097,71098,71099,71102,71103,71104,142195,142196,142197,142198,142199,142202,142203,142204,142205,142206,1,-1,2,-2,1,3,1,-1,-3,-1,2,2,5,2,2,-2,-2,-5,-2,-2
0,1,23701,23704,71103,71104,71105,71108,71109,71110,142207,142208,142209,142210,142211,142214,142215,142216,142217,142218,1,-1,2,-2,1,3,1,-1,-3,-1,2,2,5,2,2,-2,-2,-5,-2,-2
0,1,23703,23706,71109,71110,71111,71114,71115,71116,142219,142220,142221,142222,142223,142226,142227,142228,142229,142230,1,-1,2,-2,1,3,1,-1,-3,-1,2,2,5,2,2,-2,-2,-5,-2,-2
0,1,23705,23708,71115,71116,71117,71120,71121,71122,142231,142232,142233,142234,142235,142238,142239,142240,142241,142242,1,-1,2,-2,1,3,1,-1,-3,-1,2,2,5,2,2,-2,-2,-5,-2,-2
0,1,23707,23710,71121,71122,71123,71126,71127,71128,142243,142244,142245,142246,142247,142250,142251,142252,142253,142254,1,-1,2,-2,1,3,1,-1,-3,-1,2,2,5,2,2,-2,-2,-5,-2,-2
0,1,23709,23712,71127,71128,71129,71132,71133,71134,142255,142256,142257,142258,142259,142262,142263,142264,142265,142266,1,-1,2,-2,1,3,1,-1,-3,-1,2,2,5,2,2,-2,-2,-5,-2,-2
0,1,23711,23714,71133,71134,71135,71138,71139,71140,142267,142268,142269,142270,142271,142274,142275,142276,142277,142278,1,-1,2,-2,1,3,1,-1,-3,-1,2,2,5,2,2,-2,-2,-5,-2,-2
0,1,23713,23716,71139,71140,71141,71144,71145,71146,142279,142280,142281,142282,142283,142286,142287,142288,142289,142290,1,-1,2,-2,1,3,1,-1,-3,-1,2,2,5,2,2,-2,-2,-5,-2,-2
0,1,23715,23718,71145,71146,71147,71150,71151,71152,142291,142292,142293,142294,142295,142298,142299,142300,142301,142302,1,-1,2,-2,1,3,1,-1,-3,-1,2,2,5,2,2,-2,-2,-5,-2,-2
0,1,23717,23720,71151,71152,71153,71156,71157,71158,142303,142304,142305,142306,142307,142310,142311,142312,142313,142314,1,-1,2,-2,1,3,1,-1,-3,-1,2,2,5,2,2,-2,-2,-5,-2,-2
0,1,23719,23722,71157,71158,71159,71162,71163,71164,142315,142316,142317,142318,142319,142322,142323,142324,142325,142326,1,-1,2,-2,1,3,1,-1,-3,-1,2,2,5,2,2,-2,-2,-5,-2,-2
0,1,23721,23724,71163,71164,71165,71168,71169,71170,142327,142328,142329,142330,142331,142334,142335,142336,142337,142338,1,-1,2,-2,1,3,1,-1,-3,-1,2,2,5,2,2,-2,-2,-5,-2,-2
0,1,23723,23726,71169,71170,71171,71174,71175,71176,142339,142340,142341,142342,142343,142346,142347,142348,142349,142350,1,-1,2,-2,1,3,1,-1,-3,-1,2,2,5,2,2,-2,-2,-5,-2,-2
0,1,23725,23728,71175,71176,71177,71180,71181,71182,142351,142352,142353,142354,142355,142358,142359,142360,142361,142362,1,-1,2,-2,1,3,1,-1,-3,-1,2,2,5,2,2,-2,-2,-5,-2,-2
0,1,23727,23730,71181,71182,71183,71186,71187,71188,142363,142364,142365,142366,142367,142370,142371,142372,142373,142374,1,-1,2,-2,1,3,1,-1,-3,-1,2,2,5,2,2,-2,-2,-5,-2,-2
0,1,23729,23732,71187,71188,71189,71192,71193,71194,142375,142376,142377,142378,142379,142382,142383,142384,142385,142386,1,-1,2,-2,1,3,1,-1,-3,-1,2,2,5,2,2,-2,-2,-5,-2,-2
0,1,23731,23734,71193,71194,71195,71198,71199,71200,142387,142388,142389,142390,142391,142394,142395,142396,142397,142398,1,-1,2,-2,1,3,1,-1,-3,-1,2,2,5,2,2,-2,-2,-5,-2,-2
0,1,23733,23736,71199,71200,71201,71204,71205,71206,142399,142400,142401,142402,142403,142406,142407,142408,142409,142410,1,-1,2,-2,1,3,1,-1,-3,-1,2,2,5,2,2,-2,-2,-5,-2,-2
0,1,23735,23738,71205,71206,71207,71210,71211,71212,142411,142412,142413,142414,142415,142418,142419,142420,142421,142422,1,-1,2,-2,1,3,1,-1,-3,-1,2,2,5,2,2,-2,-2,-5,-2,-2
0,1,23737,23740,71211,71212,71213,71216,71217,71218,142423,142424,142425,142426,142427,142430,142431,142432,142433,142434,1,-1,2,-2,1,3,1,-1,-3,-1,2,2,5,2,2,-2,-2,-5,-2,-2
0,1,23739,23742,71217,71218,71219,71222,71223,71224,142435,142436,142437,142438,142439,142442,142443,142444,142445,142446,1,-1,2,-2,1,3,1,-1,-3,-1,2,2,5,2,2,-2,-2,-5,-2,-2
0,1,23741,23744,71223,71224,71225,71228,71229,71230,142447,142448,142449,142450,142451,142454,142455,142456,142457,142458,1,-1,2,-2,1,3,1,-1,-3,-1,2,2,5,2,2,-2,-2,-5,-2,-2
0,1,23743,23746,71229,71230,71231,71234,71235,71236,142459,142460,142461,142462,142463,142466,142467,142468,142469,142470,1,-1,2,-2,1,3,1,-1,-3,-1,2,2,5,2,2,-2,-2,-5,-2,-2
0,1,23745,23748,71235,71236,71237,71240,71241,71242,142471,142472,142473,142474,142475,142478,142479,142480,142481,142482,1,-1,2,-2,1,3,1,-1,-3,-1,2,2,5,2,2,-2,-2,-5,-2,-2
0,1,23747,23750,71241,71242,71243,71246,71247,71248,142483,142484,142485,142486,142487,142490,142491,142492,142493,142494,1,-1,2,-2,1,3,1,-1,-3,-1,2,2,5,2,2,-2,-2,-5,-2,-2
0,1,23749,23752,71247,71248,71249,71252,71253,71254,142495,142496,142497,142498,142499,142502,142503,142504,142505,142506,1,-1,2,-2,1,3,1,-1,-3,-1,2,2,5,2,2,-2,-2,-5,-2,-2
0,1,23751,23754,71253,71254,71255,71258,71259,71260,142507,142508,142509,142510,142511,142514,142515,142516,142517,142518,1,-1,2,-2,1,3,1,-1,-3,-1,2,2,5,2,2,-2,-2,-5,-2,-2
0,1,23753,23756,71259,71260,71261,71264,71265,71266,142519,142520,142521,142522,142523,142526,142527,142528,142529,142530,1,-1,2,-2,1,3,1,-1,-3,-1,2,2,5,2,2,-2,-2,-5,-2,-2
0,1,23755,23758,71265,71266,71267,71270,71271,71272,142531,142532,142533,142534,142535,142538,142539,142540,142541,142542,1,-1,2,-2,1,3,1,-1,-3,-1,2,2,5,2,2,-2,-2,-5,-2,-2
0,1,23757,23760,71271,71272,71273,71276,71277,71278,142543,142544,142545,142546,142547,142550,142551,142552,142553,142554,1,-1,2,-2,1,3,1,-1,-3,-1,2,2,5,2,2,-2,-2,-5,-2,-2
0,1,23759,23762,71277,71278,71279,71282,71283,71284,142555,142556,142557,142558,142559,142562,142563,142564,142565,142566,1,-1,2,-2,1,3,1,-1,-3,-1,2,2,5,2,2,-2,-2,-5,-2,-2
0,1,23761,23764,71283,71284,71285,71288,71289,71290,142567,142568,142569,142570,142571,142574,142575,142576,142577,142578,1,-1,2,-2,1,3,1,-1,-3,-1,2,2,5,2,2,-2,-2,-5,-2,-2
0,1,23763,23766,71289,71290,71291,71294,71295,71296,142579,142580,142581,142582,142583,142586,142587,142588,142589,142590,1,-1,2,-2,1,3,1,-1,-3,-1,2,2,5,2,2,-2,-2,-5,-2,-2
0,1,23765,23768,71295,71296,71297,71300,71301,71302,142591,142592,142593,142594,142595,142598,142599,142600,142601,142602,1,-1,2,-2,1,3,1,-1,-3,-1,2,2,5,2,2,-2,-2,-5,-2,-2
0,1,23767,23770,71301,71302,71303,71306,71307,71308,142603,142604,142605,142606,142607,142610,142611,142612,142613,142614,1,-1,2,-2,1,3,1,-1,-3,-1,2,2,5,2,2,-2,-2,-5,-2,-2
0,1,23769,23772,71307,71308,71309,71312,71313,71314,142615,142616,142617,142618,142619,142622,142623,142624,142625,142626,1,-1,2,-2,1,3,1,-1,-3,-1,2,2,5,2,2,-2,-2,-5,-2,-2
0,1,23771,23774,71313,71314,71315,71318,71319,71320,142627,142628,142629,142630,142631,142634,142635,142636,142637,142638,1,-1,2,-2,1,3,1,-1,-3,-1,2,2,5,2,2,-2,-2,-5,-2,-2
0,1,23773,23776,71319,71320,71321,71324,71325,71326,142639,142640,142641,142642,142643,142646,142647,142648,142649,142650,1,-1,2,-2,1,3,1,-1,-3,-1,2,2,5,2,2,-2,-2,-5,-2,-2
0,1,23775,23778,71325,71326,71327,71330,71331,71332,142651,142652,142653,142654,142655,142658,142659,142660,142661,142662,1,-1,2,-2,1,3,1,-1,-3,-1,2,2,5,2,2,-2,-2,-5,-2,-2
0,1,23777,23780,71331,71332,71333,71336,71337,71338,142663,142664,142665,142666,142667,142670,142671,142672,142673,142674,1,-1,2,-2,1,3,1,-1,-3,-1,2,2,5,2,2,-2,-2,-5,-2,-2
0,1,23779,23782,71337,71338,71339,71342,71343,71344,142675,142676,142677,142678,142679,142682,142683,142684,142685,142686,1,-1,2,-2,1,3,1,-1,-3,-1,2,2,5,2,2,-2,-2,-5,-2,-2
0,1,23781,23784,71343,71344,71345,71348,71349,71350,142687,142688,142689,142690,142691,142694,142695,142696,142697,142698,1,-1,2,-2,1,3,1,-1,-3,-1,2,2,5,2,2,-2,-2,-5,-2,-2
0,1,23783,23786,71349,71350,71351,71354,71355,71356,142699,142700,142701,142702,142703,142706,142707,142708,142709,142710,1,-1,2,-2,1,3,1,-1,-3,-1,2,2,5,2,2,-2,-2,-5,-2,-2
0,1,23785,23788,71355,71356,71357,71360,71361,71362,142711,142712,142713,142714,142715,142718,142719,142720,142721,142722,1,-1,2,-2,1,3,1,-1,-3,-1,2,2,5,2,2,-2,-2,-5,-2,-2
0,1,23787,23790,71361,71362,71363,71366,71367,71368,142723,142724,142725,142726,142727,142730,142731,142732,142733,142734,1,-1,2,-2,1,3,1,-1,-3,-1,2,2,5,2,2,-2,-2,-5,-2,-2
0,1,23789,23792,71367,71368,71369,71372,71373,71374,142735,142736,142737,142738,142739,142742,142743,142744,142745,142746,1,-1,2,-2,1,3,1,-1,-3,-1,2,2,5,2,2,-2,-2,-5,-2,-2
0,1,23791,23794,71373,71374,71375,71378,71379,71380,142747,142748,142749,142750,142751,142754,142755,142756,142757,142758,1,-1,2,-2,1,3,1,-1,-3,-1,2,2,5,2,2,-2,-2,-5,-2,-2
0,1,23793,23796,71379,71380,71381,71384,71385,71386,142759,142760,142761,142762,142763,142766,142767,142768,142769,142770,1,-1,2,-2,1,3,1,-1,-3,-1,2,2,5,2,2,-2,-2,-5,-2,-2
0,1,23795,23798,71385,71386,71387,71390,71391,71392,142771,142772,142773,142774,142775,142778,142779,142780,142781,142782,1,-1,2,-2,1,3,1,-1,-3,-1,2,2,5,2,2,-2,-2,-5,-2,-2
0,1,23797,23800,71391,71392,71393,71396,71397,71398,142783,142784,142785,142786,142787,142790,142791,142792,142793,142794,1,-1,2,-2,1,3,1,-1,-3,-1,2,2,5,2,2,-2,-2,-5,-2,-2
0,1,23799,23802,71397,71398,71399,71402,71403,71404,142795,142796,142797,142798,142799,142802,142803,142804,142805,142806,1,-1,2,-2,1,3,1,-1,-3,-1,2,2,5,2,2,-2,-2,-5,-2,-2
0,1,23801,23804,71403,71404,71405,71408,71409,71410,142807,142808,142809,142810,142811,142814,142815,142816,142817,142818,1,-1,2,-2,1,3,1,-1,-3,-1,2,2,5,2,2,-2,-2,-5,-2,-2
0,1,23803,23806,71409,71410,71411,71414,71415,71416,142819,142820,142821,142822,142823,142826,142827,142828,142829,142830,1,-1,2,-2,1,3,1,-1,-3,-1,2,2,5,2,2,-2,-2,-5,-2,-2
0,1,23805,23808,71415,71416,71417,71420,71421,71422,142831,142832,142833,142834,142835,142838,142839,142840,142841,142842,1,-1,2,-2,1,3,1,-1,-3,-1,2,2,5,2,2,-2,-2,-5,-2,-2
0,1,23807,23810,71421,71422,71423,71426,71427,71428,142843,142844,142845,142846,142847,142850,142851,142852,142853,142854,1,-1,2,-2,1,3,1,-1,-3,-1,2,2,5,2,2,-2,-2,-5,-2,-2
0,1,23809,23812,71427,71428,71429,71432,71433,71434,142855,142856,142857,142858,142859,142862,142863,142864,142865,142866,1,-1,2,-2,1,3,1,-1,-3,-1,2,2,5,2,2,-2,-2,-5,-2,-2
0,1,23811,23814,71433,71434,71435,71438,71439,71440,142867,142868,142869,142870,142871,142874,142875,142876,142877,142878,1,-1,2,-2,1,3,1,-1,-3,-1,2,2,5,2,2,-2,-2,-5,-2,-2
0,1,23813,23816,71439,71440,71441,71444,71445,71446,142879,142880,142881,142882,142883,142886,142887,142888,142889,142890,1,-1,2,-2,1,3,1,-1,-3,-1,2,2,5,2,2,-2,-2,-5,-2,-2
0,1,23815,23818,71445,71446,71447,71450,71451,71452,142891,142892,142893,142894,142895,142898,142899,142900,142901,142902,1,-1,2,-2,1,3,1,-1,-3,-1,2,2,5,2,2,-2,-2,-5,-2,-2
0,1,23817,23820,71451,71452,71453,71456,71457,71458,142903,142904,142905,142906,142907,142910,142911,142912,142913,142914,1,-1,2,-2,1,3,1,-1,-3,-1,2,2,5,2,2,-2,-2,-5,-2,-2
0,1,23819,23822,71457,71458,71459,71462,71463,71464,142915,142916,142917,142918,142919,142922,142923,142924,142925,142926,1,-1,2,-2,1,3,1,-1,-3,-1,2,2,5,2,2,-2,-2,-5,-2,-2
0,1,23821,23824,71463,71464,71465,71468,71469,71470,142927,142928,142929,142930,142931,142934,142935,142936,142937,142938,1,-1,2,-2,1,3,1,-1,-3,-1,2,2,5,2,2,-2,-2,-5,-2,-2
0,1,23823,23826,71469,71470,71471,71474,71475,71476,142939,142940,142941,142942,142943,142946,142947,142948,142949,142950,1,-1,2,-2,1,3,1,-1,-3,-1,2,2,5,2,2,-2,-2,-5,-2,-2
0,1,23825,23828,71475,71476,71477,71480,71481,71482,142951,142952,142953,142954,142955,142958,142959,142960,142961,142962,1,-1,2,-2,1,3,1,-1,-3,-1,2,2,5,2,2,-2,-2,-5,-2,-2
0,1,23827,23830,71481,71482,71483,71486,71487,71488,142963,142964,142965,142966,142967,142970,142971,142972,142973,142974,1,-1,2,-2,1,3,1,-1,-3,-1,2,2,5,2,2,-2,-2,-5,-2,-2
0,1,23829,23832,71487,71488,71489,71492,71493,71494,142975,142976,142977,142978,142979,142982,142983,142984,142985,142986,1,-1,2,-2,1,3,1,-1,-3,-1,2,2,5,2,2,-2,-2,-5,-2,-2
0,1,23831,23834,71493,71494,71495,71498,71499,71500,142987,142988,142989,142990,142991,142994,142995,142996,142997,142998,1,-1,2,-2,1,3,1,-1,-3,-1,2,2,5,2,2,-2,-2,-5,-2,-2
0,1,23833,23836,71499,71500,71501,71504,71505,71506,142999,143000,143001,143002,143003,143006,143007,143008,143009,143010,1,-1,2,-2,1,3,1,-1,-3,-1,2,2,5,2,2,-2,-2,-5,-2,-2
0,1,23835,23838,71505,71506,71507,71510,71511,71512,143011,143012,143013,143014,143015,143018,143019,143020,143021,143022,1,-1,2,-2,1,3,1,-1,-3,-1,2,2,5,2,2,-2,-2,-5,-2,-2
0,1,23837,23840,71511,71512,71513,71516,71517,71518,143023,143024,143025,143026,143027,143030,143031,143032,143033,143034,1,-1,2,-2,1,3,1,-1,-3,-1,2,2,5,2,2,-2,-2,-5,-2,-2
0,1,23839,23842,71517,71518,71519,71522,71523,71524,143035,143036,143037,143038,143039,143042,143043,143044,143045,143046,1,-1,2,-2,1,3,1,-1,-3,-1,2,2,5,2,2,-2,-2,-5,-2,-2
0,1,23841,23844,71523,71524,71525,71528,71529,71530,143047,143048,143049,143050,143051,143054,143055,143056,143057,143058,1,-1,2,-2,1,3,1,-1,-3,-1,2,2,5,2,2,-2,-2,-5,-2,-2
0,1,23843,23846,71529,71530,71531,71534,71535,71536,143059,143060,143061,143062,143063,143066,143067,143068,143069,143070,1,-1,2,-2,1,3,1,-1,-3,-1,2,2,5,2,2,-2,-2,-5,-2,-2
0,1,23845,23848,71535,71536,71537,71540,71541,71542,143071,143072,143073,143074,143075,143078,143079,143080,143081,143082,1,-1,2,-2,1,3,1,-1,-3,-1,2,2,5,2,2,-2,-2,-5,-2,-2
0,1,23847,23850,71541,71542,71543,71546,71547,71548,143083,143084,143085,143086,143087,143090,143091,143092,143093,143094,1,-1,2,-2,1,3,1,-1,-3,-1,2,2,5,2,2,-2,-2,-5,-2,-2
0,1,23849,23852,71547,71548,71549,71552,71553,71554,143095,143096,143097,143098,143099,143102,143103,143104,143105,143106,1,-1,2,-2,1,3,1,-1,-3,-1,2,2,5,2,2,-2,-2,-5,-2,-2
0,1,23851,23854,71553,71554,71555,71558,71559,71560,143107,143108,143109,143110,143111,143114,143115,143116,143117,143118,1,-1,2,-2,1,3,1,-1,-3,-1,2,2,5,2,2,-2,-2,-5,-2,-2
0,1,23853,23856,71559,71560,71561,71564,71565,71566,143119,143120,143121,143122,143123,143126,143127,143128,143129,143130,1,-1,2,-2,1,3,1,-1,-3,-1,2,2,5,2,2,-2,-2,-5,-2,-2
0,1,23855,23858,71565,71566,71567,71570,71571,71572,143131,143132,143133,143134,143135,143138,143139,143140,143141,143142,1,-1,2,-2,1,3,1,-1,-3,-1,2,2,5,2,2,-2,-2,-5,-2,-2
0,1,23857,23860,71571,71572,71573,71576,71577,71578,143143,143144,143145,143146,143147,143150,143151,143152,143153,143154,1,-1,2,-2,1,3,1,-1,-3,-1,2,2,5,2,2,-2,-2,-5,-2,-2
0,1,23859,23862,71577,71578,71579,71582,71583,71584,143155,143156,143157,143158,143159,143162,143163,143164,143165,143166,1,-1,2,-2,1,3,1,-1,-3,-1,2,2,5,2,2,-2,-2,-5,-2,-2
0,1,23861,23864,71583,71584,71585,71588,71589,71590,143167,143168,143169,143170,143171,143174,143175,143176,143177,143178,1,-1,2,-2,1,3,1,-1,-3,-1,2,2,5,2,2,-2,-2,-5,-2,-2
0,1,23863,23866,71589,71590,71591,71594,71595,71596,143179,143180,143181,143182,143183,143186,143187,143188,143189,143190,1,-1,2,-2,1,3,1,-1,-3,-1,2,2,5,2,2,-2,-2,-5,-2,-2
0,1,23865,23868,71595,71596,71597,71600,71601,71602,143191,143192,143193,143194,143195,143198,143199,143200,143201,143202,1,-1,2,-2,1,3,1,-1,-3,-1,2,2,5,2,2,-2,-2,-5,-2,-2
0,1,23867,23870,71601,71602,71603,71606,71607,71608,143203,143204,143205,143206,143207,143210,143211,143212,143213,143214,1,-1,2,-2,1,3,1,-1,-3,-1,2,2,5,2,2,-2,-2,-5,-2,-2
0,1,23869,23872,71607,71608,71609,71612,71613,71614,143215,143216,143217,143218,143219,143222,143223,143224,143225,143226,1,-1,2,-2,1,3,1,-1,-3,-1,2,2,5,2,2,-2,-2,-5,-2,-2
0,1,23871,23874,71613,71614,71615,71618,71619,71620,143227,143228,143229,143230,143231,143234,143235,143236,143237,143238,1,-1,2,-2,1,3,1,-1,-3,-1,2,2,5,2,2,-2,-2,-5,-2,-2
0,1,23873,23876,71619,71620,71621,71624,71625,71626,143239,143240,143241,143242,143243,143246,143247,143248,143249,143250,1,-1,2,-2,1,3,1,-1,-3,-1,2,2,5,2,2,-2,-2,-5,-2,-2
0,1,23875,23878,71625,71626,71627,71630,71631,71632,143251,143252,143253,143254,143255,143258,143259,143260,143261,143262,1,-1,2,-2,1,3,1,-1,-3,-1,2,2,5,2,2,-2,-2,-5,-2,-2
0,1,23877,23880,71631,71632,71633,71636,71637,71638,143263,143264,143265,143266,143267,143270,143271,143272,143273,143274,1,-1,2,-2,1,3,1,-1,-3,-1,2,2,5,2,2,-2,-2,-5,-2,-2
0,1,23879,23882,71637,71638,71639,71642,71643,71644,143275,143276,143277,143278,143279,143282,143283,143284,143285,143286,1,-1,2,-2,1,3,1,-1,-3,-1,2,2,5,2,2,-2,-2,-5,-2,-2
0,1,23881,23884,71643,71644,71645,71648,71649,71650,143287,143288,143289,143290,143291,143294,143295,143296,143297,143298,1,-1,2,-2,1,3,1,-1,-3,-1,2,2,5,2,2,-2,-2,-5,-2,-2
0,1,23883,23886,71649,71650,71651,71654,71655,71656,143299,143300,143301,143302,143303,143306,143307,143308,143309,143310,1,-1,2,-2,1,3,1,-1,-3,-1,2,2,5,2,2,-2,-2,-5,-2,-2
0,1,23885,23888,71655,71656,71657,71660,71661,71662,143311,143312,143313,143314,143315,143318,143319,143320,143321,143322,1,-1,2,-2,1,3,1,-1,-3,-1,2,2,5,2,2,-2,-2,-5,-2,-2
0,1,23887,23890,71661,71662,71663,71666,71667,71668,143323,143324,143325,143326,143327,143330,143331,143332,143333,143334,1,-1,2,-2,1,3,1,-1,-3,-1,2,2,5,2,2,-2,-2,-5,-2,-2
0,1,23889,23892,71667,71668,71669,71672,71673,71674,143335,143336,143337,143338,143339,143342,143343,143344,143345,143346,1,-1,2,-2,1,3,1,-1,-3,-1,2,2,5,2,2,-2,-2,-5,-2,-2
0,1,23891,23894,71673,71674,71675,71678,71679,71680,143347,143348,143349,143350,143351,143354,143355,143356,143357,143358,1,-1,2,-2,1,3,1,-1,-3,-1,2,2,5,2,2,-2,-2,-5,-2,-2
0,1,23893,23896,71679,71680,71681,71684,71685,71686,143359,143360,143361,143362,143363,143366,143367,143368,143369,143370,1,-1,2,-2,1,3,1,-1,-3,-1,2,2,5,2,2,-2,-2,-5,-2,-2
0,1,23895,23898,71685,71686,71687,71690,71691,71692,143371,143372,143373,143374,143375,143378,143379,143380,143381,143382,1,-1,2,-2,1,3,1,-1,-3,-1,2,2,5,2,2,-2,-2,-5,-2,-2
0,1,23897,23900,71691,71692,71693,71696,71697,71698,143383,143384,143385,143386,143387,143390,143391,143392,143393,143394,1,-1,2,-2,1,3,1,-1,-3,-1,2,2,5,2,2,-2,-2,-5,-2,-2
0,1,23899,23902,71697,71698,71699,71702,71703,71704,143395,143396,143397,143398,143399,143402,143403,143404,143405,143406,1,-1,2,-2,1,3,1,-1,-3,-1,2,2,5,2,2,-2,-2,-5,-2,-2
0,1,23901,23904,71703,71704,71705,71708,71709,71710,143407,143408,143409,143410,143411,143414,143415,143416,143417,143418,1,-1,2,-2,1,3,1,-1,-3,-1,2,2,5,2,2,-2,-2,-5,-2,-2
0,1,23903,23906,71709,71710,71711,71714,71715,71716,143419,143420,143421,143422,143423,143426,143427,143428,143429,143430,1,-1,2,-2,1,3,1,-1,-3,-1,2,2,5,2,2,-2,-2,-5,-2,-2
0,1,23905,23908,71715,71716,71717,71720,71721,71722,143431,143432,143433,143434,143435,143438,143439,143440,143441,143442,1,-1,2,-2,1,3,1,-1,-3,-1,2,2,5,2,2,-2,-2,-5,-2,-2
0,1,23907,23910,71721,71722,71723,71726,71727,71728,143443,143444,143445,143446,143447,143450,143451,143452,143453,143454,1,-1,2,-2,1,3,1,-1,-3,-1,2,2,5,2,2,-2,-2,-5,-2,-2
0,1,23909,23912,71727,71728,71729,71732,71733,71734,143455,143456,143457,143458,143459,143462,143463,143464,143465,143466,1,-1,2,-2,1,3,1,-1,-3,-1,2,2,5,2,2,-2,-2,-5,-2,-2
0,1,23911,23914,71733,71734,71735,71738,71739,71740,143467,143468,143469,143470,143471,143474,143475,143476,143477,143478,1,-1,2,-2,1,3,1,-1,-3,-1,2,2,5,2,2,-2,-2,-5,-2,-2
0,1,23913,23916,71739,71740,71741,71744,71745,71746,143479,143480,143481,143482,143483,143486,143487,143488,143489,143490,1,-1,2,-2,1,3,1,-1,-3,-1,2,2,5,2,2,-2,-2,-5,-2,-2
0,1,23915,23918,71745,71746,71747,71750,71751,71752,143491,143492,143493,143494,143495,143498,143499,143500,143501,143502,1,-1,2,-2,1,3,1,-1,-3,-1,2,2,5,2,2,-2,-2,-5,-2,-2
0,1,23917,23920,71751,71752,71753,71756,71757,71758,143503,143504,143505,143506,143507,143510,143511,143512,143513,143514,1,-1,2,-2,1,3,1,-1,-3,-1,2,2,5,2,2,-2,-2,-5,-2,-2
0,1,23919,23922,71757,71758,71759,71762,71763,71764,143515,143516,143517,143518,143519,143522,143523,143524,143525,143526,1,-1,2,-2,1,3,1,-1,-3,-1,2,2,5,2,2,-2,-2,-5,-2,-2
0,1,23921,23924,71763,71764,71765,71768,71769,71770,143527,143528,143529,143530,143531,143534,143535,143536,143537,143538,1,-1,2,-2,1,3,1,-1,-3,-1,2,2,5,2,2,-2,-2,-5,-2,-2
0,1,23923,23926,71769,71770,71771,71774,71775,71776,143539,143540,143541,143542,143543,143546,143547,143548,143549,143550,1,-1,2,-2,1,3,1,-1,-3,-1,2,2,5,2,2,-2,-2,-5,-2,-2
0,1,23925,23928,71775,71776,71777,71780,71781,71782,143551,143552,143553,143554,143555,143558,143559,143560,143561,143562,1,-1,2,-2,1,3,1,-1,-3,-1,2,2,5,2,2,-2,-2,-5,-2,-2
0,1,23927,23930,71781,71782,71783,71786,71787,71788,143563,143564,143565,143566,143567,143570,143571,143572,143573,143574,1,-1,2,-2,1,3,1,-1,-3,-1,2,2,5,2,2,-2,-2,-5,-2,-2
0,1,23929,23932,71787,71788,71789,71792,71793,71794,143575,143576,143577,143578,143579,143582,143583,143584,143585,143586,1,-1,2,-2,1,3,1,-1,-3,-1,2,2,5,2,2,-2,-2,-5,-2,-2
0,1,23931,23934,71793,71794,71795,71798,71799,71800,143587,143588,143589,143590,143591,143594,143595,143596,143597,143598,1,-1,2,-2,1,3,1,-1,-3,-1,2,2,5,2,2,-2,-2,-5,-2,-2
0,1,23933,23936,71799,71800,71801,71804,71805,71806,143599,143600,143601,143602,143603,143606,143607,143608,143609,143610,1,-1,2,-2,1,3,1,-1,-3,-1,2,2,5,2,2,-2,-2,-5,-2,-2
0,1,23935,23938,71805,71806,71807,71810,71811,71812,143611,143612,143613,143614,143615,143618,143619,143620,143621,143622,1,-1,2,-2,1,3,1,-1,-3,-1,2,2,5,2,2,-2,-2,-5,-2,-2
0,1,23937,23940,71811,71812,71813,71816,71817,71818,143623,143624,143625,143626,143627,143630,143631,143632,143633,143634,1,-1,2,-2,1,3,1,-1,-3,-1,2,2,5,2,2,-2,-2,-5,-2,-2
0,1,23939,23942,71817,71818,71819,71822,71823,71824,143635,143636,143637,143638,143639,143642,143643,143644,143645,143646,1,-1,2,-2,1,3,1,-1,-3,-1,2,2,5,2,2,-2,-2,-5,-2,-2
0,1,23941,23944,71823,71824,71825,71828,71829,71830,143647,143648,143649,143650,143651,143654,143655,143656,143657,143658,1,-1,2,-2,1,3,1,-1,-3,-1,2,2,5,2,2,-2,-2,-5,-2,-2
0,1,23943,23946,71829,71830,71831,71834,71835,71836,143659,143660,143661,143662,143663,143666,143667,143668,143669,143670,1,-1,2,-2,1,3,1,-1,-3,-1,2,2,5,2,2,-2,-2,-5,-2,-2
0,1,23945,23948,71835,71836,71837,71840,71841,71842,143671,143672,143673,143674,143675,143678,143679,143680,143681,143682,1,-1,2,-2,1,3,1,-1,-3,-1,2,2,5,2,2,-2,-2,-5,-2,-2
0,1,23947,23950,71841,71842,71843,71846,71847,71848,143683,143684,143685,143686,143687,143690,143691,143692,143693,143694,1,-1,2,-2,1,3,1,-1,-3,-1,2,2,5,2,2,-2,-2,-5,-2,-2
0,1,23949,23952,71847,71848,71849,71852,71853,71854,143695,143696,143697,143698,143699,143702,143703,143704,143705,143706,1,-1,2,-2,1,3,1,-1,-3,-1,2,2,5,2,2,-2,-2,-5,-2,-2
0,1,23951,23954,71853,71854,71855,71858,71859,71860,143707,143708,143709,143710,143711,143714,143715,143716,143717,143718,1,-1,2,-2,1,3,1,-1,-3,-1,2,2,5,2,2,-2,-2,-5,-2,-2
0,1,23953,23956,71859,71860,71861,71864,71865,71866,143719,143720,143721,143722,143723,143726,143727,143728,143729,143730,1,-1,2,-2,1,3,1,-1,-3,-1,2,2,5,2,2,-2,-2,-5,-2,-2
0,1,23955,23958,71865,71866,71867,71870,71871,71872,143731,143732,143733,143734,143735,143738,143739,143740,143741,143742,1,-1,2,-2,1,3,1,-1,-3,-1,2,2,5,2,2,-2,-2,-5,-2,-2
0,1,23957,23960,71871,71872,71873,71876,71877,71878,143743,143744,143745,143746,143747,143750,143751,143752,143753,143754,1,-1,2,-2,1,3,1,-1,-3,-1,2,2,5,2,2,-2,-2,-5,-2,-2
0,1,23959,23962,71877,71878,71879,71882,71883,71884,143755,143756,143757,143758,143759,143762,143763,143764,143765,143766,1,-1,2,-2,1,3,1,-1,-3,-1,2,2,5,2,2,-2,-2,-5,-2,-2
0,1,23961,23964,71883,71884,71885,71888,71889,71890,143767,143768,143769,143770,143771,143774,143775,143776,143777,143778,1,-1,2,-2,1,3,1,-1,-3,-1,2,2,5,2,2,-2,-2,-5,-2,-2
0,1,23963,23966,71889,71890,71891,71894,71895,71896,143779,143780,143781,143782,143783,143786,143787,143788,143789,143790,1,-1,2,-2,1,3,1,-1,-3,-1,2,2,5,2,2,-2,-2,-5,-2,-2
0,1,23965,23968,71895,71896,71897,71900,71901,71902,143791,143792,143793,143794,143795,143798,143799,143800,143801,143802,1,-1,2,-2,1,3,1,-1,-3,-1,2,2,5,2,2,-2,-2,-5,-2,-2
0,1,23967,23970,71901,71902,71903,71906,71907,71908,143803,143804,143805,143806,143807,143810,143811,143812,143813,143814,1,-1,2,-2,1,3,1,-1,-3,-1,2,2,5,2,2,-2,-2,-5,-2,-2
0,1,23969,23972,71907,71908,71909,71912,71913,71914,143815,143816,143817,143818,143819,143822,143823,143824,143825,143826,1,-1,2,-2,1,3,1,-1,-3,-1,2,2,5,2,2,-2,-2,-5,-2,-2
0,1,23971,23974,71913,71914,71915,71918,71919,71920,143827,143828,143829,143830,143831,143834,143835,143836,143837,143838,1,-1,2,-2,1,3,1,-1,-3,-1,2,2,5,2,2,-2,-2,-5,-2,-2
0,1,23973,23976,71919,71920,71921,71924,71925,71926,143839,143840,143841,143842,143843,143846,143847,143848,143849,143850,1,-1,2,-2,1,3,1,-1,-3,-1,2,2,5,2,2,-2,-2,-5,-2,-2
0,1,23975,23978,71925,71926,71927,71930,71931,71932,143851,143852,143853,143854,143855,143858,143859,143860,143861,143862,1,-1,2,-2,1,3,1,-1,-3,-1,2,2,5,2,2,-2,-2,-5,-2,-2
0,1,23977,23980,71931,71932,71933,71936,71937,71938,143863,143864,143865,143866,143867,143870,143871,143872,143873,143874,1,-1,2,-2,1,3,1,-1,-3,-1,2,2,5,2,2,-2,-2,-5,-2,-2
0,1,23979,23982,71937,71938,71939,71942,71943,71944,143875,143876,143877,143878,143879,143882,143883,143884,143885,143886,1,-1,2,-2,1,3,1,-1,-3,-1,2,2,5,2,2,-2,-2,-5,-2,-2
0,1,23981,23984,71943,71944,71945,71948,71949,71950,143887,143888,143889,143890,143891,143894,143895,143896,143897,143898,1,-1,2,-2,1,3,1,-1,-3,-1,2,2,5,2,2,-2,-2,-5,-2,-2
0,1,23983,23986,71949,71950,71951,71954,71955,71956,143899,143900,143901,143902,143903,143906,143907,143908,143909,143910,1,-1,2,-2,1,3,1,-1,-3,-1,2,2,5,2,2,-2,-2,-5,-2,-2
0,1,23985,23988,71955,71956,71957,71960,71961,71962,143911,143912,143913,143914,143915,143918,143919,143920,143921,143922,1,-1,2,-2,1,3,1,-1,-3,-1,2,2,5,2,2,-2,-2,-5,-2,-2
0,1,23987,23990,71961,71962,71963,71966,71967,71968,143923,143924,143925,143926,143927,143930,143931,143932,143933,143934,1,-1,2,-2,1,3,1,-1,-3,-1,2,2,5,2,2,-2,-2,-5,-2,-2
0,1,23989,23992,71967,71968,71969,71972,71973,71974,143935,143936,143937,143938,143939,143942,143943,143944,143945,143946,1,-1,2,-2,1,3,1,-1,-3,-1,2,2,5,2,2,-2,-2,-5,-2,-2
0,1,23991,23994,71973,71974,71975,71978,71979,71980,143947,143948,143949,143950,143951,143954,143955,143956,143957,143958,1,-1,2,-2,1,3,1,-1,-3,-1,2,2,5,2,2,-2,-2,-5,-2,-2
0,1,23993,23996,71979,71980,71981,71984,71985,71986,143959,143960,143961,143962,143963,143966,143967,143968,143969,143970,1,-1,2,-2,1,3,1,-1,-3,-1,2,2,5,2,2,-2,-2,-5,-2,-2
0,1,23995,23998,71985,71986,71987,71990,71991,71992,143971,143972,143973,143974,143975,143978,143979,143980,143981,143982,1,-1,2,-2,1,3,1,-1,-3,-1,2,2,5,2,2,-2,-2,-5,-2,-2
0,1,23997,24000,71991,71992,71993,71996,71997,71998,143983,143984,143985,143986,143987,143990,143991,143992,143993,143994,1,-1,2,-2,1,3,1,-1,-3,-1,2,2,5,2,2,-2,-2,-5,-2,-2
0,1,23999,24002,71997,71998,71999,72002,72003,72004,143995,143996,143997,143998,143999,144002,144003,144004,144005,144006,1,-1,2,-2,1,3,1,-1,-3,-1,2,2,5,2,2,-2,-2,-5,-2,-2
0,1,24001,24004,72003,72004,72005,72008,72009,72010,144007,144008,144009,144010,144011,144014,144015,144016,144017,144018,1,-1,2,-2,1,3,1,-1,-3,-1,2,2,5,2,2,-2,-2,-5,-2,-2
0,1,24003,24006,72009,72010,72011,72014,72015,72016,144019,144020,144021,144022,144023,144026,144027,144028,144029,144030,1,-1,2,-2,1,3,1,-1,-3,-1,2,2,5,2,2,-2,-2,-5,-2,-2
0,1,24005,24008,72015,72016,72017,72020,72021,72022,144031,144032,144033,144034,144035,144038,144039,144040,144041,144042,1,-1,2,-2,1,3,1,-1,-3,-1,2,2,5,2,2,-2,-2,-5,-2,-2
0,1,24007,24010,72021,72022,72023,72026,72027,72028,144043,144044,144045,144046,144047,144050,144051,144052,144053,144054,1,-1,2,-2,1,3,1,-1,-3,-1,2,2,5,2,2,-2,-2,-5,-2,-2
0,1,24009,24012,72027,72028,72029,72032,72033,72034,144055,144056,144057,144058,144059,144062,144063,144064,144065,144066,1,-1,2,-2,1,3,1,-1,-3,-1,2,2,5,2,2,-2,-2,-5,-2,-2
0,1,24011,24014,72033,72034,72035,72038,72039,72040,144067,144068,144069,144070,144071,144074,144075,144076,144077,144078,1,-1,2,-2,1,3,1,-1,-3,-1,2,2,5,2,2,-2,-2,-5,-2,-2
0,1,24013,24016,72039,72040,72041,72044,72045,72046,144079,144080,144081,144082,144083,144086,144087,144088,144089,144090,1,-1,2,-2,1,3,1,-1,-3,-1,2,2,5,2,2,-2,-2,-5,-2,-2
0,1,24015,24018,72045,72046,72047,72050,72051,72052,144091,144092,144093,144094,144095,144098,144099,144100,144101,144102,1,-1,2,-2,1,3,1,-1,-3,-1,2,2,5,2,2,-2,-2,-5,-2,-2
0,1,24017,24020,72051,72052,72053,72056,72057,72058,144103,144104,144105,144106,144107,144110,144111,144112,144113,144114,1,-1,2,-2,1,3,1,-1,-3,-1,2,2,5,2,2,-2,-2,-5,-2,-2
0,1,24019,24022,72057,72058,72059,72062,72063,72064,144115,144116,144117,144118,144119,144122,144123,144124,144125,144126,1,-1,2,-2,1,3,1,-1,-3,-1,2,2,5,2,2,-2,-2,-5,-2,-2
0,1,24021,24024,72063,72064,72065,72068,72069,72070,144127,144128,144129,144130,144131,144134,144135,144136,144137,144138,1,-1,2,-2,1,3,1,-1,-3,-1,2,2,5,2,2,-2,-2,-5,-2,-2
0,1,24023,24026,72069,72070,72071,72074,72075,72076,144139,144140,144141,144142,144143,144146,144147,144148,144149,144150,1,-1,2,-2,1,3,1,-1,-3,-1,2,2,5,2,2,-2,-2,-5,-2,-2
0,1,24025,24028,72075,72076,72077,72080,72081,72082,144151,144152,144153,144154,144155,144158,144159,144160,144161,144162,1,-1,2,-2,1,3,1,-1,-3,-1,2,2,5,2,2,-2,-2,-5,-2,-2
0,1,24027,24030,72081,72082,72083,72086,72087,72088,144163,144164,144165,144166,144167,144170,144171,144172,144173,144174,1,-1,2,-2,1,3,1,-1,-3,-1,2,2,5,2,2,-2,-2,-5,-2,-2
0,1,24029,24032,72087,72088,72089,72092,72093,72094,144175,144176,144177,144178,144179,144182,144183,144184,144185,144186,1,-1,2,-2,1,3,1,-1,-3,-1,2,2,5,2,2,-2,-2,-5,-2,-2
0,1,24031,24034,72093,72094,72095,72098,72099,72100,144187,144188,144189,144190,144191,144194,144195,144196,144197,144198,1,-1,2,-2,1,3,1,-1,-3,-1,2,2,5,2,2,-2,-2,-5,-2,-2
0,1,24033,24036,72099,72100,72101,72104,72105,72106,144199,144200,144201,144202,144203,144206,144207,144208,144209,144210,1,-1,2,-2,1,3,1,-1,-3,-1,2,2,5,2,2,-2,-2,-5,-2,-2
0,1,24035,24038,72105,72106,72107,72110,72111,72112,144211,144212,144213,144214,144215,144218,144219,144220,144221,144222,1,-1,2,-2,1,3,1,-1,-3,-1,2,2,5,2,2,-2,-2,-5,-2,-2
0,1,24037,24040,72111,72112,72113,72116,72117,72118,144223,144224,144225,144226,144227,144230,144231,144232,144233,144234,1,-1,2,-2,1,3,1,-1,-3,-1,2,2,5,2,2,-2,-2,-5,-2,-2
0,1,24039,24042,72117,72118,72119,72122,72123,72124,144235,144236,144237,144238,144239,144242,144243,144244,144245,144246,1,-1,2,-2,1,3,1,-1,-3,-1,2,2,5,2,2,-2,-2,-5,-2,-2
0,1,24041,24044,72123,72124,72125,72128,72129,72130,144247,144248,144249,144250,144251,144254,144255,144256,144257,144258,1,-1,2,-2,1,3,1,-1,-3,-1,2,2,5,2,2,-2,-2,-5,-2,-2
0,1,24043,24046,72129,72130,72131,72134,72135,72136,144259,144260,144261,144262,144263,144266,144267,144268,144269,144270,1,-1,2,-2,1,3,1,-1,-3,-1,2,2,5,2,2,-2,-2,-5,-2,-2
0,1,24045,24048,72135,72136,72137,72140,72141,72142,144271,144272,144273,144274,144275,144278,144279,144280,144281,144282,1,-1,2,-2,1,3,1,-1,-3,-1,2,2,5,2,2,-2,-2,-5,-2,-2
0,1,24047,24050,72141,72142,72143,72146,72147,72148,144283,144284,144285,144286,144287,144290,144291,144292,144293,144294,1,-1,2,-2,1,3,1,-1,-3,-1,2,2,5,2,2,-2,-2,-5,-2,-2
0,1,24049,24052,72147,72148,72149,72152,72153,72154,144295,144296,144297,144298,144299,144302,144303,144304,144305,144306,1,-1,2,-2,1,3,1,-1,-3,-1,2,2,5,2,2,-2,-2,-5,-2,-2
0,1,24051,24054,72153,72154,72155,72158,72159,72160,144307,144308,144309,144310,144311,144314,144315,144316,144317,144318,1,-1,2,-2,1,3,1,-1,-3,-1,2,2,5,2,2,-2,-2,-5,-2,-2
0,1,24053,24056,72159,72160,72161,72164,72165,72166,144319,144320,144321,144322,144323,144326,144327,144328,144329,144330,1,-1,2,-2,1,3,1,-1,-3,-1,2,2,5,2,2,-2,-2,-5,-2,-2
0,1,24055,24058,72165,72166,72167,72170,72171,72172,144331,144332,144333,144334,144335,144338,144339,144340,144341,144342,1,-1,2,-2,1,3,1,-1,-3,-1,2,2,5,2,2,-2,-2,-5,-2,-2
0,1,24057,24060,72171,72172,72173,72176,72177,72178,144343,144344,144345,144346,144347,144350,144351,144352,144353,144354,1,-1,2,-2,1,3,1,-1,-3,-1,2,2,5,2,2,-2,-2,-5,-2,-2
0,1,24059,24062,72177,72178,72179,72182,72183,72184,144355,144356,144357,144358,144359,144362,144363,144364,144365,144366,1,-1,2,-2,1,3,1,-1,-3,-1,2,2,5,2,2,-2,-2,-5,-2,-2
0,1,24061,24064,72183,72184,72185,72188,72189,72190,144367,144368,144369,144370,144371,144374,144375,144376,144377,144378,1,-1,2,-2,1,3,1,-1,-3,-1,2,2,5,2,2,-2,-2,-5,-2,-2
0,1,24063,24066,72189,72190,72191,72194,72195,72196,144379,144380,144381,144382,144383,144386,144387,144388,144389,144390,1,-1,2,-2,1,3,1,-1,-3,-1,2,2,5,2,2,-2,-2,-5,-2,-2
0,1,24065,24068,72195,72196,72197,72200,72201,72202,144391,144392,144393,144394,144395,144398,144399,144400,144401,144402,1,-1,2,-2,1,3,1,-1,-3,-1,2,2,5,2,2,-2,-2,-5,-2,-2
0,1,24067,24070,72201,72202,72203,72206,72207,72208,144403,144404,144405,144406,144407,144410,144411,144412,144413,144414,1,-1,2,-2,1,3,1,-1,-3,-1,2,2,5,2,2,-2,-2,-5,-2,-2
0,1,24069,24072,72207,72208,72209,72212,72213,72214,144415,144416,144417,144418,144419,144422,144423,144424,144425,144426,1,-1,2,-2,1,3,1,-1,-3,-1,2,2,5,2,2,-2,-2,-5,-2,-2
0,1,24071,24074,72213,72214,72215,72218,72219,72220,144427,144428,144429,144430,144431,144434,144435,144436,144437,144438,1,-1,2,-2,1,3,1,-1,-3,-1,2,2,5,2,2,-2,-2,-5,-2,-2
0,1,24073,24076,72219,72220,72221,72224,72225,72226,144439,144440,144441,144442,144443,144446,144447,144448,144449,144450,1,-1,2,-2,1,3,1,-1,-3,-1,2,2,5,2,2,-2,-2,-5,-2,-2
0,1,24075,24078,72225,72226,72227,72230,72231,72232,144451,144452,144453,144454,144455,144458,144459,144460,144461,144462,1,-1,2,-2,1,3,1,-1,-3,-1,2,2,5,2,2,-2,-2,-5,-2,-2
0,1,24077,24080,72231,72232,72233,72236,72237,72238,144463,144464,144465,144466,144467,144470,144471,144472,144473,144474,1,-1,2,-2,1,3,1,-1,-3,-1,2,2,5,2,2,-2,-2,-5,-2,-2
0,1,24079,24082,72237,72238,72239,72242,72243,72244,144475,144476,144477,144478,144479,144482,144483,144484,144485,144486,1,-1,2,-2,1,3,1,-1,-3,-1,2,2,5,2,2,-2,-2,-5,-2,-2
0,1,24081,24084,72243,72244,72245,72248,72249,72250,144487,144488,144489,144490,144491,144494,144495,144496,144497,144498,1,-1,2,-2,1,3,1,-1,-3,-1,2,2,5,2,2,-2,-2,-5,-2,-2
0,1,24083,24086,72249,72250,72251,72254,72255,72256,144499,144500,144501,144502,144503,144506,144507,144508,144509,144510,1,-1,2,-2,1,3,1,-1,-3,-1,2,2,5,2,2,-2,-2,-5,-2,-2
0,1,24085,24088,72255,72256,72257,72260,72261,72262,144511,144512,144513,144514,144515,144518,144519,144520,144521,144522,1,-1,2,-2,1,3,1,-1,-3,-1,2,2,5,2,2,-2,-2,-5,-2,-2
0,1,24087,24090,72261,72262,72263,72266,72267,72268,144523,144524,144525,144526,144527,144530,144531,144532,144533,144534,1,-1,2,-2,1,3,1,-1,-3,-1,2,2,5,2,2,-2,-2,-5,-2,-2
0,1,24089,24092,72267,72268,72269,72272,72273,72274,144535,144536,144537,144538,144539,144542,144543,144544,144545,144546,1,-1,2,-2,1,3,1,-1,-3,-1,2,2,5,2,2,-2,-2,-5,-2,-2
0,1,24091,24094,72273,72274,72275,72278,72279,72280,144547,144548,144549,144550,144551,144554,144555,144556,144557,144558,1,-1,2,-2,1,3,1,-1,-3,-1,2,2,5,2,2,-2,-2,-5,-2,-2
0,1,24093,24096,72279,72280,72281,72284,72285,72286,144559,144560,144561,144562,144563,144566,144567,144568,144569,144570,1,-1,2,-2,1,3,1,-1,-3,-1,2,2,5,2,2,-2,-2,-5,-2,-2
0,1,24095,24098,72285,72286,72287,72290,72291,72292,144571,144572,144573,144574,144575,144578,144579,144580,144581,144582,1,-1,2,-2,1,3,1,-1,-3,-1,2,2,5,2,2,-2,-2,-5,-2,-2
0,1,24097,24100,72291,72292,72293,72296,72297,72298,144583,144584,144585,144586,144587,144590,144591,144592,144593,144594,1,-1,2,-2,1,3,1,-1,-3,-1,2,2,5,2,2,-2,-2,-5,-2,-2
0,1,24099,24102,72297,72298,72299,72302,72303,72304,144595,144596,144597,144598,144599,144602,144603,144604,144605,144606,1,-1,2,-2,1,3,1,-1,-3,-1,2,2,5,2,2,-2,-2,-5,-2,-2
0,1,24101,24104,72303,72304,72305,72308,72309,72310,144607,144608,144609,144610,144611,144614,144615,144616,144617,144618,1,-1,2,-2,1,3,1,-1,-3,-1,2,2,5,2,2,-2,-2,-5,-2,-2
0,1,24103,24106,72309,72310,72311,72314,72315,72316,144619,144620,144621,144622,144623,144626,144627,144628,144629,144630,1,-1,2,-2,1,3,1,-1,-3,-1,2,2,5,2,2,-2,-2,-5,-2,-2
0,1,24105,24108,72315,72316,72317,72320,72321,72322,144631,144632,144633,144634,144635,144638,144639,144640,144641,144642,1,-1,2,-2,1,3,1,-1,-3,-1,2,2,5,2,2,-2,-2,-5,-2,-2
0,1,24107,24110,72321,72322,72323,72326,72327,72328,144643,144644,144645,144646,144647,144650,144651,144652,144653,144654,1,-1,2,-2,1,3,1,-1,-3,-1,2,2,5,2,2,-2,-2,-5,-2,-2
0,1,24109,24112,72327,72328,72329,72332,72333,72334,144655,144656,144657,144658,144659,144662,144663,144664,144665,144666,1,-1,2,-2,1,3,1,-1,-3,-1,2,2,5,2,2,-2,-2,-5,-2,-2
0,1,24111,24114,72333,72334,72335,72338,72339,72340,144667,144668,144669,144670,144671,144674,144675,144676,144677,144678,1,-1,2,-2,1,3,1,-1,-3,-1,2,2,5,2,2,-2,-2,-5,-2,-2
0,1,24113,24116,72339,72340,72341,72344,72345,72346,144679,144680,144681,144682,144683,144686,144687,144688,144689,144690,1,-1,2,-2,1,3,1,-1,-3,-1,2,2,5,2,2,-2,-2,-5,-2,-2
0,1,24115,24118,72345,72346,72347,72350,72351,72352,144691,144692,144693,144694,144695,144698,144699,144700,144701,144702,1,-1,2,-2,1,3,1,-1,-3,-1,2,2,5,2,2,-2,-2,-5,-2,-2
0,1,24117,24120,72351,72352,72353,72356,72357,72358,144703,144704,144705,144706,144707,144710,144711,144712,144713,144714,1,-1,2,-2,1,3,1,-1,-3,-1,2,2,5,2,2,-2,-2,-5,-2,-2
0,1,24119,24122,72357,72358,72359,72362,72363,72364,144715,144716,144717,144718,144719,144722,144723,144724,144725,144726,1,-1,2,-2,1,3,1,-1,-3,-1,2,2,5,2,2,-2,-2,-5,-2,-2
0,1,24121,24124,72363,72364,72365,72368,72369,72370,144727,144728,144729,144730,144731,144734,144735,144736,144737,144738,1,-1,2,-2,1,3,1,-1,-3,-1,2,2,5,2,2,-2,-2,-5,-2,-2
0,1,24123,24126,72369,72370,72371,72374,72375,72376,144739,144740,144741,144742,144743,144746,144747,144748,144749,144750,1,-1,2,-2,1,3,1,-1,-3,-1,2,2,5,2,2,-2,-2,-5,-2,-2
0,1,24125,24128,72375,72376,72377,72380,72381,72382,144751,144752,144753,144754,144755,144758,144759,144760,144761,144762,1,-1,2,-2,1,3,1,-1,-3,-1,2,2,5,2,2,-2,-2,-5,-2,-2
0,1,24127,24130,72381,72382,72383,72386,72387,72388,144763,144764,144765,144766,144767,144770,144771,144772,144773,144774,1,-1,2,-2,1,3,1,-1,-3,-1,2,2,5,2,2,-2,-2,-5,-2,-2
0,1,24129,24132,72387,72388,72389,72392,72393,72394,144775,144776,144777,144778,144779,144782,144783,144784,144785,144786,1,-1,2,-2,1,3,1,-1,-3,-1,2,2,5,2,2,-2,-2,-5,-2,-2
0,1,24131,24134,72393,72394,72395,72398,72399,72400,144787,144788,144789,144790,144791,144794,144795,144796,144797,144798,1,-1,2,-2,1,3,1,-1,-3,-1,2,2,5,2,2,-2,-2,-5,-2,-2
0,1,24133,24136,72399,72400,72401,72404,72405,72406,144799,144800,144801,144802,144803,144806,144807,144808,144809,144810,1,-1,2,-2,1,3,1,-1,-3,-1,2,2,5,2,2,-2,-2,-5,-2,-2
0,1,24135,24138,72405,72406,72407,72410,72411,72412,144811,144812,144813,144814,144815,144818,144819,144820,144821,144822,1,-1,2,-2,1,3,1,-1,-3,-1,2,2,5,2,2,-2,-2,-5,-2,-2
0,1,24137,24140,72411,72412,72413,72416,72417,72418,144823,144824,144825,144826,144827,144830,144831,144832,144833,144834,1,-1,2,-2,1,3,1,-1,-3,-1,2,2,5,2,2,-2,-2,-5,-2,-2
0,1,24139,24142,72417,72418,72419,72422,72423,72424,144835,144836,144837,144838,144839,144842,144843,144844,144845,144846,1,-1,2,-2,1,3,1,-1,-3,-1,2,2,5,2,2,-2,-2,-5,-2,-2
0,1,24141,24144,72423,72424,72425,72428,72429,72430,144847,144848,144849,144850,144851,144854,144855,144856,144857,144858,1,-1,2,-2,1,3,1,-1,-3,-1,2,2,5,2,2,-2,-2,-5,-2,-2
0,1,24143,24146,72429,72430,72431,72434,72435,72436,144859,144860,144861,144862,144863,144866,144867,144868,144869,144870,1,-1,2,-2,1,3,1,-1,-3,-1,2,2,5,2,2,-2,-2,-5,-2,-2
0,1,24145,24148,72435,72436,72437,72440,72441,72442,144871,144872,144873,144874,144875,144878,144879,144880,144881,144882,1,-1,2,-2,1,3,1,-1,-3,-1,2,2,5,2,2,-2,-2,-5,-2,-2
0,1,24147,24150,72441,72442,72443,72446,72447,72448,144883,144884,144885,144886,144887,144890,144891,144892,144893,144894,1,-1,2,-2,1,3,1,-1,-3,-1,2,2,5,2,2,-2,-2,-5,-2,-2
0,1,24149,24152,72447,72448,72449,72452,72453,72454,144895,144896,144897,144898,144899,144902,144903,144904,144905,144906,1,-1,2,-2,1,3,1,-1,-3,-1,2,2,5,2,2,-2,-2,-5,-2,-2
0,1,24151,24154,72453,72454,72455,72458,72459,72460,144907,144908,144909,144910,144911,144914,144915,144916,144917,144918,1,-1,2,-2,1,3,1,-1,-3,-1,2,2,5,2,2,-2,-2,-5,-2,-2
0,1,24153,24156,72459,72460,72461,72464,72465,72466,144919,144920,144921,144922,144923,144926,144927,144928,144929,144930,1,-1,2,-2,1,3,1,-1,-3,-1,2,2,5,2,2,-2,-2,-5,-2,-2
0,1,24155,24158,72465,72466,72467,72470,72471,72472,144931,144932,144933,144934,144935,144938,144939,144940,144941,144942,1,-1,2,-2,1,3,1,-1,-3,-1,2,2,5,2,2,-2,-2,-5,-2,-2
0,1,24157,24160,72471,72472,72473,72476,72477,72478,144943,144944,144945,144946,144947,144950,144951,144952,144953,144954,1,-1,2,-2,1,3,1,-1,-3,-1,2,2,5,2,2,-2,-2,-5,-2,-2
0,1,24159,24162,72477,72478,72479,72482,72483,72484,144955,144956,144957,144958,144959,144962,144963,144964,144965,144966,1,-1,2,-2,1,3,1,-1,-3,-1,2,2,5,2,2,-2,-2,-5,-2,-2
0,1,24161,24164,72483,72484,72485,72488,72489,72490,144967,144968,144969,144970,144971,144974,144975,144976,144977,144978,1,-1,2,-2,1,3,1,-1,-3,-1,2,2,5,2,2,-2,-2,-5,-2,-2
0,1,24163,24166,72489,72490,72491,72494,72495,72496,144979,144980,144981,144982,144983,144986,144987,144988,144989,144990,1,-1,2,-2,1,3,1,-1,-3,-1,2,2,5,2,2,-2,-2,-5,-2,-2
0,1,24165,24168,72495,72496,72497,72500,72501,72502,144991,144992,144993,144994,144995,144998,144999,145000,145001,145002,1,-1,2,-2,1,3,1,-1,-3,-1,2,2,5,2,2,-2,-2,-5,-2,-2
0,1,24167,24170,72501,72502,72503,72506,72507,72508,145003,145004,145005,145006,145007,145010,145011,145012,145013,145014,1,-1,2,-2,1,3,1,-1,-3,-1,2,2,5,2,2,-2,-2,-5,-2,-2
0,1,24169,24172,72507,72508,72509,72512,72513,72514,145015,145016,145017,145018,145019,145022,145023,145024,145025,145026,1,-1,2,-2,1,3,1,-1,-3,-1,2,2,5,2,2,-2,-2,-5,-2,-2
0,1,24171,24174,72513,72514,72515,72518,72519,72520,145027,145028,145029,145030,145031,145034,145035,145036,145037,145038,1,-1,2,-2,1,3,1,-1,-3,-1,2,2,5,2,2,-2,-2,-5,-2,-2
0,1,24173,24176,72519,72520,72521,72524,72525,72526,145039,145040,145041,145042,145043,145046,145047,145048,145049,145050,1,-1,2,-2,1,3,1,-1,-3,-1,2,2,5,2,2,-2,-2,-5,-2,-2
0,1,24175,24178,72525,72526,72527,72530,72531,72532,145051,145052,145053,145054,145055,145058,145059,145060,145061,145062,1,-1,2,-2,1,3,1,-1,-3,-1,2,2,5,2,2,-2,-2,-5,-2,-2
0,1,24177,24180,72531,72532,72533,72536,72537,72538,145063,145064,145065,145066,145067,145070,145071,145072,145073,145074,1,-1,2,-2,1,3,1,-1,-3,-1,2,2,5,2,2,-2,-2,-5,-2,-2
0,1,24179,24182,72537,72538,72539,72542,72543,72544,145075,145076,145077,145078,145079,145082,145083,145084,145085,145086,1,-1,2,-2,1,3,1,-1,-3,-1,2,2,5,2,2,-2,-2,-5,-2,-2
0,1,24181,24184,72543,72544,72545,72548,72549,72550,145087,145088,145089,145090,145091,145094,145095,145096,145097,145098,1,-1,2,-2,1,3,1,-1,-3,-1,2,2,5,2,2,-2,-2,-5,-2,-2
0,1,24183,24186,72549,72550,72551,72554,72555,72556,145099,145100,145101,145102,145103,145106,145107,145108,145109,145110,1,-1,2,-2,1,3,1,-1,-3,-1,2,2,5,2,2,-2,-2,-5,-2,-2
0,1,24185,24188,72555,72556,72557,72560,72561,72562,145111,145112,145113,145114,145115,145118,145119,145120,145121,145122,1,-1,2,-2,1,3,1,-1,-3,-1,2,2,5,2,2,-2,-2,-5,-2,-2
0,1,24187,24190,72561,72562,72563,72566,72567,72568,145123,145124,145125,145126,145127,145130,145131,145132,145133,145134,1,-1,2,-2,1,3,1,-1,-3,-1,2,2,5,2,2,-2,-2,-5,-2,-2
0,1,24189,24192,72567,72568,72569,72572,72573,72574,145135,145136,145137,145138,145139,145142,145143,145144,145145,145146,1,-1,2,-2,1,3,1,-1,-3,-1,2,2,5,2,2,-2,-2,-5,-2,-2
0,1,24191,24194,72573,72574,72575,72578,72579,72580,145147,145148,145149,145150,145151,145154,145155,145156,145157,145158,1,-1,2,-2,1,3,1,-1,-3,-1,2,2,5,2,2,-2,-2,-5,-2,-2
0,1,24193,24196,72579,72580,72581,72584,72585,72586,145159,145160,145161,145162,145163,145166,145167,145168,145169,145170,1,-1,2,-2,1,3,1,-1,-3,-1,2,2,5,2,2,-2,-2,-5,-2,-2
0,1,24195,24198,72585,72586,72587,72590,72591,72592,145171,145172,145173,145174,145175,145178,145179,145180,145181,145182,1,-1,2,-2,1,3,1,-1,-3,-1,2,2,5,2,2,-2,-2,-5,-2,-2
0,1,24197,24200,72591,72592,72593,72596,72597,72598,145183,145184,145185,145186,145187,145190,145191,145192,145193,145194,1,-1,2,-2,1,3,1,-1,-3,-1,2,2,5,2,2,-2,-2,-5,-2,-2
0,1,24199,24202,72597,72598,72599,72602,72603,72604,145195,145196,145197,145198,145199,145202,145203,145204,145205,145206,1,-1,2,-2,1,3,1,-1,-3,-1,2,2,5,2,2,-2,-2,-5,-2,-2
0,1,24201,24204,72603,72604,72605,72608,72609,72610,145207,145208,145209,145210,145211,145214,145215,145216,145217,145218,1,-1,2,-2,1,3,1,-1,-3,-1,2,2,5,2,2,-2,-2,-5,-2,-2
0,1,24203,24206,72609,72610,72611,72614,72615,72616,145219,145220,145221,145222,145223,145226,145227,145228,145229,145230,1,-1,2,-2,1,3,1,-1,-3,-1,2,2,5,2,2,-2,-2,-5,-2,-2
0,1,24205,24208,72615,72616,72617,72620,72621,72622,145231,145232,145233,145234,145235,145238,145239,145240,145241,145242,1,-1,2,-2,1,3,1,-1,-3,-1,2,2,5,2,2,-2,-2,-5,-2,-2
0,1,24207,24210,72621,72622,72623,72626,72627,72628,145243,145244,145245,145246,145247,145250,145251,145252,145253,145254,1,-1,2,-2,1,3,1,-1,-3,-1,2,2,5,2,2,-2,-2,-5,-2,-2
0,1,24209,24212,72627,72628,72629,72632,72633,72634,145255,145256,145257,145258,145259,145262,145263,145264,145265,145266,1,-1,2,-2,1,3,1,-1,-3,-1,2,2,5,2,2,-2,-2,-5,-2,-2
0,1,24211,24214,72633,72634,72635,72638,72639,72640,145267,145268,145269,145270,145271,145274,145275,145276,145277,145278,1,-1,2,-2,1,3,1,-1,-3,-1,2,2,5,2,2,-2,-2,-5,-2,-2
0,1,24213,24216,72639,72640,72641,72644,72645,72646,145279,145280,145281,145282,145283,145286,145287,145288,145289,145290,1,-1,2,-2,1,3,1,-1,-3,-1,2,2,5,2,2,-2,-2,-5,-2,-2
0,1,24215,24218,72645,72646,72647,72650,72651,72652,145291,145292,145293,145294,145295,145298,145299,145300,145301,145302,1,-1,2,-2,1,3,1,-1,-3,-1,2,2,5,2,2,-2,-2,-5,-2,-2
0,1,24217,24220,72651,72652,72653,72656,72657,72658,145303,145304,145305,145306,145307,145310,145311,145312,145313,145314,1,-1,2,-2,1,3,1,-1,-3,-1,2,2,5,2,2,-2,-2,-5,-2,-2
0,1,24219,24222,72657,72658,72659,72662,72663,72664,145315,145316,145317,145318,145319,145322,145323,145324,145325,145326,1,-1,2,-2,1,3,1,-1,-3,-1,2,2,5,2,2,-2,-2,-5,-2,-2
0,1,24221,24224,72663,72664,72665,72668,72669,72670,145327,145328,145329,145330,145331,145334,145335,145336,145337,145338,1,-1,2,-2,1,3,1,-1,-3,-1,2,2,5,2,2,-2,-2,-5,-2,-2
0,1,24223,24226,72669,72670,72671,72674,72675,72676,145339,145340,145341,145342,145343,145346,145347,145348,145349,145350,1,-1,2,-2,1,3,1,-1,-3,-1,2,2,5,2,2,-2,-2,-5,-2,-2
0,1,24225,24228,72675,72676,72677,72680,72681,72682,145351,145352,145353,145354,145355,145358,145359,145360,145361,145362,1,-1,2,-2,1,3,1,-1,-3,-1,2,2,5,2,2,-2,-2,-5,-2,-2
0,1,24227,24230,72681,72682,72683,72686,72687,72688,145363,145364,145365,145366,145367,145370,145371,145372,145373,145374,1,-1,2,-2,1,3,1,-1,-3,-1,2,2,5,2,2,-2,-2,-5,-2,-2
0,1,24229,24232,72687,72688,72689,72692,72693,72694,145375,145376,145377,145378,145379,145382,145383,145384,145385,145386,1,-1,2,-2,1,3,1,-1,-3,-1,2,2,5,2,2,-2,-2,-5,-2,-2
0,1,24231,24234,72693,72694,72695,72698,72699,72700,145387,145388,145389,145390,145391,145394,145395,145396,145397,145398,1,-1,2,-2,1,3,1,-1,-3,-1,2,2,5,2,2,-2,-2,-5,-2,-2
0,1,24233,24236,72699,72700,72701,72704,72705,72706,145399,145400,145401,145402,145403,145406,145407,145408,145409,145410,1,-1,2,-2,1,3,1,-1,-3,-1,2,2,5,2,2,-2,-2,-5,-2,-2
0,1,24235,24238,72705,72706,72707,72710,72711,72712,145411,145412,145413,145414,145415,145418,145419,145420,145421,145422,1,-1,2,-2,1,3,1,-1,-3,-1,2,2,5,2,2,-2,-2,-5,-2,-2
0,1,24237,24240,72711,72712,72713,72716,72717,72718,145423,145424,145425,145426,145427,145430,145431,145432,145433,145434,1,-1,2,-2,1,3,1,-1,-3,-1,2,2,5,2,2,-2,-2,-5,-2,-2
0,1,24239,24242,72717,72718,72719,72722,72723,72724,145435,145436,145437,145438,145439,145442,145443,145444,145445,145446,1,-1,2,-2,1,3,1,-1,-3,-1,2,2,5,2,2,-2,-2,-5,-2,-2
0,1,24241,24244,72723,72724,72725,72728,72729,72730,145447,145448,145449,145450,145451,145454,145455,145456,145457,145458,1,-1,2,-2,1,3,1,-1,-3,-1,2,2,5,2,2,-2,-2,-5,-2,-2
0,1,24243,24246,72729,72730,72731,72734,72735,72736,145459,145460,145461,145462,145463,145466,145467,145468,145469,145470,1,-1,2,-2,1,3,1,-1,-3,-1,2,2,5,2,2,-2,-2,-5,-2,-2
0,1,24245,24248,72735,72736,72737,72740,72741,72742,145471,145472,145473,145474,145475,145478,145479,145480,145481,145482,1,-1,2,-2,1,3,1,-1,-3,-1,2,2,5,2,2,-2,-2,-5,-2,-2
0,1,24247,24250,72741,72742,72743,72746,72747,72748,145483,145484,145485,145486,145487,145490,145491,145492,145493,145494,1,-1,2,-2,1,3,1,-1,-3,-1,2,2,5,2,2,-2,-2,-5,-2,-2
0,1,24249,24252,72747,72748,72749,72752,72753,72754,145495,145496,145497,145498,145499,145502,145503,145504,145505,145506,1,-1,2,-2,1,3,1,-1,-3,-1,2,2,5,2,2,-2,-2,-5,-2,-2
0,1,24251,24254,72753,72754,72755,72758,72759,72760,145507,145508,145509,145510,145511,145514,145515,145516,145517,145518,1,-1,2,-2,1,3,1,-1,-3,-1,2,2,5,2,2,-2,-2,-5,-2,-2
0,1,24253,24256,72759,72760,72761,72764,72765,72766,145519,145520,145521,145522,145523,145526,145527,145528,145529,145530,1,-1,2,-2,1,3,1,-1,-3,-1,2,2,5,2,2,-2,-2,-5,-2,-2
0,1,24255,24258,72765,72766,72767,72770,72771,72772,145531,145532,145533,145534,145535,145538,145539,145540,145541,145542,1,-1,2,-2,1,3,1,-1,-3,-1,2,2,5,2,2,-2,-2,-5,-2,-2
0,1,24257,24260,72771,72772,72773,72776,72777,72778,145543,145544,145545,145546,145547,145550,145551,145552,145553,145554,1,-1,2,-2,1,3,1,-1,-3,-1,2,2,5,2,2,-2,-2,-5,-2,-2
0,1,24259,24262,72777,72778,72779,72782,72783,72784,145555,145556,145557,145558,145559,145562,145563,145564,145565,145566,1,-1,2,-2,1,3,1,-1,-3,-1,2,2,5,2,2,-2,-2,-5,-2,-2
0,1,24261,24264,72783,72784,72785,72788,72789,72790,145567,145568,145569,145570,145571,145574,145575,145576,145577,145578,1,-1,2,-2,1,3,1,-1,-3,-1,2,2,5,2,2,-2,-2,-5,-2,-2
0,1,24263,24266,72789,72790,72791,72794,72795,72796,145579,145580,145581,145582,145583,145586,145587,145588,145589,145590,1,-1,2,-2,1,3,1,-1,-3,-1,2,2,5,2,2,-2,-2,-5,-2,-2
0,1,24265,24268,72795,72796,72797,72800,72801,72802,145591,145592,145593,145594,145595,145598,145599,145600,145601,145602,1,-1,2,-2,1,3,1,-1,-3,-1,2,2,5,2,2,-2,-2,-5,-2,-2
0,1,24267,24270,72801,72802,72803,72806,72807,72808,145603,145604,145605,145606,145607,145610,145611,145612,145613,145614,1,-1,2,-2,1,3,1,-1,-3,-1,2,2,5,2,2,-2,-2,-5,-2,-2
0,1,24269,24272,72807,72808,72809,72812,72813,72814,145615,145616,145617,145618,145619,145622,145623,145624,145625,145626,1,-1,2,-2,1,3,1,-1,-3,-1,2,2,5,2,2,-2,-2,-5,-2,-2
0,1,24271,24274,72813,72814,72815,72818,72819,72820,145627,145628,145629,145630,145631,145634,145635,145636,145637,145638,1,-1,2,-2,1,3,1,-1,-3,-1,2,2,5,2,2,-2,-2,-5,-2,-2
0,1,24273,24276,72819,72820,72821,72824,72825,72826,145639,145640,145641,145642,145643,145646,145647,145648,145649,145650,1,-1,2,-2,1,3,1,-1,-3,-1,2,2,5,2,2,-2,-2,-5,-2,-2
0,1,24275,24278,72825,72826,72827,72830,72831,72832,145651,145652,145653,145654,145655,145658,145659,145660,145661,145662,1,-1,2,-2,1,3,1,-1,-3,-1,2,2,5,2,2,-2,-2,-5,-2,-2
0,1,24277,24280,72831,72832,72833,72836,72837,72838,145663,145664,145665,145666,145667,145670,145671,145672,145673,145674,1,-1,2,-2,1,3,1,-1,-3,-1,2,2,5,2,2,-2,-2,-5,-2,-2
0,1,24279,24282,72837,72838,72839,72842,72843,72844,145675,145676,145677,145678,145679,145682,145683,145684,145685,145686,1,-1,2,-2,1,3,1,-1,-3,-1,2,2,5,2,2,-2,-2,-5,-2,-2
0,1,24281,24284,72843,72844,72845,72848,72849,72850,145687,145688,145689,145690,145691,145694,145695,145696,145697,145698,1,-1,2,-2,1,3,1,-1,-3,-1,2,2,5,2,2,-2,-2,-5,-2,-2
0,1,24283,24286,72849,72850,72851,72854,72855,72856,145699,145700,145701,145702,145703,145706,145707,145708,145709,145710,1,-1,2,-2,1,3,1,-1,-3,-1,2,2,5,2,2,-2,-2,-5,-2,-2
0,1,24285,24288,72855,72856,72857,72860,72861,72862,145711,145712,145713,145714,145715,145718,145719,145720,145721,145722,1,-1,2,-2,1,3,1,-1,-3,-1,2,2,5,2,2,-2,-2,-5,-2,-2
0,1,24287,24290,72861,72862,72863,72866,72867,72868,145723,145724,145725,145726,145727,145730,145731,145732,145733,145734,1,-1,2,-2,1,3,1,-1,-3,-1,2,2,5,2,2,-2,-2,-5,-2,-2
0,1,24289,24292,72867,72868,72869,72872,72873,72874,145735,145736,145737,145738,145739,145742,145743,145744,145745,145746,1,-1,2,-2,1,3,1,-1,-3,-1,2,2,5,2,2,-2,-2,-5,-2,-2
0,1,24291,24294,72873,72874,72875,72878,72879,72880,145747,145748,145749,145750,145751,145754,145755,145756,145757,145758,1,-1,2,-2,1,3,1,-1,-3,-1,2,2,5,2,2,-2,-2,-5,-2,-2
0,1,24293,24296,72879,72880,72881,72884,72885,72886,145759,145760,145761,145762,145763,145766,145767,145768,145769,145770,1,-1,2,-2,1,3,1,-1,-3,-1,2,2,5,2,2,-2,-2,-5,-2,-2
0,1,24295,24298,72885,72886,72887,72890,72891,72892,145771,145772,145773,145774,145775,145778,145779,145780,145781,145782,1,-1,2,-2,1,3,1,-1,-3,-1,2,2,5,2,2,-2,-2,-5,-2,-2
0,1,24297,24300,72891,72892,72893,72896,72897,72898,145783,145784,145785,145786,145787,145790,145791,145792,145793,145794,1,-1,2,-2,1,3,1,-1,-3,-1,2,2,5,2,2,-2,-2,-5,-2,-2
0,1,24299,24302,72897,72898,72899,72902,72903,72904,145795,145796,145797,145798,145799,145802,145803,145804,145805,145806,1,-1,2,-2,1,3,1,-1,-3,-1,2,2,5,2,2,-2,-2,-5,-2,-2
0,1,24301,24304,72903,72904,72905,72908,72909,72910,145807,145808,145809,145810,145811,145814,145815,145816,145817,145818,1,-1,2,-2,1,3,1,-1,-3,-1,2,2,5,2,2,-2,-2,-5,-2,-2
0,1,24303,24306,72909,72910,72911,72914,72915,72916,145819,145820,145821,145822,145823,145826,145827,145828,145829,145830,1,-1,2,-2,1,3,1,-1,-3,-1,2,2,5,2,2,-2,-2,-5,-2,-2
0,1,24305,24308,72915,72916,72917,72920,72921,72922,145831,145832,145833,145834,145835,145838,145839,145840,145841,145842,1,-1,2,-2,1,3,1,-1,-3,-1,2,2,5,2,2,-2,-2,-5,-2,-2
0,1,24307,24310,72921,72922,72923,72926,72927,72928,145843,145844,145845,145846,145847,145850,145851,145852,145853,145854,1,-1,2,-2,1,3,1,-1,-3,-1,2,2,5,2,2,-2,-2,-5,-2,-2
0,1,24309,24312,72927,72928,72929,72932,72933,72934,145855,145856,145857,145858,145859,145862,145863,145864,145865,145866,1,-1,2,-2,1,3,1,-1,-3,-1,2,2,5,2,2,-2,-2,-5,-2,-2
0,1,24311,24314,72933,72934,72935,72938,72939,72940,145867,145868,145869,145870,145871,145874,145875,145876,145877,145878,1,-1,2,-2,1,3,1,-1,-3,-1,2,2,5,2,2,-2,-2,-5,-2,-2
0,1,24313,24316,72939,72940,72941,72944,72945,72946,145879,145880,145881,145882,145883,145886,145887,145888,145889,145890,1,-1,2,-2,1,3,1,-1,-3,-1,2,2,5,2,2,-2,-2,-5,-2,-2
0,1,24315,24318,72945,72946,72947,72950,72951,72952,145891,145892,145893,145894,145895,145898,145899,145900,145901,145902,1,-1,2,-2,1,3,1,-1,-3,-1,2,2,5,2,2,-2,-2,-5,-2,-2
0,1,24317,24320,72951,72952,72953,72956,72957,72958,145903,145904,145905,145906,145907,145910,145911,145912,145913,145914,1,-1,2,-2,1,3,1,-1,-3,-1,2,2,5,2,2,-2,-2,-5,-2,-2
0,1,24319,24322,72957,72958,72959,72962,72963,72964,145915,145916,145917,145918,145919,145922,145923,145924,145925,145926,1,-1,2,-2,1,3,1,-1,-3,-1,2,2,5,2,2,-2,-2,-5,-2,-2
0,1,24321,24324,72963,72964,72965,72968,72969,72970,145927,145928,145929,145930,145931,145934,145935,145936,145937,145938,1,-1,2,-2,1,3,1,-1,-3,-1,2,2,5,2,2,-2,-2,-5,-2,-2
0,1,24323,24326,72969,72970,72971,72974,72975,72976,145939,145940,145941,145942,145943,145946,145947,145948,145949,145950,1,-1,2,-2,1,3,1,-1,-3,-1,2,2,5,2,2,-2,-2,-5,-2,-2
0,1,24325,24328,72975,72976,72977,72980,72981,72982,145951,145952,145953,145954,145955,145958,145959,145960,145961,145962,1,-1,2,-2,1,3,1,-1,-3,-1,2,2,5,2,2,-2,-2,-5,-2,-2
0,1,24327,24330,72981,72982,72983,72986,72987,72988,145963,145964,145965,145966,145967,145970,145971,145972,145973,145974,1,-1,2,-2,1,3,1,-1,-3,-1,2,2,5,2,2,-2,-2,-5,-2,-2
0,1,24329,24332,72987,72988,72989,72992,72993,72994,145975,145976,145977,145978,145979,145982,145983,145984,145985,145986,1,-1,2,-2,1,3,1,-1,-3,-1,2,2,5,2,2,-2,-2,-5,-2,-2
0,1,24331,24334,72993,72994,72995,72998,72999,73000,145987,145988,145989,145990,145991,145994,145995,145996,145997,145998,1,-1,2,-2,1,3,1,-1,-3,-1,2,2,5,2,2,-2,-2,-5,-2,-2
0,1,24333,24336,72999,73000,73001,73004,73005,73006,145999,146000,146001,146002,146003,146006,146007,146008,146009,146010,1,-1,2,-2,1,3,1,-1,-3,-1,2,2,5,2,2,-2,-2,-5,-2,-2
0,1,24335,24338,73005,73006,73007,73010,73011,73012,146011,146012,146013,146014,146015,146018,146019,146020,146021,146022,1,-1,2,-2,1,3,1,-1,-3,-1,2,2,5,2,2,-2,-2,-5,-2,-2
0,1,24337,24340,73011,73012,73013,73016,73017,73018,146023,146024,146025,146026,146027,146030,146031,146032,146033,146034,1,-1,2,-2,1,3,1,-1,-3,-1,2,2,5,2,2,-2,-2,-5,-2,-2
0,1,24339,24342,73017,73018,73019,73022,73023,73024,146035,146036,146037,146038,146039,146042,146043,146044,146045,146046,1,-1,2,-2,1,3,1,-1,-3,-1,2,2,5,2,2,-2,-2,-5,-2,-2
0,1,24341,24344,73023,73024,73025,73028,73029,73030,146047,146048,146049,146050,146051,146054,146055,146056,146057,146058,1,-1,2,-2,1,3,1,-1,-3,-1,2,2,5,2,2,-2,-2,-5,-2,-2
0,1,24343,24346,73029,73030,73031,73034,73035,73036,146059,146060,146061,146062,146063,146066,146067,146068,146069,146070,1,-1,2,-2,1,3,1,-1,-3,-1,2,2,5,2,2,-2,-2,-5,-2,-2
0,1,24345,24348,73035,73036,73037,73040,73041,73042,146071,146072,146073,146074,146075,146078,146079,146080,146081,146082,1,-1,2,-2,1,3,1,-1,-3,-1,2,2,5,2,2,-2,-2,-5,-2,-2
0,1,24347,24350,73041,73042,73043,73046,73047,73048,146083,146084,146085,146086,146087,146090,146091,146092,146093,146094,1,-1,2,-2,1,3,1,-1,-3,-1,2,2,5,2,2,-2,-2,-5,-2,-2
0,1,24349,24352,73047,73048,73049,73052,73053,73054,146095,146096,146097,146098,146099,146102,146103,146104,146105,146106,1,-1,2,-2,1,3,1,-1,-3,-1,2,2,5,2,2,-2,-2,-5,-2,-2
0,1,24351,24354,73053,73054,73055,73058,73059,73060,146107,146108,146109,146110,146111,146114,146115,146116,146117,146118,1,-1,2,-2,1,3,1,-1,-3,-1,2,2,5,2,2,-2,-2,-5,-2,-2
0,1,24353,24356,73059,73060,73061,73064,73065,73066,146119,146120,146121,146122,146123,146126,146127,146128,146129,146130,1,-1,2,-2,1,3,1,-1,-3,-1,2,2,5,2,2,-2,-2,-5,-2,-2
0,1,24355,24358,73065,73066,73067,73070,73071,73072,146131,146132,146133,146134,146135,146138,146139,146140,146141,146142,1,-1,2,-2,1,3,1,-1,-3,-1,2,2,5,2,2,-2,-2,-5,-2,-2
0,1,24357,24360,73071,73072,73073,73076,73077,73078,146143,146144,146145,146146,146147,146150,146151,146152,146153,146154,1,-1,2,-2,1,3,1,-1,-3,-1,2,2,5,2,2,-2,-2,-5,-2,-2
0,1,24359,24362,73077,73078,73079,73082,73083,73084,146155,146156,146157,146158,146159,146162,146163,146164,146165,146166,1,-1,2,-2,1,3,1,-1,-3,-1,2,2,5,2,2,-2,-2,-5,-2,-2
0,1,24361,24364,73083,73084,73085,73088,73089,73090,146167,146168,146169,146170,146171,146174,146175,146176,146177,146178,1,-1,2,-2,1,3,1,-1,-3,-1,2,2,5,2,2,-2,-2,-5,-2,-2
0,1,24363,24366,73089,73090,73091,73094,73095,73096,146179,146180,146181,146182,146183,146186,146187,146188,146189,146190,1,-1,2,-2,1,3,1,-1,-3,-1,2,2,5,2,2,-2,-2,-5,-2,-2
0,1,24365,24368,73095,73096,73097,73100,73101,73102,146191,146192,146193,146194,146195,146198,146199,146200,146201,146202,1,-1,2,-2,1,3,1,-1,-3,-1,2,2,5,2,2,-2,-2,-5,-2,-2
0,1,24367,24370,73101,73102,73103,73106,73107,73108,146203,146204,146205,146206,146207,146210,146211,146212,146213,146214,1,-1,2,-2,1,3,1,-1,-3,-1,2,2,5,2,2,-2,-2,-5,-2,-2
0,1,24369,24372,73107,73108,73109,73112,73113,73114,146215,146216,146217,146218,146219,146222,146223,146224,146225,146226,1,-1,2,-2,1,3,1,-1,-3,-1,2,2,5,2,2,-2,-2,-5,-2,-2
0,1,24371,24374,73113,73114,73115,73118,73119,73120,146227,146228,146229,146230,146231,146234,146235,146236,146237,146238,1,-1,2,-2,1,3,1,-1,-3,-1,2,2,5,2,2,-2,-2,-5,-2,-2
0,1,24373,24376,73119,73120,73121,73124,73125,73126,146239,146240,146241,146242,146243,146246,146247,146248,146249,146250,1,-1,2,-2,1,3,1,-1,-3,-1,2,2,5,2,2,-2,-2,-5,-2,-2
0,1,24375,24378,73125,73126,73127,73130,73131,73132,146251,146252,146253,146254,146255,146258,146259,146260,146261,146262,1,-1,2,-2,1,3,1,-1,-3,-1,2,2,5,2,2,-2,-2,-5,-2,-2
0,1,24377,24380,73131,73132,73133,73136,73137,73138,146263,146264,146265,146266,146267,146270,146271,146272,146273,146274,1,-1,2,-2,1,3,1,-1,-3,-1,2,2,5,2,2,-2,-2,-5,-2,-2
0,1,24379,24382,73137,73138,73139,73142,73143,73144,146275,146276,146277,146278,146279,146282,146283,146284,146285,146286,1,-1,2,-2,1,3,1,-1,-3,-1,2,2,5,2,2,-2,-2,-5,-2,-2
0,1,24381,24384,73143,73144,73145,73148,73149,73150,146287,146288,146289,146290,146291,146294,146295,146296,146297,146298,1,-1,2,-2,1,3,1,-1,-3,-1,2,2,5,2,2,-2,-2,-5,-2,-2
0,1,24383,24386,73149,73150,73151,73154,73155,73156,146299,146300,146301,146302,146303,146306,146307,146308,146309,146310,1,-1,2,-2,1,3,1,-1,-3,-1,2,2,5,2,2,-2,-2,-5,-2,-2
0,1,24385,24388,73155,73156,73157,73160,73161,73162,146311,146312,146313,146314,146315,146318,146319,146320,146321,146322,1,-1,2,-2,1,3,1,-1,-3,-1,2,2,5,2,2,-2,-2,-5,-2,-2
0,1,24387,24390,73161,73162,73163,73166,73167,73168,146323,146324,146325,146326,146327,146330,146331,146332,146333,146334,1,-1,2,-2,1,3,1,-1,-3,-1,2,2,5,2,2,-2,-2,-5,-2,-2
0,1,24389,24392,73167,73168,73169,73172,73173,73174,146335,146336,146337,146338,146339,146342,146343,146344,146345,146346,1,-1,2,-2,1,3,1,-1,-3,-1,2,2,5,2,2,-2,-2,-5,-2,-2
0,1,24391,24394,73173,73174,73175,73178,73179,73180,146347,146348,146349,146350,146351,146354,146355,146356,146357,146358,1,-1,2,-2,1,3,1,-1,-3,-1,2,2,5,2,2,-2,-2,-5,-2,-2
0,1,24393,24396,73179,73180,73181,73184,73185,73186,146359,146360,146361,146362,146363,146366,146367,146368,146369,146370,1,-1,2,-2,1,3,1,-1,-3,-1,2,2,5,2,2,-2,-2,-5,-2,-2
0,1,24395,24398,73185,73186,73187,73190,73191,73192,146371,146372,146373,146374,146375,146378,146379,146380,146381,146382,1,-1,2,-2,1,3,1,-1,-3,-1,2,2,5,2,2,-2,-2,-5,-2,-2
0,1,24397,24400,73191,73192,73193,73196,73197,73198,146383,146384,146385,146386,146387,146390,146391,146392,146393,146394,1,-1,2,-2,1,3,1,-1,-3,-1,2,2,5,2,2,-2,-2,-5,-2,-2
0,1,24399,24402,73197,73198,73199,73202,73203,73204,146395,146396,146397,146398,146399,146402,146403,146404,146405,146406,1,-1,2,-2,1,3,1,-1,-3,-1,2,2,5,2,2,-2,-2,-5,-2,-2
0,1,24401,24404,73203,73204,73205,73208,73209,73210,146407,146408,146409,146410,146411,146414,146415,146416,146417,146418,1,-1,2,-2,1,3,1,-1,-3,-1,2,2,5,2,2,-2,-2,-5,-2,-2
0,1,24403,24406,73209,73210,73211,73214,73215,73216,146419,146420,146421,146422,146423,146426,146427,146428,146429,146430,1,-1,2,-2,1,3,1,-1,-3,-1,2,2,5,2,2,-2,-2,-5,-2,-2
0,1,24405,24408,73215,73216,73217,73220,73221,73222,146431,146432,146433,146434,146435,146438,146439,146440,146441,146442,1,-1,2,-2,1,3,1,-1,-3,-1,2,2,5,2,2,-2,-2,-5,-2,-2
0,1,24407,24410,73221,73222,73223,73226,73227,73228,146443,146444,146445,146446,146447,146450,146451,146452,146453,146454,1,-1,2,-2,1,3,1,-1,-3,-1,2,2,5,2,2,-2,-2,-5,-2,-2
0,1,24409,24412,73227,73228,73229,73232,73233,73234,146455,146456,146457,146458,146459,146462,146463,146464,146465,146466,1,-1,2,-2,1,3,1,-1,-3,-1,2,2,5,2,2,-2,-2,-5,-2,-2
0,1,24411,24414,73233,73234,73235,73238,73239,73240,146467,146468,146469,146470,146471,146474,146475,146476,146477,146478,1,-1,2,-2,1,3,1,-1,-3,-1,2,2,5,2,2,-2,-2,-5,-2,-2
0,1,24413,24416,73239,73240,73241,73244,73245,73246,146479,146480,146481,146482,146483,146486,146487,146488,146489,146490,1,-1,2,-2,1,3,1,-1,-3,-1,2,2,5,2,2,-2,-2,-5,-2,-2
0,1,24415,24418,73245,73246,73247,73250,73251,73252,146491,146492,146493,146494,146495,146498,146499,146500,146501,146502,1,-1,2,-2,1,3,1,-1,-3,-1,2,2,5,2,2,-2,-2,-5,-2,-2
0,1,24417,24420,73251,73252,73253,73256,73257,73258,146503,146504,146505,146506,146507,146510,146511,146512,146513,146514,1,-1,2,-2,1,3,1,-1,-3,-1,2,2,5,2,2,-2,-2,-5,-2,-2
0,1,24419,24422,73257,73258,73259,73262,73263,73264,146515,146516,146517,146518,146519,146522,146523,146524,146525,146526,1,-1,2,-2,1,3,1,-1,-3,-1,2,2,5,2,2,-2,-2,-5,-2,-2
0,1,24421,24424,73263,73264,73265,73268,73269,73270,146527,146528,146529,146530,146531,146534,146535,146536,146537,146538,1,-1,2,-2,1,3,1,-1,-3,-1,2,2,5,2,2,-2,-2,-5,-2,-2
0,1,24423,24426,73269,73270,73271,73274,73275,73276,146539,146540,146541,146542,146543,146546,146547,146548,146549,146550,1,-1,2,-2,1,3,1,-1,-3,-1,2,2,5,2,2,-2,-2,-5,-2,-2
0,1,24425,24428,73275,73276,73277,73280,73281,73282,146551,146552,146553,146554,146555,146558,146559,146560,146561,146562,1,-1,2,-2,1,3,1,-1,-3,-1,2,2,5,2,2,-2,-2,-5,-2,-2
0,1,24427,24430,73281,73282,73283,73286,73287,73288,146563,146564,146565,146566,146567,146570,146571,146572,146573,146574,1,-1,2,-2,1,3,1,-1,-3,-1,2,2,5,2,2,-2,-2,-5,-2,-2
0,1,24429,24432,73287,73288,73289,73292,73293,73294,146575,146576,146577,146578,146579,146582,146583,146584,146585,146586,1,-1,2,-2,1,3,1,-1,-3,-1,2,2,5,2,2,-2,-2,-5,-2,-2
0,1,24431,24434,73293,73294,73295,73298,73299,73300,146587,146588,146589,146590,146591,146594,146595,146596,146597,146598,1,-1,2,-2,1,3,1,-1,-3,-1,2,2,5,2,2,-2,-2,-5,-2,-2
0,1,24433,24436,73299,73300,73301,73304,73305,73306,146599,146600,146601,146602,146603,146606,146607,146608,146609,146610,1,-1,2,-2,1,3,1,-1,-3,-1,2,2,5,2,2,-2,-2,-5,-2,-2
0,1,24435,24438,73305,73306,73307,73310,73311,73312,146611,146612,146613,146614,146615,146618,146619,146620,146621,146622,1,-1,2,-2,1,3,1,-1,-3,-1,2,2,5,2,2,-2,-2,-5,-2,-2
0,1,24437,24440,73311,73312,73313,73316,73317,73318,146623,146624,146625,146626,146627,146630,146631,146632,146633,146634,1,-1,2,-2,1,3,1,-1,-3,-1,2,2,5,2,2,-2,-2,-5,-2,-2
0,1,24439,24442,73317,73318,73319,73322,73323,73324,146635,146636,146637,146638,146639,146642,146643,146644,146645,146646,1,-1,2,-2,1,3,1,-1,-3,-1,2,2,5,2,2,-2,-2,-5,-2,-2
0,1,24441,24444,73323,73324,73325,73328,73329,73330,146647,146648,146649,146650,146651,146654,146655,146656,146657,146658,1,-1,2,-2,1,3,1,-1,-3,-1,2,2,5,2,2,-2,-2,-5,-2,-2
0,1,24443,24446,73329,73330,73331,73334,73335,73336,146659,146660,146661,146662,146663,146666,146667,146668,146669,146670,1,-1,2,-2,1,3,1,-1,-3,-1,2,2,5,2,2,-2,-2,-5,-2,-2
0,1,24445,24448,73335,73336,73337,73340,73341,73342,146671,146672,146673,146674,146675,146678,146679,146680,146681,146682,1,-1,2,-2,1,3,1,-1,-3,-1,2,2,5,2,2,-2,-2,-5,-2,-2
0,1,24447,24450,73341,73342,73343,73346,73347,73348,146683,146684,146685,146686,146687,146690,146691,146692,146693,146694,1,-1,2,-2,1,3,1,-1,-3,-1,2,2,5,2,2,-2,-2,-5,-2,-2
0,1,24449,24452,73347,73348,73349,73352,73353,73354,146695,146696,146697,146698,146699,146702,146703,146704,146705,146706,1,-1,2,-2,1,3,1,-1,-3,-1,2,2,5,2,2,-2,-2,-5,-2,-2
0,1,24451,24454,73353,73354,73355,73358,73359,73360,146707,146708,146709,146710,146711,146714,146715,146716,146717,146718,1,-1,2,-2,1,3,1,-1,-3,-1,2,2,5,2,2,-2,-2,-5,-2,-2
0,1,24453,24456,73359,73360,73361,73364,73365,73366,146719,146720,146721,146722,146723,146726,146727,146728,146729,146730,1,-1,2,-2,1,3,1,-1,-3,-1,2,2,5,2,2,-2,-2,-5,-2,-2
0,1,24455,24458,73365,73366,73367,73370,73371,73372,146731,146732,146733,146734,146735,146738,146739,146740,146741,146742,1,-1,2,-2,1,3,1,-1,-3,-1,2,2,5,2,2,-2,-2,-5,-2,-2
0,1,24457,24460,73371,73372,73373,73376,73377,73378,146743,146744,146745,146746,146747,146750,146751,146752,146753,146754,1,-1,2,-2,1,3,1,-1,-3,-1,2,2,5,2,2,-2,-2,-5,-2,-2
0,1,24459,24462,73377,73378,73379,73382,73383,73384,146755,146756,146757,146758,146759,146762,146763,146764,146765,146766,1,-1,2,-2,1,3,1,-1,-3,-1,2,2,5,2,2,-2,-2,-5,-2,-2
0,1,24461,24464,73383,73384,73385,73388,73389,73390,146767,146768,146769,146770,146771,146774,146775,146776,146777,146778,1,-1,2,-2,1,3,1,-1,-3,-1,2,2,5,2,2,-2,-2,-5,-2,-2
0,1,24463,24466,73389,73390,73391,73394,73395,73396,146779,146780,146781,146782,146783,146786,146787,146788,146789,146790,1,-1,2,-2,1,3,1,-1,-3,-1,2,2,5,2,2,-2,-2,-5,-2,-2
0,1,24465,24468,73395,73396,73397,73400,73401,73402,146791,146792,146793,146794,146795,146798,146799,146800,146801,146802,1,-1,2,-2,1,3,1,-1,-3,-1,2,2,5,2,2,-2,-2,-5,-2,-2
0,1,24467,24470,73401,73402,73403,73406,73407,73408,146803,146804,146805,146806,146807,146810,146811,146812,146813,146814,1,-1,2,-2,1,3,1,-1,-3,-1,2,2,5,2,2,-2,-2,-5,-2,-2
0,1,24469,24472,73407,73408,73409,73412,73413,73414,146815,146816,146817,146818,146819,146822,146823,146824,146825,146826,1,-1,2,-2,1,3,1,-1,-3,-1,2,2,5,2,2,-2,-2,-5,-2,-2
0,1,24471,24474,73413,73414,73415,73418,73419,73420,146827,146828,146829,146830,146831,146834,146835,146836,146837,146838,1,-1,2,-2,1,3,1,-1,-3,-1,2,2,5,2,2,-2,-2,-5,-2,-2
0,1,24473,24476,73419,73420,73421,73424,73425,73426,146839,146840,146841,146842,146843,146846,146847,146848,146849,146850,1,-1,2,-2,1,3,1,-1,-3,-1,2,2,5,2,2,-2,-2,-5,-2,-2
0,1,24475,24478,73425,73426,73427,73430,73431,73432,146851,146852,146853,146854,146855,146858,146859,146860,146861,146862,1,-1,2,-2,1,3,1,-1,-3,-1,2,2,5,2,2,-2,-2,-5,-2,-2
0,1,24477,24480,73431,73432,73433,73436,73437,73438,146863,146864,146865,146866,146867,146870,146871,146872,146873,146874,1,-1,2,-2,1,3,1,-1,-3,-1,2,2,5,2,2,-2,-2,-5,-2,-2
0,1,24479,24482,73437,73438,73439,73442,73443,73444,146875,146876,146877,146878,146879,146882,146883,146884,146885,146886,1,-1,2,-2,1,3,1,-1,-3,-1,2,2,5,2,2,-2,-2,-5,-2,-2
0,1,24481,24484,73443,73444,73445,73448,73449,73450,146887,146888,146889,146890,146891,146894,146895,146896,146897,146898,1,-1,2,-2,1,3,1,-1,-3,-1,2,2,5,2,2,-2,-2,-5,-2,-2
0,1,24483,24486,73449,73450,73451,73454,73455,73456,146899,146900,146901,146902,146903,146906,146907,146908,146909,146910,1,-1,2,-2,1,3,1,-1,-3,-1,2,2,5,2,2,-2,-2,-5,-2,-2
0,1,24485,24488,73455,73456,73457,73460,73461,73462,146911,146912,146913,146914,146915,146918,146919,146920,146921,146922,1,-1,2,-2,1,3,1,-1,-3,-1,2,2,5,2,2,-2,-2,-5,-2,-2
0,1,24487,24490,73461,73462,73463,73466,73467,73468,146923,146924,146925,146926,146927,146930,146931,146932,146933,146934,1,-1,2,-2,1,3,1,-1,-3,-1,2,2,5,2,2,-2,-2,-5,-2,-2
0,1,24489,24492,73467,73468,73469,73472,73473,73474,146935,146936,146937,146938,146939,146942,146943,146944,146945,146946,1,-1,2,-2,1,3,1,-1,-3,-1,2,2,5,2,2,-2,-2,-5,-2,-2
0,1,24491,24494,73473,73474,73475,73478,73479,73480,146947,146948,146949,146950,146951,146954,146955,146956,146957,146958,1,-1,2,-2,1,3,1,-1,-3,-1,2,2,5,2,2,-2,-2,-5,-2,-2
0,1,24493,24496,73479,73480,73481,73484,73485,73486,146959,146960,146961,146962,146963,146966,146967,146968,146969,146970,1,-1,2,-2,1,3,1,-1,-3,-1,2,2,5,2,2,-2,-2,-5,-2,-2
0,1,24495,24498,73485,73486,73487,73490,73491,73492,146971,146972,146973,146974,146975,146978,146979,146980,146981,146982,1,-1,2,-2,1,3,1,-1,-3,-1,2,2,5,2,2,-2,-2,-5,-2,-2
0,1,24497,24500,73491,73492,73493,73496,73497,73498,146983,146984,146985,146986,146987,146990,146991,146992,146993,146994,1,-1,2,-2,1,3,1,-1,-3,-1,2,2,5,2,2,-2,-2,-5,-2,-2
0,1,24499,24502,73497,73498,73499,73502,73503,73504,146995,146996,146997,146998,146999,147002,147003,147004,147005,147006,1,-1,2,-2,1,3,1,-1,-3,-1,2,2,5,2,2,-2,-2,-5,-2,-2
0,1,24501,24504,73503,73504,73505,73508,73509,73510,147007,147008,147009,147010,147011,147014,147015,147016,147017,147018,1,-1,2,-2,1,3,1,-1,-3,-1,2,2,5,2,2,-2,-2,-5,-2,-2
0,1,24503,24506,73509,73510,73511,73514,73515,73516,147019,147020,147021,147022,147023,147026,147027,147028,147029,147030,1,-1,2,-2,1,3,1,-1,-3,-1,2,2,5,2,2,-2,-2,-5,-2,-2
0,1,24505,24508,73515,73516,73517,73520,73521,73522,147031,147032,147033,147034,147035,147038,147039,147040,147041,147042,1,-1,2,-2,1,3,1,-1,-3,-1,2,2,5,2,2,-2,-2,-5,-2,-2
0,1,24507,24510,73521,73522,73523,73526,73527,73528,147043,147044,147045,147046,147047,147050,147051,147052,147053,147054,1,-1,2,-2,1,3,1,-1,-3,-1,2,2,5,2,2,-2,-2,-5,-2,-2
0,1,24509,24512,73527,73528,73529,73532,73533,73534,147055,147056,147057,147058,147059,147062,147063,147064,147065,147066,1,-1,2,-2,1,3,1,-1,-3,-1,2,2,5,2,2,-2,-2,-5,-2,-2
0,1,24511,24514,73533,73534,73535,73538,73539,73540,147067,147068,147069,147070,147071,147074,147075,147076,147077,147078,1,-1,2,-2,1,3,1,-1,-3,-1,2,2,5,2,2,-2,-2,-5,-2,-2
0,1,24513,24516,73539,73540,73541,73544,73545,73546,147079,147080,147081,147082,147083,147086,147087,147088,147089,147090,1,-1,2,-2,1,3,1,-1,-3,-1,2,2,5,2,2,-2,-2,-5,-2,-2
0,1,24515,24518,73545,73546,73547,73550,73551,73552,147091,147092,147093,147094,147095,147098,147099,147100,147101,147102,1,-1,2,-2,1,3,1,-1,-3,-1,2,2,5,2,2,-2,-2,-5,-2,-2
0,1,24517,24520,73551,73552,73553,73556,73557,73558,147103,147104,147105,147106,147107,147110,147111,147112,147113,147114,1,-1,2,-2,1,3,1,-1,-3,-1,2,2,5,2,2,-2,-2,-5,-2,-2
0,1,24519,24522,73557,73558,73559,73562,73563,73564,147115,147116,147117,147118,147119,147122,147123,147124,147125,147126,1,-1,2,-2,1,3,1,-1,-3,-1,2,2,5,2,2,-2,-2,-5,-2,-2
0,1,24521,24524,73563,73564,73565,73568,73569,73570,147127,147128,147129,147130,147131,147134,147135,147136,147137,147138,1,-1,2,-2,1,3,1,-1,-3,-1,2,2,5,2,2,-2,-2,-5,-2,-2
0,1,24523,24526,73569,73570,73571,73574,73575,73576,147139,147140,147141,147142,147143,147146,147147,147148,147149,147150,1,-1,2,-2,1,3,1,-1,-3,-1,2,2,5,2,2,-2,-2,-5,-2,-2
0,1,24525,24528,73575,73576,73577,73580,73581,73582,147151,147152,147153,147154,147155,147158,147159,147160,147161,147162,1,-1,2,-2,1,3,1,-1,-3,-1,2,2,5,2,2,-2,-2,-5,-2,-2
0,1,24527,24530,73581,73582,73583,73586,73587,73588,147163,147164,147165,147166,147167,147170,147171,147172,147173,147174,1,-1,2,-2,1,3,1,-1,-3,-1,2,2,5,2,2,-2,-2,-5,-2,-2
0,1,24529,24532,73587,73588,73589,73592,73593,73594,147175,147176,147177,147178,147179,147182,147183,147184,147185,147186,1,-1,2,-2,1,3,1,-1,-3,-1,2,2,5,2,2,-2,-2,-5,-2,-2
0,1,24531,24534,73593,73594,73595,73598,73599,73600,147187,147188,147189,147190,147191,147194,147195,147196,147197,147198,1,-1,2,-2,1,3,1,-1,-3,-1,2,2,5,2,2,-2,-2,-5,-2,-2
0,1,24533,24536,73599,73600,73601,73604,73605,73606,147199,147200,147201,147202,147203,147206,147207,147208,147209,147210,1,-1,2,-2,1,3,1,-1,-3,-1,2,2,5,2,2,-2,-2,-5,-2,-2
0,1,24535,24538,73605,73606,73607,73610,73611,73612,147211,147212,147213,147214,147215,147218,147219,147220,147221,147222,1,-1,2,-2,1,3,1,-1,-3,-1,2,2,5,2,2,-2,-2,-5,-2,-2
0,1,24537,24540,73611,73612,73613,73616,73617,73618,147223,147224,147225,147226,147227,147230,147231,147232,147233,147234,1,-1,2,-2,1,3,1,-1,-3,-1,2,2,5,2,2,-2,-2,-5,-2,-2
0,1,24539,24542,73617,73618,73619,73622,73623,73624,147235,147236,147237,147238,147239,147242,147243,147244,147245,147246,1,-1,2,-2,1,3,1,-1,-3,-1,2,2,5,2,2,-2,-2,-5,-2,-2
0,1,24541,24544,73623,73624,73625,73628,73629,73630,147247,147248,147249,147250,147251,147254,147255,147256,147257,147258,1,-1,2,-2,1,3,1,-1,-3,-1,2,2,5,2,2,-2,-2,-5,-2,-2
0,1,24543,24546,73629,73630,73631,73634,73635,73636,147259,147260,147261,147262,147263,147266,147267,147268,147269,147270,1,-1,2,-2,1,3,1,-1,-3,-1,2,2,5,2,2,-2,-2,-5,-2,-2
0,1,24545,24548,73635,73636,73637,73640,73641,73642,147271,147272,147273,147274,147275,147278,147279,147280,147281,147282,1,-1,2,-2,1,3,1,-1,-3,-1,2,2,5,2,2,-2,-2,-5,-2,-2
0,1,24547,24550,73641,73642,73643,73646,73647,73648,147283,147284,147285,147286,147287,147290,147291,147292,147293,147294,1,-1,2,-2,1,3,1,-1,-3,-1,2,2,5,2,2,-2,-2,-5,-2,-2
0,1,24549,24552,73647,73648,73649,73652,73653,73654,147295,147296,147297,147298,147299,147302,147303,147304,147305,147306,1,-1,2,-2,1,3,1,-1,-3,-1,2,2,5,2,2,-2,-2,-5,-2,-2
0,1,24551,24554,73653,73654,73655,73658,73659,73660,147307,147308,147309,147310,147311,147314,147315,147316,147317,147318,1,-1,2,-2,1,3,1,-1,-3,-1,2,2,5,2,2,-2,-2,-5,-2,-2
0,1,24553,24556,73659,73660,73661,73664,73665,73666,147319,147320,147321,147322,147323,147326,147327,147328,147329,147330,1,-1,2,-2,1,3,1,-1,-3,-1,2,2,5,2,2,-2,-2,-5,-2,-2
0,1,24555,24558,73665,73666,73667,73670,73671,73672,147331,147332,147333,147334,147335,147338,147339,147340,147341,147342,1,-1,2,-2,1,3,1,-1,-3,-1,2,2,5,2,2,-2,-2,-5,-2,-2
0,1,24557,24560,73671,73672,73673,73676,73677,73678,147343,147344,147345,147346,147347,147350,147351,147352,147353,147354,1,-1,2,-2,1,3,1,-1,-3,-1,2,2,5,2,2,-2,-2,-5,-2,-2
0,1,24559,24562,73677,73678,73679,73682,73683,73684,147355,147356,147357,147358,147359,147362,147363,147364,147365,147366,1,-1,2,-2,1,3,1,-1,-3,-1,2,2,5,2,2,-2,-2,-5,-2,-2
0,1,24561,24564,73683,73684,73685,73688,73689,73690,147367,147368,147369,147370,147371,147374,147375,147376,147377,147378,1,-1,2,-2,1,3,1,-1,-3,-1,2,2,5,2,2,-2,-2,-5,-2,-2
0,1,24563,24566,73689,73690,73691,73694,73695,73696,147379,147380,147381,147382,147383,147386,147387,147388,147389,147390,1,-1,2,-2,1,3,1,-1,-3,-1,2,2,5,2,2,-2,-2,-5,-2,-2
0,1,24565,24568,73695,73696,73697,73700,73701,73702,147391,147392,147393,147394,147395,147398,147399,147400,147401,147402,1,-1,2,-2,1,3,1,-1,-3,-1,2,2,5,2,2,-2,-2,-5,-2,-2
0,1,24567,24570,73701,73702,73703,73706,73707,73708,147403,147404,147405,147406,147407,147410,147411,147412,147413,147414,1,-1,2,-2,1,3,1,-1,-3,-1,2,2,5,2,2,-2,-2,-5,-2,-2
0,1,24569,24572,73707,73708,73709,73712,73713,73714,147415,147416,147417,147418,147419,147422,147423,147424,147425,147426,1,-1,2,-2,1,3,1,-1,-3,-1,2,2,5,2,2,-2,-2,-5,-2,-2
0,1,24571,24574,73713,73714,73715,73718,73719,73720,147427,147428,147429,147430,147431,147434,147435,147436,147437,147438,1,-1,2,-2,1,3,1,-1,-3,-1,2,2,5,2,2,-2,-2,-5,-2,-2
0,1,24573,24576,73719,73720,73721,73724,73725,73726,147439,147440,147441,147442,147443,147446,147447,147448,147449,147450,1,-1,2,-2,1,3,1,-1,-3,-1,2,2,5,2,2,-2,-2,-5,-2,-2
0,1,24575,24578,73725,73726,73727,73730,73731,73732,147451,147452,147453,147454,147455,147458,147459,147460,147461,147462,1,-1,2,-2,1,3,1,-1,-3,-1,2,2,5,2,2,-2,-2,-5,-2,-2
0,1,24577,24580,73731,73732,73733,73736,73737,73738,147463,147464,147465,147466,147467,147470,147471,147472,147473,147474,1,-1,2,-2,1,3,1,-1,-3,-1,2,2,5,2,2,-2,-2,-5,-2,-2
0,1,24579,24582,73737,73738,73739,73742,73743,73744,147475,147476,147477,147478,147479,147482,147483,147484,147485,147486,1,-1,2,-2,1,3,1,-1,-3,-1,2,2,5,2,2,-2,-2,-5,-2,-2
0,1,24581,24584,73743,73744,73745,73748,73749,73750,147487,147488,147489,147490,147491,147494,147495,147496,147497,147498,1,-1,2,-2,1,3,1,-1,-3,-1,2,2,5,2,2,-2,-2,-5,-2,-2
0,1,24583,24586,73749,73750,73751,73754,73755,73756,147499,147500,147501,147502,147503,147506,147507,147508,147509,147510,1,-1,2,-2,1,3,1,-1,-3,-1,2,2,5,2,2,-2,-2,-5,-2,-2
0,1,24585,24588,73755,73756,73757,73760,73761,73762,147511,147512,147513,147514,147515,147518,147519,147520,147521,147522,1,-1,2,-2,1,3,1,-1,-3,-1,2,2,5,2,2,-2,-2,-5,-2,-2
0,1,24587,24590,73761,73762,73763,73766,73767,73768,147523,147524,147525,147526,147527,147530,147531,147532,147533,147534,1,-1,2,-2,1,3,1,-1,-3,-1,2,2,5,2,2,-2,-2,-5,-2,-2
0,1,24589,24592,73767,73768,73769,73772,73773,73774,147535,147536,147537,147538,147539,147542,147543,147544,147545,147546,1,-1,2,-2,1,3,1,-1,-3,-1,2,2,5,2,2,-2,-2,-5,-2,-2
0,1,24591,24594,73773,73774,73775,73778,73779,73780,147547,147548,147549,147550,147551,147554,147555,147556,147557,147558,1,-1,2,-2,1,3,1,-1,-3,-1,2,2,5,2,2,-2,-2,-5,-2,-2
0,1,24593,24596,73779,73780,73781,73784,73785,73786,147559,147560,147561,147562,147563,147566,147567,147568,147569,147570,1,-1,2,-2,1,3,1,-1,-3,-1,2,2,5,2,2,-2,-2,-5,-2,-2
0,1,24595,24598,73785,73786,73787,73790,73791,73792,147571,147572,147573,147574,147575,147578,147579,147580,147581,147582,1,-1,2,-2,1,3,1,-1,-3,-1,2,2,5,2,2,-2,-2,-5,-2,-2
0,1,24597,24600,73791,73792,73793,73796,73797,73798,147583,147584,147585,147586,147587,147590,147591,147592,147593,147594,1,-1,2,-2,1,3,1,-1,-3,-1,2,2,5,2,2,-2,-2,-5,-2,-2
0,1,24599,24602,73797,73798,73799,73802,73803,73804,147595,147596,147597,147598,147599,147602,147603,147604,147605,147606,1,-1,2,-2,1,3,1,-1,-3,-1,2,2,5,2,2,-2,-2,-5,-2,-2
0,1,24601,24604,73803,73804,73805,73808,73809,73810,147607,147608,147609,147610,147611,147614,147615,147616,147617,147618,1,-1,2,-2,1,3,1,-1,-3,-1,2,2,5,2,2,-2,-2,-5,-2,-2
0,1,24603,24606,73809,73810,73811,73814,73815,73816,147619,147620,147621,147622,147623,147626,147627,147628,147629,147630,1,-1,2,-2,1,3,1,-1,-3,-1,2,2,5,2,2,-2,-2,-5,-2,-2
0,1,24605,24608,73815,73816,73817,73820,73821,73822,147631,147632,147633,147634,147635,147638,147639,147640,147641,147642,1,-1,2,-2,1,3,1,-1,-3,-1,2,2,5,2,2,-2,-2,-5,-2,-2
0,1,24607,24610,73821,73822,73823,73826,73827,73828,147643,147644,147645,147646,147647,147650,147651,147652,147653,147654,1,-1,2,-2,1,3,1,-1,-3,-1,2,2,5,2,2,-2,-2,-5,-2,-2
0,1,24609,24612,73827,73828,73829,73832,73833,73834,147655,147656,147657,147658,147659,147662,147663,147664,147665,147666,1,-1,2,-2,1,3,1,-1,-3,-1,2,2,5,2,2,-2,-2,-5,-2,-2
0,1,24611,24614,73833,73834,73835,73838,73839,73840,147667,147668,147669,147670,147671,147674,147675,147676,147677,147678,1,-1,2,-2,1,3,1,-1,-3,-1,2,2,5,2,2,-2,-2,-5,-2,-2
0,1,24613,24616,73839,73840,73841,73844,73845,73846,147679,147680,147681,147682,147683,147686,147687,147688,147689,147690,1,-1,2,-2,1,3,1,-1,-3,-1,2,2,5,2,2,-2,-2,-5,-2,-2
0,1,24615,24618,73845,73846,73847,73850,73851,73852,147691,147692,147693,147694,147695,147698,147699,147700,147701,147702,1,-1,2,-2,1,3,1,-1,-3,-1,2,2,5,2,2,-2,-2,-5,-2,-2
0,1,24617,24620,73851,73852,73853,73856,73857,73858,147703,147704,147705,147706,147707,147710,147711,147712,147713,147714,1,-1,2,-2,1,3,1,-1,-3,-1,2,2,5,2,2,-2,-2,-5,-2,-2
0,1,24619,24622,73857,73858,73859,73862,73863,73864,147715,147716,147717,147718,147719,147722,147723,147724,147725,147726,1,-1,2,-2,1,3,1,-1,-3,-1,2,2,5,2,2,-2,-2,-5,-2,-2
0,1,24621,24624,73863,73864,73865,73868,73869,73870,147727,147728,147729,147730,147731,147734,147735,147736,147737,147738,1,-1,2,-2,1,3,1,-1,-3,-1,2,2,5,2,2,-2,-2,-5,-2,-2
0,1,24623,24626,73869,73870,73871,73874,73875,73876,147739,147740,147741,147742,147743,147746,147747,147748,147749,147750,1,-1,2,-2,1,3,1,-1,-3,-1,2,2,5,2,2,-2,-2,-5,-2,-2
0,1,24625,24628,73875,73876,73877,73880,73881,73882,147751,147752,147753,147754,147755,147758,147759,147760,147761,147762,1,-1,2,-2,1,3,1,-1,-3,-1,2,2,5,2,2,-2,-2,-5,-2,-2
0,1,24627,24630,73881,73882,73883,73886,73887,73888,147763,147764,147765,147766,147767,147770,147771,147772,147773,147774,1,-1,2,-2,1,3,1,-1,-3,-1,2,2,5,2,2,-2,-2,-5,-2,-2
0,1,24629,24632,73887,73888,73889,73892,73893,73894,147775,147776,147777,147778,147779,147782,147783,147784,147785,147786,1,-1,2,-2,1,3,1,-1,-3,-1,2,2,5,2,2,-2,-2,-5,-2,-2
0,1,24631,24634,73893,73894,73895,73898,73899,73900,147787,147788,147789,147790,147791,147794,147795,147796,147797,147798,1,-1,2,-2,1,3,1,-1,-3,-1,2,2,5,2,2,-2,-2,-5,-2,-2
0,1,24633,24636,73899,73900,73901,73904,73905,73906,147799,147800,147801,147802,147803,147806,147807,147808,147809,147810,1,-1,2,-2,1,3,1,-1,-3,-1,2,2,5,2,2,-2,-2,-5,-2,-2
0,1,24635,24638,73905,73906,73907,73910,73911,73912,147811,147812,147813,147814,147815,147818,147819,147820,147821,147822,1,-1,2,-2,1,3,1,-1,-3,-1,2,2,5,2,2,-2,-2,-5,-2,-2
0,1,24637,24640,73911,73912,73913,73916,73917,73918,147823,147824,147825,147826,147827,147830,147831,147832,147833,147834,1,-1,2,-2,1,3,1,-1,-3,-1,2,2,5,2,2,-2,-2,-5,-2,-2
0,1,24639,24642,73917,73918,73919,73922,73923,73924,147835,147836,147837,147838,147839,147842,147843,147844,147845,147846,1,-1,2,-2,1,3,1,-1,-3,-1,2,2,5,2,2,-2,-2,-5,-2,-2
0,1,24641,24644,73923,73924,73925,73928,73929,73930,147847,147848,147849,147850,147851,147854,147855,147856,147857,147858,1,-1,2,-2,1,3,1,-1,-3,-1,2,2,5,2,2,-2,-2,-5,-2,-2
0,1,24643,24646,73929,73930,73931,73934,73935,73936,147859,147860,147861,147862,147863,147866,147867,147868,147869,147870,1,-1,2,-2,1,3,1,-1,-3,-1,2,2,5,2,2,-2,-2,-5,-2,-2
0,1,24645,24648,73935,73936,73937,73940,73941,73942,147871,147872,147873,147874,147875,147878,147879,147880,147881,147882,1,-1,2,-2,1,3,1,-1,-3,-1,2,2,5,2,2,-2,-2,-5,-2,-2
0,1,24647,24650,73941,73942,73943,73946,73947,73948,147883,147884,147885,147886,147887,147890,147891,147892,147893,147894,1,-1,2,-2,1,3,1,-1,-3,-1,2,2,5,2,2,-2,-2,-5,-2,-2
0,1,24649,24652,73947,73948,73949,73952,73953,73954,147895,147896,147897,147898,147899,147902,147903,147904,147905,147906,1,-1,2,-2,1,3,1,-1,-3,-1,2,2,5,2,2,-2,-2,-5,-2,-2
0,1,24651,24654,73953,73954,73955,73958,73959,73960,147907,147908,147909,147910,147911,147914,147915,147916,147917,147918,1,-1,2,-2,1,3,1,-1,-3,-1,2,2,5,2,2,-2,-2,-5,-2,-2
0,1,24653,24656,73959,73960,73961,73964,73965,73966,147919,147920,147921,147922,147923,147926,147927,147928,147929,147930,1,-1,2,-2,1,3,1,-1,-3,-1,2,2,5,2,2,-2,-2,-5,-2,-2
0,1,24655,24658,73965,73966,73967,73970,73971,73972,147931,147932,147933,147934,147935,147938,147939,147940,147941,147942,1,-1,2,-2,1,3,1,-1,-3,-1,2,2,5,2,2,-2,-2,-5,-2,-2
0,1,24657,24660,73971,73972,73973,73976,73977,73978,147943,147944,147945,147946,147947,147950,147951,147952,147953,147954,1,-1,2,-2,1,3,1,-1,-3,-1,2,2,5,2,2,-2,-2,-5,-2,-2
0,1,24659,24662,73977,73978,73979,73982,73983,73984,147955,147956,147957,147958,147959,147962,147963,147964,147965,147966,1,-1,2,-2,1,3,1,-1,-3,-1,2,2,5,2,2,-2,-2,-5,-2,-2
0,1,24661,24664,73983,73984,73985,73988,73989,73990,147967,147968,147969,147970,147971,147974,147975,147976,147977,147978,1,-1,2,-2,1,3,1,-1,-3,-1,2,2,5,2,2,-2,-2,-5,-2,-2
0,1,24663,24666,73989,73990,73991,73994,73995,73996,147979,147980,147981,147982,147983,147986,147987,147988,147989,147990,1,-1,2,-2,1,3,1,-1,-3,-1,2,2,5,2,2,-2,-2,-5,-2,-2
0,1,24665,24668,73995,73996,73997,74000,74001,74002,147991,147992,147993,147994,147995,147998,147999,148000,148001,148002,1,-1,2,-2,1,3,1,-1,-3,-1,2,2,5,2,2,-2,-2,-5,-2,-2
0,1,24667,24670,74001,74002,74003,74006,74007,74008,148003,148004,148005,148006,148007,148010,148011,148012,148013,148014,1,-1,2,-2,1,3,1,-1,-3,-1,2,2,5,2,2,-2,-2,-5,-2,-2
0,1,24669,24672,74007,74008,74009,74012,74013,74014,148015,148016,148017,148018,148019,148022,148023,148024,148025,148026,1,-1,2,-2,1,3,1,-1,-3,-1,2,2,5,2,2,-2,-2,-5,-2,-2
0,1,24671,24674,74013,74014,74015,74018,74019,74020,148027,148028,148029,148030,148031,148034,148035,148036,148037,148038,1,-1,2,-2,1,3,1,-1,-3,-1,2,2,5,2,2,-2,-2,-5,-2,-2
0,1,24673,24676,74019,74020,74021,74024,74025,74026,148039,148040,148041,148042,148043,148046,148047,148048,148049,148050,1,-1,2,-2,1,3,1,-1,-3,-1,2,2,5,2,2,-2,-2,-5,-2,-2
0,1,24675,24678,74025,74026,74027,74030,74031,74032,148051,148052,148053,148054,148055,148058,148059,148060,148061,148062,1,-1,2,-2,1,3,1,-1,-3,-1,2,2,5,2,2,-2,-2,-5,-2,-2
0,1,24677,24680,74031,74032,74033,74036,74037,74038,148063,148064,148065,148066,148067,148070,148071,148072,148073,148074,1,-1,2,-2,1,3,1,-1,-3,-1,2,2,5,2,2,-2,-2,-5,-2,-2
0,1,24679,24682,74037,74038,74039,74042,74043,74044,148075,148076,148077,148078,148079,148082,148083,148084,148085,148086,1,-1,2,-2,1,3,1,-1,-3,-1,2,2,5,2,2,-2,-2,-5,-2,-2
0,1,24681,24684,74043,74044,74045,74048,74049,74050,148087,148088,148089,148090,148091,148094,148095,148096,148097,148098,1,-1,2,-2,1,3,1,-1,-3,-1,2,2,5,2,2,-2,-2,-5,-2,-2
0,1,24683,24686,74049,74050,74051,74054,74055,74056,148099,148100,148101,148102,148103,148106,148107,148108,148109,148110,1,-1,2,-2,1,3,1,-1,-3,-1,2,2,5,2,2,-2,-2,-5,-2,-2
0,1,24685,24688,74055,74056,74057,74060,74061,74062,148111,148112,148113,148114,148115,148118,148119,148120,148121,148122,1,-1,2,-2,1,3,1,-1,-3,-1,2,2,5,2,2,-2,-2,-5,-2,-2
0,1,24687,24690,74061,74062,74063,74066,74067,74068,148123,148124,148125,148126,148127,148130,148131,148132,148133,148134,1,-1,2,-2,1,3,1,-1,-3,-1,2,2,5,2,2,-2,-2,-5,-2,-2
0,1,24689,24692,74067,74068,74069,74072,74073,74074,148135,148136,148137,148138,148139,148142,148143,148144,148145,148146,1,-1,2,-2,1,3,1,-1,-3,-1,2,2,5,2,2,-2,-2,-5,-2,-2
0,1,24691,24694,74073,74074,74075,74078,74079,74080,148147,148148,148149,148150,148151,148154,148155,148156,148157,148158,1,-1,2,-2,1,3,1,-1,-3,-1,2,2,5,2,2,-2,-2,-5,-2,-2
0,1,24693,24696,74079,74080,74081,74084,74085,74086,148159,148160,148161,148162,148163,148166,148167,148168,148169,148170,1,-1,2,-2,1,3,1,-1,-3,-1,2,2,5,2,2,-2,-2,-5,-2,-2
0,1,24695,24698,74085,74086,74087,74090,74091,74092,148171,148172,148173,148174,148175,148178,148179,148180,148181,148182,1,-1,2,-2,1,3,1,-1,-3,-1,2,2,5,2,2,-2,-2,-5,-2,-2
0,1,24697,24700,74091,74092,74093,74096,74097,74098,148183,148184,148185,148186,148187,148190,148191,148192,148193,148194,1,-1,2,-2,1,3,1,-1,-3,-1,2,2,5,2,2,-2,-2,-5,-2,-2
0,1,24699,24702,74097,74098,74099,74102,74103,74104,148195,148196,148197,148198,148199,148202,148203,148204,148205,148206,1,-1,2,-2,1,3,1,-1,-3,-1,2,2,5,2,2,-2,-2,-5,-2,-2
0,1,24701,24704,74103,74104,74105,74108,74109,74110,148207,148208,148209,148210,148211,148214,148215,148216,148217,148218,1,-1,2,-2,1,3,1,-1,-3,-1,2,2,5,2,2,-2,-2,-5,-2,-2
0,1,24703,24706,74109,74110,74111,74114,74115,74116,148219,148220,148221,148222,148223,148226,148227,148228,148229,148230,1,-1,2,-2,1,3,1,-1,-3,-1,2,2,5,2,2,-2,-2,-5,-2,-2
0,1,24705,24708,74115,74116,74117,74120,74121,74122,148231,148232,148233,148234,148235,148238,148239,148240,148241,148242,1,-1,2,-2,1,3,1,-1,-3,-1,2,2,5,2,2,-2,-2,-5,-2,-2
0,1,24707,24710,74121,74122,74123,74126,74127,74128,148243,148244,148245,148246,148247,148250,148251,148252,148253,148254,1,-1,2,-2,1,3,1,-1,-3,-1,2,2,5,2,2,-2,-2,-5,-2,-2
0,1,24709,24712,74127,74128,74129,74132,74133,74134,148255,148256,148257,148258,148259,148262,148263,148264,148265,148266,1,-1,2,-2,1,3,1,-1,-3,-1,2,2,5,2,2,-2,-2,-5,-2,-2
0,1,24711,24714,74133,74134,74135,74138,74139,74140,148267,148268,148269,148270,148271,148274,148275,148276,148277,148278,1,-1,2,-2,1,3,1,-1,-3,-1,2,2,5,2,2,-2,-2,-5,-2,-2
0,1,24713,24716,74139,74140,74141,74144,74145,74146,148279,148280,148281,148282,148283,148286,148287,148288,148289,148290,1,-1,2,-2,1,3,1,-1,-3,-1,2,2,5,2,2,-2,-2,-5,-2,-2
0,1,24715,24718,74145,74146,74147,74150,74151,74152,148291,148292,148293,148294,148295,148298,148299,148300,148301,148302,1,-1,2,-2,1,3,1,-1,-3,-1,2,2,5,2,2,-2,-2,-5,-2,-2
0,1,24717,24720,74151,74152,74153,74156,74157,74158,148303,148304,148305,148306,148307,148310,148311,148312,148313,148314,1,-1,2,-2,1,3,1,-1,-3,-1,2,2,5,2,2,-2,-2,-5,-2,-2
0,1,24719,24722,74157,74158,74159,74162,74163,74164,148315,148316,148317,148318,148319,148322,148323,148324,148325,148326,1,-1,2,-2,1,3,1,-1,-3,-1,2,2,5,2,2,-2,-2,-5,-2,-2
0,1,24721,24724,74163,74164,74165,74168,74169,74170,148327,148328,148329,148330,148331,148334,148335,148336,148337,148338,1,-1,2,-2,1,3,1,-1,-3,-1,2,2,5,2,2,-2,-2,-5,-2,-2
0,1,24723,24726,74169,74170,74171,74174,74175,74176,148339,148340,148341,148342,148343,148346,148347,148348,148349,148350,1,-1,2,-2,1,3,1,-1,-3,-1,2,2,5,2,2,-2,-2,-5,-2,-2
0,1,24725,24728,74175,74176,74177,74180,74181,74182,148351,148352,148353,148354,148355,148358,148359,148360,148361,148362,1,-1,2,-2,1,3,1,-1,-3,-1,2,2,5,2,2,-2,-2,-5,-2,-2
0,1,24727,24730,74181,74182,74183,74186,74187,74188,148363,148364,148365,148366,148367,148370,148371,148372,148373,148374,1,-1,2,-2,1,3,1,-1,-3,-1,2,2,5,2,2,-2,-2,-5,-2,-2
0,1,24729,24732,74187,74188,74189,74192,74193,74194,148375,148376,148377,148378,148379,148382,148383,148384,148385,148386,1,-1,2,-2,1,3,1,-1,-3,-1,2,2,5,2,2,-2,-2,-5,-2,-2
0,1,24731,24734,74193,74194,74195,74198,74199,74200,148387,148388,148389,148390,148391,148394,148395,148396,148397,148398,1,-1,2,-2,1,3,1,-1,-3,-1,2,2,5,2,2,-2,-2,-5,-2,-2
0,1,24733,24736,74199,74200,74201,74204,74205,74206,148399,148400,148401,148402,148403,148406,148407,148408,148409,148410,1,-1,2,-2,1,3,1,-1,-3,-1,2,2,5,2,2,-2,-2,-5,-2,-2
0,1,24735,24738,74205,74206,74207,74210,74211,74212,148411,148412,148413,148414,148415,148418,148419,148420,148421,148422,1,-1,2,-2,1,3,1,-1,-3,-1,2,2,5,2,2,-2,-2,-5,-2,-2
0,1,24737,24740,74211,74212,74213,74216,74217,74218,148423,148424,148425,148426,148427,148430,148431,148432,148433,148434,1,-1,2,-2,1,3,1,-1,-3,-1,2,2,5,2,2,-2,-2,-5,-2,-2
0,1,24739,24742,74217,74218,74219,74222,74223,74224,148435,148436,148437,148438,148439,148442,148443,148444,148445,148446,1,-1,2,-2,1,3,1,-1,-3,-1,2,2,5,2,2,-2,-2,-5,-2,-2
0,1,24741,24744,74223,74224,74225,74228,74229,74230,148447,148448,148449,148450,148451,148454,148455,148456,148457,148458,1,-1,2,-2,1,3,1,-1,-3,-1,2,2,5,2,2,-2,-2,-5,-2,-2
0,1,24743,24746,74229,74230,74231,74234,74235,74236,148459,148460,148461,148462,148463,148466,148467,148468,148469,148470,1,-1,2,-2,1,3,1,-1,-3,-1,2,2,5,2,2,-2,-2,-5,-2,-2
0,1,24745,24748,74235,74236,74237,74240,74241,74242,148471,148472,148473,148474,148475,148478,148479,148480,148481,148482,1,-1,2,-2,1,3,1,-1,-3,-1,2,2,5,2,2,-2,-2,-5,-2,-2
0,1,24747,24750,74241,74242,74243,74246,74247,74248,148483,148484,148485,148486,148487,148490,148491,148492,148493,148494,1,-1,2,-2,1,3,1,-1,-3,-1,2,2,5,2,2,-2,-2,-5,-2,-2
0,1,24749,24752,74247,74248,74249,74252,74253,74254,148495,148496,148497,148498,148499,148502,148503,148504,148505,148506,1,-1,2,-2,1,3,1,-1,-3,-1,2,2,5,2,2,-2,-2,-5,-2,-2
0,1,24751,24754,74253,74254,74255,74258,74259,74260,148507,148508,148509,148510,148511,148514,148515,148516,148517,148518,1,-1,2,-2,1,3,1,-1,-3,-1,2,2,5,2,2,-2,-2,-5,-2,-2
0,1,24753,24756,74259,74260,74261,74264,74265,74266,148519,148520,148521,148522,148523,148526,148527,148528,148529,148530,1,-1,2,-2,1,3,1,-1,-3,-1,2,2,5,2,2,-2,-2,-5,-2,-2
0,1,24755,24758,74265,74266,74267,74270,74271,74272,148531,148532,148533,148534,148535,148538,148539,148540,148541,148542,1,-1,2,-2,1,3,1,-1,-3,-1,2,2,5,2,2,-2,-2,-5,-2,-2
0,1,24757,24760,74271,74272,74273,74276,74277,74278,148543,148544,148545,148546,148547,148550,148551,148552,148553,148554,1,-1,2,-2,1,3,1,-1,-3,-1,2,2,5,2,2,-2,-2,-5,-2,-2
0,1,24759,24762,74277,74278,74279,74282,74283,74284,148555,148556,148557,148558,148559,148562,148563,148564,148565,148566,1,-1,2,-2,1,3,1,-1,-3,-1,2,2,5,2,2,-2,-2,-5,-2,-2
0,1,24761,24764,74283,74284,74285,74288,74289,74290,148567,148568,148569,148570,148571,148574,148575,148576,148577,148578,1,-1,2,-2,1,3,1,-1,-3,-1,2,2,5,2,2,-2,-2,-5,-2,-2
0,1,24763,24766,74289,74290,74291,74294,74295,74296,148579,148580,148581,148582,148583,148586,148587,148588,148589,148590,1,-1,2,-2,1,3,1,-1,-3,-1,2,2,5,2,2,-2,-2,-5,-2,-2
0,1,24765,24768,74295,74296,74297,74300,74301,74302,148591,148592,148593,148594,148595,148598,148599,148600,148601,148602,1,-1,2,-2,1,3,1,-1,-3,-1,2,2,5,2,2,-2,-2,-5,-2,-2
0,1,24767,24770,74301,74302,74303,74306,74307,74308,148603,148604,148605,148606,148607,148610,148611,148612,148613,148614,1,-1,2,-2,1,3,1,-1,-3,-1,2,2,5,2,2,-2,-2,-5,-2,-2
0,1,24769,24772,74307,74308,74309,74312,74313,74314,148615,148616,148617,148618,148619,148622,148623,148624,148625,148626,1,-1,2,-2,1,3,1,-1,-3,-1,2,2,5,2,2,-2,-2,-5,-2,-2
0,1,24771,24774,74313,74314,74315,74318,74319,74320,148627,148628,148629,148630,148631,148634,148635,148636,148637,148638,1,-1,2,-2,1,3,1,-1,-3,-1,2,2,5,2,2,-2,-2,-5,-2,-2
0,1,24773,24776,74319,74320,74321,74324,74325,74326,148639,148640,148641,148642,148643,148646,148647,148648,148649,148650,1,-1,2,-2,1,3,1,-1,-3,-1,2,2,5,2,2,-2,-2,-5,-2,-2
0,1,24775,24778,74325,74326,74327,74330,74331,74332,148651,148652,148653,148654,148655,148658,148659,148660,148661,148662,1,-1,2,-2,1,3,1,-1,-3,-1,2,2,5,2,2,-2,-2,-5,-2,-2
0,1,24777,24780,74331,74332,74333,74336,74337,74338,148663,148664,148665,148666,148667,148670,148671,148672,148673,148674,1,-1,2,-2,1,3,1,-1,-3,-1,2,2,5,2,2,-2,-2,-5,-2,-2
0,1,24779,24782,74337,74338,74339,74342,74343,74344,148675,148676,148677,148678,148679,148682,148683,148684,148685,148686,1,-1,2,-2,1,3,1,-1,-3,-1,2,2,5,2,2,-2,-2,-5,-2,-2
0,1,24781,24784,74343,74344,74345,74348,74349,74350,148687,148688,148689,148690,148691,148694,148695,148696,148697,148698,1,-1,2,-2,1,3,1,-1,-3,-1,2,2,5,2,2,-2,-2,-5,-2,-2
0,1,24783,24786,74349,74350,74351,74354,74355,74356,148699,148700,148701,148702,148703,148706,148707,148708,148709,148710,1,-1,2,-2,1,3,1,-1,-3,-1,2,2,5,2,2,-2,-2,-5,-2,-2
0,1,24785,24788,74355,74356,74357,74360,74361,74362,148711,148712,148713,148714,148715,148718,148719,148720,148721,148722,1,-1,2,-2,1,3,1,-1,-3,-1,2,2,5,2,2,-2,-2,-5,-2,-2
0,1,24787,24790,74361,74362,74363,74366,74367,74368,148723,148724,148725,148726,148727,148730,148731,148732,148733,148734,1,-1,2,-2,1,3,1,-1,-3,-1,2,2,5,2,2,-2,-2,-5,-2,-2
0,1,24789,24792,74367,74368,74369,74372,74373,74374,148735,148736,148737,148738,148739,148742,148743,148744,148745,148746,1,-1,2,-2,1,3,1,-1,-3,-1,2,2,5,2,2,-2,-2,-5,-2,-2
0,1,24791,24794,74373,74374,74375,74378,74379,74380,148747,148748,148749,148750,148751,148754,148755,148756,148757,148758,1,-1,2,-2,1,3,1,-1,-3,-1,2,2,5,2,2,-2,-2,-5,-2,-2
0,1,24793,24796,74379,74380,74381,74384,74385,74386,148759,148760,148761,148762,148763,148766,148767,148768,148769,148770,1,-1,2,-2,1,3,1,-1,-3,-1,2,2,5,2,2,-2,-2,-5,-2,-2
0,1,24795,24798,74385,74386,74387,74390,74391,74392,148771,148772,148773,148774,148775,148778,148779,148780,148781,148782,1,-1,2,-2,1,3,1,-1,-3,-1,2,2,5,2,2,-2,-2,-5,-2,-2
0,1,24797,24800,74391,74392,74393,74396,74397,74398,148783,148784,148785,148786,148787,148790,148791,148792,148793,148794,1,-1,2,-2,1,3,1,-1,-3,-1,2,2,5,2,2,-2,-2,-5,-2,-2
0,1,24799,24802,74397,74398,74399,74402,74403,74404,148795,148796,148797,148798,148799,148802,148803,148804,148805,148806,1,-1,2,-2,1,3,1,-1,-3,-1,2,2,5,2,2,-2,-2,-5,-2,-2
0,1,24801,24804,74403,74404,74405,74408,74409,74410,148807,148808,148809,148810,148811,148814,148815,148816,148817,148818,1,-1,2,-2,1,3,1,-1,-3,-1,2,2,5,2,2,-2,-2,-5,-2,-2
0,1,24803,24806,74409,74410,74411,74414,74415,74416,148819,148820,148821,148822,148823,148826,148827,148828,148829,148830,1,-1,2,-2,1,3,1,-1,-3,-1,2,2,5,2,2,-2,-2,-5,-2,-2
0,1,24805,24808,74415,74416,74417,74420,74421,74422,148831,148832,148833,148834,148835,148838,148839,148840,148841,148842,1,-1,2,-2,1,3,1,-1,-3,-1,2,2,5,2,2,-2,-2,-5,-2,-2
0,1,24807,24810,74421,74422,74423,74426,74427,74428,148843,148844,148845,148846,148847,148850,148851,148852,148853,148854,1,-1,2,-2,1,3,1,-1,-3,-1,2,2,5,2,2,-2,-2,-5,-2,-2
0,1,24809,24812,74427,74428,74429,74432,74433,74434,148855,148856,148857,148858,148859,148862,148863,148864,148865,148866,1,-1,2,-2,1,3,1,-1,-3,-1,2,2,5,2,2,-2,-2,-5,-2,-2
0,1,24811,24814,74433,74434,74435,74438,74439,74440,148867,148868,148869,148870,148871,148874,148875,148876,148877,148878,1,-1,2,-2,1,3,1,-1,-3,-1,2,2,5,2,2,-2,-2,-5,-2,-2
0,1,24813,24816,74439,74440,74441,74444,74445,74446,148879,148880,148881,148882,148883,148886,148887,148888,148889,148890,1,-1,2,-2,1,3,1,-1,-3,-1,2,2,5,2,2,-2,-2,-5,-2,-2
0,1,24815,24818,74445,74446,74447,74450,74451,74452,148891,148892,148893,148894,148895,148898,148899,148900,148901,148902,1,-1,2,-2,1,3,1,-1,-3,-1,2,2,5,2,2,-2,-2,-5,-2,-2
0,1,24817,24820,74451,74452,74453,74456,74457,74458,148903,148904,148905,148906,148907,148910,148911,148912,148913,148914,1,-1,2,-2,1,3,1,-1,-3,-1,2,2,5,2,2,-2,-2,-5,-2,-2
0,1,24819,24822,74457,74458,74459,74462,74463,74464,148915,148916,148917,148918,148919,148922,148923,148924,148925,148926,1,-1,2,-2,1,3,1,-1,-3,-1,2,2,5,2,2,-2,-2,-5,-2,-2
0,1,24821,24824,74463,74464,74465,74468,74469,74470,148927,148928,148929,148930,148931,148934,148935,148936,148937,148938,1,-1,2,-2,1,3,1,-1,-3,-1,2,2,5,2,2,-2,-2,-5,-2,-2
0,1,24823,24826,74469,74470,74471,74474,74475,74476,148939,148940,148941,148942,148943,148946,148947,148948,148949,148950,1,-1,2,-2,1,3,1,-1,-3,-1,2,2,5,2,2,-2,-2,-5,-2,-2
0,1,24825,24828,74475,74476,74477,74480,74481,74482,148951,148952,148953,148954,148955,148958,148959,148960,148961,148962,1,-1,2,-2,1,3,1,-1,-3,-1,2,2,5,2,2,-2,-2,-5,-2,-2
0,1,24827,24830,74481,74482,74483,74486,74487,74488,148963,148964,148965,148966,148967,148970,148971,148972,148973,148974,1,-1,2,-2,1,3,1,-1,-3,-1,2,2,5,2,2,-2,-2,-5,-2,-2
0,1,24829,24832,74487,74488,74489,74492,74493,74494,148975,148976,148977,148978,148979,148982,148983,148984,148985,148986,1,-1,2,-2,1,3,1,-1,-3,-1,2,2,5,2,2,-2,-2,-5,-2,-2
0,1,24831,24834,74493,74494,74495,74498,74499,74500,148987,148988,148989,148990,148991,148994,148995,148996,148997,148998,1,-1,2,-2,1,3,1,-1,-3,-1,2,2,5,2,2,-2,-2,-5,-2,-2
0,1,24833,24836,74499,74500,74501,74504,74505,74506,148999,149000,149001,149002,149003,149006,149007,149008,149009,149010,1,-1,2,-2,1,3,1,-1,-3,-1,2,2,5,2,2,-2,-2,-5,-2,-2
0,1,24835,24838,74505,74506,74507,74510,74511,74512,149011,149012,149013,149014,149015,149018,149019,149020,149021,149022,1,-1,2,-2,1,3,1,-1,-3,-1,2,2,5,2,2,-2,-2,-5,-2,-2
0,1,24837,24840,74511,74512,74513,74516,74517,74518,149023,149024,149025,149026,149027,149030,149031,149032,149033,149034,1,-1,2,-2,1,3,1,-1,-3,-1,2,2,5,2,2,-2,-2,-5,-2,-2
0,1,24839,24842,74517,74518,74519,74522,74523,74524,149035,149036,149037,149038,149039,149042,149043,149044,149045,149046,1,-1,2,-2,1,3,1,-1,-3,-1,2,2,5,2,2,-2,-2,-5,-2,-2
0,1,24841,24844,74523,74524,74525,74528,74529,74530,149047,149048,149049,149050,149051,149054,149055,149056,149057,149058,1,-1,2,-2,1,3,1,-1,-3,-1,2,2,5,2,2,-2,-2,-5,-2,-2
0,1,24843,24846,74529,74530,74531,74534,74535,74536,149059,149060,149061,149062,149063,149066,149067,149068,149069,149070,1,-1,2,-2,1,3,1,-1,-3,-1,2,2,5,2,2,-2,-2,-5,-2,-2
0,1,24845,24848,74535,74536,74537,74540,74541,74542,149071,149072,149073,149074,149075,149078,149079,149080,149081,149082,1,-1,2,-2,1,3,1,-1,-3,-1,2,2,5,2,2,-2,-2,-5,-2,-2
0,1,24847,24850,74541,74542,74543,74546,74547,74548,149083,149084,149085,149086,149087,149090,149091,149092,149093,149094,1,-1,2,-2,1,3,1,-1,-3,-1,2,2,5,2,2,-2,-2,-5,-2,-2
0,1,24849,24852,74547,74548,74549,74552,74553,74554,149095,149096,149097,149098,149099,149102,149103,149104,149105,149106,1,-1,2,-2,1,3,1,-1,-3,-1,2,2,5,2,2,-2,-2,-5,-2,-2
0,1,24851,24854,74553,74554,74555,74558,74559,74560,149107,149108,149109,149110,149111,149114,149115,149116,149117,149118,1,-1,2,-2,1,3,1,-1,-3,-1,2,2,5,2,2,-2,-2,-5,-2,-2
0,1,24853,24856,74559,74560,74561,74564,74565,74566,149119,149120,149121,149122,149123,149126,149127,149128,149129,149130,1,-1,2,-2,1,3,1,-1,-3,-1,2,2,5,2,2,-2,-2,-5,-2,-2
0,1,24855,24858,74565,74566,74567,74570,74571,74572,149131,149132,149133,149134,149135,149138,149139,149140,149141,149142,1,-1,2,-2,1,3,1,-1,-3,-1,2,2,5,2,2,-2,-2,-5,-2,-2
0,1,24857,24860,74571,74572,74573,74576,74577,74578,149143,149144,149145,149146,149147,149150,149151,149152,149153,149154,1,-1,2,-2,1,3,1,-1,-3,-1,2,2,5,2,2,-2,-2,-5,-2,-2
0,1,24859,24862,74577,74578,74579,74582,74583,74584,149155,149156,149157,149158,149159,149162,149163,149164,149165,149166,1,-1,2,-2,1,3,1,-1,-3,-1,2,2,5,2,2,-2,-2,-5,-2,-2
0,1,24861,24864,74583,74584,74585,74588,74589,74590,149167,149168,149169,149170,149171,149174,149175,149176,149177,149178,1,-1,2,-2,1,3,1,-1,-3,-1,2,2,5,2,2,-2,-2,-5,-2,-2
0,1,24863,24866,74589,74590,74591,74594,74595,74596,149179,149180,149181,149182,149183,149186,149187,149188,149189,149190,1,-1,2,-2,1,3,1,-1,-3,-1,2,2,5,2,2,-2,-2,-5,-2,-2
0,1,24865,24868,74595,74596,74597,74600,74601,74602,149191,149192,149193,149194,149195,149198,149199,149200,149201,149202,1,-1,2,-2,1,3,1,-1,-3,-1,2,2,5,2,2,-2,-2,-5,-2,-2
0,1,24867,24870,74601,74602,74603,74606,74607,74608,149203,149204,149205,149206,149207,149210,149211,149212,149213,149214,1,-1,2,-2,1,3,1,-1,-3,-1,2,2,5,2,2,-2,-2,-5,-2,-2
0,1,24869,24872,74607,74608,74609,74612,74613,74614,149215,149216,149217,149218,149219,149222,149223,149224,149225,149226,1,-1,2,-2,1,3,1,-1,-3,-1,2,2,5,2,2,-2,-2,-5,-2,-2
0,1,24871,24874,74613,74614,74615,74618,74619,74620,149227,149228,149229,149230,149231,149234,149235,149236,149237,149238,1,-1,2,-2,1,3,1,-1,-3,-1,2,2,5,2,2,-2,-2,-5,-2,-2
0,1,24873,24876,74619,74620,74621,74624,74625,74626,149239,149240,149241,149242,149243,149246,149247,149248,149249,149250,1,-1,2,-2,1,3,1,-1,-3,-1,2,2,5,2,2,-2,-2,-5,-2,-2
0,1,24875,24878,74625,74626,74627,74630,74631,74632,149251,149252,149253,149254,149255,149258,149259,149260,149261,149262,1,-1,2,-2,1,3,1,-1,-3,-1,2,2,5,2,2,-2,-2,-5,-2,-2
0,1,24877,24880,74631,74632,74633,74636,74637,74638,149263,149264,149265,149266,149267,149270,149271,149272,149273,149274,1,-1,2,-2,1,3,1,-1,-3,-1,2,2,5,2,2,-2,-2,-5,-2,-2
0,1,24879,24882,74637,74638,74639,74642,74643,74644,149275,149276,149277,149278,149279,149282,149283,149284,149285,149286,1,-1,2,-2,1,3,1,-1,-3,-1,2,2,5,2,2,-2,-2,-5,-2,-2
0,1,24881,24884,74643,74644,74645,74648,74649,74650,149287,149288,149289,149290,149291,149294,149295,149296,149297,149298,1,-1,2,-2,1,3,1,-1,-3,-1,2,2,5,2,2,-2,-2,-5,-2,-2
0,1,24883,24886,74649,74650,74651,74654,74655,74656,149299,149300,149301,149302,149303,149306,149307,149308,149309,149310,1,-1,2,-2,1,3,1,-1,-3,-1,2,2,5,2,2,-2,-2,-5,-2,-2
0,1,24885,24888,74655,74656,74657,74660,74661,74662,149311,149312,149313,149314,149315,149318,149319,149320,149321,149322,1,-1,2,-2,1,3,1,-1,-3,-1,2,2,5,2,2,-2,-2,-5,-2,-2
0,1,24887,24890,74661,74662,74663,74666,74667,74668,149323,149324,149325,149326,149327,149330,149331,149332,149333,149334,1,-1,2,-2,1,3,1,-1,-3,-1,2,2,5,2,2,-2,-2,-5,-2,-2
0,1,24889,24892,74667,74668,74669,74672,74673,74674,149335,149336,149337,149338,149339,149342,149343,149344,149345,149346,1,-1,2,-2,1,3,1,-1,-3,-1,2,2,5,2,2,-2,-2,-5,-2,-2
0,1,24891,24894,74673,74674,74675,74678,74679,74680,149347,149348,149349,149350,149351,149354,149355,149356,149357,149358,1,-1,2,-2,1,3,1,-1,-3,-1,2,2,5,2,2,-2,-2,-5,-2,-2
0,1,24893,24896,74679,74680,74681,74684,74685,74686,149359,149360,149361,149362,149363,149366,149367,149368,149369,149370,1,-1,2,-2,1,3,1,-1,-3,-1,2,2,5,2,2,-2,-2,-5,-2,-2
0,1,24895,24898,74685,74686,74687,74690,74691,74692,149371,149372,149373,149374,149375,149378,149379,149380,149381,149382,1,-1,2,-2,1,3,1,-1,-3,-1,2,2,5,2,2,-2,-2,-5,-2,-2
0,1,24897,24900,74691,74692,74693,74696,74697,74698,149383,149384,149385,149386,149387,149390,149391,149392,149393,149394,1,-1,2,-2,1,3,1,-1,-3,-1,2,2,5,2,2,-2,-2,-5,-2,-2
0,1,24899,24902,74697,74698,74699,74702,74703,74704,149395,149396,149397,149398,149399,149402,149403,149404,149405,149406,1,-1,2,-2,1,3,1,-1,-3,-1,2,2,5,2,2,-2,-2,-5,-2,-2
0,1,24901,24904,74703,74704,74705,74708,74709,74710,149407,149408,149409,149410,149411,149414,149415,149416,149417,149418,1,-1,2,-2,1,3,1,-1,-3,-1,2,2,5,2,2,-2,-2,-5,-2,-2
0,1,24903,24906,74709,74710,74711,74714,74715,74716,149419,149420,149421,149422,149423,149426,149427,149428,149429,149430,1,-1,2,-2,1,3,1,-1,-3,-1,2,2,5,2,2,-2,-2,-5,-2,-2
0,1,24905,24908,74715,74716,74717,74720,74721,74722,149431,149432,149433,149434,149435,149438,149439,149440,149441,149442,1,-1,2,-2,1,3,1,-1,-3,-1,2,2,5,2,2,-2,-2,-5,-2,-2
0,1,24907,24910,74721,74722,74723,74726,74727,74728,149443,149444,149445,149446,149447,149450,149451,149452,149453,149454,1,-1,2,-2,1,3,1,-1,-3,-1,2,2,5,2,2,-2,-2,-5,-2,-2
0,1,24909,24912,74727,74728,74729,74732,74733,74734,149455,149456,149457,149458,149459,149462,149463,149464,149465,149466,1,-1,2,-2,1,3,1,-1,-3,-1,2,2,5,2,2,-2,-2,-5,-2,-2
0,1,24911,24914,74733,74734,74735,74738,74739,74740,149467,149468,149469,149470,149471,149474,149475,149476,149477,149478,1,-1,2,-2,1,3,1,-1,-3,-1,2,2,5,2,2,-2,-2,-5,-2,-2
0,1,24913,24916,74739,74740,74741,74744,74745,74746,149479,149480,149481,149482,149483,149486,149487,149488,149489,149490,1,-1,2,-2,1,3,1,-1,-3,-1,2,2,5,2,2,-2,-2,-5,-2,-2
0,1,24915,24918,74745,74746,74747,74750,74751,74752,149491,149492,149493,149494,149495,149498,149499,149500,149501,149502,1,-1,2,-2,1,3,1,-1,-3,-1,2,2,5,2,2,-2,-2,-5,-2,-2
0,1,24917,24920,74751,74752,74753,74756,74757,74758,149503,149504,149505,149506,149507,149510,149511,149512,149513,149514,1,-1,2,-2,1,3,1,-1,-3,-1,2,2,5,2,2,-2,-2,-5,-2,-2
0,1,24919,24922,74757,74758,74759,74762,74763,74764,149515,149516,149517,149518,149519,149522,149523,149524,149525,149526,1,-1,2,-2,1,3,1,-1,-3,-1,2,2,5,2,2,-2,-2,-5,-2,-2
0,1,24921,24924,74763,74764,74765,74768,74769,74770,149527,149528,149529,149530,149531,149534,149535,149536,149537,149538,1,-1,2,-2,1,3,1,-1,-3,-1,2,2,5,2,2,-2,-2,-5,-2,-2
0,1,24923,24926,74769,74770,74771,74774,74775,74776,149539,149540,149541,149542,149543,149546,149547,149548,149549,149550,1,-1,2,-2,1,3,1,-1,-3,-1,2,2,5,2,2,-2,-2,-5,-2,-2
0,1,24925,24928,74775,74776,74777,74780,74781,74782,149551,149552,149553,149554,149555,149558,149559,149560,149561,149562,1,-1,2,-2,1,3,1,-1,-3,-1,2,2,5,2,2,-2,-2,-5,-2,-2
0,1,24927,24930,74781,74782,74783,74786,74787,74788,149563,149564,149565,149566,149567,149570,149571,149572,149573,149574,1,-1,2,-2,1,3,1,-1,-3,-1,2,2,5,2,2,-2,-2,-5,-2,-2
0,1,24929,24932,74787,74788,74789,74792,74793,74794,149575,149576,149577,149578,149579,149582,149583,149584,149585,149586,1,-1,2,-2,1,3,1,-1,-3,-1,2,2,5,2,2,-2,-2,-5,-2,-2
0,1,24931,24934,74793,74794,74795,74798,74799,74800,149587,149588,149589,149590,149591,149594,149595,149596,149597,149598,1,-1,2,-2,1,3,1,-1,-3,-1,2,2,5,2,2,-2,-2,-5,-2,-2
0,1,24933,24936,74799,74800,74801,74804,74805,74806,149599,149600,149601,149602,149603,149606,149607,149608,149609,149610,1,-1,2,-2,1,3,1,-1,-3,-1,2,2,5,2,2,-2,-2,-5,-2,-2
0,1,24935,24938,74805,74806,74807,74810,74811,74812,149611,149612,149613,149614,149615,149618,149619,149620,149621,149622,1,-1,2,-2,1,3,1,-1,-3,-1,2,2,5,2,2,-2,-2,-5,-2,-2
0,1,24937,24940,74811,74812,74813,74816,74817,74818,149623,149624,149625,149626,149627,149630,149631,149632,149633,149634,1,-1,2,-2,1,3,1,-1,-3,-1,2,2,5,2,2,-2,-2,-5,-2,-2
0,1,24939,24942,74817,74818,74819,74822,74823,74824,149635,149636,149637,149638,149639,149642,149643,149644,149645,149646,1,-1,2,-2,1,3,1,-1,-3,-1,2,2,5,2,2,-2,-2,-5,-2,-2
0,1,24941,24944,74823,74824,74825,74828,74829,74830,149647,149648,149649,149650,149651,149654,149655,149656,149657,149658,1,-1,2,-2,1,3,1,-1,-3,-1,2,2,5,2,2,-2,-2,-5,-2,-2
0,1,24943,24946,74829,74830,74831,74834,74835,74836,149659,149660,149661,149662,149663,149666,149667,149668,149669,149670,1,-1,2,-2,1,3,1,-1,-3,-1,2,2,5,2,2,-2,-2,-5,-2,-2
0,1,24945,24948,74835,74836,74837,74840,74841,74842,149671,149672,149673,149674,149675,149678,149679,149680,149681,149682,1,-1,2,-2,1,3,1,-1,-3,-1,2,2,5,2,2,-2,-2,-5,-2,-2
0,1,24947,24950,74841,74842,74843,74846,74847,74848,149683,149684,149685,149686,149687,149690,149691,149692,149693,149694,1,-1,2,-2,1,3,1,-1,-3,-1,2,2,5,2,2,-2,-2,-5,-2,-2
0,1,24949,24952,74847,74848,74849,74852,74853,74854,149695,149696,149697,149698,149699,149702,149703,149704,149705,149706,1,-1,2,-2,1,3,1,-1,-3,-1,2,2,5,2,2,-2,-2,-5,-2,-2
0,1,24951,24954,74853,74854,74855,74858,74859,74860,149707,149708,149709,149710,149711,149714,149715,149716,149717,149718,1,-1,2,-2,1,3,1,-1,-3,-1,2,2,5,2,2,-2,-2,-5,-2,-2
0,1,24953,24956,74859,74860,74861,74864,74865,74866,149719,149720,149721,149722,149723,149726,149727,149728,149729,149730,1,-1,2,-2,1,3,1,-1,-3,-1,2,2,5,2,2,-2,-2,-5,-2,-2
0,1,24955,24958,74865,74866,74867,74870,74871,74872,149731,149732,149733,149734,149735,149738,149739,149740,149741,149742,1,-1,2,-2,1,3,1,-1,-3,-1,2,2,5,2,2,-2,-2,-5,-2,-2
0,1,24957,24960,74871,74872,74873,74876,74877,74878,149743,149744,149745,149746,149747,149750,149751,149752,149753,149754,1,-1,2,-2,1,3,1,-1,-3,-1,2,2,5,2,2,-2,-2,-5,-2,-2
0,1,24959,24962,74877,74878,74879,74882,74883,74884,149755,149756,149757,149758,149759,149762,149763,149764,149765,149766,1,-1,2,-2,1,3,1,-1,-3,-1,2,2,5,2,2,-2,-2,-5,-2,-2
0,1,24961,24964,74883,74884,74885,74888,74889,74890,149767,149768,149769,149770,149771,149774,149775,149776,149777,149778,1,-1,2,-2,1,3,1,-1,-3,-1,2,2,5,2,2,-2,-2,-5,-2,-2
0,1,24963,24966,74889,74890,74891,74894,74895,74896,149779,149780,149781,149782,149783,149786,149787,149788,149789,149790,1,-1,2,-2,1,3,1,-1,-3,-1,2,2,5,2,2,-2,-2,-5,-2,-2
0,1,24965,24968,74895,74896,74897,74900,74901,74902,149791,149792,149793,149794,149795,149798,149799,149800,149801,149802,1,-1,2,-2,1,3,1,-1,-3,-1,2,2,5,2,2,-2,-2,-5,-2,-2
0,1,24967,24970,74901,74902,74903,74906,74907,74908,149803,149804,149805,149806,149807,149810,149811,149812,149813,149814,1,-1,2,-2,1,3,1,-1,-3,-1,2,2,5,2,2,-2,-2,-5,-2,-2
0,1,24969,24972,74907,74908,74909,74912,74913,74914,149815,149816,149817,149818,149819,149822,149823,149824,149825,149826,1,-1,2,-2,1,3,1,-1,-3,-1,2,2,5,2,2,-2,-2,-5,-2,-2
0,1,24971,24974,74913,74914,74915,74918,74919,74920,149827,149828,149829,149830,149831,149834,149835,149836,149837,149838,1,-1,2,-2,1,3,1,-1,-3,-1,2,2,5,2,2,-2,-2,-5,-2,-2
0,1,24973,24976,74919,74920,74921,74924,74925,74926,149839,149840,149841,149842,149843,149846,149847,149848,149849,149850,1,-1,2,-2,1,3,1,-1,-3,-1,2,2,5,2,2,-2,-2,-5,-2,-2
0,1,24975,24978,74925,74926,74927,74930,74931,74932,149851,149852,149853,149854,149855,149858,149859,149860,149861,149862,1,-1,2,-2,1,3,1,-1,-3,-1,2,2,5,2,2,-2,-2,-5,-2,-2
0,1,24977,24980,74931,74932,74933,74936,74937,74938,149863,149864,149865,149866,149867,149870,149871,149872,149873,149874,1,-1,2,-2,1,3,1,-1,-3,-1,2,2,5,2,2,-2,-2,-5,-2,-2
0,1,24979,24982,74937,74938,74939,74942,74943,74944,149875,149876,149877,149878,149879,149882,149883,149884,149885,149886,1,-1,2,-2,1,3,1,-1,-3,-1,2,2,5,2,2,-2,-2,-5,-2,-2
0,1,24981,24984,74943,74944,74945,74948,74949,74950,149887,149888,149889,149890,149891,149894,149895,149896,149897,149898,1,-1,2,-2,1,3,1,-1,-3,-1,2,2,5,2,2,-2,-2,-5,-2,-2
0,1,24983,24986,74949,74950,74951,74954,74955,74956,149899,149900,149901,149902,149903,149906,149907,149908,149909,149910,1,-1,2,-2,1,3,1,-1,-3,-1,2,2,5,2,2,-2,-2,-5,-2,-2
0,1,24985,24988,74955,74956,74957,74960,74961,74962,149911,149912,149913,149914,149915,149918,149919,149920,149921,149922,1,-1,2,-2,1,3,1,-1,-3,-1,2,2,5,2,2,-2,-2,-5,-2,-2
0,1,24987,24990,74961,74962,74963,74966,74967,74968,149923,149924,149925,149926,149927,149930,149931,149932,149933,149934,1,-1,2,-2,1,3,1,-1,-3,-1,2,2,5,2,2,-2,-2,-5,-2,-2
0,1,24989,24992,74967,74968,74969,74972,74973,74974,149935,149936,149937,149938,149939,149942,149943,149944,149945,149946,1,-1,2,-2,1,3,1,-1,-3,-1,2,2,5,2,2,-2,-2,-5,-2,-2
0,1,24991,24994,74973,74974,74975,74978,74979,74980,149947,149948,149949,149950,149951,149954,149955,149956,149957,149958,1,-1,2,-2,1,3,1,-1,-3,-1,2,2,5,2,2,-2,-2,-5,-2,-2
0,1,24993,24996,74979,74980,74981,74984,74985,74986,149959,149960,149961,149962,149963,149966,149967,149968,149969,149970,1,-1,2,-2,1,3,1,-1,-3,-1,2,2,5,2,2,-2,-2,-5,-2,-2
0,1,24995,24998,74985,74986,74987,74990,74991,74992,149971,149972,149973,149974,149975,149978,149979,149980,149981,149982,1,-1,2,-2,1,3,1,-1,-3,-1,2,2,5,2,2,-2,-2,-5,-2,-2
0,1,24997,25000,74991,74992,74993,74996,74997,74998,149983,149984,149985,149986,149987,149990,149991,149992,149993,149994,1,-1,2,-2,1,3,1,-1,-3,-1,2,2,5,2,2,-2,-2,-5,-2,-2
0,1,24999,25002,74997,74998,74999,75002,75003,75004,149995,149996,149997,149998,149999,150002,150003,150004,150005,150006,1,-1,2,-2,1,3,1,-1,-3,-1,2,2,5,2,2,-2,-2,-5,-2,-2
0,1,25001,25004,75003,75004,75005,75008,75009,75010,150007,150008,150009,150010,150011,150014,150015,150016,150017,150018,1,-1,2,-2,1,3,1,-1,-3,-1,2,2,5,2,2,-2,-2,-5,-2,-2
0,1,25003,25006,75009,75010,75011,75014,75015,75016,150019,150020,150021,150022,150023,150026,150027,150028,150029,150030,1,-1,2,-2,1,3,1,-1,-3,-1,2,2,5,2,2,-2,-2,-5,-2,-2
0,1,25005,25008,75015,75016,75017,75020,75021,75022,150031,150032,150033,150034,150035,150038,150039,150040,150041,150042,1,-1,2,-2,1,3,1,-1,-3,-1,2,2,5,2,2,-2,-2,-5,-2,-2
0,1,25007,25010,75021,75022,75023,75026,75027,75028,150043,150044,150045,150046,150047,150050,150051,150052,150053,150054,1,-1,2,-2,1,3,1,-1,-3,-1,2,2,5,2,2,-2,-2,-5,-2,-2
0,1,25009,25012,75027,75028,75029,75032,75033,75034,150055,150056,150057,150058,150059,150062,150063,150064,150065,150066,1,-1,2,-2,1,3,1,-1,-3,-1,2,2,5,2,2,-2,-2,-5,-2,-2
0,1,25011,25014,75033,75034,75035,75038,75039,75040,150067,150068,150069,150070,150071,150074,150075,150076,150077,150078,1,-1,2,-2,1,3,1,-1,-3,-1,2,2,5,2,2,-2,-2,-5,-2,-2
0,1,25013,25016,75039,75040,75041,75044,75045,75046,150079,150080,150081,150082,150083,150086,150087,150088,150089,150090,1,-1,2,-2,1,3,1,-1,-3,-1,2,2,5,2,2,-2,-2,-5,-2,-2
0,1,25015,25018,75045,75046,75047,75050,75051,75052,150091,150092,150093,150094,150095,150098,150099,150100,150101,150102,1,-1,2,-2,1,3,1,-1,-3,-1,2,2,5,2,2,-2,-2,-5,-2,-2
0,1,25017,25020,75051,75052,75053,75056,75057,75058,150103,150104,150105,150106,150107,150110,150111,150112,150113,150114,1,-1,2,-2,1,3,1,-1,-3,-1,2,2,5,2,2,-2,-2,-5,-2,-2
0,1,25019,25022,75057,75058,75059,75062,75063,75064,150115,150116,150117,150118,150119,150122,150123,150124,150125,150126,1,-1,2,-2,1,3,1,-1,-3,-1,2,2,5,2,2,-2,-2,-5,-2,-2
0,1,25021,25024,75063,75064,75065,75068,75069,75070,150127,150128,150129,150130,150131,150134,150135,150136,150137,150138,1,-1,2,-2,1,3,1,-1,-3,-1,2,2,5,2,2,-2,-2,-5,-2,-2
0,1,25023,25026,75069,75070,75071,75074,75075,75076,150139,150140,150141,150142,150143,150146,150147,150148,150149,150150,1,-1,2,-2,1,3,1,-1,-3,-1,2,2,5,2,2,-2,-2,-5,-2,-2
0,1,25025,25028,75075,75076,75077,75080,75081,75082,150151,150152,150153,150154,150155,150158,150159,150160,150161,150162,1,-1,2,-2,1,3,1,-1,-3,-1,2,2,5,2,2,-2,-2,-5,-2,-2
0,1,25027,25030,75081,75082,75083,75086,75087,75088,150163,150164,150165,150166,150167,150170,150171,150172,150173,150174,1,-1,2,-2,1,3,1,-1,-3,-1,2,2,5,2,2,-2,-2,-5,-2,-2
0,1,25029,25032,75087,75088,75089,75092,75093,75094,150175,150176,150177,150178,150179,150182,150183,150184,150185,150186,1,-1,2,-2,1,3,1,-1,-3,-1,2,2,5,2,2,-2,-2,-5,-2,-2
0,1,25031,25034,75093,75094,75095,75098,75099,75100,150187,150188,150189,150190,150191,150194,150195,150196,150197,150198,1,-1,2,-2,1,3,1,-1,-3,-1,2,2,5,2,2,-2,-2,-5,-2,-2
0,1,25033,25036,75099,75100,75101,75104,75105,75106,150199,150200,150201,150202,150203,150206,150207,150208,150209,150210,1,-1,2,-2,1,3,1,-1,-3,-1,2,2,5,2,2,-2,-2,-5,-2,-2
0,1,25035,25038,75105,75106,75107,75110,75111,75112,150211,150212,150213,150214,150215,150218,150219,150220,150221,150222,1,-1,2,-2,1,3,1,-1,-3,-1,2,2,5,2,2,-2,-2,-5,-2,-2
0,1,25037,25040,75111,75112,75113,75116,75117,75118,150223,150224,150225,150226,150227,150230,150231,150232,150233,150234,1,-1,2,-2,1,3,1,-1,-3,-1,2,2,5,2,2,-2,-2,-5,-2,-2
0,1,25039,25042,75117,75118,75119,75122,75123,75124,150235,150236,150237,150238,150239,150242,150243,150244,150245,150246,1,-1,2,-2,1,3,1,-1,-3,-1,2,2,5,2,2,-2,-2,-5,-2,-2
0,1,25041,25044,75123,75124,75125,75128,75129,75130,150247,150248,150249,150250,150251,150254,150255,150256,150257,150258,1,-1,2,-2,1,3,1,-1,-3,-1,2,2,5,2,2,-2,-2,-5,-2,-2
0,1,25043,25046,75129,75130,75131,75134,75135,75136,150259,150260,150261,150262,150263,150266,150267,150268,150269,150270,1,-1,2,-2,1,3,1,-1,-3,-1,2,2,5,2,2,-2,-2,-5,-2,-2
0,1,25045,25048,75135,75136,75137,75140,75141,75142,150271,150272,150273,150274,150275,150278,150279,150280,150281,150282,1,-1,2,-2,1,3,1,-1,-3,-1,2,2,5,2,2,-2,-2,-5,-2,-2
0,1,25047,25050,75141,75142,75143,75146,75147,75148,150283,150284,150285,150286,150287,150290,150291,150292,150293,150294,1,-1,2,-2,1,3,1,-1,-3,-1,2,2,5,2,2,-2,-2,-5,-2,-2
0,1,25049,25052,75147,75148,75149,75152,75153,75154,150295,150296,150297,150298,150299,150302,150303,150304,150305,150306,1,-1,2,-2,1,3,1,-1,-3,-1,2,2,5,2,2,-2,-2,-5,-2,-2
0,1,25051,25054,75153,75154,75155,75158,75159,75160,150307,150308,150309,150310,150311,150314,150315,150316,150317,150318,1,-1,2,-2,1,3,1,-1,-3,-1,2,2,5,2,2,-2,-2,-5,-2,-2
0,1,25053,25056,75159,75160,75161,75164,75165,75166,150319,150320,150321,150322,150323,150326,150327,150328,150329,150330,1,-1,2,-2,1,3,1,-1,-3,-1,2,2,5,2,2,-2,-2,-5,-2,-2
0,1,25055,25058,75165,75166,75167,75170,75171,75172,150331,150332,150333,150334,150335,150338,150339,150340,150341,150342,1,-1,2,-2,1,3,1,-1,-3,-1,2,2,5,2,2,-2,-2,-5,-2,-2
0,1,25057,25060,75171,75172,75173,75176,75177,75178,150343,150344,150345,150346,150347,150350,150351,150352,150353,150354,1,-1,2,-2,1,3,1,-1,-3,-1,2,2,5,2,2,-2,-2,-5,-2,-2
0,1,25059,25062,75177,75178,75179,75182,75183,75184,150355,150356,150357,150358,150359,150362,150363,150364,150365,150366,1,-1,2,-2,1,3,1,-1,-3,-1,2,2,5,2,2,-2,-2,-5,-2,-2
0,1,25061,25064,75183,75184,75185,75188,75189,75190,150367,150368,150369,150370,150371,150374,150375,150376,150377,150378,1,-1,2,-2,1,3,1,-1,-3,-1,2,2,5,2,2,-2,-2,-5,-2,-2
0,1,25063,25066,75189,75190,75191,75194,75195,75196,150379,150380,150381,150382,150383,150386,150387,150388,150389,150390,1,-1,2,-2,1,3,1,-1,-3,-1,2,2,5,2,2,-2,-2,-5,-2,-2
0,1,25065,25068,75195,75196,75197,75200,75201,75202,150391,150392,150393,150394,150395,150398,150399,150400,150401,150402,1,-1,2,-2,1,3,1,-1,-3,-1,2,2,5,2,2,-2,-2,-5,-2,-2
0,1,25067,25070,75201,75202,75203,75206,75207,75208,150403,150404,150405,150406,150407,150410,150411,150412,150413,150414,1,-1,2,-2,1,3,1,-1,-3,-1,2,2,5,2,2,-2,-2,-5,-2,-2
0,1,25069,25072,75207,75208,75209,75212,75213,75214,150415,150416,150417,150418,150419,150422,150423,150424,150425,150426,1,-1,2,-2,1,3,1,-1,-3,-1,2,2,5,2,2,-2,-2,-5,-2,-2
0,1,25071,25074,75213,75214,75215,75218,75219,75220,150427,150428,150429,150430,150431,150434,150435,150436,150437,150438,1,-1,2,-2,1,3,1,-1,-3,-1,2,2,5,2,2,-2,-2,-5,-2,-2
0,1,25073,25076,75219,75220,75221,75224,75225,75226,150439,150440,150441,150442,150443,150446,150447,150448,150449,150450,1,-1,2,-2,1,3,1,-1,-3,-1,2,2,5,2,2,-2,-2,-5,-2,-2
0,1,25075,25078,75225,75226,75227,75230,75231,75232,150451,150452,150453,150454,150455,150458,150459,150460,150461,150462,1,-1,2,-2,1,3,1,-1,-3,-1,2,2,5,2,2,-2,-2,-5,-2,-2
0,1,25077,25080,75231,75232,75233,75236,75237,75238,150463,150464,150465,150466,150467,150470,150471,150472,150473,150474,1,-1,2,-2,1,3,1,-1,-3,-1,2,2,5,2,2,-2,-2,-5,-2,-2
0,1,25079,25082,75237,75238,75239,75242,75243,75244,150475,150476,150477,150478,150479,150482,150483,150484,150485,150486,1,-1,2,-2,1,3,1,-1,-3,-1,2,2,5,2,2,-2,-2,-5,-2,-2
0,1,25081,25084,75243,75244,75245,75248,75249,75250,150487,150488,150489,150490,150491,150494,150495,150496,150497,150498,1,-1,2,-2,1,3,1,-1,-3,-1,2,2,5,2,2,-2,-2,-5,-2,-2
0,1,25083,25086,75249,75250,75251,75254,75255,75256,150499,150500,150501,150502,150503,150506,150507,150508,150509,150510,1,-1,2,-2,1,3,1,-1,-3,-1,2,2,5,2,2,-2,-2,-5,-2,-2
0,1,25085,25088,75255,75256,75257,75260,75261,75262,150511,150512,150513,150514,150515,150518,150519,150520,150521,150522,1,-1,2,-2,1,3,1,-1,-3,-1,2,2,5,2,2,-2,-2,-5,-2,-2
0,1,25087,25090,75261,75262,75263,75266,75267,75268,150523,150524,150525,150526,150527,150530,150531,150532,150533,150534,1,-1,2,-2,1,3,1,-1,-3,-1,2,2,5,2,2,-2,-2,-5,-2,-2
0,1,25089,25092,75267,75268,75269,75272,75273,75274,150535,150536,150537,150538,150539,150542,150543,150544,150545,150546,1,-1,2,-2,1,3,1,-1,-3,-1,2,2,5,2,2,-2,-2,-5,-2,-2
0,1,25091,25094,75273,75274,75275,75278,75279,75280,150547,150548,150549,150550,150551,150554,150555,150556,150557,150558,1,-1,2,-2,1,3,1,-1,-3,-1,2,2,5,2,2,-2,-2,-5,-2,-2
0,1,25093,25096,75279,75280,75281,75284,75285,75286,150559,150560,150561,150562,150563,150566,150567,150568,150569,150570,1,-1,2,-2,1,3,1,-1,-3,-1,2,2,5,2,2,-2,-2,-5,-2,-2
0,1,25095,25098,75285,75286,75287,75290,75291,75292,150571,150572,150573,150574,150575,150578,150579,150580,150581,150582,1,-1,2,-2,1,3,1,-1,-3,-1,2,2,5,2,2,-2,-2,-5,-2,-2
0,1,25097,25100,75291,75292,75293,75296,75297,75298,150583,150584,150585,150586,150587,150590,150591,150592,150593,150594,1,-1,2,-2,1,3,1,-1,-3,-1,2,2,5,2,2,-2,-2,-5,-2,-2
0,1,25099,25102,75297,75298,75299,75302,75303,75304,150595,150596,150597,150598,150599,150602,150603,150604,150605,150606,1,-1,2,-2,1,3,1,-1,-3,-1,2,2,5,2,2,-2,-2,-5,-2,-2
0,1,25101,25104,75303,75304,75305,75308,75309,75310,150607,150608,150609,150610,150611,150614,150615,150616,150617,150618,1,-1,2,-2,1,3,1,-1,-3,-1,2,2,5,2,2,-2,-2,-5,-2,-2
0,1,25103,25106,75309,75310,75311,75314,75315,75316,150619,150620,150621,150622,150623,150626,150627,150628,150629,150630,1,-1,2,-2,1,3,1,-1,-3,-1,2,2,5,2,2,-2,-2,-5,-2,-2
0,1,25105,25108,75315,75316,75317,75320,75321,75322,150631,150632,150633,150634,150635,150638,150639,150640,150641,150642,1,-1,2,-2,1,3,1,-1,-3,-1,2,2,5,2,2,-2,-2,-5,-2,-2
0,1,25107,25110,75321,75322,75323,75326,75327,75328,150643,150644,150645,150646,150647,150650,150651,150652,150653,150654,1,-1,2,-2,1,3,1,-1,-3,-1,2,2,5,2,2,-2,-2,-5,-2,-2
0,1,25109,25112,75327,75328,75329,75332,75333,75334,150655,150656,150657,150658,150659,150662,150663,150664,150665,150666,1,-1,2,-2,1,3,1,-1,-3,-1,2,2,5,2,2,-2,-2,-5,-2,-2
0,1,25111,25114,75333,75334,75335,75338,75339,75340,150667,150668,150669,150670,150671,150674,150675,150676,150677,150678,1,-1,2,-2,1,3,1,-1,-3,-1,2,2,5,2,2,-2,-2,-5,-2,-2
0,1,25113,25116,75339,75340,75341,75344,75345,75346,150679,150680,150681,150682,150683,150686,150687,150688,150689,150690,1,-1,2,-2,1,3,1,-1,-3,-1,2,2,5,2,2,-2,-2,-5,-2,-2
0,1,25115,25118,75345,75346,75347,75350,75351,75352,150691,150692,150693,150694,150695,150698,150699,150700,150701,150702,1,-1,2,-2,1,3,1,-1,-3,-1,2,2,5,2,2,-2,-2,-5,-2,-2
0,1,25117,25120,75351,75352,75353,75356,75357,75358,150703,150704,150705,150706,150707,150710,150711,150712,150713,150714,1,-1,2,-2,1,3,1,-1,-3,-1,2,2,5,2,2,-2,-2,-5,-2,-2
0,1,25119,25122,75357,75358,75359,75362,75363,75364,150715,150716,150717,150718,150719,150722,150723,150724,150725,150726,1,-1,2,-2,1,3,1,-1,-3,-1,2,2,5,2,2,-2,-2,-5,-2,-2
0,1,25121,25124,75363,75364,75365,75368,75369,75370,150727,150728,150729,150730,150731,150734,150735,150736,150737,150738,1,-1,2,-2,1,3,1,-1,-3,-1,2,2,5,2,2,-2,-2,-5,-2,-2
0,1,25123,25126,75369,75370,75371,75374,75375,75376,150739,150740,150741,150742,150743,150746,150747,150748,150749,150750,1,-1,2,-2,1,3,1,-1,-3,-1,2,2,5,2,2,-2,-2,-5,-2,-2
0,1,25125,25128,75375,75376,75377,75380,75381,75382,150751,150752,150753,150754,150755,150758,150759,150760,150761,150762,1,-1,2,-2,1,3,1,-1,-3,-1,2,2,5,2,2,-2,-2,-5,-2,-2
0,1,25127,25130,75381,75382,75383,75386,75387,75388,150763,150764,150765,150766,150767,150770,150771,150772,150773,150774,1,-1,2,-2,1,3,1,-1,-3,-1,2,2,5,2,2,-2,-2,-5,-2,-2
0,1,25129,25132,75387,75388,75389,75392,75393,75394,150775,150776,150777,150778,150779,150782,150783,150784,150785,150786,1,-1,2,-2,1,3,1,-1,-3,-1,2,2,5,2,2,-2,-2,-5,-2,-2
0,1,25131,25134,75393,75394,75395,75398,75399,75400,150787,150788,150789,150790,150791,150794,150795,150796,150797,150798,1,-1,2,-2,1,3,1,-1,-3,-1,2,2,5,2,2,-2,-2,-5,-2,-2
0,1,25133,25136,75399,75400,75401,75404,75405,75406,150799,150800,150801,150802,150803,150806,150807,150808,150809,150810,1,-1,2,-2,1,3,1,-1,-3,-1,2,2,5,2,2,-2,-2,-5,-2,-2
0,1,25135,25138,75405,75406,75407,75410,75411,75412,150811,150812,150813,150814,150815,150818,150819,150820,150821,150822,1,-1,2,-2,1,3,1,-1,-3,-1,2,2,5,2,2,-2,-2,-5,-2,-2
0,1,25137,25140,75411,75412,75413,75416,75417,75418,150823,150824,150825,150826,150827,150830,150831,150832,150833,150834,1,-1,2,-2,1,3,1,-1,-3,-1,2,2,5,2,2,-2,-2,-5,-2,-2
0,1,25139,25142,75417,75418,75419,75422,75423,75424,150835,150836,150837,150838,150839,150842,150843,150844,150845,150846,1,-1,2,-2,1,3,1,-1,-3,-1,2,2,5,2,2,-2,-2,-5,-2,-2
0,1,25141,25144,75423,75424,75425,75428,75429,75430,150847,150848,150849,150850,150851,150854,150855,150856,150857,150858,1,-1,2,-2,1,3,1,-1,-3,-1,2,2,5,2,2,-2,-2,-5,-2,-2
0,1,25143,25146,75429,75430,75431,75434,75435,75436,150859,150860,150861,150862,150863,150866,150867,150868,150869,150870,1,-1,2,-2,1,3,1,-1,-3,-1,2,2,5,2,2,-2,-2,-5,-2,-2
0,1,25145,25148,75435,75436,75437,75440,75441,75442,150871,150872,150873,150874,150875,150878,150879,150880,150881,150882,1,-1,2,-2,1,3,1,-1,-3,-1,2,2,5,2,2,-2,-2,-5,-2,-2
0,1,25147,25150,75441,75442,75443,75446,75447,75448,150883,150884,150885,150886,150887,150890,150891,150892,150893,150894,1,-1,2,-2,1,3,1,-1,-3,-1,2,2,5,2,2,-2,-2,-5,-2,-2
0,1,25149,25152,75447,75448,75449,75452,75453,75454,150895,150896,150897,150898,150899,150902,150903,150904,150905,150906,1,-1,2,-2,1,3,1,-1,-3,-1,2,2,5,2,2,-2,-2,-5,-2,-2
0,1,25151,25154,75453,75454,75455,75458,75459,75460,150907,150908,150909,150910,150911,150914,150915,150916,150917,150918,1,-1,2,-2,1,3,1,-1,-3,-1,2,2,5,2,2,-2,-2,-5,-2,-2
0,1,25153,25156,75459,75460,75461,75464,75465,75466,150919,150920,150921,150922,150923,150926,150927,150928,150929,150930,1,-1,2,-2,1,3,1,-1,-3,-1,2,2,5,2,2,-2,-2,-5,-2,-2
0,1,25155,25158,75465,75466,75467,75470,75471,75472,150931,150932,150933,150934,150935,150938,150939,150940,150941,150942,1,-1,2,-2,1,3,1,-1,-3,-1,2,2,5,2,2,-2,-2,-5,-2,-2
0,1,25157,25160,75471,75472,75473,75476,75477,75478,150943,150944,150945,150946,150947,150950,150951,150952,150953,150954,1,-1,2,-2,1,3,1,-1,-3,-1,2,2,5,2,2,-2,-2,-5,-2,-2
0,1,25159,25162,75477,75478,75479,75482,75483,75484,150955,150956,150957,150958,150959,150962,150963,150964,150965,150966,1,-1,2,-2,1,3,1,-1,-3,-1,2,2,5,2,2,-2,-2,-5,-2,-2
0,1,25161,25164,75483,75484,75485,75488,75489,75490,150967,150968,150969,150970,150971,150974,150975,150976,150977,150978,1,-1,2,-2,1,3,1,-1,-3,-1,2,2,5,2,2,-2,-2,-5,-2,-2
0,1,25163,25166,75489,75490,75491,75494,75495,75496,150979,150980,150981,150982,150983,150986,150987,150988,150989,150990,1,-1,2,-2,1,3,1,-1,-3,-1,2,2,5,2,2,-2,-2,-5,-2,-2
0,1,25165,25168,75495,75496,75497,75500,75501,75502,150991,150992,150993,150994,150995,150998,150999,151000,151001,151002,1,-1,2,-2,1,3,1,-1,-3,-1,2,2,5,2,2,-2,-2,-5,-2,-2
0,1,25167,25170,75501,75502,75503,75506,75507,75508,151003,151004,151005,151006,151007,151010,151011,151012,151013,151014,1,-1,2,-2,1,3,1,-1,-3,-1,2,2,5,2,2,-2,-2,-5,-2,-2
0,1,25169,25172,75507,75508,75509,75512,75513,75514,151015,151016,151017,151018,151019,151022,151023,151024,151025,151026,1,-1,2,-2,1,3,1,-1,-3,-1,2,2,5,2,2,-2,-2,-5,-2,-2
0,1,25171,25174,75513,75514,75515,75518,75519,75520,151027,151028,151029,151030,151031,151034,151035,151036,151037,151038,1,-1,2,-2,1,3,1,-1,-3,-1,2,2,5,2,2,-2,-2,-5,-2,-2
0,1,25173,25176,75519,75520,75521,75524,75525,75526,151039,151040,151041,151042,151043,151046,151047,151048,151049,151050,1,-1,2,-2,1,3,1,-1,-3,-1,2,2,5,2,2,-2,-2,-5,-2,-2
0,1,25175,25178,75525,75526,75527,75530,75531,75532,151051,151052,151053,151054,151055,151058,151059,151060,151061,151062,1,-1,2,-2,1,3,1,-1,-3,-1,2,2,5,2,2,-2,-2,-5,-2,-2
0,1,25177,25180,75531,75532,75533,75536,75537,75538,151063,151064,151065,151066,151067,151070,151071,151072,151073,151074,1,-1,2,-2,1,3,1,-1,-3,-1,2,2,5,2,2,-2,-2,-5,-2,-2
0,1,25179,25182,75537,75538,75539,75542,75543,75544,151075,151076,151077,151078,151079,151082,151083,151084,151085,151086,1,-1,2,-2,1,3,1,-1,-3,-1,2,2,5,2,2,-2,-2,-5,-2,-2
0,1,25181,25184,75543,75544,75545,75548,75549,75550,151087,151088,151089,151090,151091,151094,151095,151096,151097,151098,1,-1,2,-2,1,3,1,-1,-3,-1,2,2,5,2,2,-2,-2,-5,-2,-2
0,1,25183,25186,75549,75550,75551,75554,75555,75556,151099,151100,151101,151102,151103,151106,151107,151108,151109,151110,1,-1,2,-2,1,3,1,-1,-3,-1,2,2,5,2,2,-2,-2,-5,-2,-2
0,1,25185,25188,75555,75556,75557,75560,75561,75562,151111,151112,151113,151114,151115,151118,151119,151120,151121,151122,1,-1,2,-2,1,3,1,-1,-3,-1,2,2,5,2,2,-2,-2,-5,-2,-2
0,1,25187,25190,75561,75562,75563,75566,75567,75568,151123,151124,151125,151126,151127,151130,151131,151132,151133,151134,1,-1,2,-2,1,3,1,-1,-3,-1,2,2,5,2,2,-2,-2,-5,-2,-2
0,1,25189,25192,75567,75568,75569,75572,75573,75574,151135,151136,151137,151138,151139,151142,151143,151144,151145,151146,1,-1,2,-2,1,3,1,-1,-3,-1,2,2,5,2,2,-2,-2,-5,-2,-2
0,1,25191,25194,75573,75574,75575,75578,75579,75580,151147,151148,151149,151150,151151,151154,151155,151156,151157,151158,1,-1,2,-2,1,3,1,-1,-3,-1,2,2,5,2,2,-2,-2,-5,-2,-2
0,1,25193,25196,75579,75580,75581,75584,75585,75586,151159,151160,151161,151162,151163,151166,151167,151168,151169,151170,1,-1,2,-2,1,3,1,-1,-3,-1,2,2,5,2,2,-2,-2,-5,-2,-2
0,1,25195,25198,75585,75586,75587,75590,75591,75592,151171,151172,151173,151174,151175,151178,151179,151180,151181,151182,1,-1,2,-2,1,3,1,-1,-3,-1,2,2,5,2,2,-2,-2,-5,-2,-2
0,1,25197,25200,75591,75592,75593,75596,75597,75598,151183,151184,151185,151186,151187,151190,151191,151192,151193,151194,1,-1,2,-2,1,3,1,-1,-3,-1,2,2,5,2,2,-2,-2,-5,-2,-2
0,1,25199,25202,75597,75598,75599,75602,75603,75604,151195,151196,151197,151198,151199,151202,151203,151204,151205,151206,1,-1,2,-2,1,3,1,-1,-3,-1,2,2,5,2,2,-2,-2,-5,-2,-2
0,1,25201,25204,75603,75604,75605,75608,75609,75610,151207,151208,151209,151210,151211,151214,151215,151216,151217,151218,1,-1,2,-2,1,3,1,-1,-3,-1,2,2,5,2,2,-2,-2,-5,-2,-2
0,1,25203,25206,75609,75610,75611,75614,75615,75616,151219,151220,151221,151222,151223,151226,151227,151228,151229,151230,1,-1,2,-2,1,3,1,-1,-3,-1,2,2,5,2,2,-2,-2,-5,-2,-2
0,1,25205,25208,75615,75616,75617,75620,75621,75622,151231,151232,151233,151234,151235,151238,151239,151240,151241,151242,1,-1,2,-2,1,3,1,-1,-3,-1,2,2,5,2,2,-2,-2,-5,-2,-2
0,1,25207,25210,75621,75622,75623,75626,75627,75628,151243,151244,151245,151246,151247,151250,151251,151252,151253,151254,1,-1,2,-2,1,3,1,-1,-3,-1,2,2,5,2,2,-2,-2,-5,-2,-2
0,1,25209,25212,75627,75628,75629,75632,75633,75634,151255,151256,151257,151258,151259,151262,151263,151264,151265,151266,1,-1,2,-2,1,3,1,-1,-3,-1,2,2,5,2,2,-2,-2,-5,-2,-2
0,1,25211,25214,75633,75634,75635,75638,75639,75640,151267,151268,151269,151270,151271,151274,151275,151276,151277,151278,1,-1,2,-2,1,3,1,-1,-3,-1,2,2,5,2,2,-2,-2,-5,-2,-2
0,1,25213,25216,75639,75640,75641,75644,75645,75646,151279,151280,151281,151282,151283,151286,151287,151288,151289,151290,1,-1,2,-2,1,3,1,-1,-3,-1,2,2,5,2,2,-2,-2,-5,-2,-2
0,1,25215,25218,75645,75646,75647,75650,75651,75652,151291,151292,151293,151294,151295,151298,151299,151300,151301,151302,1,-1,2,-2,1,3,1,-1,-3,-1,2,2,5,2,2,-2,-2,-5,-2,-2
0,1,25217,25220,75651,75652,75653,75656,75657,75658,151303,151304,151305,151306,151307,151310,151311,151312,151313,151314,1,-1,2,-2,1,3,1,-1,-3,-1,2,2,5,2,2,-2,-2,-5,-2,-2
0,1,25219,25222,75657,75658,75659,75662,75663,75664,151315,151316,151317,151318,151319,151322,151323,151324,151325,151326,1,-1,2,-2,1,3,1,-1,-3,-1,2,2,5,2,2,-2,-2,-5,-2,-2
0,1,25221,25224,75663,75664,75665,75668,75669,75670,151327,151328,151329,151330,151331,151334,151335,151336,151337,151338,1,-1,2,-2,1,3,1,-1,-3,-1,2,2,5,2,2,-2,-2,-5,-2,-2
0,1,25223,25226,75669,75670,75671,75674,75675,75676,151339,151340,151341,151342,151343,151346,151347,151348,151349,151350,1,-1,2,-2,1,3,1,-1,-3,-1,2,2,5,2,2,-2,-2,-5,-2,-2
0,1,25225,25228,75675,75676,75677,75680,75681,75682,151351,151352,151353,151354,151355,151358,151359,151360,151361,151362,1,-1,2,-2,1,3,1,-1,-3,-1,2,2,5,2,2,-2,-2,-5,-2,-2
0,1,25227,25230,75681,75682,75683,75686,75687,75688,151363,151364,151365,151366,151367,151370,151371,151372,151373,151374,1,-1,2,-2,1,3,1,-1,-3,-1,2,2,5,2,2,-2,-2,-5,-2,-2
0,1,25229,25232,75687,75688,75689,75692,75693,75694,151375,151376,151377,151378,151379,151382,151383,151384,151385,151386,1,-1,2,-2,1,3,1,-1,-3,-1,2,2,5,2,2,-2,-2,-5,-2,-2
0,1,25231,25234,75693,75694,75695,75698,75699,75700,151387,151388,151389,151390,151391,151394,151395,151396,151397,151398,1,-1,2,-2,1,3,1,-1,-3,-1,2,2,5,2,2,-2,-2,-5,-2,-2
0,1,25233,25236,75699,75700,75701,75704,75705,75706,151399,151400,151401,151402,151403,151406,151407,151408,151409,151410,1,-1,2,-2,1,3,1,-1,-3,-1,2,2,5,2,2,-2,-2,-5,-2,-2
0,1,25235,25238,75705,75706,75707,75710,75711,75712,151411,151412,151413,151414,151415,151418,151419,151420,151421,151422,1,-1,2,-2,1,3,1,-1,-3,-1,2,2,5,2,2,-2,-2,-5,-2,-2
0,1,25237,25240,75711,75712,75713,75716,75717,75718,151423,151424,151425,151426,151427,151430,151431,151432,151433,151434,1,-1,2,-2,1,3,1,-1,-3,-1,2,2,5,2,2,-2,-2,-5,-2,-2
0,1,25239,25242,75717,75718,75719,75722,75723,75724,151435,151436,151437,151438,151439,151442,151443,151444,151445,151446,1,-1,2,-2,1,3,1,-1,-3,-1,2,2,5,2,2,-2,-2,-5,-2,-2
0,1,25241,25244,75723,75724,75725,75728,75729,75730,151447,151448,151449,151450,151451,151454,151455,151456,151457,151458,1,-1,2,-2,1,3,1,-1,-3,-1,2,2,5,2,2,-2,-2,-5,-2,-2
0,1,25243,25246,75729,75730,75731,75734,75735,75736,151459,151460,151461,151462,151463,151466,151467,151468,151469,151470,1,-1,2,-2,1,3,1,-1,-3,-1,2,2,5,2,2,-2,-2,-5,-2,-2
0,1,25245,25248,75735,75736,75737,75740,75741,75742,151471,151472,151473,151474,151475,151478,151479,151480,151481,151482,1,-1,2,-2,1,3,1,-1,-3,-1,2,2,5,2,2,-2,-2,-5,-2,-2
0,1,25247,25250,75741,75742,75743,75746,75747,75748,151483,151484,151485,151486,151487,151490,151491,151492,151493,151494,1,-1,2,-2,1,3,1,-1,-3,-1,2,2,5,2,2,-2,-2,-5,-2,-2
0,1,25249,25252,75747,75748,75749,75752,75753,75754,151495,151496,151497,151498,151499,151502,151503,151504,151505,151506,1,-1,2,-2,1,3,1,-1,-3,-1,2,2,5,2,2,-2,-2,-5,-2,-2
0,1,25251,25254,75753,75754,75755,75758,75759,75760,151507,151508,151509,151510,151511,151514,151515,151516,151517,151518,1,-1,2,-2,1,3,1,-1,-3,-1,2,2,5,2,2,-2,-2,-5,-2,-2
0,1,25253,25256,75759,75760,75761,75764,75765,75766,151519,151520,151521,151522,151523,151526,151527,151528,151529,151530,1,-1,2,-2,1,3,1,-1,-3,-1,2,2,5,2,2,-2,-2,-5,-2,-2
0,1,25255,25258,75765,75766,75767,75770,75771,75772,151531,151532,151533,151534,151535,151538,151539,151540,151541,151542,1,-1,2,-2,1,3,1,-1,-3,-1,2,2,5,2,2,-2,-2,-5,-2,-2
0,1,25257,25260,75771,75772,75773,75776,75777,75778,151543,151544,151545,151546,151547,151550,151551,151552,151553,151554,1,-1,2,-2,1,3,1,-1,-3,-1,2,2,5,2,2,-2,-2,-5,-2,-2
0,1,25259,25262,75777,75778,75779,75782,75783,75784,151555,151556,151557,151558,151559,151562,151563,151564,151565,151566,1,-1,2,-2,1,3,1,-1,-3,-1,2,2,5,2,2,-2,-2,-5,-2,-2
0,1,25261,25264,75783,75784,75785,75788,75789,75790,151567,151568,151569,151570,151571,151574,151575,151576,151577,151578,1,-1,2,-2,1,3,1,-1,-3,-1,2,2,5,2,2,-2,-2,-5,-2,-2
0,1,25263,25266,75789,75790,75791,75794,75795,75796,151579,151580,151581,151582,151583,151586,151587,151588,151589,151590,1,-1,2,-2,1,3,1,-1,-3,-1,2,2,5,2,2,-2,-2,-5,-2,-2
0,1,25265,25268,75795,75796,75797,75800,75801,75802,151591,151592,151593,151594,151595,151598,151599,151600,151601,151602,1,-1,2,-2,1,3,1,-1,-3,-1,2,2,5,2,2,-2,-2,-5,-2,-2
0,1,25267,25270,75801,75802,75803,75806,75807,75808,151603,151604,151605,151606,151607,151610,151611,151612,151613,151614,1,-1,2,-2,1,3,1,-1,-3,-1,2,2,5,2,2,-2,-2,-5,-2,-2
0,1,25269,25272,75807,75808,75809,75812,75813,75814,151615,151616,151617,151618,151619,151622,151623,151624,151625,151626,1,-1,2,-2,1,3,1,-1,-3,-1,2,2,5,2,2,-2,-2,-5,-2,-2
0,1,25271,25274,75813,75814,75815,75818,75819,75820,151627,151628,151629,151630,151631,151634,151635,151636,151637,151638,1,-1,2,-2,1,3,1,-1,-3,-1,2,2,5,2,2,-2,-2,-5,-2,-2
0,1,25273,25276,75819,75820,75821,75824,75825,75826,151639,151640,151641,151642,151643,151646,151647,151648,151649,151650,1,-1,2,-2,1,3,1,-1,-3,-1,2,2,5,2,2,-2,-2,-5,-2,-2
0,1,25275,25278,75825,75826,75827,75830,75831,75832,151651,151652,151653,151654,151655,151658,151659,151660,151661,151662,1,-1,2,-2,1,3,1,-1,-3,-1,2,2,5,2,2,-2,-2,-5,-2,-2
0,1,25277,25280,75831,75832,75833,75836,75837,75838,151663,151664,151665,151666,151667,151670,151671,151672,151673,151674,1,-1,2,-2,1,3,1,-1,-3,-1,2,2,5,2,2,-2,-2,-5,-2,-2
0,1,25279,25282,75837,75838,75839,75842,75843,75844,151675,151676,151677,151678,151679,151682,151683,151684,151685,151686,1,-1,2,-2,1,3,1,-1,-3,-1,2,2,5,2,2,-2,-2,-5,-2,-2
0,1,25281,25284,75843,75844,75845,75848,75849,75850,151687,151688,151689,151690,151691,151694,151695,151696,151697,151698,1,-1,2,-2,1,3,1,-1,-3,-1,2,2,5,2,2,-2,-2,-5,-2,-2
0,1,25283,25286,75849,75850,75851,75854,75855,75856,151699,151700,151701,151702,151703,151706,151707,151708,151709,151710,1,-1,2,-2,1,3,1,-1,-3,-1,2,2,5,2,2,-2,-2,-5,-2,-2
0,1,25285,25288,75855,75856,75857,75860,75861,75862,151711,151712,151713,151714,151715,151718,151719,151720,151721,151722,1,-1,2,-2,1,3,1,-1,-3,-1,2,2,5,2,2,-2,-2,-5,-2,-2
0,1,25287,25290,75861,75862,75863,75866,75867,75868,151723,151724,151725,151726,151727,151730,151731,151732,151733,151734,1,-1,2,-2,1,3,1,-1,-3,-1,2,2,5,2,2,-2,-2,-5,-2,-2
0,1,25289,25292,75867,75868,75869,75872,75873,75874,151735,151736,151737,151738,151739,151742,151743,151744,151745,151746,1,-1,2,-2,1,3,1,-1,-3,-1,2,2,5,2,2,-2,-2,-5,-2,-2
0,1,25291,25294,75873,75874,75875,75878,75879,75880,151747,151748,151749,151750,151751,151754,151755,151756,151757,151758,1,-1,2,-2,1,3,1,-1,-3,-1,2,2,5,2,2,-2,-2,-5,-2,-2
0,1,25293,25296,75879,75880,75881,75884,75885,75886,151759,151760,151761,151762,151763,151766,151767,151768,151769,151770,1,-1,2,-2,1,3,1,-1,-3,-1,2,2,5,2,2,-2,-2,-5,-2,-2
0,1,25295,25298,75885,75886,75887,75890,75891,75892,151771,151772,151773,151774,151775,151778,151779,151780,151781,151782,1,-1,2,-2,1,3,1,-1,-3,-1,2,2,5,2,2,-2,-2,-5,-2,-2
0,1,25297,25300,75891,75892,75893,75896,75897,75898,151783,151784,151785,151786,151787,151790,151791,151792,151793,151794,1,-1,2,-2,1,3,1,-1,-3,-1,2,2,5,2,2,-2,-2,-5,-2,-2
0,1,25299,25302,75897,75898,75899,75902,75903,75904,151795,151796,151797,151798,151799,151802,151803,151804,151805,151806,1,-1,2,-2,1,3,1,-1,-3,-1,2,2,5,2,2,-2,-2,-5,-2,-2
0,1,25301,25304,75903,75904,75905,75908,75909,75910,151807,151808,151809,151810,151811,151814,151815,151816,151817,151818,1,-1,2,-2,1,3,1,-1,-3,-1,2,2,5,2,2,-2,-2,-5,-2,-2
0,1,25303,25306,75909,75910,75911,75914,75915,75916,151819,151820,151821,151822,151823,151826,151827,151828,151829,151830,1,-1,2,-2,1,3,1,-1,-3,-1,2,2,5,2,2,-2,-2,-5,-2,-2
0,1,25305,25308,75915,75916,75917,75920,75921,75922,151831,151832,151833,151834,151835,151838,151839,151840,151841,151842,1,-1,2,-2,1,3,1,-1,-3,-1,2,2,5,2,2,-2,-2,-5,-2,-2
0,1,25307,25310,75921,75922,75923,75926,75927,75928,151843,151844,151845,151846,151847,151850,151851,151852,151853,151854,1,-1,2,-2,1,3,1,-1,-3,-1,2,2,5,2,2,-2,-2,-5,-2,-2
0,1,25309,25312,75927,75928,75929,75932,75933,75934,151855,151856,151857,151858,151859,151862,151863,151864,151865,151866,1,-1,2,-2,1,3,1,-1,-3,-1,2,2,5,2,2,-2,-2,-5,-2,-2
0,1,25311,25314,75933,75934,75935,75938,75939,75940,151867,151868,151869,151870,151871,151874,151875,151876,151877,151878,1,-1,2,-2,1,3,1,-1,-3,-1,2,2,5,2,2,-2,-2,-5,-2,-2
0,1,25313,25316,75939,75940,75941,75944,75945,75946,151879,151880,151881,151882,151883,151886,151887,151888,151889,151890,1,-1,2,-2,1,3,1,-1,-3,-1,2,2,5,2,2,-2,-2,-5,-2,-2
0,1,25315,25318,75945,75946,75947,75950,75951,75952,151891,151892,151893,151894,151895,151898,151899,151900,151901,151902,1,-1,2,-2,1,3,1,-1,-3,-1,2,2,5,2,2,-2,-2,-5,-2,-2
0,1,25317,25320,75951,75952,75953,75956,75957,75958,151903,151904,151905,151906,151907,151910,151911,151912,151913,151914,1,-1,2,-2,1,3,1,-1,-3,-1,2,2,5,2,2,-2,-2,-5,-2,-2
0,1,25319,25322,75957,75958,75959,75962,75963,75964,151915,151916,151917,151918,151919,151922,151923,151924,151925,151926,1,-1,2,-2,1,3,1,-1,-3,-1,2,2,5,2,2,-2,-2,-5,-2,-2
0,1,25321,25324,75963,75964,75965,75968,75969,75970,151927,151928,151929,151930,151931,151934,151935,151936,151937,151938,1,-1,2,-2,1,3,1,-1,-3,-1,2,2,5,2,2,-2,-2,-5,-2,-2
0,1,25323,25326,75969,75970,75971,75974,75975,75976,151939,151940,151941,151942,151943,151946,151947,151948,151949,151950,1,-1,2,-2,1,3,1,-1,-3,-1,2,2,5,2,2,-2,-2,-5,-2,-2
0,1,25325,25328,75975,75976,75977,75980,75981,75982,151951,151952,151953,151954,151955,151958,151959,151960,151961,151962,1,-1,2,-2,1,3,1,-1,-3,-1,2,2,5,2,2,-2,-2,-5,-2,-2
0,1,25327,25330,75981,75982,75983,75986,75987,75988,151963,151964,151965,151966,151967,151970,151971,151972,151973,151974,1,-1,2,-2,1,3,1,-1,-3,-1,2,2,5,2,2,-2,-2,-5,-2,-2
0,1,25329,25332,75987,75988,75989,75992,75993,75994,151975,151976,151977,151978,151979,151982,151983,151984,151985,151986,1,-1,2,-2,1,3,1,-1,-3,-1,2,2,5,2,2,-2,-2,-5,-2,-2
0,1,25331,25334,75993,75994,75995,75998,75999,76000,151987,151988,151989,151990,151991,151994,151995,151996,151997,151998,1,-1,2,-2,1,3,1,-1,-3,-1,2,2,5,2,2,-2,-2,-5,-2,-2
0,1,25333,25336,75999,76000,76001,76004,76005,76006,151999,152000,152001,152002,152003,152006,152007,152008,152009,152010,1,-1,2,-2,1,3,1,-1,-3,-1,2,2,5,2,2,-2,-2,-5,-2,-2
0,1,25335,25338,76005,76006,76007,76010,76011,76012,152011,152012,152013,152014,152015,152018,152019,152020,152021,152022,1,-1,2,-2,1,3,1,-1,-3,-1,2,2,5,2,2,-2,-2,-5,-2,-2
0,1,25337,25340,76011,76012,76013,76016,76017,76018,152023,152024,152025,152026,152027,152030,152031,152032,152033,152034,1,-1,2,-2,1,3,1,-1,-3,-1,2,2,5,2,2,-2,-2,-5,-2,-2
0,1,25339,25342,76017,76018,76019,76022,76023,76024,152035,152036,152037,152038,152039,152042,152043,152044,152045,152046,1,-1,2,-2,1,3,1,-1,-3,-1,2,2,5,2,2,-2,-2,-5,-2,-2
0,1,25341,25344,76023,76024,76025,76028,76029,76030,152047,152048,152049,152050,152051,152054,152055,152056,152057,152058,1,-1,2,-2,1,3,1,-1,-3,-1,2,2,5,2,2,-2,-2,-5,-2,-2
0,1,25343,25346,76029,76030,76031,76034,76035,76036,152059,152060,152061,152062,152063,152066,152067,152068,152069,152070,1,-1,2,-2,1,3,1,-1,-3,-1,2,2,5,2,2,-2,-2,-5,-2,-2
0,1,25345,25348,76035,76036,76037,76040,76041,76042,152071,152072,152073,152074,152075,152078,152079,152080,152081,152082,1,-1,2,-2,1,3,1,-1,-3,-1,2,2,5,2,2,-2,-2,-5,-2,-2
0,1,25347,25350,76041,76042,76043,76046,76047,76048,152083,152084,152085,152086,152087,152090,152091,152092,152093,152094,1,-1,2,-2,1,3,1,-1,-3,-1,2,2,5,2,2,-2,-2,-5,-2,-2
0,1,25349,25352,76047,76048,76049,76052,76053,76054,152095,152096,152097,152098,152099,152102,152103,152104,152105,152106,1,-1,2,-2,1,3,1,-1,-3,-1,2,2,5,2,2,-2,-2,-5,-2,-2
0,1,25351,25354,76053,76054,76055,76058,76059,76060,152107,152108,152109,152110,152111,152114,152115,152116,152117,152118,1,-1,2,-2,1,3,1,-1,-3,-1,2,2,5,2,2,-2,-2,-5,-2,-2
0,1,25353,25356,76059,76060,76061,76064,76065,76066,152119,152120,152121,152122,152123,152126,152127,152128,152129,152130,1,-1,2,-2,1,3,1,-1,-3,-1,2,2,5,2,2,-2,-2,-5,-2,-2
0,1,25355,25358,76065,76066,76067,76070,76071,76072,152131,152132,152133,152134,152135,152138,152139,152140,152141,152142,1,-1,2,-2,1,3,1,-1,-3,-1,2,2,5,2,2,-2,-2,-5,-2,-2
0,1,25357,25360,76071,76072,76073,76076,76077,76078,152143,152144,152145,152146,152147,152150,152151,152152,152153,152154,1,-1,2,-2,1,3,1,-1,-3,-1,2,2,5,2,2,-2,-2,-5,-2,-2
0,1,25359,25362,76077,76078,76079,76082,76083,76084,152155,152156,152157,152158,152159,152162,152163,152164,152165,152166,1,-1,2,-2,1,3,1,-1,-3,-1,2,2,5,2,2,-2,-2,-5,-2,-2
0,1,25361,25364,76083,76084,76085,76088,76089,76090,152167,152168,152169,152170,152171,152174,152175,152176,152177,152178,1,-1,2,-2,1,3,1,-1,-3,-1,2,2,5,2,2,-2,-2,-5,-2,-2
0,1,25363,25366,76089,76090,76091,76094,76095,76096,152179,152180,152181,152182,152183,152186,152187,152188,152189,152190,1,-1,2,-2,1,3,1,-1,-3,-1,2,2,5,2,2,-2,-2,-5,-2,-2
0,1,25365,25368,76095,76096,76097,76100,76101,76102,152191,152192,152193,152194,152195,152198,152199,152200,152201,152202,1,-1,2,-2,1,3,1,-1,-3,-1,2,2,5,2,2,-2,-2,-5,-2,-2
0,1,25367,25370,76101,76102,76103,76106,76107,76108,152203,152204,152205,152206,152207,152210,152211,152212,152213,152214,1,-1,2,-2,1,3,1,-1,-3,-1,2,2,5,2,2,-2,-2,-5,-2,-2
0,1,25369,25372,76107,76108,76109,76112,76113,76114,152215,152216,152217,152218,152219,152222,152223,152224,152225,152226,1,-1,2,-2,1,3,1,-1,-3,-1,2,2,5,2,2,-2,-2,-5,-2,-2
0,1,25371,25374,76113,76114,76115,76118,76119,76120,152227,152228,152229,152230,152231,152234,152235,152236,152237,152238,1,-1,2,-2,1,3,1,-1,-3,-1,2,2,5,2,2,-2,-2,-5,-2,-2
0,1,25373,25376,76119,76120,76121,76124,76125,76126,152239,152240,152241,152242,152243,152246,152247,152248,152249,152250,1,-1,2,-2,1,3,1,-1,-3,-1,2,2,5,2,2,-2,-2,-5,-2,-2
0,1,25375,25378,76125,76126,76127,76130,76131,76132,152251,152252,152253,152254,152255,152258,152259,152260,152261,152262,1,-1,2,-2,1,3,1,-1,-3,-1,2,2,5,2,2,-2,-2,-5,-2,-2
0,1,25377,25380,76131,76132,76133,76136,76137,76138,152263,152264,152265,152266,152267,152270,152271,152272,152273,152274,1,-1,2,-2,1,3,1,-1,-3,-1,2,2,5,2,2,-2,-2,-5,-2,-2
0,1,25379,25382,76137,76138,76139,76142,76143,76144,152275,152276,152277,152278,152279,152282,152283,152284,152285,152286,1,-1,2,-2,1,3,1,-1,-3,-1,2,2,5,2,2,-2,-2,-5,-2,-2
0,1,25381,25384,76143,76144,76145,76148,76149,76150,152287,152288,152289,152290,152291,152294,152295,152296,152297,152298,1,-1,2,-2,1,3,1,-1,-3,-1,2,2,5,2,2,-2,-2,-5,-2,-2
0,1,25383,25386,76149,76150,76151,76154,76155,76156,152299,152300,152301,152302,152303,152306,152307,152308,152309,152310,1,-1,2,-2,1,3,1,-1,-3,-1,2,2,5,2,2,-2,-2,-5,-2,-2
0,1,25385,25388,76155,76156,76157,76160,76161,76162,152311,152312,152313,152314,152315,152318,152319,152320,152321,152322,1,-1,2,-2,1,3,1,-1,-3,-1,2,2,5,2,2,-2,-2,-5,-2,-2
0,1,25387,25390,76161,76162,76163,76166,76167,76168,152323,152324,152325,152326,152327,152330,152331,152332,152333,152334,1,-1,2,-2,1,3,1,-1,-3,-1,2,2,5,2,2,-2,-2,-5,-2,-2
0,1,25389,25392,76167,76168,76169,76172,76173,76174,152335,152336,152337,152338,152339,152342,152343,152344,152345,152346,1,-1,2,-2,1,3,1,-1,-3,-1,2,2,5,2,2,-2,-2,-5,-2,-2
0,1,25391,25394,76173,76174,76175,76178,76179,76180,152347,152348,152349,152350,152351,152354,152355,152356,152357,152358,1,-1,2,-2,1,3,1,-1,-3,-1,2,2,5,2,2,-2,-2,-5,-2,-2
0,1,25393,25396,76179,76180,76181,76184,76185,76186,152359,152360,152361,152362,152363,152366,152367,152368,152369,152370,1,-1,2,-2,1,3,1,-1,-3,-1,2,2,5,2,2,-2,-2,-5,-2,-2
0,1,25395,25398,76185,76186,76187,76190,76191,76192,152371,152372,152373,152374,152375,152378,152379,152380,152381,152382,1,-1,2,-2,1,3,1,-1,-3,-1,2,2,5,2,2,-2,-2,-5,-2,-2
0,1,25397,25400,76191,76192,76193,76196,76197,76198,152383,152384,152385,152386,152387,152390,152391,152392,152393,152394,1,-1,2,-2,1,3,1,-1,-3,-1,2,2,5,2,2,-2,-2,-5,-2,-2
0,1,25399,25402,76197,76198,76199,76202,76203,76204,152395,152396,152397,152398,152399,152402,152403,152404,152405,152406,1,-1,2,-2,1,3,1,-1,-3,-1,2,2,5,2,2,-2,-2,-5,-2,-2
0,1,25401,25404,76203,76204,76205,76208,76209,76210,152407,152408,152409,152410,152411,152414,152415,152416,152417,152418,1,-1,2,-2,1,3,1,-1,-3,-1,2,2,5,2,2,-2,-2,-5,-2,-2
0,1,25403,25406,76209,76210,76211,76214,76215,76216,152419,152420,152421,152422,152423,152426,152427,152428,152429,152430,1,-1,2,-2,1,3,1,-1,-3,-1,2,2,5,2,2,-2,-2,-5,-2,-2
0,1,25405,25408,76215,76216,76217,76220,76221,76222,152431,152432,152433,152434,152435,152438,152439,152440,152441,152442,1,-1,2,-2,1,3,1,-1,-3,-1,2,2,5,2,2,-2,-2,-5,-2,-2
0,1,25407,25410,76221,76222,76223,76226,76227,76228,152443,152444,152445,152446,152447,152450,152451,152452,152453,152454,1,-1,2,-2,1,3,1,-1,-3,-1,2,2,5,2,2,-2,-2,-5,-2,-2
0,1,25409,25412,76227,76228,76229,76232,76233,76234,152455,152456,152457,152458,152459,152462,152463,152464,152465,152466,1,-1,2,-2,1,3,1,-1,-3,-1,2,2,5,2,2,-2,-2,-5,-2,-2
0,1,25411,25414,76233,76234,76235,76238,76239,76240,152467,152468,152469,152470,152471,152474,152475,152476,152477,152478,1,-1,2,-2,1,3,1,-1,-3,-1,2,2,5,2,2,-2,-2,-5,-2,-2
0,1,25413,25416,76239,76240,76241,76244,76245,76246,152479,152480,152481,152482,152483,152486,152487,152488,152489,152490,1,-1,2,-2,1,3,1,-1,-3,-1,2,2,5,2,2,-2,-2,-5,-2,-2
0,1,25415,25418,76245,76246,76247,76250,76251,76252,152491,152492,152493,152494,152495,152498,152499,152500,152501,152502,1,-1,2,-2,1,3,1,-1,-3,-1,2,2,5,2,2,-2,-2,-5,-2,-2
0,1,25417,25420,76251,76252,76253,76256,76257,76258,152503,152504,152505,152506,152507,152510,152511,152512,152513,152514,1,-1,2,-2,1,3,1,-1,-3,-1,2,2,5,2,2,-2,-2,-5,-2,-2
0,1,25419,25422,76257,76258,76259,76262,76263,76264,152515,152516,152517,152518,152519,152522,152523,152524,152525,152526,1,-1,2,-2,1,3,1,-1,-3,-1,2,2,5,2,2,-2,-2,-5,-2,-2
0,1,25421,25424,76263,76264,76265,76268,76269,76270,152527,152528,152529,152530,152531,152534,152535,152536,152537,152538,1,-1,2,-2,1,3,1,-1,-3,-1,2,2,5,2,2,-2,-2,-5,-2,-2
0,1,25423,25426,76269,76270,76271,76274,76275,76276,152539,152540,152541,152542,152543,152546,152547,152548,152549,152550,1,-1,2,-2,1,3,1,-1,-3,-1,2,2,5,2,2,-2,-2,-5,-2,-2
0,1,25425,25428,76275,76276,76277,76280,76281,76282,152551,152552,152553,152554,152555,152558,152559,152560,152561,152562,1,-1,2,-2,1,3,1,-1,-3,-1,2,2,5,2,2,-2,-2,-5,-2,-2
0,1,25427,25430,76281,76282,76283,76286,76287,76288,152563,152564,152565,152566,152567,152570,152571,152572,152573,152574,1,-1,2,-2,1,3,1,-1,-3,-1,2,2,5,2,2,-2,-2,-5,-2,-2
0,1,25429,25432,76287,76288,76289,76292,76293,76294,152575,152576,152577,152578,152579,152582,152583,152584,152585,152586,1,-1,2,-2,1,3,1,-1,-3,-1,2,2,5,2,2,-2,-2,-5,-2,-2
0,1,25431,25434,76293,76294,76295,76298,76299,76300,152587,152588,152589,152590,152591,152594,152595,152596,152597,152598,1,-1,2,-2,1,3,1,-1,-3,-1,2,2,5,2,2,-2,-2,-5,-2,-2
0,1,25433,25436,76299,76300,76301,76304,76305,76306,152599,152600,152601,152602,152603,152606,152607,152608,152609,152610,1,-1,2,-2,1,3,1,-1,-3,-1,2,2,5,2,2,-2,-2,-5,-2,-2
0,1,25435,25438,76305,76306,76307,76310,76311,76312,152611,152612,152613,152614,152615,152618,152619,152620,152621,152622,1,-1,2,-2,1,3,1,-1,-3,-1,2,2,5,2,2,-2,-2,-5,-2,-2
0,1,25437,25440,76311,76312,76313,76316,76317,76318,152623,152624,152625,152626,152627,152630,152631,152632,152633,152634,1,-1,2,-2,1,3,1,-1,-3,-1,2,2,5,2,2,-2,-2,-5,-2,-2
0,1,25439,25442,76317,76318,76319,76322,76323,76324,152635,152636,152637,152638,152639,152642,152643,152644,152645,152646,1,-1,2,-2,1,3,1,-1,-3,-1,2,2,5,2,2,-2,-2,-5,-2,-2
0,1,25441,25444,76323,76324,76325,76328,76329,76330,152647,152648,152649,152650,152651,152654,152655,152656,152657,152658,1,-1,2,-2,1,3,1,-1,-3,-1,2,2,5,2,2,-2,-2,-5,-2,-2
0,1,25443,25446,76329,76330,76331,76334,76335,76336,152659,152660,152661,152662,152663,152666,152667,152668,152669,152670,1,-1,2,-2,1,3,1,-1,-3,-1,2,2,5,2,2,-2,-2,-5,-2,-2
0,1,25445,25448,76335,76336,76337,76340,76341,76342,152671,152672,152673,152674,152675,152678,152679,152680,152681,152682,1,-1,2,-2,1,3,1,-1,-3,-1,2,2,5,2,2,-2,-2,-5,-2,-2
0,1,25447,25450,76341,76342,76343,76346,76347,76348,152683,152684,152685,152686,152687,152690,152691,152692,152693,152694,1,-1,2,-2,1,3,1,-1,-3,-1,2,2,5,2,2,-2,-2,-5,-2,-2
0,1,25449,25452,76347,76348,76349,76352,76353,76354,152695,152696,152697,152698,152699,152702,152703,152704,152705,152706,1,-1,2,-2,1,3,1,-1,-3,-1,2,2,5,2,2,-2,-2,-5,-2,-2
0,1,25451,25454,76353,76354,76355,76358,76359,76360,152707,152708,152709,152710,152711,152714,152715,152716,152717,152718,1,-1,2,-2,1,3,1,-1,-3,-1,2,2,5,2,2,-2,-2,-5,-2,-2
0,1,25453,25456,76359,76360,76361,76364,76365,76366,152719,152720,152721,152722,152723,152726,152727,152728,152729,152730,1,-1,2,-2,1,3,1,-1,-3,-1,2,2,5,2,2,-2,-2,-5,-2,-2
0,1,25455,25458,76365,76366,76367,76370,76371,76372,152731,152732,152733,152734,152735,152738,152739,152740,152741,152742,1,-1,2,-2,1,3,1,-1,-3,-1,2,2,5,2,2,-2,-2,-5,-2,-2
0,1,25457,25460,76371,76372,76373,76376,76377,76378,152743,152744,152745,152746,152747,152750,152751,152752,152753,152754,1,-1,2,-2,1,3,1,-1,-3,-1,2,2,5,2,2,-2,-2,-5,-2,-2
0,1,25459,25462,76377,76378,76379,76382,76383,76384,152755,152756,152757,152758,152759,152762,152763,152764,152765,152766,1,-1,2,-2,1,3,1,-1,-3,-1,2,2,5,2,2,-2,-2,-5,-2,-2
0,1,25461,25464,76383,76384,76385,76388,76389,76390,152767,152768,152769,152770,152771,152774,152775,152776,152777,152778,1,-1,2,-2,1,3,1,-1,-3,-1,2,2,5,2,2,-2,-2,-5,-2,-2
0,1,25463,25466,76389,76390,76391,76394,76395,76396,152779,152780,152781,152782,152783,152786,152787,152788,152789,152790,1,-1,2,-2,1,3,1,-1,-3,-1,2,2,5,2,2,-2,-2,-5,-2,-2
0,1,25465,25468,76395,76396,76397,76400,76401,76402,152791,152792,152793,152794,152795,152798,152799,152800,152801,152802,1,-1,2,-2,1,3,1,-1,-3,-1,2,2,5,2,2,-2,-2,-5,-2,-2
0,1,25467,25470,76401,76402,76403,76406,76407,76408,152803,152804,152805,152806,152807,152810,152811,152812,152813,152814,1,-1,2,-2,1,3,1,-1,-3,-1,2,2,5,2,2,-2,-2,-5,-2,-2
0,1,25469,25472,76407,76408,76409,76412,76413,76414,152815,152816,152817,152818,152819,152822,152823,152824,152825,152826,1,-1,2,-2,1,3,1,-1,-3,-1,2,2,5,2,2,-2,-2,-5,-2,-2
0,1,25471,25474,76413,76414,76415,76418,76419,76420,152827,152828,152829,152830,152831,152834,152835,152836,152837,152838,1,-1,2,-2,1,3,1,-1,-3,-1,2,2,5,2,2,-2,-2,-5,-2,-2
0,1,25473,25476,76419,76420,76421,76424,76425,76426,152839,152840,152841,152842,152843,152846,152847,152848,152849,152850,1,-1,2,-2,1,3,1,-1,-3,-1,2,2,5,2,2,-2,-2,-5,-2,-2
0,1,25475,25478,76425,76426,76427,76430,76431,76432,152851,152852,152853,152854,152855,152858,152859,152860,152861,152862,1,-1,2,-2,1,3,1,-1,-3,-1,2,2,5,2,2,-2,-2,-5,-2,-2
0,1,25477,25480,76431,76432,76433,76436,76437,76438,152863,152864,152865,152866,152867,152870,152871,152872,152873,152874,1,-1,2,-2,1,3,1,-1,-3,-1,2,2,5,2,2,-2,-2,-5,-2,-2
0,1,25479,25482,76437,76438,76439,76442,76443,76444,152875,152876,152877,152878,152879,152882,152883,152884,152885,152886,1,-1,2,-2,1,3,1,-1,-3,-1,2,2,5,2,2,-2,-2,-5,-2,-2
0,1,25481,25484,76443,76444,76445,76448,76449,76450,152887,152888,152889,152890,152891,152894,152895,152896,152897,152898,1,-1,2,-2,1,3,1,-1,-3,-1,2,2,5,2,2,-2,-2,-5,-2,-2
0,1,25483,25486,76449,76450,76451,76454,76455,76456,152899,152900,152901,152902,152903,152906,152907,152908,152909,152910,1,-1,2,-2,1,3,1,-1,-3,-1,2,2,5,2,2,-2,-2,-5,-2,-2
0,1,25485,25488,76455,76456,76457,76460,76461,76462,152911,152912,152913,152914,152915,152918,152919,152920,152921,152922,1,-1,2,-2,1,3,1,-1,-3,-1,2,2,5,2,2,-2,-2,-5,-2,-2
0,1,25487,25490,76461,76462,76463,76466,76467,76468,152923,152924,152925,152926,152927,152930,152931,152932,152933,152934,1,-1,2,-2,1,3,1,-1,-3,-1,2,2,5,2,2,-2,-2,-5,-2,-2
0,1,25489,25492,76467,76468,76469,76472,76473,76474,152935,152936,152937,152938,152939,152942,152943,152944,152945,152946,1,-1,2,-2,1,3,1,-1,-3,-1,2,2,5,2,2,-2,-2,-5,-2,-2
0,1,25491,25494,76473,76474,76475,76478,76479,76480,152947,152948,152949,152950,152951,152954,152955,152956,152957,152958,1,-1,2,-2,1,3,1,-1,-3,-1,2,2,5,2,2,-2,-2,-5,-2,-2
0,1,25493,25496,76479,76480,76481,76484,76485,76486,152959,152960,152961,152962,152963,152966,152967,152968,152969,152970,1,-1,2,-2,1,3,1,-1,-3,-1,2,2,5,2,2,-2,-2,-5,-2,-2
0,1,25495,25498,76485,76486,76487,76490,76491,76492,152971,152972,152973,152974,152975,152978,152979,152980,152981,152982,1,-1,2,-2,1,3,1,-1,-3,-1,2,2,5,2,2,-2,-2,-5,-2,-2
0,1,25497,25500,76491,76492,76493,76496,76497,76498,152983,152984,152985,152986,152987,152990,152991,152992,152993,152994,1,-1,2,-2,1,3,1,-1,-3,-1,2,2,5,2,2,-2,-2,-5,-2,-2
0,1,25499,25502,76497,76498,76499,76502,76503,76504,152995,152996,152997,152998,152999,153002,153003,153004,153005,153006,1,-1,2,-2,1,3,1,-1,-3,-1,2,2,5,2,2,-2,-2,-5,-2,-2
0,1,25501,25504,76503,76504,76505,76508,76509,76510,153007,153008,153009,153010,153011,153014,153015,153016,153017,153018,1,-1,2,-2,1,3,1,-1,-3,-1,2,2,5,2,2,-2,-2,-5,-2,-2
0,1,25503,25506,76509,76510,76511,76514,76515,76516,153019,153020,153021,153022,153023,153026,153027,153028,153029,153030,1,-1,2,-2,1,3,1,-1,-3,-1,2,2,5,2,2,-2,-2,-5,-2,-2
0,1,25505,25508,76515,76516,76517,76520,76521,76522,153031,153032,153033,153034,153035,153038,153039,153040,153041,153042,1,-1,2,-2,1,3,1,-1,-3,-1,2,2,5,2,2,-2,-2,-5,-2,-2
0,1,25507,25510,76521,76522,76523,76526,76527,76528,153043,153044,153045,153046,153047,153050,153051,153052,153053,153054,1,-1,2,-2,1,3,1,-1,-3,-1,2,2,5,2,2,-2,-2,-5,-2,-2
0,1,25509,25512,76527,76528,76529,76532,76533,76534,153055,153056,153057,153058,153059,153062,153063,153064,153065,153066,1,-1,2,-2,1,3,1,-1,-3,-1,2,2,5,2,2,-2,-2,-5,-2,-2
0,1,25511,25514,76533,76534,76535,76538,76539,76540,153067,153068,153069,153070,153071,153074,153075,153076,153077,153078,1,-1,2,-2,1,3,1,-1,-3,-1,2,2,5,2,2,-2,-2,-5,-2,-2
0,1,25513,25516,76539,76540,76541,76544,76545,76546,153079,153080,153081,153082,153083,153086,153087,153088,153089,153090,1,-1,2,-2,1,3,1,-1,-3,-1,2,2,5,2,2,-2,-2,-5,-2,-2
0,1,25515,25518,76545,76546,76547,76550,76551,76552,153091,153092,153093,153094,153095,153098,153099,153100,153101,153102,1,-1,2,-2,1,3,1,-1,-3,-1,2,2,5,2,2,-2,-2,-5,-2,-2
0,1,25517,25520,76551,76552,76553,76556,76557,76558,153103,153104,153105,153106,153107,153110,153111,153112,153113,153114,1,-1,2,-2,1,3,1,-1,-3,-1,2,2,5,2,2,-2,-2,-5,-2,-2
0,1,25519,25522,76557,76558,76559,76562,76563,76564,153115,153116,153117,153118,153119,153122,153123,153124,153125,153126,1,-1,2,-2,1,3,1,-1,-3,-1,2,2,5,2,2,-2,-2,-5,-2,-2
0,1,25521,25524,76563,76564,76565,76568,76569,76570,153127,153128,153129,153130,153131,153134,153135,153136,153137,153138,1,-1,2,-2,1,3,1,-1,-3,-1,2,2,5,2,2,-2,-2,-5,-2,-2
0,1,25523,25526,76569,76570,76571,76574,76575,76576,153139,153140,153141,153142,153143,153146,153147,153148,153149,153150,1,-1,2,-2,1,3,1,-1,-3,-1,2,2,5,2,2,-2,-2,-5,-2,-2
0,1,25525,25528,76575,76576,76577,76580,76581,76582,153151,153152,153153,153154,153155,153158,153159,153160,153161,153162,1,-1,2,-2,1,3,1,-1,-3,-1,2,2,5,2,2,-2,-2,-5,-2,-2
0,1,25527,25530,76581,76582,76583,76586,76587,76588,153163,153164,153165,153166,153167,153170,153171,153172,153173,153174,1,-1,2,-2,1,3,1,-1,-3,-1,2,2,5,2,2,-2,-2,-5,-2,-2
0,1,25529,25532,76587,76588,76589,76592,76593,76594,153175,153176,153177,153178,153179,153182,153183,153184,153185,153186,1,-1,2,-2,1,3,1,-1,-3,-1,2,2,5,2,2,-2,-2,-5,-2,-2
0,1,25531,25534,76593,76594,76595,76598,76599,76600,153187,153188,153189,153190,153191,153194,153195,153196,153197,153198,1,-1,2,-2,1,3,1,-1,-3,-1,2,2,5,2,2,-2,-2,-5,-2,-2
0,1,25533,25536,76599,76600,76601,76604,76605,76606,153199,153200,153201,153202,153203,153206,153207,153208,153209,153210,1,-1,2,-2,1,3,1,-1,-3,-1,2,2,5,2,2,-2,-2,-5,-2,-2
0,1,25535,25538,76605,76606,76607,76610,76611,76612,153211,153212,153213,153214,153215,153218,153219,153220,153221,153222,1,-1,2,-2,1,3,1,-1,-3,-1,2,2,5,2,2,-2,-2,-5,-2,-2
0,1,25537,25540,76611,76612,76613,76616,76617,76618,153223,153224,153225,153226,153227,153230,153231,153232,153233,153234,1,-1,2,-2,1,3,1,-1,-3,-1,2,2,5,2,2,-2,-2,-5,-2,-2
0,1,25539,25542,76617,76618,76619,76622,76623,76624,153235,153236,153237,153238,153239,153242,153243,153244,153245,153246,1,-1,2,-2,1,3,1,-1,-3,-1,2,2,5,2,2,-2,-2,-5,-2,-2
0,1,25541,25544,76623,76624,76625,76628,76629,76630,153247,153248,153249,153250,153251,153254,153255,153256,153257,153258,1,-1,2,-2,1,3,1,-1,-3,-1,2,2,5,2,2,-2,-2,-5,-2,-2
0,1,25543,25546,76629,76630,76631,76634,76635,76636,153259,153260,153261,153262,153263,153266,153267,153268,153269,153270,1,-1,2,-2,1,3,1,-1,-3,-1,2,2,5,2,2,-2,-2,-5,-2,-2
0,1,25545,25548,76635,76636,76637,76640,76641,76642,153271,153272,153273,153274,153275,153278,153279,153280,153281,153282,1,-1,2,-2,1,3,1,-1,-3,-1,2,2,5,2,2,-2,-2,-5,-2,-2
0,1,25547,25550,76641,76642,76643,76646,76647,76648,153283,153284,153285,153286,153287,153290,153291,153292,153293,153294,1,-1,2,-2,1,3,1,-1,-3,-1,2,2,5,2,2,-2,-2,-5,-2,-2
0,1,25549,25552,76647,76648,76649,76652,76653,76654,153295,153296,153297,153298,153299,153302,153303,153304,153305,153306,1,-1,2,-2,1,3,1,-1,-3,-1,2,2,5,2,2,-2,-2,-5,-2,-2
0,1,25551,25554,76653,76654,76655,76658,76659,76660,153307,153308,153309,153310,153311,153314,153315,153316,153317,153318,1,-1,2,-2,1,3,1,-1,-3,-1,2,2,5,2,2,-2,-2,-5,-2,-2
0,1,25553,25556,76659,76660,76661,76664,76665,76666,153319,153320,153321,153322,153323,153326,153327,153328,153329,153330,1,-1,2,-2,1,3,1,-1,-3,-1,2,2,5,2,2,-2,-2,-5,-2,-2
0,1,25555,25558,76665,76666,76667,76670,76671,76672,153331,153332,153333,153334,153335,153338,153339,153340,153341,153342,1,-1,2,-2,1,3,1,-1,-3,-1,2,2,5,2,2,-2,-2,-5,-2,-2
0,1,25557,25560,76671,76672,76673,76676,76677,76678,153343,153344,153345,153346,153347,153350,153351,153352,153353,153354,1,-1,2,-2,1,3,1,-1,-3,-1,2,2,5,2,2,-2,-2,-5,-2,-2
0,1,25559,25562,76677,76678,76679,76682,76683,76684,153355,153356,153357,153358,153359,153362,153363,153364,153365,153366,1,-1,2,-2,1,3,1,-1,-3,-1,2,2,5,2,2,-2,-2,-5,-2,-2
0,1,25561,25564,76683,76684,76685,76688,76689,76690,153367,153368,153369,153370,153371,153374,153375,153376,153377,153378,1,-1,2,-2,1,3,1,-1,-3,-1,2,2,5,2,2,-2,-2,-5,-2,-2
0,1,25563,25566,76689,76690,76691,76694,76695,76696,153379,153380,153381,153382,153383,153386,153387,153388,153389,153390,1,-1,2,-2,1,3,1,-1,-3,-1,2,2,5,2,2,-2,-2,-5,-2,-2
0,1,25565,25568,76695,76696,76697,76700,76701,76702,153391,153392,153393,153394,153395,153398,153399,153400,153401,153402,1,-1,2,-2,1,3,1,-1,-3,-1,2,2,5,2,2,-2,-2,-5,-2,-2
0,1,25567,25570,76701,76702,76703,76706,76707,76708,153403,153404,153405,153406,153407,153410,153411,153412,153413,153414,1,-1,2,-2,1,3,1,-1,-3,-1,2,2,5,2,2,-2,-2,-5,-2,-2
0,1,25569,25572,76707,76708,76709,76712,76713,76714,153415,153416,153417,153418,153419,153422,153423,153424,153425,153426,1,-1,2,-2,1,3,1,-1,-3,-1,2,2,5,2,2,-2,-2,-5,-2,-2
0,1,25571,25574,76713,76714,76715,76718,76719,76720,153427,153428,153429,153430,153431,153434,153435,153436,153437,153438,1,-1,2,-2,1,3,1,-1,-3,-1,2,2,5,2,2,-2,-2,-5,-2,-2
0,1,25573,25576,76719,76720,76721,76724,76725,76726,153439,153440,153441,153442,153443,153446,153447,153448,153449,153450,1,-1,2,-2,1,3,1,-1,-3,-1,2,2,5,2,2,-2,-2,-5,-2,-2
0,1,25575,25578,76725,76726,76727,76730,76731,76732,153451,153452,153453,153454,153455,153458,153459,153460,153461,153462,1,-1,2,-2,1,3,1,-1,-3,-1,2,2,5,2,2,-2,-2,-5,-2,-2
0,1,25577,25580,76731,76732,76733,76736,76737,76738,153463,153464,153465,153466,153467,153470,153471,153472,153473,153474,1,-1,2,-2,1,3,1,-1,-3,-1,2,2,5,2,2,-2,-2,-5,-2,-2
0,1,25579,25582,76737,76738,76739,76742,76743,76744,153475,153476,153477,153478,153479,153482,153483,153484,153485,153486,1,-1,2,-2,1,3,1,-1,-3,-1,2,2,5,2,2,-2,-2,-5,-2,-2
0,1,25581,25584,76743,76744,76745,76748,76749,76750,153487,153488,153489,153490,153491,153494,153495,153496,153497,153498,1,-1,2,-2,1,3,1,-1,-3,-1,2,2,5,2,2,-2,-2,-5,-2,-2
0,1,25583,25586,76749,76750,76751,76754,76755,76756,153499,153500,153501,153502,153503,153506,153507,153508,153509,153510,1,-1,2,-2,1,3,1,-1,-3,-1,2,2,5,2,2,-2,-2,-5,-2,-2
0,1,25585,25588,76755,76756,76757,76760,76761,76762,153511,153512,153513,153514,153515,153518,153519,153520,153521,153522,1,-1,2,-2,1,3,1,-1,-3,-1,2,2,5,2,2,-2,-2,-5,-2,-2
0,1,25587,25590,76761,76762,76763,76766,76767,76768,153523,153524,153525,153526,153527,153530,153531,153532,153533,153534,1,-1,2,-2,1,3,1,-1,-3,-1,2,2,5,2,2,-2,-2,-5,-2,-2
0,1,25589,25592,76767,76768,76769,76772,76773,76774,153535,153536,153537,153538,153539,153542,153543,153544,153545,153546,1,-1,2,-2,1,3,1,-1,-3,-1,2,2,5,2,2,-2,-2,-5,-2,-2
0,1,25591,25594,76773,76774,76775,76778,76779,76780,153547,153548,153549,153550,153551,153554,153555,153556,153557,153558,1,-1,2,-2,1,3,1,-1,-3,-1,2,2,5,2,2,-2,-2,-5,-2,-2
0,1,25593,25596,76779,76780,76781,76784,76785,76786,153559,153560,153561,153562,153563,153566,153567,153568,153569,153570,1,-1,2,-2,1,3,1,-1,-3,-1,2,2,5,2,2,-2,-2,-5,-2,-2
0,1,25595,25598,76785,76786,76787,76790,76791,76792,153571,153572,153573,153574,153575,153578,153579,153580,153581,153582,1,-1,2,-2,1,3,1,-1,-3,-1,2,2,5,2,2,-2,-2,-5,-2,-2
0,1,25597,25600,76791,76792,76793,76796,76797,76798,153583,153584,153585,153586,153587,153590,153591,153592,153593,153594,1,-1,2,-2,1,3,1,-1,-3,-1,2,2,5,2,2,-2,-2,-5,-2,-2
0,1,25599,25602,76797,76798,76799,76802,76803,76804,153595,153596,153597,153598,153599,153602,153603,153604,153605,153606,1,-1,2,-2,1,3,1,-1,-3,-1,2,2,5,2,2,-2,-2,-5,-2,-2
0,1,25601,25604,76803,76804,76805,76808,76809,76810,153607,153608,153609,153610,153611,153614,153615,153616,153617,153618,1,-1,2,-2,1,3,1,-1,-3,-1,2,2,5,2,2,-2,-2,-5,-2,-2
0,1,25603,25606,76809,76810,76811,76814,76815,76816,153619,153620,153621,153622,153623,153626,153627,153628,153629,153630,1,-1,2,-2,1,3,1,-1,-3,-1,2,2,5,2,2,-2,-2,-5,-2,-2
0,1,25605,25608,76815,76816,76817,76820,76821,76822,153631,153632,153633,153634,153635,153638,153639,153640,153641,153642,1,-1,2,-2,1,3,1,-1,-3,-1,2,2,5,2,2,-2,-2,-5,-2,-2
0,1,25607,25610,76821,76822,76823,76826,76827,76828,153643,153644,153645,153646,153647,153650,153651,153652,153653,153654,1,-1,2,-2,1,3,1,-1,-3,-1,2,2,5,2,2,-2,-2,-5,-2,-2
0,1,25609,25612,76827,76828,76829,76832,76833,76834,153655,153656,153657,153658,153659,153662,153663,153664,153665,153666,1,-1,2,-2,1,3,1,-1,-3,-1,2,2,5,2,2,-2,-2,-5,-2,-2
0,1,25611,25614,76833,76834,76835,76838,76839,76840,153667,153668,153669,153670,153671,153674,153675,153676,153677,153678,1,-1,2,-2,1,3,1,-1,-3,-1,2,2,5,2,2,-2,-2,-5,-2,-2
0,1,25613,25616,76839,76840,76841,76844,76845,76846,153679,153680,153681,153682,153683,153686,153687,153688,153689,153690,1,-1,2,-2,1,3,1,-1,-3,-1,2,2,5,2,2,-2,-2,-5,-2,-2
0,1,25615,25618,76845,76846,76847,76850,76851,76852,153691,153692,153693,153694,153695,153698,153699,153700,153701,153702,1,-1,2,-2,1,3,1,-1,-3,-1,2,2,5,2,2,-2,-2,-5,-2,-2
0,1,25617,25620,76851,76852,76853,76856,76857,76858,153703,153704,153705,153706,153707,153710,153711,153712,153713,153714,1,-1,2,-2,1,3,1,-1,-3,-1,2,2,5,2,2,-2,-2,-5,-2,-2
0,1,25619,25622,76857,76858,76859,76862,76863,76864,153715,153716,153717,153718,153719,153722,153723,153724,153725,153726,1,-1,2,-2,1,3,1,-1,-3,-1,2,2,5,2,2,-2,-2,-5,-2,-2
0,1,25621,25624,76863,76864,76865,76868,76869,76870,153727,153728,153729,153730,153731,153734,153735,153736,153737,153738,1,-1,2,-2,1,3,1,-1,-3,-1,2,2,5,2,2,-2,-2,-5,-2,-2
0,1,25623,25626,76869,76870,76871,76874,76875,76876,153739,153740,153741,153742,153743,153746,153747,153748,153749,153750,1,-1,2,-2,1,3,1,-1,-3,-1,2,2,5,2,2,-2,-2,-5,-2,-2
0,1,25625,25628,76875,76876,76877,76880,76881,76882,153751,153752,153753,153754,153755,153758,153759,153760,153761,153762,1,-1,2,-2,1,3,1,-1,-3,-1,2,2,5,2,2,-2,-2,-5,-2,-2
0,1,25627,25630,76881,76882,76883,76886,76887,76888,153763,153764,153765,153766,153767,153770,153771,153772,153773,153774,1,-1,2,-2,1,3,1,-1,-3,-1,2,2,5,2,2,-2,-2,-5,-2,-2
0,1,25629,25632,76887,76888,76889,76892,76893,76894,153775,153776,153777,153778,153779,153782,153783,153784,153785,153786,1,-1,2,-2,1,3,1,-1,-3,-1,2,2,5,2,2,-2,-2,-5,-2,-2
0,1,25631,25634,76893,76894,76895,76898,76899,76900,153787,153788,153789,153790,153791,153794,153795,153796,153797,153798,1,-1,2,-2,1,3,1,-1,-3,-1,2,2,5,2,2,-2,-2,-5,-2,-2
0,1,25633,25636,76899,76900,76901,76904,76905,76906,153799,153800,153801,153802,153803,153806,153807,153808,153809,153810,1,-1,2,-2,1,3,1,-1,-3,-1,2,2,5,2,2,-2,-2,-5,-2,-2
0,1,25635,25638,76905,76906,76907,76910,76911,76912,153811,153812,153813,153814,153815,153818,153819,153820,153821,153822,1,-1,2,-2,1,3,1,-1,-3,-1,2,2,5,2,2,-2,-2,-5,-2,-2
0,1,25637,25640,76911,76912,76913,76916,76917,76918,153823,153824,153825,153826,153827,153830,153831,153832,153833,153834,1,-1,2,-2,1,3,1,-1,-3,-1,2,2,5,2,2,-2,-2,-5,-2,-2
0,1,25639,25642,76917,76918,76919,76922,76923,76924,153835,153836,153837,153838,153839,153842,153843,153844,153845,153846,1,-1,2,-2,1,3,1,-1,-3,-1,2,2,5,2,2,-2,-2,-5,-2,-2
0,1,25641,25644,76923,76924,76925,76928,76929,76930,153847,153848,153849,153850,153851,153854,153855,153856,153857,153858,1,-1,2,-2,1,3,1,-1,-3,-1,2,2,5,2,2,-2,-2,-5,-2,-2
0,1,25643,25646,76929,76930,76931,76934,76935,76936,153859,153860,153861,153862,153863,153866,153867,153868,153869,153870,1,-1,2,-2,1,3,1,-1,-3,-1,2,2,5,2,2,-2,-2,-5,-2,-2
0,1,25645,25648,76935,76936,76937,76940,76941,76942,153871,153872,153873,153874,153875,153878,153879,153880,153881,153882,1,-1,2,-2,1,3,1,-1,-3,-1,2,2,5,2,2,-2,-2,-5,-2,-2
0,1,25647,25650,76941,76942,76943,76946,76947,76948,153883,153884,153885,153886,153887,153890,153891,153892,153893,153894,1,-1,2,-2,1,3,1,-1,-3,-1,2,2,5,2,2,-2,-2,-5,-2,-2
0,1,25649,25652,76947,76948,76949,76952,76953,76954,153895,153896,153897,153898,153899,153902,153903,153904,153905,153906,1,-1,2,-2,1,3,1,-1,-3,-1,2,2,5,2,2,-2,-2,-5,-2,-2
0,1,25651,25654,76953,76954,76955,76958,76959,76960,153907,153908,153909,153910,153911,153914,153915,153916,153917,153918,1,-1,2,-2,1,3,1,-1,-3,-1,2,2,5,2,2,-2,-2,-5,-2,-2
0,1,25653,25656,76959,76960,76961,76964,76965,76966,153919,153920,153921,153922,153923,153926,153927,153928,153929,153930,1,-1,2,-2,1,3,1,-1,-3,-1,2,2,5,2,2,-2,-2,-5,-2,-2
0,1,25655,25658,76965,76966,76967,76970,76971,76972,153931,153932,153933,153934,153935,153938,153939,153940,153941,153942,1,-1,2,-2,1,3,1,-1,-3,-1,2,2,5,2,2,-2,-2,-5,-2,-2
0,1,25657,25660,76971,76972,76973,76976,76977,76978,153943,153944,153945,153946,153947,153950,153951,153952,153953,153954,1,-1,2,-2,1,3,1,-1,-3,-1,2,2,5,2,2,-2,-2,-5,-2,-2
0,1,25659,25662,76977,76978,76979,76982,76983,76984,153955,153956,153957,153958,153959,153962,153963,153964,153965,153966,1,-1,2,-2,1,3,1,-1,-3,-1,2,2,5,2,2,-2,-2,-5,-2,-2
0,1,25661,25664,76983,76984,76985,76988,76989,76990,153967,153968,153969,153970,153971,153974,153975,153976,153977,153978,1,-1,2,-2,1,3,1,-1,-3,-1,2,2,5,2,2,-2,-2,-5,-2,-2
0,1,25663,25666,76989,76990,76991,76994,76995,76996,153979,153980,153981,153982,153983,153986,153987,153988,153989,153990,1,-1,2,-2,1,3,1,-1,-3,-1,2,2,5,2,2,-2,-2,-5,-2,-2
0,1,25665,25668,76995,76996,76997,77000,77001,77002,153991,153992,153993,153994,153995,153998,153999,154000,154001,154002,1,-1,2,-2,1,3,1,-1,-3,-1,2,2,5,2,2,-2,-2,-5,-2,-2
0,1,25667,25670,77001,77002,77003,77006,77007,77008,154003,154004,154005,154006,154007,154010,154011,154012,154013,154014,1,-1,2,-2,1,3,1,-1,-3,-1,2,2,5,2,2,-2,-2,-5,-2,-2
0,1,25669,25672,77007,77008,77009,77012,77013,77014,154015,154016,154017,154018,154019,154022,154023,154024,154025,154026,1,-1,2,-2,1,3,1,-1,-3,-1,2,2,5,2,2,-2,-2,-5,-2,-2
0,1,25671,25674,77013,77014,77015,77018,77019,77020,154027,154028,154029,154030,154031,154034,154035,154036,154037,154038,1,-1,2,-2,1,3,1,-1,-3,-1,2,2,5,2,2,-2,-2,-5,-2,-2
0,1,25673,25676,77019,77020,77021,77024,77025,77026,154039,154040,154041,154042,154043,154046,154047,154048,154049,154050,1,-1,2,-2,1,3,1,-1,-3,-1,2,2,5,2,2,-2,-2,-5,-2,-2
0,1,25675,25678,77025,77026,77027,77030,77031,77032,154051,154052,154053,154054,154055,154058,154059,154060,154061,154062,1,-1,2,-2,1,3,1,-1,-3,-1,2,2,5,2,2,-2,-2,-5,-2,-2
0,1,25677,25680,77031,77032,77033,77036,77037,77038,154063,154064,154065,154066,154067,154070,154071,154072,154073,154074,1,-1,2,-2,1,3,1,-1,-3,-1,2,2,5,2,2,-2,-2,-5,-2,-2
0,1,25679,25682,77037,77038,77039,77042,77043,77044,154075,154076,154077,154078,154079,154082,154083,154084,154085,154086,1,-1,2,-2,1,3,1,-1,-3,-1,2,2,5,2,2,-2,-2,-5,-2,-2
0,1,25681,25684,77043,77044,77045,77048,77049,77050,154087,154088,154089,154090,154091,154094,154095,154096,154097,154098,1,-1,2,-2,1,3,1,-1,-3,-1,2,2,5,2,2,-2,-2,-5,-2,-2
0,1,25683,25686,77049,77050,77051,77054,77055,77056,154099,154100,154101,154102,154103,154106,154107,154108,154109,154110,1,-1,2,-2,1,3,1,-1,-3,-1,2,2,5,2,2,-2,-2,-5,-2,-2
0,1,25685,25688,77055,77056,77057,77060,77061,77062,154111,154112,154113,154114,154115,154118,154119,154120,154121,154122,1,-1,2,-2,1,3,1,-1,-3,-1,2,2,5,2,2,-2,-2,-5,-2,-2
0,1,25687,25690,77061,77062,77063,77066,77067,77068,154123,154124,154125,154126,154127,154130,154131,154132,154133,154134,1,-1,2,-2,1,3,1,-1,-3,-1,2,2,5,2,2,-2,-2,-5,-2,-2
0,1,25689,25692,77067,77068,77069,77072,77073,77074,154135,154136,154137,154138,154139,154142,154143,154144,154145,154146,1,-1,2,-2,1,3,1,-1,-3,-1,2,2,5,2,2,-2,-2,-5,-2,-2
0,1,25691,25694,77073,77074,77075,77078,77079,77080,154147,154148,154149,154150,154151,154154,154155,154156,154157,154158,1,-1,2,-2,1,3,1,-1,-3,-1,2,2,5,2,2,-2,-2,-5,-2,-2
0,1,25693,25696,77079,77080,77081,77084,77085,77086,154159,154160,154161,154162,154163,154166,154167,154168,154169,154170,1,-1,2,-2,1,3,1,-1,-3,-1,2,2,5,2,2,-2,-2,-5,-2,-2
0,1,25695,25698,77085,77086,77087,77090,77091,77092,154171,154172,154173,154174,154175,154178,154179,154180,154181,154182,1,-1,2,-2,1,3,1,-1,-3,-1,2,2,5,2,2,-2,-2,-5,-2,-2
0,1,25697,25700,77091,77092,77093,77096,77097,77098,154183,154184,154185,154186,154187,154190,154191,154192,154193,154194,1,-1,2,-2,1,3,1,-1,-3,-1,2,2,5,2,2,-2,-2,-5,-2,-2
0,1,25699,25702,77097,77098,77099,77102,77103,77104,154195,154196,154197,154198,154199,154202,154203,154204,154205,154206,1,-1,2,-2,1,3,1,-1,-3,-1,2,2,5,2,2,-2,-2,-5,-2,-2
0,1,25701,25704,77103,77104,77105,77108,77109,77110,154207,154208,154209,154210,154211,154214,154215,154216,154217,154218,1,-1,2,-2,1,3,1,-1,-3,-1,2,2,5,2,2,-2,-2,-5,-2,-2
0,1,25703,25706,77109,77110,77111,77114,77115,77116,154219,154220,154221,154222,154223,154226,154227,154228,154229,154230,1,-1,2,-2,1,3,1,-1,-3,-1,2,2,5,2,2,-2,-2,-5,-2,-2
0,1,25705,25708,77115,77116,77117,77120,77121,77122,154231,154232,154233,154234,154235,154238,154239,154240,154241,154242,1,-1,2,-2,1,3,1,-1,-3,-1,2,2,5,2,2,-2,-2,-5,-2,-2
0,1,25707,25710,77121,77122,77123,77126,77127,77128,154243,154244,154245,154246,154247,154250,154251,154252,154253,154254,1,-1,2,-2,1,3,1,-1,-3,-1,2,2,5,2,2,-2,-2,-5,-2,-2
0,1,25709,25712,77127,77128,77129,77132,77133,77134,154255,154256,154257,154258,154259,154262,154263,154264,154265,154266,1,-1,2,-2,1,3,1,-1,-3,-1,2,2,5,2,2,-2,-2,-5,-2,-2
0,1,25711,25714,77133,77134,77135,77138,77139,77140,154267,154268,154269,154270,154271,154274,154275,154276,154277,154278,1,-1,2,-2,1,3,1,-1,-3,-1,2,2,5,2,2,-2,-2,-5,-2,-2
0,1,25713,25716,77139,77140,77141,77144,77145,77146,154279,154280,154281,154282,154283,154286,154287,154288,154289,154290,1,-1,2,-2,1,3,1,-1,-3,-1,2,2,5,2,2,-2,-2,-5,-2,-2
0,1,25715,25718,77145,77146,77147,77150,77151,77152,154291,154292,154293,154294,154295,154298,154299,154300,154301,154302,1,-1,2,-2,1,3,1,-1,-3,-1,2,2,5,2,2,-2,-2,-5,-2,-2
0,1,25717,25720,77151,77152,77153,77156,77157,77158,154303,154304,154305,154306,154307,154310,154311,154312,154313,154314,1,-1,2,-2,1,3,1,-1,-3,-1,2,2,5,2,2,-2,-2,-5,-2,-2
0,1,25719,25722,77157,77158,77159,77162,77163,77164,154315,154316,154317,154318,154319,154322,154323,154324,154325,154326,1,-1,2,-2,1,3,1,-1,-3,-1,2,2,5,2,2,-2,-2,-5,-2,-2
0,1,25721,25724,77163,77164,77165,77168,77169,77170,154327,154328,154329,154330,154331,154334,154335,154336,154337,154338,1,-1,2,-2,1,3,1,-1,-3,-1,2,2,5,2,2,-2,-2,-5,-2,-2
0,1,25723,25726,77169,77170,77171,77174,77175,77176,154339,154340,154341,154342,154343,154346,154347,154348,154349,154350,1,-1,2,-2,1,3,1,-1,-3,-1,2,2,5,2,2,-2,-2,-5,-2,-2
0,1,25725,25728,77175,77176,77177,77180,77181,77182,154351,154352,154353,154354,154355,154358,154359,154360,154361,154362,1,-1,2,-2,1,3,1,-1,-3,-1,2,2,5,2,2,-2,-2,-5,-2,-2
0,1,25727,25730,77181,77182,77183,77186,77187,77188,154363,154364,154365,154366,154367,154370,154371,154372,154373,154374,1,-1,2,-2,1,3,1,-1,-3,-1,2,2,5,2,2,-2,-2,-5,-2,-2
0,1,25729,25732,77187,77188,77189,77192,77193,77194,154375,154376,154377,154378,154379,154382,154383,154384,154385,154386,1,-1,2,-2,1,3,1,-1,-3,-1,2,2,5,2,2,-2,-2,-5,-2,-2
0,1,25731,25734,77193,77194,77195,77198,77199,77200,154387,154388,154389,154390,154391,154394,154395,154396,154397,154398,1,-1,2,-2,1,3,1,-1,-3,-1,2,2,5,2,2,-2,-2,-5,-2,-2
0,1,25733,25736,77199,77200,77201,77204,77205,77206,154399,154400,154401,154402,154403,154406,154407,154408,154409,154410,1,-1,2,-2,1,3,1,-1,-3,-1,2,2,5,2,2,-2,-2,-5,-2,-2
0,1,25735,25738,77205,77206,77207,77210,77211,77212,154411,154412,154413,154414,154415,154418,154419,154420,154421,154422,1,-1,2,-2,1,3,1,-1,-3,-1,2,2,5,2,2,-2,-2,-5,-2,-2
0,1,25737,25740,77211,77212,77213,77216,77217,77218,154423,154424,154425,154426,154427,154430,154431,154432,154433,154434,1,-1,2,-2,1,3,1,-1,-3,-1,2,2,5,2,2,-2,-2,-5,-2,-2
0,1,25739,25742,77217,77218,77219,77222,77223,77224,154435,154436,154437,154438,154439,154442,154443,154444,154445,154446,1,-1,2,-2,1,3,1,-1,-3,-1,2,2,5,2,2,-2,-2,-5,-2,-2
0,1,25741,25744,77223,77224,77225,77228,77229,77230,154447,154448,154449,154450,154451,154454,154455,154456,154457,154458,1,-1,2,-2,1,3,1,-1,-3,-1,2,2,5,2,2,-2,-2,-5,-2,-2
0,1,25743,25746,77229,77230,77231,77234,77235,77236,154459,154460,154461,154462,154463,154466,154467,154468,154469,154470,1,-1,2,-2,1,3,1,-1,-3,-1,2,2,5,2,2,-2,-2,-5,-2,-2
0,1,25745,25748,77235,77236,77237,77240,77241,77242,154471,154472,154473,154474,154475,154478,154479,154480,154481,154482,1,-1,2,-2,1,3,1,-1,-3,-1,2,2,5,2,2,-2,-2,-5,-2,-2
0,1,25747,25750,77241,77242,77243,77246,77247,77248,154483,154484,154485,154486,154487,154490,154491,154492,154493,154494,1,-1,2,-2,1,3,1,-1,-3,-1,2,2,5,2,2,-2,-2,-5,-2,-2
0,1,25749,25752,77247,77248,77249,77252,77253,77254,154495,154496,154497,154498,154499,154502,154503,154504,154505,154506,1,-1,2,-2,1,3,1,-1,-3,-1,2,2,5,2,2,-2,-2,-5,-2,-2
0,1,25751,25754,77253,77254,77255,77258,77259,77260,154507,154508,154509,154510,154511,154514,154515,154516,154517,154518,1,-1,2,-2,1,3,1,-1,-3,-1,2,2,5,2,2,-2,-2,-5,-2,-2
0,1,25753,25756,77259,77260,77261,77264,77265,77266,154519,154520,154521,154522,154523,154526,154527,154528,154529,154530,1,-1,2,-2,1,3,1,-1,-3,-1,2,2,5,2,2,-2,-2,-5,-2,-2
0,1,25755,25758,77265,77266,77267,77270,77271,77272,154531,154532,154533,154534,154535,154538,154539,154540,154541,154542,1,-1,2,-2,1,3,1,-1,-3,-1,2,2,5,2,2,-2,-2,-5,-2,-2
0,1,25757,25760,77271,77272,77273,77276,77277,77278,154543,154544,154545,154546,154547,154550,154551,154552,154553,154554,1,-1,2,-2,1,3,1,-1,-3,-1,2,2,5,2,2,-2,-2,-5,-2,-2
0,1,25759,25762,77277,77278,77279,77282,77283,77284,154555,154556,154557,154558,154559,154562,154563,154564,154565,154566,1,-1,2,-2,1,3,1,-1,-3,-1,2,2,5,2,2,-2,-2,-5,-2,-2
0,1,25761,25764,77283,77284,77285,77288,77289,77290,154567,154568,154569,154570,154571,154574,154575,154576,154577,154578,1,-1,2,-2,1,3,1,-1,-3,-1,2,2,5,2,2,-2,-2,-5,-2,-2
0,1,25763,25766,77289,77290,77291,77294,77295,77296,154579,154580,154581,154582,154583,154586,154587,154588,154589,154590,1,-1,2,-2,1,3,1,-1,-3,-1,2,2,5,2,2,-2,-2,-5,-2,-2
0,1,25765,25768,77295,77296,77297,77300,77301,77302,154591,154592,154593,154594,154595,154598,154599,154600,154601,154602,1,-1,2,-2,1,3,1,-1,-3,-1,2,2,5,2,2,-2,-2,-5,-2,-2
0,1,25767,25770,77301,77302,77303,77306,77307,77308,154603,154604,154605,154606,154607,154610,154611,154612,154613,154614,1,-1,2,-2,1,3,1,-1,-3,-1,2,2,5,2,2,-2,-2,-5,-2,-2
0,1,25769,25772,77307,77308,77309,77312,77313,77314,154615,154616,154617,154618,154619,154622,154623,154624,154625,154626,1,-1,2,-2,1,3,1,-1,-3,-1,2,2,5,2,2,-2,-2,-5,-2,-2
0,1,25771,25774,77313,77314,77315,77318,77319,77320,154627,154628,154629,154630,154631,154634,154635,154636,154637,154638,1,-1,2,-2,1,3,1,-1,-3,-1,2,2,5,2,2,-2,-2,-5,-2,-2
0,1,25773,25776,77319,77320,77321,77324,77325,77326,154639,154640,154641,154642,154643,154646,154647,154648,154649,154650,1,-1,2,-2,1,3,1,-1,-3,-1,2,2,5,2,2,-2,-2,-5,-2,-2
0,1,25775,25778,77325,77326,77327,77330,77331,77332,154651,154652,154653,154654,154655,154658,154659,154660,154661,154662,1,-1,2,-2,1,3,1,-1,-3,-1,2,2,5,2,2,-2,-2,-5,-2,-2
0,1,25777,25780,77331,77332,77333,77336,77337,77338,154663,154664,154665,154666,154667,154670,154671,154672,154673,154674,1,-1,2,-2,1,3,1,-1,-3,-1,2,2,5,2,2,-2,-2,-5,-2,-2
0,1,25779,25782,77337,77338,77339,77342,77343,77344,154675,154676,154677,154678,154679,154682,154683,154684,154685,154686,1,-1,2,-2,1,3,1,-1,-3,-1,2,2,5,2,2,-2,-2,-5,-2,-2
0,1,25781,25784,77343,77344,77345,77348,77349,77350,154687,154688,154689,154690,154691,154694,154695,154696,154697,154698,1,-1,2,-2,1,3,1,-1,-3,-1,2,2,5,2,2,-2,-2,-5,-2,-2
0,1,25783,25786,77349,77350,77351,77354,77355,77356,154699,154700,154701,154702,154703,154706,154707,154708,154709,154710,1,-1,2,-2,1,3,1,-1,-3,-1,2,2,5,2,2,-2,-2,-5,-2,-2
0,1,25785,25788,77355,77356,77357,77360,77361,77362,154711,154712,154713,154714,154715,154718,154719,154720,154721,154722,1,-1,2,-2,1,3,1,-1,-3,-1,2,2,5,2,2,-2,-2,-5,-2,-2
0,1,25787,25790,77361,77362,77363,77366,77367,77368,154723,154724,154725,154726,154727,154730,154731,154732,154733,154734,1,-1,2,-2,1,3,1,-1,-3,-1,2,2,5,2,2,-2,-2,-5,-2,-2
0,1,25789,25792,77367,77368,77369,77372,77373,77374,154735,154736,154737,154738,154739,154742,154743,154744,154745,154746,1,-1,2,-2,1,3,1,-1,-3,-1,2,2,5,2,2,-2,-2,-5,-2,-2
0,1,25791,25794,77373,77374,77375,77378,77379,77380,154747,154748,154749,154750,154751,154754,154755,154756,154757,154758,1,-1,2,-2,1,3,1,-1,-3,-1,2,2,5,2,2,-2,-2,-5,-2,-2
0,1,25793,25796,77379,77380,77381,77384,77385,77386,154759,154760,154761,154762,154763,154766,154767,154768,154769,154770,1,-1,2,-2,1,3,1,-1,-3,-1,2,2,5,2,2,-2,-2,-5,-2,-2
0,1,25795,25798,77385,77386,77387,77390,77391,77392,154771,154772,154773,154774,154775,154778,154779,154780,154781,154782,1,-1,2,-2,1,3,1,-1,-3,-1,2,2,5,2,2,-2,-2,-5,-2,-2
0,1,25797,25800,77391,77392,77393,77396,77397,77398,154783,154784,154785,154786,154787,154790,154791,154792,154793,154794,1,-1,2,-2,1,3,1,-1,-3,-1,2,2,5,2,2,-2,-2,-5,-2,-2
0,1,25799,25802,77397,77398,77399,77402,77403,77404,154795,154796,154797,154798,154799,154802,154803,154804,154805,154806,1,-1,2,-2,1,3,1,-1,-3,-1,2,2,5,2,2,-2,-2,-5,-2,-2
0,1,25801,25804,77403,77404,77405,77408,77409,77410,154807,154808,154809,154810,154811,154814,154815,154816,154817,154818,1,-1,2,-2,1,3,1,-1,-3,-1,2,2,5,2,2,-2,-2,-5,-2,-2
0,1,25803,25806,77409,77410,77411,77414,77415,77416,154819,154820,154821,154822,154823,154826,154827,154828,154829,154830,1,-1,2,-2,1,3,1,-1,-3,-1,2,2,5,2,2,-2,-2,-5,-2,-2
0,1,25805,25808,77415,77416,77417,77420,77421,77422,154831,154832,154833,154834,154835,154838,154839,154840,154841,154842,1,-1,2,-2,1,3,1,-1,-3,-1,2,2,5,2,2,-2,-2,-5,-2,-2
0,1,25807,25810,77421,77422,77423,77426,77427,77428,154843,154844,154845,154846,154847,154850,154851,154852,154853,154854,1,-1,2,-2,1,3,1,-1,-3,-1,2,2,5,2,2,-2,-2,-5,-2,-2
0,1,25809,25812,77427,77428,77429,77432,77433,77434,154855,154856,154857,154858,154859,154862,154863,154864,154865,154866,1,-1,2,-2,1,3,1,-1,-3,-1,2,2,5,2,2,-2,-2,-5,-2,-2
0,1,25811,25814,77433,77434,77435,77438,77439,77440,154867,154868,154869,154870,154871,154874,154875,154876,154877,154878,1,-1,2,-2,1,3,1,-1,-3,-1,2,2,5,2,2,-2,-2,-5,-2,-2
0,1,25813,25816,77439,77440,77441,77444,77445,77446,154879,154880,154881,154882,154883,154886,154887,154888,154889,154890,1,-1,2,-2,1,3,1,-1,-3,-1,2,2,5,2,2,-2,-2,-5,-2,-2
0,1,25815,25818,77445,77446,77447,77450,77451,77452,154891,154892,154893,154894,154895,154898,154899,154900,154901,154902,1,-1,2,-2,1,3,1,-1,-3,-1,2,2,5,2,2,-2,-2,-5,-2,-2
0,1,25817,25820,77451,77452,77453,77456,77457,77458,154903,154904,154905,154906,154907,154910,154911,154912,154913,154914,1,-1,2,-2,1,3,1,-1,-3,-1,2,2,5,2,2,-2,-2,-5,-2,-2
0,1,25819,25822,77457,77458,77459,77462,77463,77464,154915,154916,154917,154918,154919,154922,154923,154924,154925,154926,1,-1,2,-2,1,3,1,-1,-3,-1,2,2,5,2,2,-2,-2,-5,-2,-2
0,1,25821,25824,77463,77464,77465,77468,77469,77470,154927,154928,154929,154930,154931,154934,154935,154936,154937,154938,1,-1,2,-2,1,3,1,-1,-3,-1,2,2,5,2,2,-2,-2,-5,-2,-2
0,1,25823,25826,77469,77470,77471,77474,77475,77476,154939,154940,154941,154942,154943,154946,154947,154948,154949,154950,1,-1,2,-2,1,3,1,-1,-3,-1,2,2,5,2,2,-2,-2,-5,-2,-2
0,1,25825,25828,77475,77476,77477,77480,77481,77482,154951,154952,154953,154954,154955,154958,154959,154960,154961,154962,1,-1,2,-2,1,3,1,-1,-3,-1,2,2,5,2,2,-2,-2,-5,-2,-2
0,1,25827,25830,77481,77482,77483,77486,77487,77488,154963,154964,154965,154966,154967,154970,154971,154972,154973,154974,1,-1,2,-2,1,3,1,-1,-3,-1,2,2,5,2,2,-2,-2,-5,-2,-2
0,1,25829,25832,77487,77488,77489,77492,77493,77494,154975,154976,154977,154978,154979,154982,154983,154984,154985,154986,1,-1,2,-2,1,3,1,-1,-3,-1,2,2,5,2,2,-2,-2,-5,-2,-2
0,1,25831,25834,77493,77494,77495,77498,77499,77500,154987,154988,154989,154990,154991,154994,154995,154996,154997,154998,1,-1,2,-2,1,3,1,-1,-3,-1,2,2,5,2,2,-2,-2,-5,-2,-2
0,1,25833,25836,77499,77500,77501,77504,77505,77506,154999,155000,155001,155002,155003,155006,155007,155008,155009,155010,1,-1,2,-2,1,3,1,-1,-3,-1,2,2,5,2,2,-2,-2,-5,-2,-2
0,1,25835,25838,77505,77506,77507,77510,77511,77512,155011,155012,155013,155014,155015,155018,155019,155020,155021,155022,1,-1,2,-2,1,3,1,-1,-3,-1,2,2,5,2,2,-2,-2,-5,-2,-2
0,1,25837,25840,77511,77512,77513,77516,77517,77518,155023,155024,155025,155026,155027,155030,155031,155032,155033,155034,1,-1,2,-2,1,3,1,-1,-3,-1,2,2,5,2,2,-2,-2,-5,-2,-2
0,1,25839,25842,77517,77518,77519,77522,77523,77524,155035,155036,155037,155038,155039,155042,155043,155044,155045,155046,1,-1,2,-2,1,3,1,-1,-3,-1,2,2,5,2,2,-2,-2,-5,-2,-2
0,1,25841,25844,77523,77524,77525,77528,77529,77530,155047,155048,155049,155050,155051,155054,155055,155056,155057,155058,1,-1,2,-2,1,3,1,-1,-3,-1,2,2,5,2,2,-2,-2,-5,-2,-2
0,1,25843,25846,77529,77530,77531,77534,77535,77536,155059,155060,155061,155062,155063,155066,155067,155068,155069,155070,1,-1,2,-2,1,3,1,-1,-3,-1,2,2,5,2,2,-2,-2,-5,-2,-2
0,1,25845,25848,77535,77536,77537,77540,77541,77542,155071,155072,155073,155074,155075,155078,155079,155080,155081,155082,1,-1,2,-2,1,3,1,-1,-3,-1,2,2,5,2,2,-2,-2,-5,-2,-2
0,1,25847,25850,77541,77542,77543,77546,77547,77548,155083,155084,155085,155086,155087,155090,155091,155092,155093,155094,1,-1,2,-2,1,3,1,-1,-3,-1,2,2,5,2,2,-2,-2,-5,-2,-2
0,1,25849,25852,77547,77548,77549,77552,77553,77554,155095,155096,155097,155098,155099,155102,155103,155104,155105,155106,1,-1,2,-2,1,3,1,-1,-3,-1,2,2,5,2,2,-2,-2,-5,-2,-2
0,1,25851,25854,77553,77554,77555,77558,77559,77560,155107,155108,155109,155110,155111,155114,155115,155116,155117,155118,1,-1,2,-2,1,3,1,-1,-3,-1,2,2,5,2,2,-2,-2,-5,-2,-2
0,1,25853,25856,77559,77560,77561,77564,77565,77566,155119,155120,155121,155122,155123,155126,155127,155128,155129,155130,1,-1,2,-2,1,3,1,-1,-3,-1,2,2,5,2,2,-2,-2,-5,-2,-2
0,1,25855,25858,77565,77566,77567,77570,77571,77572,155131,155132,155133,155134,155135,155138,155139,155140,155141,155142,1,-1,2,-2,1,3,1,-1,-3,-1,2,2,5,2,2,-2,-2,-5,-2,-2
0,1,25857,25860,77571,77572,77573,77576,77577,77578,155143,155144,155145,155146,155147,155150,155151,155152,155153,155154,1,-1,2,-2,1,3,1,-1,-3,-1,2,2,5,2,2,-2,-2,-5,-2,-2
0,1,25859,25862,77577,77578,77579,77582,77583,77584,155155,155156,155157,155158,155159,155162,155163,155164,155165,155166,1,-1,2,-2,1,3,1,-1,-3,-1,2,2,5,2,2,-2,-2,-5,-2,-2
0,1,25861,25864,77583,77584,77585,77588,77589,77590,155167,155168,155169,155170,155171,155174,155175,155176,155177,155178,1,-1,2,-2,1,3,1,-1,-3,-1,2,2,5,2,2,-2,-2,-5,-2,-2
0,1,25863,25866,77589,77590,77591,77594,77595,77596,155179,155180,155181,155182,155183,155186,155187,155188,155189,155190,1,-1,2,-2,1,3,1,-1,-3,-1,2,2,5,2,2,-2,-2,-5,-2,-2
0,1,25865,25868,77595,77596,77597,77600,77601,77602,155191,155192,155193,155194,155195,155198,155199,155200,155201,155202,1,-1,2,-2,1,3,1,-1,-3,-1,2,2,5,2,2,-2,-2,-5,-2,-2
0,1,25867,25870,77601,77602,77603,77606,77607,77608,155203,155204,155205,155206,155207,155210,155211,155212,155213,155214,1,-1,2,-2,1,3,1,-1,-3,-1,2,2,5,2,2,-2,-2,-5,-2,-2
0,1,25869,25872,77607,77608,77609,77612,77613,77614,155215,155216,155217,155218,155219,155222,155223,155224,155225,155226,1,-1,2,-2,1,3,1,-1,-3,-1,2,2,5,2,2,-2,-2,-5,-2,-2
0,1,25871,25874,77613,77614,77615,77618,77619,77620,155227,155228,155229,155230,155231,155234,155235,155236,155237,155238,1,-1,2,-2,1,3,1,-1,-3,-1,2,2,5,2,2,-2,-2,-5,-2,-2
0,1,25873,25876,77619,77620,77621,77624,77625,77626,155239,155240,155241,155242,155243,155246,155247,155248,155249,155250,1,-1,2,-2,1,3,1,-1,-3,-1,2,2,5,2,2,-2,-2,-5,-2,-2
0,1,25875,25878,77625,77626,77627,77630,77631,77632,155251,155252,155253,155254,155255,155258,155259,155260,155261,155262,1,-1,2,-2,1,3,1,-1,-3,-1,2,2,5,2,2,-2,-2,-5,-2,-2
0,1,25877,25880,77631,77632,77633,77636,77637,77638,155263,155264,155265,155266,155267,155270,155271,155272,155273,155274,1,-1,2,-2,1,3,1,-1,-3,-1,2,2,5,2,2,-2,-2,-5,-2,-2
0,1,25879,25882,77637,77638,77639,77642,77643,77644,155275,155276,155277,155278,155279,155282,155283,155284,155285,155286,1,-1,2,-2,1,3,1,-1,-3,-1,2,2,5,2,2,-2,-2,-5,-2,-2
0,1,25881,25884,77643,77644,77645,77648,77649,77650,155287,155288,155289,155290,155291,155294,155295,155296,155297,155298,1,-1,2,-2,1,3,1,-1,-3,-1,2,2,5,2,2,-2,-2,-5,-2,-2
0,1,25883,25886,77649,77650,77651,77654,77655,77656,155299,155300,155301,155302,155303,155306,155307,155308,155309,155310,1,-1,2,-2,1,3,1,-1,-3,-1,2,2,5,2,2,-2,-2,-5,-2,-2
0,1,25885,25888,77655,77656,77657,77660,77661,77662,155311,155312,155313,155314,155315,155318,155319,155320,155321,155322,1,-1,2,-2,1,3,1,-1,-3,-1,2,2,5,2,2,-2,-2,-5,-2,-2
0,1,25887,25890,77661,77662,77663,77666,77667,77668,155323,155324,155325,155326,155327,155330,155331,155332,155333,155334,1,-1,2,-2,1,3,1,-1,-3,-1,2,2,5,2,2,-2,-2,-5,-2,-2
0,1,25889,25892,77667,77668,77669,77672,77673,77674,155335,155336,155337,155338,155339,155342,155343,155344,155345,155346,1,-1,2,-2,1,3,1,-1,-3,-1,2,2,5,2,2,-2,-2,-5,-2,-2
0,1,25891,25894,77673,77674,77675,77678,77679,77680,155347,155348,155349,155350,155351,155354,155355,155356,155357,155358,1,-1,2,-2,1,3,1,-1,-3,-1,2,2,5,2,2,-2,-2,-5,-2,-2
0,1,25893,25896,77679,77680,77681,77684,77685,77686,155359,155360,155361,155362,155363,155366,155367,155368,155369,155370,1,-1,2,-2,1,3,1,-1,-3,-1,2,2,5,2,2,-2,-2,-5,-2,-2
0,1,25895,25898,77685,77686,77687,77690,77691,77692,155371,155372,155373,155374,155375,155378,155379,155380,155381,155382,1,-1,2,-2,1,3,1,-1,-3,-1,2,2,5,2,2,-2,-2,-5,-2,-2
0,1,25897,25900,77691,77692,77693,77696,77697,77698,155383,155384,155385,155386,155387,155390,155391,155392,155393,155394,1,-1,2,-2,1,3,1,-1,-3,-1,2,2,5,2,2,-2,-2,-5,-2,-2
0,1,25899,25902,77697,77698,77699,77702,77703,77704,155395,155396,155397,155398,155399,155402,155403,155404,155405,155406,1,-1,2,-2,1,3,1,-1,-3,-1,2,2,5,2,2,-2,-2,-5,-2,-2
0,1,25901,25904,77703,77704,77705,77708,77709,77710,155407,155408,155409,155410,155411,155414,155415,155416,155417,155418,1,-1,2,-2,1,3,1,-1,-3,-1,2,2,5,2,2,-2,-2,-5,-2,-2
0,1,25903,25906,77709,77710,77711,77714,77715,77716,155419,155420,155421,155422,155423,155426,155427,155428,155429,155430,1,-1,2,-2,1,3,1,-1,-3,-1,2,2,5,2,2,-2,-2,-5,-2,-2
0,1,25905,25908,77715,77716,77717,77720,77721,77722,155431,155432,155433,155434,155435,155438,155439,155440,155441,155442,1,-1,2,-2,1,3,1,-1,-3,-1,2,2,5,2,2,-2,-2,-5,-2,-2
0,1,25907,25910,77721,77722,77723,77726,77727,77728,155443,155444,155445,155446,155447,155450,155451,155452,155453,155454,1,-1,2,-2,1,3,1,-1,-3,-1,2,2,5,2,2,-2,-2,-5,-2,-2
0,1,25909,25912,77727,77728,77729,77732,77733,77734,155455,155456,155457,155458,155459,155462,155463,155464,155465,155466,1,-1,2,-2,1,3,1,-1,-3,-1,2,2,5,2,2,-2,-2,-5,-2,-2
0,1,25911,25914,77733,77734,77735,77738,77739,77740,155467,155468,155469,155470,155471,155474,155475,155476,155477,155478,1,-1,2,-2,1,3,1,-1,-3,-1,2,2,5,2,2,-2,-2,-5,-2,-2
0,1,25913,25916,77739,77740,77741,77744,77745,77746,155479,155480,155481,155482,155483,155486,155487,155488,155489,155490,1,-1,2,-2,1,3,1,-1,-3,-1,2,2,5,2,2,-2,-2,-5,-2,-2
0,1,25915,25918,77745,77746,77747,77750,77751,77752,155491,155492,155493,155494,155495,155498,155499,155500,155501,155502,1,-1,2,-2,1,3,1,-1,-3,-1,2,2,5,2,2,-2,-2,-5,-2,-2
0,1,25917,25920,77751,77752,77753,77756,77757,77758,155503,155504,155505,155506,155507,155510,155511,155512,155513,155514,1,-1,2,-2,1,3,1,-1,-3,-1,2,2,5,2,2,-2,-2,-5,-2,-2
0,1,25919,25922,77757,77758,77759,77762,77763,77764,155515,155516,155517,155518,155519,155522,155523,155524,155525,155526,1,-1,2,-2,1,3,1,-1,-3,-1,2,2,5,2,2,-2,-2,-5,-2,-2
0,1,25921,25924,77763,77764,77765,77768,77769,77770,155527,155528,155529,155530,155531,155534,155535,155536,155537,155538,1,-1,2,-2,1,3,1,-1,-3,-1,2,2,5,2,2,-2,-2,-5,-2,-2
0,1,25923,25926,77769,77770,77771,77774,77775,77776,155539,155540,155541,155542,155543,155546,155547,155548,155549,155550,1,-1,2,-2,1,3,1,-1,-3,-1,2,2,5,2,2,-2,-2,-5,-2,-2
0,1,25925,25928,77775,77776,77777,77780,77781,77782,155551,155552,155553,155554,155555,155558,155559,155560,155561,155562,1,-1,2,-2,1,3,1,-1,-3,-1,2,2,5,2,2,-2,-2,-5,-2,-2
0,1,25927,25930,77781,77782,77783,77786,77787,77788,155563,155564,155565,155566,155567,155570,155571,155572,155573,155574,1,-1,2,-2,1,3,1,-1,-3,-1,2,2,5,2,2,-2,-2,-5,-2,-2
0,1,25929,25932,77787,77788,77789,77792,77793,77794,155575,155576,155577,155578,155579,155582,155583,155584,155585,155586,1,-1,2,-2,1,3,1,-1,-3,-1,2,2,5,2,2,-2,-2,-5,-2,-2
0,1,25931,25934,77793,77794,77795,77798,77799,77800,155587,155588,155589,155590,155591,155594,155595,155596,155597,155598,1,-1,2,-2,1,3,1,-1,-3,-1,2,2,5,2,2,-2,-2,-5,-2,-2
0,1,25933,25936,77799,77800,77801,77804,77805,77806,155599,155600,155601,155602,155603,155606,155607,155608,155609,155610,1,-1,2,-2,1,3,1,-1,-3,-1,2,2,5,2,2,-2,-2,-5,-2,-2
0,1,25935,25938,77805,77806,77807,77810,77811,77812,155611,155612,155613,155614,155615,155618,155619,155620,155621,155622,1,-1,2,-2,1,3,1,-1,-3,-1,2,2,5,2,2,-2,-2,-5,-2,-2
0,1,25937,25940,77811,77812,77813,77816,77817,77818,155623,155624,155625,155626,155627,155630,155631,155632,155633,155634,1,-1,2,-2,1,3,1,-1,-3,-1,2,2,5,2,2,-2,-2,-5,-2,-2
0,1,25939,25942,77817,77818,77819,77822,77823,77824,155635,155636,155637,155638,155639,155642,155643,155644,155645,155646,1,-1,2,-2,1,3,1,-1,-3,-1,2,2,5,2,2,-2,-2,-5,-2,-2
0,1,25941,25944,77823,77824,77825,77828,77829,77830,155647,155648,155649,155650,155651,155654,155655,155656,155657,155658,1,-1,2,-2,1,3,1,-1,-3,-1,2,2,5,2,2,-2,-2,-5,-2,-2
0,1,25943,25946,77829,77830,77831,77834,77835,77836,155659,155660,155661,155662,155663,155666,155667,155668,155669,155670,1,-1,2,-2,1,3,1,-1,-3,-1,2,2,5,2,2,-2,-2,-5,-2,-2
0,1,25945,25948,77835,77836,77837,77840,77841,77842,155671,155672,155673,155674,155675,155678,155679,155680,155681,155682,1,-1,2,-2,1,3,1,-1,-3,-1,2,2,5,2,2,-2,-2,-5,-2,-2
0,1,25947,25950,77841,77842,77843,77846,77847,77848,155683,155684,155685,155686,155687,155690,155691,155692,155693,155694,1,-1,2,-2,1,3,1,-1,-3,-1,2,2,5,2,2,-2,-2,-5,-2,-2
0,1,25949,25952,77847,77848,77849,77852,77853,77854,155695,155696,155697,155698,155699,155702,155703,155704,155705,155706,1,-1,2,-2,1,3,1,-1,-3,-1,2,2,5,2,2,-2,-2,-5,-2,-2
0,1,25951,25954,77853,77854,77855,77858,77859,77860,155707,155708,155709,155710,155711,155714,155715,155716,155717,155718,1,-1,2,-2,1,3,1,-1,-3,-1,2,2,5,2,2,-2,-2,-5,-2,-2
0,1,25953,25956,77859,77860,77861,77864,77865,77866,155719,155720,155721,155722,155723,155726,155727,155728,155729,155730,1,-1,2,-2,1,3,1,-1,-3,-1,2,2,5,2,2,-2,-2,-5,-2,-2
0,1,25955,25958,77865,77866,77867,77870,77871,77872,155731,155732,155733,155734,155735,155738,155739,155740,155741,155742,1,-1,2,-2,1,3,1,-1,-3,-1,2,2,5,2,2,-2,-2,-5,-2,-2
0,1,25957,25960,77871,77872,77873,77876,77877,77878,155743,155744,155745,155746,155747,155750,155751,155752,155753,155754,1,-1,2,-2,1,3,1,-1,-3,-1,2,2,5,2,2,-2,-2,-5,-2,-2
0,1,25959,25962,77877,77878,77879,77882,77883,77884,155755,155756,155757,155758,155759,155762,155763,155764,155765,155766,1,-1,2,-2,1,3,1,-1,-3,-1,2,2,5,2,2,-2,-2,-5,-2,-2
0,1,25961,25964,77883,77884,77885,77888,77889,77890,155767,155768,155769,155770,155771,155774,155775,155776,155777,155778,1,-1,2,-2,1,3,1,-1,-3,-1,2,2,5,2,2,-2,-2,-5,-2,-2
0,1,25963,25966,77889,77890,77891,77894,77895,77896,155779,155780,155781,155782,155783,155786,155787,155788,155789,155790,1,-1,2,-2,1,3,1,-1,-3,-1,2,2,5,2,2,-2,-2,-5,-2,-2
0,1,25965,25968,77895,77896,77897,77900,77901,77902,155791,155792,155793,155794,155795,155798,155799,155800,155801,155802,1,-1,2,-2,1,3,1,-1,-3,-1,2,2,5,2,2,-2,-2,-5,-2,-2
0,1,25967,25970,77901,77902,77903,77906,77907,77908,155803,155804,155805,155806,155807,155810,155811,155812,155813,155814,1,-1,2,-2,1,3,1,-1,-3,-1,2,2,5,2,2,-2,-2,-5,-2,-2
0,1,25969,25972,77907,77908,77909,77912,77913,77914,155815,155816,155817,155818,155819,155822,155823,155824,155825,155826,1,-1,2,-2,1,3,1,-1,-3,-1,2,2,5,2,2,-2,-2,-5,-2,-2
0,1,25971,25974,77913,77914,77915,77918,77919,77920,155827,155828,155829,155830,155831,155834,155835,155836,155837,155838,1,-1,2,-2,1,3,1,-1,-3,-1,2,2,5,2,2,-2,-2,-5,-2,-2
0,1,25973,25976,77919,77920,77921,77924,77925,77926,155839,155840,155841,155842,155843,155846,155847,155848,155849,155850,1,-1,2,-2,1,3,1,-1,-3,-1,2,2,5,2,2,-2,-2,-5,-2,-2
0,1,25975,25978,77925,77926,77927,77930,77931,77932,155851,155852,155853,155854,155855,155858,155859,155860,155861,155862,1,-1,2,-2,1,3,1,-1,-3,-1,2,2,5,2,2,-2,-2,-5,-2,-2
0,1,25977,25980,77931,77932,77933,77936,77937,77938,155863,155864,155865,155866,155867,155870,155871,155872,155873,155874,1,-1,2,-2,1,3,1,-1,-3,-1,2,2,5,2,2,-2,-2,-5,-2,-2
0,1,25979,25982,77937,77938,77939,77942,77943,77944,155875,155876,155877,155878,155879,155882,155883,155884,155885,155886,1,-1,2,-2,1,3,1,-1,-3,-1,2,2,5,2,2,-2,-2,-5,-2,-2
0,1,25981,25984,77943,77944,77945,77948,77949,77950,155887,155888,155889,155890,155891,155894,155895,155896,155897,155898,1,-1,2,-2,1,3,1,-1,-3,-1,2,2,5,2,2,-2,-2,-5,-2,-2
0,1,25983,25986,77949,77950,77951,77954,77955,77956,155899,155900,155901,155902,155903,155906,155907,155908,155909,155910,1,-1,2,-2,1,3,1,-1,-3,-1,2,2,5,2,2,-2,-2,-5,-2,-2
0,1,25985,25988,77955,77956,77957,77960,77961,77962,155911,155912,155913,155914,155915,155918,155919,155920,155921,155922,1,-1,2,-2,1,3,1,-1,-3,-1,2,2,5,2,2,-2,-2,-5,-2,-2
0,1,25987,25990,77961,77962,77963,77966,77967,77968,155923,155924,155925,155926,155927,155930,155931,155932,155933,155934,1,-1,2,-2,1,3,1,-1,-3,-1,2,2,5,2,2,-2,-2,-5,-2,-2
0,1,25989,25992,77967,77968,77969,77972,77973,77974,155935,155936,155937,155938,155939,155942,155943,155944,155945,155946,1,-1,2,-2,1,3,1,-1,-3,-1,2,2,5,2,2,-2,-2,-5,-2,-2
0,1,25991,25994,77973,77974,77975,77978,77979,77980,155947,155948,155949,155950,155951,155954,155955,155956,155957,155958,1,-1,2,-2,1,3,1,-1,-3,-1,2,2,5,2,2,-2,-2,-5,-2,-2
0,1,25993,25996,77979,77980,77981,77984,77985,77986,155959,155960,155961,155962,155963,155966,155967,155968,155969,155970,1,-1,2,-2,1,3,1,-1,-3,-1,2,2,5,2,2,-2,-2,-5,-2,-2
0,1,25995,25998,77985,77986,77987,77990,77991,77992,155971,155972,155973,155974,155975,155978,155979,155980,155981,155982,1,-1,2,-2,1,3,1,-1,-3,-1,2,2,5,2,2,-2,-2,-5,-2,-2
0,1,25997,26000,77991,77992,77993,77996,77997,77998,155983,155984,155985,155986,155987,155990,155991,155992,155993,155994,1,-1,2,-2,1,3,1,-1,-3,-1,2,2,5,2,2,-2,-2,-5,-2,-2
0,1,25999,26002,77997,77998,77999,78002,78003,78004,155995,155996,155997,155998,155999,156002,156003,156004,156005,156006,1,-1,2,-2,1,3,1,-1,-3,-1,2,2,5,2,2,-2,-2,-5,-2,-2
0,1,26001,26004,78003,78004,78005,78008,78009,78010,156007,156008,156009,156010,156011,156014,156015,156016,156017,156018,1,-1,2,-2,1,3,1,-1,-3,-1,2,2,5,2,2,-2,-2,-5,-2,-2
0,1,26003,26006,78009,78010,78011,78014,78015,78016,156019,156020,156021,156022,156023,156026,156027,156028,156029,156030,1,-1,2,-2,1,3,1,-1,-3,-1,2,2,5,2,2,-2,-2,-5,-2,-2
0,1,26005,26008,78015,78016,78017,78020,78021,78022,156031,156032,156033,156034,156035,156038,156039,156040,156041,156042,1,-1,2,-2,1,3,1,-1,-3,-1,2,2,5,2,2,-2,-2,-5,-2,-2
0,1,26007,26010,78021,78022,78023,78026,78027,78028,156043,156044,156045,156046,156047,156050,156051,156052,156053,156054,1,-1,2,-2,1,3,1,-1,-3,-1,2,2,5,2,2,-2,-2,-5,-2,-2
0,1,26009,26012,78027,78028,78029,78032,78033,78034,156055,156056,156057,156058,156059,156062,156063,156064,156065,156066,1,-1,2,-2,1,3,1,-1,-3,-1,2,2,5,2,2,-2,-2,-5,-2,-2
0,1,26011,26014,78033,78034,78035,78038,78039,78040,156067,156068,156069,156070,156071,156074,156075,156076,156077,156078,1,-1,2,-2,1,3,1,-1,-3,-1,2,2,5,2,2,-2,-2,-5,-2,-2
0,1,26013,26016,78039,78040,78041,78044,78045,78046,156079,156080,156081,156082,156083,156086,156087,156088,156089,156090,1,-1,2,-2,1,3,1,-1,-3,-1,2,2,5,2,2,-2,-2,-5,-2,-2
0,1,26015,26018,78045,78046,78047,78050,78051,78052,156091,156092,156093,156094,156095,156098,156099,156100,156101,156102,1,-1,2,-2,1,3,1,-1,-3,-1,2,2,5,2,2,-2,-2,-5,-2,-2
0,1,26017,26020,78051,78052,78053,78056,78057,78058,156103,156104,156105,156106,156107,156110,156111,156112,156113,156114,1,-1,2,-2,1,3,1,-1,-3,-1,2,2,5,2,2,-2,-2,-5,-2,-2
0,1,26019,26022,78057,78058,78059,78062,78063,78064,156115,156116,156117,156118,156119,156122,156123,156124,156125,156126,1,-1,2,-2,1,3,1,-1,-3,-1,2,2,5,2,2,-2,-2,-5,-2,-2
0,1,26021,26024,78063,78064,78065,78068,78069,78070,156127,156128,156129,156130,156131,156134,156135,156136,156137,156138,1,-1,2,-2,1,3,1,-1,-3,-1,2,2,5,2,2,-2,-2,-5,-2,-2
0,1,26023,26026,78069,78070,78071,78074,78075,78076,156139,156140,156141,156142,156143,156146,156147,156148,156149,156150,1,-1,2,-2,1,3,1,-1,-3,-1,2,2,5,2,2,-2,-2,-5,-2,-2
0,1,26025,26028,78075,78076,78077,78080,78081,78082,156151,156152,156153,156154,156155,156158,156159,156160,156161,156162,1,-1,2,-2,1,3,1,-1,-3,-1,2,2,5,2,2,-2,-2,-5,-2,-2
0,1,26027,26030,78081,78082,78083,78086,78087,78088,156163,156164,156165,156166,156167,156170,156171,156172,156173,156174,1,-1,2,-2,1,3,1,-1,-3,-1,2,2,5,2,2,-2,-2,-5,-2,-2
0,1,26029,26032,78087,78088,78089,78092,78093,78094,156175,156176,156177,156178,156179,156182,156183,156184,156185,156186,1,-1,2,-2,1,3,1,-1,-3,-1,2,2,5,2,2,-2,-2,-5,-2,-2
0,1,26031,26034,78093,78094,78095,78098,78099,78100,156187,156188,156189,156190,156191,156194,156195,156196,156197,156198,1,-1,2,-2,1,3,1,-1,-3,-1,2,2,5,2,2,-2,-2,-5,-2,-2
0,1,26033,26036,78099,78100,78101,78104,78105,78106,156199,156200,156201,156202,156203,156206,156207,156208,156209,156210,1,-1,2,-2,1,3,1,-1,-3,-1,2,2,5,2,2,-2,-2,-5,-2,-2
0,1,26035,26038,78105,78106,78107,78110,78111,78112,156211,156212,156213,156214,156215,156218,156219,156220,156221,156222,1,-1,2,-2,1,3,1,-1,-3,-1,2,2,5,2,2,-2,-2,-5,-2,-2
0,1,26037,26040,78111,78112,78113,78116,78117,78118,156223,156224,156225,156226,156227,156230,156231,156232,156233,156234,1,-1,2,-2,1,3,1,-1,-3,-1,2,2,5,2,2,-2,-2,-5,-2,-2
0,1,26039,26042,78117,78118,78119,78122,78123,78124,156235,156236,156237,156238,156239,156242,156243,156244,156245,156246,1,-1,2,-2,1,3,1,-1,-3,-1,2,2,5,2,2,-2,-2,-5,-2,-2
0,1,26041,26044,78123,78124,78125,78128,78129,78130,156247,156248,156249,156250,156251,156254,156255,156256,156257,156258,1,-1,2,-2,1,3,1,-1,-3,-1,2,2,5,2,2,-2,-2,-5,-2,-2
0,1,26043,26046,78129,78130,78131,78134,78135,78136,156259,156260,156261,156262,156263,156266,156267,156268,156269,156270,1,-1,2,-2,1,3,1,-1,-3,-1,2,2,5,2,2,-2,-2,-5,-2,-2
0,1,26045,26048,78135,78136,78137,78140,78141,78142,156271,156272,156273,156274,156275,156278,156279,156280,156281,156282,1,-1,2,-2,1,3,1,-1,-3,-1,2,2,5,2,2,-2,-2,-5,-2,-2
0,1,26047,26050,78141,78142,78143,78146,78147,78148,156283,156284,156285,156286,156287,156290,156291,156292,156293,156294,1,-1,2,-2,1,3,1,-1,-3,-1,2,2,5,2,2,-2,-2,-5,-2,-2
0,1,26049,26052,78147,78148,78149,78152,78153,78154,156295,156296,156297,156298,156299,156302,156303,156304,156305,156306,1,-1,2,-2,1,3,1,-1,-3,-1,2,2,5,2,2,-2,-2,-5,-2,-2
0,1,26051,26054,78153,78154,78155,78158,78159,78160,156307,156308,156309,156310,156311,156314,156315,156316,156317,156318,1,-1,2,-2,1,3,1,-1,-3,-1,2,2,5,2,2,-2,-2,-5,-2,-2
0,1,26053,26056,78159,78160,78161,78164,78165,78166,156319,156320,156321,156322,156323,156326,156327,156328,156329,156330,1,-1,2,-2,1,3,1,-1,-3,-1,2,2,5,2,2,-2,-2,-5,-2,-2
0,1,26055,26058,78165,78166,78167,78170,78171,78172,156331,156332,156333,156334,156335,156338,156339,156340,156341,156342,1,-1,2,-2,1,3,1,-1,-3,-1,2,2,5,2,2,-2,-2,-5,-2,-2
0,1,26057,26060,78171,78172,78173,78176,78177,78178,156343,156344,156345,156346,156347,156350,156351,156352,156353,156354,1,-1,2,-2,1,3,1,-1,-3,-1,2,2,5,2,2,-2,-2,-5,-2,-2
0,1,26059,26062,78177,78178,78179,78182,78183,78184,156355,156356,156357,156358,156359,156362,156363,156364,156365,156366,1,-1,2,-2,1,3,1,-1,-3,-1,2,2,5,2,2,-2,-2,-5,-2,-2
0,1,26061,26064,78183,78184,78185,78188,78189,78190,156367,156368,156369,156370,156371,156374,156375,156376,156377,156378,1,-1,2,-2,1,3,1,-1,-3,-1,2,2,5,2,2,-2,-2,-5,-2,-2
0,1,26063,26066,78189,78190,78191,78194,78195,78196,156379,156380,156381,156382,156383,156386,156387,156388,156389,156390,1,-1,2,-2,1,3,1,-1,-3,-1,2,2,5,2,2,-2,-2,-5,-2,-2
0,1,26065,26068,78195,78196,78197,78200,78201,78202,156391,156392,156393,156394,156395,156398,156399,156400,156401,156402,1,-1,2,-2,1,3,1,-1,-3,-1,2,2,5,2,2,-2,-2,-5,-2,-2
0,1,26067,26070,78201,78202,78203,78206,78207,78208,156403,156404,156405,156406,156407,156410,156411,156412,156413,156414,1,-1,2,-2,1,3,1,-1,-3,-1,2,2,5,2,2,-2,-2,-5,-2,-2
0,1,26069,26072,78207,78208,78209,78212,78213,78214,156415,156416,156417,156418,156419,156422,156423,156424,156425,156426,1,-1,2,-2,1,3,1,-1,-3,-1,2,2,5,2,2,-2,-2,-5,-2,-2
0,1,26071,26074,78213,78214,78215,78218,78219,78220,156427,156428,156429,156430,156431,156434,156435,156436,156437,156438,1,-1,2,-2,1,3,1,-1,-3,-1,2,2,5,2,2,-2,-2,-5,-2,-2
0,1,26073,26076,78219,78220,78221,78224,78225,78226,156439,156440,156441,156442,156443,156446,156447,156448,156449,156450,1,-1,2,-2,1,3,1,-1,-3,-1,2,2,5,2,2,-2,-2,-5,-2,-2
0,1,26075,26078,78225,78226,78227,78230,78231,78232,156451,156452,156453,156454,156455,156458,156459,156460,156461,156462,1,-1,2,-2,1,3,1,-1,-3,-1,2,2,5,2,2,-2,-2,-5,-2,-2
0,1,26077,26080,78231,78232,78233,78236,78237,78238,156463,156464,156465,156466,156467,156470,156471,156472,156473,156474,1,-1,2,-2,1,3,1,-1,-3,-1,2,2,5,2,2,-2,-2,-5,-2,-2
0,1,26079,26082,78237,78238,78239,78242,78243,78244,156475,156476,156477,156478,156479,156482,156483,156484,156485,156486,1,-1,2,-2,1,3,1,-1,-3,-1,2,2,5,2,2,-2,-2,-5,-2,-2
0,1,26081,26084,78243,78244,78245,78248,78249,78250,156487,156488,156489,156490,156491,156494,156495,156496,156497,156498,1,-1,2,-2,1,3,1,-1,-3,-1,2,2,5,2,2,-2,-2,-5,-2,-2
0,1,26083,26086,78249,78250,78251,78254,78255,78256,156499,156500,156501,156502,156503,156506,156507,156508,156509,156510,1,-1,2,-2,1,3,1,-1,-3,-1,2,2,5,2,2,-2,-2,-5,-2,-2
0,1,26085,26088,78255,78256,78257,78260,78261,78262,156511,156512,156513,156514,156515,156518,156519,156520,156521,156522,1,-1,2,-2,1,3,1,-1,-3,-1,2,2,5,2,2,-2,-2,-5,-2,-2
0,1,26087,26090,78261,78262,78263,78266,78267,78268,156523,156524,156525,156526,156527,156530,156531,156532,156533,156534,1,-1,2,-2,1,3,1,-1,-3,-1,2,2,5,2,2,-2,-2,-5,-2,-2
0,1,26089,26092,78267,78268,78269,78272,78273,78274,156535,156536,156537,156538,156539,156542,156543,156544,156545,156546,1,-1,2,-2,1,3,1,-1,-3,-1,2,2,5,2,2,-2,-2,-5,-2,-2
0,1,26091,26094,78273,78274,78275,78278,78279,78280,156547,156548,156549,156550,156551,156554,156555,156556,156557,156558,1,-1,2,-2,1,3,1,-1,-3,-1,2,2,5,2,2,-2,-2,-5,-2,-2
0,1,26093,26096,78279,78280,78281,78284,78285,78286,156559,156560,156561,156562,156563,156566,156567,156568,156569,156570,1,-1,2,-2,1,3,1,-1,-3,-1,2,2,5,2,2,-2,-2,-5,-2,-2
0,1,26095,26098,78285,78286,78287,78290,78291,78292,156571,156572,156573,156574,156575,156578,156579,156580,156581,156582,1,-1,2,-2,1,3,1,-1,-3,-1,2,2,5,2,2,-2,-2,-5,-2,-2
0,1,26097,26100,78291,78292,78293,78296,78297,78298,156583,156584,156585,156586,156587,156590,156591,156592,156593,156594,1,-1,2,-2,1,3,1,-1,-3,-1,2,2,5,2,2,-2,-2,-5,-2,-2
0,1,26099,26102,78297,78298,78299,78302,78303,78304,156595,156596,156597,156598,156599,156602,156603,156604,156605,156606,1,-1,2,-2,1,3,1,-1,-3,-1,2,2,5,2,2,-2,-2,-5,-2,-2
0,1,26101,26104,78303,78304,78305,78308,78309,78310,156607,156608,156609,156610,156611,156614,156615,156616,156617,156618,1,-1,2,-2,1,3,1,-1,-3,-1,2,2,5,2,2,-2,-2,-5,-2,-2
0,1,26103,26106,78309,78310,78311,78314,78315,78316,156619,156620,156621,156622,156623,156626,156627,156628,156629,156630,1,-1,2,-2,1,3,1,-1,-3,-1,2,2,5,2,2,-2,-2,-5,-2,-2
0,1,26105,26108,78315,78316,78317,78320,78321,78322,156631,156632,156633,156634,156635,156638,156639,156640,156641,156642,1,-1,2,-2,1,3,1,-1,-3,-1,2,2,5,2,2,-2,-2,-5,-2,-2
0,1,26107,26110,78321,78322,78323,78326,78327,78328,156643,156644,156645,156646,156647,156650,156651,156652,156653,156654,1,-1,2,-2,1,3,1,-1,-3,-1,2,2,5,2,2,-2,-2,-5,-2,-2
0,1,26109,26112,78327,78328,78329,78332,78333,78334,156655,156656,156657,156658,156659,156662,156663,156664,156665,156666,1,-1,2,-2,1,3,1,-1,-3,-1,2,2,5,2,2,-2,-2,-5,-2,-2
0,1,26111,26114,78333,78334,78335,78338,78339,78340,156667,156668,156669,156670,156671,156674,156675,156676,156677,156678,1,-1,2,-2,1,3,1,-1,-3,-1,2,2,5,2,2,-2,-2,-5,-2,-2
0,1,26113,26116,78339,78340,78341,78344,78345,78346,156679,156680,156681,156682,156683,156686,156687,156688,156689,156690,1,-1,2,-2,1,3,1,-1,-3,-1,2,2,5,2,2,-2,-2,-5,-2,-2
0,1,26115,26118,78345,78346,78347,78350,78351,78352,156691,156692,156693,156694,156695,156698,156699,156700,156701,156702,1,-1,2,-2,1,3,1,-1,-3,-1,2,2,5,2,2,-2,-2,-5,-2,-2
0,1,26117,26120,78351,78352,78353,78356,78357,78358,156703,156704,156705,156706,156707,156710,156711,156712,156713,156714,1,-1,2,-2,1,3,1,-1,-3,-1,2,2,5,2,2,-2,-2,-5,-2,-2
0,1,26119,26122,78357,78358,78359,78362,78363,78364,156715,156716,156717,156718,156719,156722,156723,156724,156725,156726,1,-1,2,-2,1,3,1,-1,-3,-1,2,2,5,2,2,-2,-2,-5,-2,-2
0,1,26121,26124,78363,78364,78365,78368,78369,78370,156727,156728,156729,156730,156731,156734,156735,156736,156737,156738,1,-1,2,-2,1,3,1,-1,-3,-1,2,2,5,2,2,-2,-2,-5,-2,-2
0,1,26123,26126,78369,78370,78371,78374,78375,78376,156739,156740,156741,156742,156743,156746,156747,156748,156749,156750,1,-1,2,-2,1,3,1,-1,-3,-1,2,2,5,2,2,-2,-2,-5,-2,-2
0,1,26125,26128,78375,78376,78377,78380,78381,78382,156751,156752,156753,156754,156755,156758,156759,156760,156761,156762,1,-1,2,-2,1,3,1,-1,-3,-1,2,2,5,2,2,-2,-2,-5,-2,-2
0,1,26127,26130,78381,78382,78383,78386,78387,78388,156763,156764,156765,156766,156767,156770,156771,156772,156773,156774,1,-1,2,-2,1,3,1,-1,-3,-1,2,2,5,2,2,-2,-2,-5,-2,-2
0,1,26129,26132,78387,78388,78389,78392,78393,78394,156775,156776,156777,156778,156779,156782,156783,156784,156785,156786,1,-1,2,-2,1,3,1,-1,-3,-1,2,2,5,2,2,-2,-2,-5,-2,-2
0,1,26131,26134,78393,78394,78395,78398,78399,78400,156787,156788,156789,156790,156791,156794,156795,156796,156797,156798,1,-1,2,-2,1,3,1,-1,-3,-1,2,2,5,2,2,-2,-2,-5,-2,-2
0,1,26133,26136,78399,78400,78401,78404,78405,78406,156799,156800,156801,156802,156803,156806,156807,156808,156809,156810,1,-1,2,-2,1,3,1,-1,-3,-1,2,2,5,2,2,-2,-2,-5,-2,-2
0,1,26135,26138,78405,78406,78407,78410,78411,78412,156811,156812,156813,156814,156815,156818,156819,156820,156821,156822,1,-1,2,-2,1,3,1,-1,-3,-1,2,2,5,2,2,-2,-2,-5,-2,-2
0,1,26137,26140,78411,78412,78413,78416,78417,78418,156823,156824,156825,156826,156827,156830,156831,156832,156833,156834,1,-1,2,-2,1,3,1,-1,-3,-1,2,2,5,2,2,-2,-2,-5,-2,-2
0,1,26139,26142,78417,78418,78419,78422,78423,78424,156835,156836,156837,156838,156839,156842,156843,156844,156845,156846,1,-1,2,-2,1,3,1,-1,-3,-1,2,2,5,2,2,-2,-2,-5,-2,-2
0,1,26141,26144,78423,78424,78425,78428,78429,78430,156847,156848,156849,156850,156851,156854,156855,156856,156857,156858,1,-1,2,-2,1,3,1,-1,-3,-1,2,2,5,2,2,-2,-2,-5,-2,-2
0,1,26143,26146,78429,78430,78431,78434,78435,78436,156859,156860,156861,156862,156863,156866,156867,156868,156869,156870,1,-1,2,-2,1,3,1,-1,-3,-1,2,2,5,2,2,-2,-2,-5,-2,-2
0,1,26145,26148,78435,78436,78437,78440,78441,78442,156871,156872,156873,156874,156875,156878,156879,156880,156881,156882,1,-1,2,-2,1,3,1,-1,-3,-1,2,2,5,2,2,-2,-2,-5,-2,-2
0,1,26147,26150,78441,78442,78443,78446,78447,78448,156883,156884,156885,156886,156887,156890,156891,156892,156893,156894,1,-1,2,-2,1,3,1,-1,-3,-1,2,2,5,2,2,-2,-2,-5,-2,-2
0,1,26149,26152,78447,78448,78449,78452,78453,78454,156895,156896,156897,156898,156899,156902,156903,156904,156905,156906,1,-1,2,-2,1,3,1,-1,-3,-1,2,2,5,2,2,-2,-2,-5,-2,-2
0,1,26151,26154,78453,78454,78455,78458,78459,78460,156907,156908,156909,156910,156911,156914,156915,156916,156917,156918,1,-1,2,-2,1,3,1,-1,-3,-1,2,2,5,2,2,-2,-2,-5,-2,-2
0,1,26153,26156,78459,78460,78461,78464,78465,78466,156919,156920,156921,156922,156923,156926,156927,156928,156929,156930,1,-1,2,-2,1,3,1,-1,-3,-1,2,2,5,2,2,-2,-2,-5,-2,-2
0,1,26155,26158,78465,78466,78467,78470,78471,78472,156931,156932,156933,156934,156935,156938,156939,156940,156941,156942,1,-1,2,-2,1,3,1,-1,-3,-1,2,2,5,2,2,-2,-2,-5,-2,-2
0,1,26157,26160,78471,78472,78473,78476,78477,78478,156943,156944,156945,156946,156947,156950,156951,156952,156953,156954,1,-1,2,-2,1,3,1,-1,-3,-1,2,2,5,2,2,-2,-2,-5,-2,-2
0,1,26159,26162,78477,78478,78479,78482,78483,78484,156955,156956,156957,156958,156959,156962,156963,156964,156965,156966,1,-1,2,-2,1,3,1,-1,-3,-1,2,2,5,2,2,-2,-2,-5,-2,-2
0,1,26161,26164,78483,78484,78485,78488,78489,78490,156967,156968,156969,156970,156971,156974,156975,156976,156977,156978,1,-1,2,-2,1,3,1,-1,-3,-1,2,2,5,2,2,-2,-2,-5,-2,-2
0,1,26163,26166,78489,78490,78491,78494,78495,78496,156979,156980,156981,156982,156983,156986,156987,156988,156989,156990,1,-1,2,-2,1,3,1,-1,-3,-1,2,2,5,2,2,-2,-2,-5,-2,-2
0,1,26165,26168,78495,78496,78497,78500,78501,78502,156991,156992,156993,156994,156995,156998,156999,157000,157001,157002,1,-1,2,-2,1,3,1,-1,-3,-1,2,2,5,2,2,-2,-2,-5,-2,-2
0,1,26167,26170,78501,78502,78503,78506,78507,78508,157003,157004,157005,157006,157007,157010,157011,157012,157013,157014,1,-1,2,-2,1,3,1,-1,-3,-1,2,2,5,2,2,-2,-2,-5,-2,-2
0,1,26169,26172,78507,78508,78509,78512,78513,78514,157015,157016,157017,157018,157019,157022,157023,157024,157025,157026,1,-1,2,-2,1,3,1,-1,-3,-1,2,2,5,2,2,-2,-2,-5,-2,-2
0,1,26171,26174,78513,78514,78515,78518,78519,78520,157027,157028,157029,157030,157031,157034,157035,157036,157037,157038,1,-1,2,-2,1,3,1,-1,-3,-1,2,2,5,2,2,-2,-2,-5,-2,-2
0,1,26173,26176,78519,78520,78521,78524,78525,78526,157039,157040,157041,157042,157043,157046,157047,157048,157049,157050,1,-1,2,-2,1,3,1,-1,-3,-1,2,2,5,2,2,-2,-2,-5,-2,-2
0,1,26175,26178,78525,78526,78527,78530,78531,78532,157051,157052,157053,157054,157055,157058,157059,157060,157061,157062,1,-1,2,-2,1,3,1,-1,-3,-1,2,2,5,2,2,-2,-2,-5,-2,-2
0,1,26177,26180,78531,78532,78533,78536,78537,78538,157063,157064,157065,157066,157067,157070,157071,157072,157073,157074,1,-1,2,-2,1,3,1,-1,-3,-1,2,2,5,2,2,-2,-2,-5,-2,-2
0,1,26179,26182,78537,78538,78539,78542,78543,78544,157075,157076,157077,157078,157079,157082,157083,157084,157085,157086,1,-1,2,-2,1,3,1,-1,-3,-1,2,2,5,2,2,-2,-2,-5,-2,-2
0,1,26181,26184,78543,78544,78545,78548,78549,78550,157087,157088,157089,157090,157091,157094,157095,157096,157097,157098,1,-1,2,-2,1,3,1,-1,-3,-1,2,2,5,2,2,-2,-2,-5,-2,-2
0,1,26183,26186,78549,78550,78551,78554,78555,78556,157099,157100,157101,157102,157103,157106,157107,157108,157109,157110,1,-1,2,-2,1,3,1,-1,-3,-1,2,2,5,2,2,-2,-2,-5,-2,-2
0,1,26185,26188,78555,78556,78557,78560,78561,78562,157111,157112,157113,157114,157115,157118,157119,157120,157121,157122,1,-1,2,-2,1,3,1,-1,-3,-1,2,2,5,2,2,-2,-2,-5,-2,-2
0,1,26187,26190,78561,78562,78563,78566,78567,78568,157123,157124,157125,157126,157127,157130,157131,157132,157133,157134,1,-1,2,-2,1,3,1,-1,-3,-1,2,2,5,2,2,-2,-2,-5,-2,-2
0,1,26189,26192,78567,78568,78569,78572,78573,78574,157135,157136,157137,157138,157139,157142,157143,157144,157145,157146,1,-1,2,-2,1,3,1,-1,-3,-1,2,2,5,2,2,-2,-2,-5,-2,-2
0,1,26191,26194,78573,78574,78575,78578,78579,78580,157147,157148,157149,157150,157151,157154,157155,157156,157157,157158,1,-1,2,-2,1,3,1,-1,-3,-1,2,2,5,2,2,-2,-2,-5,-2,-2
0,1,26193,26196,78579,78580,78581,78584,78585,78586,157159,157160,157161,157162,157163,157166,157167,157168,157169,157170,1,-1,2,-2,1,3,1,-1,-3,-1,2,2,5,2,2,-2,-2,-5,-2,-2
0,1,26195,26198,78585,78586,78587,78590,78591,78592,157171,157172,157173,157174,157175,157178,157179,157180,157181,157182,1,-1,2,-2,1,3,1,-1,-3,-1,2,2,5,2,2,-2,-2,-5,-2,-2
0,1,26197,26200,78591,78592,78593,78596,78597,78598,157183,157184,157185,157186,157187,157190,157191,157192,157193,157194,1,-1,2,-2,1,3,1,-1,-3,-1,2,2,5,2,2,-2,-2,-5,-2,-2
0,1,26199,26202,78597,78598,78599,78602,78603,78604,157195,157196,157197,157198,157199,157202,157203,157204,157205,157206,1,-1,2,-2,1,3,1,-1,-3,-1,2,2,5,2,2,-2,-2,-5,-2,-2
0,1,26201,26204,78603,78604,78605,78608,78609,78610,157207,157208,157209,157210,157211,157214,157215,157216,157217,157218,1,-1,2,-2,1,3,1,-1,-3,-1,2,2,5,2,2,-2,-2,-5,-2,-2
0,1,26203,26206,78609,78610,78611,78614,78615,78616,157219,157220,157221,157222,157223,157226,157227,157228,157229,157230,1,-1,2,-2,1,3,1,-1,-3,-1,2,2,5,2,2,-2,-2,-5,-2,-2
0,1,26205,26208,78615,78616,78617,78620,78621,78622,157231,157232,157233,157234,157235,157238,157239,157240,157241,157242,1,-1,2,-2,1,3,1,-1,-3,-1,2,2,5,2,2,-2,-2,-5,-2,-2
0,1,26207,26210,78621,78622,78623,78626,78627,78628,157243,157244,157245,157246,157247,157250,157251,157252,157253,157254,1,-1,2,-2,1,3,1,-1,-3,-1,2,2,5,2,2,-2,-2,-5,-2,-2
0,1,26209,26212,78627,78628,78629,78632,78633,78634,157255,157256,157257,157258,157259,157262,157263,157264,157265,157266,1,-1,2,-2,1,3,1,-1,-3,-1,2,2,5,2,2,-2,-2,-5,-2,-2
0,1,26211,26214,78633,78634,78635,78638,78639,78640,157267,157268,157269,157270,157271,157274,157275,157276,157277,157278,1,-1,2,-2,1,3,1,-1,-3,-1,2,2,5,2,2,-2,-2,-5,-2,-2
0,1,26213,26216,78639,78640,78641,78644,78645,78646,157279,157280,157281,157282,157283,157286,157287,157288,157289,157290,1,-1,2,-2,1,3,1,-1,-3,-1,2,2,5,2,2,-2,-2,-5,-2,-2
0,1,26215,26218,78645,78646,78647,78650,78651,78652,157291,157292,157293,157294,157295,157298,157299,157300,157301,157302,1,-1,2,-2,1,3,1,-1,-3,-1,2,2,5,2,2,-2,-2,-5,-2,-2
0,1,26217,26220,78651,78652,78653,78656,78657,78658,157303,157304,157305,157306,157307,157310,157311,157312,157313,157314,1,-1,2,-2,1,3,1,-1,-3,-1,2,2,5,2,2,-2,-2,-5,-2,-2
0,1,26219,26222,78657,78658,78659,78662,78663,78664,157315,157316,157317,157318,157319,157322,157323,157324,157325,157326,1,-1,2,-2,1,3,1,-1,-3,-1,2,2,5,2,2,-2,-2,-5,-2,-2
0,1,26221,26224,78663,78664,78665,78668,78669,78670,157327,157328,157329,157330,157331,157334,157335,157336,157337,157338,1,-1,2,-2,1,3,1,-1,-3,-1,2,2,5,2,2,-2,-2,-5,-2,-2
0,1,26223,26226,78669,78670,78671,78674,78675,78676,157339,157340,157341,157342,157343,157346,157347,157348,157349,157350,1,-1,2,-2,1,3,1,-1,-3,-1,2,2,5,2,2,-2,-2,-5,-2,-2
0,1,26225,26228,78675,78676,78677,78680,78681,78682,157351,157352,157353,157354,157355,157358,157359,157360,157361,157362,1,-1,2,-2,1,3,1,-1,-3,-1,2,2,5,2,2,-2,-2,-5,-2,-2
0,1,26227,26230,78681,78682,78683,78686,78687,78688,157363,157364,157365,157366,157367,157370,157371,157372,157373,157374,1,-1,2,-2,1,3,1,-1,-3,-1,2,2,5,2,2,-2,-2,-5,-2,-2
0,1,26229,26232,78687,78688,78689,78692,78693,78694,157375,157376,157377,157378,157379,157382,157383,157384,157385,157386,1,-1,2,-2,1,3,1,-1,-3,-1,2,2,5,2,2,-2,-2,-5,-2,-2
0,1,26231,26234,78693,78694,78695,78698,78699,78700,157387,157388,157389,157390,157391,157394,157395,157396,157397,157398,1,-1,2,-2,1,3,1,-1,-3,-1,2,2,5,2,2,-2,-2,-5,-2,-2
0,1,26233,26236,78699,78700,78701,78704,78705,78706,157399,157400,157401,157402,157403,157406,157407,157408,157409,157410,1,-1,2,-2,1,3,1,-1,-3,-1,2,2,5,2,2,-2,-2,-5,-2,-2
0,1,26235,26238,78705,78706,78707,78710,78711,78712,157411,157412,157413,157414,157415,157418,157419,157420,157421,157422,1,-1,2,-2,1,3,1,-1,-3,-1,2,2,5,2,2,-2,-2,-5,-2,-2
0,1,26237,26240,78711,78712,78713,78716,78717,78718,157423,157424,157425,157426,157427,157430,157431,157432,157433,157434,1,-1,2,-2,1,3,1,-1,-3,-1,2,2,5,2,2,-2,-2,-5,-2,-2
0,1,26239,26242,78717,78718,78719,78722,78723,78724,157435,157436,157437,157438,157439,157442,157443,157444,157445,157446,1,-1,2,-2,1,3,1,-1,-3,-1,2,2,5,2,2,-2,-2,-5,-2,-2
0,1,26241,26244,78723,78724,78725,78728,78729,78730,157447,157448,157449,157450,157451,157454,157455,157456,157457,157458,1,-1,2,-2,1,3,1,-1,-3,-1,2,2,5,2,2,-2,-2,-5,-2,-2
0,1,26243,26246,78729,78730,78731,78734,78735,78736,157459,157460,157461,157462,157463,157466,157467,157468,157469,157470,1,-1,2,-2,1,3,1,-1,-3,-1,2,2,5,2,2,-2,-2,-5,-2,-2
0,1,26245,26248,78735,78736,78737,78740,78741,78742,157471,157472,157473,157474,157475,157478,157479,157480,157481,157482,1,-1,2,-2,1,3,1,-1,-3,-1,2,2,5,2,2,-2,-2,-5,-2,-2
0,1,26247,26250,78741,78742,78743,78746,78747,78748,157483,157484,157485,157486,157487,157490,157491,157492,157493,157494,1,-1,2,-2,1,3,1,-1,-3,-1,2,2,5,2,2,-2,-2,-5,-2,-2
0,1,26249,26252,78747,78748,78749,78752,78753,78754,157495,157496,157497,157498,157499,157502,157503,157504,157505,157506,1,-1,2,-2,1,3,1,-1,-3,-1,2,2,5,2,2,-2,-2,-5,-2,-2
0,1,26251,26254,78753,78754,78755,78758,78759,78760,157507,157508,157509,157510,157511,157514,157515,157516,157517,157518,1,-1,2,-2,1,3,1,-1,-3,-1,2,2,5,2,2,-2,-2,-5,-2,-2
0,1,26253,26256,78759,78760,78761,78764,78765,78766,157519,157520,157521,157522,157523,157526,157527,157528,157529,157530,1,-1,2,-2,1,3,1,-1,-3,-1,2,2,5,2,2,-2,-2,-5,-2,-2
0,1,26255,26258,78765,78766,78767,78770,78771,78772,157531,157532,157533,157534,157535,157538,157539,157540,157541,157542,1,-1,2,-2,1,3,1,-1,-3,-1,2,2,5,2,2,-2,-2,-5,-2,-2
0,1,26257,26260,78771,78772,78773,78776,78777,78778,157543,157544,157545,157546,157547,157550,157551,157552,157553,157554,1,-1,2,-2,1,3,1,-1,-3,-1,2,2,5,2,2,-2,-2,-5,-2,-2
0,1,26259,26262,78777,78778,78779,78782,78783,78784,157555,157556,157557,157558,157559,157562,157563,157564,157565,157566,1,-1,2,-2,1,3,1,-1,-3,-1,2,2,5,2,2,-2,-2,-5,-2,-2
0,1,26261,26264,78783,78784,78785,78788,78789,78790,157567,157568,157569,157570,157571,157574,157575,157576,157577,157578,1,-1,2,-2,1,3,1,-1,-3,-1,2,2,5,2,2,-2,-2,-5,-2,-2
0,1,26263,26266,78789,78790,78791,78794,78795,78796,157579,157580,157581,157582,157583,157586,157587,157588,157589,157590,1,-1,2,-2,1,3,1,-1,-3,-1,2,2,5,2,2,-2,-2,-5,-2,-2
0,1,26265,26268,78795,78796,78797,78800,78801,78802,157591,157592,157593,157594,157595,157598,157599,157600,157601,157602,1,-1,2,-2,1,3,1,-1,-3,-1,2,2,5,2,2,-2,-2,-5,-2,-2
0,1,26267,26270,78801,78802,78803,78806,78807,78808,157603,157604,157605,157606,157607,157610,157611,157612,157613,157614,1,-1,2,-2,1,3,1,-1,-3,-1,2,2,5,2,2,-2,-2,-5,-2,-2
0,1,26269,26272,78807,78808,78809,78812,78813,78814,157615,157616,157617,157618,157619,157622,157623,157624,157625,157626,1,-1,2,-2,1,3,1,-1,-3,-1,2,2,5,2,2,-2,-2,-5,-2,-2
0,1,26271,26274,78813,78814,78815,78818,78819,78820,157627,157628,157629,157630,157631,157634,157635,157636,157637,157638,1,-1,2,-2,1,3,1,-1,-3,-1,2,2,5,2,2,-2,-2,-5,-2,-2
0,1,26273,26276,78819,78820,78821,78824,78825,78826,157639,157640,157641,157642,157643,157646,157647,157648,157649,157650,1,-1,2,-2,1,3,1,-1,-3,-1,2,2,5,2,2,-2,-2,-5,-2,-2
0,1,26275,26278,78825,78826,78827,78830,78831,78832,157651,157652,157653,157654,157655,157658,157659,157660,157661,157662,1,-1,2,-2,1,3,1,-1,-3,-1,2,2,5,2,2,-2,-2,-5,-2,-2
0,1,26277,26280,78831,78832,78833,78836,78837,78838,157663,157664,157665,157666,157667,157670,157671,157672,157673,157674,1,-1,2,-2,1,3,1,-1,-3,-1,2,2,5,2,2,-2,-2,-5,-2,-2
0,1,26279,26282,78837,78838,78839,78842,78843,78844,157675,157676,157677,157678,157679,157682,157683,157684,157685,157686,1,-1,2,-2,1,3,1,-1,-3,-1,2,2,5,2,2,-2,-2,-5,-2,-2
0,1,26281,26284,78843,78844,78845,78848,78849,78850,157687,157688,157689,157690,157691,157694,157695,157696,157697,157698,1,-1,2,-2,1,3,1,-1,-3,-1,2,2,5,2,2,-2,-2,-5,-2,-2
0,1,26283,26286,78849,78850,78851,78854,78855,78856,157699,157700,157701,157702,157703,157706,157707,157708,157709,157710,1,-1,2,-2,1,3,1,-1,-3,-1,2,2,5,2,2,-2,-2,-5,-2,-2
0,1,26285,26288,78855,78856,78857,78860,78861,78862,157711,157712,157713,157714,157715,157718,157719,157720,157721,157722,1,-1,2,-2,1,3,1,-1,-3,-1,2,2,5,2,2,-2,-2,-5,-2,-2
0,1,26287,26290,78861,78862,78863,78866,78867,78868,157723,157724,157725,157726,157727,157730,157731,157732,157733,157734,1,-1,2,-2,1,3,1,-1,-3,-1,2,2,5,2,2,-2,-2,-5,-2,-2
0,1,26289,26292,78867,78868,78869,78872,78873,78874,157735,157736,157737,157738,157739,157742,157743,157744,157745,157746,1,-1,2,-2,1,3,1,-1,-3,-1,2,2,5,2,2,-2,-2,-5,-2,-2
0,1,26291,26294,78873,78874,78875,78878,78879,78880,157747,157748,157749,157750,157751,157754,157755,157756,157757,157758,1,-1,2,-2,1,3,1,-1,-3,-1,2,2,5,2,2,-2,-2,-5,-2,-2
0,1,26293,26296,78879,78880,78881,78884,78885,78886,157759,157760,157761,157762,157763,157766,157767,157768,157769,157770,1,-1,2,-2,1,3,1,-1,-3,-1,2,2,5,2,2,-2,-2,-5,-2,-2
0,1,26295,26298,78885,78886,78887,78890,78891,78892,157771,157772,157773,157774,157775,157778,157779,157780,157781,157782,1,-1,2,-2,1,3,1,-1,-3,-1,2,2,5,2,2,-2,-2,-5,-2,-2
0,1,26297,26300,78891,78892,78893,78896,78897,78898,157783,157784,157785,157786,157787,157790,157791,157792,157793,157794,1,-1,2,-2,1,3,1,-1,-3,-1,2,2,5,2,2,-2,-2,-5,-2,-2
0,1,26299,26302,78897,78898,78899,78902,78903,78904,157795,157796,157797,157798,157799,157802,157803,157804,157805,157806,1,-1,2,-2,1,3,1,-1,-3,-1,2,2,5,2,2,-2,-2,-5,-2,-2
0,1,26301,26304,78903,78904,78905,78908,78909,78910,157807,157808,157809,157810,157811,157814,157815,157816,157817,157818,1,-1,2,-2,1,3,1,-1,-3,-1,2,2,5,2,2,-2,-2,-5,-2,-2
0,1,26303,26306,78909,78910,78911,78914,78915,78916,157819,157820,157821,157822,157823,157826,157827,157828,157829,157830,1,-1,2,-2,1,3,1,-1,-3,-1,2,2,5,2,2,-2,-2,-5,-2,-2
0,1,26305,26308,78915,78916,78917,78920,78921,78922,157831,157832,157833,157834,157835,157838,157839,157840,157841,157842,1,-1,2,-2,1,3,1,-1,-3,-1,2,2,5,2,2,-2,-2,-5,-2,-2
0,1,26307,26310,78921,78922,78923,78926,78927,78928,157843,157844,157845,157846,157847,157850,157851,157852,157853,157854,1,-1,2,-2,1,3,1,-1,-3,-1,2,2,5,2,2,-2,-2,-5,-2,-2
0,1,26309,26312,78927,78928,78929,78932,78933,78934,157855,157856,157857,157858,157859,157862,157863,157864,157865,157866,1,-1,2,-2,1,3,1,-1,-3,-1,2,2,5,2,2,-2,-2,-5,-2,-2
0,1,26311,26314,78933,78934,78935,78938,78939,78940,157867,157868,157869,157870,157871,157874,157875,157876,157877,157878,1,-1,2,-2,1,3,1,-1,-3,-1,2,2,5,2,2,-2,-2,-5,-2,-2
0,1,26313,26316,78939,78940,78941,78944,78945,78946,157879,157880,157881,157882,157883,157886,157887,157888,157889,157890,1,-1,2,-2,1,3,1,-1,-3,-1,2,2,5,2,2,-2,-2,-5,-2,-2
0,1,26315,26318,78945,78946,78947,78950,78951,78952,157891,157892,157893,157894,157895,157898,157899,157900,157901,157902,1,-1,2,-2,1,3,1,-1,-3,-1,2,2,5,2,2,-2,-2,-5,-2,-2
0,1,26317,26320,78951,78952,78953,78956,78957,78958,157903,157904,157905,157906,157907,157910,157911,157912,157913,157914,1,-1,2,-2,1,3,1,-1,-3,-1,2,2,5,2,2,-2,-2,-5,-2,-2
0,1,26319,26322,78957,78958,78959,78962,78963,78964,157915,157916,157917,157918,157919,157922,157923,157924,157925,157926,1,-1,2,-2,1,3,1,-1,-3,-1,2,2,5,2,2,-2,-2,-5,-2,-2
0,1,26321,26324,78963,78964,78965,78968,78969,78970,157927,157928,157929,157930,157931,157934,157935,157936,157937,157938,1,-1,2,-2,1,3,1,-1,-3,-1,2,2,5,2,2,-2,-2,-5,-2,-2
0,1,26323,26326,78969,78970,78971,78974,78975,78976,157939,157940,157941,157942,157943,157946,157947,157948,157949,157950,1,-1,2,-2,1,3,1,-1,-3,-1,2,2,5,2,2,-2,-2,-5,-2,-2
0,1,26325,26328,78975,78976,78977,78980,78981,78982,157951,157952,157953,157954,157955,157958,157959,157960,157961,157962,1,-1,2,-2,1,3,1,-1,-3,-1,2,2,5,2,2,-2,-2,-5,-2,-2
0,1,26327,26330,78981,78982,78983,78986,78987,78988,157963,157964,157965,157966,157967,157970,157971,157972,157973,157974,1,-1,2,-2,1,3,1,-1,-3,-1,2,2,5,2,2,-2,-2,-5,-2,-2
0,1,26329,26332,78987,78988,78989,78992,78993,78994,157975,157976,157977,157978,157979,157982,157983,157984,157985,157986,1,-1,2,-2,1,3,1,-1,-3,-1,2,2,5,2,2,-2,-2,-5,-2,-2
0,1,26331,26334,78993,78994,78995,78998,78999,79000,157987,157988,157989,157990,157991,157994,157995,157996,157997,157998,1,-1,2,-2,1,3,1,-1,-3,-1,2,2,5,2,2,-2,-2,-5,-2,-2
0,1,26333,26336,78999,79000,79001,79004,79005,79006,157999,158000,158001,158002,158003,158006,158007,158008,158009,158010,1,-1,2,-2,1,3,1,-1,-3,-1,2,2,5,2,2,-2,-2,-5,-2,-2
0,1,26335,26338,79005,79006,79007,79010,79011,79012,158011,158012,158013,158014,158015,158018,158019,158020,158021,158022,1,-1,2,-2,1,3,1,-1,-3,-1,2,2,5,2,2,-2,-2,-5,-2,-2
0,1,26337,26340,79011,79012,79013,79016,79017,79018,158023,158024,158025,158026,158027,158030,158031,158032,158033,158034,1,-1,2,-2,1,3,1,-1,-3,-1,2,2,5,2,2,-2,-2,-5,-2,-2
0,1,26339,26342,79017,79018,79019,79022,79023,79024,158035,158036,158037,158038,158039,158042,158043,158044,158045,158046,1,-1,2,-2,1,3,1,-1,-3,-1,2,2,5,2,2,-2,-2,-5,-2,-2
0,1,26341,26344,79023,79024,79025,79028,79029,79030,158047,158048,158049,158050,158051,158054,158055,158056,158057,158058,1,-1,2,-2,1,3,1,-1,-3,-1,2,2,5,2,2,-2,-2,-5,-2,-2
0,1,26343,26346,79029,79030,79031,79034,79035,79036,158059,158060,158061,158062,158063,158066,158067,158068,158069,158070,1,-1,2,-2,1,3,1,-1,-3,-1,2,2,5,2,2,-2,-2,-5,-2,-2
0,1,26345,26348,79035,79036,79037,79040,79041,79042,158071,158072,158073,158074,158075,158078,158079,158080,158081,158082,1,-1,2,-2,1,3,1,-1,-3,-1,2,2,5,2,2,-2,-2,-5,-2,-2
0,1,26347,26350,79041,79042,79043,79046,79047,79048,158083,158084,158085,158086,158087,158090,158091,158092,158093,158094,1,-1,2,-2,1,3,1,-1,-3,-1,2,2,5,2,2,-2,-2,-5,-2,-2
0,1,26349,26352,79047,79048,79049,79052,79053,79054,158095,158096,158097,158098,158099,158102,158103,158104,158105,158106,1,-1,2,-2,1,3,1,-1,-3,-1,2,2,5,2,2,-2,-2,-5,-2,-2
0,1,26351,26354,79053,79054,79055,79058,79059,79060,158107,158108,158109,158110,158111,158114,158115,158116,158117,158118,1,-1,2,-2,1,3,1,-1,-3,-1,2,2,5,2,2,-2,-2,-5,-2,-2
0,1,26353,26356,79059,79060,79061,79064,79065,79066,158119,158120,158121,158122,158123,158126,158127,158128,158129,158130,1,-1,2,-2,1,3,1,-1,-3,-1,2,2,5,2,2,-2,-2,-5,-2,-2
0,1,26355,26358,79065,79066,79067,79070,79071,79072,158131,158132,158133,158134,158135,158138,158139,158140,158141,158142,1,-1,2,-2,1,3,1,-1,-3,-1,2,2,5,2,2,-2,-2,-5,-2,-2
0,1,26357,26360,79071,79072,79073,79076,79077,79078,158143,158144,158145,158146,158147,158150,158151,158152,158153,158154,1,-1,2,-2,1,3,1,-1,-3,-1,2,2,5,2,2,-2,-2,-5,-2,-2
0,1,26359,26362,79077,79078,79079,79082,79083,79084,158155,158156,158157,158158,158159,158162,158163,158164,158165,158166,1,-1,2,-2,1,3,1,-1,-3,-1,2,2,5,2,2,-2,-2,-5,-2,-2
0,1,26361,26364,79083,79084,79085,79088,79089,79090,158167,158168,158169,158170,158171,158174,158175,158176,158177,158178,1,-1,2,-2,1,3,1,-1,-3,-1,2,2,5,2,2,-2,-2,-5,-2,-2
0,1,26363,26366,79089,79090,79091,79094,79095,79096,158179,158180,158181,158182,158183,158186,158187,158188,158189,158190,1,-1,2,-2,1,3,1,-1,-3,-1,2,2,5,2,2,-2,-2,-5,-2,-2
0,1,26365,26368,79095,79096,79097,79100,79101,79102,158191,158192,158193,158194,158195,158198,158199,158200,158201,158202,1,-1,2,-2,1,3,1,-1,-3,-1,2,2,5,2,2,-2,-2,-5,-2,-2
0,1,26367,26370,79101,79102,79103,79106,79107,79108,158203,158204,158205,158206,158207,158210,158211,158212,158213,158214,1,-1,2,-2,1,3,1,-1,-3,-1,2,2,5,2,2,-2,-2,-5,-2,-2
0,1,26369,26372,79107,79108,79109,79112,79113,79114,158215,158216,158217,158218,158219,158222,158223,158224,158225,158226,1,-1,2,-2,1,3,1,-1,-3,-1,2,2,5,2,2,-2,-2,-5,-2,-2
0,1,26371,26374,79113,79114,79115,79118,79119,79120,158227,158228,158229,158230,158231,158234,158235,158236,158237,158238,1,-1,2,-2,1,3,1,-1,-3,-1,2,2,5,2,2,-2,-2,-5,-2,-2
0,1,26373,26376,79119,79120,79121,79124,79125,79126,158239,158240,158241,158242,158243,158246,158247,158248,158249,158250,1,-1,2,-2,1,3,1,-1,-3,-1,2,2,5,2,2,-2,-2,-5,-2,-2
0,1,26375,26378,79125,79126,79127,79130,79131,79132,158251,158252,158253,158254,158255,158258,158259,158260,158261,158262,1,-1,2,-2,1,3,1,-1,-3,-1,2,2,5,2,2,-2,-2,-5,-2,-2
0,1,26377,26380,79131,79132,79133,79136,79137,79138,158263,158264,158265,158266,158267,158270,158271,158272,158273,158274,1,-1,2,-2,1,3,1,-1,-3,-1,2,2,5,2,2,-2,-2,-5,-2,-2
0,1,26379,26382,79137,79138,79139,79142,79143,79144,158275,158276,158277,158278,158279,158282,158283,158284,158285,158286,1,-1,2,-2,1,3,1,-1,-3,-1,2,2,5,2,2,-2,-2,-5,-2,-2
0,1,26381,26384,79143,79144,79145,79148,79149,79150,158287,158288,158289,158290,158291,158294,158295,158296,158297,158298,1,-1,2,-2,1,3,1,-1,-3,-1,2,2,5,2,2,-2,-2,-5,-2,-2
0,1,26383,26386,79149,79150,79151,79154,79155,79156,158299,158300,158301,158302,158303,158306,158307,158308,158309,158310,1,-1,2,-2,1,3,1,-1,-3,-1,2,2,5,2,2,-2,-2,-5,-2,-2
0,1,26385,26388,79155,79156,79157,79160,79161,79162,158311,158312,158313,158314,158315,158318,158319,158320,158321,158322,1,-1,2,-2,1,3,1,-1,-3,-1,2,2,5,2,2,-2,-2,-5,-2,-2
0,1,26387,26390,79161,79162,79163,79166,79167,79168,158323,158324,158325,158326,158327,158330,158331,158332,158333,158334,1,-1,2,-2,1,3,1,-1,-3,-1,2,2,5,2,2,-2,-2,-5,-2,-2
0,1,26389,26392,79167,79168,79169,79172,79173,79174,158335,158336,158337,158338,158339,158342,158343,158344,158345,158346,1,-1,2,-2,1,3,1,-1,-3,-1,2,2,5,2,2,-2,-2,-5,-2,-2
0,1,26391,26394,79173,79174,79175,79178,79179,79180,158347,158348,158349,158350,158351,158354,158355,158356,158357,158358,1,-1,2,-2,1,3,1,-1,-3,-1,2,2,5,2,2,-2,-2,-5,-2,-2
0,1,26393,26396,79179,79180,79181,79184,79185,79186,158359,158360,158361,158362,158363,158366,158367,158368,158369,158370,1,-1,2,-2,1,3,1,-1,-3,-1,2,2,5,2,2,-2,-2,-5,-2,-2
0,1,26395,26398,79185,79186,79187,79190,79191,79192,158371,158372,158373,158374,158375,158378,158379,158380,158381,158382,1,-1,2,-2,1,3,1,-1,-3,-1,2,2,5,2,2,-2,-2,-5,-2,-2
0,1,26397,26400,79191,79192,79193,79196,79197,79198,158383,158384,158385,158386,158387,158390,158391,158392,158393,158394,1,-1,2,-2,1,3,1,-1,-3,-1,2,2,5,2,2,-2,-2,-5,-2,-2
0,1,26399,26402,79197,79198,79199,79202,79203,79204,158395,158396,158397,158398,158399,158402,158403,158404,158405,158406,1,-1,2,-2,1,3,1,-1,-3,-1,2,2,5,2,2,-2,-2,-5,-2,-2
0,1,26401,26404,79203,79204,79205,79208,79209,79210,158407,158408,158409,158410,158411,158414,158415,158416,158417,158418,1,-1,2,-2,1,3,1,-1,-3,-1,2,2,5,2,2,-2,-2,-5,-2,-2
0,1,26403,26406,79209,79210,79211,79214,79215,79216,158419,158420,158421,158422,158423,158426,158427,158428,158429,158430,1,-1,2,-2,1,3,1,-1,-3,-1,2,2,5,2,2,-2,-2,-5,-2,-2
0,1,26405,26408,79215,79216,79217,79220,79221,79222,158431,158432,158433,158434,158435,158438,158439,158440,158441,158442,1,-1,2,-2,1,3,1,-1,-3,-1,2,2,5,2,2,-2,-2,-5,-2,-2
0,1,26407,26410,79221,79222,79223,79226,79227,79228,158443,158444,158445,158446,158447,158450,158451,158452,158453,158454,1,-1,2,-2,1,3,1,-1,-3,-1,2,2,5,2,2,-2,-2,-5,-2,-2
0,1,26409,26412,79227,79228,79229,79232,79233,79234,158455,158456,158457,158458,158459,158462,158463,158464,158465,158466,1,-1,2,-2,1,3,1,-1,-3,-1,2,2,5,2,2,-2,-2,-5,-2,-2
0,1,26411,26414,79233,79234,79235,79238,79239,79240,158467,158468,158469,158470,158471,158474,158475,158476,158477,158478,1,-1,2,-2,1,3,1,-1,-3,-1,2,2,5,2,2,-2,-2,-5,-2,-2
0,1,26413,26416,79239,79240,79241,79244,79245,79246,158479,158480,158481,158482,158483,158486,158487,158488,158489,158490,1,-1,2,-2,1,3,1,-1,-3,-1,2,2,5,2,2,-2,-2,-5,-2,-2
0,1,26415,26418,79245,79246,79247,79250,79251,79252,158491,158492,158493,158494,158495,158498,158499,158500,158501,158502,1,-1,2,-2,1,3,1,-1,-3,-1,2,2,5,2,2,-2,-2,-5,-2,-2
0,1,26417,26420,79251,79252,79253,79256,79257,79258,158503,158504,158505,158506,158507,158510,158511,158512,158513,158514,1,-1,2,-2,1,3,1,-1,-3,-1,2,2,5,2,2,-2,-2,-5,-2,-2
0,1,26419,26422,79257,79258,79259,79262,79263,79264,158515,158516,158517,158518,158519,158522,158523,158524,158525,158526,1,-1,2,-2,1,3,1,-1,-3,-1,2,2,5,2,2,-2,-2,-5,-2,-2
0,1,26421,26424,79263,79264,79265,79268,79269,79270,158527,158528,158529,158530,158531,158534,158535,158536,158537,158538,1,-1,2,-2,1,3,1,-1,-3,-1,2,2,5,2,2,-2,-2,-5,-2,-2
0,1,26423,26426,79269,79270,79271,79274,79275,79276,158539,158540,158541,158542,158543,158546,158547,158548,158549,158550,1,-1,2,-2,1,3,1,-1,-3,-1,2,2,5,2,2,-2,-2,-5,-2,-2
0,1,26425,26428,79275,79276,79277,79280,79281,79282,158551,158552,158553,158554,158555,158558,158559,158560,158561,158562,1,-1,2,-2,1,3,1,-1,-3,-1,2,2,5,2,2,-2,-2,-5,-2,-2
0,1,26427,26430,79281,79282,79283,79286,79287,79288,158563,158564,158565,158566,158567,158570,158571,158572,158573,158574,1,-1,2,-2,1,3,1,-1,-3,-1,2,2,5,2,2,-2,-2,-5,-2,-2
0,1,26429,26432,79287,79288,79289,79292,79293,79294,158575,158576,158577,158578,158579,158582,158583,158584,158585,158586,1,-1,2,-2,1,3,1,-1,-3,-1,2,2,5,2,2,-2,-2,-5,-2,-2
0,1,26431,26434,79293,79294,79295,79298,79299,79300,158587,158588,158589,158590,158591,158594,158595,158596,158597,158598,1,-1,2,-2,1,3,1,-1,-3,-1,2,2,5,2,2,-2,-2,-5,-2,-2
0,1,26433,26436,79299,79300,79301,79304,79305,79306,158599,158600,158601,158602,158603,158606,158607,158608,158609,158610,1,-1,2,-2,1,3,1,-1,-3,-1,2,2,5,2,2,-2,-2,-5,-2,-2
0,1,26435,26438,79305,79306,79307,79310,79311,79312,158611,158612,158613,158614,158615,158618,158619,158620,158621,158622,1,-1,2,-2,1,3,1,-1,-3,-1,2,2,5,2,2,-2,-2,-5,-2,-2
0,1,26437,26440,79311,79312,79313,79316,79317,79318,158623,158624,158625,158626,158627,158630,158631,158632,158633,158634,1,-1,2,-2,1,3,1,-1,-3,-1,2,2,5,2,2,-2,-2,-5,-2,-2
0,1,26439,26442,79317,79318,79319,79322,79323,79324,158635,158636,158637,158638,158639,158642,158643,158644,158645,158646,1,-1,2,-2,1,3,1,-1,-3,-1,2,2,5,2,2,-2,-2,-5,-2,-2
0,1,26441,26444,79323,79324,79325,79328,79329,79330,158647,158648,158649,158650,158651,158654,158655,158656,158657,158658,1,-1,2,-2,1,3,1,-1,-3,-1,2,2,5,2,2,-2,-2,-5,-2,-2
0,1,26443,26446,79329,79330,79331,79334,79335,79336,158659,158660,158661,158662,158663,158666,158667,158668,158669,158670,1,-1,2,-2,1,3,1,-1,-3,-1,2,2,5,2,2,-2,-2,-5,-2,-2
0,1,26445,26448,79335,79336,79337,79340,79341,79342,158671,158672,158673,158674,158675,158678,158679,158680,158681,158682,1,-1,2,-2,1,3,1,-1,-3,-1,2,2,5,2,2,-2,-2,-5,-2,-2
0,1,26447,26450,79341,79342,79343,79346,79347,79348,158683,158684,158685,158686,158687,158690,158691,158692,158693,158694,1,-1,2,-2,1,3,1,-1,-3,-1,2,2,5,2,2,-2,-2,-5,-2,-2
0,1,26449,26452,79347,79348,79349,79352,79353,79354,158695,158696,158697,158698,158699,158702,158703,158704,158705,158706,1,-1,2,-2,1,3,1,-1,-3,-1,2,2,5,2,2,-2,-2,-5,-2,-2
0,1,26451,26454,79353,79354,79355,79358,79359,79360,158707,158708,158709,158710,158711,158714,158715,158716,158717,158718,1,-1,2,-2,1,3,1,-1,-3,-1,2,2,5,2,2,-2,-2,-5,-2,-2
0,1,26453,26456,79359,79360,79361,79364,79365,79366,158719,158720,158721,158722,158723,158726,158727,158728,158729,158730,1,-1,2,-2,1,3,1,-1,-3,-1,2,2,5,2,2,-2,-2,-5,-2,-2
0,1,26455,26458,79365,79366,79367,79370,79371,79372,158731,158732,158733,158734,158735,158738,158739,158740,158741,158742,1,-1,2,-2,1,3,1,-1,-3,-1,2,2,5,2,2,-2,-2,-5,-2,-2
0,1,26457,26460,79371,79372,79373,79376,79377,79378,158743,158744,158745,158746,158747,158750,158751,158752,158753,158754,1,-1,2,-2,1,3,1,-1,-3,-1,2,2,5,2,2,-2,-2,-5,-2,-2
0,1,26459,26462,79377,79378,79379,79382,79383,79384,158755,158756,158757,158758,158759,158762,158763,158764,158765,158766,1,-1,2,-2,1,3,1,-1,-3,-1,2,2,5,2,2,-2,-2,-5,-2,-2
0,1,26461,26464,79383,79384,79385,79388,79389,79390,158767,158768,158769,158770,158771,158774,158775,158776,158777,158778,1,-1,2,-2,1,3,1,-1,-3,-1,2,2,5,2,2,-2,-2,-5,-2,-2
0,1,26463,26466,79389,79390,79391,79394,79395,79396,158779,158780,158781,158782,158783,158786,158787,158788,158789,158790,1,-1,2,-2,1,3,1,-1,-3,-1,2,2,5,2,2,-2,-2,-5,-2,-2
0,1,26465,26468,79395,79396,79397,79400,79401,79402,158791,158792,158793,158794,158795,158798,158799,158800,158801,158802,1,-1,2,-2,1,3,1,-1,-3,-1,2,2,5,2,2,-2,-2,-5,-2,-2
0,1,26467,26470,79401,79402,79403,79406,79407,79408,158803,158804,158805,158806,158807,158810,158811,158812,158813,158814,1,-1,2,-2,1,3,1,-1,-3,-1,2,2,5,2,2,-2,-2,-5,-2,-2
0,1,26469,26472,79407,79408,79409,79412,79413,79414,158815,158816,158817,158818,158819,158822,158823,158824,158825,158826,1,-1,2,-2,1,3,1,-1,-3,-1,2,2,5,2,2,-2,-2,-5,-2,-2
0,1,26471,26474,79413,79414,79415,79418,79419,79420,158827,158828,158829,158830,158831,158834,158835,158836,158837,158838,1,-1,2,-2,1,3,1,-1,-3,-1,2,2,5,2,2,-2,-2,-5,-2,-2
0,1,26473,26476,79419,79420,79421,79424,79425,79426,158839,158840,158841,158842,158843,158846,158847,158848,158849,158850,1,-1,2,-2,1,3,1,-1,-3,-1,2,2,5,2,2,-2,-2,-5,-2,-2
0,1,26475,26478,79425,79426,79427,79430,79431,79432,158851,158852,158853,158854,158855,158858,158859,158860,158861,158862,1,-1,2,-2,1,3,1,-1,-3,-1,2,2,5,2,2,-2,-2,-5,-2,-2
0,1,26477,26480,79431,79432,79433,79436,79437,79438,158863,158864,158865,158866,158867,158870,158871,158872,158873,158874,1,-1,2,-2,1,3,1,-1,-3,-1,2,2,5,2,2,-2,-2,-5,-2,-2
0,1,26479,26482,79437,79438,79439,79442,79443,79444,158875,158876,158877,158878,158879,158882,158883,158884,158885,158886,1,-1,2,-2,1,3,1,-1,-3,-1,2,2,5,2,2,-2,-2,-5,-2,-2
0,1,26481,26484,79443,79444,79445,79448,79449,79450,158887,158888,158889,158890,158891,158894,158895,158896,158897,158898,1,-1,2,-2,1,3,1,-1,-3,-1,2,2,5,2,2,-2,-2,-5,-2,-2
0,1,26483,26486,79449,79450,79451,79454,79455,79456,158899,158900,158901,158902,158903,158906,158907,158908,158909,158910,1,-1,2,-2,1,3,1,-1,-3,-1,2,2,5,2,2,-2,-2,-5,-2,-2
0,1,26485,26488,79455,79456,79457,79460,79461,79462,158911,158912,158913,158914,158915,158918,158919,158920,158921,158922,1,-1,2,-2,1,3,1,-1,-3,-1,2,2,5,2,2,-2,-2,-5,-2,-2
0,1,26487,26490,79461,79462,79463,79466,79467,79468,158923,158924,158925,158926,158927,158930,158931,158932,158933,158934,1,-1,2,-2,1,3,1,-1,-3,-1,2,2,5,2,2,-2,-2,-5,-2,-2
0,1,26489,26492,79467,79468,79469,79472,79473,79474,158935,158936,158937,158938,158939,158942,158943,158944,158945,158946,1,-1,2,-2,1,3,1,-1,-3,-1,2,2,5,2,2,-2,-2,-5,-2,-2
0,1,26491,26494,79473,79474,79475,79478,79479,79480,158947,158948,158949,158950,158951,158954,158955,158956,158957,158958,1,-1,2,-2,1,3,1,-1,-3,-1,2,2,5,2,2,-2,-2,-5,-2,-2
0,1,26493,26496,79479,79480,79481,79484,79485,79486,158959,158960,158961,158962,158963,158966,158967,158968,158969,158970,1,-1,2,-2,1,3,1,-1,-3,-1,2,2,5,2,2,-2,-2,-5,-2,-2
0,1,26495,26498,79485,79486,79487,79490,79491,79492,158971,158972,158973,158974,158975,158978,158979,158980,158981,158982,1,-1,2,-2,1,3,1,-1,-3,-1,2,2,5,2,2,-2,-2,-5,-2,-2
0,1,26497,26500,79491,79492,79493,79496,79497,79498,158983,158984,158985,158986,158987,158990,158991,158992,158993,158994,1,-1,2,-2,1,3,1,-1,-3,-1,2,2,5,2,2,-2,-2,-5,-2,-2
0,1,26499,26502,79497,79498,79499,79502,79503,79504,158995,158996,158997,158998,158999,159002,159003,159004,159005,159006,1,-1,2,-2,1,3,1,-1,-3,-1,2,2,5,2,2,-2,-2,-5,-2,-2
0,1,26501,26504,79503,79504,79505,79508,79509,79510,159007,159008,159009,159010,159011,159014,159015,159016,159017,159018,1,-1,2,-2,1,3,1,-1,-3,-1,2,2,5,2,2,-2,-2,-5,-2,-2
0,1,26503,26506,79509,79510,79511,79514,79515,79516,159019,159020,159021,159022,159023,159026,159027,159028,159029,159030,1,-1,2,-2,1,3,1,-1,-3,-1,2,2,5,2,2,-2,-2,-5,-2,-2
0,1,26505,26508,79515,79516,79517,79520,79521,79522,159031,159032,159033,159034,159035,159038,159039,159040,159041,159042,1,-1,2,-2,1,3,1,-1,-3,-1,2,2,5,2,2,-2,-2,-5,-2,-2
0,1,26507,26510,79521,79522,79523,79526,79527,79528,159043,159044,159045,159046,159047,159050,159051,159052,159053,159054,1,-1,2,-2,1,3,1,-1,-3,-1,2,2,5,2,2,-2,-2,-5,-2,-2
0,1,26509,26512,79527,79528,79529,79532,79533,79534,159055,159056,159057,159058,159059,159062,159063,159064,159065,159066,1,-1,2,-2,1,3,1,-1,-3,-1,2,2,5,2,2,-2,-2,-5,-2,-2
0,1,26511,26514,79533,79534,79535,79538,79539,79540,159067,159068,159069,159070,159071,159074,159075,159076,159077,159078,1,-1,2,-2,1,3,1,-1,-3,-1,2,2,5,2,2,-2,-2,-5,-2,-2
0,1,26513,26516,79539,79540,79541,79544,79545,79546,159079,159080,159081,159082,159083,159086,159087,159088,159089,159090,1,-1,2,-2,1,3,1,-1,-3,-1,2,2,5,2,2,-2,-2,-5,-2,-2
0,1,26515,26518,79545,79546,79547,79550,79551,79552,159091,159092,159093,159094,159095,159098,159099,159100,159101,159102,1,-1,2,-2,1,3,1,-1,-3,-1,2,2,5,2,2,-2,-2,-5,-2,-2
0,1,26517,26520,79551,79552,79553,79556,79557,79558,159103,159104,159105,159106,159107,159110,159111,159112,159113,159114,1,-1,2,-2,1,3,1,-1,-3,-1,2,2,5,2,2,-2,-2,-5,-2,-2
0,1,26519,26522,79557,79558,79559,79562,79563,79564,159115,159116,159117,159118,159119,159122,159123,159124,159125,159126,1,-1,2,-2,1,3,1,-1,-3,-1,2,2,5,2,2,-2,-2,-5,-2,-2
0,1,26521,26524,79563,79564,79565,79568,79569,79570,159127,159128,159129,159130,159131,159134,159135,159136,159137,159138,1,-1,2,-2,1,3,1,-1,-3,-1,2,2,5,2,2,-2,-2,-5,-2,-2
0,1,26523,26526,79569,79570,79571,79574,79575,79576,159139,159140,159141,159142,159143,159146,159147,159148,159149,159150,1,-1,2,-2,1,3,1,-1,-3,-1,2,2,5,2,2,-2,-2,-5,-2,-2
0,1,26525,26528,79575,79576,79577,79580,79581,79582,159151,159152,159153,159154,159155,159158,159159,159160,159161,159162,1,-1,2,-2,1,3,1,-1,-3,-1,2,2,5,2,2,-2,-2,-5,-2,-2
0,1,26527,26530,79581,79582,79583,79586,79587,79588,159163,159164,159165,159166,159167,159170,159171,159172,159173,159174,1,-1,2,-2,1,3,1,-1,-3,-1,2,2,5,2,2,-2,-2,-5,-2,-2
0,1,26529,26532,79587,79588,79589,79592,79593,79594,159175,159176,159177,159178,159179,159182,159183,159184,159185,159186,1,-1,2,-2,1,3,1,-1,-3,-1,2,2,5,2,2,-2,-2,-5,-2,-2
0,1,26531,26534,79593,79594,79595,79598,79599,79600,159187,159188,159189,159190,159191,159194,159195,159196,159197,159198,1,-1,2,-2,1,3,1,-1,-3,-1,2,2,5,2,2,-2,-2,-5,-2,-2
0,1,26533,26536,79599,79600,79601,79604,79605,79606,159199,159200,159201,159202,159203,159206,159207,159208,159209,159210,1,-1,2,-2,1,3,1,-1,-3,-1,2,2,5,2,2,-2,-2,-5,-2,-2
0,1,26535,26538,79605,79606,79607,79610,79611,79612,159211,159212,159213,159214,159215,159218,159219,159220,159221,159222,1,-1,2,-2,1,3,1,-1,-3,-1,2,2,5,2,2,-2,-2,-5,-2,-2
0,1,26537,26540,79611,79612,79613,79616,79617,79618,159223,159224,159225,159226,159227,159230,159231,159232,159233,159234,1,-1,2,-2,1,3,1,-1,-3,-1,2,2,5,2,2,-2,-2,-5,-2,-2
0,1,26539,26542,79617,79618,79619,79622,79623,79624,159235,159236,159237,159238,159239,159242,159243,159244,159245,159246,1,-1,2,-2,1,3,1,-1,-3,-1,2,2,5,2,2,-2,-2,-5,-2,-2
0,1,26541,26544,79623,79624,79625,79628,79629,79630,159247,159248,159249,159250,159251,159254,159255,159256,159257,159258,1,-1,2,-2,1,3,1,-1,-3,-1,2,2,5,2,2,-2,-2,-5,-2,-2
0,1,26543,26546,79629,79630,79631,79634,79635,79636,159259,159260,159261,159262,159263,159266,159267,159268,159269,159270,1,-1,2,-2,1,3,1,-1,-3,-1,2,2,5,2,2,-2,-2,-5,-2,-2
0,1,26545,26548,79635,79636,79637,79640,79641,79642,159271,159272,159273,159274,159275,159278,159279,159280,159281,159282,1,-1,2,-2,1,3,1,-1,-3,-1,2,2,5,2,2,-2,-2,-5,-2,-2
0,1,26547,26550,79641,79642,79643,79646,79647,79648,159283,159284,159285,159286,159287,159290,159291,159292,159293,159294,1,-1,2,-2,1,3,1,-1,-3,-1,2,2,5,2,2,-2,-2,-5,-2,-2
0,1,26549,26552,79647,79648,79649,79652,79653,79654,159295,159296,159297,159298,159299,159302,159303,159304,159305,159306,1,-1,2,-2,1,3,1,-1,-3,-1,2,2,5,2,2,-2,-2,-5,-2,-2
0,1,26551,26554,79653,79654,79655,79658,79659,79660,159307,159308,159309,159310,159311,159314,159315,159316,159317,159318,1,-1,2,-2,1,3,1,-1,-3,-1,2,2,5,2,2,-2,-2,-5,-2,-2
0,1,26553,26556,79659,79660,79661,79664,79665,79666,159319,159320,159321,159322,159323,159326,159327,159328,159329,159330,1,-1,2,-2,1,3,1,-1,-3,-1,2,2,5,2,2,-2,-2,-5,-2,-2
0,1,26555,26558,79665,79666,79667,79670,79671,79672,159331,159332,159333,159334,159335,159338,159339,159340,159341,159342,1,-1,2,-2,1,3,1,-1,-3,-1,2,2,5,2,2,-2,-2,-5,-2,-2
0,1,26557,26560,79671,79672,79673,79676,79677,79678,159343,159344,159345,159346,159347,159350,159351,159352,159353,159354,1,-1,2,-2,1,3,1,-1,-3,-1,2,2,5,2,2,-2,-2,-5,-2,-2
0,1,26559,26562,79677,79678,79679,79682,79683,79684,159355,159356,159357,159358,159359,159362,159363,159364,159365,159366,1,-1,2,-2,1,3,1,-1,-3,-1,2,2,5,2,2,-2,-2,-5,-2,-2
0,1,26561,26564,79683,79684,79685,79688,79689,79690,159367,159368,159369,159370,159371,159374,159375,159376,159377,159378,1,-1,2,-2,1,3,1,-1,-3,-1,2,2,5,2,2,-2,-2,-5,-2,-2
0,1,26563,26566,79689,79690,79691,79694,79695,79696,159379,159380,159381,159382,159383,159386,159387,159388,159389,159390,1,-1,2,-2,1,3,1,-1,-3,-1,2,2,5,2,2,-2,-2,-5,-2,-2
0,1,26565,26568,79695,79696,79697,79700,79701,79702,159391,159392,159393,159394,159395,159398,159399,159400,159401,159402,1,-1,2,-2,1,3,1,-1,-3,-1,2,2,5,2,2,-2,-2,-5,-2,-2
0,1,26567,26570,79701,79702,79703,79706,79707,79708,159403,159404,159405,159406,159407,159410,159411,159412,159413,159414,1,-1,2,-2,1,3,1,-1,-3,-1,2,2,5,2,2,-2,-2,-5,-2,-2
0,1,26569,26572,79707,79708,79709,79712,79713,79714,159415,159416,159417,159418,159419,159422,159423,159424,159425,159426,1,-1,2,-2,1,3,1,-1,-3,-1,2,2,5,2,2,-2,-2,-5,-2,-2
0,1,26571,26574,79713,79714,79715,79718,79719,79720,159427,159428,159429,159430,159431,159434,159435,159436,159437,159438,1,-1,2,-2,1,3,1,-1,-3,-1,2,2,5,2,2,-2,-2,-5,-2,-2
0,1,26573,26576,79719,79720,79721,79724,79725,79726,159439,159440,159441,159442,159443,159446,159447,159448,159449,159450,1,-1,2,-2,1,3,1,-1,-3,-1,2,2,5,2,2,-2,-2,-5,-2,-2
0,1,26575,26578,79725,79726,79727,79730,79731,79732,159451,159452,159453,159454,159455,159458,159459,159460,159461,159462,1,-1,2,-2,1,3,1,-1,-3,-1,2,2,5,2,2,-2,-2,-5,-2,-2
0,1,26577,26580,79731,79732,79733,79736,79737,79738,159463,159464,159465,159466,159467,159470,159471,159472,159473,159474,1,-1,2,-2,1,3,1,-1,-3,-1,2,2,5,2,2,-2,-2,-5,-2,-2
0,1,26579,26582,79737,79738,79739,79742,79743,79744,159475,159476,159477,159478,159479,159482,159483,159484,159485,159486,1,-1,2,-2,1,3,1,-1,-3,-1,2,2,5,2,2,-2,-2,-5,-2,-2
0,1,26581,26584,79743,79744,79745,79748,79749,79750,159487,159488,159489,159490,159491,159494,159495,159496,159497,159498,1,-1,2,-2,1,3,1,-1,-3,-1,2,2,5,2,2,-2,-2,-5,-2,-2
0,1,26583,26586,79749,79750,79751,79754,79755,79756,159499,159500,159501,159502,159503,159506,159507,159508,159509,159510,1,-1,2,-2,1,3,1,-1,-3,-1,2,2,5,2,2,-2,-2,-5,-2,-2
0,1,26585,26588,79755,79756,79757,79760,79761,79762,159511,159512,159513,159514,159515,159518,159519,159520,159521,159522,1,-1,2,-2,1,3,1,-1,-3,-1,2,2,5,2,2,-2,-2,-5,-2,-2
0,1,26587,26590,79761,79762,79763,79766,79767,79768,159523,159524,159525,159526,159527,159530,159531,159532,159533,159534,1,-1,2,-2,1,3,1,-1,-3,-1,2,2,5,2,2,-2,-2,-5,-2,-2
0,1,26589,26592,79767,79768,79769,79772,79773,79774,159535,159536,159537,159538,159539,159542,159543,159544,159545,159546,1,-1,2,-2,1,3,1,-1,-3,-1,2,2,5,2,2,-2,-2,-5,-2,-2
0,1,26591,26594,79773,79774,79775,79778,79779,79780,159547,159548,159549,159550,159551,159554,159555,159556,159557,159558,1,-1,2,-2,1,3,1,-1,-3,-1,2,2,5,2,2,-2,-2,-5,-2,-2
0,1,26593,26596,79779,79780,79781,79784,79785,79786,159559,159560,159561,159562,159563,159566,159567,159568,159569,159570,1,-1,2,-2,1,3,1,-1,-3,-1,2,2,5,2,2,-2,-2,-5,-2,-2
0,1,26595,26598,79785,79786,79787,79790,79791,79792,159571,159572,159573,159574,159575,159578,159579,159580,159581,159582,1,-1,2,-2,1,3,1,-1,-3,-1,2,2,5,2,2,-2,-2,-5,-2,-2
0,1,26597,26600,79791,79792,79793,79796,79797,79798,159583,159584,159585,159586,159587,159590,159591,159592,159593,159594,1,-1,2,-2,1,3,1,-1,-3,-1,2,2,5,2,2,-2,-2,-5,-2,-2
0,1,26599,26602,79797,79798,79799,79802,79803,79804,159595,159596,159597,159598,159599,159602,159603,159604,159605,159606,1,-1,2,-2,1,3,1,-1,-3,-1,2,2,5,2,2,-2,-2,-5,-2,-2
0,1,26601,26604,79803,79804,79805,79808,79809,79810,159607,159608,159609,159610,159611,159614,159615,159616,159617,159618,1,-1,2,-2,1,3,1,-1,-3,-1,2,2,5,2,2,-2,-2,-5,-2,-2
0,1,26603,26606,79809,79810,79811,79814,79815,79816,159619,159620,159621,159622,159623,159626,159627,159628,159629,159630,1,-1,2,-2,1,3,1,-1,-3,-1,2,2,5,2,2,-2,-2,-5,-2,-2
0,1,26605,26608,79815,79816,79817,79820,79821,79822,159631,159632,159633,159634,159635,159638,159639,159640,159641,159642,1,-1,2,-2,1,3,1,-1,-3,-1,2,2,5,2,2,-2,-2,-5,-2,-2
0,1,26607,26610,79821,79822,79823,79826,79827,79828,159643,159644,159645,159646,159647,159650,159651,159652,159653,159654,1,-1,2,-2,1,3,1,-1,-3,-1,2,2,5,2,2,-2,-2,-5,-2,-2
0,1,26609,26612,79827,79828,79829,79832,79833,79834,159655,159656,159657,159658,159659,159662,159663,159664,159665,159666,1,-1,2,-2,1,3,1,-1,-3,-1,2,2,5,2,2,-2,-2,-5,-2,-2
0,1,26611,26614,79833,79834,79835,79838,79839,79840,159667,159668,159669,159670,159671,159674,159675,159676,159677,159678,1,-1,2,-2,1,3,1,-1,-3,-1,2,2,5,2,2,-2,-2,-5,-2,-2
0,1,26613,26616,79839,79840,79841,79844,79845,79846,159679,159680,159681,159682,159683,159686,159687,159688,159689,159690,1,-1,2,-2,1,3,1,-1,-3,-1,2,2,5,2,2,-2,-2,-5,-2,-2
0,1,26615,26618,79845,79846,79847,79850,79851,79852,159691,159692,159693,159694,159695,159698,159699,159700,159701,159702,1,-1,2,-2,1,3,1,-1,-3,-1,2,2,5,2,2,-2,-2,-5,-2,-2
0,1,26617,26620,79851,79852,79853,79856,79857,79858,159703,159704,159705,159706,159707,159710,159711,159712,159713,159714,1,-1,2,-2,1,3,1,-1,-3,-1,2,2,5,2,2,-2,-2,-5,-2,-2
0,1,26619,26622,79857,79858,79859,79862,79863,79864,159715,159716,159717,159718,159719,159722,159723,159724,159725,159726,1,-1,2,-2,1,3,1,-1,-3,-1,2,2,5,2,2,-2,-2,-5,-2,-2
0,1,26621,26624,79863,79864,79865,79868,79869,79870,159727,159728,159729,159730,159731,159734,159735,159736,159737,159738,1,-1,2,-2,1,3,1,-1,-3,-1,2,2,5,2,2,-2,-2,-5,-2,-2
0,1,26623,26626,79869,79870,79871,79874,79875,79876,159739,159740,159741,159742,159743,159746,159747,159748,159749,159750,1,-1,2,-2,1,3,1,-1,-3,-1,2,2,5,2,2,-2,-2,-5,-2,-2
0,1,26625,26628,79875,79876,79877,79880,79881,79882,159751,159752,159753,159754,159755,159758,159759,159760,159761,159762,1,-1,2,-2,1,3,1,-1,-3,-1,2,2,5,2,2,-2,-2,-5,-2,-2
0,1,26627,26630,79881,79882,79883,79886,79887,79888,159763,159764,159765,159766,159767,159770,159771,159772,159773,159774,1,-1,2,-2,1,3,1,-1,-3,-1,2,2,5,2,2,-2,-2,-5,-2,-2
0,1,26629,26632,79887,79888,79889,79892,79893,79894,159775,159776,159777,159778,159779,159782,159783,159784,159785,159786,1,-1,2,-2,1,3,1,-1,-3,-1,2,2,5,2,2,-2,-2,-5,-2,-2
0,1,26631,26634,79893,79894,79895,79898,79899,79900,159787,159788,159789,159790,159791,159794,159795,159796,159797,159798,1,-1,2,-2,1,3,1,-1,-3,-1,2,2,5,2,2,-2,-2,-5,-2,-2
0,1,26633,26636,79899,79900,79901,79904,79905,79906,159799,159800,159801,159802,159803,159806,159807,159808,159809,159810,1,-1,2,-2,1,3,1,-1,-3,-1,2,2,5,2,2,-2,-2,-5,-2,-2
0,1,26635,26638,79905,79906,79907,79910,79911,79912,159811,159812,159813,159814,159815,159818,159819,159820,159821,159822,1,-1,2,-2,1,3,1,-1,-3,-1,2,2,5,2,2,-2,-2,-5,-2,-2
0,1,26637,26640,79911,79912,79913,79916,79917,79918,159823,159824,159825,159826,159827,159830,159831,159832,159833,159834,1,-1,2,-2,1,3,1,-1,-3,-1,2,2,5,2,2,-2,-2,-5,-2,-2
0,1,26639,26642,79917,79918,79919,79922,79923,79924,159835,159836,159837,159838,159839,159842,159843,159844,159845,159846,1,-1,2,-2,1,3,1,-1,-3,-1,2,2,5,2,2,-2,-2,-5,-2,-2
0,1,26641,26644,79923,79924,79925,79928,79929,79930,159847,159848,159849,159850,159851,159854,159855,159856,159857,159858,1,-1,2,-2,1,3,1,-1,-3,-1,2,2,5,2,2,-2,-2,-5,-2,-2
0,1,26643,26646,79929,79930,79931,79934,79935,79936,159859,159860,159861,159862,159863,159866,159867,159868,159869,159870,1,-1,2,-2,1,3,1,-1,-3,-1,2,2,5,2,2,-2,-2,-5,-2,-2
0,1,26645,26648,79935,79936,79937,79940,79941,79942,159871,159872,159873,159874,159875,159878,159879,159880,159881,159882,1,-1,2,-2,1,3,1,-1,-3,-1,2,2,5,2,2,-2,-2,-5,-2,-2
0,1,26647,26650,79941,79942,79943,79946,79947,79948,159883,159884,159885,159886,159887,159890,159891,159892,159893,159894,1,-1,2,-2,1,3,1,-1,-3,-1,2,2,5,2,2,-2,-2,-5,-2,-2
0,1,26649,26652,79947,79948,79949,79952,79953,79954,159895,159896,159897,159898,159899,159902,159903,159904,159905,159906,1,-1,2,-2,1,3,1,-1,-3,-1,2,2,5,2,2,-2,-2,-5,-2,-2
0,1,26651,26654,79953,79954,79955,79958,79959,79960,159907,159908,159909,159910,159911,159914,159915,159916,159917,159918,1,-1,2,-2,1,3,1,-1,-3,-1,2,2,5,2,2,-2,-2,-5,-2,-2
0,1,26653,26656,79959,79960,79961,79964,79965,79966,159919,159920,159921,159922,159923,159926,159927,159928,159929,159930,1,-1,2,-2,1,3,1,-1,-3,-1,2,2,5,2,2,-2,-2,-5,-2,-2
0,1,26655,26658,79965,79966,79967,79970,79971,79972,159931,159932,159933,159934,159935,159938,159939,159940,159941,159942,1,-1,2,-2,1,3,1,-1,-3,-1,2,2,5,2,2,-2,-2,-5,-2,-2
0,1,26657,26660,79971,79972,79973,79976,79977,79978,159943,159944,159945,159946,159947,159950,159951,159952,159953,159954,1,-1,2,-2,1,3,1,-1,-3,-1,2,2,5,2,2,-2,-2,-5,-2,-2
0,1,26659,26662,79977,79978,79979,79982,79983,79984,159955,159956,159957,159958,159959,159962,159963,159964,159965,159966,1,-1,2,-2,1,3,1,-1,-3,-1,2,2,5,2,2,-2,-2,-5,-2,-2
0,1,26661,26664,79983,79984,79985,79988,79989,79990,159967,159968,159969,159970,159971,159974,159975,159976,159977,159978,1,-1,2,-2,1,3,1,-1,-3,-1,2,2,5,2,2,-2,-2,-5,-2,-2
0,1,26663,26666,79989,79990,79991,79994,79995,79996,159979,159980,159981,159982,159983,159986,159987,159988,159989,159990,1,-1,2,-2,1,3,1,-1,-3,-1,2,2,5,2,2,-2,-2,-5,-2,-2
0,1,26665,26668,79995,79996,79997,80000,80001,80002,159991,159992,159993,159994,159995,159998,159999,160000,160001,160002,1,-1,2,-2,1,3,1,-1,-3,-1,2,2,5,2,2,-2,-2,-5,-2,-2
0,1,26667,26670,80001,80002,80003,80006,80007,80008,160003,160004,160005,160006,160007,160010,160011,160012,160013,160014,1,-1,2,-2,1,3,1,-1,-3,-1,2,2,5,2,2,-2,-2,-5,-2,-2
0,1,26669,26672,80007,80008,80009,80012,80013,80014,160015,160016,160017,160018,160019,160022,160023,160024,160025,160026,1,-1,2,-2,1,3,1,-1,-3,-1,2,2,5,2,2,-2,-2,-5,-2,-2
0,1,26671,26674,80013,80014,80015,80018,80019,80020,160027,160028,160029,160030,160031,160034,160035,160036,160037,160038,1,-1,2,-2,1,3,1,-1,-3,-1,2,2,5,2,2,-2,-2,-5,-2,-2
0,1,26673,26676,80019,80020,80021,80024,80025,80026,160039,160040,160041,160042,160043,160046,160047,160048,160049,160050,1,-1,2,-2,1,3,1,-1,-3,-1,2,2,5,2,2,-2,-2,-5,-2,-2
0,1,26675,26678,80025,80026,80027,80030,80031,80032,160051,160052,160053,160054,160055,160058,160059,160060,160061,160062,1,-1,2,-2,1,3,1,-1,-3,-1,2,2,5,2,2,-2,-2,-5,-2,-2
0,1,26677,26680,80031,80032,80033,80036,80037,80038,160063,160064,160065,160066,160067,160070,160071,160072,160073,160074,1,-1,2,-2,1,3,1,-1,-3,-1,2,2,5,2,2,-2,-2,-5,-2,-2
0,1,26679,26682,80037,80038,80039,80042,80043,80044,160075,160076,160077,160078,160079,160082,160083,160084,160085,160086,1,-1,2,-2,1,3,1,-1,-3,-1,2,2,5,2,2,-2,-2,-5,-2,-2
0,1,26681,26684,80043,80044,80045,80048,80049,80050,160087,160088,160089,160090,160091,160094,160095,160096,160097,160098,1,-1,2,-2,1,3,1,-1,-3,-1,2,2,5,2,2,-2,-2,-5,-2,-2
0,1,26683,26686,80049,80050,80051,80054,80055,80056,160099,160100,160101,160102,160103,160106,160107,160108,160109,160110,1,-1,2,-2,1,3,1,-1,-3,-1,2,2,5,2,2,-2,-2,-5,-2,-2
0,1,26685,26688,80055,80056,80057,80060,80061,80062,160111,160112,160113,160114,160115,160118,160119,160120,160121,160122,1,-1,2,-2,1,3,1,-1,-3,-1,2,2,5,2,2,-2,-2,-5,-2,-2
0,1,26687,26690,80061,80062,80063,80066,80067,80068,160123,160124,160125,160126,160127,160130,160131,160132,160133,160134,1,-1,2,-2,1,3,1,-1,-3,-1,2,2,5,2,2,-2,-2,-5,-2,-2
0,1,26689,26692,80067,80068,80069,80072,80073,80074,160135,160136,160137,160138,160139,160142,160143,160144,160145,160146,1,-1,2,-2,1,3,1,-1,-3,-1,2,2,5,2,2,-2,-2,-5,-2,-2
0,1,26691,26694,80073,80074,80075,80078,80079,80080,160147,160148,160149,160150,160151,160154,160155,160156,160157,160158,1,-1,2,-2,1,3,1,-1,-3,-1,2,2,5,2,2,-2,-2,-5,-2,-2
0,1,26693,26696,80079,80080,80081,80084,80085,80086,160159,160160,160161,160162,160163,160166,160167,160168,160169,160170,1,-1,2,-2,1,3,1,-1,-3,-1,2,2,5,2,2,-2,-2,-5,-2,-2
0,1,26695,26698,80085,80086,80087,80090,80091,80092,160171,160172,160173,160174,160175,160178,160179,160180,160181,160182,1,-1,2,-2,1,3,1,-1,-3,-1,2,2,5,2,2,-2,-2,-5,-2,-2
0,1,26697,26700,80091,80092,80093,80096,80097,80098,160183,160184,160185,160186,160187,160190,160191,160192,160193,160194,1,-1,2,-2,1,3,1,-1,-3,-1,2,2,5,2,2,-2,-2,-5,-2,-2
0,1,26699,26702,80097,80098,80099,80102,80103,80104,160195,160196,160197,160198,160199,160202,160203,160204,160205,160206,1,-1,2,-2,1,3,1,-1,-3,-1,2,2,5,2,2,-2,-2,-5,-2,-2
0,1,26701,26704,80103,80104,80105,80108,80109,80110,160207,160208,160209,160210,160211,160214,160215,160216,160217,160218,1,-1,2,-2,1,3,1,-1,-3,-1,2,2,5,2,2,-2,-2,-5,-2,-2
0,1,26703,26706,80109,80110,80111,80114,80115,80116,160219,160220,160221,160222,160223,160226,160227,160228,160229,160230,1,-1,2,-2,1,3,1,-1,-3,-1,2,2,5,2,2,-2,-2,-5,-2,-2
0,1,26705,26708,80115,80116,80117,80120,80121,80122,160231,160232,160233,160234,160235,160238,160239,160240,160241,160242,1,-1,2,-2,1,3,1,-1,-3,-1,2,2,5,2,2,-2,-2,-5,-2,-2
0,1,26707,26710,80121,80122,80123,80126,80127,80128,160243,160244,160245,160246,160247,160250,160251,160252,160253,160254,1,-1,2,-2,1,3,1,-1,-3,-1,2,2,5,2,2,-2,-2,-5,-2,-2
0,1,26709,26712,80127,80128,80129,80132,80133,80134,160255,160256,160257,160258,160259,160262,160263,160264,160265,160266,1,-1,2,-2,1,3,1,-1,-3,-1,2,2,5,2,2,-2,-2,-5,-2,-2
0,1,26711,26714,80133,80134,80135,80138,80139,80140,160267,160268,160269,160270,160271,160274,160275,160276,160277,160278,1,-1,2,-2,1,3,1,-1,-3,-1,2,2,5,2,2,-2,-2,-5,-2,-2
0,1,26713,26716,80139,80140,80141,80144,80145,80146,160279,160280,160281,160282,160283,160286,160287,160288,160289,160290,1,-1,2,-2,1,3,1,-1,-3,-1,2,2,5,2,2,-2,-2,-5,-2,-2
0,1,26715,26718,80145,80146,80147,80150,80151,80152,160291,160292,160293,160294,160295,160298,160299,160300,160301,160302,1,-1,2,-2,1,3,1,-1,-3,-1,2,2,5,2,2,-2,-2,-5,-2,-2
0,1,26717,26720,80151,80152,80153,80156,80157,80158,160303,160304,160305,160306,160307,160310,160311,160312,160313,160314,1,-1,2,-2,1,3,1,-1,-3,-1,2,2,5,2,2,-2,-2,-5,-2,-2
0,1,26719,26722,80157,80158,80159,80162,80163,80164,160315,160316,160317,160318,160319,160322,160323,160324,160325,160326,1,-1,2,-2,1,3,1,-1,-3,-1,2,2,5,2,2,-2,-2,-5,-2,-2
0,1,26721,26724,80163,80164,80165,80168,80169,80170,160327,160328,160329,160330,160331,160334,160335,160336,160337,160338,1,-1,2,-2,1,3,1,-1,-3,-1,2,2,5,2,2,-2,-2,-5,-2,-2
0,1,26723,26726,80169,80170,80171,80174,80175,80176,160339,160340,160341,160342,160343,160346,160347,160348,160349,160350,1,-1,2,-2,1,3,1,-1,-3,-1,2,2,5,2,2,-2,-2,-5,-2,-2
0,1,26725,26728,80175,80176,80177,80180,80181,80182,160351,160352,160353,160354,160355,160358,160359,160360,160361,160362,1,-1,2,-2,1,3,1,-1,-3,-1,2,2,5,2,2,-2,-2,-5,-2,-2
0,1,26727,26730,80181,80182,80183,80186,80187,80188,160363,160364,160365,160366,160367,160370,160371,160372,160373,160374,1,-1,2,-2,1,3,1,-1,-3,-1,2,2,5,2,2,-2,-2,-5,-2,-2
0,1,26729,26732,80187,80188,80189,80192,80193,80194,160375,160376,160377,160378,160379,160382,160383,160384,160385,160386,1,-1,2,-2,1,3,1,-1,-3,-1,2,2,5,2,2,-2,-2,-5,-2,-2
0,1,26731,26734,80193,80194,80195,80198,80199,80200,160387,160388,160389,160390,160391,160394,160395,160396,160397,160398,1,-1,2,-2,1,3,1,-1,-3,-1,2,2,5,2,2,-2,-2,-5,-2,-2
0,1,26733,26736,80199,80200,80201,80204,80205,80206,160399,160400,160401,160402,160403,160406,160407,160408,160409,160410,1,-1,2,-2,1,3,1,-1,-3,-1,2,2,5,2,2,-2,-2,-5,-2,-2
0,1,26735,26738,80205,80206,80207,80210,80211,80212,160411,160412,160413,160414,160415,160418,160419,160420,160421,160422,1,-1,2,-2,1,3,1,-1,-3,-1,2,2,5,2,2,-2,-2,-5,-2,-2
0,1,26737,26740,80211,80212,80213,80216,80217,80218,160423,160424,160425,160426,160427,160430,160431,160432,160433,160434,1,-1,2,-2,1,3,1,-1,-3,-1,2,2,5,2,2,-2,-2,-5,-2,-2
0,1,26739,26742,80217,80218,80219,80222,80223,80224,160435,160436,160437,160438,160439,160442,160443,160444,160445,160446,1,-1,2,-2,1,3,1,-1,-3,-1,2,2,5,2,2,-2,-2,-5,-2,-2
0,1,26741,26744,80223,80224,80225,80228,80229,80230,160447,160448,160449,160450,160451,160454,160455,160456,160457,160458,1,-1,2,-2,1,3,1,-1,-3,-1,2,2,5,2,2,-2,-2,-5,-2,-2
0,1,26743,26746,80229,80230,80231,80234,80235,80236,160459,160460,160461,160462,160463,160466,160467,160468,160469,160470,1,-1,2,-2,1,3,1,-1,-3,-1,2,2,5,2,2,-2,-2,-5,-2,-2
0,1,26745,26748,80235,80236,80237,80240,80241,80242,160471,160472,160473,160474,160475,160478,160479,160480,160481,160482,1,-1,2,-2,1,3,1,-1,-3,-1,2,2,5,2,2,-2,-2,-5,-2,-2
0,1,26747,26750,80241,80242,80243,80246,80247,80248,160483,160484,160485,160486,160487,160490,160491,160492,160493,160494,1,-1,2,-2,1,3,1,-1,-3,-1,2,2,5,2,2,-2,-2,-5,-2,-2
0,1,26749,26752,80247,80248,80249,80252,80253,80254,160495,160496,160497,160498,160499,160502,160503,160504,160505,160506,1,-1,2,-2,1,3,1,-1,-3,-1,2,2,5,2,2,-2,-2,-5,-2,-2
0,1,26751,26754,80253,80254,80255,80258,80259,80260,160507,160508,160509,160510,160511,160514,160515,160516,160517,160518,1,-1,2,-2,1,3,1,-1,-3,-1,2,2,5,2,2,-2,-2,-5,-2,-2
0,1,26753,26756,80259,80260,80261,80264,80265,80266,160519,160520,160521,160522,160523,160526,160527,160528,160529,160530,1,-1,2,-2,1,3,1,-1,-3,-1,2,2,5,2,2,-2,-2,-5,-2,-2
0,1,26755,26758,80265,80266,80267,80270,80271,80272,160531,160532,160533,160534,160535,160538,160539,160540,160541,160542,1,-1,2,-2,1,3,1,-1,-3,-1,2,2,5,2,2,-2,-2,-5,-2,-2
0,1,26757,26760,80271,80272,80273,80276,80277,80278,160543,160544,160545,160546,160547,160550,160551,160552,160553,160554,1,-1,2,-2,1,3,1,-1,-3,-1,2,2,5,2,2,-2,-2,-5,-2,-2
0,1,26759,26762,80277,80278,80279,80282,80283,80284,160555,160556,160557,160558,160559,160562,160563,160564,160565,160566,1,-1,2,-2,1,3,1,-1,-3,-1,2,2,5,2,2,-2,-2,-5,-2,-2
0,1,26761,26764,80283,80284,80285,80288,80289,80290,160567,160568,160569,160570,160571,160574,160575,160576,160577,160578,1,-1,2,-2,1,3,1,-1,-3,-1,2,2,5,2,2,-2,-2,-5,-2,-2
0,1,26763,26766,80289,80290,80291,80294,80295,80296,160579,160580,160581,160582,160583,160586,160587,160588,160589,160590,1,-1,2,-2,1,3,1,-1,-3,-1,2,2,5,2,2,-2,-2,-5,-2,-2
0,1,26765,26768,80295,80296,80297,80300,80301,80302,160591,160592,160593,160594,160595,160598,160599,160600,160601,160602,1,-1,2,-2,1,3,1,-1,-3,-1,2,2,5,2,2,-2,-2,-5,-2,-2
0,1,26767,26770,80301,80302,80303,80306,80307,80308,160603,160604,160605,160606,160607,160610,160611,160612,160613,160614,1,-1,2,-2,1,3,1,-1,-3,-1,2,2,5,2,2,-2,-2,-5,-2,-2
0,1,26769,26772,80307,80308,80309,80312,80313,80314,160615,160616,160617,160618,160619,160622,160623,160624,160625,160626,1,-1,2,-2,1,3,1,-1,-3,-1,2,2,5,2,2,-2,-2,-5,-2,-2
0,1,26771,26774,80313,80314,80315,80318,80319,80320,160627,160628,160629,160630,160631,160634,160635,160636,160637,160638,1,-1,2,-2,1,3,1,-1,-3,-1,2,2,5,2,2,-2,-2,-5,-2,-2
0,1,26773,26776,80319,80320,80321,80324,80325,80326,160639,160640,160641,160642,160643,160646,160647,160648,160649,160650,1,-1,2,-2,1,3,1,-1,-3,-1,2,2,5,2,2,-2,-2,-5,-2,-2
0,1,26775,26778,80325,80326,80327,80330,80331,80332,160651,160652,160653,160654,160655,160658,160659,160660,160661,160662,1,-1,2,-2,1,3,1,-1,-3,-1,2,2,5,2,2,-2,-2,-5,-2,-2
0,1,26777,26780,80331,80332,80333,80336,80337,80338,160663,160664,160665,160666,160667,160670,160671,160672,160673,160674,1,-1,2,-2,1,3,1,-1,-3,-1,2,2,5,2,2,-2,-2,-5,-2,-2
0,1,26779,26782,80337,80338,80339,80342,80343,80344,160675,160676,160677,160678,160679,160682,160683,160684,160685,160686,1,-1,2,-2,1,3,1,-1,-3,-1,2,2,5,2,2,-2,-2,-5,-2,-2
0,1,26781,26784,80343,80344,80345,80348,80349,80350,160687,160688,160689,160690,160691,160694,160695,160696,160697,160698,1,-1,2,-2,1,3,1,-1,-3,-1,2,2,5,2,2,-2,-2,-5,-2,-2
0,1,26783,26786,80349,80350,80351,80354,80355,80356,160699,160700,160701,160702,160703,160706,160707,160708,160709,160710,1,-1,2,-2,1,3,1,-1,-3,-1,2,2,5,2,2,-2,-2,-5,-2,-2
0,1,26785,26788,80355,80356,80357,80360,80361,80362,160711,160712,160713,160714,160715,160718,160719,160720,160721,160722,1,-1,2,-2,1,3,1,-1,-3,-1,2,2,5,2,2,-2,-2,-5,-2,-2
0,1,26787,26790,80361,80362,80363,80366,80367,80368,160723,160724,160725,160726,160727,160730,160731,160732,160733,160734,1,-1,2,-2,1,3,1,-1,-3,-1,2,2,5,2,2,-2,-2,-5,-2,-2
0,1,26789,26792,80367,80368,80369,80372,80373,80374,160735,160736,160737,160738,160739,160742,160743,160744,160745,160746,1,-1,2,-2,1,3,1,-1,-3,-1,2,2,5,2,2,-2,-2,-5,-2,-2
0,1,26791,26794,80373,80374,80375,80378,80379,80380,160747,160748,160749,160750,160751,160754,160755,160756,160757,160758,1,-1,2,-2,1,3,1,-1,-3,-1,2,2,5,2,2,-2,-2,-5,-2,-2
0,1,26793,26796,80379,80380,80381,80384,80385,80386,160759,160760,160761,160762,160763,160766,160767,160768,160769,160770,1,-1,2,-2,1,3,1,-1,-3,-1,2,2,5,2,2,-2,-2,-5,-2,-2
0,1,26795,26798,80385,80386,80387,80390,80391,80392,160771,160772,160773,160774,160775,160778,160779,160780,160781,160782,1,-1,2,-2,1,3,1,-1,-3,-1,2,2,5,2,2,-2,-2,-5,-2,-2
0,1,26797,26800,80391,80392,80393,80396,80397,80398,160783,160784,160785,160786,160787,160790,160791,160792,160793,160794,1,-1,2,-2,1,3,1,-1,-3,-1,2,2,5,2,2,-2,-2,-5,-2,-2
0,1,26799,26802,80397,80398,80399,80402,80403,80404,160795,160796,160797,160798,160799,160802,160803,160804,160805,160806,1,-1,2,-2,1,3,1,-1,-3,-1,2,2,5,2,2,-2,-2,-5,-2,-2
0,1,26801,26804,80403,80404,80405,80408,80409,80410,160807,160808,160809,160810,160811,160814,160815,160816,160817,160818,1,-1,2,-2,1,3,1,-1,-3,-1,2,2,5,2,2,-2,-2,-5,-2,-2
0,1,26803,26806,80409,80410,80411,80414,80415,80416,160819,160820,160821,160822,160823,160826,160827,160828,160829,160830,1,-1,2,-2,1,3,1,-1,-3,-1,2,2,5,2,2,-2,-2,-5,-2,-2
0,1,26805,26808,80415,80416,80417,80420,80421,80422,160831,160832,160833,160834,160835,160838,160839,160840,160841,160842,1,-1,2,-2,1,3,1,-1,-3,-1,2,2,5,2,2,-2,-2,-5,-2,-2
0,1,26807,26810,80421,80422,80423,80426,80427,80428,160843,160844,160845,160846,160847,160850,160851,160852,160853,160854,1,-1,2,-2,1,3,1,-1,-3,-1,2,2,5,2,2,-2,-2,-5,-2,-2
0,1,26809,26812,80427,80428,80429,80432,80433,80434,160855,160856,160857,160858,160859,160862,160863,160864,160865,160866,1,-1,2,-2,1,3,1,-1,-3,-1,2,2,5,2,2,-2,-2,-5,-2,-2
0,1,26811,26814,80433,80434,80435,80438,80439,80440,160867,160868,160869,160870,160871,160874,160875,160876,160877,160878,1,-1,2,-2,1,3,1,-1,-3,-1,2,2,5,2,2,-2,-2,-5,-2,-2
0,1,26813,26816,80439,80440,80441,80444,80445,80446,160879,160880,160881,160882,160883,160886,160887,160888,160889,160890,1,-1,2,-2,1,3,1,-1,-3,-1,2,2,5,2,2,-2,-2,-5,-2,-2
0,1,26815,26818,80445,80446,80447,80450,80451,80452,160891,160892,160893,160894,160895,160898,160899,160900,160901,160902,1,-1,2,-2,1,3,1,-1,-3,-1,2,2,5,2,2,-2,-2,-5,-2,-2
0,1,26817,26820,80451,80452,80453,80456,80457,80458,160903,160904,160905,160906,160907,160910,160911,160912,160913,160914,1,-1,2,-2,1,3,1,-1,-3,-1,2,2,5,2,2,-2,-2,-5,-2,-2
0,1,26819,26822,80457,80458,80459,80462,80463,80464,160915,160916,160917,160918,160919,160922,160923,160924,160925,160926,1,-1,2,-2,1,3,1,-1,-3,-1,2,2,5,2,2,-2,-2,-5,-2,-2
0,1,26821,26824,80463,80464,80465,80468,80469,80470,160927,160928,160929,160930,160931,160934,160935,160936,160937,160938,1,-1,2,-2,1,3,1,-1,-3,-1,2,2,5,2,2,-2,-2,-5,-2,-2
0,1,26823,26826,80469,80470,80471,80474,80475,80476,160939,160940,160941,160942,160943,160946,160947,160948,160949,160950,1,-1,2,-2,1,3,1,-1,-3,-1,2,2,5,2,2,-2,-2,-5,-2,-2
0,1,26825,26828,80475,80476,80477,80480,80481,80482,160951,160952,160953,160954,160955,160958,160959,160960,160961,160962,1,-1,2,-2,1,3,1,-1,-3,-1,2,2,5,2,2,-2,-2,-5,-2,-2
0,1,26827,26830,80481,80482,80483,80486,80487,80488,160963,160964,160965,160966,160967,160970,160971,160972,160973,160974,1,-1,2,-2,1,3,1,-1,-3,-1,2,2,5,2,2,-2,-2,-5,-2,-2
0,1,26829,26832,80487,80488,80489,80492,80493,80494,160975,160976,160977,160978,160979,160982,160983,160984,160985,160986,1,-1,2,-2,1,3,1,-1,-3,-1,2,2,5,2,2,-2,-2,-5,-2,-2
0,1,26831,26834,80493,80494,80495,80498,80499,80500,160987,160988,160989,160990,160991,160994,160995,160996,160997,160998,1,-1,2,-2,1,3,1,-1,-3,-1,2,2,5,2,2,-2,-2,-5,-2,-2
0,1,26833,26836,80499,80500,80501,80504,80505,80506,160999,161000,161001,161002,161003,161006,161007,161008,161009,161010,1,-1,2,-2,1,3,1,-1,-3,-1,2,2,5,2,2,-2,-2,-5,-2,-2
0,1,26835,26838,80505,80506,80507,80510,80511,80512,161011,161012,161013,161014,161015,161018,161019,161020,161021,161022,1,-1,2,-2,1,3,1,-1,-3,-1,2,2,5,2,2,-2,-2,-5,-2,-2
0,1,26837,26840,80511,80512,80513,80516,80517,80518,161023,161024,161025,161026,161027,161030,161031,161032,161033,161034,1,-1,2,-2,1,3,1,-1,-3,-1,2,2,5,2,2,-2,-2,-5,-2,-2
0,1,26839,26842,80517,80518,80519,80522,80523,80524,161035,161036,161037,161038,161039,161042,161043,161044,161045,161046,1,-1,2,-2,1,3,1,-1,-3,-1,2,2,5,2,2,-2,-2,-5,-2,-2
0,1,26841,26844,80523,80524,80525,80528,80529,80530,161047,161048,161049,161050,161051,161054,161055,161056,161057,161058,1,-1,2,-2,1,3,1,-1,-3,-1,2,2,5,2,2,-2,-2,-5,-2,-2
0,1,26843,26846,80529,80530,80531,80534,80535,80536,161059,161060,161061,161062,161063,161066,161067,161068,161069,161070,1,-1,2,-2,1,3,1,-1,-3,-1,2,2,5,2,2,-2,-2,-5,-2,-2
0,1,26845,26848,80535,80536,80537,80540,80541,80542,161071,161072,161073,161074,161075,161078,161079,161080,161081,161082,1,-1,2,-2,1,3,1,-1,-3,-1,2,2,5,2,2,-2,-2,-5,-2,-2
0,1,26847,26850,80541,80542,80543,80546,80547,80548,161083,161084,161085,161086,161087,161090,161091,161092,161093,161094,1,-1,2,-2,1,3,1,-1,-3,-1,2,2,5,2,2,-2,-2,-5,-2,-2
0,1,26849,26852,80547,80548,80549,80552,80553,80554,161095,161096,161097,161098,161099,161102,161103,161104,161105,161106,1,-1,2,-2,1,3,1,-1,-3,-1,2,2,5,2,2,-2,-2,-5,-2,-2
0,1,26851,26854,80553,80554,80555,80558,80559,80560,161107,161108,161109,161110,161111,161114,161115,161116,161117,161118,1,-1,2,-2,1,3,1,-1,-3,-1,2,2,5,2,2,-2,-2,-5,-2,-2
0,1,26853,26856,80559,80560,80561,80564,80565,80566,161119,161120,161121,161122,161123,161126,161127,161128,161129,161130,1,-1,2,-2,1,3,1,-1,-3,-1,2,2,5,2,2,-2,-2,-5,-2,-2
0,1,26855,26858,80565,80566,80567,80570,80571,80572,161131,161132,161133,161134,161135,161138,161139,161140,161141,161142,1,-1,2,-2,1,3,1,-1,-3,-1,2,2,5,2,2,-2,-2,-5,-2,-2
0,1,26857,26860,80571,80572,80573,80576,80577,80578,161143,161144,161145,161146,161147,161150,161151,161152,161153,161154,1,-1,2,-2,1,3,1,-1,-3,-1,2,2,5,2,2,-2,-2,-5,-2,-2
0,1,26859,26862,80577,80578,80579,80582,80583,80584,161155,161156,161157,161158,161159,161162,161163,161164,161165,161166,1,-1,2,-2,1,3,1,-1,-3,-1,2,2,5,2,2,-2,-2,-5,-2,-2
0,1,26861,26864,80583,80584,80585,80588,80589,80590,161167,161168,161169,161170,161171,161174,161175,161176,161177,161178,1,-1,2,-2,1,3,1,-1,-3,-1,2,2,5,2,2,-2,-2,-5,-2,-2
0,1,26863,26866,80589,80590,80591,80594,80595,80596,161179,161180,161181,161182,161183,161186,161187,161188,161189,161190,1,-1,2,-2,1,3,1,-1,-3,-1,2,2,5,2,2,-2,-2,-5,-2,-2
0,1,26865,26868,80595,80596,80597,80600,80601,80602,161191,161192,161193,161194,161195,161198,161199,161200,161201,161202,1,-1,2,-2,1,3,1,-1,-3,-1,2,2,5,2,2,-2,-2,-5,-2,-2
0,1,26867,26870,80601,80602,80603,80606,80607,80608,161203,161204,161205,161206,161207,161210,161211,161212,161213,161214,1,-1,2,-2,1,3,1,-1,-3,-1,2,2,5,2,2,-2,-2,-5,-2,-2
0,1,26869,26872,80607,80608,80609,80612,80613,80614,161215,161216,161217,161218,161219,161222,161223,161224,161225,161226,1,-1,2,-2,1,3,1,-1,-3,-1,2,2,5,2,2,-2,-2,-5,-2,-2
0,1,26871,26874,80613,80614,80615,80618,80619,80620,161227,161228,161229,161230,161231,161234,161235,161236,161237,161238,1,-1,2,-2,1,3,1,-1,-3,-1,2,2,5,2,2,-2,-2,-5,-2,-2
0,1,26873,26876,80619,80620,80621,80624,80625,80626,161239,161240,161241,161242,161243,161246,161247,161248,161249,161250,1,-1,2,-2,1,3,1,-1,-3,-1,2,2,5,2,2,-2,-2,-5,-2,-2
0,1,26875,26878,80625,80626,80627,80630,80631,80632,161251,161252,161253,161254,161255,161258,161259,161260,161261,161262,1,-1,2,-2,1,3,1,-1,-3,-1,2,2,5,2,2,-2,-2,-5,-2,-2
0,1,26877,26880,80631,80632,80633,80636,80637,80638,161263,161264,161265,161266,161267,161270,161271,161272,161273,161274,1,-1,2,-2,1,3,1,-1,-3,-1,2,2,5,2,2,-2,-2,-5,-2,-2
0,1,26879,26882,80637,80638,80639,80642,80643,80644,161275,161276,161277,161278,161279,161282,161283,161284,161285,161286,1,-1,2,-2,1,3,1,-1,-3,-1,2,2,5,2,2,-2,-2,-5,-2,-2
0,1,26881,26884,80643,80644,80645,80648,80649,80650,161287,161288,161289,161290,161291,161294,161295,161296,161297,161298,1,-1,2,-2,1,3,1,-1,-3,-1,2,2,5,2,2,-2,-2,-5,-2,-2
0,1,26883,26886,80649,80650,80651,80654,80655,80656,161299,161300,161301,161302,161303,161306,161307,161308,161309,161310,1,-1,2,-2,1,3,1,-1,-3,-1,2,2,5,2,2,-2,-2,-5,-2,-2
0,1,26885,26888,80655,80656,80657,80660,80661,80662,161311,161312,161313,161314,161315,161318,161319,161320,161321,161322,1,-1,2,-2,1,3,1,-1,-3,-1,2,2,5,2,2,-2,-2,-5,-2,-2
0,1,26887,26890,80661,80662,80663,80666,80667,80668,161323,161324,161325,161326,161327,161330,161331,161332,161333,161334,1,-1,2,-2,1,3,1,-1,-3,-1,2,2,5,2,2,-2,-2,-5,-2,-2
0,1,26889,26892,80667,80668,80669,80672,80673,80674,161335,161336,161337,161338,161339,161342,161343,161344,161345,161346,1,-1,2,-2,1,3,1,-1,-3,-1,2,2,5,2,2,-2,-2,-5,-2,-2
0,1,26891,26894,80673,80674,80675,80678,80679,80680,161347,161348,161349,161350,161351,161354,161355,161356,161357,161358,1,-1,2,-2,1,3,1,-1,-3,-1,2,2,5,2,2,-2,-2,-5,-2,-2
0,1,26893,26896,80679,80680,80681,80684,80685,80686,161359,161360,161361,161362,161363,161366,161367,161368,161369,161370,1,-1,2,-2,1,3,1,-1,-3,-1,2,2,5,2,2,-2,-2,-5,-2,-2
0,1,26895,26898,80685,80686,80687,80690,80691,80692,161371,161372,161373,161374,161375,161378,161379,161380,161381,161382,1,-1,2,-2,1,3,1,-1,-3,-1,2,2,5,2,2,-2,-2,-5,-2,-2
0,1,26897,26900,80691,80692,80693,80696,80697,80698,161383,161384,161385,161386,161387,161390,161391,161392,161393,161394,1,-1,2,-2,1,3,1,-1,-3,-1,2,2,5,2,2,-2,-2,-5,-2,-2
0,1,26899,26902,80697,80698,80699,80702,80703,80704,161395,161396,161397,161398,161399,161402,161403,161404,161405,161406,1,-1,2,-2,1,3,1,-1,-3,-1,2,2,5,2,2,-2,-2,-5,-2,-2
0,1,26901,26904,80703,80704,80705,80708,80709,80710,161407,161408,161409,161410,161411,161414,161415,161416,161417,161418,1,-1,2,-2,1,3,1,-1,-3,-1,2,2,5,2,2,-2,-2,-5,-2,-2
0,1,26903,26906,80709,80710,80711,80714,80715,80716,161419,161420,161421,161422,161423,161426,161427,161428,161429,161430,1,-1,2,-2,1,3,1,-1,-3,-1,2,2,5,2,2,-2,-2,-5,-2,-2
0,1,26905,26908,80715,80716,80717,80720,80721,80722,161431,161432,161433,161434,161435,161438,161439,161440,161441,161442,1,-1,2,-2,1,3,1,-1,-3,-1,2,2,5,2,2,-2,-2,-5,-2,-2
0,1,26907,26910,80721,80722,80723,80726,80727,80728,161443,161444,161445,161446,161447,161450,161451,161452,161453,161454,1,-1,2,-2,1,3,1,-1,-3,-1,2,2,5,2,2,-2,-2,-5,-2,-2
0,1,26909,26912,80727,80728,80729,80732,80733,80734,161455,161456,161457,161458,161459,161462,161463,161464,161465,161466,1,-1,2,-2,1,3,1,-1,-3,-1,2,2,5,2,2,-2,-2,-5,-2,-2
0,1,26911,26914,80733,80734,80735,80738,80739,80740,161467,161468,161469,161470,161471,161474,161475,161476,161477,161478,1,-1,2,-2,1,3,1,-1,-3,-1,2,2,5,2,2,-2,-2,-5,-2,-2
0,1,26913,26916,80739,80740,80741,80744,80745,80746,161479,161480,161481,161482,161483,161486,161487,161488,161489,161490,1,-1,2,-2,1,3,1,-1,-3,-1,2,2,5,2,2,-2,-2,-5,-2,-2
0,1,26915,26918,80745,80746,80747,80750,80751,80752,161491,161492,161493,161494,161495,161498,161499,161500,161501,161502,1,-1,2,-2,1,3,1,-1,-3,-1,2,2,5,2,2,-2,-2,-5,-2,-2
0,1,26917,26920,80751,80752,80753,80756,80757,80758,161503,161504,161505,161506,161507,161510,161511,161512,161513,161514,1,-1,2,-2,1,3,1,-1,-3,-1,2,2,5,2,2,-2,-2,-5,-2,-2
0,1,26919,26922,80757,80758,80759,80762,80763,80764,161515,161516,161517,161518,161519,161522,161523,161524,161525,161526,1,-1,2,-2,1,3,1,-1,-3,-1,2,2,5,2,2,-2,-2,-5,-2,-2
0,1,26921,26924,80763,80764,80765,80768,80769,80770,161527,161528,161529,161530,161531,161534,161535,161536,161537,161538,1,-1,2,-2,1,3,1,-1,-3,-1,2,2,5,2,2,-2,-2,-5,-2,-2
0,1,26923,26926,80769,80770,80771,80774,80775,80776,161539,161540,161541,161542,161543,161546,161547,161548,161549,161550,1,-1,2,-2,1,3,1,-1,-3,-1,2,2,5,2,2,-2,-2,-5,-2,-2
0,1,26925,26928,80775,80776,80777,80780,80781,80782,161551,161552,161553,161554,161555,161558,161559,161560,161561,161562,1,-1,2,-2,1,3,1,-1,-3,-1,2,2,5,2,2,-2,-2,-5,-2,-2
0,1,26927,26930,80781,80782,80783,80786,80787,80788,161563,161564,161565,161566,161567,161570,161571,161572,161573,161574,1,-1,2,-2,1,3,1,-1,-3,-1,2,2,5,2,2,-2,-2,-5,-2,-2
0,1,26929,26932,80787,80788,80789,80792,80793,80794,161575,161576,161577,161578,161579,161582,161583,161584,161585,161586,1,-1,2,-2,1,3,1,-1,-3,-1,2,2,5,2,2,-2,-2,-5,-2,-2
0,1,26931,26934,80793,80794,80795,80798,80799,80800,161587,161588,161589,161590,161591,161594,161595,161596,161597,161598,1,-1,2,-2,1,3,1,-1,-3,-1,2,2,5,2,2,-2,-2,-5,-2,-2
0,1,26933,26936,80799,80800,80801,80804,80805,80806,161599,161600,161601,161602,161603,161606,161607,161608,161609,161610,1,-1,2,-2,1,3,1,-1,-3,-1,2,2,5,2,2,-2,-2,-5,-2,-2
0,1,26935,26938,80805,80806,80807,80810,80811,80812,161611,161612,161613,161614,161615,161618,161619,161620,161621,161622,1,-1,2,-2,1,3,1,-1,-3,-1,2,2,5,2,2,-2,-2,-5,-2,-2
0,1,26937,26940,80811,80812,80813,80816,80817,80818,161623,161624,161625,161626,161627,161630,161631,161632,161633,161634,1,-1,2,-2,1,3,1,-1,-3,-1,2,2,5,2,2,-2,-2,-5,-2,-2
0,1,26939,26942,80817,80818,80819,80822,80823,80824,161635,161636,161637,161638,161639,161642,161643,161644,161645,161646,1,-1,2,-2,1,3,1,-1,-3,-1,2,2,5,2,2,-2,-2,-5,-2,-2
0,1,26941,26944,80823,80824,80825,80828,80829,80830,161647,161648,161649,161650,161651,161654,161655,161656,161657,161658,1,-1,2,-2,1,3,1,-1,-3,-1,2,2,5,2,2,-2,-2,-5,-2,-2
0,1,26943,26946,80829,80830,80831,80834,80835,80836,161659,161660,161661,161662,161663,161666,161667,161668,161669,161670,1,-1,2,-2,1,3,1,-1,-3,-1,2,2,5,2,2,-2,-2,-5,-2,-2
0,1,26945,26948,80835,80836,80837,80840,80841,80842,161671,161672,161673,161674,161675,161678,161679,161680,161681,161682,1,-1,2,-2,1,3,1,-1,-3,-1,2,2,5,2,2,-2,-2,-5,-2,-2
0,1,26947,26950,80841,80842,80843,80846,80847,80848,161683,161684,161685,161686,161687,161690,161691,161692,161693,161694,1,-1,2,-2,1,3,1,-1,-3,-1,2,2,5,2,2,-2,-2,-5,-2,-2
0,1,26949,26952,80847,80848,80849,80852,80853,80854,161695,161696,161697,161698,161699,161702,161703,161704,161705,161706,1,-1,2,-2,1,3,1,-1,-3,-1,2,2,5,2,2,-2,-2,-5,-2,-2
0,1,26951,26954,80853,80854,80855,80858,80859,80860,161707,161708,161709,161710,161711,161714,161715,161716,161717,161718,1,-1,2,-2,1,3,1,-1,-3,-1,2,2,5,2,2,-2,-2,-5,-2,-2
0,1,26953,26956,80859,80860,80861,80864,80865,80866,161719,161720,161721,161722,161723,161726,161727,161728,161729,161730,1,-1,2,-2,1,3,1,-1,-3,-1,2,2,5,2,2,-2,-2,-5,-2,-2
0,1,26955,26958,80865,80866,80867,80870,80871,80872,161731,161732,161733,161734,161735,161738,161739,161740,161741,161742,1,-1,2,-2,1,3,1,-1,-3,-1,2,2,5,2,2,-2,-2,-5,-2,-2
0,1,26957,26960,80871,80872,80873,80876,80877,80878,161743,161744,161745,161746,161747,161750,161751,161752,161753,161754,1,-1,2,-2,1,3,1,-1,-3,-1,2,2,5,2,2,-2,-2,-5,-2,-2
0,1,26959,26962,80877,80878,80879,80882,80883,80884,161755,161756,161757,161758,161759,161762,161763,161764,161765,161766,1,-1,2,-2,1,3,1,-1,-3,-1,2,2,5,2,2,-2,-2,-5,-2,-2
0,1,26961,26964,80883,80884,80885,80888,80889,80890,161767,161768,161769,161770,161771,161774,161775,161776,161777,161778,1,-1,2,-2,1,3,1,-1,-3,-1,2,2,5,2,2,-2,-2,-5,-2,-2
0,1,26963,26966,80889,80890,80891,80894,80895,80896,161779,161780,161781,161782,161783,161786,161787,161788,161789,161790,1,-1,2,-2,1,3,1,-1,-3,-1,2,2,5,2,2,-2,-2,-5,-2,-2
0,1,26965,26968,80895,80896,80897,80900,80901,80902,161791,161792,161793,161794,161795,161798,161799,161800,161801,161802,1,-1,2,-2,1,3,1,-1,-3,-1,2,2,5,2,2,-2,-2,-5,-2,-2
0,1,26967,26970,80901,80902,80903,80906,80907,80908,161803,161804,161805,161806,161807,161810,161811,161812,161813,161814,1,-1,2,-2,1,3,1,-1,-3,-1,2,2,5,2,2,-2,-2,-5,-2,-2
0,1,26969,26972,80907,80908,80909,80912,80913,80914,161815,161816,161817,161818,161819,161822,161823,161824,161825,161826,1,-1,2,-2,1,3,1,-1,-3,-1,2,2,5,2,2,-2,-2,-5,-2,-2
0,1,26971,26974,80913,80914,80915,80918,80919,80920,161827,161828,161829,161830,161831,161834,161835,161836,161837,161838,1,-1,2,-2,1,3,1,-1,-3,-1,2,2,5,2,2,-2,-2,-5,-2,-2
0,1,26973,26976,80919,80920,80921,80924,80925,80926,161839,161840,161841,161842,161843,161846,161847,161848,161849,161850,1,-1,2,-2,1,3,1,-1,-3,-1,2,2,5,2,2,-2,-2,-5,-2,-2
0,1,26975,26978,80925,80926,80927,80930,80931,80932,161851,161852,161853,161854,161855,161858,161859,161860,161861,161862,1,-1,2,-2,1,3,1,-1,-3,-1,2,2,5,2,2,-2,-2,-5,-2,-2
0,1,26977,26980,80931,80932,80933,80936,80937,80938,161863,161864,161865,161866,161867,161870,161871,161872,161873,161874,1,-1,2,-2,1,3,1,-1,-3,-1,2,2,5,2,2,-2,-2,-5,-2,-2
0,1,26979,26982,80937,80938,80939,80942,80943,80944,161875,161876,161877,161878,161879,161882,161883,161884,161885,161886,1,-1,2,-2,1,3,1,-1,-3,-1,2,2,5,2,2,-2,-2,-5,-2,-2
0,1,26981,26984,80943,80944,80945,80948,80949,80950,161887,161888,161889,161890,161891,161894,161895,161896,161897,161898,1,-1,2,-2,1,3,1,-1,-3,-1,2,2,5,2,2,-2,-2,-5,-2,-2
0,1,26983,26986,80949,80950,80951,80954,80955,80956,161899,161900,161901,161902,161903,161906,161907,161908,161909,161910,1,-1,2,-2,1,3,1,-1,-3,-1,2,2,5,2,2,-2,-2,-5,-2,-2
0,1,26985,26988,80955,80956,80957,80960,80961,80962,161911,161912,161913,161914,161915,161918,161919,161920,161921,161922,1,-1,2,-2,1,3,1,-1,-3,-1,2,2,5,2,2,-2,-2,-5,-2,-2
0,1,26987,26990,80961,80962,80963,80966,80967,80968,161923,161924,161925,161926,161927,161930,161931,161932,161933,161934,1,-1,2,-2,1,3,1,-1,-3,-1,2,2,5,2,2,-2,-2,-5,-2,-2
0,1,26989,26992,80967,80968,80969,80972,80973,80974,161935,161936,161937,161938,161939,161942,161943,161944,161945,161946,1,-1,2,-2,1,3,1,-1,-3,-1,2,2,5,2,2,-2,-2,-5,-2,-2
0,1,26991,26994,80973,80974,80975,80978,80979,80980,161947,161948,161949,161950,161951,161954,161955,161956,161957,161958,1,-1,2,-2,1,3,1,-1,-3,-1,2,2,5,2,2,-2,-2,-5,-2,-2
0,1,26993,26996,80979,80980,80981,80984,80985,80986,161959,161960,161961,161962,161963,161966,161967,161968,161969,161970,1,-1,2,-2,1,3,1,-1,-3,-1,2,2,5,2,2,-2,-2,-5,-2,-2
0,1,26995,26998,80985,80986,80987,80990,80991,80992,161971,161972,161973,161974,161975,161978,161979,161980,161981,161982,1,-1,2,-2,1,3,1,-1,-3,-1,2,2,5,2,2,-2,-2,-5,-2,-2
0,1,26997,27000,80991,80992,80993,80996,80997,80998,161983,161984,161985,161986,161987,161990,161991,161992,161993,161994,1,-1,2,-2,1,3,1,-1,-3,-1,2,2,5,2,2,-2,-2,-5,-2,-2
0,1,26999,27002,80997,80998,80999,81002,81003,81004,161995,161996,161997,161998,161999,162002,162003,162004,162005,162006,1,-1,2,-2,1,3,1,-1,-3,-1,2,2,5,2,2,-2,-2,-5,-2,-2
0,1,27001,27004,81003,81004,81005,81008,81009,81010,162007,162008,162009,162010,162011,162014,162015,162016,162017,162018,1,-1,2,-2,1,3,1,-1,-3,-1,2,2,5,2,2,-2,-2,-5,-2,-2
0,1,27003,27006,81009,81010,81011,81014,81015,81016,162019,162020,162021,162022,162023,162026,162027,162028,162029,162030,1,-1,2,-2,1,3,1,-1,-3,-1,2,2,5,2,2,-2,-2,-5,-2,-2
0,1,27005,27008,81015,81016,81017,81020,81021,81022,162031,162032,162033,162034,162035,162038,162039,162040,162041,162042,1,-1,2,-2,1,3,1,-1,-3,-1,2,2,5,2,2,-2,-2,-5,-2,-2
0,1,27007,27010,81021,81022,81023,81026,81027,81028,162043,162044,162045,162046,162047,162050,162051,162052,162053,162054,1,-1,2,-2,1,3,1,-1,-3,-1,2,2,5,2,2,-2,-2,-5,-2,-2
0,1,27009,27012,81027,81028,81029,81032,81033,81034,162055,162056,162057,162058,162059,162062,162063,162064,162065,162066,1,-1,2,-2,1,3,1,-1,-3,-1,2,2,5,2,2,-2,-2,-5,-2,-2
0,1,27011,27014,81033,81034,81035,81038,81039,81040,162067,162068,162069,162070,162071,162074,162075,162076,162077,162078,1,-1,2,-2,1,3,1,-1,-3,-1,2,2,5,2,2,-2,-2,-5,-2,-2
0,1,27013,27016,81039,81040,81041,81044,81045,81046,162079,162080,162081,162082,162083,162086,162087,162088,162089,162090,1,-1,2,-2,1,3,1,-1,-3,-1,2,2,5,2,2,-2,-2,-5,-2,-2
0,1,27015,27018,81045,81046,81047,81050,81051,81052,162091,162092,162093,162094,162095,162098,162099,162100,162101,162102,1,-1,2,-2,1,3,1,-1,-3,-1,2,2,5,2,2,-2,-2,-5,-2,-2
0,1,27017,27020,81051,81052,81053,81056,81057,81058,162103,162104,162105,162106,162107,162110,162111,162112,162113,162114,1,-1,2,-2,1,3,1,-1,-3,-1,2,2,5,2,2,-2,-2,-5,-2,-2
0,1,27019,27022,81057,81058,81059,81062,81063,81064,162115,162116,162117,162118,162119,162122,162123,162124,162125,162126,1,-1,2,-2,1,3,1,-1,-3,-1,2,2,5,2,2,-2,-2,-5,-2,-2
0,1,27021,27024,81063,81064,81065,81068,81069,81070,162127,162128,162129,162130,162131,162134,162135,162136,162137,162138,1,-1,2,-2,1,3,1,-1,-3,-1,2,2,5,2,2,-2,-2,-5,-2,-2
0,1,27023,27026,81069,81070,81071,81074,81075,81076,162139,162140,162141,162142,162143,162146,162147,162148,162149,162150,1,-1,2,-2,1,3,1,-1,-3,-1,2,2,5,2,2,-2,-2,-5,-2,-2
0,1,27025,27028,81075,81076,81077,81080,81081,81082,162151,162152,162153,162154,162155,162158,162159,162160,162161,162162,1,-1,2,-2,1,3,1,-1,-3,-1,2,2,5,2,2,-2,-2,-5,-2,-2
0,1,27027,27030,81081,81082,81083,81086,81087,81088,162163,162164,162165,162166,162167,162170,162171,162172,162173,162174,1,-1,2,-2,1,3,1,-1,-3,-1,2,2,5,2,2,-2,-2,-5,-2,-2
0,1,27029,27032,81087,81088,81089,81092,81093,81094,162175,162176,162177,162178,162179,162182,162183,162184,162185,162186,1,-1,2,-2,1,3,1,-1,-3,-1,2,2,5,2,2,-2,-2,-5,-2,-2
0,1,27031,27034,81093,81094,81095,81098,81099,81100,162187,162188,162189,162190,162191,162194,162195,162196,162197,162198,1,-1,2,-2,1,3,1,-1,-3,-1,2,2,5,2,2,-2,-2,-5,-2,-2
0,1,27033,27036,81099,81100,81101,81104,81105,81106,162199,162200,162201,162202,162203,162206,162207,162208,162209,162210,1,-1,2,-2,1,3,1,-1,-3,-1,2,2,5,2,2,-2,-2,-5,-2,-2
0,1,27035,27038,81105,81106,81107,81110,81111,81112,162211,162212,162213,162214,162215,162218,162219,162220,162221,162222,1,-1,2,-2,1,3,1,-1,-3,-1,2,2,5,2,2,-2,-2,-5,-2,-2
0,1,27037,27040,81111,81112,81113,81116,81117,81118,162223,162224,162225,162226,162227,162230,162231,162232,162233,162234,1,-1,2,-2,1,3,1,-1,-3,-1,2,2,5,2,2,-2,-2,-5,-2,-2
0,1,27039,27042,81117,81118,81119,81122,81123,81124,162235,162236,162237,162238,162239,162242,162243,162244,162245,162246,1,-1,2,-2,1,3,1,-1,-3,-1,2,2,5,2,2,-2,-2,-5,-2,-2
0,1,27041,27044,81123,81124,81125,81128,81129,81130,162247,162248,162249,162250,162251,162254,162255,162256,162257,162258,1,-1,2,-2,1,3,1,-1,-3,-1,2,2,5,2,2,-2,-2,-5,-2,-2
0,1,27043,27046,81129,81130,81131,81134,81135,81136,162259,162260,162261,162262,162263,162266,162267,162268,162269,162270,1,-1,2,-2,1,3,1,-1,-3,-1,2,2,5,2,2,-2,-2,-5,-2,-2
0,1,27045,27048,81135,81136,81137,81140,81141,81142,162271,162272,162273,162274,162275,162278,162279,162280,162281,162282,1,-1,2,-2,1,3,1,-1,-3,-1,2,2,5,2,2,-2,-2,-5,-2,-2
0,1,27047,27050,81141,81142,81143,81146,81147,81148,162283,162284,162285,162286,162287,162290,162291,162292,162293,162294,1,-1,2,-2,1,3,1,-1,-3,-1,2,2,5,2,2,-2,-2,-5,-2,-2
0,1,27049,27052,81147,81148,81149,81152,81153,81154,162295,162296,162297,162298,162299,162302,162303,162304,162305,162306,1,-1,2,-2,1,3,1,-1,-3,-1,2,2,5,2,2,-2,-2,-5,-2,-2
0,1,27051,27054,81153,81154,81155,81158,81159,81160,162307,162308,162309,162310,162311,162314,162315,162316,162317,162318,1,-1,2,-2,1,3,1,-1,-3,-1,2,2,5,2,2,-2,-2,-5,-2,-2
0,1,27053,27056,81159,81160,81161,81164,81165,81166,162319,162320,162321,162322,162323,162326,162327,162328,162329,162330,1,-1,2,-2,1,3,1,-1,-3,-1,2,2,5,2,2,-2,-2,-5,-2,-2
0,1,27055,27058,81165,81166,81167,81170,81171,81172,162331,162332,162333,162334,162335,162338,162339,162340,162341,162342,1,-1,2,-2,1,3,1,-1,-3,-1,2,2,5,2,2,-2,-2,-5,-2,-2
0,1,27057,27060,81171,81172,81173,81176,81177,81178,162343,162344,162345,162346,162347,162350,162351,162352,162353,162354,1,-1,2,-2,1,3,1,-1,-3,-1,2,2,5,2,2,-2,-2,-5,-2,-2
0,1,27059,27062,81177,81178,81179,81182,81183,81184,162355,162356,162357,162358,162359,162362,162363,162364,162365,162366,1,-1,2,-2,1,3,1,-1,-3,-1,2,2,5,2,2,-2,-2,-5,-2,-2
0,1,27061,27064,81183,81184,81185,81188,81189,81190,162367,162368,162369,162370,162371,162374,162375,162376,162377,162378,1,-1,2,-2,1,3,1,-1,-3,-1,2,2,5,2,2,-2,-2,-5,-2,-2
0,1,27063,27066,81189,81190,81191,81194,81195,81196,162379,162380,162381,162382,162383,162386,162387,162388,162389,162390,1,-1,2,-2,1,3,1,-1,-3,-1,2,2,5,2,2,-2,-2,-5,-2,-2
0,1,27065,27068,81195,81196,81197,81200,81201,81202,162391,162392,162393,162394,162395,162398,162399,162400,162401,162402,1,-1,2,-2,1,3,1,-1,-3,-1,2,2,5,2,2,-2,-2,-5,-2,-2
0,1,27067,27070,81201,81202,81203,81206,81207,81208,162403,162404,162405,162406,162407,162410,162411,162412,162413,162414,1,-1,2,-2,1,3,1,-1,-3,-1,2,2,5,2,2,-2,-2,-5,-2,-2
0,1,27069,27072,81207,81208,81209,81212,81213,81214,162415,162416,162417,162418,162419,162422,162423,162424,162425,162426,1,-1,2,-2,1,3,1,-1,-3,-1,2,2,5,2,2,-2,-2,-5,-2,-2
0,1,27071,27074,81213,81214,81215,81218,81219,81220,162427,162428,162429,162430,162431,162434,162435,162436,162437,162438,1,-1,2,-2,1,3,1,-1,-3,-1,2,2,5,2,2,-2,-2,-5,-2,-2
0,1,27073,27076,81219,81220,81221,81224,81225,81226,162439,162440,162441,162442,162443,162446,162447,162448,162449,162450,1,-1,2,-2,1,3,1,-1,-3,-1,2,2,5,2,2,-2,-2,-5,-2,-2
0,1,27075,27078,81225,81226,81227,81230,81231,81232,162451,162452,162453,162454,162455,162458,162459,162460,162461,162462,1,-1,2,-2,1,3,1,-1,-3,-1,2,2,5,2,2,-2,-2,-5,-2,-2
0,1,27077,27080,81231,81232,81233,81236,81237,81238,162463,162464,162465,162466,162467,162470,162471,162472,162473,162474,1,-1,2,-2,1,3,1,-1,-3,-1,2,2,5,2,2,-2,-2,-5,-2,-2
0,1,27079,27082,81237,81238,81239,81242,81243,81244,162475,162476,162477,162478,162479,162482,162483,162484,162485,162486,1,-1,2,-2,1,3,1,-1,-3,-1,2,2,5,2,2,-2,-2,-5,-2,-2
0,1,27081,27084,81243,81244,81245,81248,81249,81250,162487,162488,162489,162490,162491,162494,162495,162496,162497,162498,1,-1,2,-2,1,3,1,-1,-3,-1,2,2,5,2,2,-2,-2,-5,-2,-2
0,1,27083,27086,81249,81250,81251,81254,81255,81256,162499,162500,162501,162502,162503,162506,162507,162508,162509,162510,1,-1,2,-2,1,3,1,-1,-3,-1,2,2,5,2,2,-2,-2,-5,-2,-2
0,1,27085,27088,81255,81256,81257,81260,81261,81262,162511,162512,162513,162514,162515,162518,162519,162520,162521,162522,1,-1,2,-2,1,3,1,-1,-3,-1,2,2,5,2,2,-2,-2,-5,-2,-2
0,1,27087,27090,81261,81262,81263,81266,81267,81268,162523,162524,162525,162526,162527,162530,162531,162532,162533,162534,1,-1,2,-2,1,3,1,-1,-3,-1,2,2,5,2,2,-2,-2,-5,-2,-2
0,1,27089,27092,81267,81268,81269,81272,81273,81274,162535,162536,162537,162538,162539,162542,162543,162544,162545,162546,1,-1,2,-2,1,3,1,-1,-3,-1,2,2,5,2,2,-2,-2,-5,-2,-2
0,1,27091,27094,81273,81274,81275,81278,81279,81280,162547,162548,162549,162550,162551,162554,162555,162556,162557,162558,1,-1,2,-2,1,3,1,-1,-3,-1,2,2,5,2,2,-2,-2,-5,-2,-2
0,1,27093,27096,81279,81280,81281,81284,81285,81286,162559,162560,162561,162562,162563,162566,162567,162568,162569,162570,1,-1,2,-2,1,3,1,-1,-3,-1,2,2,5,2,2,-2,-2,-5,-2,-2
0,1,27095,27098,81285,81286,81287,81290,81291,81292,162571,162572,162573,162574,162575,162578,162579,162580,162581,162582,1,-1,2,-2,1,3,1,-1,-3,-1,2,2,5,2,2,-2,-2,-5,-2,-2
0,1,27097,27100,81291,81292,81293,81296,81297,81298,162583,162584,162585,162586,162587,162590,162591,162592,162593,162594,1,-1,2,-2,1,3,1,-1,-3,-1,2,2,5,2,2,-2,-2,-5,-2,-2
0,1,27099,27102,81297,81298,81299,81302,81303,81304,162595,162596,162597,162598,162599,162602,162603,162604,162605,162606,1,-1,2,-2,1,3,1,-1,-3,-1,2,2,5,2,2,-2,-2,-5,-2,-2
0,1,27101,27104,81303,81304,81305,81308,81309,81310,162607,162608,162609,162610,162611,162614,162615,162616,162617,162618,1,-1,2,-2,1,3,1,-1,-3,-1,2,2,5,2,2,-2,-2,-5,-2,-2
0,1,27103,27106,81309,81310,81311,81314,81315,81316,162619,162620,162621,162622,162623,162626,162627,162628,162629,162630,1,-1,2,-2,1,3,1,-1,-3,-1,2,2,5,2,2,-2,-2,-5,-2,-2
0,1,27105,27108,81315,81316,81317,81320,81321,81322,162631,162632,162633,162634,162635,162638,162639,162640,162641,162642,1,-1,2,-2,1,3,1,-1,-3,-1,2,2,5,2,2,-2,-2,-5,-2,-2
0,1,27107,27110,81321,81322,81323,81326,81327,81328,162643,162644,162645,162646,162647,162650,162651,162652,162653,162654,1,-1,2,-2,1,3,1,-1,-3,-1,2,2,5,2,2,-2,-2,-5,-2,-2
0,1,27109,27112,81327,81328,81329,81332,81333,81334,162655,162656,162657,162658,162659,162662,162663,162664,162665,162666,1,-1,2,-2,1,3,1,-1,-3,-1,2,2,5,2,2,-2,-2,-5,-2,-2
0,1,27111,27114,81333,81334,81335,81338,81339,81340,162667,162668,162669,162670,162671,162674,162675,162676,162677,162678,1,-1,2,-2,1,3,1,-1,-3,-1,2,2,5,2,2,-2,-2,-5,-2,-2
0,1,27113,27116,81339,81340,81341,81344,81345,81346,162679,162680,162681,162682,162683,162686,162687,162688,162689,162690,1,-1,2,-2,1,3,1,-1,-3,-1,2,2,5,2,2,-2,-2,-5,-2,-2
0,1,27115,27118,81345,81346,81347,81350,81351,81352,162691,162692,162693,162694,162695,162698,162699,162700,162701,162702,1,-1,2,-2,1,3,1,-1,-3,-1,2,2,5,2,2,-2,-2,-5,-2,-2
0,1,27117,27120,81351,81352,81353,81356,81357,81358,162703,162704,162705,162706,162707,162710,162711,162712,162713,162714,1,-1,2,-2,1,3,1,-1,-3,-1,2,2,5,2,2,-2,-2,-5,-2,-2
0,1,27119,27122,81357,81358,81359,81362,81363,81364,162715,162716,162717,162718,162719,162722,162723,162724,162725,162726,1,-1,2,-2,1,3,1,-1,-3,-1,2,2,5,2,2,-2,-2,-5,-2,-2
0,1,27121,27124,81363,81364,81365,81368,81369,81370,162727,162728,162729,162730,162731,162734,162735,162736,162737,162738,1,-1,2,-2,1,3,1,-1,-3,-1,2,2,5,2,2,-2,-2,-5,-2,-2
0,1,27123,27126,81369,81370,81371,81374,81375,81376,162739,162740,162741,162742,162743,162746,162747,162748,162749,162750,1,-1,2,-2,1,3,1,-1,-3,-1,2,2,5,2,2,-2,-2,-5,-2,-2
0,1,27125,27128,81375,81376,81377,81380,81381,81382,162751,162752,162753,162754,162755,162758,162759,162760,162761,162762,1,-1,2,-2,1,3,1,-1,-3,-1,2,2,5,2,2,-2,-2,-5,-2,-2
0,1,27127,27130,81381,81382,81383,81386,81387,81388,162763,162764,162765,162766,162767,162770,162771,162772,162773,162774,1,-1,2,-2,1,3,1,-1,-3,-1,2,2,5,2,2,-2,-2,-5,-2,-2
0,1,27129,27132,81387,81388,81389,81392,81393,81394,162775,162776,162777,162778,162779,162782,162783,162784,162785,162786,1,-1,2,-2,1,3,1,-1,-3,-1,2,2,5,2,2,-2,-2,-5,-2,-2
0,1,27131,27134,81393,81394,81395,81398,81399,81400,162787,162788,162789,162790,162791,162794,162795,162796,162797,162798,1,-1,2,-2,1,3,1,-1,-3,-1,2,2,5,2,2,-2,-2,-5,-2,-2
0,1,27133,27136,81399,81400,81401,81404,81405,81406,162799,162800,162801,162802,162803,162806,162807,162808,162809,162810,1,-1,2,-2,1,3,1,-1,-3,-1,2,2,5,2,2,-2,-2,-5,-2,-2
0,1,27135,27138,81405,81406,81407,81410,81411,81412,162811,162812,162813,162814,162815,162818,162819,162820,162821,162822,1,-1,2,-2,1,3,1,-1,-3,-1,2,2,5,2,2,-2,-2,-5,-2,-2
0,1,27137,27140,81411,81412,81413,81416,81417,81418,162823,162824,162825,162826,162827,162830,162831,162832,162833,162834,1,-1,2,-2,1,3,1,-1,-3,-1,2,2,5,2,2,-2,-2,-5,-2,-2
0,1,27139,27142,81417,81418,81419,81422,81423,81424,162835,162836,162837,162838,162839,162842,162843,162844,162845,162846,1,-1,2,-2,1,3,1,-1,-3,-1,2,2,5,2,2,-2,-2,-5,-2,-2
0,1,27141,27144,81423,81424,81425,81428,81429,81430,162847,162848,162849,162850,162851,162854,162855,162856,162857,162858,1,-1,2,-2,1,3,1,-1,-3,-1,2,2,5,2,2,-2,-2,-5,-2,-2
0,1,27143,27146,81429,81430,81431,81434,81435,81436,162859,162860,162861,162862,162863,162866,162867,162868,162869,162870,1,-1,2,-2,1,3,1,-1,-3,-1,2,2,5,2,2,-2,-2,-5,-2,-2
0,1,27145,27148,81435,81436,81437,81440,81441,81442,162871,162872,162873,162874,162875,162878,162879,162880,162881,162882,1,-1,2,-2,1,3,1,-1,-3,-1,2,2,5,2,2,-2,-2,-5,-2,-2
0,1,27147,27150,81441,81442,81443,81446,81447,81448,162883,162884,162885,162886,162887,162890,162891,162892,162893,162894,1,-1,2,-2,1,3,1,-1,-3,-1,2,2,5,2,2,-2,-2,-5,-2,-2
0,1,27149,27152,81447,81448,81449,81452,81453,81454,162895,162896,162897,162898,162899,162902,162903,162904,162905,162906,1,-1,2,-2,1,3,1,-1,-3,-1,2,2,5,2,2,-2,-2,-5,-2,-2
0,1,27151,27154,81453,81454,81455,81458,81459,81460,162907,162908,162909,162910,162911,162914,162915,162916,162917,162918,1,-1,2,-2,1,3,1,-1,-3,-1,2,2,5,2,2,-2,-2,-5,-2,-2
0,1,27153,27156,81459,81460,81461,81464,81465,81466,162919,162920,162921,162922,162923,162926,162927,162928,162929,162930,1,-1,2,-2,1,3,1,-1,-3,-1,2,2,5,2,2,-2,-2,-5,-2,-2
0,1,27155,27158,81465,81466,81467,81470,81471,81472,162931,162932,162933,162934,162935,162938,162939,162940,162941,162942,1,-1,2,-2,1,3,1,-1,-3,-1,2,2,5,2,2,-2,-2,-5,-2,-2
0,1,27157,27160,81471,81472,81473,81476,81477,81478,162943,162944,162945,162946,162947,162950,162951,162952,162953,162954,1,-1,2,-2,1,3,1,-1,-3,-1,2,2,5,2,2,-2,-2,-5,-2,-2
0,1,27159,27162,81477,81478,81479,81482,81483,81484,162955,162956,162957,162958,162959,162962,162963,162964,162965,162966,1,-1,2,-2,1,3,1,-1,-3,-1,2,2,5,2,2,-2,-2,-5,-2,-2
0,1,27161,27164,81483,81484,81485,81488,81489,81490,162967,162968,162969,162970,162971,162974,162975,162976,162977,162978,1,-1,2,-2,1,3,1,-1,-3,-1,2,2,5,2,2,-2,-2,-5,-2,-2
0,1,27163,27166,81489,81490,81491,81494,81495,81496,162979,162980,162981,162982,162983,162986,162987,162988,162989,162990,1,-1,2,-2,1,3,1,-1,-3,-1,2,2,5,2,2,-2,-2,-5,-2,-2
0,1,27165,27168,81495,81496,81497,81500,81501,81502,162991,162992,162993,162994,162995,162998,162999,163000,163001,163002,1,-1,2,-2,1,3,1,-1,-3,-1,2,2,5,2,2,-2,-2,-5,-2,-2
0,1,27167,27170,81501,81502,81503,81506,81507,81508,163003,163004,163005,163006,163007,163010,163011,163012,163013,163014,1,-1,2,-2,1,3,1,-1,-3,-1,2,2,5,2,2,-2,-2,-5,-2,-2
0,1,27169,27172,81507,81508,81509,81512,81513,81514,163015,163016,163017,163018,163019,163022,163023,163024,163025,163026,1,-1,2,-2,1,3,1,-1,-3,-1,2,2,5,2,2,-2,-2,-5,-2,-2
0,1,27171,27174,81513,81514,81515,81518,81519,81520,163027,163028,163029,163030,163031,163034,163035,163036,163037,163038,1,-1,2,-2,1,3,1,-1,-3,-1,2,2,5,2,2,-2,-2,-5,-2,-2
0,1,27173,27176,81519,81520,81521,81524,81525,81526,163039,163040,163041,163042,163043,163046,163047,163048,163049,163050,1,-1,2,-2,1,3,1,-1,-3,-1,2,2,5,2,2,-2,-2,-5,-2,-2
0,1,27175,27178,81525,81526,81527,81530,81531,81532,163051,163052,163053,163054,163055,163058,163059,163060,163061,163062,1,-1,2,-2,1,3,1,-1,-3,-1,2,2,5,2,2,-2,-2,-5,-2,-2
0,1,27177,27180,81531,81532,81533,81536,81537,81538,163063,163064,163065,163066,163067,163070,163071,163072,163073,163074,1,-1,2,-2,1,3,1,-1,-3,-1,2,2,5,2,2,-2,-2,-5,-2,-2
0,1,27179,27182,81537,81538,81539,81542,81543,81544,163075,163076,163077,163078,163079,163082,163083,163084,163085,163086,1,-1,2,-2,1,3,1,-1,-3,-1,2,2,5,2,2,-2,-2,-5,-2,-2
0,1,27181,27184,81543,81544,81545,81548,81549,81550,163087,163088,163089,163090,163091,163094,163095,163096,163097,163098,1,-1,2,-2,1,3,1,-1,-3,-1,2,2,5,2,2,-2,-2,-5,-2,-2
0,1,27183,27186,81549,81550,81551,81554,81555,81556,163099,163100,163101,163102,163103,163106,163107,163108,163109,163110,1,-1,2,-2,1,3,1,-1,-3,-1,2,2,5,2,2,-2,-2,-5,-2,-2
0,1,27185,27188,81555,81556,81557,81560,81561,81562,163111,163112,163113,163114,163115,163118,163119,163120,163121,163122,1,-1,2,-2,1,3,1,-1,-3,-1,2,2,5,2,2,-2,-2,-5,-2,-2
0,1,27187,27190,81561,81562,81563,81566,81567,81568,163123,163124,163125,163126,163127,163130,163131,163132,163133,163134,1,-1,2,-2,1,3,1,-1,-3,-1,2,2,5,2,2,-2,-2,-5,-2,-2
0,1,27189,27192,81567,81568,81569,81572,81573,81574,163135,163136,163137,163138,163139,163142,163143,163144,163145,163146,1,-1,2,-2,1,3,1,-1,-3,-1,2,2,5,2,2,-2,-2,-5,-2,-2
0,1,27191,27194,81573,81574,81575,81578,81579,81580,163147,163148,163149,163150,163151,163154,163155,163156,163157,163158,1,-1,2,-2,1,3,1,-1,-3,-1,2,2,5,2,2,-2,-2,-5,-2,-2
0,1,27193,27196,81579,81580,81581,81584,81585,81586,163159,163160,163161,163162,163163,163166,163167,163168,163169,163170,1,-1,2,-2,1,3,1,-1,-3,-1,2,2,5,2,2,-2,-2,-5,-2,-2
0,1,27195,27198,81585,81586,81587,81590,81591,81592,163171,163172,163173,163174,163175,163178,163179,163180,163181,163182,1,-1,2,-2,1,3,1,-1,-3,-1,2,2,5,2,2,-2,-2,-5,-2,-2
0,1,27197,27200,81591,81592,81593,81596,81597,81598,163183,163184,163185,163186,163187,163190,163191,163192,163193,163194,1,-1,2,-2,1,3,1,-1,-3,-1,2,2,5,2,2,-2,-2,-5,-2,-2
0,1,27199,27202,81597,81598,81599,81602,81603,81604,163195,163196,163197,163198,163199,163202,163203,163204,163205,163206,1,-1,2,-2,1,3,1,-1,-3,-1,2,2,5,2,2,-2,-2,-5,-2,-2
0,1,27201,27204,81603,81604,81605,81608,81609,81610,163207,163208,163209,163210,163211,163214,163215,163216,163217,163218,1,-1,2,-2,1,3,1,-1,-3,-1,2,2,5,2,2,-2,-2,-5,-2,-2
0,1,27203,27206,81609,81610,81611,81614,81615,81616,163219,163220,163221,163222,163223,163226,163227,163228,163229,163230,1,-1,2,-2,1,3,1,-1,-3,-1,2,2,5,2,2,-2,-2,-5,-2,-2
0,1,27205,27208,81615,81616,81617,81620,81621,81622,163231,163232,163233,163234,163235,163238,163239,163240,163241,163242,1,-1,2,-2,1,3,1,-1,-3,-1,2,2,5,2,2,-2,-2,-5,-2,-2
0,1,27207,27210,81621,81622,81623,81626,81627,81628,163243,163244,163245,163246,163247,163250,163251,163252,163253,163254,1,-1,2,-2,1,3,1,-1,-3,-1,2,2,5,2,2,-2,-2,-5,-2,-2
0,1,27209,27212,81627,81628,81629,81632,81633,81634,163255,163256,163257,163258,163259,163262,163263,163264,163265,163266,1,-1,2,-2,1,3,1,-1,-3,-1,2,2,5,2,2,-2,-2,-5,-2,-2
0,1,27211,27214,81633,81634,81635,81638,81639,81640,163267,163268,163269,163270,163271,163274,163275,163276,163277,163278,1,-1,2,-2,1,3,1,-1,-3,-1,2,2,5,2,2,-2,-2,-5,-2,-2
0,1,27213,27216,81639,81640,81641,81644,81645,81646,163279,163280,163281,163282,163283,163286,163287,163288,163289,163290,1,-1,2,-2,1,3,1,-1,-3,-1,2,2,5,2,2,-2,-2,-5,-2,-2
0,1,27215,27218,81645,81646,81647,81650,81651,81652,163291,163292,163293,163294,163295,163298,163299,163300,163301,163302,1,-1,2,-2,1,3,1,-1,-3,-1,2,2,5,2,2,-2,-2,-5,-2,-2
0,1,27217,27220,81651,81652,81653,81656,81657,81658,163303,163304,163305,163306,163307,163310,163311,163312,163313,163314,1,-1,2,-2,1,3,1,-1,-3,-1,2,2,5,2,2,-2,-2,-5,-2,-2
0,1,27219,27222,81657,81658,81659,81662,81663,81664,163315,163316,163317,163318,163319,163322,163323,163324,163325,163326,1,-1,2,-2,1,3,1,-1,-3,-1,2,2,5,2,2,-2,-2,-5,-2,-2
0,1,27221,27224,81663,81664,81665,81668,81669,81670,163327,163328,163329,163330,163331,163334,163335,163336,163337,163338,1,-1,2,-2,1,3,1,-1,-3,-1,2,2,5,2,2,-2,-2,-5,-2,-2
0,1,27223,27226,81669,81670,81671,81674,81675,81676,163339,163340,163341,163342,163343,163346,163347,163348,163349,163350,1,-1,2,-2,1,3,1,-1,-3,-1,2,2,5,2,2,-2,-2,-5,-2,-2
0,1,27225,27228,81675,81676,81677,81680,81681,81682,163351,163352,163353,163354,163355,163358,163359,163360,163361,163362,1,-1,2,-2,1,3,1,-1,-3,-1,2,2,5,2,2,-2,-2,-5,-2,-2
0,1,27227,27230,81681,81682,81683,81686,81687,81688,163363,163364,163365,163366,163367,163370,163371,163372,163373,163374,1,-1,2,-2,1,3,1,-1,-3,-1,2,2,5,2,2,-2,-2,-5,-2,-2
0,1,27229,27232,81687,81688,81689,81692,81693,81694,163375,163376,163377,163378,163379,163382,163383,163384,163385,163386,1,-1,2,-2,1,3,1,-1,-3,-1,2,2,5,2,2,-2,-2,-5,-2,-2
0,1,27231,27234,81693,81694,81695,81698,81699,81700,163387,163388,163389,163390,163391,163394,163395,163396,163397,163398,1,-1,2,-2,1,3,1,-1,-3,-1,2,2,5,2,2,-2,-2,-5,-2,-2
0,1,27233,27236,81699,81700,81701,81704,81705,81706,163399,163400,163401,163402,163403,163406,163407,163408,163409,163410,1,-1,2,-2,1,3,1,-1,-3,-1,2,2,5,2,2,-2,-2,-5,-2,-2
0,1,27235,27238,81705,81706,81707,81710,81711,81712,163411,163412,163413,163414,163415,163418,163419,163420,163421,163422,1,-1,2,-2,1,3,1,-1,-3,-1,2,2,5,2,2,-2,-2,-5,-2,-2
0,1,27237,27240,81711,81712,81713,81716,81717,81718,163423,163424,163425,163426,163427,163430,163431,163432,163433,163434,1,-1,2,-2,1,3,1,-1,-3,-1,2,2,5,2,2,-2,-2,-5,-2,-2
0,1,27239,27242,81717,81718,81719,81722,81723,81724,163435,163436,163437,163438,163439,163442,163443,163444,163445,163446,1,-1,2,-2,1,3,1,-1,-3,-1,2,2,5,2,2,-2,-2,-5,-2,-2
0,1,27241,27244,81723,81724,81725,81728,81729,81730,163447,163448,163449,163450,163451,163454,163455,163456,163457,163458,1,-1,2,-2,1,3,1,-1,-3,-1,2,2,5,2,2,-2,-2,-5,-2,-2
0,1,27243,27246,81729,81730,81731,81734,81735,81736,163459,163460,163461,163462,163463,163466,163467,163468,163469,163470,1,-1,2,-2,1,3,1,-1,-3,-1,2,2,5,2,2,-2,-2,-5,-2,-2
0,1,27245,27248,81735,81736,81737,81740,81741,81742,163471,163472,163473,163474,163475,163478,163479,163480,163481,163482,1,-1,2,-2,1,3,1,-1,-3,-1,2,2,5,2,2,-2,-2,-5,-2,-2
0,1,27247,27250,81741,81742,81743,81746,81747,81748,163483,163484,163485,163486,163487,163490,163491,163492,163493,163494,1,-1,2,-2,1,3,1,-1,-3,-1,2,2,5,2,2,-2,-2,-5,-2,-2
0,1,27249,27252,81747,81748,81749,81752,81753,81754,163495,163496,163497,163498,163499,163502,163503,163504,163505,163506,1,-1,2,-2,1,3,1,-1,-3,-1,2,2,5,2,2,-2,-2,-5,-2,-2
0,1,27251,27254,81753,81754,81755,81758,81759,81760,163507,163508,163509,163510,163511,163514,163515,163516,163517,163518,1,-1,2,-2,1,3,1,-1,-3,-1,2,2,5,2,2,-2,-2,-5,-2,-2
0,1,27253,27256,81759,81760,81761,81764,81765,81766,163519,163520,163521,163522,163523,163526,163527,163528,163529,163530,1,-1,2,-2,1,3,1,-1,-3,-1,2,2,5,2,2,-2,-2,-5,-2,-2
0,1,27255,27258,81765,81766,81767,81770,81771,81772,163531,163532,163533,163534,163535,163538,163539,163540,163541,163542,1,-1,2,-2,1,3,1,-1,-3,-1,2,2,5,2,2,-2,-2,-5,-2,-2
0,1,27257,27260,81771,81772,81773,81776,81777,81778,163543,163544,163545,163546,163547,163550,163551,163552,163553,163554,1,-1,2,-2,1,3,1,-1,-3,-1,2,2,5,2,2,-2,-2,-5,-2,-2
0,1,27259,27262,81777,81778,81779,81782,81783,81784,163555,163556,163557,163558,163559,163562,163563,163564,163565,163566,1,-1,2,-2,1,3,1,-1,-3,-1,2,2,5,2,2,-2,-2,-5,-2,-2
0,1,27261,27264,81783,81784,81785,81788,81789,81790,163567,163568,163569,163570,163571,163574,163575,163576,163577,163578,1,-1,2,-2,1,3,1,-1,-3,-1,2,2,5,2,2,-2,-2,-5,-2,-2
0,1,27263,27266,81789,81790,81791,81794,81795,81796,163579,163580,163581,163582,163583,163586,163587,163588,163589,163590,1,-1,2,-2,1,3,1,-1,-3,-1,2,2,5,2,2,-2,-2,-5,-2,-2
0,1,27265,27268,81795,81796,81797,81800,81801,81802,163591,163592,163593,163594,163595,163598,163599,163600,163601,163602,1,-1,2,-2,1,3,1,-1,-3,-1,2,2,5,2,2,-2,-2,-5,-2,-2
0,1,27267,27270,81801,81802,81803,81806,81807,81808,163603,163604,163605,163606,163607,163610,163611,163612,163613,163614,1,-1,2,-2,1,3,1,-1,-3,-1,2,2,5,2,2,-2,-2,-5,-2,-2
0,1,27269,27272,81807,81808,81809,81812,81813,81814,163615,163616,163617,163618,163619,163622,163623,163624,163625,163626,1,-1,2,-2,1,3,1,-1,-3,-1,2,2,5,2,2,-2,-2,-5,-2,-2
0,1,27271,27274,81813,81814,81815,81818,81819,81820,163627,163628,163629,163630,163631,163634,163635,163636,163637,163638,1,-1,2,-2,1,3,1,-1,-3,-1,2,2,5,2,2,-2,-2,-5,-2,-2
0,1,27273,27276,81819,81820,81821,81824,81825,81826,163639,163640,163641,163642,163643,163646,163647,163648,163649,163650,1,-1,2,-2,1,3,1,-1,-3,-1,2,2,5,2,2,-2,-2,-5,-2,-2
0,1,27275,27278,81825,81826,81827,81830,81831,81832,163651,163652,163653,163654,163655,163658,163659,163660,163661,163662,1,-1,2,-2,1,3,1,-1,-3,-1,2,2,5,2,2,-2,-2,-5,-2,-2
0,1,27277,27280,81831,81832,81833,81836,81837,81838,163663,163664,163665,163666,163667,163670,163671,163672,163673,163674,1,-1,2,-2,1,3,1,-1,-3,-1,2,2,5,2,2,-2,-2,-5,-2,-2
0,1,27279,27282,81837,81838,81839,81842,81843,81844,163675,163676,163677,163678,163679,163682,163683,163684,163685,163686,1,-1,2,-2,1,3,1,-1,-3,-1,2,2,5,2,2,-2,-2,-5,-2,-2
0,1,27281,27284,81843,81844,81845,81848,81849,81850,163687,163688,163689,163690,163691,163694,163695,163696,163697,163698,1,-1,2,-2,1,3,1,-1,-3,-1,2,2,5,2,2,-2,-2,-5,-2,-2
0,1,27283,27286,81849,81850,81851,81854,81855,81856,163699,163700,163701,163702,163703,163706,163707,163708,163709,163710,1,-1,2,-2,1,3,1,-1,-3,-1,2,2,5,2,2,-2,-2,-5,-2,-2
0,1,27285,27288,81855,81856,81857,81860,81861,81862,163711,163712,163713,163714,163715,163718,163719,163720,163721,163722,1,-1,2,-2,1,3,1,-1,-3,-1,2,2,5,2,2,-2,-2,-5,-2,-2
0,1,27287,27290,81861,81862,81863,81866,81867,81868,163723,163724,163725,163726,163727,163730,163731,163732,163733,163734,1,-1,2,-2,1,3,1,-1,-3,-1,2,2,5,2,2,-2,-2,-5,-2,-2
0,1,27289,27292,81867,81868,81869,81872,81873,81874,163735,163736,163737,163738,163739,163742,163743,163744,163745,163746,1,-1,2,-2,1,3,1,-1,-3,-1,2,2,5,2,2,-2,-2,-5,-2,-2
0,1,27291,27294,81873,81874,81875,81878,81879,81880,163747,163748,163749,163750,163751,163754,163755,163756,163757,163758,1,-1,2,-2,1,3,1,-1,-3,-1,2,2,5,2,2,-2,-2,-5,-2,-2
0,1,27293,27296,81879,81880,81881,81884,81885,81886,163759,163760,163761,163762,163763,163766,163767,163768,163769,163770,1,-1,2,-2,1,3,1,-1,-3,-1,2,2,5,2,2,-2,-2,-5,-2,-2
0,1,27295,27298,81885,81886,81887,81890,81891,81892,163771,163772,163773,163774,163775,163778,163779,163780,163781,163782,1,-1,2,-2,1,3,1,-1,-3,-1,2,2,5,2,2,-2,-2,-5,-2,-2
0,1,27297,27300,81891,81892,81893,81896,81897,81898,163783,163784,163785,163786,163787,163790,163791,163792,163793,163794,1,-1,2,-2,1,3,1,-1,-3,-1,2,2,5,2,2,-2,-2,-5,-2,-2
0,1,27299,27302,81897,81898,81899,81902,81903,81904,163795,163796,163797,163798,163799,163802,163803,163804,163805,163806,1,-1,2,-2,1,3,1,-1,-3,-1,2,2,5,2,2,-2,-2,-5,-2,-2
0,1,27301,27304,81903,81904,81905,81908,81909,81910,163807,163808,163809,163810,163811,163814,163815,163816,163817,163818,1,-1,2,-2,1,3,1,-1,-3,-1,2,2,5,2,2,-2,-2,-5,-2,-2
0,1,27303,27306,81909,81910,81911,81914,81915,81916,163819,163820,163821,163822,163823,163826,163827,163828,163829,163830,1,-1,2,-2,1,3,1,-1,-3,-1,2,2,5,2,2,-2,-2,-5,-2,-2
0,1,27305,27308,81915,81916,81917,81920,81921,81922,163831,163832,163833,163834,163835,163838,163839,163840,163841,163842,1,-1,2,-2,1,3,1,-1,-3,-1,2,2,5,2,2,-2,-2,-5,-2,-2
0,1,27307,27310,81921,81922,81923,81926,81927,81928,163843,163844,163845,163846,163847,163850,163851,163852,163853,163854,1,-1,2,-2,1,3,1,-1,-3,-1,2,2,5,2,2,-2,-2,-5,-2,-2
0,1,27309,27312,81927,81928,81929,81932,81933,81934,163855,163856,163857,163858,163859,163862,163863,163864,163865,163866,1,-1,2,-2,1,3,1,-1,-3,-1,2,2,5,2,2,-2,-2,-5,-2,-2
0,1,27311,27314,81933,81934,81935,81938,81939,81940,163867,163868,163869,163870,163871,163874,163875,163876,163877,163878,1,-1,2,-2,1,3,1,-1,-3,-1,2,2,5,2,2,-2,-2,-5,-2,-2
0,1,27313,27316,81939,81940,81941,81944,81945,81946,163879,163880,163881,163882,163883,163886,163887,163888,163889,163890,1,-1,2,-2,1,3,1,-1,-3,-1,2,2,5,2,2,-2,-2,-5,-2,-2
0,1,27315,27318,81945,81946,81947,81950,81951,81952,163891,163892,163893,163894,163895,163898,163899,163900,163901,163902,1,-1,2,-2,1,3,1,-1,-3,-1,2,2,5,2,2,-2,-2,-5,-2,-2
0,1,27317,27320,81951,81952,81953,81956,81957,81958,163903,163904,163905,163906,163907,163910,163911,163912,163913,163914,1,-1,2,-2,1,3,1,-1,-3,-1,2,2,5,2,2,-2,-2,-5,-2,-2
0,1,27319,27322,81957,81958,81959,81962,81963,81964,163915,163916,163917,163918,163919,163922,163923,163924,163925,163926,1,-1,2,-2,1,3,1,-1,-3,-1,2,2,5,2,2,-2,-2,-5,-2,-2
0,1,27321,27324,81963,81964,81965,81968,81969,81970,163927,163928,163929,163930,163931,163934,163935,163936,163937,163938,1,-1,2,-2,1,3,1,-1,-3,-1,2,2,5,2,2,-2,-2,-5,-2,-2
0,1,27323,27326,81969,81970,81971,81974,81975,81976,163939,163940,163941,163942,163943,163946,163947,163948,163949,163950,1,-1,2,-2,1,3,1,-1,-3,-1,2,2,5,2,2,-2,-2,-5,-2,-2
0,1,27325,27328,81975,81976,81977,81980,81981,81982,163951,163952,163953,163954,163955,163958,163959,163960,163961,163962,1,-1,2,-2,1,3,1,-1,-3,-1,2,2,5,2,2,-2,-2,-5,-2,-2
0,1,27327,27330,81981,81982,81983,81986,81987,81988,163963,163964,163965,163966,163967,163970,163971,163972,163973,163974,1,-1,2,-2,1,3,1,-1,-3,-1,2,2,5,2,2,-2,-2,-5,-2,-2
0,1,27329,27332,81987,81988,81989,81992,81993,81994,163975,163976,163977,163978,163979,163982,163983,163984,163985,163986,1,-1,2,-2,1,3,1,-1,-3,-1,2,2,5,2,2,-2,-2,-5,-2,-2
0,1,27331,27334,81993,81994,81995,81998,81999,82000,163987,163988,163989,163990,163991,163994,163995,163996,163997,163998,1,-1,2,-2,1,3,1,-1,-3,-1,2,2,5,2,2,-2,-2,-5,-2,-2
0,1,27333,27336,81999,82000,82001,82004,82005,82006,163999,164000,164001,164002,164003,164006,164007,164008,164009,164010,1,-1,2,-2,1,3,1,-1,-3,-1,2,2,5,2,2,-2,-2,-5,-2,-2
0,1,27335,27338,82005,82006,82007,82010,82011,82012,164011,164012,164013,164014,164015,164018,164019,164020,164021,164022,1,-1,2,-2,1,3,1,-1,-3,-1,2,2,5,2,2,-2,-2,-5,-2,-2
0,1,27337,27340,82011,82012,82013,82016,82017,82018,164023,164024,164025,164026,164027,164030,164031,164032,164033,164034,1,-1,2,-2,1,3,1,-1,-3,-1,2,2,5,2,2,-2,-2,-5,-2,-2
0,1,27339,27342,82017,82018,82019,82022,82023,82024,164035,164036,164037,164038,164039,164042,164043,164044,164045,164046,1,-1,2,-2,1,3,1,-1,-3,-1,2,2,5,2,2,-2,-2,-5,-2,-2
0,1,27341,27344,82023,82024,82025,82028,82029,82030,164047,164048,164049,164050,164051,164054,164055,164056,164057,164058,1,-1,2,-2,1,3,1,-1,-3,-1,2,2,5,2,2,-2,-2,-5,-2,-2
0,1,27343,27346,82029,82030,82031,82034,82035,82036,164059,164060,164061,164062,164063,164066,164067,164068,164069,164070,1,-1,2,-2,1,3,1,-1,-3,-1,2,2,5,2,2,-2,-2,-5,-2,-2
0,1,27345,27348,82035,82036,82037,82040,82041,82042,164071,164072,164073,164074,164075,164078,164079,164080,164081,164082,1,-1,2,-2,1,3,1,-1,-3,-1,2,2,5,2,2,-2,-2,-5,-2,-2
0,1,27347,27350,82041,82042,82043,82046,82047,82048,164083,164084,164085,164086,164087,164090,164091,164092,164093,164094,1,-1,2,-2,1,3,1,-1,-3,-1,2,2,5,2,2,-2,-2,-5,-2,-2
0,1,27349,27352,82047,82048,82049,82052,82053,82054,164095,164096,164097,164098,164099,164102,164103,164104,164105,164106,1,-1,2,-2,1,3,1,-1,-3,-1,2,2,5,2,2,-2,-2,-5,-2,-2
0,1,27351,27354,82053,82054,82055,82058,82059,82060,164107,164108,164109,164110,164111,164114,164115,164116,164117,164118,1,-1,2,-2,1,3,1,-1,-3,-1,2,2,5,2,2,-2,-2,-5,-2,-2
0,1,27353,27356,82059,82060,82061,82064,82065,82066,164119,164120,164121,164122,164123,164126,164127,164128,164129,164130,1,-1,2,-2,1,3,1,-1,-3,-1,2,2,5,2,2,-2,-2,-5,-2,-2
0,1,27355,27358,82065,82066,82067,82070,82071,82072,164131,164132,164133,164134,164135,164138,164139,164140,164141,164142,1,-1,2,-2,1,3,1,-1,-3,-1,2,2,5,2,2,-2,-2,-5,-2,-2
0,1,27357,27360,82071,82072,82073,82076,82077,82078,164143,164144,164145,164146,164147,164150,164151,164152,164153,164154,1,-1,2,-2,1,3,1,-1,-3,-1,2,2,5,2,2,-2,-2,-5,-2,-2
0,1,27359,27362,82077,82078,82079,82082,82083,82084,164155,164156,164157,164158,164159,164162,164163,164164,164165,164166,1,-1,2,-2,1,3,1,-1,-3,-1,2,2,5,2,2,-2,-2,-5,-2,-2
0,1,27361,27364,82083,82084,82085,82088,82089,82090,164167,164168,164169,164170,164171,164174,164175,164176,164177,164178,1,-1,2,-2,1,3,1,-1,-3,-1,2,2,5,2,2,-2,-2,-5,-2,-2
0,1,27363,27366,82089,82090,82091,82094,82095,82096,164179,164180,164181,164182,164183,164186,164187,164188,164189,164190,1,-1,2,-2,1,3,1,-1,-3,-1,2,2,5,2,2,-2,-2,-5,-2,-2
0,1,27365,27368,82095,82096,82097,82100,82101,82102,164191,164192,164193,164194,164195,164198,164199,164200,164201,164202,1,-1,2,-2,1,3,1,-1,-3,-1,2,2,5,2,2,-2,-2,-5,-2,-2
0,1,27367,27370,82101,82102,82103,82106,82107,82108,164203,164204,164205,164206,164207,164210,164211,164212,164213,164214,1,-1,2,-2,1,3,1,-1,-3,-1,2,2,5,2,2,-2,-2,-5,-2,-2
0,1,27369,27372,82107,82108,82109,82112,82113,82114,164215,164216,164217,164218,164219,164222,164223,164224,164225,164226,1,-1,2,-2,1,3,1,-1,-3,-1,2,2,5,2,2,-2,-2,-5,-2,-2
0,1,27371,27374,82113,82114,82115,82118,82119,82120,164227,164228,164229,164230,164231,164234,164235,164236,164237,164238,1,-1,2,-2,1,3,1,-1,-3,-1,2,2,5,2,2,-2,-2,-5,-2,-2
0,1,27373,27376,82119,82120,82121,82124,82125,82126,164239,164240,164241,164242,164243,164246,164247,164248,164249,164250,1,-1,2,-2,1,3,1,-1,-3,-1,2,2,5,2,2,-2,-2,-5,-2,-2
0,1,27375,27378,82125,82126,82127,82130,82131,82132,164251,164252,164253,164254,164255,164258,164259,164260,164261,164262,1,-1,2,-2,1,3,1,-1,-3,-1,2,2,5,2,2,-2,-2,-5,-2,-2
0,1,27377,27380,82131,82132,82133,82136,82137,82138,164263,164264,164265,164266,164267,164270,164271,164272,164273,164274,1,-1,2,-2,1,3,1,-1,-3,-1,2,2,5,2,2,-2,-2,-5,-2,-2
0,1,27379,27382,82137,82138,82139,82142,82143,82144,164275,164276,164277,164278,164279,164282,164283,164284,164285,164286,1,-1,2,-2,1,3,1,-1,-3,-1,2,2,5,2,2,-2,-2,-5,-2,-2
0,1,27381,27384,82143,82144,82145,82148,82149,82150,164287,164288,164289,164290,164291,164294,164295,164296,164297,164298,1,-1,2,-2,1,3,1,-1,-3,-1,2,2,5,2,2,-2,-2,-5,-2,-2
0,1,27383,27386,82149,82150,82151,82154,82155,82156,164299,164300,164301,164302,164303,164306,164307,164308,164309,164310,1,-1,2,-2,1,3,1,-1,-3,-1,2,2,5,2,2,-2,-2,-5,-2,-2
0,1,27385,27388,82155,82156,82157,82160,82161,82162,164311,164312,164313,164314,164315,164318,164319,164320,164321,164322,1,-1,2,-2,1,3,1,-1,-3,-1,2,2,5,2,2,-2,-2,-5,-2,-2
0,1,27387,27390,82161,82162,82163,82166,82167,82168,164323,164324,164325,164326,164327,164330,164331,164332,164333,164334,1,-1,2,-2,1,3,1,-1,-3,-1,2,2,5,2,2,-2,-2,-5,-2,-2
0,1,27389,27392,82167,82168,82169,82172,82173,82174,164335,164336,164337,164338,164339,164342,164343,164344,164345,164346,1,-1,2,-2,1,3,1,-1,-3,-1,2,2,5,2,2,-2,-2,-5,-2,-2
0,1,27391,27394,82173,82174,82175,82178,82179,82180,164347,164348,164349,164350,164351,164354,164355,164356,164357,164358,1,-1,2,-2,1,3,1,-1,-3,-1,2,2,5,2,2,-2,-2,-5,-2,-2
0,1,27393,27396,82179,82180,82181,82184,82185,82186,164359,164360,164361,164362,164363,164366,164367,164368,164369,164370,1,-1,2,-2,1,3,1,-1,-3,-1,2,2,5,2,2,-2,-2,-5,-2,-2
0,1,27395,27398,82185,82186,82187,82190,82191,82192,164371,164372,164373,164374,164375,164378,164379,164380,164381,164382,1,-1,2,-2,1,3,1,-1,-3,-1,2,2,5,2,2,-2,-2,-5,-2,-2
0,1,27397,27400,82191,82192,82193,82196,82197,82198,164383,164384,164385,164386,164387,164390,164391,164392,164393,164394,1,-1,2,-2,1,3,1,-1,-3,-1,2,2,5,2,2,-2,-2,-5,-2,-2
0,1,27399,27402,82197,82198,82199,82202,82203,82204,164395,164396,164397,164398,164399,164402,164403,164404,164405,164406,1,-1,2,-2,1,3,1,-1,-3,-1,2,2,5,2,2,-2,-2,-5,-2,-2
0,1,27401,27404,82203,82204,82205,82208,82209,82210,164407,164408,164409,164410,164411,164414,164415,164416,164417,164418,1,-1,2,-2,1,3,1,-1,-3,-1,2,2,5,2,2,-2,-2,-5,-2,-2
0,1,27403,27406,82209,82210,82211,82214,82215,82216,164419,164420,164421,164422,164423,164426,164427,164428,164429,164430,1,-1,2,-2,1,3,1,-1,-3,-1,2,2,5,2,2,-2,-2,-5,-2,-2
0,1,27405,27408,82215,82216,82217,82220,82221,82222,164431,164432,164433,164434,164435,164438,164439,164440,164441,164442,1,-1,2,-2,1,3,1,-1,-3,-1,2,2,5,2,2,-2,-2,-5,-2,-2
0,1,27407,27410,82221,82222,82223,82226,82227,82228,164443,164444,164445,164446,164447,164450,164451,164452,164453,164454,1,-1,2,-2,1,3,1,-1,-3,-1,2,2,5,2,2,-2,-2,-5,-2,-2
0,1,27409,27412,82227,82228,82229,82232,82233,82234,164455,164456,164457,164458,164459,164462,164463,164464,164465,164466,1,-1,2,-2,1,3,1,-1,-3,-1,2,2,5,2,2,-2,-2,-5,-2,-2
0,1,27411,27414,82233,82234,82235,82238,82239,82240,164467,164468,164469,164470,164471,164474,164475,164476,164477,164478,1,-1,2,-2,1,3,1,-1,-3,-1,2,2,5,2,2,-2,-2,-5,-2,-2
0,1,27413,27416,82239,82240,82241,82244,82245,82246,164479,164480,164481,164482,164483,164486,164487,164488,164489,164490,1,-1,2,-2,1,3,1,-1,-3,-1,2,2,5,2,2,-2,-2,-5,-2,-2
0,1,27415,27418,82245,82246,82247,82250,82251,82252,164491,164492,164493,164494,164495,164498,164499,164500,164501,164502,1,-1,2,-2,1,3,1,-1,-3,-1,2,2,5,2,2,-2,-2,-5,-2,-2
0,1,27417,27420,82251,82252,82253,82256,82257,82258,164503,164504,164505,164506,164507,164510,164511,164512,164513,164514,1,-1,2,-2,1,3,1,-1,-3,-1,2,2,5,2,2,-2,-2,-5,-2,-2
0,1,27419,27422,82257,82258,82259,82262,82263,82264,164515,164516,164517,164518,164519,164522,164523,164524,164525,164526,1,-1,2,-2,1,3,1,-1,-3,-1,2,2,5,2,2,-2,-2,-5,-2,-2
0,1,27421,27424,82263,82264,82265,82268,82269,82270,164527,164528,164529,164530,164531,164534,164535,164536,164537,164538,1,-1,2,-2,1,3,1,-1,-3,-1,2,2,5,2,2,-2,-2,-5,-2,-2
0,1,27423,27426,82269,82270,82271,82274,82275,82276,164539,164540,164541,164542,164543,164546,164547,164548,164549,164550,1,-1,2,-2,1,3,1,-1,-3,-1,2,2,5,2,2,-2,-2,-5,-2,-2
0,1,27425,27428,82275,82276,82277,82280,82281,82282,164551,164552,164553,164554,164555,164558,164559,164560,164561,164562,1,-1,2,-2,1,3,1,-1,-3,-1,2,2,5,2,2,-2,-2,-5,-2,-2
0,1,27427,27430,82281,82282,82283,82286,82287,82288,164563,164564,164565,164566,164567,164570,164571,164572,164573,164574,1,-1,2,-2,1,3,1,-1,-3,-1,2,2,5,2,2,-2,-2,-5,-2,-2
0,1,27429,27432,82287,82288,82289,82292,82293,82294,164575,164576,164577,164578,164579,164582,164583,164584,164585,164586,1,-1,2,-2,1,3,1,-1,-3,-1,2,2,5,2,2,-2,-2,-5,-2,-2
0,1,27431,27434,82293,82294,82295,82298,82299,82300,164587,164588,164589,164590,164591,164594,164595,164596,164597,164598,1,-1,2,-2,1,3,1,-1,-3,-1,2,2,5,2,2,-2,-2,-5,-2,-2
0,1,27433,27436,82299,82300,82301,82304,82305,82306,164599,164600,164601,164602,164603,164606,164607,164608,164609,164610,1,-1,2,-2,1,3,1,-1,-3,-1,2,2,5,2,2,-2,-2,-5,-2,-2
0,1,27435,27438,82305,82306,82307,82310,82311,82312,164611,164612,164613,164614,164615,164618,164619,164620,164621,164622,1,-1,2,-2,1,3,1,-1,-3,-1,2,2,5,2,2,-2,-2,-5,-2,-2
0,1,27437,27440,82311,82312,82313,82316,82317,82318,164623,164624,164625,164626,164627,164630,164631,164632,164633,164634,1,-1,2,-2,1,3,1,-1,-3,-1,2,2,5,2,2,-2,-2,-5,-2,-2
0,1,27439,27442,82317,82318,82319,82322,82323,82324,164635,164636,164637,164638,164639,164642,164643,164644,164645,164646,1,-1,2,-2,1,3,1,-1,-3,-1,2,2,5,2,2,-2,-2,-5,-2,-2
0,1,27441,27444,82323,82324,82325,82328,82329,82330,164647,164648,164649,164650,164651,164654,164655,164656,164657,164658,1,-1,2,-2,1,3,1,-1,-3,-1,2,2,5,2,2,-2,-2,-5,-2,-2
0,1,27443,27446,82329,82330,82331,82334,82335,82336,164659,164660,164661,164662,164663,164666,164667,164668,164669,164670,1,-1,2,-2,1,3,1,-1,-3,-1,2,2,5,2,2,-2,-2,-5,-2,-2
0,1,27445,27448,82335,82336,82337,82340,82341,82342,164671,164672,164673,164674,164675,164678,164679,164680,164681,164682,1,-1,2,-2,1,3,1,-1,-3,-1,2,2,5,2,2,-2,-2,-5,-2,-2
0,1,27447,27450,82341,82342,82343,82346,82347,82348,164683,164684,164685,164686,164687,164690,164691,164692,164693,164694,1,-1,2,-2,1,3,1,-1,-3,-1,2,2,5,2,2,-2,-2,-5,-2,-2
0,1,27449,27452,82347,82348,82349,82352,82353,82354,164695,164696,164697,164698,164699,164702,164703,164704,164705,164706,1,-1,2,-2,1,3,1,-1,-3,-1,2,2,5,2,2,-2,-2,-5,-2,-2
0,1,27451,27454,82353,82354,82355,82358,82359,82360,164707,164708,164709,164710,164711,164714,164715,164716,164717,164718,1,-1,2,-2,1,3,1,-1,-3,-1,2,2,5,2,2,-2,-2,-5,-2,-2
0,1,27453,27456,82359,82360,82361,82364,82365,82366,164719,164720,164721,164722,164723,164726,164727,164728,164729,164730,1,-1,2,-2,1,3,1,-1,-3,-1,2,2,5,2,2,-2,-2,-5,-2,-2
0,1,27455,27458,82365,82366,82367,82370,82371,82372,164731,164732,164733,164734,164735,164738,164739,164740,164741,164742,1,-1,2,-2,1,3,1,-1,-3,-1,2,2,5,2,2,-2,-2,-5,-2,-2
0,1,27457,27460,82371,82372,82373,82376,82377,82378,164743,164744,164745,164746,164747,164750,164751,164752,164753,164754,1,-1,2,-2,1,3,1,-1,-3,-1,2,2,5,2,2,-2,-2,-5,-2,-2
0,1,27459,27462,82377,82378,82379,82382,82383,82384,164755,164756,164757,164758,164759,164762,164763,164764,164765,164766,1,-1,2,-2,1,3,1,-1,-3,-1,2,2,5,2,2,-2,-2,-5,-2,-2
0,1,27461,27464,82383,82384,82385,82388,82389,82390,164767,164768,164769,164770,164771,164774,164775,164776,164777,164778,1,-1,2,-2,1,3,1,-1,-3,-1,2,2,5,2,2,-2,-2,-5,-2,-2
0,1,27463,27466,82389,82390,82391,82394,82395,82396,164779,164780,164781,164782,164783,164786,164787,164788,164789,164790,1,-1,2,-2,1,3,1,-1,-3,-1,2,2,5,2,2,-2,-2,-5,-2,-2
0,1,27465,27468,82395,82396,82397,82400,82401,82402,164791,164792,164793,164794,164795,164798,164799,164800,164801,164802,1,-1,2,-2,1,3,1,-1,-3,-1,2,2,5,2,2,-2,-2,-5,-2,-2
0,1,27467,27470,82401,82402,82403,82406,82407,82408,164803,164804,164805,164806,164807,164810,164811,164812,164813,164814,1,-1,2,-2,1,3,1,-1,-3,-1,2,2,5,2,2,-2,-2,-5,-2,-2
0,1,27469,27472,82407,82408,82409,82412,82413,82414,164815,164816,164817,164818,164819,164822,164823,164824,164825,164826,1,-1,2,-2,1,3,1,-1,-3,-1,2,2,5,2,2,-2,-2,-5,-2,-2
0,1,27471,27474,82413,82414,82415,82418,82419,82420,164827,164828,164829,164830,164831,164834,164835,164836,164837,164838,1,-1,2,-2,1,3,1,-1,-3,-1,2,2,5,2,2,-2,-2,-5,-2,-2
0,1,27473,27476,82419,82420,82421,82424,82425,82426,164839,164840,164841,164842,164843,164846,164847,164848,164849,164850,1,-1,2,-2,1,3,1,-1,-3,-1,2,2,5,2,2,-2,-2,-5,-2,-2
0,1,27475,27478,82425,82426,82427,82430,82431,82432,164851,164852,164853,164854,164855,164858,164859,164860,164861,164862,1,-1,2,-2,1,3,1,-1,-3,-1,2,2,5,2,2,-2,-2,-5,-2,-2
0,1,27477,27480,82431,82432,82433,82436,82437,82438,164863,164864,164865,164866,164867,164870,164871,164872,164873,164874,1,-1,2,-2,1,3,1,-1,-3,-1,2,2,5,2,2,-2,-2,-5,-2,-2
0,1,27479,27482,82437,82438,82439,82442,82443,82444,164875,164876,164877,164878,164879,164882,164883,164884,164885,164886,1,-1,2,-2,1,3,1,-1,-3,-1,2,2,5,2,2,-2,-2,-5,-2,-2
0,1,27481,27484,82443,82444,82445,82448,82449,82450,164887,164888,164889,164890,164891,164894,164895,164896,164897,164898,1,-1,2,-2,1,3,1,-1,-3,-1,2,2,5,2,2,-2,-2,-5,-2,-2
0,1,27483,27486,82449,82450,82451,82454,82455,82456,164899,164900,164901,164902,164903,164906,164907,164908,164909,164910,1,-1,2,-2,1,3,1,-1,-3,-1,2,2,5,2,2,-2,-2,-5,-2,-2
0,1,27485,27488,82455,82456,82457,82460,82461,82462,164911,164912,164913,164914,164915,164918,164919,164920,164921,164922,1,-1,2,-2,1,3,1,-1,-3,-1,2,2,5,2,2,-2,-2,-5,-2,-2
0,1,27487,27490,82461,82462,82463,82466,82467,82468,164923,164924,164925,164926,164927,164930,164931,164932,164933,164934,1,-1,2,-2,1,3,1,-1,-3,-1,2,2,5,2,2,-2,-2,-5,-2,-2
0,1,27489,27492,82467,82468,82469,82472,82473,82474,164935,164936,164937,164938,164939,164942,164943,164944,164945,164946,1,-1,2,-2,1,3,1,-1,-3,-1,2,2,5,2,2,-2,-2,-5,-2,-2
0,1,27491,27494,82473,82474,82475,82478,82479,82480,164947,164948,164949,164950,164951,164954,164955,164956,164957,164958,1,-1,2,-2,1,3,1,-1,-3,-1,2,2,5,2,2,-2,-2,-5,-2,-2
0,1,27493,27496,82479,82480,82481,82484,82485,82486,164959,164960,164961,164962,164963,164966,164967,164968,164969,164970,1,-1,2,-2,1,3,1,-1,-3,-1,2,2,5,2,2,-2,-2,-5,-2,-2
0,1,27495,27498,82485,82486,82487,82490,82491,82492,164971,164972,164973,164974,164975,164978,164979,164980,164981,164982,1,-1,2,-2,1,3,1,-1,-3,-1,2,2,5,2,2,-2,-2,-5,-2,-2
0,1,27497,27500,82491,82492,82493,82496,82497,82498,164983,164984,164985,164986,164987,164990,164991,164992,164993,164994,1,-1,2,-2,1,3,1,-1,-3,-1,2,2,5,2,2,-2,-2,-5,-2,-2
0,1,27499,27502,82497,82498,82499,82502,82503,82504,164995,164996,164997,164998,164999,165002,165003,165004,165005,165006,1,-1,2,-2,1,3,1,-1,-3,-1,2,2,5,2,2,-2,-2,-5,-2,-2
0,1,27501,27504,82503,82504,82505,82508,82509,82510,165007,165008,165009,165010,165011,165014,165015,165016,165017,165018,1,-1,2,-2,1,3,1,-1,-3,-1,2,2,5,2,2,-2,-2,-5,-2,-2
0,1,27503,27506,82509,82510,82511,82514,82515,82516,165019,165020,165021,165022,165023,165026,165027,165028,165029,165030,1,-1,2,-2,1,3,1,-1,-3,-1,2,2,5,2,2,-2,-2,-5,-2,-2
0,1,27505,27508,82515,82516,82517,82520,82521,82522,165031,165032,165033,165034,165035,165038,165039,165040,165041,165042,1,-1,2,-2,1,3,1,-1,-3,-1,2,2,5,2,2,-2,-2,-5,-2,-2
0,1,27507,27510,82521,82522,82523,82526,82527,82528,165043,165044,165045,165046,165047,165050,165051,165052,165053,165054,1,-1,2,-2,1,3,1,-1,-3,-1,2,2,5,2,2,-2,-2,-5,-2,-2
0,1,27509,27512,82527,82528,82529,82532,82533,82534,165055,165056,165057,165058,165059,165062,165063,165064,165065,165066,1,-1,2,-2,1,3,1,-1,-3,-1,2,2,5,2,2,-2,-2,-5,-2,-2
0,1,27511,27514,82533,82534,82535,82538,82539,82540,165067,165068,165069,165070,165071,165074,165075,165076,165077,165078,1,-1,2,-2,1,3,1,-1,-3,-1,2,2,5,2,2,-2,-2,-5,-2,-2
0,1,27513,27516,82539,82540,82541,82544,82545,82546,165079,165080,165081,165082,165083,165086,165087,165088,165089,165090,1,-1,2,-2,1,3,1,-1,-3,-1,2,2,5,2,2,-2,-2,-5,-2,-2
0,1,27515,27518,82545,82546,82547,82550,82551,82552,165091,165092,165093,165094,165095,165098,165099,165100,165101,165102,1,-1,2,-2,1,3,1,-1,-3,-1,2,2,5,2,2,-2,-2,-5,-2,-2
0,1,27517,27520,82551,82552,82553,82556,82557,82558,165103,165104,165105,165106,165107,165110,165111,165112,165113,165114,1,-1,2,-2,1,3,1,-1,-3,-1,2,2,5,2,2,-2,-2,-5,-2,-2
0,1,27519,27522,82557,82558,82559,82562,82563,82564,165115,165116,165117,165118,165119,165122,165123,165124,165125,165126,1,-1,2,-2,1,3,1,-1,-3,-1,2,2,5,2,2,-2,-2,-5,-2,-2
0,1,27521,27524,82563,82564,82565,82568,82569,82570,165127,165128,165129,165130,165131,165134,165135,165136,165137,165138,1,-1,2,-2,1,3,1,-1,-3,-1,2,2,5,2,2,-2,-2,-5,-2,-2
0,1,27523,27526,82569,82570,82571,82574,82575,82576,165139,165140,165141,165142,165143,165146,165147,165148,165149,165150,1,-1,2,-2,1,3,1,-1,-3,-1,2,2,5,2,2,-2,-2,-5,-2,-2
0,1,27525,27528,82575,82576,82577,82580,82581,82582,165151,165152,165153,165154,165155,165158,165159,165160,165161,165162,1,-1,2,-2,1,3,1,-1,-3,-1,2,2,5,2,2,-2,-2,-5,-2,-2
0,1,27527,27530,82581,82582,82583,82586,82587,82588,165163,165164,165165,165166,165167,165170,165171,165172,165173,165174,1,-1,2,-2,1,3,1,-1,-3,-1,2,2,5,2,2,-2,-2,-5,-2,-2
0,1,27529,27532,82587,82588,82589,82592,82593,82594,165175,165176,165177,165178,165179,165182,165183,165184,165185,165186,1,-1,2,-2,1,3,1,-1,-3,-1,2,2,5,2,2,-2,-2,-5,-2,-2
0,1,27531,27534,82593,82594,82595,82598,82599,82600,165187,165188,165189,165190,165191,165194,165195,165196,165197,165198,1,-1,2,-2,1,3,1,-1,-3,-1,2,2,5,2,2,-2,-2,-5,-2,-2
0,1,27533,27536,82599,82600,82601,82604,82605,82606,165199,165200,165201,165202,165203,165206,165207,165208,165209,165210,1,-1,2,-2,1,3,1,-1,-3,-1,2,2,5,2,2,-2,-2,-5,-2,-2
0,1,27535,27538,82605,82606,82607,82610,82611,82612,165211,165212,165213,165214,165215,165218,165219,165220,165221,165222,1,-1,2,-2,1,3,1,-1,-3,-1,2,2,5,2,2,-2,-2,-5,-2,-2
0,1,27537,27540,82611,82612,82613,82616,82617,82618,165223,165224,165225,165226,165227,165230,165231,165232,165233,165234,1,-1,2,-2,1,3,1,-1,-3,-1,2,2,5,2,2,-2,-2,-5,-2,-2
0,1,27539,27542,82617,82618,82619,82622,82623,82624,165235,165236,165237,165238,165239,165242,165243,165244,165245,165246,1,-1,2,-2,1,3,1,-1,-3,-1,2,2,5,2,2,-2,-2,-5,-2,-2
0,1,27541,27544,82623,82624,82625,82628,82629,82630,165247,165248,165249,165250,165251,165254,165255,165256,165257,165258,1,-1,2,-2,1,3,1,-1,-3,-1,2,2,5,2,2,-2,-2,-5,-2,-2
0,1,27543,27546,82629,82630,82631,82634,82635,82636,165259,165260,165261,165262,165263,165266,165267,165268,165269,165270,1,-1,2,-2,1,3,1,-1,-3,-1,2,2,5,2,2,-2,-2,-5,-2,-2
0,1,27545,27548,82635,82636,82637,82640,82641,82642,165271,165272,165273,165274,165275,165278,165279,165280,165281,165282,1,-1,2,-2,1,3,1,-1,-3,-1,2,2,5,2,2,-2,-2,-5,-2,-2
0,1,27547,27550,82641,82642,82643,82646,82647,82648,165283,165284,165285,165286,165287,165290,165291,165292,165293,165294,1,-1,2,-2,1,3,1,-1,-3,-1,2,2,5,2,2,-2,-2,-5,-2,-2
0,1,27549,27552,82647,82648,82649,82652,82653,82654,165295,165296,165297,165298,165299,165302,165303,165304,165305,165306,1,-1,2,-2,1,3,1,-1,-3,-1,2,2,5,2,2,-2,-2,-5,-2,-2
0,1,27551,27554,82653,82654,82655,82658,82659,82660,165307,165308,165309,165310,165311,165314,165315,165316,165317,165318,1,-1,2,-2,1,3,1,-1,-3,-1,2,2,5,2,2,-2,-2,-5,-2,-2
0,1,27553,27556,82659,82660,82661,82664,82665,82666,165319,165320,165321,165322,165323,165326,165327,165328,165329,165330,1,-1,2,-2,1,3,1,-1,-3,-1,2,2,5,2,2,-2,-2,-5,-2,-2
0,1,27555,27558,82665,82666,82667,82670,82671,82672,165331,165332,165333,165334,165335,165338,165339,165340,165341,165342,1,-1,2,-2,1,3,1,-1,-3,-1,2,2,5,2,2,-2,-2,-5,-2,-2
0,1,27557,27560,82671,82672,82673,82676,82677,82678,165343,165344,165345,165346,165347,165350,165351,165352,165353,165354,1,-1,2,-2,1,3,1,-1,-3,-1,2,2,5,2,2,-2,-2,-5,-2,-2
0,1,27559,27562,82677,82678,82679,82682,82683,82684,165355,165356,165357,165358,165359,165362,165363,165364,165365,165366,1,-1,2,-2,1,3,1,-1,-3,-1,2,2,5,2,2,-2,-2,-5,-2,-2
0,1,27561,27564,82683,82684,82685,82688,82689,82690,165367,165368,165369,165370,165371,165374,165375,165376,165377,165378,1,-1,2,-2,1,3,1,-1,-3,-1,2,2,5,2,2,-2,-2,-5,-2,-2
0,1,27563,27566,82689,82690,82691,82694,82695,82696,165379,165380,165381,165382,165383,165386,165387,165388,165389,165390,1,-1,2,-2,1,3,1,-1,-3,-1,2,2,5,2,2,-2,-2,-5,-2,-2
0,1,27565,27568,82695,82696,82697,82700,82701,82702,165391,165392,165393,165394,165395,165398,165399,165400,165401,165402,1,-1,2,-2,1,3,1,-1,-3,-1,2,2,5,2,2,-2,-2,-5,-2,-2
0,1,27567,27570,82701,82702,82703,82706,82707,82708,165403,165404,165405,165406,165407,165410,165411,165412,165413,165414,1,-1,2,-2,1,3,1,-1,-3,-1,2,2,5,2,2,-2,-2,-5,-2,-2
0,1,27569,27572,82707,82708,82709,82712,82713,82714,165415,165416,165417,165418,165419,165422,165423,165424,165425,165426,1,-1,2,-2,1,3,1,-1,-3,-1,2,2,5,2,2,-2,-2,-5,-2,-2
0,1,27571,27574,82713,82714,82715,82718,82719,82720,165427,165428,165429,165430,165431,165434,165435,165436,165437,165438,1,-1,2,-2,1,3,1,-1,-3,-1,2,2,5,2,2,-2,-2,-5,-2,-2
0,1,27573,27576,82719,82720,82721,82724,82725,82726,165439,165440,165441,165442,165443,165446,165447,165448,165449,165450,1,-1,2,-2,1,3,1,-1,-3,-1,2,2,5,2,2,-2,-2,-5,-2,-2
0,1,27575,27578,82725,82726,82727,82730,82731,82732,165451,165452,165453,165454,165455,165458,165459,165460,165461,165462,1,-1,2,-2,1,3,1,-1,-3,-1,2,2,5,2,2,-2,-2,-5,-2,-2
0,1,27577,27580,82731,82732,82733,82736,82737,82738,165463,165464,165465,165466,165467,165470,165471,165472,165473,165474,1,-1,2,-2,1,3,1,-1,-3,-1,2,2,5,2,2,-2,-2,-5,-2,-2
0,1,27579,27582,82737,82738,82739,82742,82743,82744,165475,165476,165477,165478,165479,165482,165483,165484,165485,165486,1,-1,2,-2,1,3,1,-1,-3,-1,2,2,5,2,2,-2,-2,-5,-2,-2
0,1,27581,27584,82743,82744,82745,82748,82749,82750,165487,165488,165489,165490,165491,165494,165495,165496,165497,165498,1,-1,2,-2,1,3,1,-1,-3,-1,2,2,5,2,2,-2,-2,-5,-2,-2
0,1,27583,27586,82749,82750,82751,82754,82755,82756,165499,165500,165501,165502,165503,165506,165507,165508,165509,165510,1,-1,2,-2,1,3,1,-1,-3,-1,2,2,5,2,2,-2,-2,-5,-2,-2
0,1,27585,27588,82755,82756,82757,82760,82761,82762,165511,165512,165513,165514,165515,165518,165519,165520,165521,165522,1,-1,2,-2,1,3,1,-1,-3,-1,2,2,5,2,2,-2,-2,-5,-2,-2
0,1,27587,27590,82761,82762,82763,82766,82767,82768,165523,165524,165525,165526,165527,165530,165531,165532,165533,165534,1,-1,2,-2,1,3,1,-1,-3,-1,2,2,5,2,2,-2,-2,-5,-2,-2
0,1,27589,27592,82767,82768,82769,82772,82773,82774,165535,165536,165537,165538,165539,165542,165543,165544,165545,165546,1,-1,2,-2,1,3,1,-1,-3,-1,2,2,5,2,2,-2,-2,-5,-2,-2
0,1,27591,27594,82773,82774,82775,82778,82779,82780,165547,165548,165549,165550,165551,165554,165555,165556,165557,165558,1,-1,2,-2,1,3,1,-1,-3,-1,2,2,5,2,2,-2,-2,-5,-2,-2
0,1,27593,27596,82779,82780,82781,82784,82785,82786,165559,165560,165561,165562,165563,165566,165567,165568,165569,165570,1,-1,2,-2,1,3,1,-1,-3,-1,2,2,5,2,2,-2,-2,-5,-2,-2
0,1,27595,27598,82785,82786,82787,82790,82791,82792,165571,165572,165573,165574,165575,165578,165579,165580,165581,165582,1,-1,2,-2,1,3,1,-1,-3,-1,2,2,5,2,2,-2,-2,-5,-2,-2
0,1,27597,27600,82791,82792,82793,82796,82797,82798,165583,165584,165585,165586,165587,165590,165591,165592,165593,165594,1,-1,2,-2,1,3,1,-1,-3,-1,2,2,5,2,2,-2,-2,-5,-2,-2
0,1,27599,27602,82797,82798,82799,82802,82803,82804,165595,165596,165597,165598,165599,165602,165603,165604,165605,165606,1,-1,2,-2,1,3,1,-1,-3,-1,2,2,5,2,2,-2,-2,-5,-2,-2
0,1,27601,27604,82803,82804,82805,82808,82809,82810,165607,165608,165609,165610,165611,165614,165615,165616,165617,165618,1,-1,2,-2,1,3,1,-1,-3,-1,2,2,5,2,2,-2,-2,-5,-2,-2
0,1,27603,27606,82809,82810,82811,82814,82815,82816,165619,165620,165621,165622,165623,165626,165627,165628,165629,165630,1,-1,2,-2,1,3,1,-1,-3,-1,2,2,5,2,2,-2,-2,-5,-2,-2
0,1,27605,27608,82815,82816,82817,82820,82821,82822,165631,165632,165633,165634,165635,165638,165639,165640,165641,165642,1,-1,2,-2,1,3,1,-1,-3,-1,2,2,5,2,2,-2,-2,-5,-2,-2
0,1,27607,27610,82821,82822,82823,82826,82827,82828,165643,165644,165645,165646,165647,165650,165651,165652,165653,165654,1,-1,2,-2,1,3,1,-1,-3,-1,2,2,5,2,2,-2,-2,-5,-2,-2
0,1,27609,27612,82827,82828,82829,82832,82833,82834,165655,165656,165657,165658,165659,165662,165663,165664,165665,165666,1,-1,2,-2,1,3,1,-1,-3,-1,2,2,5,2,2,-2,-2,-5,-2,-2
0,1,27611,27614,82833,82834,82835,82838,82839,82840,165667,165668,165669,165670,165671,165674,165675,165676,165677,165678,1,-1,2,-2,1,3,1,-1,-3,-1,2,2,5,2,2,-2,-2,-5,-2,-2
0,1,27613,27616,82839,82840,82841,82844,82845,82846,165679,165680,165681,165682,165683,165686,165687,165688,165689,165690,1,-1,2,-2,1,3,1,-1,-3,-1,2,2,5,2,2,-2,-2,-5,-2,-2
0,1,27615,27618,82845,82846,82847,82850,82851,82852,165691,165692,165693,165694,165695,165698,165699,165700,165701,165702,1,-1,2,-2,1,3,1,-1,-3,-1,2,2,5,2,2,-2,-2,-5,-2,-2
0,1,27617,27620,82851,82852,82853,82856,82857,82858,165703,165704,165705,165706,165707,165710,165711,165712,165713,165714,1,-1,2,-2,1,3,1,-1,-3,-1,2,2,5,2,2,-2,-2,-5,-2,-2
0,1,27619,27622,82857,82858,82859,82862,82863,82864,165715,165716,165717,165718,165719,165722,165723,165724,165725,165726,1,-1,2,-2,1,3,1,-1,-3,-1,2,2,5,2,2,-2,-2,-5,-2,-2
0,1,27621,27624,82863,82864,82865,82868,82869,82870,165727,165728,165729,165730,165731,165734,165735,165736,165737,165738,1,-1,2,-2,1,3,1,-1,-3,-1,2,2,5,2,2,-2,-2,-5,-2,-2
0,1,27623,27626,82869,82870,82871,82874,82875,82876,165739,165740,165741,165742,165743,165746,165747,165748,165749,165750,1,-1,2,-2,1,3,1,-1,-3,-1,2,2,5,2,2,-2,-2,-5,-2,-2
0,1,27625,27628,82875,82876,82877,82880,82881,82882,165751,165752,165753,165754,165755,165758,165759,165760,165761,165762,1,-1,2,-2,1,3,1,-1,-3,-1,2,2,5,2,2,-2,-2,-5,-2,-2
0,1,27627,27630,82881,82882,82883,82886,82887,82888,165763,165764,165765,165766,165767,165770,165771,165772,165773,165774,1,-1,2,-2,1,3,1,-1,-3,-1,2,2,5,2,2,-2,-2,-5,-2,-2
0,1,27629,27632,82887,82888,82889,82892,82893,82894,165775,165776,165777,165778,165779,165782,165783,165784,165785,165786,1,-1,2,-2,1,3,1,-1,-3,-1,2,2,5,2,2,-2,-2,-5,-2,-2
0,1,27631,27634,82893,82894,82895,82898,82899,82900,165787,165788,165789,165790,165791,165794,165795,165796,165797,165798,1,-1,2,-2,1,3,1,-1,-3,-1,2,2,5,2,2,-2,-2,-5,-2,-2
0,1,27633,27636,82899,82900,82901,82904,82905,82906,165799,165800,165801,165802,165803,165806,165807,165808,165809,165810,1,-1,2,-2,1,3,1,-1,-3,-1,2,2,5,2,2,-2,-2,-5,-2,-2
0,1,27635,27638,82905,82906,82907,82910,82911,82912,165811,165812,165813,165814,165815,165818,165819,165820,165821,165822,1,-1,2,-2,1,3,1,-1,-3,-1,2,2,5,2,2,-2,-2,-5,-2,-2
0,1,27637,27640,82911,82912,82913,82916,82917,82918,165823,165824,165825,165826,165827,165830,165831,165832,165833,165834,1,-1,2,-2,1,3,1,-1,-3,-1,2,2,5,2,2,-2,-2,-5,-2,-2
0,1,27639,27642,82917,82918,82919,82922,82923,82924,165835,165836,165837,165838,165839,165842,165843,165844,165845,165846,1,-1,2,-2,1,3,1,-1,-3,-1,2,2,5,2,2,-2,-2,-5,-2,-2
0,1,27641,27644,82923,82924,82925,82928,82929,82930,165847,165848,165849,165850,165851,165854,165855,165856,165857,165858,1,-1,2,-2,1,3,1,-1,-3,-1,2,2,5,2,2,-2,-2,-5,-2,-2
0,1,27643,27646,82929,82930,82931,82934,82935,82936,165859,165860,165861,165862,165863,165866,165867,165868,165869,165870,1,-1,2,-2,1,3,1,-1,-3,-1,2,2,5,2,2,-2,-2,-5,-2,-2
0,1,27645,27648,82935,82936,82937,82940,82941,82942,165871,165872,165873,165874,165875,165878,165879,165880,165881,165882,1,-1,2,-2,1,3,1,-1,-3,-1,2,2,5,2,2,-2,-2,-5,-2,-2
0,1,27647,27650,82941,82942,82943,82946,82947,82948,165883,165884,165885,165886,165887,165890,165891,165892,165893,165894,1,-1,2,-2,1,3,1,-1,-3,-1,2,2,5,2,2,-2,-2,-5,-2,-2
0,1,27649,27652,82947,82948,82949,82952,82953,82954,165895,165896,165897,165898,165899,165902,165903,165904,165905,165906,1,-1,2,-2,1,3,1,-1,-3,-1,2,2,5,2,2,-2,-2,-5,-2,-2
0,1,27651,27654,82953,82954,82955,82958,82959,82960,165907,165908,165909,165910,165911,165914,165915,165916,165917,165918,1,-1,2,-2,1,3,1,-1,-3,-1,2,2,5,2,2,-2,-2,-5,-2,-2
0,1,27653,27656,82959,82960,82961,82964,82965,82966,165919,165920,165921,165922,165923,165926,165927,165928,165929,165930,1,-1,2,-2,1,3,1,-1,-3,-1,2,2,5,2,2,-2,-2,-5,-2,-2
0,1,27655,27658,82965,82966,82967,82970,82971,82972,165931,165932,165933,165934,165935,165938,165939,165940,165941,165942,1,-1,2,-2,1,3,1,-1,-3,-1,2,2,5,2,2,-2,-2,-5,-2,-2
0,1,27657,27660,82971,82972,82973,82976,82977,82978,165943,165944,165945,165946,165947,165950,165951,165952,165953,165954,1,-1,2,-2,1,3,1,-1,-3,-1,2,2,5,2,2,-2,-2,-5,-2,-2
0,1,27659,27662,82977,82978,82979,82982,82983,82984,165955,165956,165957,165958,165959,165962,165963,165964,165965,165966,1,-1,2,-2,1,3,1,-1,-3,-1,2,2,5,2,2,-2,-2,-5,-2,-2
0,1,27661,27664,82983,82984,82985,82988,82989,82990,165967,165968,165969,165970,165971,165974,165975,165976,165977,165978,1,-1,2,-2,1,3,1,-1,-3,-1,2,2,5,2,2,-2,-2,-5,-2,-2
0,1,27663,27666,82989,82990,82991,82994,82995,82996,165979,165980,165981,165982,165983,165986,165987,165988,165989,165990,1,-1,2,-2,1,3,1,-1,-3,-1,2,2,5,2,2,-2,-2,-5,-2,-2
0,1,27665,27668,82995,82996,82997,83000,83001,83002,165991,165992,165993,165994,165995,165998,165999,166000,166001,166002,1,-1,2,-2,1,3,1,-1,-3,-1,2,2,5,2,2,-2,-2,-5,-2,-2
0,1,27667,27670,83001,83002,83003,83006,83007,83008,166003,166004,166005,166006,166007,166010,166011,166012,166013,166014,1,-1,2,-2,1,3,1,-1,-3,-1,2,2,5,2,2,-2,-2,-5,-2,-2
0,1,27669,27672,83007,83008,83009,83012,83013,83014,166015,166016,166017,166018,166019,166022,166023,166024,166025,166026,1,-1,2,-2,1,3,1,-1,-3,-1,2,2,5,2,2,-2,-2,-5,-2,-2
0,1,27671,27674,83013,83014,83015,83018,83019,83020,166027,166028,166029,166030,166031,166034,166035,166036,166037,166038,1,-1,2,-2,1,3,1,-1,-3,-1,2,2,5,2,2,-2,-2,-5,-2,-2
0,1,27673,27676,83019,83020,83021,83024,83025,83026,166039,166040,166041,166042,166043,166046,166047,166048,166049,166050,1,-1,2,-2,1,3,1,-1,-3,-1,2,2,5,2,2,-2,-2,-5,-2,-2
0,1,27675,27678,83025,83026,83027,83030,83031,83032,166051,166052,166053,166054,166055,166058,166059,166060,166061,166062,1,-1,2,-2,1,3,1,-1,-3,-1,2,2,5,2,2,-2,-2,-5,-2,-2
0,1,27677,27680,83031,83032,83033,83036,83037,83038,166063,166064,166065,166066,166067,166070,166071,166072,166073,166074,1,-1,2,-2,1,3,1,-1,-3,-1,2,2,5,2,2,-2,-2,-5,-2,-2
0,1,27679,27682,83037,83038,83039,83042,83043,83044,166075,166076,166077,166078,166079,166082,166083,166084,166085,166086,1,-1,2,-2,1,3,1,-1,-3,-1,2,2,5,2,2,-2,-2,-5,-2,-2
0,1,27681,27684,83043,83044,83045,83048,83049,83050,166087,166088,166089,166090,166091,166094,166095,166096,166097,166098,1,-1,2,-2,1,3,1,-1,-3,-1,2,2,5,2,2,-2,-2,-5,-2,-2
0,1,27683,27686,83049,83050,83051,83054,83055,83056,166099,166100,166101,166102,166103,166106,166107,166108,166109,166110,1,-1,2,-2,1,3,1,-1,-3,-1,2,2,5,2,2,-2,-2,-5,-2,-2
0,1,27685,27688,83055,83056,83057,83060,83061,83062,166111,166112,166113,166114,166115,166118,166119,166120,166121,166122,1,-1,2,-2,1,3,1,-1,-3,-1,2,2,5,2,2,-2,-2,-5,-2,-2
0,1,27687,27690,83061,83062,83063,83066,83067,83068,166123,166124,166125,166126,166127,166130,166131,166132,166133,166134,1,-1,2,-2,1,3,1,-1,-3,-1,2,2,5,2,2,-2,-2,-5,-2,-2
0,1,27689,27692,83067,83068,83069,83072,83073,83074,166135,166136,166137,166138,166139,166142,166143,166144,166145,166146,1,-1,2,-2,1,3,1,-1,-3,-1,2,2,5,2,2,-2,-2,-5,-2,-2
0,1,27691,27694,83073,83074,83075,83078,83079,83080,166147,166148,166149,166150,166151,166154,166155,166156,166157,166158,1,-1,2,-2,1,3,1,-1,-3,-1,2,2,5,2,2,-2,-2,-5,-2,-2
0,1,27693,27696,83079,83080,83081,83084,83085,83086,166159,166160,166161,166162,166163,166166,166167,166168,166169,166170,1,-1,2,-2,1,3,1,-1,-3,-1,2,2,5,2,2,-2,-2,-5,-2,-2
0,1,27695,27698,83085,83086,83087,83090,83091,83092,166171,166172,166173,166174,166175,166178,166179,166180,166181,166182,1,-1,2,-2,1,3,1,-1,-3,-1,2,2,5,2,2,-2,-2,-5,-2,-2
0,1,27697,27700,83091,83092,83093,83096,83097,83098,166183,166184,166185,166186,166187,166190,166191,166192,166193,166194,1,-1,2,-2,1,3,1,-1,-3,-1,2,2,5,2,2,-2,-2,-5,-2,-2
0,1,27699,27702,83097,83098,83099,83102,83103,83104,166195,166196,166197,166198,166199,166202,166203,166204,166205,166206,1,-1,2,-2,1,3,1,-1,-3,-1,2,2,5,2,2,-2,-2,-5,-2,-2
0,1,27701,27704,83103,83104,83105,83108,83109,83110,166207,166208,166209,166210,166211,166214,166215,166216,166217,166218,1,-1,2,-2,1,3,1,-1,-3,-1,2,2,5,2,2,-2,-2,-5,-2,-2
0,1,27703,27706,83109,83110,83111,83114,83115,83116,166219,166220,166221,166222,166223,166226,166227,166228,166229,166230,1,-1,2,-2,1,3,1,-1,-3,-1,2,2,5,2,2,-2,-2,-5,-2,-2
0,1,27705,27708,83115,83116,83117,83120,83121,83122,166231,166232,166233,166234,166235,166238,166239,166240,166241,166242,1,-1,2,-2,1,3,1,-1,-3,-1,2,2,5,2,2,-2,-2,-5,-2,-2
0,1,27707,27710,83121,83122,83123,83126,83127,83128,166243,166244,166245,166246,166247,166250,166251,166252,166253,166254,1,-1,2,-2,1,3,1,-1,-3,-1,2,2,5,2,2,-2,-2,-5,-2,-2
0,1,27709,27712,83127,83128,83129,83132,83133,83134,166255,166256,166257,166258,166259,166262,166263,166264,166265,166266,1,-1,2,-2,1,3,1,-1,-3,-1,2,2,5,2,2,-2,-2,-5,-2,-2
0,1,27711,27714,83133,83134,83135,83138,83139,83140,166267,166268,166269,166270,166271,166274,166275,166276,166277,166278,1,-1,2,-2,1,3,1,-1,-3,-1,2,2,5,2,2,-2,-2,-5,-2,-2
0,1,27713,27716,83139,83140,83141,83144,83145,83146,166279,166280,166281,166282,166283,166286,166287,166288,166289,166290,1,-1,2,-2,1,3,1,-1,-3,-1,2,2,5,2,2,-2,-2,-5,-2,-2
0,1,27715,27718,83145,83146,83147,83150,83151,83152,166291,166292,166293,166294,166295,166298,166299,166300,166301,166302,1,-1,2,-2,1,3,1,-1,-3,-1,2,2,5,2,2,-2,-2,-5,-2,-2
0,1,27717,27720,83151,83152,83153,83156,83157,83158,166303,166304,166305,166306,166307,166310,166311,166312,166313,166314,1,-1,2,-2,1,3,1,-1,-3,-1,2,2,5,2,2,-2,-2,-5,-2,-2
0,1,27719,27722,83157,83158,83159,83162,83163,83164,166315,166316,166317,166318,166319,166322,166323,166324,166325,166326,1,-1,2,-2,1,3,1,-1,-3,-1,2,2,5,2,2,-2,-2,-5,-2,-2
0,1,27721,27724,83163,83164,83165,83168,83169,83170,166327,166328,166329,166330,166331,166334,166335,166336,166337,166338,1,-1,2,-2,1,3,1,-1,-3,-1,2,2,5,2,2,-2,-2,-5,-2,-2
0,1,27723,27726,83169,83170,83171,83174,83175,83176,166339,166340,166341,166342,166343,166346,166347,166348,166349,166350,1,-1,2,-2,1,3,1,-1,-3,-1,2,2,5,2,2,-2,-2,-5,-2,-2
0,1,27725,27728,83175,83176,83177,83180,83181,83182,166351,166352,166353,166354,166355,166358,166359,166360,166361,166362,1,-1,2,-2,1,3,1,-1,-3,-1,2,2,5,2,2,-2,-2,-5,-2,-2
0,1,27727,27730,83181,83182,83183,83186,83187,83188,166363,166364,166365,166366,166367,166370,166371,166372,166373,166374,1,-1,2,-2,1,3,1,-1,-3,-1,2,2,5,2,2,-2,-2,-5,-2,-2
0,1,27729,27732,83187,83188,83189,83192,83193,83194,166375,166376,166377,166378,166379,166382,166383,166384,166385,166386,1,-1,2,-2,1,3,1,-1,-3,-1,2,2,5,2,2,-2,-2,-5,-2,-2
0,1,27731,27734,83193,83194,83195,83198,83199,83200,166387,166388,166389,166390,166391,166394,166395,166396,166397,166398,1,-1,2,-2,1,3,1,-1,-3,-1,2,2,5,2,2,-2,-2,-5,-2,-2
0,1,27733,27736,83199,83200,83201,83204,83205,83206,166399,166400,166401,166402,166403,166406,166407,166408,166409,166410,1,-1,2,-2,1,3,1,-1,-3,-1,2,2,5,2,2,-2,-2,-5,-2,-2
0,1,27735,27738,83205,83206,83207,83210,83211,83212,166411,166412,166413,166414,166415,166418,166419,166420,166421,166422,1,-1,2,-2,1,3,1,-1,-3,-1,2,2,5,2,2,-2,-2,-5,-2,-2
0,1,27737,27740,83211,83212,83213,83216,83217,83218,166423,166424,166425,166426,166427,166430,166431,166432,166433,166434,1,-1,2,-2,1,3,1,-1,-3,-1,2,2,5,2,2,-2,-2,-5,-2,-2
0,1,27739,27742,83217,83218,83219,83222,83223,83224,166435,166436,166437,166438,166439,166442,166443,166444,166445,166446,1,-1,2,-2,1,3,1,-1,-3,-1,2,2,5,2,2,-2,-2,-5,-2,-2
0,1,27741,27744,83223,83224,83225,83228,83229,83230,166447,166448,166449,166450,166451,166454,166455,166456,166457,166458,1,-1,2,-2,1,3,1,-1,-3,-1,2,2,5,2,2,-2,-2,-5,-2,-2
0,1,27743,27746,83229,83230,83231,83234,83235,83236,166459,166460,166461,166462,166463,166466,166467,166468,166469,166470,1,-1,2,-2,1,3,1,-1,-3,-1,2,2,5,2,2,-2,-2,-5,-2,-2
0,1,27745,27748,83235,83236,83237,83240,83241,83242,166471,166472,166473,166474,166475,166478,166479,166480,166481,166482,1,-1,2,-2,1,3,1,-1,-3,-1,2,2,5,2,2,-2,-2,-5,-2,-2
0,1,27747,27750,83241,83242,83243,83246,83247,83248,166483,166484,166485,166486,166487,166490,166491,166492,166493,166494,1,-1,2,-2,1,3,1,-1,-3,-1,2,2,5,2,2,-2,-2,-5,-2,-2
0,1,27749,27752,83247,83248,83249,83252,83253,83254,166495,166496,166497,166498,166499,166502,166503,166504,166505,166506,1,-1,2,-2,1,3,1,-1,-3,-1,2,2,5,2,2,-2,-2,-5,-2,-2
0,1,27751,27754,83253,83254,83255,83258,83259,83260,166507,166508,166509,166510,166511,166514,166515,166516,166517,166518,1,-1,2,-2,1,3,1,-1,-3,-1,2,2,5,2,2,-2,-2,-5,-2,-2
0,1,27753,27756,83259,83260,83261,83264,83265,83266,166519,166520,166521,166522,166523,166526,166527,166528,166529,166530,1,-1,2,-2,1,3,1,-1,-3,-1,2,2,5,2,2,-2,-2,-5,-2,-2
0,1,27755,27758,83265,83266,83267,83270,83271,83272,166531,166532,166533,166534,166535,166538,166539,166540,166541,166542,1,-1,2,-2,1,3,1,-1,-3,-1,2,2,5,2,2,-2,-2,-5,-2,-2
0,1,27757,27760,83271,83272,83273,83276,83277,83278,166543,166544,166545,166546,166547,166550,166551,166552,166553,166554,1,-1,2,-2,1,3,1,-1,-3,-1,2,2,5,2,2,-2,-2,-5,-2,-2
0,1,27759,27762,83277,83278,83279,83282,83283,83284,166555,166556,166557,166558,166559,166562,166563,166564,166565,166566,1,-1,2,-2,1,3,1,-1,-3,-1,2,2,5,2,2,-2,-2,-5,-2,-2
0,1,27761,27764,83283,83284,83285,83288,83289,83290,166567,166568,166569,166570,166571,166574,166575,166576,166577,166578,1,-1,2,-2,1,3,1,-1,-3,-1,2,2,5,2,2,-2,-2,-5,-2,-2
0,1,27763,27766,83289,83290,83291,83294,83295,83296,166579,166580,166581,166582,166583,166586,166587,166588,166589,166590,1,-1,2,-2,1,3,1,-1,-3,-1,2,2,5,2,2,-2,-2,-5,-2,-2
0,1,27765,27768,83295,83296,83297,83300,83301,83302,166591,166592,166593,166594,166595,166598,166599,166600,166601,166602,1,-1,2,-2,1,3,1,-1,-3,-1,2,2,5,2,2,-2,-2,-5,-2,-2
0,1,27767,27770,83301,83302,83303,83306,83307,83308,166603,166604,166605,166606,166607,166610,166611,166612,166613,166614,1,-1,2,-2,1,3,1,-1,-3,-1,2,2,5,2,2,-2,-2,-5,-2,-2
0,1,27769,27772,83307,83308,83309,83312,83313,83314,166615,166616,166617,166618,166619,166622,166623,166624,166625,166626,1,-1,2,-2,1,3,1,-1,-3,-1,2,2,5,2,2,-2,-2,-5,-2,-2
0,1,27771,27774,83313,83314,83315,83318,83319,83320,166627,166628,166629,166630,166631,166634,166635,166636,166637,166638,1,-1,2,-2,1,3,1,-1,-3,-1,2,2,5,2,2,-2,-2,-5,-2,-2
0,1,27773,27776,83319,83320,83321,83324,83325,83326,166639,166640,166641,166642,166643,166646,166647,166648,166649,166650,1,-1,2,-2,1,3,1,-1,-3,-1,2,2,5,2,2,-2,-2,-5,-2,-2
0,1,27775,27778,83325,83326,83327,83330,83331,83332,166651,166652,166653,166654,166655,166658,166659,166660,166661,166662,1,-1,2,-2,1,3,1,-1,-3,-1,2,2,5,2,2,-2,-2,-5,-2,-2
0,1,27777,27780,83331,83332,83333,83336,83337,83338,166663,166664,166665,166666,166667,166670,166671,166672,166673,166674,1,-1,2,-2,1,3,1,-1,-3,-1,2,2,5,2,2,-2,-2,-5,-2,-2
0,1,27779,27782,83337,83338,83339,83342,83343,83344,166675,166676,166677,166678,166679,166682,166683,166684,166685,166686,1,-1,2,-2,1,3,1,-1,-3,-1,2,2,5,2,2,-2,-2,-5,-2,-2
0,1,27781,27784,83343,83344,83345,83348,83349,83350,166687,166688,166689,166690,166691,166694,166695,166696,166697,166698,1,-1,2,-2,1,3,1,-1,-3,-1,2,2,5,2,2,-2,-2,-5,-2,-2
0,1,27783,27786,83349,83350,83351,83354,83355,83356,166699,166700,166701,166702,166703,166706,166707,166708,166709,166710,1,-1,2,-2,1,3,1,-1,-3,-1,2,2,5,2,2,-2,-2,-5,-2,-2
0,1,27785,27788,83355,83356,83357,83360,83361,83362,166711,166712,166713,166714,166715,166718,166719,166720,166721,166722,1,-1,2,-2,1,3,1,-1,-3,-1,2,2,5,2,2,-2,-2,-5,-2,-2
0,1,27787,27790,83361,83362,83363,83366,83367,83368,166723,166724,166725,166726,166727,166730,166731,166732,166733,166734,1,-1,2,-2,1,3,1,-1,-3,-1,2,2,5,2,2,-2,-2,-5,-2,-2
0,1,27789,27792,83367,83368,83369,83372,83373,83374,166735,166736,166737,166738,166739,166742,166743,166744,166745,166746,1,-1,2,-2,1,3,1,-1,-3,-1,2,2,5,2,2,-2,-2,-5,-2,-2
0,1,27791,27794,83373,83374,83375,83378,83379,83380,166747,166748,166749,166750,166751,166754,166755,166756,166757,166758,1,-1,2,-2,1,3,1,-1,-3,-1,2,2,5,2,2,-2,-2,-5,-2,-2
0,1,27793,27796,83379,83380,83381,83384,83385,83386,166759,166760,166761,166762,166763,166766,166767,166768,166769,166770,1,-1,2,-2,1,3,1,-1,-3,-1,2,2,5,2,2,-2,-2,-5,-2,-2
0,1,27795,27798,83385,83386,83387,83390,83391,83392,166771,166772,166773,166774,166775,166778,166779,166780,166781,166782,1,-1,2,-2,1,3,1,-1,-3,-1,2,2,5,2,2,-2,-2,-5,-2,-2
0,1,27797,27800,83391,83392,83393,83396,83397,83398,166783,166784,166785,166786,166787,166790,166791,166792,166793,166794,1,-1,2,-2,1,3,1,-1,-3,-1,2,2,5,2,2,-2,-2,-5,-2,-2
0,1,27799,27802,83397,83398,83399,83402,83403,83404,166795,166796,166797,166798,166799,166802,166803,166804,166805,166806,1,-1,2,-2,1,3,1,-1,-3,-1,2,2,5,2,2,-2,-2,-5,-2,-2
0,1,27801,27804,83403,83404,83405,83408,83409,83410,166807,166808,166809,166810,166811,166814,166815,166816,166817,166818,1,-1,2,-2,1,3,1,-1,-3,-1,2,2,5,2,2,-2,-2,-5,-2,-2
0,1,27803,27806,83409,83410,83411,83414,83415,83416,166819,166820,166821,166822,166823,166826,166827,166828,166829,166830,1,-1,2,-2,1,3,1,-1,-3,-1,2,2,5,2,2,-2,-2,-5,-2,-2
0,1,27805,27808,83415,83416,83417,83420,83421,83422,166831,166832,166833,166834,166835,166838,166839,166840,166841,166842,1,-1,2,-2,1,3,1,-1,-3,-1,2,2,5,2,2,-2,-2,-5,-2,-2
0,1,27807,27810,83421,83422,83423,83426,83427,83428,166843,166844,166845,166846,166847,166850,166851,166852,166853,166854,1,-1,2,-2,1,3,1,-1,-3,-1,2,2,5,2,2,-2,-2,-5,-2,-2
0,1,27809,27812,83427,83428,83429,83432,83433,83434,166855,166856,166857,166858,166859,166862,166863,166864,166865,166866,1,-1,2,-2,1,3,1,-1,-3,-1,2,2,5,2,2,-2,-2,-5,-2,-2
0,1,27811,27814,83433,83434,83435,83438,83439,83440,166867,166868,166869,166870,166871,166874,166875,166876,166877,166878,1,-1,2,-2,1,3,1,-1,-3,-1,2,2,5,2,2,-2,-2,-5,-2,-2
0,1,27813,27816,83439,83440,83441,83444,83445,83446,166879,166880,166881,166882,166883,166886,166887,166888,166889,166890,1,-1,2,-2,1,3,1,-1,-3,-1,2,2,5,2,2,-2,-2,-5,-2,-2
0,1,27815,27818,83445,83446,83447,83450,83451,83452,166891,166892,166893,166894,166895,166898,166899,166900,166901,166902,1,-1,2,-2,1,3,1,-1,-3,-1,2,2,5,2,2,-2,-2,-5,-2,-2
0,1,27817,27820,83451,83452,83453,83456,83457,83458,166903,166904,166905,166906,166907,166910,166911,166912,166913,166914,1,-1,2,-2,1,3,1,-1,-3,-1,2,2,5,2,2,-2,-2,-5,-2,-2
0,1,27819,27822,83457,83458,83459,83462,83463,83464,166915,166916,166917,166918,166919,166922,166923,166924,166925,166926,1,-1,2,-2,1,3,1,-1,-3,-1,2,2,5,2,2,-2,-2,-5,-2,-2
0,1,27821,27824,83463,83464,83465,83468,83469,83470,166927,166928,166929,166930,166931,166934,166935,166936,166937,166938,1,-1,2,-2,1,3,1,-1,-3,-1,2,2,5,2,2,-2,-2,-5,-2,-2
0,1,27823,27826,83469,83470,83471,83474,83475,83476,166939,166940,166941,166942,166943,166946,166947,166948,166949,166950,1,-1,2,-2,1,3,1,-1,-3,-1,2,2,5,2,2,-2,-2,-5,-2,-2
0,1,27825,27828,83475,83476,83477,83480,83481,83482,166951,166952,166953,166954,166955,166958,166959,166960,166961,166962,1,-1,2,-2,1,3,1,-1,-3,-1,2,2,5,2,2,-2,-2,-5,-2,-2
0,1,27827,27830,83481,83482,83483,83486,83487,83488,166963,166964,166965,166966,166967,166970,166971,166972,166973,166974,1,-1,2,-2,1,3,1,-1,-3,-1,2,2,5,2,2,-2,-2,-5,-2,-2
0,1,27829,27832,83487,83488,83489,83492,83493,83494,166975,166976,166977,166978,166979,166982,166983,166984,166985,166986,1,-1,2,-2,1,3,1,-1,-3,-1,2,2,5,2,2,-2,-2,-5,-2,-2
0,1,27831,27834,83493,83494,83495,83498,83499,83500,166987,166988,166989,166990,166991,166994,166995,166996,166997,166998,1,-1,2,-2,1,3,1,-1,-3,-1,2,2,5,2,2,-2,-2,-5,-2,-2
0,1,27833,27836,83499,83500,83501,83504,83505,83506,166999,167000,167001,167002,167003,167006,167007,167008,167009,167010,1,-1,2,-2,1,3,1,-1,-3,-1,2,2,5,2,2,-2,-2,-5,-2,-2
0,1,27835,27838,83505,83506,83507,83510,83511,83512,167011,167012,167013,167014,167015,167018,167019,167020,167021,167022,1,-1,2,-2,1,3,1,-1,-3,-1,2,2,5,2,2,-2,-2,-5,-2,-2
0,1,27837,27840,83511,83512,83513,83516,83517,83518,167023,167024,167025,167026,167027,167030,167031,167032,167033,167034,1,-1,2,-2,1,3,1,-1,-3,-1,2,2,5,2,2,-2,-2,-5,-2,-2
0,1,27839,27842,83517,83518,83519,83522,83523,83524,167035,167036,167037,167038,167039,167042,167043,167044,167045,167046,1,-1,2,-2,1,3,1,-1,-3,-1,2,2,5,2,2,-2,-2,-5,-2,-2
0,1,27841,27844,83523,83524,83525,83528,83529,83530,167047,167048,167049,167050,167051,167054,167055,167056,167057,167058,1,-1,2,-2,1,3,1,-1,-3,-1,2,2,5,2,2,-2,-2,-5,-2,-2
0,1,27843,27846,83529,83530,83531,83534,83535,83536,167059,167060,167061,167062,167063,167066,167067,167068,167069,167070,1,-1,2,-2,1,3,1,-1,-3,-1,2,2,5,2,2,-2,-2,-5,-2,-2
0,1,27845,27848,83535,83536,83537,83540,83541,83542,167071,167072,167073,167074,167075,167078,167079,167080,167081,167082,1,-1,2,-2,1,3,1,-1,-3,-1,2,2,5,2,2,-2,-2,-5,-2,-2
0,1,27847,27850,83541,83542,83543,83546,83547,83548,167083,167084,167085,167086,167087,167090,167091,167092,167093,167094,1,-1,2,-2,1,3,1,-1,-3,-1,2,2,5,2,2,-2,-2,-5,-2,-2
0,1,27849,27852,83547,83548,83549,83552,83553,83554,167095,167096,167097,167098,167099,167102,167103,167104,167105,167106,1,-1,2,-2,1,3,1,-1,-3,-1,2,2,5,2,2,-2,-2,-5,-2,-2
0,1,27851,27854,83553,83554,83555,83558,83559,83560,167107,167108,167109,167110,167111,167114,167115,167116,167117,167118,1,-1,2,-2,1,3,1,-1,-3,-1,2,2,5,2,2,-2,-2,-5,-2,-2
0,1,27853,27856,83559,83560,83561,83564,83565,83566,167119,167120,167121,167122,167123,167126,167127,167128,167129,167130,1,-1,2,-2,1,3,1,-1,-3,-1,2,2,5,2,2,-2,-2,-5,-2,-2
0,1,27855,27858,83565,83566,83567,83570,83571,83572,167131,167132,167133,167134,167135,167138,167139,167140,167141,167142,1,-1,2,-2,1,3,1,-1,-3,-1,2,2,5,2,2,-2,-2,-5,-2,-2
0,1,27857,27860,83571,83572,83573,83576,83577,83578,167143,167144,167145,167146,167147,167150,167151,167152,167153,167154,1,-1,2,-2,1,3,1,-1,-3,-1,2,2,5,2,2,-2,-2,-5,-2,-2
0,1,27859,27862,83577,83578,83579,83582,83583,83584,167155,167156,167157,167158,167159,167162,167163,167164,167165,167166,1,-1,2,-2,1,3,1,-1,-3,-1,2,2,5,2,2,-2,-2,-5,-2,-2
0,1,27861,27864,83583,83584,83585,83588,83589,83590,167167,167168,167169,167170,167171,167174,167175,167176,167177,167178,1,-1,2,-2,1,3,1,-1,-3,-1,2,2,5,2,2,-2,-2,-5,-2,-2
0,1,27863,27866,83589,83590,83591,83594,83595,83596,167179,167180,167181,167182,167183,167186,167187,167188,167189,167190,1,-1,2,-2,1,3,1,-1,-3,-1,2,2,5,2,2,-2,-2,-5,-2,-2
0,1,27865,27868,83595,83596,83597,83600,83601,83602,167191,167192,167193,167194,167195,167198,167199,167200,167201,167202,1,-1,2,-2,1,3,1,-1,-3,-1,2,2,5,2,2,-2,-2,-5,-2,-2
0,1,27867,27870,83601,83602,83603,83606,83607,83608,167203,167204,167205,167206,167207,167210,167211,167212,167213,167214,1,-1,2,-2,1,3,1,-1,-3,-1,2,2,5,2,2,-2,-2,-5,-2,-2
0,1,27869,27872,83607,83608,83609,83612,83613,83614,167215,167216,167217,167218,167219,167222,167223,167224,167225,167226,1,-1,2,-2,1,3,1,-1,-3,-1,2,2,5,2,2,-2,-2,-5,-2,-2
0,1,27871,27874,83613,83614,83615,83618,83619,83620,167227,167228,167229,167230,167231,167234,167235,167236,167237,167238,1,-1,2,-2,1,3,1,-1,-3,-1,2,2,5,2,2,-2,-2,-5,-2,-2
0,1,27873,27876,83619,83620,83621,83624,83625,83626,167239,167240,167241,167242,167243,167246,167247,167248,167249,167250,1,-1,2,-2,1,3,1,-1,-3,-1,2,2,5,2,2,-2,-2,-5,-2,-2
0,1,27875,27878,83625,83626,83627,83630,83631,83632,167251,167252,167253,167254,167255,167258,167259,167260,167261,167262,1,-1,2,-2,1,3,1,-1,-3,-1,2,2,5,2,2,-2,-2,-5,-2,-2
0,1,27877,27880,83631,83632,83633,83636,83637,83638,167263,167264,167265,167266,167267,167270,167271,167272,167273,167274,1,-1,2,-2,1,3,1,-1,-3,-1,2,2,5,2,2,-2,-2,-5,-2,-2
0,1,27879,27882,83637,83638,83639,83642,83643,83644,167275,167276,167277,167278,167279,167282,167283,167284,167285,167286,1,-1,2,-2,1,3,1,-1,-3,-1,2,2,5,2,2,-2,-2,-5,-2,-2
0,1,27881,27884,83643,83644,83645,83648,83649,83650,167287,167288,167289,167290,167291,167294,167295,167296,167297,167298,1,-1,2,-2,1,3,1,-1,-3,-1,2,2,5,2,2,-2,-2,-5,-2,-2
0,1,27883,27886,83649,83650,83651,83654,83655,83656,167299,167300,167301,167302,167303,167306,167307,167308,167309,167310,1,-1,2,-2,1,3,1,-1,-3,-1,2,2,5,2,2,-2,-2,-5,-2,-2
0,1,27885,27888,83655,83656,83657,83660,83661,83662,167311,167312,167313,167314,167315,167318,167319,167320,167321,167322,1,-1,2,-2,1,3,1,-1,-3,-1,2,2,5,2,2,-2,-2,-5,-2,-2
0,1,27887,27890,83661,83662,83663,83666,83667,83668,167323,167324,167325,167326,167327,167330,167331,167332,167333,167334,1,-1,2,-2,1,3,1,-1,-3,-1,2,2,5,2,2,-2,-2,-5,-2,-2
0,1,27889,27892,83667,83668,83669,83672,83673,83674,167335,167336,167337,167338,167339,167342,167343,167344,167345,167346,1,-1,2,-2,1,3,1,-1,-3,-1,2,2,5,2,2,-2,-2,-5,-2,-2
0,1,27891,27894,83673,83674,83675,83678,83679,83680,167347,167348,167349,167350,167351,167354,167355,167356,167357,167358,1,-1,2,-2,1,3,1,-1,-3,-1,2,2,5,2,2,-2,-2,-5,-2,-2
0,1,27893,27896,83679,83680,83681,83684,83685,83686,167359,167360,167361,167362,167363,167366,167367,167368,167369,167370,1,-1,2,-2,1,3,1,-1,-3,-1,2,2,5,2,2,-2,-2,-5,-2,-2
0,1,27895,27898,83685,83686,83687,83690,83691,83692,167371,167372,167373,167374,167375,167378,167379,167380,167381,167382,1,-1,2,-2,1,3,1,-1,-3,-1,2,2,5,2,2,-2,-2,-5,-2,-2
0,1,27897,27900,83691,83692,83693,83696,83697,83698,167383,167384,167385,167386,167387,167390,167391,167392,167393,167394,1,-1,2,-2,1,3,1,-1,-3,-1,2,2,5,2,2,-2,-2,-5,-2,-2
0,1,27899,27902,83697,83698,83699,83702,83703,83704,167395,167396,167397,167398,167399,167402,167403,167404,167405,167406,1,-1,2,-2,1,3,1,-1,-3,-1,2,2,5,2,2,-2,-2,-5,-2,-2
0,1,27901,27904,83703,83704,83705,83708,83709,83710,167407,167408,167409,167410,167411,167414,167415,167416,167417,167418,1,-1,2,-2,1,3,1,-1,-3,-1,2,2,5,2,2,-2,-2,-5,-2,-2
0,1,27903,27906,83709,83710,83711,83714,83715,83716,167419,167420,167421,167422,167423,167426,167427,167428,167429,167430,1,-1,2,-2,1,3,1,-1,-3,-1,2,2,5,2,2,-2,-2,-5,-2,-2
0,1,27905,27908,83715,83716,83717,83720,83721,83722,167431,167432,167433,167434,167435,167438,167439,167440,167441,167442,1,-1,2,-2,1,3,1,-1,-3,-1,2,2,5,2,2,-2,-2,-5,-2,-2
0,1,27907,27910,83721,83722,83723,83726,83727,83728,167443,167444,167445,167446,167447,167450,167451,167452,167453,167454,1,-1,2,-2,1,3,1,-1,-3,-1,2,2,5,2,2,-2,-2,-5,-2,-2
0,1,27909,27912,83727,83728,83729,83732,83733,83734,167455,167456,167457,167458,167459,167462,167463,167464,167465,167466,1,-1,2,-2,1,3,1,-1,-3,-1,2,2,5,2,2,-2,-2,-5,-2,-2
0,1,27911,27914,83733,83734,83735,83738,83739,83740,167467,167468,167469,167470,167471,167474,167475,167476,167477,167478,1,-1,2,-2,1,3,1,-1,-3,-1,2,2,5,2,2,-2,-2,-5,-2,-2
0,1,27913,27916,83739,83740,83741,83744,83745,83746,167479,167480,167481,167482,167483,167486,167487,167488,167489,167490,1,-1,2,-2,1,3,1,-1,-3,-1,2,2,5,2,2,-2,-2,-5,-2,-2
0,1,27915,27918,83745,83746,83747,83750,83751,83752,167491,167492,167493,167494,167495,167498,167499,167500,167501,167502,1,-1,2,-2,1,3,1,-1,-3,-1,2,2,5,2,2,-2,-2,-5,-2,-2
0,1,27917,27920,83751,83752,83753,83756,83757,83758,167503,167504,167505,167506,167507,167510,167511,167512,167513,167514,1,-1,2,-2,1,3,1,-1,-3,-1,2,2,5,2,2,-2,-2,-5,-2,-2
0,1,27919,27922,83757,83758,83759,83762,83763,83764,167515,167516,167517,167518,167519,167522,167523,167524,167525,167526,1,-1,2,-2,1,3,1,-1,-3,-1,2,2,5,2,2,-2,-2,-5,-2,-2
0,1,27921,27924,83763,83764,83765,83768,83769,83770,167527,167528,167529,167530,167531,167534,167535,167536,167537,167538,1,-1,2,-2,1,3,1,-1,-3,-1,2,2,5,2,2,-2,-2,-5,-2,-2
0,1,27923,27926,83769,83770,83771,83774,83775,83776,167539,167540,167541,167542,167543,167546,167547,167548,167549,167550,1,-1,2,-2,1,3,1,-1,-3,-1,2,2,5,2,2,-2,-2,-5,-2,-2
0,1,27925,27928,83775,83776,83777,83780,83781,83782,167551,167552,167553,167554,167555,167558,167559,167560,167561,167562,1,-1,2,-2,1,3,1,-1,-3,-1,2,2,5,2,2,-2,-2,-5,-2,-2
0,1,27927,27930,83781,83782,83783,83786,83787,83788,167563,167564,167565,167566,167567,167570,167571,167572,167573,167574,1,-1,2,-2,1,3,1,-1,-3,-1,2,2,5,2,2,-2,-2,-5,-2,-2
0,1,27929,27932,83787,83788,83789,83792,83793,83794,167575,167576,167577,167578,167579,167582,167583,167584,167585,167586,1,-1,2,-2,1,3,1,-1,-3,-1,2,2,5,2,2,-2,-2,-5,-2,-2
0,1,27931,27934,83793,83794,83795,83798,83799,83800,167587,167588,167589,167590,167591,167594,167595,167596,167597,167598,1,-1,2,-2,1,3,1,-1,-3,-1,2,2,5,2,2,-2,-2,-5,-2,-2
0,1,27933,27936,83799,83800,83801,83804,83805,83806,167599,167600,167601,167602,167603,167606,167607,167608,167609,167610,1,-1,2,-2,1,3,1,-1,-3,-1,2,2,5,2,2,-2,-2,-5,-2,-2
0,1,27935,27938,83805,83806,83807,83810,83811,83812,167611,167612,167613,167614,167615,167618,167619,167620,167621,167622,1,-1,2,-2,1,3,1,-1,-3,-1,2,2,5,2,2,-2,-2,-5,-2,-2
0,1,27937,27940,83811,83812,83813,83816,83817,83818,167623,167624,167625,167626,167627,167630,167631,167632,167633,167634,1,-1,2,-2,1,3,1,-1,-3,-1,2,2,5,2,2,-2,-2,-5,-2,-2
0,1,27939,27942,83817,83818,83819,83822,83823,83824,167635,167636,167637,167638,167639,167642,167643,167644,167645,167646,1,-1,2,-2,1,3,1,-1,-3,-1,2,2,5,2,2,-2,-2,-5,-2,-2
0,1,27941,27944,83823,83824,83825,83828,83829,83830,167647,167648,167649,167650,167651,167654,167655,167656,167657,167658,1,-1,2,-2,1,3,1,-1,-3,-1,2,2,5,2,2,-2,-2,-5,-2,-2
0,1,27943,27946,83829,83830,83831,83834,83835,83836,167659,167660,167661,167662,167663,167666,167667,167668,167669,167670,1,-1,2,-2,1,3,1,-1,-3,-1,2,2,5,2,2,-2,-2,-5,-2,-2
0,1,27945,27948,83835,83836,83837,83840,83841,83842,167671,167672,167673,167674,167675,167678,167679,167680,167681,167682,1,-1,2,-2,1,3,1,-1,-3,-1,2,2,5,2,2,-2,-2,-5,-2,-2
0,1,27947,27950,83841,83842,83843,83846,83847,83848,167683,167684,167685,167686,167687,167690,167691,167692,167693,167694,1,-1,2,-2,1,3,1,-1,-3,-1,2,2,5,2,2,-2,-2,-5,-2,-2
0,1,27949,27952,83847,83848,83849,83852,83853,83854,167695,167696,167697,167698,167699,167702,167703,167704,167705,167706,1,-1,2,-2,1,3,1,-1,-3,-1,2,2,5,2,2,-2,-2,-5,-2,-2
0,1,27951,27954,83853,83854,83855,83858,83859,83860,167707,167708,167709,167710,167711,167714,167715,167716,167717,167718,1,-1,2,-2,1,3,1,-1,-3,-1,2,2,5,2,2,-2,-2,-5,-2,-2
0,1,27953,27956,83859,83860,83861,83864,83865,83866,167719,167720,167721,167722,167723,167726,167727,167728,167729,167730,1,-1,2,-2,1,3,1,-1,-3,-1,2,2,5,2,2,-2,-2,-5,-2,-2
0,1,27955,27958,83865,83866,83867,83870,83871,83872,167731,167732,167733,167734,167735,167738,167739,167740,167741,167742,1,-1,2,-2,1,3,1,-1,-3,-1,2,2,5,2,2,-2,-2,-5,-2,-2
0,1,27957,27960,83871,83872,83873,83876,83877,83878,167743,167744,167745,167746,167747,167750,167751,167752,167753,167754,1,-1,2,-2,1,3,1,-1,-3,-1,2,2,5,2,2,-2,-2,-5,-2,-2
0,1,27959,27962,83877,83878,83879,83882,83883,83884,167755,167756,167757,167758,167759,167762,167763,167764,167765,167766,1,-1,2,-2,1,3,1,-1,-3,-1,2,2,5,2,2,-2,-2,-5,-2,-2
0,1,27961,27964,83883,83884,83885,83888,83889,83890,167767,167768,167769,167770,167771,167774,167775,167776,167777,167778,1,-1,2,-2,1,3,1,-1,-3,-1,2,2,5,2,2,-2,-2,-5,-2,-2
0,1,27963,27966,83889,83890,83891,83894,83895,83896,167779,167780,167781,167782,167783,167786,167787,167788,167789,167790,1,-1,2,-2,1,3,1,-1,-3,-1,2,2,5,2,2,-2,-2,-5,-2,-2
0,1,27965,27968,83895,83896,83897,83900,83901,83902,167791,167792,167793,167794,167795,167798,167799,167800,167801,167802,1,-1,2,-2,1,3,1,-1,-3,-1,2,2,5,2,2,-2,-2,-5,-2,-2
0,1,27967,27970,83901,83902,83903,83906,83907,83908,167803,167804,167805,167806,167807,167810,167811,167812,167813,167814,1,-1,2,-2,1,3,1,-1,-3,-1,2,2,5,2,2,-2,-2,-5,-2,-2
0,1,27969,27972,83907,83908,83909,83912,83913,83914,167815,167816,167817,167818,167819,167822,167823,167824,167825,167826,1,-1,2,-2,1,3,1,-1,-3,-1,2,2,5,2,2,-2,-2,-5,-2,-2
0,1,27971,27974,83913,83914,83915,83918,83919,83920,167827,167828,167829,167830,167831,167834,167835,167836,167837,167838,1,-1,2,-2,1,3,1,-1,-3,-1,2,2,5,2,2,-2,-2,-5,-2,-2
0,1,27973,27976,83919,83920,83921,83924,83925,83926,167839,167840,167841,167842,167843,167846,167847,167848,167849,167850,1,-1,2,-2,1,3,1,-1,-3,-1,2,2,5,2,2,-2,-2,-5,-2,-2
0,1,27975,27978,83925,83926,83927,83930,83931,83932,167851,167852,167853,167854,167855,167858,167859,167860,167861,167862,1,-1,2,-2,1,3,1,-1,-3,-1,2,2,5,2,2,-2,-2,-5,-2,-2
0,1,27977,27980,83931,83932,83933,83936,83937,83938,167863,167864,167865,167866,167867,167870,167871,167872,167873,167874,1,-1,2,-2,1,3,1,-1,-3,-1,2,2,5,2,2,-2,-2,-5,-2,-2
0,1,27979,27982,83937,83938,83939,83942,83943,83944,167875,167876,167877,167878,167879,167882,167883,167884,167885,167886,1,-1,2,-2,1,3,1,-1,-3,-1,2,2,5,2,2,-2,-2,-5,-2,-2
0,1,27981,27984,83943,83944,83945,83948,83949,83950,167887,167888,167889,167890,167891,167894,167895,167896,167897,167898,1,-1,2,-2,1,3,1,-1,-3,-1,2,2,5,2,2,-2,-2,-5,-2,-2
0,1,27983,27986,83949,83950,83951,83954,83955,83956,167899,167900,167901,167902,167903,167906,167907,167908,167909,167910,1,-1,2,-2,1,3,1,-1,-3,-1,2,2,5,2,2,-2,-2,-5,-2,-2
0,1,27985,27988,83955,83956,83957,83960,83961,83962,167911,167912,167913,167914,167915,167918,167919,167920,167921,167922,1,-1,2,-2,1,3,1,-1,-3,-1,2,2,5,2,2,-2,-2,-5,-2,-2
0,1,27987,27990,83961,83962,83963,83966,83967,83968,167923,167924,167925,167926,167927,167930,167931,167932,167933,167934,1,-1,2,-2,1,3,1,-1,-3,-1,2,2,5,2,2,-2,-2,-5,-2,-2
0,1,27989,27992,83967,83968,83969,83972,83973,83974,167935,167936,167937,167938,167939,167942,167943,167944,167945,167946,1,-1,2,-2,1,3,1,-1,-3,-1,2,2,5,2,2,-2,-2,-5,-2,-2
0,1,27991,27994,83973,83974,83975,83978,83979,83980,167947,167948,167949,167950,167951,167954,167955,167956,167957,167958,1,-1,2,-2,1,3,1,-1,-3,-1,2,2,5,2,2,-2,-2,-5,-2,-2
0,1,27993,27996,83979,83980,83981,83984,83985,83986,167959,167960,167961,167962,167963,167966,167967,167968,167969,167970,1,-1,2,-2,1,3,1,-1,-3,-1,2,2,5,2,2,-2,-2,-5,-2,-2
0,1,27995,27998,83985,83986,83987,83990,83991,83992,167971,167972,167973,167974,167975,167978,167979,167980,167981,167982,1,-1,2,-2,1,3,1,-1,-3,-1,2,2,5,2,2,-2,-2,-5,-2,-2
0,1,27997,28000,83991,83992,83993,83996,83997,83998,167983,167984,167985,167986,167987,167990,167991,167992,167993,167994,1,-1,2,-2,1,3,1,-1,-3,-1,2,2,5,2,2,-2,-2,-5,-2,-2
0,1,27999,28002,83997,83998,83999,84002,84003,84004,167995,167996,167997,167998,167999,168002,168003,168004,168005,168006,1,-1,2,-2,1,3,1,-1,-3,-1,2,2,5,2,2,-2,-2,-5,-2,-2
0,1,28001,28004,84003,84004,84005,84008,84009,84010,168007,168008,168009,168010,168011,168014,168015,168016,168017,168018,1,-1,2,-2,1,3,1,-1,-3,-1,2,2,5,2,2,-2,-2,-5,-2,-2
0,1,28003,28006,84009,84010,84011,84014,84015,84016,168019,168020,168021,168022,168023,168026,168027,168028,168029,168030,1,-1,2,-2,1,3,1,-1,-3,-1,2,2,5,2,2,-2,-2,-5,-2,-2
0,1,28005,28008,84015,84016,84017,84020,84021,84022,168031,168032,168033,168034,168035,168038,168039,168040,168041,168042,1,-1,2,-2,1,3,1,-1,-3,-1,2,2,5,2,2,-2,-2,-5,-2,-2
0,1,28007,28010,84021,84022,84023,84026,84027,84028,168043,168044,168045,168046,168047,168050,168051,168052,168053,168054,1,-1,2,-2,1,3,1,-1,-3,-1,2,2,5,2,2,-2,-2,-5,-2,-2
0,1,28009,28012,84027,84028,84029,84032,84033,84034,168055,168056,168057,168058,168059,168062,168063,168064,168065,168066,1,-1,2,-2,1,3,1,-1,-3,-1,2,2,5,2,2,-2,-2,-5,-2,-2
0,1,28011,28014,84033,84034,84035,84038,84039,84040,168067,168068,168069,168070,168071,168074,168075,168076,168077,168078,1,-1,2,-2,1,3,1,-1,-3,-1,2,2,5,2,2,-2,-2,-5,-2,-2
0,1,28013,28016,84039,84040,84041,84044,84045,84046,168079,168080,168081,168082,168083,168086,168087,168088,168089,168090,1,-1,2,-2,1,3,1,-1,-3,-1,2,2,5,2,2,-2,-2,-5,-2,-2
0,1,28015,28018,84045,84046,84047,84050,84051,84052,168091,168092,168093,168094,168095,168098,168099,168100,168101,168102,1,-1,2,-2,1,3,1,-1,-3,-1,2,2,5,2,2,-2,-2,-5,-2,-2
0,1,28017,28020,84051,84052,84053,84056,84057,84058,168103,168104,168105,168106,168107,168110,168111,168112,168113,168114,1,-1,2,-2,1,3,1,-1,-3,-1,2,2,5,2,2,-2,-2,-5,-2,-2
0,1,28019,28022,84057,84058,84059,84062,84063,84064,168115,168116,168117,168118,168119,168122,168123,168124,168125,168126,1,-1,2,-2,1,3,1,-1,-3,-1,2,2,5,2,2,-2,-2,-5,-2,-2
0,1,28021,28024,84063,84064,84065,84068,84069,84070,168127,168128,168129,168130,168131,168134,168135,168136,168137,168138,1,-1,2,-2,1,3,1,-1,-3,-1,2,2,5,2,2,-2,-2,-5,-2,-2
0,1,28023,28026,84069,84070,84071,84074,84075,84076,168139,168140,168141,168142,168143,168146,168147,168148,168149,168150,1,-1,2,-2,1,3,1,-1,-3,-1,2,2,5,2,2,-2,-2,-5,-2,-2
0,1,28025,28028,84075,84076,84077,84080,84081,84082,168151,168152,168153,168154,168155,168158,168159,168160,168161,168162,1,-1,2,-2,1,3,1,-1,-3,-1,2,2,5,2,2,-2,-2,-5,-2,-2
0,1,28027,28030,84081,84082,84083,84086,84087,84088,168163,168164,168165,168166,168167,168170,168171,168172,168173,168174,1,-1,2,-2,1,3,1,-1,-3,-1,2,2,5,2,2,-2,-2,-5,-2,-2
0,1,28029,28032,84087,84088,84089,84092,84093,84094,168175,168176,168177,168178,168179,168182,168183,168184,168185,168186,1,-1,2,-2,1,3,1,-1,-3,-1,2,2,5,2,2,-2,-2,-5,-2,-2
0,1,28031,28034,84093,84094,84095,84098,84099,84100,168187,168188,168189,168190,168191,168194,168195,168196,168197,168198,1,-1,2,-2,1,3,1,-1,-3,-1,2,2,5,2,2,-2,-2,-5,-2,-2
0,1,28033,28036,84099,84100,84101,84104,84105,84106,168199,168200,168201,168202,168203,168206,168207,168208,168209,168210,1,-1,2,-2,1,3,1,-1,-3,-1,2,2,5,2,2,-2,-2,-5,-2,-2
0,1,28035,28038,84105,84106,84107,84110,84111,84112,168211,168212,168213,168214,168215,168218,168219,168220,168221,168222,1,-1,2,-2,1,3,1,-1,-3,-1,2,2,5,2,2,-2,-2,-5,-2,-2
0,1,28037,28040,84111,84112,84113,84116,84117,84118,168223,168224,168225,168226,168227,168230,168231,168232,168233,168234,1,-1,2,-2,1,3,1,-1,-3,-1,2,2,5,2,2,-2,-2,-5,-2,-2
0,1,28039,28042,84117,84118,84119,84122,84123,84124,168235,168236,168237,168238,168239,168242,168243,168244,168245,168246,1,-1,2,-2,1,3,1,-1,-3,-1,2,2,5,2,2,-2,-2,-5,-2,-2
0,1,28041,28044,84123,84124,84125,84128,84129,84130,168247,168248,168249,168250,168251,168254,168255,168256,168257,168258,1,-1,2,-2,1,3,1,-1,-3,-1,2,2,5,2,2,-2,-2,-5,-2,-2
0,1,28043,28046,84129,84130,84131,84134,84135,84136,168259,168260,168261,168262,168263,168266,168267,168268,168269,168270,1,-1,2,-2,1,3,1,-1,-3,-1,2,2,5,2,2,-2,-2,-5,-2,-2
0,1,28045,28048,84135,84136,84137,84140,84141,84142,168271,168272,168273,168274,168275,168278,168279,168280,168281,168282,1,-1,2,-2,1,3,1,-1,-3,-1,2,2,5,2,2,-2,-2,-5,-2,-2
0,1,28047,28050,84141,84142,84143,84146,84147,84148,168283,168284,168285,168286,168287,168290,168291,168292,168293,168294,1,-1,2,-2,1,3,1,-1,-3,-1,2,2,5,2,2,-2,-2,-5,-2,-2
0,1,28049,28052,84147,84148,84149,84152,84153,84154,168295,168296,168297,168298,168299,168302,168303,168304,168305,168306,1,-1,2,-2,1,3,1,-1,-3,-1,2,2,5,2,2,-2,-2,-5,-2,-2
0,1,28051,28054,84153,84154,84155,84158,84159,84160,168307,168308,168309,168310,168311,168314,168315,168316,168317,168318,1,-1,2,-2,1,3,1,-1,-3,-1,2,2,5,2,2,-2,-2,-5,-2,-2
0,1,28053,28056,84159,84160,84161,84164,84165,84166,168319,168320,168321,168322,168323,168326,168327,168328,168329,168330,1,-1,2,-2,1,3,1,-1,-3,-1,2,2,5,2,2,-2,-2,-5,-2,-2
0,1,28055,28058,84165,84166,84167,84170,84171,84172,168331,168332,168333,168334,168335,168338,168339,168340,168341,168342,1,-1,2,-2,1,3,1,-1,-3,-1,2,2,5,2,2,-2,-2,-5,-2,-2
0,1,28057,28060,84171,84172,84173,84176,84177,84178,168343,168344,168345,168346,168347,168350,168351,168352,168353,168354,1,-1,2,-2,1,3,1,-1,-3,-1,2,2,5,2,2,-2,-2,-5,-2,-2
0,1,28059,28062,84177,84178,84179,84182,84183,84184,168355,168356,168357,168358,168359,168362,168363,168364,168365,168366,1,-1,2,-2,1,3,1,-1,-3,-1,2,2,5,2,2,-2,-2,-5,-2,-2
0,1,28061,28064,84183,84184,84185,84188,84189,84190,168367,168368,168369,168370,168371,168374,168375,168376,168377,168378,1,-1,2,-2,1,3,1,-1,-3,-1,2,2,5,2,2,-2,-2,-5,-2,-2
0,1,28063,28066,84189,84190,84191,84194,84195,84196,168379,168380,168381,168382,168383,168386,168387,168388,168389,168390,1,-1,2,-2,1,3,1,-1,-3,-1,2,2,5,2,2,-2,-2,-5,-2,-2
0,1,28065,28068,84195,84196,84197,84200,84201,84202,168391,168392,168393,168394,168395,168398,168399,168400,168401,168402,1,-1,2,-2,1,3,1,-1,-3,-1,2,2,5,2,2,-2,-2,-5,-2,-2
0,1,28067,28070,84201,84202,84203,84206,84207,84208,168403,168404,168405,168406,168407,168410,168411,168412,168413,168414,1,-1,2,-2,1,3,1,-1,-3,-1,2,2,5,2,2,-2,-2,-5,-2,-2
0,1,28069,28072,84207,84208,84209,84212,84213,84214,168415,168416,168417,168418,168419,168422,168423,168424,168425,168426,1,-1,2,-2,1,3,1,-1,-3,-1,2,2,5,2,2,-2,-2,-5,-2,-2
0,1,28071,28074,84213,84214,84215,84218,84219,84220,168427,168428,168429,168430,168431,168434,168435,168436,168437,168438,1,-1,2,-2,1,3,1,-1,-3,-1,2,2,5,2,2,-2,-2,-5,-2,-2
0,1,28073,28076,84219,84220,84221,84224,84225,84226,168439,168440,168441,168442,168443,168446,168447,168448,168449,168450,1,-1,2,-2,1,3,1,-1,-3,-1,2,2,5,2,2,-2,-2,-5,-2,-2
0,1,28075,28078,84225,84226,84227,84230,84231,84232,168451,168452,168453,168454,168455,168458,168459,168460,168461,168462,1,-1,2,-2,1,3,1,-1,-3,-1,2,2,5,2,2,-2,-2,-5,-2,-2
0,1,28077,28080,84231,84232,84233,84236,84237,84238,168463,168464,168465,168466,168467,168470,168471,168472,168473,168474,1,-1,2,-2,1,3,1,-1,-3,-1,2,2,5,2,2,-2,-2,-5,-2,-2
0,1,28079,28082,84237,84238,84239,84242,84243,84244,168475,168476,168477,168478,168479,168482,168483,168484,168485,168486,1,-1,2,-2,1,3,1,-1,-3,-1,2,2,5,2,2,-2,-2,-5,-2,-2
0,1,28081,28084,84243,84244,84245,84248,84249,84250,168487,168488,168489,168490,168491,168494,168495,168496,168497,168498,1,-1,2,-2,1,3,1,-1,-3,-1,2,2,5,2,2,-2,-2,-5,-2,-2
0,1,28083,28086,84249,84250,84251,84254,84255,84256,168499,168500,168501,168502,168503,168506,168507,168508,168509,168510,1,-1,2,-2,1,3,1,-1,-3,-1,2,2,5,2,2,-2,-2,-5,-2,-2
0,1,28085,28088,84255,84256,84257,84260,84261,84262,168511,168512,168513,168514,168515,168518,168519,168520,168521,168522,1,-1,2,-2,1,3,1,-1,-3,-1,2,2,5,2,2,-2,-2,-5,-2,-2
0,1,28087,28090,84261,84262,84263,84266,84267,84268,168523,168524,168525,168526,168527,168530,168531,168532,168533,168534,1,-1,2,-2,1,3,1,-1,-3,-1,2,2,5,2,2,-2,-2,-5,-2,-2
0,1,28089,28092,84267,84268,84269,84272,84273,84274,168535,168536,168537,168538,168539,168542,168543,168544,168545,168546,1,-1,2,-2,1,3,1,-1,-3,-1,2,2,5,2,2,-2,-2,-5,-2,-2
0,1,28091,28094,84273,84274,84275,84278,84279,84280,168547,168548,168549,168550,168551,168554,168555,168556,168557,168558,1,-1,2,-2,1,3,1,-1,-3,-1,2,2,5,2,2,-2,-2,-5,-2,-2
0,1,28093,28096,84279,84280,84281,84284,84285,84286,168559,168560,168561,168562,168563,168566,168567,168568,168569,168570,1,-1,2,-2,1,3,1,-1,-3,-1,2,2,5,2,2,-2,-2,-5,-2,-2
0,1,28095,28098,84285,84286,84287,84290,84291,84292,168571,168572,168573,168574,168575,168578,168579,168580,168581,168582,1,-1,2,-2,1,3,1,-1,-3,-1,2,2,5,2,2,-2,-2,-5,-2,-2
0,1,28097,28100,84291,84292,84293,84296,84297,84298,168583,168584,168585,168586,168587,168590,168591,168592,168593,168594,1,-1,2,-2,1,3,1,-1,-3,-1,2,2,5,2,2,-2,-2,-5,-2,-2
0,1,28099,28102,84297,84298,84299,84302,84303,84304,168595,168596,168597,168598,168599,168602,168603,168604,168605,168606,1,-1,2,-2,1,3,1,-1,-3,-1,2,2,5,2,2,-2,-2,-5,-2,-2
0,1,28101,28104,84303,84304,84305,84308,84309,84310,168607,168608,168609,168610,168611,168614,168615,168616,168617,168618,1,-1,2,-2,1,3,1,-1,-3,-1,2,2,5,2,2,-2,-2,-5,-2,-2
0,1,28103,28106,84309,84310,84311,84314,84315,84316,168619,168620,168621,168622,168623,168626,168627,168628,168629,168630,1,-1,2,-2,1,3,1,-1,-3,-1,2,2,5,2,2,-2,-2,-5,-2,-2
0,1,28105,28108,84315,84316,84317,84320,84321,84322,168631,168632,168633,168634,168635,168638,168639,168640,168641,168642,1,-1,2,-2,1,3,1,-1,-3,-1,2,2,5,2,2,-2,-2,-5,-2,-2
0,1,28107,28110,84321,84322,84323,84326,84327,84328,168643,168644,168645,168646,168647,168650,168651,168652,168653,168654,1,-1,2,-2,1,3,1,-1,-3,-1,2,2,5,2,2,-2,-2,-5,-2,-2
0,1,28109,28112,84327,84328,84329,84332,84333,84334,168655,168656,168657,168658,168659,168662,168663,168664,168665,168666,1,-1,2,-2,1,3,1,-1,-3,-1,2,2,5,2,2,-2,-2,-5,-2,-2
0,1,28111,28114,84333,84334,84335,84338,84339,84340,168667,168668,168669,168670,168671,168674,168675,168676,168677,168678,1,-1,2,-2,1,3,1,-1,-3,-1,2,2,5,2,2,-2,-2,-5,-2,-2
0,1,28113,28116,84339,84340,84341,84344,84345,84346,168679,168680,168681,168682,168683,168686,168687,168688,168689,168690,1,-1,2,-2,1,3,1,-1,-3,-1,2,2,5,2,2,-2,-2,-5,-2,-2
0,1,28115,28118,84345,84346,84347,84350,84351,84352,168691,168692,168693,168694,168695,168698,168699,168700,168701,168702,1,-1,2,-2,1,3,1,-1,-3,-1,2,2,5,2,2,-2,-2,-5,-2,-2
0,1,28117,28120,84351,84352,84353,84356,84357,84358,168703,168704,168705,168706,168707,168710,168711,168712,168713,168714,1,-1,2,-2,1,3,1,-1,-3,-1,2,2,5,2,2,-2,-2,-5,-2,-2
0,1,28119,28122,84357,84358,84359,84362,84363,84364,168715,168716,168717,168718,168719,168722,168723,168724,168725,168726,1,-1,2,-2,1,3,1,-1,-3,-1,2,2,5,2,2,-2,-2,-5,-2,-2
0,1,28121,28124,84363,84364,84365,84368,84369,84370,168727,168728,168729,168730,168731,168734,168735,168736,168737,168738,1,-1,2,-2,1,3,1,-1,-3,-1,2,2,5,2,2,-2,-2,-5,-2,-2
0,1,28123,28126,84369,84370,84371,84374,84375,84376,168739,168740,168741,168742,168743,168746,168747,168748,168749,168750,1,-1,2,-2,1,3,1,-1,-3,-1,2,2,5,2,2,-2,-2,-5,-2,-2
0,1,28125,28128,84375,84376,84377,84380,84381,84382,168751,168752,168753,168754,168755,168758,168759,168760,168761,168762,1,-1,2,-2,1,3,1,-1,-3,-1,2,2,5,2,2,-2,-2,-5,-2,-2
0,1,28127,28130,84381,84382,84383,84386,84387,84388,168763,168764,168765,168766,168767,168770,168771,168772,168773,168774,1,-1,2,-2,1,3,1,-1,-3,-1,2,2,5,2,2,-2,-2,-5,-2,-2
0,1,28129,28132,84387,84388,84389,84392,84393,84394,168775,168776,168777,168778,168779,168782,168783,168784,168785,168786,1,-1,2,-2,1,3,1,-1,-3,-1,2,2,5,2,2,-2,-2,-5,-2,-2
0,1,28131,28134,84393,84394,84395,84398,84399,84400,168787,168788,168789,168790,168791,168794,168795,168796,168797,168798,1,-1,2,-2,1,3,1,-1,-3,-1,2,2,5,2,2,-2,-2,-5,-2,-2
0,1,28133,28136,84399,84400,84401,84404,84405,84406,168799,168800,168801,168802,168803,168806,168807,168808,168809,168810,1,-1,2,-2,1,3,1,-1,-3,-1,2,2,5,2,2,-2,-2,-5,-2,-2
0,1,28135,28138,84405,84406,84407,84410,84411,84412,168811,168812,168813,168814,168815,168818,168819,168820,168821,168822,1,-1,2,-2,1,3,1,-1,-3,-1,2,2,5,2,2,-2,-2,-5,-2,-2
0,1,28137,28140,84411,84412,84413,84416,84417,84418,168823,168824,168825,168826,168827,168830,168831,168832,168833,168834,1,-1,2,-2,1,3,1,-1,-3,-1,2,2,5,2,2,-2,-2,-5,-2,-2
0,1,28139,28142,84417,84418,84419,84422,84423,84424,168835,168836,168837,168838,168839,168842,168843,168844,168845,168846,1,-1,2,-2,1,3,1,-1,-3,-1,2,2,5,2,2,-2,-2,-5,-2,-2
0,1,28141,28144,84423,84424,84425,84428,84429,84430,168847,168848,168849,168850,168851,168854,168855,168856,168857,168858,1,-1,2,-2,1,3,1,-1,-3,-1,2,2,5,2,2,-2,-2,-5,-2,-2
0,1,28143,28146,84429,84430,84431,84434,84435,84436,168859,168860,168861,168862,168863,168866,168867,168868,168869,168870,1,-1,2,-2,1,3,1,-1,-3,-1,2,2,5,2,2,-2,-2,-5,-2,-2
0,1,28145,28148,84435,84436,84437,84440,84441,84442,168871,168872,168873,168874,168875,168878,168879,168880,168881,168882,1,-1,2,-2,1,3,1,-1,-3,-1,2,2,5,2,2,-2,-2,-5,-2,-2
0,1,28147,28150,84441,84442,84443,84446,84447,84448,168883,168884,168885,168886,168887,168890,168891,168892,168893,168894,1,-1,2,-2,1,3,1,-1,-3,-1,2,2,5,2,2,-2,-2,-5,-2,-2
0,1,28149,28152,84447,84448,84449,84452,84453,84454,168895,168896,168897,168898,168899,168902,168903,168904,168905,168906,1,-1,2,-2,1,3,1,-1,-3,-1,2,2,5,2,2,-2,-2,-5,-2,-2
0,1,28151,28154,84453,84454,84455,84458,84459,84460,168907,168908,168909,168910,168911,168914,168915,168916,168917,168918,1,-1,2,-2,1,3,1,-1,-3,-1,2,2,5,2,2,-2,-2,-5,-2,-2
0,1,28153,28156,84459,84460,84461,84464,84465,84466,168919,168920,168921,168922,168923,168926,168927,168928,168929,168930,1,-1,2,-2,1,3,1,-1,-3,-1,2,2,5,2,2,-2,-2,-5,-2,-2
0,1,28155,28158,84465,84466,84467,84470,84471,84472,168931,168932,168933,168934,168935,168938,168939,168940,168941,168942,1,-1,2,-2,1,3,1,-1,-3,-1,2,2,5,2,2,-2,-2,-5,-2,-2
0,1,28157,28160,84471,84472,84473,84476,84477,84478,168943,168944,168945,168946,168947,168950,168951,168952,168953,168954,1,-1,2,-2,1,3,1,-1,-3,-1,2,2,5,2,2,-2,-2,-5,-2,-2
0,1,28159,28162,84477,84478,84479,84482,84483,84484,168955,168956,168957,168958,168959,168962,168963,168964,168965,168966,1,-1,2,-2,1,3,1,-1,-3,-1,2,2,5,2,2,-2,-2,-5,-2,-2
0,1,28161,28164,84483,84484,84485,84488,84489,84490,168967,168968,168969,168970,168971,168974,168975,168976,168977,168978,1,-1,2,-2,1,3,1,-1,-3,-1,2,2,5,2,2,-2,-2,-5,-2,-2
0,1,28163,28166,84489,84490,84491,84494,84495,84496,168979,168980,168981,168982,168983,168986,168987,168988,168989,168990,1,-1,2,-2,1,3,1,-1,-3,-1,2,2,5,2,2,-2,-2,-5,-2,-2
0,1,28165,28168,84495,84496,84497,84500,84501,84502,168991,168992,168993,168994,168995,168998,168999,169000,169001,169002,1,-1,2,-2,1,3,1,-1,-3,-1,2,2,5,2,2,-2,-2,-5,-2,-2
0,1,28167,28170,84501,84502,84503,84506,84507,84508,169003,169004,169005,169006,169007,169010,169011,169012,169013,169014,1,-1,2,-2,1,3,1,-1,-3,-1,2,2,5,2,2,-2,-2,-5,-2,-2
0,1,28169,28172,84507,84508,84509,84512,84513,84514,169015,169016,169017,169018,169019,169022,169023,169024,169025,169026,1,-1,2,-2,1,3,1,-1,-3,-1,2,2,5,2,2,-2,-2,-5,-2,-2
0,1,28171,28174,84513,84514,84515,84518,84519,84520,169027,169028,169029,169030,169031,169034,169035,169036,169037,169038,1,-1,2,-2,1,3,1,-1,-3,-1,2,2,5,2,2,-2,-2,-5,-2,-2
0,1,28173,28176,84519,84520,84521,84524,84525,84526,169039,169040,169041,169042,169043,169046,169047,169048,169049,169050,1,-1,2,-2,1,3,1,-1,-3,-1,2,2,5,2,2,-2,-2,-5,-2,-2
0,1,28175,28178,84525,84526,84527,84530,84531,84532,169051,169052,169053,169054,169055,169058,169059,169060,169061,169062,1,-1,2,-2,1,3,1,-1,-3,-1,2,2,5,2,2,-2,-2,-5,-2,-2
0,1,28177,28180,84531,84532,84533,84536,84537,84538,169063,169064,169065,169066,169067,169070,169071,169072,169073,169074,1,-1,2,-2,1,3,1,-1,-3,-1,2,2,5,2,2,-2,-2,-5,-2,-2
0,1,28179,28182,84537,84538,84539,84542,84543,84544,169075,169076,169077,169078,169079,169082,169083,169084,169085,169086,1,-1,2,-2,1,3,1,-1,-3,-1,2,2,5,2,2,-2,-2,-5,-2,-2
0,1,28181,28184,84543,84544,84545,84548,84549,84550,169087,169088,169089,169090,169091,169094,169095,169096,169097,169098,1,-1,2,-2,1,3,1,-1,-3,-1,2,2,5,2,2,-2,-2,-5,-2,-2
0,1,28183,28186,84549,84550,84551,84554,84555,84556,169099,169100,169101,169102,169103,169106,169107,169108,169109,169110,1,-1,2,-2,1,3,1,-1,-3,-1,2,2,5,2,2,-2,-2,-5,-2,-2
0,1,28185,28188,84555,84556,84557,84560,84561,84562,169111,169112,169113,169114,169115,169118,169119,169120,169121,169122,1,-1,2,-2,1,3,1,-1,-3,-1,2,2,5,2,2,-2,-2,-5,-2,-2
0,1,28187,28190,84561,84562,84563,84566,84567,84568,169123,169124,169125,169126,169127,169130,169131,169132,169133,169134,1,-1,2,-2,1,3,1,-1,-3,-1,2,2,5,2,2,-2,-2,-5,-2,-2
0,1,28189,28192,84567,84568,84569,84572,84573,84574,169135,169136,169137,169138,169139,169142,169143,169144,169145,169146,1,-1,2,-2,1,3,1,-1,-3,-1,2,2,5,2,2,-2,-2,-5,-2,-2
0,1,28191,28194,84573,84574,84575,84578,84579,84580,169147,169148,169149,169150,169151,169154,169155,169156,169157,169158,1,-1,2,-2,1,3,1,-1,-3,-1,2,2,5,2,2,-2,-2,-5,-2,-2
0,1,28193,28196,84579,84580,84581,84584,84585,84586,169159,169160,169161,169162,169163,169166,169167,169168,169169,169170,1,-1,2,-2,1,3,1,-1,-3,-1,2,2,5,2,2,-2,-2,-5,-2,-2
0,1,28195,28198,84585,84586,84587,84590,84591,84592,169171,169172,169173,169174,169175,169178,169179,169180,169181,169182,1,-1,2,-2,1,3,1,-1,-3,-1,2,2,5,2,2,-2,-2,-5,-2,-2
0,1,28197,28200,84591,84592,84593,84596,84597,84598,169183,169184,169185,169186,169187,169190,169191,169192,169193,169194,1,-1,2,-2,1,3,1,-1,-3,-1,2,2,5,2,2,-2,-2,-5,-2,-2
0,1,28199,28202,84597,84598,84599,84602,84603,84604,169195,169196,169197,169198,169199,169202,169203,169204,169205,169206,1,-1,2,-2,1,3,1,-1,-3,-1,2,2,5,2,2,-2,-2,-5,-2,-2
0,1,28201,28204,84603,84604,84605,84608,84609,84610,169207,169208,169209,169210,169211,169214,169215,169216,169217,169218,1,-1,2,-2,1,3,1,-1,-3,-1,2,2,5,2,2,-2,-2,-5,-2,-2
0,1,28203,28206,84609,84610,84611,84614,84615,84616,169219,169220,169221,169222,169223,169226,169227,169228,169229,169230,1,-1,2,-2,1,3,1,-1,-3,-1,2,2,5,2,2,-2,-2,-5,-2,-2
0,1,28205,28208,84615,84616,84617,84620,84621,84622,169231,169232,169233,169234,169235,169238,169239,169240,169241,169242,1,-1,2,-2,1,3,1,-1,-3,-1,2,2,5,2,2,-2,-2,-5,-2,-2
0,1,28207,28210,84621,84622,84623,84626,84627,84628,169243,169244,169245,169246,169247,169250,169251,169252,169253,169254,1,-1,2,-2,1,3,1,-1,-3,-1,2,2,5,2,2,-2,-2,-5,-2,-2
0,1,28209,28212,84627,84628,84629,84632,84633,84634,169255,169256,169257,169258,169259,169262,169263,169264,169265,169266,1,-1,2,-2,1,3,1,-1,-3,-1,2,2,5,2,2,-2,-2,-5,-2,-2
0,1,28211,28214,84633,84634,84635,84638,84639,84640,169267,169268,169269,169270,169271,169274,169275,169276,169277,169278,1,-1,2,-2,1,3,1,-1,-3,-1,2,2,5,2,2,-2,-2,-5,-2,-2
0,1,28213,28216,84639,84640,84641,84644,84645,84646,169279,169280,169281,169282,169283,169286,169287,169288,169289,169290,1,-1,2,-2,1,3,1,-1,-3,-1,2,2,5,2,2,-2,-2,-5,-2,-2
0,1,28215,28218,84645,84646,84647,84650,84651,84652,169291,169292,169293,169294,169295,169298,169299,169300,169301,169302,1,-1,2,-2,1,3,1,-1,-3,-1,2,2,5,2,2,-2,-2,-5,-2,-2
0,1,28217,28220,84651,84652,84653,84656,84657,84658,169303,169304,169305,169306,169307,169310,169311,169312,169313,169314,1,-1,2,-2,1,3,1,-1,-3,-1,2,2,5,2,2,-2,-2,-5,-2,-2
0,1,28219,28222,84657,84658,84659,84662,84663,84664,169315,169316,169317,169318,169319,169322,169323,169324,169325,169326,1,-1,2,-2,1,3,1,-1,-3,-1,2,2,5,2,2,-2,-2,-5,-2,-2
0,1,28221,28224,84663,84664,84665,84668,84669,84670,169327,169328,169329,169330,169331,169334,169335,169336,169337,169338,1,-1,2,-2,1,3,1,-1,-3,-1,2,2,5,2,2,-2,-2,-5,-2,-2
0,1,28223,28226,84669,84670,84671,84674,84675,84676,169339,169340,169341,169342,169343,169346,169347,169348,169349,169350,1,-1,2,-2,1,3,1,-1,-3,-1,2,2,5,2,2,-2,-2,-5,-2,-2
0,1,28225,28228,84675,84676,84677,84680,84681,84682,169351,169352,169353,169354,169355,169358,169359,169360,169361,169362,1,-1,2,-2,1,3,1,-1,-3,-1,2,2,5,2,2,-2,-2,-5,-2,-2
0,1,28227,28230,84681,84682,84683,84686,84687,84688,169363,169364,169365,169366,169367,169370,169371,169372,169373,169374,1,-1,2,-2,1,3,1,-1,-3,-1,2,2,5,2,2,-2,-2,-5,-2,-2
0,1,28229,28232,84687,84688,84689,84692,84693,84694,169375,169376,169377,169378,169379,169382,169383,169384,169385,169386,1,-1,2,-2,1,3,1,-1,-3,-1,2,2,5,2,2,-2,-2,-5,-2,-2
0,1,28231,28234,84693,84694,84695,84698,84699,84700,169387,169388,169389,169390,169391,169394,169395,169396,169397,169398,1,-1,2,-2,1,3,1,-1,-3,-1,2,2,5,2,2,-2,-2,-5,-2,-2
0,1,28233,28236,84699,84700,84701,84704,84705,84706,169399,169400,169401,169402,169403,169406,169407,169408,169409,169410,1,-1,2,-2,1,3,1,-1,-3,-1,2,2,5,2,2,-2,-2,-5,-2,-2
0,1,28235,28238,84705,84706,84707,84710,84711,84712,169411,169412,169413,169414,169415,169418,169419,169420,169421,169422,1,-1,2,-2,1,3,1,-1,-3,-1,2,2,5,2,2,-2,-2,-5,-2,-2
0,1,28237,28240,84711,84712,84713,84716,84717,84718,169423,169424,169425,169426,169427,169430,169431,169432,169433,169434,1,-1,2,-2,1,3,1,-1,-3,-1,2,2,5,2,2,-2,-2,-5,-2,-2
0,1,28239,28242,84717,84718,84719,84722,84723,84724,169435,169436,169437,169438,169439,169442,169443,169444,169445,169446,1,-1,2,-2,1,3,1,-1,-3,-1,2,2,5,2,2,-2,-2,-5,-2,-2
0,1,28241,28244,84723,84724,84725,84728,84729,84730,169447,169448,169449,169450,169451,169454,169455,169456,169457,169458,1,-1,2,-2,1,3,1,-1,-3,-1,2,2,5,2,2,-2,-2,-5,-2,-2
0,1,28243,28246,84729,84730,84731,84734,84735,84736,169459,169460,169461,169462,169463,169466,169467,169468,169469,169470,1,-1,2,-2,1,3,1,-1,-3,-1,2,2,5,2,2,-2,-2,-5,-2,-2
0,1,28245,28248,84735,84736,84737,84740,84741,84742,169471,169472,169473,169474,169475,169478,169479,169480,169481,169482,1,-1,2,-2,1,3,1,-1,-3,-1,2,2,5,2,2,-2,-2,-5,-2,-2
0,1,28247,28250,84741,84742,84743,84746,84747,84748,169483,169484,169485,169486,169487,169490,169491,169492,169493,169494,1,-1,2,-2,1,3,1,-1,-3,-1,2,2,5,2,2,-2,-2,-5,-2,-2
0,1,28249,28252,84747,84748,84749,84752,84753,84754,169495,169496,169497,169498,169499,169502,169503,169504,169505,169506,1,-1,2,-2,1,3,1,-1,-3,-1,2,2,5,2,2,-2,-2,-5,-2,-2
0,1,28251,28254,84753,84754,84755,84758,84759,84760,169507,169508,169509,169510,169511,169514,169515,169516,169517,169518,1,-1,2,-2,1,3,1,-1,-3,-1,2,2,5,2,2,-2,-2,-5,-2,-2
0,1,28253,28256,84759,84760,84761,84764,84765,84766,169519,169520,169521,169522,169523,169526,169527,169528,169529,169530,1,-1,2,-2,1,3,1,-1,-3,-1,2,2,5,2,2,-2,-2,-5,-2,-2
0,1,28255,28258,84765,84766,84767,84770,84771,84772,169531,169532,169533,169534,169535,169538,169539,169540,169541,169542,1,-1,2,-2,1,3,1,-1,-3,-1,2,2,5,2,2,-2,-2,-5,-2,-2
0,1,28257,28260,84771,84772,84773,84776,84777,84778,169543,169544,169545,169546,169547,169550,169551,169552,169553,169554,1,-1,2,-2,1,3,1,-1,-3,-1,2,2,5,2,2,-2,-2,-5,-2,-2
0,1,28259,28262,84777,84778,84779,84782,84783,84784,169555,169556,169557,169558,169559,169562,169563,169564,169565,169566,1,-1,2,-2,1,3,1,-1,-3,-1,2,2,5,2,2,-2,-2,-5,-2,-2
0,1,28261,28264,84783,84784,84785,84788,84789,84790,169567,169568,169569,169570,169571,169574,169575,169576,169577,169578,1,-1,2,-2,1,3,1,-1,-3,-1,2,2,5,2,2,-2,-2,-5,-2,-2
0,1,28263,28266,84789,84790,84791,84794,84795,84796,169579,169580,169581,169582,169583,169586,169587,169588,169589,169590,1,-1,2,-2,1,3,1,-1,-3,-1,2,2,5,2,2,-2,-2,-5,-2,-2
0,1,28265,28268,84795,84796,84797,84800,84801,84802,169591,169592,169593,169594,169595,169598,169599,169600,169601,169602,1,-1,2,-2,1,3,1,-1,-3,-1,2,2,5,2,2,-2,-2,-5,-2,-2
0,1,28267,28270,84801,84802,84803,84806,84807,84808,169603,169604,169605,169606,169607,169610,169611,169612,169613,169614,1,-1,2,-2,1,3,1,-1,-3,-1,2,2,5,2,2,-2,-2,-5,-2,-2
0,1,28269,28272,84807,84808,84809,84812,84813,84814,169615,169616,169617,169618,169619,169622,169623,169624,169625,169626,1,-1,2,-2,1,3,1,-1,-3,-1,2,2,5,2,2,-2,-2,-5,-2,-2
0,1,28271,28274,84813,84814,84815,84818,84819,84820,169627,169628,169629,169630,169631,169634,169635,169636,169637,169638,1,-1,2,-2,1,3,1,-1,-3,-1,2,2,5,2,2,-2,-2,-5,-2,-2
0,1,28273,28276,84819,84820,84821,84824,84825,84826,169639,169640,169641,169642,169643,169646,169647,169648,169649,169650,1,-1,2,-2,1,3,1,-1,-3,-1,2,2,5,2,2,-2,-2,-5,-2,-2
0,1,28275,28278,84825,84826,84827,84830,84831,84832,169651,169652,169653,169654,169655,169658,169659,169660,169661,169662,1,-1,2,-2,1,3,1,-1,-3,-1,2,2,5,2,2,-2,-2,-5,-2,-2
0,1,28277,28280,84831,84832,84833,84836,84837,84838,169663,169664,169665,169666,169667,169670,169671,169672,169673,169674,1,-1,2,-2,1,3,1,-1,-3,-1,2,2,5,2,2,-2,-2,-5,-2,-2
0,1,28279,28282,84837,84838,84839,84842,84843,84844,169675,169676,169677,169678,169679,169682,169683,169684,169685,169686,1,-1,2,-2,1,3,1,-1,-3,-1,2,2,5,2,2,-2,-2,-5,-2,-2
0,1,28281,28284,84843,84844,84845,84848,84849,84850,169687,169688,169689,169690,169691,169694,169695,169696,169697,169698,1,-1,2,-2,1,3,1,-1,-3,-1,2,2,5,2,2,-2,-2,-5,-2,-2
0,1,28283,28286,84849,84850,84851,84854,84855,84856,169699,169700,169701,169702,169703,169706,169707,169708,169709,169710,1,-1,2,-2,1,3,1,-1,-3,-1,2,2,5,2,2,-2,-2,-5,-2,-2
0,1,28285,28288,84855,84856,84857,84860,84861,84862,169711,169712,169713,169714,169715,169718,169719,169720,169721,169722,1,-1,2,-2,1,3,1,-1,-3,-1,2,2,5,2,2,-2,-2,-5,-2,-2
0,1,28287,28290,84861,84862,84863,84866,84867,84868,169723,169724,169725,169726,169727,169730,169731,169732,169733,169734,1,-1,2,-2,1,3,1,-1,-3,-1,2,2,5,2,2,-2,-2,-5,-2,-2
0,1,28289,28292,84867,84868,84869,84872,84873,84874,169735,169736,169737,169738,169739,169742,169743,169744,169745,169746,1,-1,2,-2,1,3,1,-1,-3,-1,2,2,5,2,2,-2,-2,-5,-2,-2
0,1,28291,28294,84873,84874,84875,84878,84879,84880,169747,169748,169749,169750,169751,169754,169755,169756,169757,169758,1,-1,2,-2,1,3,1,-1,-3,-1,2,2,5,2,2,-2,-2,-5,-2,-2
0,1,28293,28296,84879,84880,84881,84884,84885,84886,169759,169760,169761,169762,169763,169766,169767,169768,169769,169770,1,-1,2,-2,1,3,1,-1,-3,-1,2,2,5,2,2,-2,-2,-5,-2,-2
0,1,28295,28298,84885,84886,84887,84890,84891,84892,169771,169772,169773,169774,169775,169778,169779,169780,169781,169782,1,-1,2,-2,1,3,1,-1,-3,-1,2,2,5,2,2,-2,-2,-5,-2,-2
0,1,28297,28300,84891,84892,84893,84896,84897,84898,169783,169784,169785,169786,169787,169790,169791,169792,169793,169794,1,-1,2,-2,1,3,1,-1,-3,-1,2,2,5,2,2,-2,-2,-5,-2,-2
0,1,28299,28302,84897,84898,84899,84902,84903,84904,169795,169796,169797,169798,169799,169802,169803,169804,169805,169806,1,-1,2,-2,1,3,1,-1,-3,-1,2,2,5,2,2,-2,-2,-5,-2,-2
0,1,28301,28304,84903,84904,84905,84908,84909,84910,169807,169808,169809,169810,169811,169814,169815,169816,169817,169818,1,-1,2,-2,1,3,1,-1,-3,-1,2,2,5,2,2,-2,-2,-5,-2,-2
0,1,28303,28306,84909,84910,84911,84914,84915,84916,169819,169820,169821,169822,169823,169826,169827,169828,169829,169830,1,-1,2,-2,1,3,1,-1,-3,-1,2,2,5,2,2,-2,-2,-5,-2,-2
0,1,28305,28308,84915,84916,84917,84920,84921,84922,169831,169832,169833,169834,169835,169838,169839,169840,169841,169842,1,-1,2,-2,1,3,1,-1,-3,-1,2,2,5,2,2,-2,-2,-5,-2,-2
0,1,28307,28310,84921,84922,84923,84926,84927,84928,169843,169844,169845,169846,169847,169850,169851,169852,169853,169854,1,-1,2,-2,1,3,1,-1,-3,-1,2,2,5,2,2,-2,-2,-5,-2,-2
0,1,28309,28312,84927,84928,84929,84932,84933,84934,169855,169856,169857,169858,169859,169862,169863,169864,169865,169866,1,-1,2,-2,1,3,1,-1,-3,-1,2,2,5,2,2,-2,-2,-5,-2,-2
0,1,28311,28314,84933,84934,84935,84938,84939,84940,169867,169868,169869,169870,169871,169874,169875,169876,169877,169878,1,-1,2,-2,1,3,1,-1,-3,-1,2,2,5,2,2,-2,-2,-5,-2,-2
0,1,28313,28316,84939,84940,84941,84944,84945,84946,169879,169880,169881,169882,169883,169886,169887,169888,169889,169890,1,-1,2,-2,1,3,1,-1,-3,-1,2,2,5,2,2,-2,-2,-5,-2,-2
0,1,28315,28318,84945,84946,84947,84950,84951,84952,169891,169892,169893,169894,169895,169898,169899,169900,169901,169902,1,-1,2,-2,1,3,1,-1,-3,-1,2,2,5,2,2,-2,-2,-5,-2,-2
0,1,28317,28320,84951,84952,84953,84956,84957,84958,169903,169904,169905,169906,169907,169910,169911,169912,169913,169914,1,-1,2,-2,1,3,1,-1,-3,-1,2,2,5,2,2,-2,-2,-5,-2,-2
0,1,28319,28322,84957,84958,84959,84962,84963,84964,169915,169916,169917,169918,169919,169922,169923,169924,169925,169926,1,-1,2,-2,1,3,1,-1,-3,-1,2,2,5,2,2,-2,-2,-5,-2,-2
0,1,28321,28324,84963,84964,84965,84968,84969,84970,169927,169928,169929,169930,169931,169934,169935,169936,169937,169938,1,-1,2,-2,1,3,1,-1,-3,-1,2,2,5,2,2,-2,-2,-5,-2,-2
0,1,28323,28326,84969,84970,84971,84974,84975,84976,169939,169940,169941,169942,169943,169946,169947,169948,169949,169950,1,-1,2,-2,1,3,1,-1,-3,-1,2,2,5,2,2,-2,-2,-5,-2,-2
0,1,28325,28328,84975,84976,84977,84980,84981,84982,169951,169952,169953,169954,169955,169958,169959,169960,169961,169962,1,-1,2,-2,1,3,1,-1,-3,-1,2,2,5,2,2,-2,-2,-5,-2,-2
0,1,28327,28330,84981,84982,84983,84986,84987,84988,169963,169964,169965,169966,169967,169970,169971,169972,169973,169974,1,-1,2,-2,1,3,1,-1,-3,-1,2,2,5,2,2,-2,-2,-5,-2,-2
0,1,28329,28332,84987,84988,84989,84992,84993,84994,169975,169976,169977,169978,169979,169982,169983,169984,169985,169986,1,-1,2,-2,1,3,1,-1,-3,-1,2,2,5,2,2,-2,-2,-5,-2,-2
0,1,28331,28334,84993,84994,84995,84998,84999,85000,169987,169988,169989,169990,169991,169994,169995,169996,169997,169998,1,-1,2,-2,1,3,1,-1,-3,-1,2,2,5,2,2,-2,-2,-5,-2,-2
0,1,28333,28336,84999,85000,85001,85004,85005,85006,169999,170000,170001,170002,170003,170006,170007,170008,170009,170010,1,-1,2,-2,1,3,1,-1,-3,-1,2,2,5,2,2,-2,-2,-5,-2,-2
0,1,28335,28338,85005,85006,85007,85010,85011,85012,170011,170012,170013,170014,170015,170018,170019,170020,170021,170022,1,-1,2,-2,1,3,1,-1,-3,-1,2,2,5,2,2,-2,-2,-5,-2,-2
0,1,28337,28340,85011,85012,85013,85016,85017,85018,170023,170024,170025,170026,170027,170030,170031,170032,170033,170034,1,-1,2,-2,1,3,1,-1,-3,-1,2,2,5,2,2,-2,-2,-5,-2,-2
0,1,28339,28342,85017,85018,85019,85022,85023,85024,170035,170036,170037,170038,170039,170042,170043,170044,170045,170046,1,-1,2,-2,1,3,1,-1,-3,-1,2,2,5,2,2,-2,-2,-5,-2,-2
0,1,28341,28344,85023,85024,85025,85028,85029,85030,170047,170048,170049,170050,170051,170054,170055,170056,170057,170058,1,-1,2,-2,1,3,1,-1,-3,-1,2,2,5,2,2,-2,-2,-5,-2,-2
0,1,28343,28346,85029,85030,85031,85034,85035,85036,170059,170060,170061,170062,170063,170066,170067,170068,170069,170070,1,-1,2,-2,1,3,1,-1,-3,-1,2,2,5,2,2,-2,-2,-5,-2,-2
0,1,28345,28348,85035,85036,85037,85040,85041,85042,170071,170072,170073,170074,170075,170078,170079,170080,170081,170082,1,-1,2,-2,1,3,1,-1,-3,-1,2,2,5,2,2,-2,-2,-5,-2,-2
0,1,28347,28350,85041,85042,85043,85046,85047,85048,170083,170084,170085,170086,170087,170090,170091,170092,170093,170094,1,-1,2,-2,1,3,1,-1,-3,-1,2,2,5,2,2,-2,-2,-5,-2,-2
0,1,28349,28352,85047,85048,85049,85052,85053,85054,170095,170096,170097,170098,170099,170102,170103,170104,170105,170106,1,-1,2,-2,1,3,1,-1,-3,-1,2,2,5,2,2,-2,-2,-5,-2,-2
0,1,28351,28354,85053,85054,85055,85058,85059,85060,170107,170108,170109,170110,170111,170114,170115,170116,170117,170118,1,-1,2,-2,1,3,1,-1,-3,-1,2,2,5,2,2,-2,-2,-5,-2,-2
0,1,28353,28356,85059,85060,85061,85064,85065,85066,170119,170120,170121,170122,170123,170126,170127,170128,170129,170130,1,-1,2,-2,1,3,1,-1,-3,-1,2,2,5,2,2,-2,-2,-5,-2,-2
0,1,28355,28358,85065,85066,85067,85070,85071,85072,170131,170132,170133,170134,170135,170138,170139,170140,170141,170142,1,-1,2,-2,1,3,1,-1,-3,-1,2,2,5,2,2,-2,-2,-5,-2,-2
0,1,28357,28360,85071,85072,85073,85076,85077,85078,170143,170144,170145,170146,170147,170150,170151,170152,170153,170154,1,-1,2,-2,1,3,1,-1,-3,-1,2,2,5,2,2,-2,-2,-5,-2,-2
0,1,28359,28362,85077,85078,85079,85082,85083,85084,170155,170156,170157,170158,170159,170162,170163,170164,170165,170166,1,-1,2,-2,1,3,1,-1,-3,-1,2,2,5,2,2,-2,-2,-5,-2,-2
0,1,28361,28364,85083,85084,85085,85088,85089,85090,170167,170168,170169,170170,170171,170174,170175,170176,170177,170178,1,-1,2,-2,1,3,1,-1,-3,-1,2,2,5,2,2,-2,-2,-5,-2,-2
0,1,28363,28366,85089,85090,85091,85094,85095,85096,170179,170180,170181,170182,170183,170186,170187,170188,170189,170190,1,-1,2,-2,1,3,1,-1,-3,-1,2,2,5,2,2,-2,-2,-5,-2,-2
0,1,28365,28368,85095,85096,85097,85100,85101,85102,170191,170192,170193,170194,170195,170198,170199,170200,170201,170202,1,-1,2,-2,1,3,1,-1,-3,-1,2,2,5,2,2,-2,-2,-5,-2,-2
0,1,28367,28370,85101,85102,85103,85106,85107,85108,170203,170204,170205,170206,170207,170210,170211,170212,170213,170214,1,-1,2,-2,1,3,1,-1,-3,-1,2,2,5,2,2,-2,-2,-5,-2,-2
0,1,28369,28372,85107,85108,85109,85112,85113,85114,170215,170216,170217,170218,170219,170222,170223,170224,170225,170226,1,-1,2,-2,1,3,1,-1,-3,-1,2,2,5,2,2,-2,-2,-5,-2,-2
0,1,28371,28374,85113,85114,85115,85118,85119,85120,170227,170228,170229,170230,170231,170234,170235,170236,170237,170238,1,-1,2,-2,1,3,1,-1,-3,-1,2,2,5,2,2,-2,-2,-5,-2,-2
0,1,28373,28376,85119,85120,85121,85124,85125,85126,170239,170240,170241,170242,170243,170246,170247,170248,170249,170250,1,-1,2,-2,1,3,1,-1,-3,-1,2,2,5,2,2,-2,-2,-5,-2,-2
0,1,28375,28378,85125,85126,85127,85130,85131,85132,170251,170252,170253,170254,170255,170258,170259,170260,170261,170262,1,-1,2,-2,1,3,1,-1,-3,-1,2,2,5,2,2,-2,-2,-5,-2,-2
0,1,28377,28380,85131,85132,85133,85136,85137,85138,170263,170264,170265,170266,170267,170270,170271,170272,170273,170274,1,-1,2,-2,1,3,1,-1,-3,-1,2,2,5,2,2,-2,-2,-5,-2,-2
0,1,28379,28382,85137,85138,85139,85142,85143,85144,170275,170276,170277,170278,170279,170282,170283,170284,170285,170286,1,-1,2,-2,1,3,1,-1,-3,-1,2,2,5,2,2,-2,-2,-5,-2,-2
0,1,28381,28384,85143,85144,85145,85148,85149,85150,170287,170288,170289,170290,170291,170294,170295,170296,170297,170298,1,-1,2,-2,1,3,1,-1,-3,-1,2,2,5,2,2,-2,-2,-5,-2,-2
0,1,28383,28386,85149,85150,85151,85154,85155,85156,170299,170300,170301,170302,170303,170306,170307,170308,170309,170310,1,-1,2,-2,1,3,1,-1,-3,-1,2,2,5,2,2,-2,-2,-5,-2,-2
0,1,28385,28388,85155,85156,85157,85160,85161,85162,170311,170312,170313,170314,170315,170318,170319,170320,170321,170322,1,-1,2,-2,1,3,1,-1,-3,-1,2,2,5,2,2,-2,-2,-5,-2,-2
0,1,28387,28390,85161,85162,85163,85166,85167,85168,170323,170324,170325,170326,170327,170330,170331,170332,170333,170334,1,-1,2,-2,1,3,1,-1,-3,-1,2,2,5,2,2,-2,-2,-5,-2,-2
0,1,28389,28392,85167,85168,85169,85172,85173,85174,170335,170336,170337,170338,170339,170342,170343,170344,170345,170346,1,-1,2,-2,1,3,1,-1,-3,-1,2,2,5,2,2,-2,-2,-5,-2,-2
0,1,28391,28394,85173,85174,85175,85178,85179,85180,170347,170348,170349,170350,170351,170354,170355,170356,170357,170358,1,-1,2,-2,1,3,1,-1,-3,-1,2,2,5,2,2,-2,-2,-5,-2,-2
0,1,28393,28396,85179,85180,85181,85184,85185,85186,170359,170360,170361,170362,170363,170366,170367,170368,170369,170370,1,-1,2,-2,1,3,1,-1,-3,-1,2,2,5,2,2,-2,-2,-5,-2,-2
0,1,28395,28398,85185,85186,85187,85190,85191,85192,170371,170372,170373,170374,170375,170378,170379,170380,170381,170382,1,-1,2,-2,1,3,1,-1,-3,-1,2,2,5,2,2,-2,-2,-5,-2,-2
0,1,28397,28400,85191,85192,85193,85196,85197,85198,170383,170384,170385,170386,170387,170390,170391,170392,170393,170394,1,-1,2,-2,1,3,1,-1,-3,-1,2,2,5,2,2,-2,-2,-5,-2,-2
0,1,28399,28402,85197,85198,85199,85202,85203,85204,170395,170396,170397,170398,170399,170402,170403,170404,170405,170406,1,-1,2,-2,1,3,1,-1,-3,-1,2,2,5,2,2,-2,-2,-5,-2,-2
0,1,28401,28404,85203,85204,85205,85208,85209,85210,170407,170408,170409,170410,170411,170414,170415,170416,170417,170418,1,-1,2,-2,1,3,1,-1,-3,-1,2,2,5,2,2,-2,-2,-5,-2,-2
0,1,28403,28406,85209,85210,85211,85214,85215,85216,170419,170420,170421,170422,170423,170426,170427,170428,170429,170430,1,-1,2,-2,1,3,1,-1,-3,-1,2,2,5,2,2,-2,-2,-5,-2,-2
0,1,28405,28408,85215,85216,85217,85220,85221,85222,170431,170432,170433,170434,170435,170438,170439,170440,170441,170442,1,-1,2,-2,1,3,1,-1,-3,-1,2,2,5,2,2,-2,-2,-5,-2,-2
0,1,28407,28410,85221,85222,85223,85226,85227,85228,170443,170444,170445,170446,170447,170450,170451,170452,170453,170454,1,-1,2,-2,1,3,1,-1,-3,-1,2,2,5,2,2,-2,-2,-5,-2,-2
0,1,28409,28412,85227,85228,85229,85232,85233,85234,170455,170456,170457,170458,170459,170462,170463,170464,170465,170466,1,-1,2,-2,1,3,1,-1,-3,-1,2,2,5,2,2,-2,-2,-5,-2,-2
0,1,28411,28414,85233,85234,85235,85238,85239,85240,170467,170468,170469,170470,170471,170474,170475,170476,170477,170478,1,-1,2,-2,1,3,1,-1,-3,-1,2,2,5,2,2,-2,-2,-5,-2,-2
0,1,28413,28416,85239,85240,85241,85244,85245,85246,170479,170480,170481,170482,170483,170486,170487,170488,170489,170490,1,-1,2,-2,1,3,1,-1,-3,-1,2,2,5,2,2,-2,-2,-5,-2,-2
0,1,28415,28418,85245,85246,85247,85250,85251,85252,170491,170492,170493,170494,170495,170498,170499,170500,170501,170502,1,-1,2,-2,1,3,1,-1,-3,-1,2,2,5,2,2,-2,-2,-5,-2,-2
0,1,28417,28420,85251,85252,85253,85256,85257,85258,170503,170504,170505,170506,170507,170510,170511,170512,170513,170514,1,-1,2,-2,1,3,1,-1,-3,-1,2,2,5,2,2,-2,-2,-5,-2,-2
0,1,28419,28422,85257,85258,85259,85262,85263,85264,170515,170516,170517,170518,170519,170522,170523,170524,170525,170526,1,-1,2,-2,1,3,1,-1,-3,-1,2,2,5,2,2,-2,-2,-5,-2,-2
0,1,28421,28424,85263,85264,85265,85268,85269,85270,170527,170528,170529,170530,170531,170534,170535,170536,170537,170538,1,-1,2,-2,1,3,1,-1,-3,-1,2,2,5,2,2,-2,-2,-5,-2,-2
0,1,28423,28426,85269,85270,85271,85274,85275,85276,170539,170540,170541,170542,170543,170546,170547,170548,170549,170550,1,-1,2,-2,1,3,1,-1,-3,-1,2,2,5,2,2,-2,-2,-5,-2,-2
0,1,28425,28428,85275,85276,85277,85280,85281,85282,170551,170552,170553,170554,170555,170558,170559,170560,170561,170562,1,-1,2,-2,1,3,1,-1,-3,-1,2,2,5,2,2,-2,-2,-5,-2,-2
0,1,28427,28430,85281,85282,85283,85286,85287,85288,170563,170564,170565,170566,170567,170570,170571,170572,170573,170574,1,-1,2,-2,1,3,1,-1,-3,-1,2,2,5,2,2,-2,-2,-5,-2,-2
0,1,28429,28432,85287,85288,85289,85292,85293,85294,170575,170576,170577,170578,170579,170582,170583,170584,170585,170586,1,-1,2,-2,1,3,1,-1,-3,-1,2,2,5,2,2,-2,-2,-5,-2,-2
0,1,28431,28434,85293,85294,85295,85298,85299,85300,170587,170588,170589,170590,170591,170594,170595,170596,170597,170598,1,-1,2,-2,1,3,1,-1,-3,-1,2,2,5,2,2,-2,-2,-5,-2,-2
0,1,28433,28436,85299,85300,85301,85304,85305,85306,170599,170600,170601,170602,170603,170606,170607,170608,170609,170610,1,-1,2,-2,1,3,1,-1,-3,-1,2,2,5,2,2,-2,-2,-5,-2,-2
0,1,28435,28438,85305,85306,85307,85310,85311,85312,170611,170612,170613,170614,170615,170618,170619,170620,170621,170622,1,-1,2,-2,1,3,1,-1,-3,-1,2,2,5,2,2,-2,-2,-5,-2,-2
0,1,28437,28440,85311,85312,85313,85316,85317,85318,170623,170624,170625,170626,170627,170630,170631,170632,170633,170634,1,-1,2,-2,1,3,1,-1,-3,-1,2,2,5,2,2,-2,-2,-5,-2,-2
0,1,28439,28442,85317,85318,85319,85322,85323,85324,170635,170636,170637,170638,170639,170642,170643,170644,170645,170646,1,-1,2,-2,1,3,1,-1,-3,-1,2,2,5,2,2,-2,-2,-5,-2,-2
0,1,28441,28444,85323,85324,85325,85328,85329,85330,170647,170648,170649,170650,170651,170654,170655,170656,170657,170658,1,-1,2,-2,1,3,1,-1,-3,-1,2,2,5,2,2,-2,-2,-5,-2,-2
0,1,28443,28446,85329,85330,85331,85334,85335,85336,170659,170660,170661,170662,170663,170666,170667,170668,170669,170670,1,-1,2,-2,1,3,1,-1,-3,-1,2,2,5,2,2,-2,-2,-5,-2,-2
0,1,28445,28448,85335,85336,85337,85340,85341,85342,170671,170672,170673,170674,170675,170678,170679,170680,170681,170682,1,-1,2,-2,1,3,1,-1,-3,-1,2,2,5,2,2,-2,-2,-5,-2,-2
0,1,28447,28450,85341,85342,85343,85346,85347,85348,170683,170684,170685,170686,170687,170690,170691,170692,170693,170694,1,-1,2,-2,1,3,1,-1,-3,-1,2,2,5,2,2,-2,-2,-5,-2,-2
0,1,28449,28452,85347,85348,85349,85352,85353,85354,170695,170696,170697,170698,170699,170702,170703,170704,170705,170706,1,-1,2,-2,1,3,1,-1,-3,-1,2,2,5,2,2,-2,-2,-5,-2,-2
0,1,28451,28454,85353,85354,85355,85358,85359,85360,170707,170708,170709,170710,170711,170714,170715,170716,170717,170718,1,-1,2,-2,1,3,1,-1,-3,-1,2,2,5,2,2,-2,-2,-5,-2,-2
0,1,28453,28456,85359,85360,85361,85364,85365,85366,170719,170720,170721,170722,170723,170726,170727,170728,170729,170730,1,-1,2,-2,1,3,1,-1,-3,-1,2,2,5,2,2,-2,-2,-5,-2,-2
0,1,28455,28458,85365,85366,85367,85370,85371,85372,170731,170732,170733,170734,170735,170738,170739,170740,170741,170742,1,-1,2,-2,1,3,1,-1,-3,-1,2,2,5,2,2,-2,-2,-5,-2,-2
0,1,28457,28460,85371,85372,85373,85376,85377,85378,170743,170744,170745,170746,170747,170750,170751,170752,170753,170754,1,-1,2,-2,1,3,1,-1,-3,-1,2,2,5,2,2,-2,-2,-5,-2,-2
0,1,28459,28462,85377,85378,85379,85382,85383,85384,170755,170756,170757,170758,170759,170762,170763,170764,170765,170766,1,-1,2,-2,1,3,1,-1,-3,-1,2,2,5,2,2,-2,-2,-5,-2,-2
0,1,28461,28464,85383,85384,85385,85388,85389,85390,170767,170768,170769,170770,170771,170774,170775,170776,170777,170778,1,-1,2,-2,1,3,1,-1,-3,-1,2,2,5,2,2,-2,-2,-5,-2,-2
0,1,28463,28466,85389,85390,85391,85394,85395,85396,170779,170780,170781,170782,170783,170786,170787,170788,170789,170790,1,-1,2,-2,1,3,1,-1,-3,-1,2,2,5,2,2,-2,-2,-5,-2,-2
0,1,28465,28468,85395,85396,85397,85400,85401,85402,170791,170792,170793,170794,170795,170798,170799,170800,170801,170802,1,-1,2,-2,1,3,1,-1,-3,-1,2,2,5,2,2,-2,-2,-5,-2,-2
0,1,28467,28470,85401,85402,85403,85406,85407,85408,170803,170804,170805,170806,170807,170810,170811,170812,170813,170814,1,-1,2,-2,1,3,1,-1,-3,-1,2,2,5,2,2,-2,-2,-5,-2,-2
0,1,28469,28472,85407,85408,85409,85412,85413,85414,170815,170816,170817,170818,170819,170822,170823,170824,170825,170826,1,-1,2,-2,1,3,1,-1,-3,-1,2,2,5,2,2,-2,-2,-5,-2,-2
0,1,28471,28474,85413,85414,85415,85418,85419,85420,170827,170828,170829,170830,170831,170834,170835,170836,170837,170838,1,-1,2,-2,1,3,1,-1,-3,-1,2,2,5,2,2,-2,-2,-5,-2,-2
0,1,28473,28476,85419,85420,85421,85424,85425,85426,170839,170840,170841,170842,170843,170846,170847,170848,170849,170850,1,-1,2,-2,1,3,1,-1,-3,-1,2,2,5,2,2,-2,-2,-5,-2,-2
0,1,28475,28478,85425,85426,85427,85430,85431,85432,170851,170852,170853,170854,170855,170858,170859,170860,170861,170862,1,-1,2,-2,1,3,1,-1,-3,-1,2,2,5,2,2,-2,-2,-5,-2,-2
0,1,28477,28480,85431,85432,85433,85436,85437,85438,170863,170864,170865,170866,170867,170870,170871,170872,170873,170874,1,-1,2,-2,1,3,1,-1,-3,-1,2,2,5,2,2,-2,-2,-5,-2,-2
0,1,28479,28482,85437,85438,85439,85442,85443,85444,170875,170876,170877,170878,170879,170882,170883,170884,170885,170886,1,-1,2,-2,1,3,1,-1,-3,-1,2,2,5,2,2,-2,-2,-5,-2,-2
0,1,28481,28484,85443,85444,85445,85448,85449,85450,170887,170888,170889,170890,170891,170894,170895,170896,170897,170898,1,-1,2,-2,1,3,1,-1,-3,-1,2,2,5,2,2,-2,-2,-5,-2,-2
0,1,28483,28486,85449,85450,85451,85454,85455,85456,170899,170900,170901,170902,170903,170906,170907,170908,170909,170910,1,-1,2,-2,1,3,1,-1,-3,-1,2,2,5,2,2,-2,-2,-5,-2,-2
0,1,28485,28488,85455,85456,85457,85460,85461,85462,170911,170912,170913,170914,170915,170918,170919,170920,170921,170922,1,-1,2,-2,1,3,1,-1,-3,-1,2,2,5,2,2,-2,-2,-5,-2,-2
0,1,28487,28490,85461,85462,85463,85466,85467,85468,170923,170924,170925,170926,170927,170930,170931,170932,170933,170934,1,-1,2,-2,1,3,1,-1,-3,-1,2,2,5,2,2,-2,-2,-5,-2,-2
0,1,28489,28492,85467,85468,85469,85472,85473,85474,170935,170936,170937,170938,170939,170942,170943,170944,170945,170946,1,-1,2,-2,1,3,1,-1,-3,-1,2,2,5,2,2,-2,-2,-5,-2,-2
0,1,28491,28494,85473,85474,85475,85478,85479,85480,170947,170948,170949,170950,170951,170954,170955,170956,170957,170958,1,-1,2,-2,1,3,1,-1,-3,-1,2,2,5,2,2,-2,-2,-5,-2,-2
0,1,28493,28496,85479,85480,85481,85484,85485,85486,170959,170960,170961,170962,170963,170966,170967,170968,170969,170970,1,-1,2,-2,1,3,1,-1,-3,-1,2,2,5,2,2,-2,-2,-5,-2,-2
0,1,28495,28498,85485,85486,85487,85490,85491,85492,170971,170972,170973,170974,170975,170978,170979,170980,170981,170982,1,-1,2,-2,1,3,1,-1,-3,-1,2,2,5,2,2,-2,-2,-5,-2,-2
0,1,28497,28500,85491,85492,85493,85496,85497,85498,170983,170984,170985,170986,170987,170990,170991,170992,170993,170994,1,-1,2,-2,1,3,1,-1,-3,-1,2,2,5,2,2,-2,-2,-5,-2,-2
0,1,28499,28502,85497,85498,85499,85502,85503,85504,170995,170996,170997,170998,170999,171002,171003,171004,171005,171006,1,-1,2,-2,1,3,1,-1,-3,-1,2,2,5,2,2,-2,-2,-5,-2,-2
0,1,28501,28504,85503,85504,85505,85508,85509,85510,171007,171008,171009,171010,171011,171014,171015,171016,171017,171018,1,-1,2,-2,1,3,1,-1,-3,-1,2,2,5,2,2,-2,-2,-5,-2,-2
0,1,28503,28506,85509,85510,85511,85514,85515,85516,171019,171020,171021,171022,171023,171026,171027,171028,171029,171030,1,-1,2,-2,1,3,1,-1,-3,-1,2,2,5,2,2,-2,-2,-5,-2,-2
0,1,28505,28508,85515,85516,85517,85520,85521,85522,171031,171032,171033,171034,171035,171038,171039,171040,171041,171042,1,-1,2,-2,1,3,1,-1,-3,-1,2,2,5,2,2,-2,-2,-5,-2,-2
0,1,28507,28510,85521,85522,85523,85526,85527,85528,171043,171044,171045,171046,171047,171050,171051,171052,171053,171054,1,-1,2,-2,1,3,1,-1,-3,-1,2,2,5,2,2,-2,-2,-5,-2,-2
0,1,28509,28512,85527,85528,85529,85532,85533,85534,171055,171056,171057,171058,171059,171062,171063,171064,171065,171066,1,-1,2,-2,1,3,1,-1,-3,-1,2,2,5,2,2,-2,-2,-5,-2,-2
0,1,28511,28514,85533,85534,85535,85538,85539,85540,171067,171068,171069,171070,171071,171074,171075,171076,171077,171078,1,-1,2,-2,1,3,1,-1,-3,-1,2,2,5,2,2,-2,-2,-5,-2,-2
0,1,28513,28516,85539,85540,85541,85544,85545,85546,171079,171080,171081,171082,171083,171086,171087,171088,171089,171090,1,-1,2,-2,1,3,1,-1,-3,-1,2,2,5,2,2,-2,-2,-5,-2,-2
0,1,28515,28518,85545,85546,85547,85550,85551,85552,171091,171092,171093,171094,171095,171098,171099,171100,171101,171102,1,-1,2,-2,1,3,1,-1,-3,-1,2,2,5,2,2,-2,-2,-5,-2,-2
0,1,28517,28520,85551,85552,85553,85556,85557,85558,171103,171104,171105,171106,171107,171110,171111,171112,171113,171114,1,-1,2,-2,1,3,1,-1,-3,-1,2,2,5,2,2,-2,-2,-5,-2,-2
0,1,28519,28522,85557,85558,85559,85562,85563,85564,171115,171116,171117,171118,171119,171122,171123,171124,171125,171126,1,-1,2,-2,1,3,1,-1,-3,-1,2,2,5,2,2,-2,-2,-5,-2,-2
0,1,28521,28524,85563,85564,85565,85568,85569,85570,171127,171128,171129,171130,171131,171134,171135,171136,171137,171138,1,-1,2,-2,1,3,1,-1,-3,-1,2,2,5,2,2,-2,-2,-5,-2,-2
0,1,28523,28526,85569,85570,85571,85574,85575,85576,171139,171140,171141,171142,171143,171146,171147,171148,171149,171150,1,-1,2,-2,1,3,1,-1,-3,-1,2,2,5,2,2,-2,-2,-5,-2,-2
0,1,28525,28528,85575,85576,85577,85580,85581,85582,171151,171152,171153,171154,171155,171158,171159,171160,171161,171162,1,-1,2,-2,1,3,1,-1,-3,-1,2,2,5,2,2,-2,-2,-5,-2,-2
0,1,28527,28530,85581,85582,85583,85586,85587,85588,171163,171164,171165,171166,171167,171170,171171,171172,171173,171174,1,-1,2,-2,1,3,1,-1,-3,-1,2,2,5,2,2,-2,-2,-5,-2,-2
0,1,28529,28532,85587,85588,85589,85592,85593,85594,171175,171176,171177,171178,171179,171182,171183,171184,171185,171186,1,-1,2,-2,1,3,1,-1,-3,-1,2,2,5,2,2,-2,-2,-5,-2,-2
0,1,28531,28534,85593,85594,85595,85598,85599,85600,171187,171188,171189,171190,171191,171194,171195,171196,171197,171198,1,-1,2,-2,1,3,1,-1,-3,-1,2,2,5,2,2,-2,-2,-5,-2,-2
0,1,28533,28536,85599,85600,85601,85604,85605,85606,171199,171200,171201,171202,171203,171206,171207,171208,171209,171210,1,-1,2,-2,1,3,1,-1,-3,-1,2,2,5,2,2,-2,-2,-5,-2,-2
0,1,28535,28538,85605,85606,85607,85610,85611,85612,171211,171212,171213,171214,171215,171218,171219,171220,171221,171222,1,-1,2,-2,1,3,1,-1,-3,-1,2,2,5,2,2,-2,-2,-5,-2,-2
0,1,28537,28540,85611,85612,85613,85616,85617,85618,171223,171224,171225,171226,171227,171230,171231,171232,171233,171234,1,-1,2,-2,1,3,1,-1,-3,-1,2,2,5,2,2,-2,-2,-5,-2,-2
0,1,28539,28542,85617,85618,85619,85622,85623,85624,171235,171236,171237,171238,171239,171242,171243,171244,171245,171246,1,-1,2,-2,1,3,1,-1,-3,-1,2,2,5,2,2,-2,-2,-5,-2,-2
0,1,28541,28544,85623,85624,85625,85628,85629,85630,171247,171248,171249,171250,171251,171254,171255,171256,171257,171258,1,-1,2,-2,1,3,1,-1,-3,-1,2,2,5,2,2,-2,-2,-5,-2,-2
0,1,28543,28546,85629,85630,85631,85634,85635,85636,171259,171260,171261,171262,171263,171266,171267,171268,171269,171270,1,-1,2,-2,1,3,1,-1,-3,-1,2,2,5,2,2,-2,-2,-5,-2,-2
0,1,28545,28548,85635,85636,85637,85640,85641,85642,171271,171272,171273,171274,171275,171278,171279,171280,171281,171282,1,-1,2,-2,1,3,1,-1,-3,-1,2,2,5,2,2,-2,-2,-5,-2,-2
0,1,28547,28550,85641,85642,85643,85646,85647,85648,171283,171284,171285,171286,171287,171290,171291,171292,171293,171294,1,-1,2,-2,1,3,1,-1,-3,-1,2,2,5,2,2,-2,-2,-5,-2,-2
0,1,28549,28552,85647,85648,85649,85652,85653,85654,171295,171296,171297,171298,171299,171302,171303,171304,171305,171306,1,-1,2,-2,1,3,1,-1,-3,-1,2,2,5,2,2,-2,-2,-5,-2,-2
0,1,28551,28554,85653,85654,85655,85658,85659,85660,171307,171308,171309,171310,171311,171314,171315,171316,171317,171318,1,-1,2,-2,1,3,1,-1,-3,-1,2,2,5,2,2,-2,-2,-5,-2,-2
0,1,28553,28556,85659,85660,85661,85664,85665,85666,171319,171320,171321,171322,171323,171326,171327,171328,171329,171330,1,-1,2,-2,1,3,1,-1,-3,-1,2,2,5,2,2,-2,-2,-5,-2,-2
0,1,28555,28558,85665,85666,85667,85670,85671,85672,171331,171332,171333,171334,171335,171338,171339,171340,171341,171342,1,-1,2,-2,1,3,1,-1,-3,-1,2,2,5,2,2,-2,-2,-5,-2,-2
0,1,28557,28560,85671,85672,85673,85676,85677,85678,171343,171344,171345,171346,171347,171350,171351,171352,171353,171354,1,-1,2,-2,1,3,1,-1,-3,-1,2,2,5,2,2,-2,-2,-5,-2,-2
0,1,28559,28562,85677,85678,85679,85682,85683,85684,171355,171356,171357,171358,171359,171362,171363,171364,171365,171366,1,-1,2,-2,1,3,1,-1,-3,-1,2,2,5,2,2,-2,-2,-5,-2,-2
0,1,28561,28564,85683,85684,85685,85688,85689,85690,171367,171368,171369,171370,171371,171374,171375,171376,171377,171378,1,-1,2,-2,1,3,1,-1,-3,-1,2,2,5,2,2,-2,-2,-5,-2,-2
0,1,28563,28566,85689,85690,85691,85694,85695,85696,171379,171380,171381,171382,171383,171386,171387,171388,171389,171390,1,-1,2,-2,1,3,1,-1,-3,-1,2,2,5,2,2,-2,-2,-5,-2,-2
0,1,28565,28568,85695,85696,85697,85700,85701,85702,171391,171392,171393,171394,171395,171398,171399,171400,171401,171402,1,-1,2,-2,1,3,1,-1,-3,-1,2,2,5,2,2,-2,-2,-5,-2,-2
0,1,28567,28570,85701,85702,85703,85706,85707,85708,171403,171404,171405,171406,171407,171410,171411,171412,171413,171414,1,-1,2,-2,1,3,1,-1,-3,-1,2,2,5,2,2,-2,-2,-5,-2,-2
0,1,28569,28572,85707,85708,85709,85712,85713,85714,171415,171416,171417,171418,171419,171422,171423,171424,171425,171426,1,-1,2,-2,1,3,1,-1,-3,-1,2,2,5,2,2,-2,-2,-5,-2,-2
0,1,28571,28574,85713,85714,85715,85718,85719,85720,171427,171428,171429,171430,171431,171434,171435,171436,171437,171438,1,-1,2,-2,1,3,1,-1,-3,-1,2,2,5,2,2,-2,-2,-5,-2,-2
0,1,28573,28576,85719,85720,85721,85724,85725,85726,171439,171440,171441,171442,171443,171446,171447,171448,171449,171450,1,-1,2,-2,1,3,1,-1,-3,-1,2,2,5,2,2,-2,-2,-5,-2,-2
0,1,28575,28578,85725,85726,85727,85730,85731,85732,171451,171452,171453,171454,171455,171458,171459,171460,171461,171462,1,-1,2,-2,1,3,1,-1,-3,-1,2,2,5,2,2,-2,-2,-5,-2,-2
0,1,28577,28580,85731,85732,85733,85736,85737,85738,171463,171464,171465,171466,171467,171470,171471,171472,171473,171474,1,-1,2,-2,1,3,1,-1,-3,-1,2,2,5,2,2,-2,-2,-5,-2,-2
0,1,28579,28582,85737,85738,85739,85742,85743,85744,171475,171476,171477,171478,171479,171482,171483,171484,171485,171486,1,-1,2,-2,1,3,1,-1,-3,-1,2,2,5,2,2,-2,-2,-5,-2,-2
0,1,28581,28584,85743,85744,85745,85748,85749,85750,171487,171488,171489,171490,171491,171494,171495,171496,171497,171498,1,-1,2,-2,1,3,1,-1,-3,-1,2,2,5,2,2,-2,-2,-5,-2,-2
0,1,28583,28586,85749,85750,85751,85754,85755,85756,171499,171500,171501,171502,171503,171506,171507,171508,171509,171510,1,-1,2,-2,1,3,1,-1,-3,-1,2,2,5,2,2,-2,-2,-5,-2,-2
0,1,28585,28588,85755,85756,85757,85760,85761,85762,171511,171512,171513,171514,171515,171518,171519,171520,171521,171522,1,-1,2,-2,1,3,1,-1,-3,-1,2,2,5,2,2,-2,-2,-5,-2,-2
0,1,28587,28590,85761,85762,85763,85766,85767,85768,171523,171524,171525,171526,171527,171530,171531,171532,171533,171534,1,-1,2,-2,1,3,1,-1,-3,-1,2,2,5,2,2,-2,-2,-5,-2,-2
0,1,28589,28592,85767,85768,85769,85772,85773,85774,171535,171536,171537,171538,171539,171542,171543,171544,171545,171546,1,-1,2,-2,1,3,1,-1,-3,-1,2,2,5,2,2,-2,-2,-5,-2,-2
0,1,28591,28594,85773,85774,85775,85778,85779,85780,171547,171548,171549,171550,171551,171554,171555,171556,171557,171558,1,-1,2,-2,1,3,1,-1,-3,-1,2,2,5,2,2,-2,-2,-5,-2,-2
0,1,28593,28596,85779,85780,85781,85784,85785,85786,171559,171560,171561,171562,171563,171566,171567,171568,171569,171570,1,-1,2,-2,1,3,1,-1,-3,-1,2,2,5,2,2,-2,-2,-5,-2,-2
0,1,28595,28598,85785,85786,85787,85790,85791,85792,171571,171572,171573,171574,171575,171578,171579,171580,171581,171582,1,-1,2,-2,1,3,1,-1,-3,-1,2,2,5,2,2,-2,-2,-5,-2,-2
0,1,28597,28600,85791,85792,85793,85796,85797,85798,171583,171584,171585,171586,171587,171590,171591,171592,171593,171594,1,-1,2,-2,1,3,1,-1,-3,-1,2,2,5,2,2,-2,-2,-5,-2,-2
0,1,28599,28602,85797,85798,85799,85802,85803,85804,171595,171596,171597,171598,171599,171602,171603,171604,171605,171606,1,-1,2,-2,1,3,1,-1,-3,-1,2,2,5,2,2,-2,-2,-5,-2,-2
0,1,28601,28604,85803,85804,85805,85808,85809,85810,171607,171608,171609,171610,171611,171614,171615,171616,171617,171618,1,-1,2,-2,1,3,1,-1,-3,-1,2,2,5,2,2,-2,-2,-5,-2,-2
0,1,28603,28606,85809,85810,85811,85814,85815,85816,171619,171620,171621,171622,171623,171626,171627,171628,171629,171630,1,-1,2,-2,1,3,1,-1,-3,-1,2,2,5,2,2,-2,-2,-5,-2,-2
0,1,28605,28608,85815,85816,85817,85820,85821,85822,171631,171632,171633,171634,171635,171638,171639,171640,171641,171642,1,-1,2,-2,1,3,1,-1,-3,-1,2,2,5,2,2,-2,-2,-5,-2,-2
0,1,28607,28610,85821,85822,85823,85826,85827,85828,171643,171644,171645,171646,171647,171650,171651,171652,171653,171654,1,-1,2,-2,1,3,1,-1,-3,-1,2,2,5,2,2,-2,-2,-5,-2,-2
0,1,28609,28612,85827,85828,85829,85832,85833,85834,171655,171656,171657,171658,171659,171662,171663,171664,171665,171666,1,-1,2,-2,1,3,1,-1,-3,-1,2,2,5,2,2,-2,-2,-5,-2,-2
0,1,28611,28614,85833,85834,85835,85838,85839,85840,171667,171668,171669,171670,171671,171674,171675,171676,171677,171678,1,-1,2,-2,1,3,1,-1,-3,-1,2,2,5,2,2,-2,-2,-5,-2,-2
0,1,28613,28616,85839,85840,85841,85844,85845,85846,171679,171680,171681,171682,171683,171686,171687,171688,171689,171690,1,-1,2,-2,1,3,1,-1,-3,-1,2,2,5,2,2,-2,-2,-5,-2,-2
0,1,28615,28618,85845,85846,85847,85850,85851,85852,171691,171692,171693,171694,171695,171698,171699,171700,171701,171702,1,-1,2,-2,1,3,1,-1,-3,-1,2,2,5,2,2,-2,-2,-5,-2,-2
0,1,28617,28620,85851,85852,85853,85856,85857,85858,171703,171704,171705,171706,171707,171710,171711,171712,171713,171714,1,-1,2,-2,1,3,1,-1,-3,-1,2,2,5,2,2,-2,-2,-5,-2,-2
0,1,28619,28622,85857,85858,85859,85862,85863,85864,171715,171716,171717,171718,171719,171722,171723,171724,171725,171726,1,-1,2,-2,1,3,1,-1,-3,-1,2,2,5,2,2,-2,-2,-5,-2,-2
0,1,28621,28624,85863,85864,85865,85868,85869,85870,171727,171728,171729,171730,171731,171734,171735,171736,171737,171738,1,-1,2,-2,1,3,1,-1,-3,-1,2,2,5,2,2,-2,-2,-5,-2,-2
0,1,28623,28626,85869,85870,85871,85874,85875,85876,171739,171740,171741,171742,171743,171746,171747,171748,171749,171750,1,-1,2,-2,1,3,1,-1,-3,-1,2,2,5,2,2,-2,-2,-5,-2,-2
0,1,28625,28628,85875,85876,85877,85880,85881,85882,171751,171752,171753,171754,171755,171758,171759,171760,171761,171762,1,-1,2,-2,1,3,1,-1,-3,-1,2,2,5,2,2,-2,-2,-5,-2,-2
0,1,28627,28630,85881,85882,85883,85886,85887,85888,171763,171764,171765,171766,171767,171770,171771,171772,171773,171774,1,-1,2,-2,1,3,1,-1,-3,-1,2,2,5,2,2,-2,-2,-5,-2,-2
0,1,28629,28632,85887,85888,85889,85892,85893,85894,171775,171776,171777,171778,171779,171782,171783,171784,171785,171786,1,-1,2,-2,1,3,1,-1,-3,-1,2,2,5,2,2,-2,-2,-5,-2,-2
0,1,28631,28634,85893,85894,85895,85898,85899,85900,171787,171788,171789,171790,171791,171794,171795,171796,171797,171798,1,-1,2,-2,1,3,1,-1,-3,-1,2,2,5,2,2,-2,-2,-5,-2,-2
0,1,28633,28636,85899,85900,85901,85904,85905,85906,171799,171800,171801,171802,171803,171806,171807,171808,171809,171810,1,-1,2,-2,1,3,1,-1,-3,-1,2,2,5,2,2,-2,-2,-5,-2,-2
0,1,28635,28638,85905,85906,85907,85910,85911,85912,171811,171812,171813,171814,171815,171818,171819,171820,171821,171822,1,-1,2,-2,1,3,1,-1,-3,-1,2,2,5,2,2,-2,-2,-5,-2,-2
0,1,28637,28640,85911,85912,85913,85916,85917,85918,171823,171824,171825,171826,171827,171830,171831,171832,171833,171834,1,-1,2,-2,1,3,1,-1,-3,-1,2,2,5,2,2,-2,-2,-5,-2,-2
0,1,28639,28642,85917,85918,85919,85922,85923,85924,171835,171836,171837,171838,171839,171842,171843,171844,171845,171846,1,-1,2,-2,1,3,1,-1,-3,-1,2,2,5,2,2,-2,-2,-5,-2,-2
0,1,28641,28644,85923,85924,85925,85928,85929,85930,171847,171848,171849,171850,171851,171854,171855,171856,171857,171858,1,-1,2,-2,1,3,1,-1,-3,-1,2,2,5,2,2,-2,-2,-5,-2,-2
0,1,28643,28646,85929,85930,85931,85934,85935,85936,171859,171860,171861,171862,171863,171866,171867,171868,171869,171870,1,-1,2,-2,1,3,1,-1,-3,-1,2,2,5,2,2,-2,-2,-5,-2,-2
0,1,28645,28648,85935,85936,85937,85940,85941,85942,171871,171872,171873,171874,171875,171878,171879,171880,171881,171882,1,-1,2,-2,1,3,1,-1,-3,-1,2,2,5,2,2,-2,-2,-5,-2,-2
0,1,28647,28650,85941,85942,85943,85946,85947,85948,171883,171884,171885,171886,171887,171890,171891,171892,171893,171894,1,-1,2,-2,1,3,1,-1,-3,-1,2,2,5,2,2,-2,-2,-5,-2,-2
0,1,28649,28652,85947,85948,85949,85952,85953,85954,171895,171896,171897,171898,171899,171902,171903,171904,171905,171906,1,-1,2,-2,1,3,1,-1,-3,-1,2,2,5,2,2,-2,-2,-5,-2,-2
0,1,28651,28654,85953,85954,85955,85958,85959,85960,171907,171908,171909,171910,171911,171914,171915,171916,171917,171918,1,-1,2,-2,1,3,1,-1,-3,-1,2,2,5,2,2,-2,-2,-5,-2,-2
0,1,28653,28656,85959,85960,85961,85964,85965,85966,171919,171920,171921,171922,171923,171926,171927,171928,171929,171930,1,-1,2,-2,1,3,1,-1,-3,-1,2,2,5,2,2,-2,-2,-5,-2,-2
0,1,28655,28658,85965,85966,85967,85970,85971,85972,171931,171932,171933,171934,171935,171938,171939,171940,171941,171942,1,-1,2,-2,1,3,1,-1,-3,-1,2,2,5,2,2,-2,-2,-5,-2,-2
0,1,28657,28660,85971,85972,85973,85976,85977,85978,171943,171944,171945,171946,171947,171950,171951,171952,171953,171954,1,-1,2,-2,1,3,1,-1,-3,-1,2,2,5,2,2,-2,-2,-5,-2,-2
0,1,28659,28662,85977,85978,85979,85982,85983,85984,171955,171956,171957,171958,171959,171962,171963,171964,171965,171966,1,-1,2,-2,1,3,1,-1,-3,-1,2,2,5,2,2,-2,-2,-5,-2,-2
0,1,28661,28664,85983,85984,85985,85988,85989,85990,171967,171968,171969,171970,171971,171974,171975,171976,171977,171978,1,-1,2,-2,1,3,1,-1,-3,-1,2,2,5,2,2,-2,-2,-5,-2,-2
0,1,28663,28666,85989,85990,85991,85994,85995,85996,171979,171980,171981,171982,171983,171986,171987,171988,171989,171990,1,-1,2,-2,1,3,1,-1,-3,-1,2,2,5,2,2,-2,-2,-5,-2,-2
0,1,28665,28668,85995,85996,85997,86000,86001,86002,171991,171992,171993,171994,171995,171998,171999,172000,172001,172002,1,-1,2,-2,1,3,1,-1,-3,-1,2,2,5,2,2,-2,-2,-5,-2,-2
0,1,28667,28670,86001,86002,86003,86006,86007,86008,172003,172004,172005,172006,172007,172010,172011,172012,172013,172014,1,-1,2,-2,1,3,1,-1,-3,-1,2,2,5,2,2,-2,-2,-5,-2,-2
0,1,28669,28672,86007,86008,86009,86012,86013,86014,172015,172016,172017,172018,172019,172022,172023,172024,172025,172026,1,-1,2,-2,1,3,1,-1,-3,-1,2,2,5,2,2,-2,-2,-5,-2,-2
0,1,28671,28674,86013,86014,86015,86018,86019,86020,172027,172028,172029,172030,172031,172034,172035,172036,172037,172038,1,-1,2,-2,1,3,1,-1,-3,-1,2,2,5,2,2,-2,-2,-5,-2,-2
0,1,28673,28676,86019,86020,86021,86024,86025,86026,172039,172040,172041,172042,172043,172046,172047,172048,172049,172050,1,-1,2,-2,1,3,1,-1,-3,-1,2,2,5,2,2,-2,-2,-5,-2,-2
0,1,28675,28678,86025,86026,86027,86030,86031,86032,172051,172052,172053,172054,172055,172058,172059,172060,172061,172062,1,-1,2,-2,1,3,1,-1,-3,-1,2,2,5,2,2,-2,-2,-5,-2,-2
0,1,28677,28680,86031,86032,86033,86036,86037,86038,172063,172064,172065,172066,172067,172070,172071,172072,172073,172074,1,-1,2,-2,1,3,1,-1,-3,-1,2,2,5,2,2,-2,-2,-5,-2,-2
0,1,28679,28682,86037,86038,86039,86042,86043,86044,172075,172076,172077,172078,172079,172082,172083,172084,172085,172086,1,-1,2,-2,1,3,1,-1,-3,-1,2,2,5,2,2,-2,-2,-5,-2,-2
0,1,28681,28684,86043,86044,86045,86048,86049,86050,172087,172088,172089,172090,172091,172094,172095,172096,172097,172098,1,-1,2,-2,1,3,1,-1,-3,-1,2,2,5,2,2,-2,-2,-5,-2,-2
0,1,28683,28686,86049,86050,86051,86054,86055,86056,172099,172100,172101,172102,172103,172106,172107,172108,172109,172110,1,-1,2,-2,1,3,1,-1,-3,-1,2,2,5,2,2,-2,-2,-5,-2,-2
0,1,28685,28688,86055,86056,86057,86060,86061,86062,172111,172112,172113,172114,172115,172118,172119,172120,172121,172122,1,-1,2,-2,1,3,1,-1,-3,-1,2,2,5,2,2,-2,-2,-5,-2,-2
0,1,28687,28690,86061,86062,86063,86066,86067,86068,172123,172124,172125,172126,172127,172130,172131,172132,172133,172134,1,-1,2,-2,1,3,1,-1,-3,-1,2,2,5,2,2,-2,-2,-5,-2,-2
0,1,28689,28692,86067,86068,86069,86072,86073,86074,172135,172136,172137,172138,172139,172142,172143,172144,172145,172146,1,-1,2,-2,1,3,1,-1,-3,-1,2,2,5,2,2,-2,-2,-5,-2,-2
0,1,28691,28694,86073,86074,86075,86078,86079,86080,172147,172148,172149,172150,172151,172154,172155,172156,172157,172158,1,-1,2,-2,1,3,1,-1,-3,-1,2,2,5,2,2,-2,-2,-5,-2,-2
0,1,28693,28696,86079,86080,86081,86084,86085,86086,172159,172160,172161,172162,172163,172166,172167,172168,172169,172170,1,-1,2,-2,1,3,1,-1,-3,-1,2,2,5,2,2,-2,-2,-5,-2,-2
0,1,28695,28698,86085,86086,86087,86090,86091,86092,172171,172172,172173,172174,172175,172178,172179,172180,172181,172182,1,-1,2,-2,1,3,1,-1,-3,-1,2,2,5,2,2,-2,-2,-5,-2,-2
0,1,28697,28700,86091,86092,86093,86096,86097,86098,172183,172184,172185,172186,172187,172190,172191,172192,172193,172194,1,-1,2,-2,1,3,1,-1,-3,-1,2,2,5,2,2,-2,-2,-5,-2,-2
0,1,28699,28702,86097,86098,86099,86102,86103,86104,172195,172196,172197,172198,172199,172202,172203,172204,172205,172206,1,-1,2,-2,1,3,1,-1,-3,-1,2,2,5,2,2,-2,-2,-5,-2,-2
0,1,28701,28704,86103,86104,86105,86108,86109,86110,172207,172208,172209,172210,172211,172214,172215,172216,172217,172218,1,-1,2,-2,1,3,1,-1,-3,-1,2,2,5,2,2,-2,-2,-5,-2,-2
0,1,28703,28706,86109,86110,86111,86114,86115,86116,172219,172220,172221,172222,172223,172226,172227,172228,172229,172230,1,-1,2,-2,1,3,1,-1,-3,-1,2,2,5,2,2,-2,-2,-5,-2,-2
0,1,28705,28708,86115,86116,86117,86120,86121,86122,172231,172232,172233,172234,172235,172238,172239,172240,172241,172242,1,-1,2,-2,1,3,1,-1,-3,-1,2,2,5,2,2,-2,-2,-5,-2,-2
0,1,28707,28710,86121,86122,86123,86126,86127,86128,172243,172244,172245,172246,172247,172250,172251,172252,172253,172254,1,-1,2,-2,1,3,1,-1,-3,-1,2,2,5,2,2,-2,-2,-5,-2,-2
0,1,28709,28712,86127,86128,86129,86132,86133,86134,172255,172256,172257,172258,172259,172262,172263,172264,172265,172266,1,-1,2,-2,1,3,1,-1,-3,-1,2,2,5,2,2,-2,-2,-5,-2,-2
0,1,28711,28714,86133,86134,86135,86138,86139,86140,172267,172268,172269,172270,172271,172274,172275,172276,172277,172278,1,-1,2,-2,1,3,1,-1,-3,-1,2,2,5,2,2,-2,-2,-5,-2,-2
0,1,28713,28716,86139,86140,86141,86144,86145,86146,172279,172280,172281,172282,172283,172286,172287,172288,172289,172290,1,-1,2,-2,1,3,1,-1,-3,-1,2,2,5,2,2,-2,-2,-5,-2,-2
0,1,28715,28718,86145,86146,86147,86150,86151,86152,172291,172292,172293,172294,172295,172298,172299,172300,172301,172302,1,-1,2,-2,1,3,1,-1,-3,-1,2,2,5,2,2,-2,-2,-5,-2,-2
0,1,28717,28720,86151,86152,86153,86156,86157,86158,172303,172304,172305,172306,172307,172310,172311,172312,172313,172314,1,-1,2,-2,1,3,1,-1,-3,-1,2,2,5,2,2,-2,-2,-5,-2,-2
0,1,28719,28722,86157,86158,86159,86162,86163,86164,172315,172316,172317,172318,172319,172322,172323,172324,172325,172326,1,-1,2,-2,1,3,1,-1,-3,-1,2,2,5,2,2,-2,-2,-5,-2,-2
0,1,28721,28724,86163,86164,86165,86168,86169,86170,172327,172328,172329,172330,172331,172334,172335,172336,172337,172338,1,-1,2,-2,1,3,1,-1,-3,-1,2,2,5,2,2,-2,-2,-5,-2,-2
0,1,28723,28726,86169,86170,86171,86174,86175,86176,172339,172340,172341,172342,172343,172346,172347,172348,172349,172350,1,-1,2,-2,1,3,1,-1,-3,-1,2,2,5,2,2,-2,-2,-5,-2,-2
0,1,28725,28728,86175,86176,86177,86180,86181,86182,172351,172352,172353,172354,172355,172358,172359,172360,172361,172362,1,-1,2,-2,1,3,1,-1,-3,-1,2,2,5,2,2,-2,-2,-5,-2,-2
0,1,28727,28730,86181,86182,86183,86186,86187,86188,172363,172364,172365,172366,172367,172370,172371,172372,172373,172374,1,-1,2,-2,1,3,1,-1,-3,-1,2,2,5,2,2,-2,-2,-5,-2,-2
0,1,28729,28732,86187,86188,86189,86192,86193,86194,172375,172376,172377,172378,172379,172382,172383,172384,172385,172386,1,-1,2,-2,1,3,1,-1,-3,-1,2,2,5,2,2,-2,-2,-5,-2,-2
0,1,28731,28734,86193,86194,86195,86198,86199,86200,172387,172388,172389,172390,172391,172394,172395,172396,172397,172398,1,-1,2,-2,1,3,1,-1,-3,-1,2,2,5,2,2,-2,-2,-5,-2,-2
0,1,28733,28736,86199,86200,86201,86204,86205,86206,172399,172400,172401,172402,172403,172406,172407,172408,172409,172410,1,-1,2,-2,1,3,1,-1,-3,-1,2,2,5,2,2,-2,-2,-5,-2,-2
0,1,28735,28738,86205,86206,86207,86210,86211,86212,172411,172412,172413,172414,172415,172418,172419,172420,172421,172422,1,-1,2,-2,1,3,1,-1,-3,-1,2,2,5,2,2,-2,-2,-5,-2,-2
0,1,28737,28740,86211,86212,86213,86216,86217,86218,172423,172424,172425,172426,172427,172430,172431,172432,172433,172434,1,-1,2,-2,1,3,1,-1,-3,-1,2,2,5,2,2,-2,-2,-5,-2,-2
0,1,28739,28742,86217,86218,86219,86222,86223,86224,172435,172436,172437,172438,172439,172442,172443,172444,172445,172446,1,-1,2,-2,1,3,1,-1,-3,-1,2,2,5,2,2,-2,-2,-5,-2,-2
0,1,28741,28744,86223,86224,86225,86228,86229,86230,172447,172448,172449,172450,172451,172454,172455,172456,172457,172458,1,-1,2,-2,1,3,1,-1,-3,-1,2,2,5,2,2,-2,-2,-5,-2,-2
0,1,28743,28746,86229,86230,86231,86234,86235,86236,172459,172460,172461,172462,172463,172466,172467,172468,172469,172470,1,-1,2,-2,1,3,1,-1,-3,-1,2,2,5,2,2,-2,-2,-5,-2,-2
0,1,28745,28748,86235,86236,86237,86240,86241,86242,172471,172472,172473,172474,172475,172478,172479,172480,172481,172482,1,-1,2,-2,1,3,1,-1,-3,-1,2,2,5,2,2,-2,-2,-5,-2,-2
0,1,28747,28750,86241,86242,86243,86246,86247,86248,172483,172484,172485,172486,172487,172490,172491,172492,172493,172494,1,-1,2,-2,1,3,1,-1,-3,-1,2,2,5,2,2,-2,-2,-5,-2,-2
0,1,28749,28752,86247,86248,86249,86252,86253,86254,172495,172496,172497,172498,172499,172502,172503,172504,172505,172506,1,-1,2,-2,1,3,1,-1,-3,-1,2,2,5,2,2,-2,-2,-5,-2,-2
0,1,28751,28754,86253,86254,86255,86258,86259,86260,172507,172508,172509,172510,172511,172514,172515,172516,172517,172518,1,-1,2,-2,1,3,1,-1,-3,-1,2,2,5,2,2,-2,-2,-5,-2,-2
0,1,28753,28756,86259,86260,86261,86264,86265,86266,172519,172520,172521,172522,172523,172526,172527,172528,172529,172530,1,-1,2,-2,1,3,1,-1,-3,-1,2,2,5,2,2,-2,-2,-5,-2,-2
0,1,28755,28758,86265,86266,86267,86270,86271,86272,172531,172532,172533,172534,172535,172538,172539,172540,172541,172542,1,-1,2,-2,1,3,1,-1,-3,-1,2,2,5,2,2,-2,-2,-5,-2,-2
0,1,28757,28760,86271,86272,86273,86276,86277,86278,172543,172544,172545,172546,172547,172550,172551,172552,172553,172554,1,-1,2,-2,1,3,1,-1,-3,-1,2,2,5,2,2,-2,-2,-5,-2,-2
0,1,28759,28762,86277,86278,86279,86282,86283,86284,172555,172556,172557,172558,172559,172562,172563,172564,172565,172566,1,-1,2,-2,1,3,1,-1,-3,-1,2,2,5,2,2,-2,-2,-5,-2,-2
0,1,28761,28764,86283,86284,86285,86288,86289,86290,172567,172568,172569,172570,172571,172574,172575,172576,172577,172578,1,-1,2,-2,1,3,1,-1,-3,-1,2,2,5,2,2,-2,-2,-5,-2,-2
0,1,28763,28766,86289,86290,86291,86294,86295,86296,172579,172580,172581,172582,172583,172586,172587,172588,172589,172590,1,-1,2,-2,1,3,1,-1,-3,-1,2,2,5,2,2,-2,-2,-5,-2,-2
0,1,28765,28768,86295,86296,86297,86300,86301,86302,172591,172592,172593,172594,172595,172598,172599,172600,172601,172602,1,-1,2,-2,1,3,1,-1,-3,-1,2,2,5,2,2,-2,-2,-5,-2,-2
0,1,28767,28770,86301,86302,86303,86306,86307,86308,172603,172604,172605,172606,172607,172610,172611,172612,172613,172614,1,-1,2,-2,1,3,1,-1,-3,-1,2,2,5,2,2,-2,-2,-5,-2,-2
0,1,28769,28772,86307,86308,86309,86312,86313,86314,172615,172616,172617,172618,172619,172622,172623,172624,172625,172626,1,-1,2,-2,1,3,1,-1,-3,-1,2,2,5,2,2,-2,-2,-5,-2,-2
0,1,28771,28774,86313,86314,86315,86318,86319,86320,172627,172628,172629,172630,172631,172634,172635,172636,172637,172638,1,-1,2,-2,1,3,1,-1,-3,-1,2,2,5,2,2,-2,-2,-5,-2,-2
0,1,28773,28776,86319,86320,86321,86324,86325,86326,172639,172640,172641,172642,172643,172646,172647,172648,172649,172650,1,-1,2,-2,1,3,1,-1,-3,-1,2,2,5,2,2,-2,-2,-5,-2,-2
0,1,28775,28778,86325,86326,86327,86330,86331,86332,172651,172652,172653,172654,172655,172658,172659,172660,172661,172662,1,-1,2,-2,1,3,1,-1,-3,-1,2,2,5,2,2,-2,-2,-5,-2,-2
0,1,28777,28780,86331,86332,86333,86336,86337,86338,172663,172664,172665,172666,172667,172670,172671,172672,172673,172674,1,-1,2,-2,1,3,1,-1,-3,-1,2,2,5,2,2,-2,-2,-5,-2,-2
0,1,28779,28782,86337,86338,86339,86342,86343,86344,172675,172676,172677,172678,172679,172682,172683,172684,172685,172686,1,-1,2,-2,1,3,1,-1,-3,-1,2,2,5,2,2,-2,-2,-5,-2,-2
0,1,28781,28784,86343,86344,86345,86348,86349,86350,172687,172688,172689,172690,172691,172694,172695,172696,172697,172698,1,-1,2,-2,1,3,1,-1,-3,-1,2,2,5,2,2,-2,-2,-5,-2,-2
0,1,28783,28786,86349,86350,86351,86354,86355,86356,172699,172700,172701,172702,172703,172706,172707,172708,172709,172710,1,-1,2,-2,1,3,1,-1,-3,-1,2,2,5,2,2,-2,-2,-5,-2,-2
0,1,28785,28788,86355,86356,86357,86360,86361,86362,172711,172712,172713,172714,172715,172718,172719,172720,172721,172722,1,-1,2,-2,1,3,1,-1,-3,-1,2,2,5,2,2,-2,-2,-5,-2,-2
0,1,28787,28790,86361,86362,86363,86366,86367,86368,172723,172724,172725,172726,172727,172730,172731,172732,172733,172734,1,-1,2,-2,1,3,1,-1,-3,-1,2,2,5,2,2,-2,-2,-5,-2,-2
0,1,28789,28792,86367,86368,86369,86372,86373,86374,172735,172736,172737,172738,172739,172742,172743,172744,172745,172746,1,-1,2,-2,1,3,1,-1,-3,-1,2,2,5,2,2,-2,-2,-5,-2,-2
0,1,28791,28794,86373,86374,86375,86378,86379,86380,172747,172748,172749,172750,172751,172754,172755,172756,172757,172758,1,-1,2,-2,1,3,1,-1,-3,-1,2,2,5,2,2,-2,-2,-5,-2,-2
0,1,28793,28796,86379,86380,86381,86384,86385,86386,172759,172760,172761,172762,172763,172766,172767,172768,172769,172770,1,-1,2,-2,1,3,1,-1,-3,-1,2,2,5,2,2,-2,-2,-5,-2,-2
0,1,28795,28798,86385,86386,86387,86390,86391,86392,172771,172772,172773,172774,172775,172778,172779,172780,172781,172782,1,-1,2,-2,1,3,1,-1,-3,-1,2,2,5,2,2,-2,-2,-5,-2,-2
0,1,28797,28800,86391,86392,86393,86396,86397,86398,172783,172784,172785,172786,172787,172790,172791,172792,172793,172794,1,-1,2,-2,1,3,1,-1,-3,-1,2,2,5,2,2,-2,-2,-5,-2,-2
0,1,28799,28802,86397,86398,86399,86402,86403,86404,172795,172796,172797,172798,172799,172802,172803,172804,172805,172806,1,-1,2,-2,1,3,1,-1,-3,-1,2,2,5,2,2,-2,-2,-5,-2,-2
0,1,28801,28804,86403,86404,86405,86408,86409,86410,172807,172808,172809,172810,172811,172814,172815,172816,172817,172818,1,-1,2,-2,1,3,1,-1,-3,-1,2,2,5,2,2,-2,-2,-5,-2,-2
0,1,28803,28806,86409,86410,86411,86414,86415,86416,172819,172820,172821,172822,172823,172826,172827,172828,172829,172830,1,-1,2,-2,1,3,1,-1,-3,-1,2,2,5,2,2,-2,-2,-5,-2,-2
0,1,28805,28808,86415,86416,86417,86420,86421,86422,172831,172832,172833,172834,172835,172838,172839,172840,172841,172842,1,-1,2,-2,1,3,1,-1,-3,-1,2,2,5,2,2,-2,-2,-5,-2,-2
0,1,28807,28810,86421,86422,86423,86426,86427,86428,172843,172844,172845,172846,172847,172850,172851,172852,172853,172854,1,-1,2,-2,1,3,1,-1,-3,-1,2,2,5,2,2,-2,-2,-5,-2,-2
0,1,28809,28812,86427,86428,86429,86432,86433,86434,172855,172856,172857,172858,172859,172862,172863,172864,172865,172866,1,-1,2,-2,1,3,1,-1,-3,-1,2,2,5,2,2,-2,-2,-5,-2,-2
0,1,28811,28814,86433,86434,86435,86438,86439,86440,172867,172868,172869,172870,172871,172874,172875,172876,172877,172878,1,-1,2,-2,1,3,1,-1,-3,-1,2,2,5,2,2,-2,-2,-5,-2,-2
0,1,28813,28816,86439,86440,86441,86444,86445,86446,172879,172880,172881,172882,172883,172886,172887,172888,172889,172890,1,-1,2,-2,1,3,1,-1,-3,-1,2,2,5,2,2,-2,-2,-5,-2,-2
0,1,28815,28818,86445,86446,86447,86450,86451,86452,172891,172892,172893,172894,172895,172898,172899,172900,172901,172902,1,-1,2,-2,1,3,1,-1,-3,-1,2,2,5,2,2,-2,-2,-5,-2,-2
0,1,28817,28820,86451,86452,86453,86456,86457,86458,172903,172904,172905,172906,172907,172910,172911,172912,172913,172914,1,-1,2,-2,1,3,1,-1,-3,-1,2,2,5,2,2,-2,-2,-5,-2,-2
0,1,28819,28822,86457,86458,86459,86462,86463,86464,172915,172916,172917,172918,172919,172922,172923,172924,172925,172926,1,-1,2,-2,1,3,1,-1,-3,-1,2,2,5,2,2,-2,-2,-5,-2,-2
0,1,28821,28824,86463,86464,86465,86468,86469,86470,172927,172928,172929,172930,172931,172934,172935,172936,172937,172938,1,-1,2,-2,1,3,1,-1,-3,-1,2,2,5,2,2,-2,-2,-5,-2,-2
0,1,28823,28826,86469,86470,86471,86474,86475,86476,172939,172940,172941,172942,172943,172946,172947,172948,172949,172950,1,-1,2,-2,1,3,1,-1,-3,-1,2,2,5,2,2,-2,-2,-5,-2,-2
0,1,28825,28828,86475,86476,86477,86480,86481,86482,172951,172952,172953,172954,172955,172958,172959,172960,172961,172962,1,-1,2,-2,1,3,1,-1,-3,-1,2,2,5,2,2,-2,-2,-5,-2,-2
0,1,28827,28830,86481,86482,86483,86486,86487,86488,172963,172964,172965,172966,172967,172970,172971,172972,172973,172974,1,-1,2,-2,1,3,1,-1,-3,-1,2,2,5,2,2,-2,-2,-5,-2,-2
0,1,28829,28832,86487,86488,86489,86492,86493,86494,172975,172976,172977,172978,172979,172982,172983,172984,172985,172986,1,-1,2,-2,1,3,1,-1,-3,-1,2,2,5,2,2,-2,-2,-5,-2,-2
0,1,28831,28834,86493,86494,86495,86498,86499,86500,172987,172988,172989,172990,172991,172994,172995,172996,172997,172998,1,-1,2,-2,1,3,1,-1,-3,-1,2,2,5,2,2,-2,-2,-5,-2,-2
0,1,28833,28836,86499,86500,86501,86504,86505,86506,172999,173000,173001,173002,173003,173006,173007,173008,173009,173010,1,-1,2,-2,1,3,1,-1,-3,-1,2,2,5,2,2,-2,-2,-5,-2,-2
0,1,28835,28838,86505,86506,86507,86510,86511,86512,173011,173012,173013,173014,173015,173018,173019,173020,173021,173022,1,-1,2,-2,1,3,1,-1,-3,-1,2,2,5,2,2,-2,-2,-5,-2,-2
0,1,28837,28840,86511,86512,86513,86516,86517,86518,173023,173024,173025,173026,173027,173030,173031,173032,173033,173034,1,-1,2,-2,1,3,1,-1,-3,-1,2,2,5,2,2,-2,-2,-5,-2,-2
0,1,28839,28842,86517,86518,86519,86522,86523,86524,173035,173036,173037,173038,173039,173042,173043,173044,173045,173046,1,-1,2,-2,1,3,1,-1,-3,-1,2,2,5,2,2,-2,-2,-5,-2,-2
0,1,28841,28844,86523,86524,86525,86528,86529,86530,173047,173048,173049,173050,173051,173054,173055,173056,173057,173058,1,-1,2,-2,1,3,1,-1,-3,-1,2,2,5,2,2,-2,-2,-5,-2,-2
0,1,28843,28846,86529,86530,86531,86534,86535,86536,173059,173060,173061,173062,173063,173066,173067,173068,173069,173070,1,-1,2,-2,1,3,1,-1,-3,-1,2,2,5,2,2,-2,-2,-5,-2,-2
0,1,28845,28848,86535,86536,86537,86540,86541,86542,173071,173072,173073,173074,173075,173078,173079,173080,173081,173082,1,-1,2,-2,1,3,1,-1,-3,-1,2,2,5,2,2,-2,-2,-5,-2,-2
0,1,28847,28850,86541,86542,86543,86546,86547,86548,173083,173084,173085,173086,173087,173090,173091,173092,173093,173094,1,-1,2,-2,1,3,1,-1,-3,-1,2,2,5,2,2,-2,-2,-5,-2,-2
0,1,28849,28852,86547,86548,86549,86552,86553,86554,173095,173096,173097,173098,173099,173102,173103,173104,173105,173106,1,-1,2,-2,1,3,1,-1,-3,-1,2,2,5,2,2,-2,-2,-5,-2,-2
0,1,28851,28854,86553,86554,86555,86558,86559,86560,173107,173108,173109,173110,173111,173114,173115,173116,173117,173118,1,-1,2,-2,1,3,1,-1,-3,-1,2,2,5,2,2,-2,-2,-5,-2,-2
0,1,28853,28856,86559,86560,86561,86564,86565,86566,173119,173120,173121,173122,173123,173126,173127,173128,173129,173130,1,-1,2,-2,1,3,1,-1,-3,-1,2,2,5,2,2,-2,-2,-5,-2,-2
0,1,28855,28858,86565,86566,86567,86570,86571,86572,173131,173132,173133,173134,173135,173138,173139,173140,173141,173142,1,-1,2,-2,1,3,1,-1,-3,-1,2,2,5,2,2,-2,-2,-5,-2,-2
0,1,28857,28860,86571,86572,86573,86576,86577,86578,173143,173144,173145,173146,173147,173150,173151,173152,173153,173154,1,-1,2,-2,1,3,1,-1,-3,-1,2,2,5,2,2,-2,-2,-5,-2,-2
0,1,28859,28862,86577,86578,86579,86582,86583,86584,173155,173156,173157,173158,173159,173162,173163,173164,173165,173166,1,-1,2,-2,1,3,1,-1,-3,-1,2,2,5,2,2,-2,-2,-5,-2,-2
0,1,28861,28864,86583,86584,86585,86588,86589,86590,173167,173168,173169,173170,173171,173174,173175,173176,173177,173178,1,-1,2,-2,1,3,1,-1,-3,-1,2,2,5,2,2,-2,-2,-5,-2,-2
0,1,28863,28866,86589,86590,86591,86594,86595,86596,173179,173180,173181,173182,173183,173186,173187,173188,173189,173190,1,-1,2,-2,1,3,1,-1,-3,-1,2,2,5,2,2,-2,-2,-5,-2,-2
0,1,28865,28868,86595,86596,86597,86600,86601,86602,173191,173192,173193,173194,173195,173198,173199,173200,173201,173202,1,-1,2,-2,1,3,1,-1,-3,-1,2,2,5,2,2,-2,-2,-5,-2,-2
0,1,28867,28870,86601,86602,86603,86606,86607,86608,173203,173204,173205,173206,173207,173210,173211,173212,173213,173214,1,-1,2,-2,1,3,1,-1,-3,-1,2,2,5,2,2,-2,-2,-5,-2,-2
0,1,28869,28872,86607,86608,86609,86612,86613,86614,173215,173216,173217,173218,173219,173222,173223,173224,173225,173226,1,-1,2,-2,1,3,1,-1,-3,-1,2,2,5,2,2,-2,-2,-5,-2,-2
0,1,28871,28874,86613,86614,86615,86618,86619,86620,173227,173228,173229,173230,173231,173234,173235,173236,173237,173238,1,-1,2,-2,1,3,1,-1,-3,-1,2,2,5,2,2,-2,-2,-5,-2,-2
0,1,28873,28876,86619,86620,86621,86624,86625,86626,173239,173240,173241,173242,173243,173246,173247,173248,173249,173250,1,-1,2,-2,1,3,1,-1,-3,-1,2,2,5,2,2,-2,-2,-5,-2,-2
0,1,28875,28878,86625,86626,86627,86630,86631,86632,173251,173252,173253,173254,173255,173258,173259,173260,173261,173262,1,-1,2,-2,1,3,1,-1,-3,-1,2,2,5,2,2,-2,-2,-5,-2,-2
0,1,28877,28880,86631,86632,86633,86636,86637,86638,173263,173264,173265,173266,173267,173270,173271,173272,173273,173274,1,-1,2,-2,1,3,1,-1,-3,-1,2,2,5,2,2,-2,-2,-5,-2,-2
0,1,28879,28882,86637,86638,86639,86642,86643,86644,173275,173276,173277,173278,173279,173282,173283,173284,173285,173286,1,-1,2,-2,1,3,1,-1,-3,-1,2,2,5,2,2,-2,-2,-5,-2,-2
0,1,28881,28884,86643,86644,86645,86648,86649,86650,173287,173288,173289,173290,173291,173294,173295,173296,173297,173298,1,-1,2,-2,1,3,1,-1,-3,-1,2,2,5,2,2,-2,-2,-5,-2,-2
0,1,28883,28886,86649,86650,86651,86654,86655,86656,173299,173300,173301,173302,173303,173306,173307,173308,173309,173310,1,-1,2,-2,1,3,1,-1,-3,-1,2,2,5,2,2,-2,-2,-5,-2,-2
0,1,28885,28888,86655,86656,86657,86660,86661,86662,173311,173312,173313,173314,173315,173318,173319,173320,173321,173322,1,-1,2,-2,1,3,1,-1,-3,-1,2,2,5,2,2,-2,-2,-5,-2,-2
0,1,28887,28890,86661,86662,86663,86666,86667,86668,173323,173324,173325,173326,173327,173330,173331,173332,173333,173334,1,-1,2,-2,1,3,1,-1,-3,-1,2,2,5,2,2,-2,-2,-5,-2,-2
0,1,28889,28892,86667,86668,86669,86672,86673,86674,173335,173336,173337,173338,173339,173342,173343,173344,173345,173346,1,-1,2,-2,1,3,1,-1,-3,-1,2,2,5,2,2,-2,-2,-5,-2,-2
0,1,28891,28894,86673,86674,86675,86678,86679,86680,173347,173348,173349,173350,173351,173354,173355,173356,173357,173358,1,-1,2,-2,1,3,1,-1,-3,-1,2,2,5,2,2,-2,-2,-5,-2,-2
0,1,28893,28896,86679,86680,86681,86684,86685,86686,173359,173360,173361,173362,173363,173366,173367,173368,173369,173370,1,-1,2,-2,1,3,1,-1,-3,-1,2,2,5,2,2,-2,-2,-5,-2,-2
0,1,28895,28898,86685,86686,86687,86690,86691,86692,173371,173372,173373,173374,173375,173378,173379,173380,173381,173382,1,-1,2,-2,1,3,1,-1,-3,-1,2,2,5,2,2,-2,-2,-5,-2,-2
0,1,28897,28900,86691,86692,86693,86696,86697,86698,173383,173384,173385,173386,173387,173390,173391,173392,173393,173394,1,-1,2,-2,1,3,1,-1,-3,-1,2,2,5,2,2,-2,-2,-5,-2,-2
0,1,28899,28902,86697,86698,86699,86702,86703,86704,173395,173396,173397,173398,173399,173402,173403,173404,173405,173406,1,-1,2,-2,1,3,1,-1,-3,-1,2,2,5,2,2,-2,-2,-5,-2,-2
0,1,28901,28904,86703,86704,86705,86708,86709,86710,173407,173408,173409,173410,173411,173414,173415,173416,173417,173418,1,-1,2,-2,1,3,1,-1,-3,-1,2,2,5,2,2,-2,-2,-5,-2,-2
0,1,28903,28906,86709,86710,86711,86714,86715,86716,173419,173420,173421,173422,173423,173426,173427,173428,173429,173430,1,-1,2,-2,1,3,1,-1,-3,-1,2,2,5,2,2,-2,-2,-5,-2,-2
0,1,28905,28908,86715,86716,86717,86720,86721,86722,173431,173432,173433,173434,173435,173438,173439,173440,173441,173442,1,-1,2,-2,1,3,1,-1,-3,-1,2,2,5,2,2,-2,-2,-5,-2,-2
0,1,28907,28910,86721,86722,86723,86726,86727,86728,173443,173444,173445,173446,173447,173450,173451,173452,173453,173454,1,-1,2,-2,1,3,1,-1,-3,-1,2,2,5,2,2,-2,-2,-5,-2,-2
0,1,28909,28912,86727,86728,86729,86732,86733,86734,173455,173456,173457,173458,173459,173462,173463,173464,173465,173466,1,-1,2,-2,1,3,1,-1,-3,-1,2,2,5,2,2,-2,-2,-5,-2,-2
0,1,28911,28914,86733,86734,86735,86738,86739,86740,173467,173468,173469,173470,173471,173474,173475,173476,173477,173478,1,-1,2,-2,1,3,1,-1,-3,-1,2,2,5,2,2,-2,-2,-5,-2,-2
0,1,28913,28916,86739,86740,86741,86744,86745,86746,173479,173480,173481,173482,173483,173486,173487,173488,173489,173490,1,-1,2,-2,1,3,1,-1,-3,-1,2,2,5,2,2,-2,-2,-5,-2,-2
0,1,28915,28918,86745,86746,86747,86750,86751,86752,173491,173492,173493,173494,173495,173498,173499,173500,173501,173502,1,-1,2,-2,1,3,1,-1,-3,-1,2,2,5,2,2,-2,-2,-5,-2,-2
0,1,28917,28920,86751,86752,86753,86756,86757,86758,173503,173504,173505,173506,173507,173510,173511,173512,173513,173514,1,-1,2,-2,1,3,1,-1,-3,-1,2,2,5,2,2,-2,-2,-5,-2,-2
0,1,28919,28922,86757,86758,86759,86762,86763,86764,173515,173516,173517,173518,173519,173522,173523,173524,173525,173526,1,-1,2,-2,1,3,1,-1,-3,-1,2,2,5,2,2,-2,-2,-5,-2,-2
0,1,28921,28924,86763,86764,86765,86768,86769,86770,173527,173528,173529,173530,173531,173534,173535,173536,173537,173538,1,-1,2,-2,1,3,1,-1,-3,-1,2,2,5,2,2,-2,-2,-5,-2,-2
0,1,28923,28926,86769,86770,86771,86774,86775,86776,173539,173540,173541,173542,173543,173546,173547,173548,173549,173550,1,-1,2,-2,1,3,1,-1,-3,-1,2,2,5,2,2,-2,-2,-5,-2,-2
0,1,28925,28928,86775,86776,86777,86780,86781,86782,173551,173552,173553,173554,173555,173558,173559,173560,173561,173562,1,-1,2,-2,1,3,1,-1,-3,-1,2,2,5,2,2,-2,-2,-5,-2,-2
0,1,28927,28930,86781,86782,86783,86786,86787,86788,173563,173564,173565,173566,173567,173570,173571,173572,173573,173574,1,-1,2,-2,1,3,1,-1,-3,-1,2,2,5,2,2,-2,-2,-5,-2,-2
0,1,28929,28932,86787,86788,86789,86792,86793,86794,173575,173576,173577,173578,173579,173582,173583,173584,173585,173586,1,-1,2,-2,1,3,1,-1,-3,-1,2,2,5,2,2,-2,-2,-5,-2,-2
0,1,28931,28934,86793,86794,86795,86798,86799,86800,173587,173588,173589,173590,173591,173594,173595,173596,173597,173598,1,-1,2,-2,1,3,1,-1,-3,-1,2,2,5,2,2,-2,-2,-5,-2,-2
0,1,28933,28936,86799,86800,86801,86804,86805,86806,173599,173600,173601,173602,173603,173606,173607,173608,173609,173610,1,-1,2,-2,1,3,1,-1,-3,-1,2,2,5,2,2,-2,-2,-5,-2,-2
0,1,28935,28938,86805,86806,86807,86810,86811,86812,173611,173612,173613,173614,173615,173618,173619,173620,173621,173622,1,-1,2,-2,1,3,1,-1,-3,-1,2,2,5,2,2,-2,-2,-5,-2,-2
0,1,28937,28940,86811,86812,86813,86816,86817,86818,173623,173624,173625,173626,173627,173630,173631,173632,173633,173634,1,-1,2,-2,1,3,1,-1,-3,-1,2,2,5,2,2,-2,-2,-5,-2,-2
0,1,28939,28942,86817,86818,86819,86822,86823,86824,173635,173636,173637,173638,173639,173642,173643,173644,173645,173646,1,-1,2,-2,1,3,1,-1,-3,-1,2,2,5,2,2,-2,-2,-5,-2,-2
0,1,28941,28944,86823,86824,86825,86828,86829,86830,173647,173648,173649,173650,173651,173654,173655,173656,173657,173658,1,-1,2,-2,1,3,1,-1,-3,-1,2,2,5,2,2,-2,-2,-5,-2,-2
0,1,28943,28946,86829,86830,86831,86834,86835,86836,173659,173660,173661,173662,173663,173666,173667,173668,173669,173670,1,-1,2,-2,1,3,1,-1,-3,-1,2,2,5,2,2,-2,-2,-5,-2,-2
0,1,28945,28948,86835,86836,86837,86840,86841,86842,173671,173672,173673,173674,173675,173678,173679,173680,173681,173682,1,-1,2,-2,1,3,1,-1,-3,-1,2,2,5,2,2,-2,-2,-5,-2,-2
0,1,28947,28950,86841,86842,86843,86846,86847,86848,173683,173684,173685,173686,173687,173690,173691,173692,173693,173694,1,-1,2,-2,1,3,1,-1,-3,-1,2,2,5,2,2,-2,-2,-5,-2,-2
0,1,28949,28952,86847,86848,86849,86852,86853,86854,173695,173696,173697,173698,173699,173702,173703,173704,173705,173706,1,-1,2,-2,1,3,1,-1,-3,-1,2,2,5,2,2,-2,-2,-5,-2,-2
0,1,28951,28954,86853,86854,86855,86858,86859,86860,173707,173708,173709,173710,173711,173714,173715,173716,173717,173718,1,-1,2,-2,1,3,1,-1,-3,-1,2,2,5,2,2,-2,-2,-5,-2,-2
0,1,28953,28956,86859,86860,86861,86864,86865,86866,173719,173720,173721,173722,173723,173726,173727,173728,173729,173730,1,-1,2,-2,1,3,1,-1,-3,-1,2,2,5,2,2,-2,-2,-5,-2,-2
0,1,28955,28958,86865,86866,86867,86870,86871,86872,173731,173732,173733,173734,173735,173738,173739,173740,173741,173742,1,-1,2,-2,1,3,1,-1,-3,-1,2,2,5,2,2,-2,-2,-5,-2,-2
0,1,28957,28960,86871,86872,86873,86876,86877,86878,173743,173744,173745,173746,173747,173750,173751,173752,173753,173754,1,-1,2,-2,1,3,1,-1,-3,-1,2,2,5,2,2,-2,-2,-5,-2,-2
0,1,28959,28962,86877,86878,86879,86882,86883,86884,173755,173756,173757,173758,173759,173762,173763,173764,173765,173766,1,-1,2,-2,1,3,1,-1,-3,-1,2,2,5,2,2,-2,-2,-5,-2,-2
0,1,28961,28964,86883,86884,86885,86888,86889,86890,173767,173768,173769,173770,173771,173774,173775,173776,173777,173778,1,-1,2,-2,1,3,1,-1,-3,-1,2,2,5,2,2,-2,-2,-5,-2,-2
0,1,28963,28966,86889,86890,86891,86894,86895,86896,173779,173780,173781,173782,173783,173786,173787,173788,173789,173790,1,-1,2,-2,1,3,1,-1,-3,-1,2,2,5,2,2,-2,-2,-5,-2,-2
0,1,28965,28968,86895,86896,86897,86900,86901,86902,173791,173792,173793,173794,173795,173798,173799,173800,173801,173802,1,-1,2,-2,1,3,1,-1,-3,-1,2,2,5,2,2,-2,-2,-5,-2,-2
0,1,28967,28970,86901,86902,86903,86906,86907,86908,173803,173804,173805,173806,173807,173810,173811,173812,173813,173814,1,-1,2,-2,1,3,1,-1,-3,-1,2,2,5,2,2,-2,-2,-5,-2,-2
0,1,28969,28972,86907,86908,86909,86912,86913,86914,173815,173816,173817,173818,173819,173822,173823,173824,173825,173826,1,-1,2,-2,1,3,1,-1,-3,-1,2,2,5,2,2,-2,-2,-5,-2,-2
0,1,28971,28974,86913,86914,86915,86918,86919,86920,173827,173828,173829,173830,173831,173834,173835,173836,173837,173838,1,-1,2,-2,1,3,1,-1,-3,-1,2,2,5,2,2,-2,-2,-5,-2,-2
0,1,28973,28976,86919,86920,86921,86924,86925,86926,173839,173840,173841,173842,173843,173846,173847,173848,173849,173850,1,-1,2,-2,1,3,1,-1,-3,-1,2,2,5,2,2,-2,-2,-5,-2,-2
0,1,28975,28978,86925,86926,86927,86930,86931,86932,173851,173852,173853,173854,173855,173858,173859,173860,173861,173862,1,-1,2,-2,1,3,1,-1,-3,-1,2,2,5,2,2,-2,-2,-5,-2,-2
0,1,28977,28980,86931,86932,86933,86936,86937,86938,173863,173864,173865,173866,173867,173870,173871,173872,173873,173874,1,-1,2,-2,1,3,1,-1,-3,-1,2,2,5,2,2,-2,-2,-5,-2,-2
0,1,28979,28982,86937,86938,86939,86942,86943,86944,173875,173876,173877,173878,173879,173882,173883,173884,173885,173886,1,-1,2,-2,1,3,1,-1,-3,-1,2,2,5,2,2,-2,-2,-5,-2,-2
0,1,28981,28984,86943,86944,86945,86948,86949,86950,173887,173888,173889,173890,173891,173894,173895,173896,173897,173898,1,-1,2,-2,1,3,1,-1,-3,-1,2,2,5,2,2,-2,-2,-5,-2,-2
0,1,28983,28986,86949,86950,86951,86954,86955,86956,173899,173900,173901,173902,173903,173906,173907,173908,173909,173910,1,-1,2,-2,1,3,1,-1,-3,-1,2,2,5,2,2,-2,-2,-5,-2,-2
0,1,28985,28988,86955,86956,86957,86960,86961,86962,173911,173912,173913,173914,173915,173918,173919,173920,173921,173922,1,-1,2,-2,1,3,1,-1,-3,-1,2,2,5,2,2,-2,-2,-5,-2,-2
0,1,28987,28990,86961,86962,86963,86966,86967,86968,173923,173924,173925,173926,173927,173930,173931,173932,173933,173934,1,-1,2,-2,1,3,1,-1,-3,-1,2,2,5,2,2,-2,-2,-5,-2,-2
0,1,28989,28992,86967,86968,86969,86972,86973,86974,173935,173936,173937,173938,173939,173942,173943,173944,173945,173946,1,-1,2,-2,1,3,1,-1,-3,-1,2,2,5,2,2,-2,-2,-5,-2,-2
0,1,28991,28994,86973,86974,86975,86978,86979,86980,173947,173948,173949,173950,173951,173954,173955,173956,173957,173958,1,-1,2,-2,1,3,1,-1,-3,-1,2,2,5,2,2,-2,-2,-5,-2,-2
0,1,28993,28996,86979,86980,86981,86984,86985,86986,173959,173960,173961,173962,173963,173966,173967,173968,173969,173970,1,-1,2,-2,1,3,1,-1,-3,-1,2,2,5,2,2,-2,-2,-5,-2,-2
0,1,28995,28998,86985,86986,86987,86990,86991,86992,173971,173972,173973,173974,173975,173978,173979,173980,173981,173982,1,-1,2,-2,1,3,1,-1,-3,-1,2,2,5,2,2,-2,-2,-5,-2,-2
0,1,28997,29000,86991,86992,86993,86996,86997,86998,173983,173984,173985,173986,173987,173990,173991,173992,173993,173994,1,-1,2,-2,1,3,1,-1,-3,-1,2,2,5,2,2,-2,-2,-5,-2,-2
0,1,28999,29002,86997,86998,86999,87002,87003,87004,173995,173996,173997,173998,173999,174002,174003,174004,174005,174006,1,-1,2,-2,1,3,1,-1,-3,-1,2,2,5,2,2,-2,-2,-5,-2,-2
0,1,29001,29004,87003,87004,87005,87008,87009,87010,174007,174008,174009,174010,174011,174014,174015,174016,174017,174018,1,-1,2,-2,1,3,1,-1,-3,-1,2,2,5,2,2,-2,-2,-5,-2,-2
0,1,29003,29006,87009,87010,87011,87014,87015,87016,174019,174020,174021,174022,174023,174026,174027,174028,174029,174030,1,-1,2,-2,1,3,1,-1,-3,-1,2,2,5,2,2,-2,-2,-5,-2,-2
0,1,29005,29008,87015,87016,87017,87020,87021,87022,174031,174032,174033,174034,174035,174038,174039,174040,174041,174042,1,-1,2,-2,1,3,1,-1,-3,-1,2,2,5,2,2,-2,-2,-5,-2,-2
0,1,29007,29010,87021,87022,87023,87026,87027,87028,174043,174044,174045,174046,174047,174050,174051,174052,174053,174054,1,-1,2,-2,1,3,1,-1,-3,-1,2,2,5,2,2,-2,-2,-5,-2,-2
0,1,29009,29012,87027,87028,87029,87032,87033,87034,174055,174056,174057,174058,174059,174062,174063,174064,174065,174066,1,-1,2,-2,1,3,1,-1,-3,-1,2,2,5,2,2,-2,-2,-5,-2,-2
0,1,29011,29014,87033,87034,87035,87038,87039,87040,174067,174068,174069,174070,174071,174074,174075,174076,174077,174078,1,-1,2,-2,1,3,1,-1,-3,-1,2,2,5,2,2,-2,-2,-5,-2,-2
0,1,29013,29016,87039,87040,87041,87044,87045,87046,174079,174080,174081,174082,174083,174086,174087,174088,174089,174090,1,-1,2,-2,1,3,1,-1,-3,-1,2,2,5,2,2,-2,-2,-5,-2,-2
0,1,29015,29018,87045,87046,87047,87050,87051,87052,174091,174092,174093,174094,174095,174098,174099,174100,174101,174102,1,-1,2,-2,1,3,1,-1,-3,-1,2,2,5,2,2,-2,-2,-5,-2,-2
0,1,29017,29020,87051,87052,87053,87056,87057,87058,174103,174104,174105,174106,174107,174110,174111,174112,174113,174114,1,-1,2,-2,1,3,1,-1,-3,-1,2,2,5,2,2,-2,-2,-5,-2,-2
0,1,29019,29022,87057,87058,87059,87062,87063,87064,174115,174116,174117,174118,174119,174122,174123,174124,174125,174126,1,-1,2,-2,1,3,1,-1,-3,-1,2,2,5,2,2,-2,-2,-5,-2,-2
0,1,29021,29024,87063,87064,87065,87068,87069,87070,174127,174128,174129,174130,174131,174134,174135,174136,174137,174138,1,-1,2,-2,1,3,1,-1,-3,-1,2,2,5,2,2,-2,-2,-5,-2,-2
0,1,29023,29026,87069,87070,87071,87074,87075,87076,174139,174140,174141,174142,174143,174146,174147,174148,174149,174150,1,-1,2,-2,1,3,1,-1,-3,-1,2,2,5,2,2,-2,-2,-5,-2,-2
0,1,29025,29028,87075,87076,87077,87080,87081,87082,174151,174152,174153,174154,174155,174158,174159,174160,174161,174162,1,-1,2,-2,1,3,1,-1,-3,-1,2,2,5,2,2,-2,-2,-5,-2,-2
0,1,29027,29030,87081,87082,87083,87086,87087,87088,174163,174164,174165,174166,174167,174170,174171,174172,174173,174174,1,-1,2,-2,1,3,1,-1,-3,-1,2,2,5,2,2,-2,-2,-5,-2,-2
0,1,29029,29032,87087,87088,87089,87092,87093,87094,174175,174176,174177,174178,174179,174182,174183,174184,174185,174186,1,-1,2,-2,1,3,1,-1,-3,-1,2,2,5,2,2,-2,-2,-5,-2,-2
0,1,29031,29034,87093,87094,87095,87098,87099,87100,174187,174188,174189,174190,174191,174194,174195,174196,174197,174198,1,-1,2,-2,1,3,1,-1,-3,-1,2,2,5,2,2,-2,-2,-5,-2,-2
0,1,29033,29036,87099,87100,87101,87104,87105,87106,174199,174200,174201,174202,174203,174206,174207,174208,174209,174210,1,-1,2,-2,1,3,1,-1,-3,-1,2,2,5,2,2,-2,-2,-5,-2,-2
0,1,29035,29038,87105,87106,87107,87110,87111,87112,174211,174212,174213,174214,174215,174218,174219,174220,174221,174222,1,-1,2,-2,1,3,1,-1,-3,-1,2,2,5,2,2,-2,-2,-5,-2,-2
0,1,29037,29040,87111,87112,87113,87116,87117,87118,174223,174224,174225,174226,174227,174230,174231,174232,174233,174234,1,-1,2,-2,1,3,1,-1,-3,-1,2,2,5,2,2,-2,-2,-5,-2,-2
0,1,29039,29042,87117,87118,87119,87122,87123,87124,174235,174236,174237,174238,174239,174242,174243,174244,174245,174246,1,-1,2,-2,1,3,1,-1,-3,-1,2,2,5,2,2,-2,-2,-5,-2,-2
0,1,29041,29044,87123,87124,87125,87128,87129,87130,174247,174248,174249,174250,174251,174254,174255,174256,174257,174258,1,-1,2,-2,1,3,1,-1,-3,-1,2,2,5,2,2,-2,-2,-5,-2,-2
0,1,29043,29046,87129,87130,87131,87134,87135,87136,174259,174260,174261,174262,174263,174266,174267,174268,174269,174270,1,-1,2,-2,1,3,1,-1,-3,-1,2,2,5,2,2,-2,-2,-5,-2,-2
0,1,29045,29048,87135,87136,87137,87140,87141,87142,174271,174272,174273,174274,174275,174278,174279,174280,174281,174282,1,-1,2,-2,1,3,1,-1,-3,-1,2,2,5,2,2,-2,-2,-5,-2,-2
0,1,29047,29050,87141,87142,87143,87146,87147,87148,174283,174284,174285,174286,174287,174290,174291,174292,174293,174294,1,-1,2,-2,1,3,1,-1,-3,-1,2,2,5,2,2,-2,-2,-5,-2,-2
0,1,29049,29052,87147,87148,87149,87152,87153,87154,174295,174296,174297,174298,174299,174302,174303,174304,174305,174306,1,-1,2,-2,1,3,1,-1,-3,-1,2,2,5,2,2,-2,-2,-5,-2,-2
0,1,29051,29054,87153,87154,87155,87158,87159,87160,174307,174308,174309,174310,174311,174314,174315,174316,174317,174318,1,-1,2,-2,1,3,1,-1,-3,-1,2,2,5,2,2,-2,-2,-5,-2,-2
0,1,29053,29056,87159,87160,87161,87164,87165,87166,174319,174320,174321,174322,174323,174326,174327,174328,174329,174330,1,-1,2,-2,1,3,1,-1,-3,-1,2,2,5,2,2,-2,-2,-5,-2,-2
0,1,29055,29058,87165,87166,87167,87170,87171,87172,174331,174332,174333,174334,174335,174338,174339,174340,174341,174342,1,-1,2,-2,1,3,1,-1,-3,-1,2,2,5,2,2,-2,-2,-5,-2,-2
0,1,29057,29060,87171,87172,87173,87176,87177,87178,174343,174344,174345,174346,174347,174350,174351,174352,174353,174354,1,-1,2,-2,1,3,1,-1,-3,-1,2,2,5,2,2,-2,-2,-5,-2,-2
0,1,29059,29062,87177,87178,87179,87182,87183,87184,174355,174356,174357,174358,174359,174362,174363,174364,174365,174366,1,-1,2,-2,1,3,1,-1,-3,-1,2,2,5,2,2,-2,-2,-5,-2,-2
0,1,29061,29064,87183,87184,87185,87188,87189,87190,174367,174368,174369,174370,174371,174374,174375,174376,174377,174378,1,-1,2,-2,1,3,1,-1,-3,-1,2,2,5,2,2,-2,-2,-5,-2,-2
0,1,29063,29066,87189,87190,87191,87194,87195,87196,174379,174380,174381,174382,174383,174386,174387,174388,174389,174390,1,-1,2,-2,1,3,1,-1,-3,-1,2,2,5,2,2,-2,-2,-5,-2,-2
0,1,29065,29068,87195,87196,87197,87200,87201,87202,174391,174392,174393,174394,174395,174398,174399,174400,174401,174402,1,-1,2,-2,1,3,1,-1,-3,-1,2,2,5,2,2,-2,-2,-5,-2,-2
0,1,29067,29070,87201,87202,87203,87206,87207,87208,174403,174404,174405,174406,174407,174410,174411,174412,174413,174414,1,-1,2,-2,1,3,1,-1,-3,-1,2,2,5,2,2,-2,-2,-5,-2,-2
0,1,29069,29072,87207,87208,87209,87212,87213,87214,174415,174416,174417,174418,174419,174422,174423,174424,174425,174426,1,-1,2,-2,1,3,1,-1,-3,-1,2,2,5,2,2,-2,-2,-5,-2,-2
0,1,29071,29074,87213,87214,87215,87218,87219,87220,174427,174428,174429,174430,174431,174434,174435,174436,174437,174438,1,-1,2,-2,1,3,1,-1,-3,-1,2,2,5,2,2,-2,-2,-5,-2,-2
0,1,29073,29076,87219,87220,87221,87224,87225,87226,174439,174440,174441,174442,174443,174446,174447,174448,174449,174450,1,-1,2,-2,1,3,1,-1,-3,-1,2,2,5,2,2,-2,-2,-5,-2,-2
0,1,29075,29078,87225,87226,87227,87230,87231,87232,174451,174452,174453,174454,174455,174458,174459,174460,174461,174462,1,-1,2,-2,1,3,1,-1,-3,-1,2,2,5,2,2,-2,-2,-5,-2,-2
0,1,29077,29080,87231,87232,87233,87236,87237,87238,174463,174464,174465,174466,174467,174470,174471,174472,174473,174474,1,-1,2,-2,1,3,1,-1,-3,-1,2,2,5,2,2,-2,-2,-5,-2,-2
0,1,29079,29082,87237,87238,87239,87242,87243,87244,174475,174476,174477,174478,174479,174482,174483,174484,174485,174486,1,-1,2,-2,1,3,1,-1,-3,-1,2,2,5,2,2,-2,-2,-5,-2,-2
0,1,29081,29084,87243,87244,87245,87248,87249,87250,174487,174488,174489,174490,174491,174494,174495,174496,174497,174498,1,-1,2,-2,1,3,1,-1,-3,-1,2,2,5,2,2,-2,-2,-5,-2,-2
0,1,29083,29086,87249,87250,87251,87254,87255,87256,174499,174500,174501,174502,174503,174506,174507,174508,174509,174510,1,-1,2,-2,1,3,1,-1,-3,-1,2,2,5,2,2,-2,-2,-5,-2,-2
0,1,29085,29088,87255,87256,87257,87260,87261,87262,174511,174512,174513,174514,174515,174518,174519,174520,174521,174522,1,-1,2,-2,1,3,1,-1,-3,-1,2,2,5,2,2,-2,-2,-5,-2,-2
0,1,29087,29090,87261,87262,87263,87266,87267,87268,174523,174524,174525,174526,174527,174530,174531,174532,174533,174534,1,-1,2,-2,1,3,1,-1,-3,-1,2,2,5,2,2,-2,-2,-5,-2,-2
0,1,29089,29092,87267,87268,87269,87272,87273,87274,174535,174536,174537,174538,174539,174542,174543,174544,174545,174546,1,-1,2,-2,1,3,1,-1,-3,-1,2,2,5,2,2,-2,-2,-5,-2,-2
0,1,29091,29094,87273,87274,87275,87278,87279,87280,174547,174548,174549,174550,174551,174554,174555,174556,174557,174558,1,-1,2,-2,1,3,1,-1,-3,-1,2,2,5,2,2,-2,-2,-5,-2,-2
0,1,29093,29096,87279,87280,87281,87284,87285,87286,174559,174560,174561,174562,174563,174566,174567,174568,174569,174570,1,-1,2,-2,1,3,1,-1,-3,-1,2,2,5,2,2,-2,-2,-5,-2,-2
0,1,29095,29098,87285,87286,87287,87290,87291,87292,174571,174572,174573,174574,174575,174578,174579,174580,174581,174582,1,-1,2,-2,1,3,1,-1,-3,-1,2,2,5,2,2,-2,-2,-5,-2,-2
0,1,29097,29100,87291,87292,87293,87296,87297,87298,174583,174584,174585,174586,174587,174590,174591,174592,174593,174594,1,-1,2,-2,1,3,1,-1,-3,-1,2,2,5,2,2,-2,-2,-5,-2,-2
0,1,29099,29102,87297,87298,87299,87302,87303,87304,174595,174596,174597,174598,174599,174602,174603,174604,174605,174606,1,-1,2,-2,1,3,1,-1,-3,-1,2,2,5,2,2,-2,-2,-5,-2,-2
0,1,29101,29104,87303,87304,87305,87308,87309,87310,174607,174608,174609,174610,174611,174614,174615,174616,174617,174618,1,-1,2,-2,1,3,1,-1,-3,-1,2,2,5,2,2,-2,-2,-5,-2,-2
0,1,29103,29106,87309,87310,87311,87314,87315,87316,174619,174620,174621,174622,174623,174626,174627,174628,174629,174630,1,-1,2,-2,1,3,1,-1,-3,-1,2,2,5,2,2,-2,-2,-5,-2,-2
0,1,29105,29108,87315,87316,87317,87320,87321,87322,174631,174632,174633,174634,174635,174638,174639,174640,174641,174642,1,-1,2,-2,1,3,1,-1,-3,-1,2,2,5,2,2,-2,-2,-5,-2,-2
0,1,29107,29110,87321,87322,87323,87326,87327,87328,174643,174644,174645,174646,174647,174650,174651,174652,174653,174654,1,-1,2,-2,1,3,1,-1,-3,-1,2,2,5,2,2,-2,-2,-5,-2,-2
0,1,29109,29112,87327,87328,87329,87332,87333,87334,174655,174656,174657,174658,174659,174662,174663,174664,174665,174666,1,-1,2,-2,1,3,1,-1,-3,-1,2,2,5,2,2,-2,-2,-5,-2,-2
0,1,29111,29114,87333,87334,87335,87338,87339,87340,174667,174668,174669,174670,174671,174674,174675,174676,174677,174678,1,-1,2,-2,1,3,1,-1,-3,-1,2,2,5,2,2,-2,-2,-5,-2,-2
0,1,29113,29116,87339,87340,87341,87344,87345,87346,174679,174680,174681,174682,174683,174686,174687,174688,174689,174690,1,-1,2,-2,1,3,1,-1,-3,-1,2,2,5,2,2,-2,-2,-5,-2,-2
0,1,29115,29118,87345,87346,87347,87350,87351,87352,174691,174692,174693,174694,174695,174698,174699,174700,174701,174702,1,-1,2,-2,1,3,1,-1,-3,-1,2,2,5,2,2,-2,-2,-5,-2,-2
0,1,29117,29120,87351,87352,87353,87356,87357,87358,174703,174704,174705,174706,174707,174710,174711,174712,174713,174714,1,-1,2,-2,1,3,1,-1,-3,-1,2,2,5,2,2,-2,-2,-5,-2,-2
0,1,29119,29122,87357,87358,87359,87362,87363,87364,174715,174716,174717,174718,174719,174722,174723,174724,174725,174726,1,-1,2,-2,1,3,1,-1,-3,-1,2,2,5,2,2,-2,-2,-5,-2,-2
0,1,29121,29124,87363,87364,87365,87368,87369,87370,174727,174728,174729,174730,174731,174734,174735,174736,174737,174738,1,-1,2,-2,1,3,1,-1,-3,-1,2,2,5,2,2,-2,-2,-5,-2,-2
0,1,29123,29126,87369,87370,87371,87374,87375,87376,174739,174740,174741,174742,174743,174746,174747,174748,174749,174750,1,-1,2,-2,1,3,1,-1,-3,-1,2,2,5,2,2,-2,-2,-5,-2,-2
0,1,29125,29128,87375,87376,87377,87380,87381,87382,174751,174752,174753,174754,174755,174758,174759,174760,174761,174762,1,-1,2,-2,1,3,1,-1,-3,-1,2,2,5,2,2,-2,-2,-5,-2,-2
0,1,29127,29130,87381,87382,87383,87386,87387,87388,174763,174764,174765,174766,174767,174770,174771,174772,174773,174774,1,-1,2,-2,1,3,1,-1,-3,-1,2,2,5,2,2,-2,-2,-5,-2,-2
0,1,29129,29132,87387,87388,87389,87392,87393,87394,174775,174776,174777,174778,174779,174782,174783,174784,174785,174786,1,-1,2,-2,1,3,1,-1,-3,-1,2,2,5,2,2,-2,-2,-5,-2,-2
0,1,29131,29134,87393,87394,87395,87398,87399,87400,174787,174788,174789,174790,174791,174794,174795,174796,174797,174798,1,-1,2,-2,1,3,1,-1,-3,-1,2,2,5,2,2,-2,-2,-5,-2,-2
0,1,29133,29136,87399,87400,87401,87404,87405,87406,174799,174800,174801,174802,174803,174806,174807,174808,174809,174810,1,-1,2,-2,1,3,1,-1,-3,-1,2,2,5,2,2,-2,-2,-5,-2,-2
0,1,29135,29138,87405,87406,87407,87410,87411,87412,174811,174812,174813,174814,174815,174818,174819,174820,174821,174822,1,-1,2,-2,1,3,1,-1,-3,-1,2,2,5,2,2,-2,-2,-5,-2,-2
0,1,29137,29140,87411,87412,87413,87416,87417,87418,174823,174824,174825,174826,174827,174830,174831,174832,174833,174834,1,-1,2,-2,1,3,1,-1,-3,-1,2,2,5,2,2,-2,-2,-5,-2,-2
0,1,29139,29142,87417,87418,87419,87422,87423,87424,174835,174836,174837,174838,174839,174842,174843,174844,174845,174846,1,-1,2,-2,1,3,1,-1,-3,-1,2,2,5,2,2,-2,-2,-5,-2,-2
0,1,29141,29144,87423,87424,87425,87428,87429,87430,174847,174848,174849,174850,174851,174854,174855,174856,174857,174858,1,-1,2,-2,1,3,1,-1,-3,-1,2,2,5,2,2,-2,-2,-5,-2,-2
0,1,29143,29146,87429,87430,87431,87434,87435,87436,174859,174860,174861,174862,174863,174866,174867,174868,174869,174870,1,-1,2,-2,1,3,1,-1,-3,-1,2,2,5,2,2,-2,-2,-5,-2,-2
0,1,29145,29148,87435,87436,87437,87440,87441,87442,174871,174872,174873,174874,174875,174878,174879,174880,174881,174882,1,-1,2,-2,1,3,1,-1,-3,-1,2,2,5,2,2,-2,-2,-5,-2,-2
0,1,29147,29150,87441,87442,87443,87446,87447,87448,174883,174884,174885,174886,174887,174890,174891,174892,174893,174894,1,-1,2,-2,1,3,1,-1,-3,-1,2,2,5,2,2,-2,-2,-5,-2,-2
0,1,29149,29152,87447,87448,87449,87452,87453,87454,174895,174896,174897,174898,174899,174902,174903,174904,174905,174906,1,-1,2,-2,1,3,1,-1,-3,-1,2,2,5,2,2,-2,-2,-5,-2,-2
0,1,29151,29154,87453,87454,87455,87458,87459,87460,174907,174908,174909,174910,174911,174914,174915,174916,174917,174918,1,-1,2,-2,1,3,1,-1,-3,-1,2,2,5,2,2,-2,-2,-5,-2,-2
0,1,29153,29156,87459,87460,87461,87464,87465,87466,174919,174920,174921,174922,174923,174926,174927,174928,174929,174930,1,-1,2,-2,1,3,1,-1,-3,-1,2,2,5,2,2,-2,-2,-5,-2,-2
0,1,29155,29158,87465,87466,87467,87470,87471,87472,174931,174932,174933,174934,174935,174938,174939,174940,174941,174942,1,-1,2,-2,1,3,1,-1,-3,-1,2,2,5,2,2,-2,-2,-5,-2,-2
0,1,29157,29160,87471,87472,87473,87476,87477,87478,174943,174944,174945,174946,174947,174950,174951,174952,174953,174954,1,-1,2,-2,1,3,1,-1,-3,-1,2,2,5,2,2,-2,-2,-5,-2,-2
0,1,29159,29162,87477,87478,87479,87482,87483,87484,174955,174956,174957,174958,174959,174962,174963,174964,174965,174966,1,-1,2,-2,1,3,1,-1,-3,-1,2,2,5,2,2,-2,-2,-5,-2,-2
0,1,29161,29164,87483,87484,87485,87488,87489,87490,174967,174968,174969,174970,174971,174974,174975,174976,174977,174978,1,-1,2,-2,1,3,1,-1,-3,-1,2,2,5,2,2,-2,-2,-5,-2,-2
0,1,29163,29166,87489,87490,87491,87494,87495,87496,174979,174980,174981,174982,174983,174986,174987,174988,174989,174990,1,-1,2,-2,1,3,1,-1,-3,-1,2,2,5,2,2,-2,-2,-5,-2,-2
0,1,29165,29168,87495,87496,87497,87500,87501,87502,174991,174992,174993,174994,174995,174998,174999,175000,175001,175002,1,-1,2,-2,1,3,1,-1,-3,-1,2,2,5,2,2,-2,-2,-5,-2,-2
0,1,29167,29170,87501,87502,87503,87506,87507,87508,175003,175004,175005,175006,175007,175010,175011,175012,175013,175014,1,-1,2,-2,1,3,1,-1,-3,-1,2,2,5,2,2,-2,-2,-5,-2,-2
0,1,29169,29172,87507,87508,87509,87512,87513,87514,175015,175016,175017,175018,175019,175022,175023,175024,175025,175026,1,-1,2,-2,1,3,1,-1,-3,-1,2,2,5,2,2,-2,-2,-5,-2,-2
0,1,29171,29174,87513,87514,87515,87518,87519,87520,175027,175028,175029,175030,175031,175034,175035,175036,175037,175038,1,-1,2,-2,1,3,1,-1,-3,-1,2,2,5,2,2,-2,-2,-5,-2,-2
0,1,29173,29176,87519,87520,87521,87524,87525,87526,175039,175040,175041,175042,175043,175046,175047,175048,175049,175050,1,-1,2,-2,1,3,1,-1,-3,-1,2,2,5,2,2,-2,-2,-5,-2,-2
0,1,29175,29178,87525,87526,87527,87530,87531,87532,175051,175052,175053,175054,175055,175058,175059,175060,175061,175062,1,-1,2,-2,1,3,1,-1,-3,-1,2,2,5,2,2,-2,-2,-5,-2,-2
0,1,29177,29180,87531,87532,87533,87536,87537,87538,175063,175064,175065,175066,175067,175070,175071,175072,175073,175074,1,-1,2,-2,1,3,1,-1,-3,-1,2,2,5,2,2,-2,-2,-5,-2,-2
0,1,29179,29182,87537,87538,87539,87542,87543,87544,175075,175076,175077,175078,175079,175082,175083,175084,175085,175086,1,-1,2,-2,1,3,1,-1,-3,-1,2,2,5,2,2,-2,-2,-5,-2,-2
0,1,29181,29184,87543,87544,87545,87548,87549,87550,175087,175088,175089,175090,175091,175094,175095,175096,175097,175098,1,-1,2,-2,1,3,1,-1,-3,-1,2,2,5,2,2,-2,-2,-5,-2,-2
0,1,29183,29186,87549,87550,87551,87554,87555,87556,175099,175100,175101,175102,175103,175106,175107,175108,175109,175110,1,-1,2,-2,1,3,1,-1,-3,-1,2,2,5,2,2,-2,-2,-5,-2,-2
0,1,29185,29188,87555,87556,87557,87560,87561,87562,175111,175112,175113,175114,175115,175118,175119,175120,175121,175122,1,-1,2,-2,1,3,1,-1,-3,-1,2,2,5,2,2,-2,-2,-5,-2,-2
0,1,29187,29190,87561,87562,87563,87566,87567,87568,175123,175124,175125,175126,175127,175130,175131,175132,175133,175134,1,-1,2,-2,1,3,1,-1,-3,-1,2,2,5,2,2,-2,-2,-5,-2,-2
0,1,29189,29192,87567,87568,87569,87572,87573,87574,175135,175136,175137,175138,175139,175142,175143,175144,175145,175146,1,-1,2,-2,1,3,1,-1,-3,-1,2,2,5,2,2,-2,-2,-5,-2,-2
0,1,29191,29194,87573,87574,87575,87578,87579,87580,175147,175148,175149,175150,175151,175154,175155,175156,175157,175158,1,-1,2,-2,1,3,1,-1,-3,-1,2,2,5,2,2,-2,-2,-5,-2,-2
0,1,29193,29196,87579,87580,87581,87584,87585,87586,175159,175160,175161,175162,175163,175166,175167,175168,175169,175170,1,-1,2,-2,1,3,1,-1,-3,-1,2,2,5,2,2,-2,-2,-5,-2,-2
0,1,29195,29198,87585,87586,87587,87590,87591,87592,175171,175172,175173,175174,175175,175178,175179,175180,175181,175182,1,-1,2,-2,1,3,1,-1,-3,-1,2,2,5,2,2,-2,-2,-5,-2,-2
0,1,29197,29200,87591,87592,87593,87596,87597,87598,175183,175184,175185,175186,175187,175190,175191,175192,175193,175194,1,-1,2,-2,1,3,1,-1,-3,-1,2,2,5,2,2,-2,-2,-5,-2,-2
0,1,29199,29202,87597,87598,87599,87602,87603,87604,175195,175196,175197,175198,175199,175202,175203,175204,175205,175206,1,-1,2,-2,1,3,1,-1,-3,-1,2,2,5,2,2,-2,-2,-5,-2,-2
0,1,29201,29204,87603,87604,87605,87608,87609,87610,175207,175208,175209,175210,175211,175214,175215,175216,175217,175218,1,-1,2,-2,1,3,1,-1,-3,-1,2,2,5,2,2,-2,-2,-5,-2,-2
0,1,29203,29206,87609,87610,87611,87614,87615,87616,175219,175220,175221,175222,175223,175226,175227,175228,175229,175230,1,-1,2,-2,1,3,1,-1,-3,-1,2,2,5,2,2,-2,-2,-5,-2,-2
0,1,29205,29208,87615,87616,87617,87620,87621,87622,175231,175232,175233,175234,175235,175238,175239,175240,175241,175242,1,-1,2,-2,1,3,1,-1,-3,-1,2,2,5,2,2,-2,-2,-5,-2,-2
0,1,29207,29210,87621,87622,87623,87626,87627,87628,175243,175244,175245,175246,175247,175250,175251,175252,175253,175254,1,-1,2,-2,1,3,1,-1,-3,-1,2,2,5,2,2,-2,-2,-5,-2,-2
0,1,29209,29212,87627,87628,87629,87632,87633,87634,175255,175256,175257,175258,175259,175262,175263,175264,175265,175266,1,-1,2,-2,1,3,1,-1,-3,-1,2,2,5,2,2,-2,-2,-5,-2,-2
0,1,29211,29214,87633,87634,87635,87638,87639,87640,175267,175268,175269,175270,175271,175274,175275,175276,175277,175278,1,-1,2,-2,1,3,1,-1,-3,-1,2,2,5,2,2,-2,-2,-5,-2,-2
0,1,29213,29216,87639,87640,87641,87644,87645,87646,175279,175280,175281,175282,175283,175286,175287,175288,175289,175290,1,-1,2,-2,1,3,1,-1,-3,-1,2,2,5,2,2,-2,-2,-5,-2,-2
0,1,29215,29218,87645,87646,87647,87650,87651,87652,175291,175292,175293,175294,175295,175298,175299,175300,175301,175302,1,-1,2,-2,1,3,1,-1,-3,-1,2,2,5,2,2,-2,-2,-5,-2,-2
0,1,29217,29220,87651,87652,87653,87656,87657,87658,175303,175304,175305,175306,175307,175310,175311,175312,175313,175314,1,-1,2,-2,1,3,1,-1,-3,-1,2,2,5,2,2,-2,-2,-5,-2,-2
0,1,29219,29222,87657,87658,87659,87662,87663,87664,175315,175316,175317,175318,175319,175322,175323,175324,175325,175326,1,-1,2,-2,1,3,1,-1,-3,-1,2,2,5,2,2,-2,-2,-5,-2,-2
0,1,29221,29224,87663,87664,87665,87668,87669,87670,175327,175328,175329,175330,175331,175334,175335,175336,175337,175338,1,-1,2,-2,1,3,1,-1,-3,-1,2,2,5,2,2,-2,-2,-5,-2,-2
0,1,29223,29226,87669,87670,87671,87674,87675,87676,175339,175340,175341,175342,175343,175346,175347,175348,175349,175350,1,-1,2,-2,1,3,1,-1,-3,-1,2,2,5,2,2,-2,-2,-5,-2,-2
0,1,29225,29228,87675,87676,87677,87680,87681,87682,175351,175352,175353,175354,175355,175358,175359,175360,175361,175362,1,-1,2,-2,1,3,1,-1,-3,-1,2,2,5,2,2,-2,-2,-5,-2,-2
0,1,29227,29230,87681,87682,87683,87686,87687,87688,175363,175364,175365,175366,175367,175370,175371,175372,175373,175374,1,-1,2,-2,1,3,1,-1,-3,-1,2,2,5,2,2,-2,-2,-5,-2,-2
0,1,29229,29232,87687,87688,87689,87692,87693,87694,175375,175376,175377,175378,175379,175382,175383,175384,175385,175386,1,-1,2,-2,1,3,1,-1,-3,-1,2,2,5,2,2,-2,-2,-5,-2,-2
0,1,29231,29234,87693,87694,87695,87698,87699,87700,175387,175388,175389,175390,175391,175394,175395,175396,175397,175398,1,-1,2,-2,1,3,1,-1,-3,-1,2,2,5,2,2,-2,-2,-5,-2,-2
0,1,29233,29236,87699,87700,87701,87704,87705,87706,175399,175400,175401,175402,175403,175406,175407,175408,175409,175410,1,-1,2,-2,1,3,1,-1,-3,-1,2,2,5,2,2,-2,-2,-5,-2,-2
0,1,29235,29238,87705,87706,87707,87710,87711,87712,175411,175412,175413,175414,175415,175418,175419,175420,175421,175422,1,-1,2,-2,1,3,1,-1,-3,-1,2,2,5,2,2,-2,-2,-5,-2,-2
0,1,29237,29240,87711,87712,87713,87716,87717,87718,175423,175424,175425,175426,175427,175430,175431,175432,175433,175434,1,-1,2,-2,1,3,1,-1,-3,-1,2,2,5,2,2,-2,-2,-5,-2,-2
0,1,29239,29242,87717,87718,87719,87722,87723,87724,175435,175436,175437,175438,175439,175442,175443,175444,175445,175446,1,-1,2,-2,1,3,1,-1,-3,-1,2,2,5,2,2,-2,-2,-5,-2,-2
0,1,29241,29244,87723,87724,87725,87728,87729,87730,175447,175448,175449,175450,175451,175454,175455,175456,175457,175458,1,-1,2,-2,1,3,1,-1,-3,-1,2,2,5,2,2,-2,-2,-5,-2,-2
0,1,29243,29246,87729,87730,87731,87734,87735,87736,175459,175460,175461,175462,175463,175466,175467,175468,175469,175470,1,-1,2,-2,1,3,1,-1,-3,-1,2,2,5,2,2,-2,-2,-5,-2,-2
0,1,29245,29248,87735,87736,87737,87740,87741,87742,175471,175472,175473,175474,175475,175478,175479,175480,175481,175482,1,-1,2,-2,1,3,1,-1,-3,-1,2,2,5,2,2,-2,-2,-5,-2,-2
0,1,29247,29250,87741,87742,87743,87746,87747,87748,175483,175484,175485,175486,175487,175490,175491,175492,175493,175494,1,-1,2,-2,1,3,1,-1,-3,-1,2,2,5,2,2,-2,-2,-5,-2,-2
0,1,29249,29252,87747,87748,87749,87752,87753,87754,175495,175496,175497,175498,175499,175502,175503,175504,175505,175506,1,-1,2,-2,1,3,1,-1,-3,-1,2,2,5,2,2,-2,-2,-5,-2,-2
0,1,29251,29254,87753,87754,87755,87758,87759,87760,175507,175508,175509,175510,175511,175514,175515,175516,175517,175518,1,-1,2,-2,1,3,1,-1,-3,-1,2,2,5,2,2,-2,-2,-5,-2,-2
0,1,29253,29256,87759,87760,87761,87764,87765,87766,175519,175520,175521,175522,175523,175526,175527,175528,175529,175530,1,-1,2,-2,1,3,1,-1,-3,-1,2,2,5,2,2,-2,-2,-5,-2,-2
0,1,29255,29258,87765,87766,87767,87770,87771,87772,175531,175532,175533,175534,175535,175538,175539,175540,175541,175542,1,-1,2,-2,1,3,1,-1,-3,-1,2,2,5,2,2,-2,-2,-5,-2,-2
0,1,29257,29260,87771,87772,87773,87776,87777,87778,175543,175544,175545,175546,175547,175550,175551,175552,175553,175554,1,-1,2,-2,1,3,1,-1,-3,-1,2,2,5,2,2,-2,-2,-5,-2,-2
0,1,29259,29262,87777,87778,87779,87782,87783,87784,175555,175556,175557,175558,175559,175562,175563,175564,175565,175566,1,-1,2,-2,1,3,1,-1,-3,-1,2,2,5,2,2,-2,-2,-5,-2,-2
0,1,29261,29264,87783,87784,87785,87788,87789,87790,175567,175568,175569,175570,175571,175574,175575,175576,175577,175578,1,-1,2,-2,1,3,1,-1,-3,-1,2,2,5,2,2,-2,-2,-5,-2,-2
0,1,29263,29266,87789,87790,87791,87794,87795,87796,175579,175580,175581,175582,175583,175586,175587,175588,175589,175590,1,-1,2,-2,1,3,1,-1,-3,-1,2,2,5,2,2,-2,-2,-5,-2,-2
0,1,29265,29268,87795,87796,87797,87800,87801,87802,175591,175592,175593,175594,175595,175598,175599,175600,175601,175602,1,-1,2,-2,1,3,1,-1,-3,-1,2,2,5,2,2,-2,-2,-5,-2,-2
0,1,29267,29270,87801,87802,87803,87806,87807,87808,175603,175604,175605,175606,175607,175610,175611,175612,175613,175614,1,-1,2,-2,1,3,1,-1,-3,-1,2,2,5,2,2,-2,-2,-5,-2,-2
0,1,29269,29272,87807,87808,87809,87812,87813,87814,175615,175616,175617,175618,175619,175622,175623,175624,175625,175626,1,-1,2,-2,1,3,1,-1,-3,-1,2,2,5,2,2,-2,-2,-5,-2,-2
0,1,29271,29274,87813,87814,87815,87818,87819,87820,175627,175628,175629,175630,175631,175634,175635,175636,175637,175638,1,-1,2,-2,1,3,1,-1,-3,-1,2,2,5,2,2,-2,-2,-5,-2,-2
0,1,29273,29276,87819,87820,87821,87824,87825,87826,175639,175640,175641,175642,175643,175646,175647,175648,175649,175650,1,-1,2,-2,1,3,1,-1,-3,-1,2,2,5,2,2,-2,-2,-5,-2,-2
0,1,29275,29278,87825,87826,87827,87830,87831,87832,175651,175652,175653,175654,175655,175658,175659,175660,175661,175662,1,-1,2,-2,1,3,1,-1,-3,-1,2,2,5,2,2,-2,-2,-5,-2,-2
0,1,29277,29280,87831,87832,87833,87836,87837,87838,175663,175664,175665,175666,175667,175670,175671,175672,175673,175674,1,-1,2,-2,1,3,1,-1,-3,-1,2,2,5,2,2,-2,-2,-5,-2,-2
0,1,29279,29282,87837,87838,87839,87842,87843,87844,175675,175676,175677,175678,175679,175682,175683,175684,175685,175686,1,-1,2,-2,1,3,1,-1,-3,-1,2,2,5,2,2,-2,-2,-5,-2,-2
0,1,29281,29284,87843,87844,87845,87848,87849,87850,175687,175688,175689,175690,175691,175694,175695,175696,175697,175698,1,-1,2,-2,1,3,1,-1,-3,-1,2,2,5,2,2,-2,-2,-5,-2,-2
0,1,29283,29286,87849,87850,87851,87854,87855,87856,175699,175700,175701,175702,175703,175706,175707,175708,175709,175710,1,-1,2,-2,1,3,1,-1,-3,-1,2,2,5,2,2,-2,-2,-5,-2,-2
0,1,29285,29288,87855,87856,87857,87860,87861,87862,175711,175712,175713,175714,175715,175718,175719,175720,175721,175722,1,-1,2,-2,1,3,1,-1,-3,-1,2,2,5,2,2,-2,-2,-5,-2,-2
0,1,29287,29290,87861,87862,87863,87866,87867,87868,175723,175724,175725,175726,175727,175730,175731,175732,175733,175734,1,-1,2,-2,1,3,1,-1,-3,-1,2,2,5,2,2,-2,-2,-5,-2,-2
0,1,29289,29292,87867,87868,87869,87872,87873,87874,175735,175736,175737,175738,175739,175742,175743,175744,175745,175746,1,-1,2,-2,1,3,1,-1,-3,-1,2,2,5,2,2,-2,-2,-5,-2,-2
0,1,29291,29294,87873,87874,87875,87878,87879,87880,175747,175748,175749,175750,175751,175754,175755,175756,175757,175758,1,-1,2,-2,1,3,1,-1,-3,-1,2,2,5,2,2,-2,-2,-5,-2,-2
0,1,29293,29296,87879,87880,87881,87884,87885,87886,175759,175760,175761,175762,175763,175766,175767,175768,175769,175770,1,-1,2,-2,1,3,1,-1,-3,-1,2,2,5,2,2,-2,-2,-5,-2,-2
0,1,29295,29298,87885,87886,87887,87890,87891,87892,175771,175772,175773,175774,175775,175778,175779,175780,175781,175782,1,-1,2,-2,1,3,1,-1,-3,-1,2,2,5,2,2,-2,-2,-5,-2,-2
0,1,29297,29300,87891,87892,87893,87896,87897,87898,175783,175784,175785,175786,175787,175790,175791,175792,175793,175794,1,-1,2,-2,1,3,1,-1,-3,-1,2,2,5,2,2,-2,-2,-5,-2,-2
0,1,29299,29302,87897,87898,87899,87902,87903,87904,175795,175796,175797,175798,175799,175802,175803,175804,175805,175806,1,-1,2,-2,1,3,1,-1,-3,-1,2,2,5,2,2,-2,-2,-5,-2,-2
0,1,29301,29304,87903,87904,87905,87908,87909,87910,175807,175808,175809,175810,175811,175814,175815,175816,175817,175818,1,-1,2,-2,1,3,1,-1,-3,-1,2,2,5,2,2,-2,-2,-5,-2,-2
0,1,29303,29306,87909,87910,87911,87914,87915,87916,175819,175820,175821,175822,175823,175826,175827,175828,175829,175830,1,-1,2,-2,1,3,1,-1,-3,-1,2,2,5,2,2,-2,-2,-5,-2,-2
0,1,29305,29308,87915,87916,87917,87920,87921,87922,175831,175832,175833,175834,175835,175838,175839,175840,175841,175842,1,-1,2,-2,1,3,1,-1,-3,-1,2,2,5,2,2,-2,-2,-5,-2,-2
0,1,29307,29310,87921,87922,87923,87926,87927,87928,175843,175844,175845,175846,175847,175850,175851,175852,175853,175854,1,-1,2,-2,1,3,1,-1,-3,-1,2,2,5,2,2,-2,-2,-5,-2,-2
0,1,29309,29312,87927,87928,87929,87932,87933,87934,175855,175856,175857,175858,175859,175862,175863,175864,175865,175866,1,-1,2,-2,1,3,1,-1,-3,-1,2,2,5,2,2,-2,-2,-5,-2,-2
0,1,29311,29314,87933,87934,87935,87938,87939,87940,175867,175868,175869,175870,175871,175874,175875,175876,175877,175878,1,-1,2,-2,1,3,1,-1,-3,-1,2,2,5,2,2,-2,-2,-5,-2,-2
0,1,29313,29316,87939,87940,87941,87944,87945,87946,175879,175880,175881,175882,175883,175886,175887,175888,175889,175890,1,-1,2,-2,1,3,1,-1,-3,-1,2,2,5,2,2,-2,-2,-5,-2,-2
0,1,29315,29318,87945,87946,87947,87950,87951,87952,175891,175892,175893,175894,175895,175898,175899,175900,175901,175902,1,-1,2,-2,1,3,1,-1,-3,-1,2,2,5,2,2,-2,-2,-5,-2,-2
0,1,29317,29320,87951,87952,87953,87956,87957,87958,175903,175904,175905,175906,175907,175910,175911,175912,175913,175914,1,-1,2,-2,1,3,1,-1,-3,-1,2,2,5,2,2,-2,-2,-5,-2,-2
0,1,29319,29322,87957,87958,87959,87962,87963,87964,175915,175916,175917,175918,175919,175922,175923,175924,175925,175926,1,-1,2,-2,1,3,1,-1,-3,-1,2,2,5,2,2,-2,-2,-5,-2,-2
0,1,29321,29324,87963,87964,87965,87968,87969,87970,175927,175928,175929,175930,175931,175934,175935,175936,175937,175938,1,-1,2,-2,1,3,1,-1,-3,-1,2,2,5,2,2,-2,-2,-5,-2,-2
0,1,29323,29326,87969,87970,87971,87974,87975,87976,175939,175940,175941,175942,175943,175946,175947,175948,175949,175950,1,-1,2,-2,1,3,1,-1,-3,-1,2,2,5,2,2,-2,-2,-5,-2,-2
0,1,29325,29328,87975,87976,87977,87980,87981,87982,175951,175952,175953,175954,175955,175958,175959,175960,175961,175962,1,-1,2,-2,1,3,1,-1,-3,-1,2,2,5,2,2,-2,-2,-5,-2,-2
0,1,29327,29330,87981,87982,87983,87986,87987,87988,175963,175964,175965,175966,175967,175970,175971,175972,175973,175974,1,-1,2,-2,1,3,1,-1,-3,-1,2,2,5,2,2,-2,-2,-5,-2,-2
0,1,29329,29332,87987,87988,87989,87992,87993,87994,175975,175976,175977,175978,175979,175982,175983,175984,175985,175986,1,-1,2,-2,1,3,1,-1,-3,-1,2,2,5,2,2,-2,-2,-5,-2,-2
0,1,29331,29334,87993,87994,87995,87998,87999,88000,175987,175988,175989,175990,175991,175994,175995,175996,175997,175998,1,-1,2,-2,1,3,1,-1,-3,-1,2,2,5,2,2,-2,-2,-5,-2,-2
0,1,29333,29336,87999,88000,88001,88004,88005,88006,175999,176000,176001,176002,176003,176006,176007,176008,176009,176010,1,-1,2,-2,1,3,1,-1,-3,-1,2,2,5,2,2,-2,-2,-5,-2,-2
0,1,29335,29338,88005,88006,88007,88010,88011,88012,176011,176012,176013,176014,176015,176018,176019,176020,176021,176022,1,-1,2,-2,1,3,1,-1,-3,-1,2,2,5,2,2,-2,-2,-5,-2,-2
0,1,29337,29340,88011,88012,88013,88016,88017,88018,176023,176024,176025,176026,176027,176030,176031,176032,176033,176034,1,-1,2,-2,1,3,1,-1,-3,-1,2,2,5,2,2,-2,-2,-5,-2,-2
0,1,29339,29342,88017,88018,88019,88022,88023,88024,176035,176036,176037,176038,176039,176042,176043,176044,176045,176046,1,-1,2,-2,1,3,1,-1,-3,-1,2,2,5,2,2,-2,-2,-5,-2,-2
0,1,29341,29344,88023,88024,88025,88028,88029,88030,176047,176048,176049,176050,176051,176054,176055,176056,176057,176058,1,-1,2,-2,1,3,1,-1,-3,-1,2,2,5,2,2,-2,-2,-5,-2,-2
0,1,29343,29346,88029,88030,88031,88034,88035,88036,176059,176060,176061,176062,176063,176066,176067,176068,176069,176070,1,-1,2,-2,1,3,1,-1,-3,-1,2,2,5,2,2,-2,-2,-5,-2,-2
0,1,29345,29348,88035,88036,88037,88040,88041,88042,176071,176072,176073,176074,176075,176078,176079,176080,176081,176082,1,-1,2,-2,1,3,1,-1,-3,-1,2,2,5,2,2,-2,-2,-5,-2,-2
0,1,29347,29350,88041,88042,88043,88046,88047,88048,176083,176084,176085,176086,176087,176090,176091,176092,176093,176094,1,-1,2,-2,1,3,1,-1,-3,-1,2,2,5,2,2,-2,-2,-5,-2,-2
0,1,29349,29352,88047,88048,88049,88052,88053,88054,176095,176096,176097,176098,176099,176102,176103,176104,176105,176106,1,-1,2,-2,1,3,1,-1,-3,-1,2,2,5,2,2,-2,-2,-5,-2,-2
0,1,29351,29354,88053,88054,88055,88058,88059,88060,176107,176108,176109,176110,176111,176114,176115,176116,176117,176118,1,-1,2,-2,1,3,1,-1,-3,-1,2,2,5,2,2,-2,-2,-5,-2,-2
0,1,29353,29356,88059,88060,88061,88064,88065,88066,176119,176120,176121,176122,176123,176126,176127,176128,176129,176130,1,-1,2,-2,1,3,1,-1,-3,-1,2,2,5,2,2,-2,-2,-5,-2,-2
0,1,29355,29358,88065,88066,88067,88070,88071,88072,176131,176132,176133,176134,176135,176138,176139,176140,176141,176142,1,-1,2,-2,1,3,1,-1,-3,-1,2,2,5,2,2,-2,-2,-5,-2,-2
0,1,29357,29360,88071,88072,88073,88076,88077,88078,176143,176144,176145,176146,176147,176150,176151,176152,176153,176154,1,-1,2,-2,1,3,1,-1,-3,-1,2,2,5,2,2,-2,-2,-5,-2,-2
0,1,29359,29362,88077,88078,88079,88082,88083,88084,176155,176156,176157,176158,176159,176162,176163,176164,176165,176166,1,-1,2,-2,1,3,1,-1,-3,-1,2,2,5,2,2,-2,-2,-5,-2,-2
0,1,29361,29364,88083,88084,88085,88088,88089,88090,176167,176168,176169,176170,176171,176174,176175,176176,176177,176178,1,-1,2,-2,1,3,1,-1,-3,-1,2,2,5,2,2,-2,-2,-5,-2,-2
0,1,29363,29366,88089,88090,88091,88094,88095,88096,176179,176180,176181,176182,176183,176186,176187,176188,176189,176190,1,-1,2,-2,1,3,1,-1,-3,-1,2,2,5,2,2,-2,-2,-5,-2,-2
0,1,29365,29368,88095,88096,88097,88100,88101,88102,176191,176192,176193,176194,176195,176198,176199,176200,176201,176202,1,-1,2,-2,1,3,1,-1,-3,-1,2,2,5,2,2,-2,-2,-5,-2,-2
0,1,29367,29370,88101,88102,88103,88106,88107,88108,176203,176204,176205,176206,176207,176210,176211,176212,176213,176214,1,-1,2,-2,1,3,1,-1,-3,-1,2,2,5,2,2,-2,-2,-5,-2,-2
0,1,29369,29372,88107,88108,88109,88112,88113,88114,176215,176216,176217,176218,176219,176222,176223,176224,176225,176226,1,-1,2,-2,1,3,1,-1,-3,-1,2,2,5,2,2,-2,-2,-5,-2,-2
0,1,29371,29374,88113,88114,88115,88118,88119,88120,176227,176228,176229,176230,176231,176234,176235,176236,176237,176238,1,-1,2,-2,1,3,1,-1,-3,-1,2,2,5,2,2,-2,-2,-5,-2,-2
0,1,29373,29376,88119,88120,88121,88124,88125,88126,176239,176240,176241,176242,176243,176246,176247,176248,176249,176250,1,-1,2,-2,1,3,1,-1,-3,-1,2,2,5,2,2,-2,-2,-5,-2,-2
0,1,29375,29378,88125,88126,88127,88130,88131,88132,176251,176252,176253,176254,176255,176258,176259,176260,176261,176262,1,-1,2,-2,1,3,1,-1,-3,-1,2,2,5,2,2,-2,-2,-5,-2,-2
0,1,29377,29380,88131,88132,88133,88136,88137,88138,176263,176264,176265,176266,176267,176270,176271,176272,176273,176274,1,-1,2,-2,1,3,1,-1,-3,-1,2,2,5,2,2,-2,-2,-5,-2,-2
0,1,29379,29382,88137,88138,88139,88142,88143,88144,176275,176276,176277,176278,176279,176282,176283,176284,176285,176286,1,-1,2,-2,1,3,1,-1,-3,-1,2,2,5,2,2,-2,-2,-5,-2,-2
0,1,29381,29384,88143,88144,88145,88148,88149,88150,176287,176288,176289,176290,176291,176294,176295,176296,176297,176298,1,-1,2,-2,1,3,1,-1,-3,-1,2,2,5,2,2,-2,-2,-5,-2,-2
0,1,29383,29386,88149,88150,88151,88154,88155,88156,176299,176300,176301,176302,176303,176306,176307,176308,176309,176310,1,-1,2,-2,1,3,1,-1,-3,-1,2,2,5,2,2,-2,-2,-5,-2,-2
0,1,29385,29388,88155,88156,88157,88160,88161,88162,176311,176312,176313,176314,176315,176318,176319,176320,176321,176322,1,-1,2,-2,1,3,1,-1,-3,-1,2,2,5,2,2,-2,-2,-5,-2,-2
0,1,29387,29390,88161,88162,88163,88166,88167,88168,176323,176324,176325,176326,176327,176330,176331,176332,176333,176334,1,-1,2,-2,1,3,1,-1,-3,-1,2,2,5,2,2,-2,-2,-5,-2,-2
0,1,29389,29392,88167,88168,88169,88172,88173,88174,176335,176336,176337,176338,176339,176342,176343,176344,176345,176346,1,-1,2,-2,1,3,1,-1,-3,-1,2,2,5,2,2,-2,-2,-5,-2,-2
0,1,29391,29394,88173,88174,88175,88178,88179,88180,176347,176348,176349,176350,176351,176354,176355,176356,176357,176358,1,-1,2,-2,1,3,1,-1,-3,-1,2,2,5,2,2,-2,-2,-5,-2,-2
0,1,29393,29396,88179,88180,88181,88184,88185,88186,176359,176360,176361,176362,176363,176366,176367,176368,176369,176370,1,-1,2,-2,1,3,1,-1,-3,-1,2,2,5,2,2,-2,-2,-5,-2,-2
0,1,29395,29398,88185,88186,88187,88190,88191,88192,176371,176372,176373,176374,176375,176378,176379,176380,176381,176382,1,-1,2,-2,1,3,1,-1,-3,-1,2,2,5,2,2,-2,-2,-5,-2,-2
0,1,29397,29400,88191,88192,88193,88196,88197,88198,176383,176384,176385,176386,176387,176390,176391,176392,176393,176394,1,-1,2,-2,1,3,1,-1,-3,-1,2,2,5,2,2,-2,-2,-5,-2,-2
0,1,29399,29402,88197,88198,88199,88202,88203,88204,176395,176396,176397,176398,176399,176402,176403,176404,176405,176406,1,-1,2,-2,1,3,1,-1,-3,-1,2,2,5,2,2,-2,-2,-5,-2,-2
0,1,29401,29404,88203,88204,88205,88208,88209,88210,176407,176408,176409,176410,176411,176414,176415,176416,176417,176418,1,-1,2,-2,1,3,1,-1,-3,-1,2,2,5,2,2,-2,-2,-5,-2,-2
0,1,29403,29406,88209,88210,88211,88214,88215,88216,176419,176420,176421,176422,176423,176426,176427,176428,176429,176430,1,-1,2,-2,1,3,1,-1,-3,-1,2,2,5,2,2,-2,-2,-5,-2,-2
0,1,29405,29408,88215,88216,88217,88220,88221,88222,176431,176432,176433,176434,176435,176438,176439,176440,176441,176442,1,-1,2,-2,1,3,1,-1,-3,-1,2,2,5,2,2,-2,-2,-5,-2,-2
0,1,29407,29410,88221,88222,88223,88226,88227,88228,176443,176444,176445,176446,176447,176450,176451,176452,176453,176454,1,-1,2,-2,1,3,1,-1,-3,-1,2,2,5,2,2,-2,-2,-5,-2,-2
0,1,29409,29412,88227,88228,88229,88232,88233,88234,176455,176456,176457,176458,176459,176462,176463,176464,176465,176466,1,-1,2,-2,1,3,1,-1,-3,-1,2,2,5,2,2,-2,-2,-5,-2,-2
0,1,29411,29414,88233,88234,88235,88238,88239,88240,176467,176468,176469,176470,176471,176474,176475,176476,176477,176478,1,-1,2,-2,1,3,1,-1,-3,-1,2,2,5,2,2,-2,-2,-5,-2,-2
0,1,29413,29416,88239,88240,88241,88244,88245,88246,176479,176480,176481,176482,176483,176486,176487,176488,176489,176490,1,-1,2,-2,1,3,1,-1,-3,-1,2,2,5,2,2,-2,-2,-5,-2,-2
0,1,29415,29418,88245,88246,88247,88250,88251,88252,176491,176492,176493,176494,176495,176498,176499,176500,176501,176502,1,-1,2,-2,1,3,1,-1,-3,-1,2,2,5,2,2,-2,-2,-5,-2,-2
0,1,29417,29420,88251,88252,88253,88256,88257,88258,176503,176504,176505,176506,176507,176510,176511,176512,176513,176514,1,-1,2,-2,1,3,1,-1,-3,-1,2,2,5,2,2,-2,-2,-5,-2,-2
0,1,29419,29422,88257,88258,88259,88262,88263,88264,176515,176516,176517,176518,176519,176522,176523,176524,176525,176526,1,-1,2,-2,1,3,1,-1,-3,-1,2,2,5,2,2,-2,-2,-5,-2,-2
0,1,29421,29424,88263,88264,88265,88268,88269,88270,176527,176528,176529,176530,176531,176534,176535,176536,176537,176538,1,-1,2,-2,1,3,1,-1,-3,-1,2,2,5,2,2,-2,-2,-5,-2,-2
0,1,29423,29426,88269,88270,88271,88274,88275,88276,176539,176540,176541,176542,176543,176546,176547,176548,176549,176550,1,-1,2,-2,1,3,1,-1,-3,-1,2,2,5,2,2,-2,-2,-5,-2,-2
0,1,29425,29428,88275,88276,88277,88280,88281,88282,176551,176552,176553,176554,176555,176558,176559,176560,176561,176562,1,-1,2,-2,1,3,1,-1,-3,-1,2,2,5,2,2,-2,-2,-5,-2,-2
0,1,29427,29430,88281,88282,88283,88286,88287,88288,176563,176564,176565,176566,176567,176570,176571,176572,176573,176574,1,-1,2,-2,1,3,1,-1,-3,-1,2,2,5,2,2,-2,-2,-5,-2,-2
0,1,29429,29432,88287,88288,88289,88292,88293,88294,176575,176576,176577,176578,176579,176582,176583,176584,176585,176586,1,-1,2,-2,1,3,1,-1,-3,-1,2,2,5,2,2,-2,-2,-5,-2,-2
0,1,29431,29434,88293,88294,88295,88298,88299,88300,176587,176588,176589,176590,176591,176594,176595,176596,176597,176598,1,-1,2,-2,1,3,1,-1,-3,-1,2,2,5,2,2,-2,-2,-5,-2,-2
0,1,29433,29436,88299,88300,88301,88304,88305,88306,176599,176600,176601,176602,176603,176606,176607,176608,176609,176610,1,-1,2,-2,1,3,1,-1,-3,-1,2,2,5,2,2,-2,-2,-5,-2,-2
0,1,29435,29438,88305,88306,88307,88310,88311,88312,176611,176612,176613,176614,176615,176618,176619,176620,176621,176622,1,-1,2,-2,1,3,1,-1,-3,-1,2,2,5,2,2,-2,-2,-5,-2,-2
0,1,29437,29440,88311,88312,88313,88316,88317,88318,176623,176624,176625,176626,176627,176630,176631,176632,176633,176634,1,-1,2,-2,1,3,1,-1,-3,-1,2,2,5,2,2,-2,-2,-5,-2,-2
0,1,29439,29442,88317,88318,88319,88322,88323,88324,176635,176636,176637,176638,176639,176642,176643,176644,176645,176646,1,-1,2,-2,1,3,1,-1,-3,-1,2,2,5,2,2,-2,-2,-5,-2,-2
0,1,29441,29444,88323,88324,88325,88328,88329,88330,176647,176648,176649,176650,176651,176654,176655,176656,176657,176658,1,-1,2,-2,1,3,1,-1,-3,-1,2,2,5,2,2,-2,-2,-5,-2,-2
0,1,29443,29446,88329,88330,88331,88334,88335,88336,176659,176660,176661,176662,176663,176666,176667,176668,176669,176670,1,-1,2,-2,1,3,1,-1,-3,-1,2,2,5,2,2,-2,-2,-5,-2,-2
0,1,29445,29448,88335,88336,88337,88340,88341,88342,176671,176672,176673,176674,176675,176678,176679,176680,176681,176682,1,-1,2,-2,1,3,1,-1,-3,-1,2,2,5,2,2,-2,-2,-5,-2,-2
0,1,29447,29450,88341,88342,88343,88346,88347,88348,176683,176684,176685,176686,176687,176690,176691,176692,176693,176694,1,-1,2,-2,1,3,1,-1,-3,-1,2,2,5,2,2,-2,-2,-5,-2,-2
0,1,29449,29452,88347,88348,88349,88352,88353,88354,176695,176696,176697,176698,176699,176702,176703,176704,176705,176706,1,-1,2,-2,1,3,1,-1,-3,-1,2,2,5,2,2,-2,-2,-5,-2,-2
0,1,29451,29454,88353,88354,88355,88358,88359,88360,176707,176708,176709,176710,176711,176714,176715,176716,176717,176718,1,-1,2,-2,1,3,1,-1,-3,-1,2,2,5,2,2,-2,-2,-5,-2,-2
0,1,29453,29456,88359,88360,88361,88364,88365,88366,176719,176720,176721,176722,176723,176726,176727,176728,176729,176730,1,-1,2,-2,1,3,1,-1,-3,-1,2,2,5,2,2,-2,-2,-5,-2,-2
0,1,29455,29458,88365,88366,88367,88370,88371,88372,176731,176732,176733,176734,176735,176738,176739,176740,176741,176742,1,-1,2,-2,1,3,1,-1,-3,-1,2,2,5,2,2,-2,-2,-5,-2,-2
0,1,29457,29460,88371,88372,88373,88376,88377,88378,176743,176744,176745,176746,176747,176750,176751,176752,176753,176754,1,-1,2,-2,1,3,1,-1,-3,-1,2,2,5,2,2,-2,-2,-5,-2,-2
0,1,29459,29462,88377,88378,88379,88382,88383,88384,176755,176756,176757,176758,176759,176762,176763,176764,176765,176766,1,-1,2,-2,1,3,1,-1,-3,-1,2,2,5,2,2,-2,-2,-5,-2,-2
0,1,29461,29464,88383,88384,88385,88388,88389,88390,176767,176768,176769,176770,176771,176774,176775,176776,176777,176778,1,-1,2,-2,1,3,1,-1,-3,-1,2,2,5,2,2,-2,-2,-5,-2,-2
0,1,29463,29466,88389,88390,88391,88394,88395,88396,176779,176780,176781,176782,176783,176786,176787,176788,176789,176790,1,-1,2,-2,1,3,1,-1,-3,-1,2,2,5,2,2,-2,-2,-5,-2,-2
0,1,29465,29468,88395,88396,88397,88400,88401,88402,176791,176792,176793,176794,176795,176798,176799,176800,176801,176802,1,-1,2,-2,1,3,1,-1,-3,-1,2,2,5,2,2,-2,-2,-5,-2,-2
0,1,29467,29470,88401,88402,88403,88406,88407,88408,176803,176804,176805,176806,176807,176810,176811,176812,176813,176814,1,-1,2,-2,1,3,1,-1,-3,-1,2,2,5,2,2,-2,-2,-5,-2,-2
0,1,29469,29472,88407,88408,88409,88412,88413,88414,176815,176816,176817,176818,176819,176822,176823,176824,176825,176826,1,-1,2,-2,1,3,1,-1,-3,-1,2,2,5,2,2,-2,-2,-5,-2,-2
0,1,29471,29474,88413,88414,88415,88418,88419,88420,176827,176828,176829,176830,176831,176834,176835,176836,176837,176838,1,-1,2,-2,1,3,1,-1,-3,-1,2,2,5,2,2,-2,-2,-5,-2,-2
0,1,29473,29476,88419,88420,88421,88424,88425,88426,176839,176840,176841,176842,176843,176846,176847,176848,176849,176850,1,-1,2,-2,1,3,1,-1,-3,-1,2,2,5,2,2,-2,-2,-5,-2,-2
0,1,29475,29478,88425,88426,88427,88430,88431,88432,176851,176852,176853,176854,176855,176858,176859,176860,176861,176862,1,-1,2,-2,1,3,1,-1,-3,-1,2,2,5,2,2,-2,-2,-5,-2,-2
0,1,29477,29480,88431,88432,88433,88436,88437,88438,176863,176864,176865,176866,176867,176870,176871,176872,176873,176874,1,-1,2,-2,1,3,1,-1,-3,-1,2,2,5,2,2,-2,-2,-5,-2,-2
0,1,29479,29482,88437,88438,88439,88442,88443,88444,176875,176876,176877,176878,176879,176882,176883,176884,176885,176886,1,-1,2,-2,1,3,1,-1,-3,-1,2,2,5,2,2,-2,-2,-5,-2,-2
0,1,29481,29484,88443,88444,88445,88448,88449,88450,176887,176888,176889,176890,176891,176894,176895,176896,176897,176898,1,-1,2,-2,1,3,1,-1,-3,-1,2,2,5,2,2,-2,-2,-5,-2,-2
0,1,29483,29486,88449,88450,88451,88454,88455,88456,176899,176900,176901,176902,176903,176906,176907,176908,176909,176910,1,-1,2,-2,1,3,1,-1,-3,-1,2,2,5,2,2,-2,-2,-5,-2,-2
0,1,29485,29488,88455,88456,88457,88460,88461,88462,176911,176912,176913,176914,176915,176918,176919,176920,176921,176922,1,-1,2,-2,1,3,1,-1,-3,-1,2,2,5,2,2,-2,-2,-5,-2,-2
0,1,29487,29490,88461,88462,88463,88466,88467,88468,176923,176924,176925,176926,176927,176930,176931,176932,176933,176934,1,-1,2,-2,1,3,1,-1,-3,-1,2,2,5,2,2,-2,-2,-5,-2,-2
0,1,29489,29492,88467,88468,88469,88472,88473,88474,176935,176936,176937,176938,176939,176942,176943,176944,176945,176946,1,-1,2,-2,1,3,1,-1,-3,-1,2,2,5,2,2,-2,-2,-5,-2,-2
0,1,29491,29494,88473,88474,88475,88478,88479,88480,176947,176948,176949,176950,176951,176954,176955,176956,176957,176958,1,-1,2,-2,1,3,1,-1,-3,-1,2,2,5,2,2,-2,-2,-5,-2,-2
0,1,29493,29496,88479,88480,88481,88484,88485,88486,176959,176960,176961,176962,176963,176966,176967,176968,176969,176970,1,-1,2,-2,1,3,1,-1,-3,-1,2,2,5,2,2,-2,-2,-5,-2,-2
0,1,29495,29498,88485,88486,88487,88490,88491,88492,176971,176972,176973,176974,176975,176978,176979,176980,176981,176982,1,-1,2,-2,1,3,1,-1,-3,-1,2,2,5,2,2,-2,-2,-5,-2,-2
0,1,29497,29500,88491,88492,88493,88496,88497,88498,176983,176984,176985,176986,176987,176990,176991,176992,176993,176994,1,-1,2,-2,1,3,1,-1,-3,-1,2,2,5,2,2,-2,-2,-5,-2,-2
0,1,29499,29502,88497,88498,88499,88502,88503,88504,176995,176996,176997,176998,176999,177002,177003,177004,177005,177006,1,-1,2,-2,1,3,1,-1,-3,-1,2,2,5,2,2,-2,-2,-5,-2,-2
0,1,29501,29504,88503,88504,88505,88508,88509,88510,177007,177008,177009,177010,177011,177014,177015,177016,177017,177018,1,-1,2,-2,1,3,1,-1,-3,-1,2,2,5,2,2,-2,-2,-5,-2,-2
0,1,29503,29506,88509,88510,88511,88514,88515,88516,177019,177020,177021,177022,177023,177026,177027,177028,177029,177030,1,-1,2,-2,1,3,1,-1,-3,-1,2,2,5,2,2,-2,-2,-5,-2,-2
0,1,29505,29508,88515,88516,88517,88520,88521,88522,177031,177032,177033,177034,177035,177038,177039,177040,177041,177042,1,-1,2,-2,1,3,1,-1,-3,-1,2,2,5,2,2,-2,-2,-5,-2,-2
0,1,29507,29510,88521,88522,88523,88526,88527,88528,177043,177044,177045,177046,177047,177050,177051,177052,177053,177054,1,-1,2,-2,1,3,1,-1,-3,-1,2,2,5,2,2,-2,-2,-5,-2,-2
0,1,29509,29512,88527,88528,88529,88532,88533,88534,177055,177056,177057,177058,177059,177062,177063,177064,177065,177066,1,-1,2,-2,1,3,1,-1,-3,-1,2,2,5,2,2,-2,-2,-5,-2,-2
0,1,29511,29514,88533,88534,88535,88538,88539,88540,177067,177068,177069,177070,177071,177074,177075,177076,177077,177078,1,-1,2,-2,1,3,1,-1,-3,-1,2,2,5,2,2,-2,-2,-5,-2,-2
0,1,29513,29516,88539,88540,88541,88544,88545,88546,177079,177080,177081,177082,177083,177086,177087,177088,177089,177090,1,-1,2,-2,1,3,1,-1,-3,-1,2,2,5,2,2,-2,-2,-5,-2,-2
0,1,29515,29518,88545,88546,88547,88550,88551,88552,177091,177092,177093,177094,177095,177098,177099,177100,177101,177102,1,-1,2,-2,1,3,1,-1,-3,-1,2,2,5,2,2,-2,-2,-5,-2,-2
0,1,29517,29520,88551,88552,88553,88556,88557,88558,177103,177104,177105,177106,177107,177110,177111,177112,177113,177114,1,-1,2,-2,1,3,1,-1,-3,-1,2,2,5,2,2,-2,-2,-5,-2,-2
0,1,29519,29522,88557,88558,88559,88562,88563,88564,177115,177116,177117,177118,177119,177122,177123,177124,177125,177126,1,-1,2,-2,1,3,1,-1,-3,-1,2,2,5,2,2,-2,-2,-5,-2,-2
0,1,29521,29524,88563,88564,88565,88568,88569,88570,177127,177128,177129,177130,177131,177134,177135,177136,177137,177138,1,-1,2,-2,1,3,1,-1,-3,-1,2,2,5,2,2,-2,-2,-5,-2,-2
0,1,29523,29526,88569,88570,88571,88574,88575,88576,177139,177140,177141,177142,177143,177146,177147,177148,177149,177150,1,-1,2,-2,1,3,1,-1,-3,-1,2,2,5,2,2,-2,-2,-5,-2,-2
0,1,29525,29528,88575,88576,88577,88580,88581,88582,177151,177152,177153,177154,177155,177158,177159,177160,177161,177162,1,-1,2,-2,1,3,1,-1,-3,-1,2,2,5,2,2,-2,-2,-5,-2,-2
0,1,29527,29530,88581,88582,88583,88586,88587,88588,177163,177164,177165,177166,177167,177170,177171,177172,177173,177174,1,-1,2,-2,1,3,1,-1,-3,-1,2,2,5,2,2,-2,-2,-5,-2,-2
0,1,29529,29532,88587,88588,88589,88592,88593,88594,177175,177176,177177,177178,177179,177182,177183,177184,177185,177186,1,-1,2,-2,1,3,1,-1,-3,-1,2,2,5,2,2,-2,-2,-5,-2,-2
0,1,29531,29534,88593,88594,88595,88598,88599,88600,177187,177188,177189,177190,177191,177194,177195,177196,177197,177198,1,-1,2,-2,1,3,1,-1,-3,-1,2,2,5,2,2,-2,-2,-5,-2,-2
0,1,29533,29536,88599,88600,88601,88604,88605,88606,177199,177200,177201,177202,177203,177206,177207,177208,177209,177210,1,-1,2,-2,1,3,1,-1,-3,-1,2,2,5,2,2,-2,-2,-5,-2,-2
0,1,29535,29538,88605,88606,88607,88610,88611,88612,177211,177212,177213,177214,177215,177218,177219,177220,177221,177222,1,-1,2,-2,1,3,1,-1,-3,-1,2,2,5,2,2,-2,-2,-5,-2,-2
0,1,29537,29540,88611,88612,88613,88616,88617,88618,177223,177224,177225,177226,177227,177230,177231,177232,177233,177234,1,-1,2,-2,1,3,1,-1,-3,-1,2,2,5,2,2,-2,-2,-5,-2,-2
0,1,29539,29542,88617,88618,88619,88622,88623,88624,177235,177236,177237,177238,177239,177242,177243,177244,177245,177246,1,-1,2,-2,1,3,1,-1,-3,-1,2,2,5,2,2,-2,-2,-5,-2,-2
0,1,29541,29544,88623,88624,88625,88628,88629,88630,177247,177248,177249,177250,177251,177254,177255,177256,177257,177258,1,-1,2,-2,1,3,1,-1,-3,-1,2,2,5,2,2,-2,-2,-5,-2,-2
0,1,29543,29546,88629,88630,88631,88634,88635,88636,177259,177260,177261,177262,177263,177266,177267,177268,177269,177270,1,-1,2,-2,1,3,1,-1,-3,-1,2,2,5,2,2,-2,-2,-5,-2,-2
0,1,29545,29548,88635,88636,88637,88640,88641,88642,177271,177272,177273,177274,177275,177278,177279,177280,177281,177282,1,-1,2,-2,1,3,1,-1,-3,-1,2,2,5,2,2,-2,-2,-5,-2,-2
0,1,29547,29550,88641,88642,88643,88646,88647,88648,177283,177284,177285,177286,177287,177290,177291,177292,177293,177294,1,-1,2,-2,1,3,1,-1,-3,-1,2,2,5,2,2,-2,-2,-5,-2,-2
0,1,29549,29552,88647,88648,88649,88652,88653,88654,177295,177296,177297,177298,177299,177302,177303,177304,177305,177306,1,-1,2,-2,1,3,1,-1,-3,-1,2,2,5,2,2,-2,-2,-5,-2,-2
0,1,29551,29554,88653,88654,88655,88658,88659,88660,177307,177308,177309,177310,177311,177314,177315,177316,177317,177318,1,-1,2,-2,1,3,1,-1,-3,-1,2,2,5,2,2,-2,-2,-5,-2,-2
0,1,29553,29556,88659,88660,88661,88664,88665,88666,177319,177320,177321,177322,177323,177326,177327,177328,177329,177330,1,-1,2,-2,1,3,1,-1,-3,-1,2,2,5,2,2,-2,-2,-5,-2,-2
0,1,29555,29558,88665,88666,88667,88670,88671,88672,177331,177332,177333,177334,177335,177338,177339,177340,177341,177342,1,-1,2,-2,1,3,1,-1,-3,-1,2,2,5,2,2,-2,-2,-5,-2,-2
0,1,29557,29560,88671,88672,88673,88676,88677,88678,177343,177344,177345,177346,177347,177350,177351,177352,177353,177354,1,-1,2,-2,1,3,1,-1,-3,-1,2,2,5,2,2,-2,-2,-5,-2,-2
0,1,29559,29562,88677,88678,88679,88682,88683,88684,177355,177356,177357,177358,177359,177362,177363,177364,177365,177366,1,-1,2,-2,1,3,1,-1,-3,-1,2,2,5,2,2,-2,-2,-5,-2,-2
0,1,29561,29564,88683,88684,88685,88688,88689,88690,177367,177368,177369,177370,177371,177374,177375,177376,177377,177378,1,-1,2,-2,1,3,1,-1,-3,-1,2,2,5,2,2,-2,-2,-5,-2,-2
0,1,29563,29566,88689,88690,88691,88694,88695,88696,177379,177380,177381,177382,177383,177386,177387,177388,177389,177390,1,-1,2,-2,1,3,1,-1,-3,-1,2,2,5,2,2,-2,-2,-5,-2,-2
0,1,29565,29568,88695,88696,88697,88700,88701,88702,177391,177392,177393,177394,177395,177398,177399,177400,177401,177402,1,-1,2,-2,1,3,1,-1,-3,-1,2,2,5,2,2,-2,-2,-5,-2,-2
0,1,29567,29570,88701,88702,88703,88706,88707,88708,177403,177404,177405,177406,177407,177410,177411,177412,177413,177414,1,-1,2,-2,1,3,1,-1,-3,-1,2,2,5,2,2,-2,-2,-5,-2,-2
0,1,29569,29572,88707,88708,88709,88712,88713,88714,177415,177416,177417,177418,177419,177422,177423,177424,177425,177426,1,-1,2,-2,1,3,1,-1,-3,-1,2,2,5,2,2,-2,-2,-5,-2,-2
0,1,29571,29574,88713,88714,88715,88718,88719,88720,177427,177428,177429,177430,177431,177434,177435,177436,177437,177438,1,-1,2,-2,1,3,1,-1,-3,-1,2,2,5,2,2,-2,-2,-5,-2,-2
0,1,29573,29576,88719,88720,88721,88724,88725,88726,177439,177440,177441,177442,177443,177446,177447,177448,177449,177450,1,-1,2,-2,1,3,1,-1,-3,-1,2,2,5,2,2,-2,-2,-5,-2,-2
0,1,29575,29578,88725,88726,88727,88730,88731,88732,177451,177452,177453,177454,177455,177458,177459,177460,177461,177462,1,-1,2,-2,1,3,1,-1,-3,-1,2,2,5,2,2,-2,-2,-5,-2,-2
0,1,29577,29580,88731,88732,88733,88736,88737,88738,177463,177464,177465,177466,177467,177470,177471,177472,177473,177474,1,-1,2,-2,1,3,1,-1,-3,-1,2,2,5,2,2,-2,-2,-5,-2,-2
0,1,29579,29582,88737,88738,88739,88742,88743,88744,177475,177476,177477,177478,177479,177482,177483,177484,177485,177486,1,-1,2,-2,1,3,1,-1,-3,-1,2,2,5,2,2,-2,-2,-5,-2,-2
0,1,29581,29584,88743,88744,88745,88748,88749,88750,177487,177488,177489,177490,177491,177494,177495,177496,177497,177498,1,-1,2,-2,1,3,1,-1,-3,-1,2,2,5,2,2,-2,-2,-5,-2,-2
0,1,29583,29586,88749,88750,88751,88754,88755,88756,177499,177500,177501,177502,177503,177506,177507,177508,177509,177510,1,-1,2,-2,1,3,1,-1,-3,-1,2,2,5,2,2,-2,-2,-5,-2,-2
0,1,29585,29588,88755,88756,88757,88760,88761,88762,177511,177512,177513,177514,177515,177518,177519,177520,177521,177522,1,-1,2,-2,1,3,1,-1,-3,-1,2,2,5,2,2,-2,-2,-5,-2,-2
0,1,29587,29590,88761,88762,88763,88766,88767,88768,177523,177524,177525,177526,177527,177530,177531,177532,177533,177534,1,-1,2,-2,1,3,1,-1,-3,-1,2,2,5,2,2,-2,-2,-5,-2,-2
0,1,29589,29592,88767,88768,88769,88772,88773,88774,177535,177536,177537,177538,177539,177542,177543,177544,177545,177546,1,-1,2,-2,1,3,1,-1,-3,-1,2,2,5,2,2,-2,-2,-5,-2,-2
0,1,29591,29594,88773,88774,88775,88778,88779,88780,177547,177548,177549,177550,177551,177554,177555,177556,177557,177558,1,-1,2,-2,1,3,1,-1,-3,-1,2,2,5,2,2,-2,-2,-5,-2,-2
0,1,29593,29596,88779,88780,88781,88784,88785,88786,177559,177560,177561,177562,177563,177566,177567,177568,177569,177570,1,-1,2,-2,1,3,1,-1,-3,-1,2,2,5,2,2,-2,-2,-5,-2,-2
0,1,29595,29598,88785,88786,88787,88790,88791,88792,177571,177572,177573,177574,177575,177578,177579,177580,177581,177582,1,-1,2,-2,1,3,1,-1,-3,-1,2,2,5,2,2,-2,-2,-5,-2,-2
0,1,29597,29600,88791,88792,88793,88796,88797,88798,177583,177584,177585,177586,177587,177590,177591,177592,177593,177594,1,-1,2,-2,1,3,1,-1,-3,-1,2,2,5,2,2,-2,-2,-5,-2,-2
0,1,29599,29602,88797,88798,88799,88802,88803,88804,177595,177596,177597,177598,177599,177602,177603,177604,177605,177606,1,-1,2,-2,1,3,1,-1,-3,-1,2,2,5,2,2,-2,-2,-5,-2,-2
0,1,29601,29604,88803,88804,88805,88808,88809,88810,177607,177608,177609,177610,177611,177614,177615,177616,177617,177618,1,-1,2,-2,1,3,1,-1,-3,-1,2,2,5,2,2,-2,-2,-5,-2,-2
0,1,29603,29606,88809,88810,88811,88814,88815,88816,177619,177620,177621,177622,177623,177626,177627,177628,177629,177630,1,-1,2,-2,1,3,1,-1,-3,-1,2,2,5,2,2,-2,-2,-5,-2,-2
0,1,29605,29608,88815,88816,88817,88820,88821,88822,177631,177632,177633,177634,177635,177638,177639,177640,177641,177642,1,-1,2,-2,1,3,1,-1,-3,-1,2,2,5,2,2,-2,-2,-5,-2,-2
0,1,29607,29610,88821,88822,88823,88826,88827,88828,177643,177644,177645,177646,177647,177650,177651,177652,177653,177654,1,-1,2,-2,1,3,1,-1,-3,-1,2,2,5,2,2,-2,-2,-5,-2,-2
0,1,29609,29612,88827,88828,88829,88832,88833,88834,177655,177656,177657,177658,177659,177662,177663,177664,177665,177666,1,-1,2,-2,1,3,1,-1,-3,-1,2,2,5,2,2,-2,-2,-5,-2,-2
0,1,29611,29614,88833,88834,88835,88838,88839,88840,177667,177668,177669,177670,177671,177674,177675,177676,177677,177678,1,-1,2,-2,1,3,1,-1,-3,-1,2,2,5,2,2,-2,-2,-5,-2,-2
0,1,29613,29616,88839,88840,88841,88844,88845,88846,177679,177680,177681,177682,177683,177686,177687,177688,177689,177690,1,-1,2,-2,1,3,1,-1,-3,-1,2,2,5,2,2,-2,-2,-5,-2,-2
0,1,29615,29618,88845,88846,88847,88850,88851,88852,177691,177692,177693,177694,177695,177698,177699,177700,177701,177702,1,-1,2,-2,1,3,1,-1,-3,-1,2,2,5,2,2,-2,-2,-5,-2,-2
0,1,29617,29620,88851,88852,88853,88856,88857,88858,177703,177704,177705,177706,177707,177710,177711,177712,177713,177714,1,-1,2,-2,1,3,1,-1,-3,-1,2,2,5,2,2,-2,-2,-5,-2,-2
0,1,29619,29622,88857,88858,88859,88862,88863,88864,177715,177716,177717,177718,177719,177722,177723,177724,177725,177726,1,-1,2,-2,1,3,1,-1,-3,-1,2,2,5,2,2,-2,-2,-5,-2,-2
0,1,29621,29624,88863,88864,88865,88868,88869,88870,177727,177728,177729,177730,177731,177734,177735,177736,177737,177738,1,-1,2,-2,1,3,1,-1,-3,-1,2,2,5,2,2,-2,-2,-5,-2,-2
0,1,29623,29626,88869,88870,88871,88874,88875,88876,177739,177740,177741,177742,177743,177746,177747,177748,177749,177750,1,-1,2,-2,1,3,1,-1,-3,-1,2,2,5,2,2,-2,-2,-5,-2,-2
0,1,29625,29628,88875,88876,88877,88880,88881,88882,177751,177752,177753,177754,177755,177758,177759,177760,177761,177762,1,-1,2,-2,1,3,1,-1,-3,-1,2,2,5,2,2,-2,-2,-5,-2,-2
0,1,29627,29630,88881,88882,88883,88886,88887,88888,177763,177764,177765,177766,177767,177770,177771,177772,177773,177774,1,-1,2,-2,1,3,1,-1,-3,-1,2,2,5,2,2,-2,-2,-5,-2,-2
0,1,29629,29632,88887,88888,88889,88892,88893,88894,177775,177776,177777,177778,177779,177782,177783,177784,177785,177786,1,-1,2,-2,1,3,1,-1,-3,-1,2,2,5,2,2,-2,-2,-5,-2,-2
0,1,29631,29634,88893,88894,88895,88898,88899,88900,177787,177788,177789,177790,177791,177794,177795,177796,177797,177798,1,-1,2,-2,1,3,1,-1,-3,-1,2,2,5,2,2,-2,-2,-5,-2,-2
0,1,29633,29636,88899,88900,88901,88904,88905,88906,177799,177800,177801,177802,177803,177806,177807,177808,177809,177810,1,-1,2,-2,1,3,1,-1,-3,-1,2,2,5,2,2,-2,-2,-5,-2,-2
0,1,29635,29638,88905,88906,88907,88910,88911,88912,177811,177812,177813,177814,177815,177818,177819,177820,177821,177822,1,-1,2,-2,1,3,1,-1,-3,-1,2,2,5,2,2,-2,-2,-5,-2,-2
0,1,29637,29640,88911,88912,88913,88916,88917,88918,177823,177824,177825,177826,177827,177830,177831,177832,177833,177834,1,-1,2,-2,1,3,1,-1,-3,-1,2,2,5,2,2,-2,-2,-5,-2,-2
0,1,29639,29642,88917,88918,88919,88922,88923,88924,177835,177836,177837,177838,177839,177842,177843,177844,177845,177846,1,-1,2,-2,1,3,1,-1,-3,-1,2,2,5,2,2,-2,-2,-5,-2,-2
0,1,29641,29644,88923,88924,88925,88928,88929,88930,177847,177848,177849,177850,177851,177854,177855,177856,177857,177858,1,-1,2,-2,1,3,1,-1,-3,-1,2,2,5,2,2,-2,-2,-5,-2,-2
0,1,29643,29646,88929,88930,88931,88934,88935,88936,177859,177860,177861,177862,177863,177866,177867,177868,177869,177870,1,-1,2,-2,1,3,1,-1,-3,-1,2,2,5,2,2,-2,-2,-5,-2,-2
0,1,29645,29648,88935,88936,88937,88940,88941,88942,177871,177872,177873,177874,177875,177878,177879,177880,177881,177882,1,-1,2,-2,1,3,1,-1,-3,-1,2,2,5,2,2,-2,-2,-5,-2,-2
0,1,29647,29650,88941,88942,88943,88946,88947,88948,177883,177884,177885,177886,177887,177890,177891,177892,177893,177894,1,-1,2,-2,1,3,1,-1,-3,-1,2,2,5,2,2,-2,-2,-5,-2,-2
0,1,29649,29652,88947,88948,88949,88952,88953,88954,177895,177896,177897,177898,177899,177902,177903,177904,177905,177906,1,-1,2,-2,1,3,1,-1,-3,-1,2,2,5,2,2,-2,-2,-5,-2,-2
0,1,29651,29654,88953,88954,88955,88958,88959,88960,177907,177908,177909,177910,177911,177914,177915,177916,177917,177918,1,-1,2,-2,1,3,1,-1,-3,-1,2,2,5,2,2,-2,-2,-5,-2,-2
0,1,29653,29656,88959,88960,88961,88964,88965,88966,177919,177920,177921,177922,177923,177926,177927,177928,177929,177930,1,-1,2,-2,1,3,1,-1,-3,-1,2,2,5,2,2,-2,-2,-5,-2,-2
0,1,29655,29658,88965,88966,88967,88970,88971,88972,177931,177932,177933,177934,177935,177938,177939,177940,177941,177942,1,-1,2,-2,1,3,1,-1,-3,-1,2,2,5,2,2,-2,-2,-5,-2,-2
0,1,29657,29660,88971,88972,88973,88976,88977,88978,177943,177944,177945,177946,177947,177950,177951,177952,177953,177954,1,-1,2,-2,1,3,1,-1,-3,-1,2,2,5,2,2,-2,-2,-5,-2,-2
0,1,29659,29662,88977,88978,88979,88982,88983,88984,177955,177956,177957,177958,177959,177962,177963,177964,177965,177966,1,-1,2,-2,1,3,1,-1,-3,-1,2,2,5,2,2,-2,-2,-5,-2,-2
0,1,29661,29664,88983,88984,88985,88988,88989,88990,177967,177968,177969,177970,177971,177974,177975,177976,177977,177978,1,-1,2,-2,1,3,1,-1,-3,-1,2,2,5,2,2,-2,-2,-5,-2,-2
0,1,29663,29666,88989,88990,88991,88994,88995,88996,177979,177980,177981,177982,177983,177986,177987,177988,177989,177990,1,-1,2,-2,1,3,1,-1,-3,-1,2,2,5,2,2,-2,-2,-5,-2,-2
0,1,29665,29668,88995,88996,88997,89000,89001,89002,177991,177992,177993,177994,177995,177998,177999,178000,178001,178002,1,-1,2,-2,1,3,1,-1,-3,-1,2,2,5,2,2,-2,-2,-5,-2,-2
0,1,29667,29670,89001,89002,89003,89006,89007,89008,178003,178004,178005,178006,178007,178010,178011,178012,178013,178014,1,-1,2,-2,1,3,1,-1,-3,-1,2,2,5,2,2,-2,-2,-5,-2,-2
0,1,29669,29672,89007,89008,89009,89012,89013,89014,178015,178016,178017,178018,178019,178022,178023,178024,178025,178026,1,-1,2,-2,1,3,1,-1,-3,-1,2,2,5,2,2,-2,-2,-5,-2,-2
0,1,29671,29674,89013,89014,89015,89018,89019,89020,178027,178028,178029,178030,178031,178034,178035,178036,178037,178038,1,-1,2,-2,1,3,1,-1,-3,-1,2,2,5,2,2,-2,-2,-5,-2,-2
0,1,29673,29676,89019,89020,89021,89024,89025,89026,178039,178040,178041,178042,178043,178046,178047,178048,178049,178050,1,-1,2,-2,1,3,1,-1,-3,-1,2,2,5,2,2,-2,-2,-5,-2,-2
0,1,29675,29678,89025,89026,89027,89030,89031,89032,178051,178052,178053,178054,178055,178058,178059,178060,178061,178062,1,-1,2,-2,1,3,1,-1,-3,-1,2,2,5,2,2,-2,-2,-5,-2,-2
0,1,29677,29680,89031,89032,89033,89036,89037,89038,178063,178064,178065,178066,178067,178070,178071,178072,178073,178074,1,-1,2,-2,1,3,1,-1,-3,-1,2,2,5,2,2,-2,-2,-5,-2,-2
0,1,29679,29682,89037,89038,89039,89042,89043,89044,178075,178076,178077,178078,178079,178082,178083,178084,178085,178086,1,-1,2,-2,1,3,1,-1,-3,-1,2,2,5,2,2,-2,-2,-5,-2,-2
0,1,29681,29684,89043,89044,89045,89048,89049,89050,178087,178088,178089,178090,178091,178094,178095,178096,178097,178098,1,-1,2,-2,1,3,1,-1,-3,-1,2,2,5,2,2,-2,-2,-5,-2,-2
0,1,29683,29686,89049,89050,89051,89054,89055,89056,178099,178100,178101,178102,178103,178106,178107,178108,178109,178110,1,-1,2,-2,1,3,1,-1,-3,-1,2,2,5,2,2,-2,-2,-5,-2,-2
0,1,29685,29688,89055,89056,89057,89060,89061,89062,178111,178112,178113,178114,178115,178118,178119,178120,178121,178122,1,-1,2,-2,1,3,1,-1,-3,-1,2,2,5,2,2,-2,-2,-5,-2,-2
0,1,29687,29690,89061,89062,89063,89066,89067,89068,178123,178124,178125,178126,178127,178130,178131,178132,178133,178134,1,-1,2,-2,1,3,1,-1,-3,-1,2,2,5,2,2,-2,-2,-5,-2,-2
0,1,29689,29692,89067,89068,89069,89072,89073,89074,178135,178136,178137,178138,178139,178142,178143,178144,178145,178146,1,-1,2,-2,1,3,1,-1,-3,-1,2,2,5,2,2,-2,-2,-5,-2,-2
0,1,29691,29694,89073,89074,89075,89078,89079,89080,178147,178148,178149,178150,178151,178154,178155,178156,178157,178158,1,-1,2,-2,1,3,1,-1,-3,-1,2,2,5,2,2,-2,-2,-5,-2,-2
0,1,29693,29696,89079,89080,89081,89084,89085,89086,178159,178160,178161,178162,178163,178166,178167,178168,178169,178170,1,-1,2,-2,1,3,1,-1,-3,-1,2,2,5,2,2,-2,-2,-5,-2,-2
0,1,29695,29698,89085,89086,89087,89090,89091,89092,178171,178172,178173,178174,178175,178178,178179,178180,178181,178182,1,-1,2,-2,1,3,1,-1,-3,-1,2,2,5,2,2,-2,-2,-5,-2,-2
0,1,29697,29700,89091,89092,89093,89096,89097,89098,178183,178184,178185,178186,178187,178190,178191,178192,178193,178194,1,-1,2,-2,1,3,1,-1,-3,-1,2,2,5,2,2,-2,-2,-5,-2,-2
0,1,29699,29702,89097,89098,89099,89102,89103,89104,178195,178196,178197,178198,178199,178202,178203,178204,178205,178206,1,-1,2,-2,1,3,1,-1,-3,-1,2,2,5,2,2,-2,-2,-5,-2,-2
0,1,29701,29704,89103,89104,89105,89108,89109,89110,178207,178208,178209,178210,178211,178214,178215,178216,178217,178218,1,-1,2,-2,1,3,1,-1,-3,-1,2,2,5,2,2,-2,-2,-5,-2,-2
0,1,29703,29706,89109,89110,89111,89114,89115,89116,178219,178220,178221,178222,178223,178226,178227,178228,178229,178230,1,-1,2,-2,1,3,1,-1,-3,-1,2,2,5,2,2,-2,-2,-5,-2,-2
0,1,29705,29708,89115,89116,89117,89120,89121,89122,178231,178232,178233,178234,178235,178238,178239,178240,178241,178242,1,-1,2,-2,1,3,1,-1,-3,-1,2,2,5,2,2,-2,-2,-5,-2,-2
0,1,29707,29710,89121,89122,89123,89126,89127,89128,178243,178244,178245,178246,178247,178250,178251,178252,178253,178254,1,-1,2,-2,1,3,1,-1,-3,-1,2,2,5,2,2,-2,-2,-5,-2,-2
0,1,29709,29712,89127,89128,89129,89132,89133,89134,178255,178256,178257,178258,178259,178262,178263,178264,178265,178266,1,-1,2,-2,1,3,1,-1,-3,-1,2,2,5,2,2,-2,-2,-5,-2,-2
0,1,29711,29714,89133,89134,89135,89138,89139,89140,178267,178268,178269,178270,178271,178274,178275,178276,178277,178278,1,-1,2,-2,1,3,1,-1,-3,-1,2,2,5,2,2,-2,-2,-5,-2,-2
0,1,29713,29716,89139,89140,89141,89144,89145,89146,178279,178280,178281,178282,178283,178286,178287,178288,178289,178290,1,-1,2,-2,1,3,1,-1,-3,-1,2,2,5,2,2,-2,-2,-5,-2,-2
0,1,29715,29718,89145,89146,89147,89150,89151,89152,178291,178292,178293,178294,178295,178298,178299,178300,178301,178302,1,-1,2,-2,1,3,1,-1,-3,-1,2,2,5,2,2,-2,-2,-5,-2,-2
0,1,29717,29720,89151,89152,89153,89156,89157,89158,178303,178304,178305,178306,178307,178310,178311,178312,178313,178314,1,-1,2,-2,1,3,1,-1,-3,-1,2,2,5,2,2,-2,-2,-5,-2,-2
0,1,29719,29722,89157,89158,89159,89162,89163,89164,178315,178316,178317,178318,178319,178322,178323,178324,178325,178326,1,-1,2,-2,1,3,1,-1,-3,-1,2,2,5,2,2,-2,-2,-5,-2,-2
0,1,29721,29724,89163,89164,89165,89168,89169,89170,178327,178328,178329,178330,178331,178334,178335,178336,178337,178338,1,-1,2,-2,1,3,1,-1,-3,-1,2,2,5,2,2,-2,-2,-5,-2,-2
0,1,29723,29726,89169,89170,89171,89174,89175,89176,178339,178340,178341,178342,178343,178346,178347,178348,178349,178350,1,-1,2,-2,1,3,1,-1,-3,-1,2,2,5,2,2,-2,-2,-5,-2,-2
0,1,29725,29728,89175,89176,89177,89180,89181,89182,178351,178352,178353,178354,178355,178358,178359,178360,178361,178362,1,-1,2,-2,1,3,1,-1,-3,-1,2,2,5,2,2,-2,-2,-5,-2,-2
0,1,29727,29730,89181,89182,89183,89186,89187,89188,178363,178364,178365,178366,178367,178370,178371,178372,178373,178374,1,-1,2,-2,1,3,1,-1,-3,-1,2,2,5,2,2,-2,-2,-5,-2,-2
0,1,29729,29732,89187,89188,89189,89192,89193,89194,178375,178376,178377,178378,178379,178382,178383,178384,178385,178386,1,-1,2,-2,1,3,1,-1,-3,-1,2,2,5,2,2,-2,-2,-5,-2,-2
0,1,29731,29734,89193,89194,89195,89198,89199,89200,178387,178388,178389,178390,178391,178394,178395,178396,178397,178398,1,-1,2,-2,1,3,1,-1,-3,-1,2,2,5,2,2,-2,-2,-5,-2,-2
0,1,29733,29736,89199,89200,89201,89204,89205,89206,178399,178400,178401,178402,178403,178406,178407,178408,178409,178410,1,-1,2,-2,1,3,1,-1,-3,-1,2,2,5,2,2,-2,-2,-5,-2,-2
0,1,29735,29738,89205,89206,89207,89210,89211,89212,178411,178412,178413,178414,178415,178418,178419,178420,178421,178422,1,-1,2,-2,1,3,1,-1,-3,-1,2,2,5,2,2,-2,-2,-5,-2,-2
0,1,29737,29740,89211,89212,89213,89216,89217,89218,178423,178424,178425,178426,178427,178430,178431,178432,178433,178434,1,-1,2,-2,1,3,1,-1,-3,-1,2,2,5,2,2,-2,-2,-5,-2,-2
0,1,29739,29742,89217,89218,89219,89222,89223,89224,178435,178436,178437,178438,178439,178442,178443,178444,178445,178446,1,-1,2,-2,1,3,1,-1,-3,-1,2,2,5,2,2,-2,-2,-5,-2,-2
0,1,29741,29744,89223,89224,89225,89228,89229,89230,178447,178448,178449,178450,178451,178454,178455,178456,178457,178458,1,-1,2,-2,1,3,1,-1,-3,-1,2,2,5,2,2,-2,-2,-5,-2,-2
0,1,29743,29746,89229,89230,89231,89234,89235,89236,178459,178460,178461,178462,178463,178466,178467,178468,178469,178470,1,-1,2,-2,1,3,1,-1,-3,-1,2,2,5,2,2,-2,-2,-5,-2,-2
0,1,29745,29748,89235,89236,89237,89240,89241,89242,178471,178472,178473,178474,178475,178478,178479,178480,178481,178482,1,-1,2,-2,1,3,1,-1,-3,-1,2,2,5,2,2,-2,-2,-5,-2,-2
0,1,29747,29750,89241,89242,89243,89246,89247,89248,178483,178484,178485,178486,178487,178490,178491,178492,178493,178494,1,-1,2,-2,1,3,1,-1,-3,-1,2,2,5,2,2,-2,-2,-5,-2,-2
0,1,29749,29752,89247,89248,89249,89252,89253,89254,178495,178496,178497,178498,178499,178502,178503,178504,178505,178506,1,-1,2,-2,1,3,1,-1,-3,-1,2,2,5,2,2,-2,-2,-5,-2,-2
0,1,29751,29754,89253,89254,89255,89258,89259,89260,178507,178508,178509,178510,178511,178514,178515,178516,178517,178518,1,-1,2,-2,1,3,1,-1,-3,-1,2,2,5,2,2,-2,-2,-5,-2,-2
0,1,29753,29756,89259,89260,89261,89264,89265,89266,178519,178520,178521,178522,178523,178526,178527,178528,178529,178530,1,-1,2,-2,1,3,1,-1,-3,-1,2,2,5,2,2,-2,-2,-5,-2,-2
0,1,29755,29758,89265,89266,89267,89270,89271,89272,178531,178532,178533,178534,178535,178538,178539,178540,178541,178542,1,-1,2,-2,1,3,1,-1,-3,-1,2,2,5,2,2,-2,-2,-5,-2,-2
0,1,29757,29760,89271,89272,89273,89276,89277,89278,178543,178544,178545,178546,178547,178550,178551,178552,178553,178554,1,-1,2,-2,1,3,1,-1,-3,-1,2,2,5,2,2,-2,-2,-5,-2,-2
0,1,29759,29762,89277,89278,89279,89282,89283,89284,178555,178556,178557,178558,178559,178562,178563,178564,178565,178566,1,-1,2,-2,1,3,1,-1,-3,-1,2,2,5,2,2,-2,-2,-5,-2,-2
0,1,29761,29764,89283,89284,89285,89288,89289,89290,178567,178568,178569,178570,178571,178574,178575,178576,178577,178578,1,-1,2,-2,1,3,1,-1,-3,-1,2,2,5,2,2,-2,-2,-5,-2,-2
0,1,29763,29766,89289,89290,89291,89294,89295,89296,178579,178580,178581,178582,178583,178586,178587,178588,178589,178590,1,-1,2,-2,1,3,1,-1,-3,-1,2,2,5,2,2,-2,-2,-5,-2,-2
0,1,29765,29768,89295,89296,89297,89300,89301,89302,178591,178592,178593,178594,178595,178598,178599,178600,178601,178602,1,-1,2,-2,1,3,1,-1,-3,-1,2,2,5,2,2,-2,-2,-5,-2,-2
0,1,29767,29770,89301,89302,89303,89306,89307,89308,178603,178604,178605,178606,178607,178610,178611,178612,178613,178614,1,-1,2,-2,1,3,1,-1,-3,-1,2,2,5,2,2,-2,-2,-5,-2,-2
0,1,29769,29772,89307,89308,89309,89312,89313,89314,178615,178616,178617,178618,178619,178622,178623,178624,178625,178626,1,-1,2,-2,1,3,1,-1,-3,-1,2,2,5,2,2,-2,-2,-5,-2,-2
0,1,29771,29774,89313,89314,89315,89318,89319,89320,178627,178628,178629,178630,178631,178634,178635,178636,178637,178638,1,-1,2,-2,1,3,1,-1,-3,-1,2,2,5,2,2,-2,-2,-5,-2,-2
0,1,29773,29776,89319,89320,89321,89324,89325,89326,178639,178640,178641,178642,178643,178646,178647,178648,178649,178650,1,-1,2,-2,1,3,1,-1,-3,-1,2,2,5,2,2,-2,-2,-5,-2,-2
0,1,29775,29778,89325,89326,89327,89330,89331,89332,178651,178652,178653,178654,178655,178658,178659,178660,178661,178662,1,-1,2,-2,1,3,1,-1,-3,-1,2,2,5,2,2,-2,-2,-5,-2,-2
0,1,29777,29780,89331,89332,89333,89336,89337,89338,178663,178664,178665,178666,178667,178670,178671,178672,178673,178674,1,-1,2,-2,1,3,1,-1,-3,-1,2,2,5,2,2,-2,-2,-5,-2,-2
0,1,29779,29782,89337,89338,89339,89342,89343,89344,178675,178676,178677,178678,178679,178682,178683,178684,178685,178686,1,-1,2,-2,1,3,1,-1,-3,-1,2,2,5,2,2,-2,-2,-5,-2,-2
0,1,29781,29784,89343,89344,89345,89348,89349,89350,178687,178688,178689,178690,178691,178694,178695,178696,178697,178698,1,-1,2,-2,1,3,1,-1,-3,-1,2,2,5,2,2,-2,-2,-5,-2,-2
0,1,29783,29786,89349,89350,89351,89354,89355,89356,178699,178700,178701,178702,178703,178706,178707,178708,178709,178710,1,-1,2,-2,1,3,1,-1,-3,-1,2,2,5,2,2,-2,-2,-5,-2,-2
0,1,29785,29788,89355,89356,89357,89360,89361,89362,178711,178712,178713,178714,178715,178718,178719,178720,178721,178722,1,-1,2,-2,1,3,1,-1,-3,-1,2,2,5,2,2,-2,-2,-5,-2,-2
0,1,29787,29790,89361,89362,89363,89366,89367,89368,178723,178724,178725,178726,178727,178730,178731,178732,178733,178734,1,-1,2,-2,1,3,1,-1,-3,-1,2,2,5,2,2,-2,-2,-5,-2,-2
0,1,29789,29792,89367,89368,89369,89372,89373,89374,178735,178736,178737,178738,178739,178742,178743,178744,178745,178746,1,-1,2,-2,1,3,1,-1,-3,-1,2,2,5,2,2,-2,-2,-5,-2,-2
0,1,29791,29794,89373,89374,89375,89378,89379,89380,178747,178748,178749,178750,178751,178754,178755,178756,178757,178758,1,-1,2,-2,1,3,1,-1,-3,-1,2,2,5,2,2,-2,-2,-5,-2,-2
0,1,29793,29796,89379,89380,89381,89384,89385,89386,178759,178760,178761,178762,178763,178766,178767,178768,178769,178770,1,-1,2,-2,1,3,1,-1,-3,-1,2,2,5,2,2,-2,-2,-5,-2,-2
0,1,29795,29798,89385,89386,89387,89390,89391,89392,178771,178772,178773,178774,178775,178778,178779,178780,178781,178782,1,-1,2,-2,1,3,1,-1,-3,-1,2,2,5,2,2,-2,-2,-5,-2,-2
0,1,29797,29800,89391,89392,89393,89396,89397,89398,178783,178784,178785,178786,178787,178790,178791,178792,178793,178794,1,-1,2,-2,1,3,1,-1,-3,-1,2,2,5,2,2,-2,-2,-5,-2,-2
0,1,29799,29802,89397,89398,89399,89402,89403,89404,178795,178796,178797,178798,178799,178802,178803,178804,178805,178806,1,-1,2,-2,1,3,1,-1,-3,-1,2,2,5,2,2,-2,-2,-5,-2,-2
0,1,29801,29804,89403,89404,89405,89408,89409,89410,178807,178808,178809,178810,178811,178814,178815,178816,178817,178818,1,-1,2,-2,1,3,1,-1,-3,-1,2,2,5,2,2,-2,-2,-5,-2,-2
0,1,29803,29806,89409,89410,89411,89414,89415,89416,178819,178820,178821,178822,178823,178826,178827,178828,178829,178830,1,-1,2,-2,1,3,1,-1,-3,-1,2,2,5,2,2,-2,-2,-5,-2,-2
0,1,29805,29808,89415,89416,89417,89420,89421,89422,178831,178832,178833,178834,178835,178838,178839,178840,178841,178842,1,-1,2,-2,1,3,1,-1,-3,-1,2,2,5,2,2,-2,-2,-5,-2,-2
0,1,29807,29810,89421,89422,89423,89426,89427,89428,178843,178844,178845,178846,178847,178850,178851,178852,178853,178854,1,-1,2,-2,1,3,1,-1,-3,-1,2,2,5,2,2,-2,-2,-5,-2,-2
0,1,29809,29812,89427,89428,89429,89432,89433,89434,178855,178856,178857,178858,178859,178862,178863,178864,178865,178866,1,-1,2,-2,1,3,1,-1,-3,-1,2,2,5,2,2,-2,-2,-5,-2,-2
0,1,29811,29814,89433,89434,89435,89438,89439,89440,178867,178868,178869,178870,178871,178874,178875,178876,178877,178878,1,-1,2,-2,1,3,1,-1,-3,-1,2,2,5,2,2,-2,-2,-5,-2,-2
0,1,29813,29816,89439,89440,89441,89444,89445,89446,178879,178880,178881,178882,178883,178886,178887,178888,178889,178890,1,-1,2,-2,1,3,1,-1,-3,-1,2,2,5,2,2,-2,-2,-5,-2,-2
0,1,29815,29818,89445,89446,89447,89450,89451,89452,178891,178892,178893,178894,178895,178898,178899,178900,178901,178902,1,-1,2,-2,1,3,1,-1,-3,-1,2,2,5,2,2,-2,-2,-5,-2,-2
0,1,29817,29820,89451,89452,89453,89456,89457,89458,178903,178904,178905,178906,178907,178910,178911,178912,178913,178914,1,-1,2,-2,1,3,1,-1,-3,-1,2,2,5,2,2,-2,-2,-5,-2,-2
0,1,29819,29822,89457,89458,89459,89462,89463,89464,178915,178916,178917,178918,178919,178922,178923,178924,178925,178926,1,-1,2,-2,1,3,1,-1,-3,-1,2,2,5,2,2,-2,-2,-5,-2,-2
0,1,29821,29824,89463,89464,89465,89468,89469,89470,178927,178928,178929,178930,178931,178934,178935,178936,178937,178938,1,-1,2,-2,1,3,1,-1,-3,-1,2,2,5,2,2,-2,-2,-5,-2,-2
0,1,29823,29826,89469,89470,89471,89474,89475,89476,178939,178940,178941,178942,178943,178946,178947,178948,178949,178950,1,-1,2,-2,1,3,1,-1,-3,-1,2,2,5,2,2,-2,-2,-5,-2,-2
0,1,29825,29828,89475,89476,89477,89480,89481,89482,178951,178952,178953,178954,178955,178958,178959,178960,178961,178962,1,-1,2,-2,1,3,1,-1,-3,-1,2,2,5,2,2,-2,-2,-5,-2,-2
0,1,29827,29830,89481,89482,89483,89486,89487,89488,178963,178964,178965,178966,178967,178970,178971,178972,178973,178974,1,-1,2,-2,1,3,1,-1,-3,-1,2,2,5,2,2,-2,-2,-5,-2,-2
0,1,29829,29832,89487,89488,89489,89492,89493,89494,178975,178976,178977,178978,178979,178982,178983,178984,178985,178986,1,-1,2,-2,1,3,1,-1,-3,-1,2,2,5,2,2,-2,-2,-5,-2,-2
0,1,29831,29834,89493,89494,89495,89498,89499,89500,178987,178988,178989,178990,178991,178994,178995,178996,178997,178998,1,-1,2,-2,1,3,1,-1,-3,-1,2,2,5,2,2,-2,-2,-5,-2,-2
0,1,29833,29836,89499,89500,89501,89504,89505,89506,178999,179000,179001,179002,179003,179006,179007,179008,179009,179010,1,-1,2,-2,1,3,1,-1,-3,-1,2,2,5,2,2,-2,-2,-5,-2,-2
0,1,29835,29838,89505,89506,89507,89510,89511,89512,179011,179012,179013,179014,179015,179018,179019,179020,179021,179022,1,-1,2,-2,1,3,1,-1,-3,-1,2,2,5,2,2,-2,-2,-5,-2,-2
0,1,29837,29840,89511,89512,89513,89516,89517,89518,179023,179024,179025,179026,179027,179030,179031,179032,179033,179034,1,-1,2,-2,1,3,1,-1,-3,-1,2,2,5,2,2,-2,-2,-5,-2,-2
0,1,29839,29842,89517,89518,89519,89522,89523,89524,179035,179036,179037,179038,179039,179042,179043,179044,179045,179046,1,-1,2,-2,1,3,1,-1,-3,-1,2,2,5,2,2,-2,-2,-5,-2,-2
0,1,29841,29844,89523,89524,89525,89528,89529,89530,179047,179048,179049,179050,179051,179054,179055,179056,179057,179058,1,-1,2,-2,1,3,1,-1,-3,-1,2,2,5,2,2,-2,-2,-5,-2,-2
0,1,29843,29846,89529,89530,89531,89534,89535,89536,179059,179060,179061,179062,179063,179066,179067,179068,179069,179070,1,-1,2,-2,1,3,1,-1,-3,-1,2,2,5,2,2,-2,-2,-5,-2,-2
0,1,29845,29848,89535,89536,89537,89540,89541,89542,179071,179072,179073,179074,179075,179078,179079,179080,179081,179082,1,-1,2,-2,1,3,1,-1,-3,-1,2,2,5,2,2,-2,-2,-5,-2,-2
0,1,29847,29850,89541,89542,89543,89546,89547,89548,179083,179084,179085,179086,179087,179090,179091,179092,179093,179094,1,-1,2,-2,1,3,1,-1,-3,-1,2,2,5,2,2,-2,-2,-5,-2,-2
0,1,29849,29852,89547,89548,89549,89552,89553,89554,179095,179096,179097,179098,179099,179102,179103,179104,179105,179106,1,-1,2,-2,1,3,1,-1,-3,-1,2,2,5,2,2,-2,-2,-5,-2,-2
0,1,29851,29854,89553,89554,89555,89558,89559,89560,179107,179108,179109,179110,179111,179114,179115,179116,179117,179118,1,-1,2,-2,1,3,1,-1,-3,-1,2,2,5,2,2,-2,-2,-5,-2,-2
0,1,29853,29856,89559,89560,89561,89564,89565,89566,179119,179120,179121,179122,179123,179126,179127,179128,179129,179130,1,-1,2,-2,1,3,1,-1,-3,-1,2,2,5,2,2,-2,-2,-5,-2,-2
0,1,29855,29858,89565,89566,89567,89570,89571,89572,179131,179132,179133,179134,179135,179138,179139,179140,179141,179142,1,-1,2,-2,1,3,1,-1,-3,-1,2,2,5,2,2,-2,-2,-5,-2,-2
0,1,29857,29860,89571,89572,89573,89576,89577,89578,179143,179144,179145,179146,179147,179150,179151,179152,179153,179154,1,-1,2,-2,1,3,1,-1,-3,-1,2,2,5,2,2,-2,-2,-5,-2,-2
0,1,29859,29862,89577,89578,89579,89582,89583,89584,179155,179156,179157,179158,179159,179162,179163,179164,179165,179166,1,-1,2,-2,1,3,1,-1,-3,-1,2,2,5,2,2,-2,-2,-5,-2,-2
0,1,29861,29864,89583,89584,89585,89588,89589,89590,179167,179168,179169,179170,179171,179174,179175,179176,179177,179178,1,-1,2,-2,1,3,1,-1,-3,-1,2,2,5,2,2,-2,-2,-5,-2,-2
0,1,29863,29866,89589,89590,89591,89594,89595,89596,179179,179180,179181,179182,179183,179186,179187,179188,179189,179190,1,-1,2,-2,1,3,1,-1,-3,-1,2,2,5,2,2,-2,-2,-5,-2,-2
0,1,29865,29868,89595,89596,89597,89600,89601,89602,179191,179192,179193,179194,179195,179198,179199,179200,179201,179202,1,-1,2,-2,1,3,1,-1,-3,-1,2,2,5,2,2,-2,-2,-5,-2,-2
0,1,29867,29870,89601,89602,89603,89606,89607,89608,179203,179204,179205,179206,179207,179210,179211,179212,179213,179214,1,-1,2,-2,1,3,1,-1,-3,-1,2,2,5,2,2,-2,-2,-5,-2,-2
0,1,29869,29872,89607,89608,89609,89612,89613,89614,179215,179216,179217,179218,179219,179222,179223,179224,179225,179226,1,-1,2,-2,1,3,1,-1,-3,-1,2,2,5,2,2,-2,-2,-5,-2,-2
0,1,29871,29874,89613,89614,89615,89618,89619,89620,179227,179228,179229,179230,179231,179234,179235,179236,179237,179238,1,-1,2,-2,1,3,1,-1,-3,-1,2,2,5,2,2,-2,-2,-5,-2,-2
0,1,29873,29876,89619,89620,89621,89624,89625,89626,179239,179240,179241,179242,179243,179246,179247,179248,179249,179250,1,-1,2,-2,1,3,1,-1,-3,-1,2,2,5,2,2,-2,-2,-5,-2,-2
0,1,29875,29878,89625,89626,89627,89630,89631,89632,179251,179252,179253,179254,179255,179258,179259,179260,179261,179262,1,-1,2,-2,1,3,1,-1,-3,-1,2,2,5,2,2,-2,-2,-5,-2,-2
0,1,29877,29880,89631,89632,89633,89636,89637,89638,179263,179264,179265,179266,179267,179270,179271,179272,179273,179274,1,-1,2,-2,1,3,1,-1,-3,-1,2,2,5,2,2,-2,-2,-5,-2,-2
0,1,29879,29882,89637,89638,89639,89642,89643,89644,179275,179276,179277,179278,179279,179282,179283,179284,179285,179286,1,-1,2,-2,1,3,1,-1,-3,-1,2,2,5,2,2,-2,-2,-5,-2,-2
0,1,29881,29884,89643,89644,89645,89648,89649,89650,179287,179288,179289,179290,179291,179294,179295,179296,179297,179298,1,-1,2,-2,1,3,1,-1,-3,-1,2,2,5,2,2,-2,-2,-5,-2,-2
0,1,29883,29886,89649,89650,89651,89654,89655,89656,179299,179300,179301,179302,179303,179306,179307,179308,179309,179310,1,-1,2,-2,1,3,1,-1,-3,-1,2,2,5,2,2,-2,-2,-5,-2,-2
0,1,29885,29888,89655,89656,89657,89660,89661,89662,179311,179312,179313,179314,179315,179318,179319,179320,179321,179322,1,-1,2,-2,1,3,1,-1,-3,-1,2,2,5,2,2,-2,-2,-5,-2,-2
0,1,29887,29890,89661,89662,89663,89666,89667,89668,179323,179324,179325,179326,179327,179330,179331,179332,179333,179334,1,-1,2,-2,1,3,1,-1,-3,-1,2,2,5,2,2,-2,-2,-5,-2,-2
0,1,29889,29892,89667,89668,89669,89672,89673,89674,179335,179336,179337,179338,179339,179342,179343,179344,179345,179346,1,-1,2,-2,1,3,1,-1,-3,-1,2,2,5,2,2,-2,-2,-5,-2,-2
0,1,29891,29894,89673,89674,89675,89678,89679,89680,179347,179348,179349,179350,179351,179354,179355,179356,179357,179358,1,-1,2,-2,1,3,1,-1,-3,-1,2,2,5,2,2,-2,-2,-5,-2,-2
0,1,29893,29896,89679,89680,89681,89684,89685,89686,179359,179360,179361,179362,179363,179366,179367,179368,179369,179370,1,-1,2,-2,1,3,1,-1,-3,-1,2,2,5,2,2,-2,-2,-5,-2,-2
0,1,29895,29898,89685,89686,89687,89690,89691,89692,179371,179372,179373,179374,179375,179378,179379,179380,179381,179382,1,-1,2,-2,1,3,1,-1,-3,-1,2,2,5,2,2,-2,-2,-5,-2,-2
0,1,29897,29900,89691,89692,89693,89696,89697,89698,179383,179384,179385,179386,179387,179390,179391,179392,179393,179394,1,-1,2,-2,1,3,1,-1,-3,-1,2,2,5,2,2,-2,-2,-5,-2,-2
0,1,29899,29902,89697,89698,89699,89702,89703,89704,179395,179396,179397,179398,179399,179402,179403,179404,179405,179406,1,-1,2,-2,1,3,1,-1,-3,-1,2,2,5,2,2,-2,-2,-5,-2,-2
0,1,29901,29904,89703,89704,89705,89708,89709,89710,179407,179408,179409,179410,179411,179414,179415,179416,179417,179418,1,-1,2,-2,1,3,1,-1,-3,-1,2,2,5,2,2,-2,-2,-5,-2,-2
0,1,29903,29906,89709,89710,89711,89714,89715,89716,179419,179420,179421,179422,179423,179426,179427,179428,179429,179430,1,-1,2,-2,1,3,1,-1,-3,-1,2,2,5,2,2,-2,-2,-5,-2,-2
0,1,29905,29908,89715,89716,89717,89720,89721,89722,179431,179432,179433,179434,179435,179438,179439,179440,179441,179442,1,-1,2,-2,1,3,1,-1,-3,-1,2,2,5,2,2,-2,-2,-5,-2,-2
0,1,29907,29910,89721,89722,89723,89726,89727,89728,179443,179444,179445,179446,179447,179450,179451,179452,179453,179454,1,-1,2,-2,1,3,1,-1,-3,-1,2,2,5,2,2,-2,-2,-5,-2,-2
0,1,29909,29912,89727,89728,89729,89732,89733,89734,179455,179456,179457,179458,179459,179462,179463,179464,179465,179466,1,-1,2,-2,1,3,1,-1,-3,-1,2,2,5,2,2,-2,-2,-5,-2,-2
0,1,29911,29914,89733,89734,89735,89738,89739,89740,179467,179468,179469,179470,179471,179474,179475,179476,179477,179478,1,-1,2,-2,1,3,1,-1,-3,-1,2,2,5,2,2,-2,-2,-5,-2,-2
0,1,29913,29916,89739,89740,89741,89744,89745,89746,179479,179480,179481,179482,179483,179486,179487,179488,179489,179490,1,-1,2,-2,1,3,1,-1,-3,-1,2,2,5,2,2,-2,-2,-5,-2,-2
0,1,29915,29918,89745,89746,89747,89750,89751,89752,179491,179492,179493,179494,179495,179498,179499,179500,179501,179502,1,-1,2,-2,1,3,1,-1,-3,-1,2,2,5,2,2,-2,-2,-5,-2,-2
0,1,29917,29920,89751,89752,89753,89756,89757,89758,179503,179504,179505,179506,179507,179510,179511,179512,179513,179514,1,-1,2,-2,1,3,1,-1,-3,-1,2,2,5,2,2,-2,-2,-5,-2,-2
0,1,29919,29922,89757,89758,89759,89762,89763,89764,179515,179516,179517,179518,179519,179522,179523,179524,179525,179526,1,-1,2,-2,1,3,1,-1,-3,-1,2,2,5,2,2,-2,-2,-5,-2,-2
0,1,29921,29924,89763,89764,89765,89768,89769,89770,179527,179528,179529,179530,179531,179534,179535,179536,179537,179538,1,-1,2,-2,1,3,1,-1,-3,-1,2,2,5,2,2,-2,-2,-5,-2,-2
0,1,29923,29926,89769,89770,89771,89774,89775,89776,179539,179540,179541,179542,179543,179546,179547,179548,179549,179550,1,-1,2,-2,1,3,1,-1,-3,-1,2,2,5,2,2,-2,-2,-5,-2,-2
0,1,29925,29928,89775,89776,89777,89780,89781,89782,179551,179552,179553,179554,179555,179558,179559,179560,179561,179562,1,-1,2,-2,1,3,1,-1,-3,-1,2,2,5,2,2,-2,-2,-5,-2,-2
0,1,29927,29930,89781,89782,89783,89786,89787,89788,179563,179564,179565,179566,179567,179570,179571,179572,179573,179574,1,-1,2,-2,1,3,1,-1,-3,-1,2,2,5,2,2,-2,-2,-5,-2,-2
0,1,29929,29932,89787,89788,89789,89792,89793,89794,179575,179576,179577,179578,179579,179582,179583,179584,179585,179586,1,-1,2,-2,1,3,1,-1,-3,-1,2,2,5,2,2,-2,-2,-5,-2,-2
0,1,29931,29934,89793,89794,89795,89798,89799,89800,179587,179588,179589,179590,179591,179594,179595,179596,179597,179598,1,-1,2,-2,1,3,1,-1,-3,-1,2,2,5,2,2,-2,-2,-5,-2,-2
0,1,29933,29936,89799,89800,89801,89804,89805,89806,179599,179600,179601,179602,179603,179606,179607,179608,179609,179610,1,-1,2,-2,1,3,1,-1,-3,-1,2,2,5,2,2,-2,-2,-5,-2,-2
0,1,29935,29938,89805,89806,89807,89810,89811,89812,179611,179612,179613,179614,179615,179618,179619,179620,179621,179622,1,-1,2,-2,1,3,1,-1,-3,-1,2,2,5,2,2,-2,-2,-5,-2,-2
0,1,29937,29940,89811,89812,89813,89816,89817,89818,179623,179624,179625,179626,179627,179630,179631,179632,179633,179634,1,-1,2,-2,1,3,1,-1,-3,-1,2,2,5,2,2,-2,-2,-5,-2,-2
0,1,29939,29942,89817,89818,89819,89822,89823,89824,179635,179636,179637,179638,179639,179642,179643,179644,179645,179646,1,-1,2,-2,1,3,1,-1,-3,-1,2,2,5,2,2,-2,-2,-5,-2,-2
0,1,29941,29944,89823,89824,89825,89828,89829,89830,179647,179648,179649,179650,179651,179654,179655,179656,179657,179658,1,-1,2,-2,1,3,1,-1,-3,-1,2,2,5,2,2,-2,-2,-5,-2,-2
0,1,29943,29946,89829,89830,89831,89834,89835,89836,179659,179660,179661,179662,179663,179666,179667,179668,179669,179670,1,-1,2,-2,1,3,1,-1,-3,-1,2,2,5,2,2,-2,-2,-5,-2,-2
0,1,29945,29948,89835,89836,89837,89840,89841,89842,179671,179672,179673,179674,179675,179678,179679,179680,179681,179682,1,-1,2,-2,1,3,1,-1,-3,-1,2,2,5,2,2,-2,-2,-5,-2,-2
0,1,29947,29950,89841,89842,89843,89846,89847,89848,179683,179684,179685,179686,179687,179690,179691,179692,179693,179694,1,-1,2,-2,1,3,1,-1,-3,-1,2,2,5,2,2,-2,-2,-5,-2,-2
0,1,29949,29952,89847,89848,89849,89852,89853,89854,179695,179696,179697,179698,179699,179702,179703,179704,179705,179706,1,-1,2,-2,1,3,1,-1,-3,-1,2,2,5,2,2,-2,-2,-5,-2,-2
0,1,29951,29954,89853,89854,89855,89858,89859,89860,179707,179708,179709,179710,179711,179714,179715,179716,179717,179718,1,-1,2,-2,1,3,1,-1,-3,-1,2,2,5,2,2,-2,-2,-5,-2,-2
0,1,29953,29956,89859,89860,89861,89864,89865,89866,179719,179720,179721,179722,179723,179726,179727,179728,179729,179730,1,-1,2,-2,1,3,1,-1,-3,-1,2,2,5,2,2,-2,-2,-5,-2,-2
0,1,29955,29958,89865,89866,89867,89870,89871,89872,179731,179732,179733,179734,179735,179738,179739,179740,179741,179742,1,-1,2,-2,1,3,1,-1,-3,-1,2,2,5,2,2,-2,-2,-5,-2,-2
0,1,29957,29960,89871,89872,89873,89876,89877,89878,179743,179744,179745,179746,179747,179750,179751,179752,179753,179754,1,-1,2,-2,1,3,1,-1,-3,-1,2,2,5,2,2,-2,-2,-5,-2,-2
0,1,29959,29962,89877,89878,89879,89882,89883,89884,179755,179756,179757,179758,179759,179762,179763,179764,179765,179766,1,-1,2,-2,1,3,1,-1,-3,-1,2,2,5,2,2,-2,-2,-5,-2,-2
0,1,29961,29964,89883,89884,89885,89888,89889,89890,179767,179768,179769,179770,179771,179774,179775,179776,179777,179778,1,-1,2,-2,1,3,1,-1,-3,-1,2,2,5,2,2,-2,-2,-5,-2,-2
0,1,29963,29966,89889,89890,89891,89894,89895,89896,179779,179780,179781,179782,179783,179786,179787,179788,179789,179790,1,-1,2,-2,1,3,1,-1,-3,-1,2,2,5,2,2,-2,-2,-5,-2,-2
0,1,29965,29968,89895,89896,89897,89900,89901,89902,179791,179792,179793,179794,179795,179798,179799,179800,179801,179802,1,-1,2,-2,1,3,1,-1,-3,-1,2,2,5,2,2,-2,-2,-5,-2,-2
0,1,29967,29970,89901,89902,89903,89906,89907,89908,179803,179804,179805,179806,179807,179810,179811,179812,179813,179814,1,-1,2,-2,1,3,1,-1,-3,-1,2,2,5,2,2,-2,-2,-5,-2,-2
0,1,29969,29972,89907,89908,89909,89912,89913,89914,179815,179816,179817,179818,179819,179822,179823,179824,179825,179826,1,-1,2,-2,1,3,1,-1,-3,-1,2,2,5,2,2,-2,-2,-5,-2,-2
0,1,29971,29974,89913,89914,89915,89918,89919,89920,179827,179828,179829,179830,179831,179834,179835,179836,179837,179838,1,-1,2,-2,1,3,1,-1,-3,-1,2,2,5,2,2,-2,-2,-5,-2,-2
0,1,29973,29976,89919,89920,89921,89924,89925,89926,179839,179840,179841,179842,179843,179846,179847,179848,179849,179850,1,-1,2,-2,1,3,1,-1,-3,-1,2,2,5,2,2,-2,-2,-5,-2,-2
0,1,29975,29978,89925,89926,89927,89930,89931,89932,179851,179852,179853,179854,179855,179858,179859,179860,179861,179862,1,-1,2,-2,1,3,1,-1,-3,-1,2,2,5,2,2,-2,-2,-5,-2,-2
0,1,29977,29980,89931,89932,89933,89936,89937,89938,179863,179864,179865,179866,179867,179870,179871,179872,179873,179874,1,-1,2,-2,1,3,1,-1,-3,-1,2,2,5,2,2,-2,-2,-5,-2,-2
0,1,29979,29982,89937,89938,89939,89942,89943,89944,179875,179876,179877,179878,179879,179882,179883,179884,179885,179886,1,-1,2,-2,1,3,1,-1,-3,-1,2,2,5,2,2,-2,-2,-5,-2,-2
0,1,29981,29984,89943,89944,89945,89948,89949,89950,179887,179888,179889,179890,179891,179894,179895,179896,179897,179898,1,-1,2,-2,1,3,1,-1,-3,-1,2,2,5,2,2,-2,-2,-5,-2,-2
0,1,29983,29986,89949,89950,89951,89954,89955,89956,179899,179900,179901,179902,179903,179906,179907,179908,179909,179910,1,-1,2,-2,1,3,1,-1,-3,-1,2,2,5,2,2,-2,-2,-5,-2,-2
0,1,29985,29988,89955,89956,89957,89960,89961,89962,179911,179912,179913,179914,179915,179918,179919,179920,179921,179922,1,-1,2,-2,1,3,1,-1,-3,-1,2,2,5,2,2,-2,-2,-5,-2,-2
0,1,29987,29990,89961,89962,89963,89966,89967,89968,179923,179924,179925,179926,179927,179930,179931,179932,179933,179934,1,-1,2,-2,1,3,1,-1,-3,-1,2,2,5,2,2,-2,-2,-5,-2,-2
0,1,29989,29992,89967,89968,89969,89972,89973,89974,179935,179936,179937,179938,179939,179942,179943,179944,179945,179946,1,-1,2,-2,1,3,1,-1,-3,-1,2,2,5,2,2,-2,-2,-5,-2,-2
0,1,29991,29994,89973,89974,89975,89978,89979,89980,179947,179948,179949,179950,179951,179954,179955,179956,179957,179958,1,-1,2,-2,1,3,1,-1,-3,-1,2,2,5,2,2,-2,-2,-5,-2,-2
0,1,29993,29996,89979,89980,89981,89984,89985,89986,179959,179960,179961,179962,179963,179966,179967,179968,179969,179970,1,-1,2,-2,1,3,1,-1,-3,-1,2,2,5,2,2,-2,-2,-5,-2,-2
0,1,29995,29998,89985,89986,89987,89990,89991,89992,179971,179972,179973,179974,179975,179978,179979,179980,179981,179982,1,-1,2,-2,1,3,1,-1,-3,-1,2,2,5,2,2,-2,-2,-5,-2,-2
0,1,29997,30000,89991,89992,89993,89996,89997,89998,179983,179984,179985,179986,179987,179990,179991,179992,179993,179994,1,-1,2,-2,1,3,1,-1,-3,-1,2,2,5,2,2,-2,-2,-5,-2,-2
0,1,29999,30002,89997,89998,89999,90002,90003,90004,179995,179996,179997,179998,179999,180002,180003,180004,180005,180006,1,-1,2,-2,1,3,1,-1,-3,-1,2,2,5,2,2,-2,-2,-5,-2,-2
0,1,30001,30004,90003,90004,90005,90008,90009,90010,180007,180008,180009,180010,180011,180014,180015,180016,180017,180018,1,-1,2,-2,1,3,1,-1,-3,-1,2,2,5,2,2,-2,-2,-5,-2,-2
0,1,30003,30006,90009,90010,90011,90014,90015,90016,180019,180020,180021,180022,180023,180026,180027,180028,180029,180030,1,-1,2,-2,1,3,1,-1,-3,-1,2,2,5,2,2,-2,-2,-5,-2,-2
0,1,30005,30008,90015,90016,90017,90020,90021,90022,180031,180032,180033,180034,180035,180038,180039,180040,180041,180042,1,-1,2,-2,1,3,1,-1,-3,-1,2,2,5,2,2,-2,-2,-5,-2,-2
0,1,30007,30010,90021,90022,90023,90026,90027,90028,180043,180044,180045,180046,180047,180050,180051,180052,180053,180054,1,-1,2,-2,1,3,1,-1,-3,-1,2,2,5,2,2,-2,-2,-5,-2,-2
0,1,30009,30012,90027,90028,90029,90032,90033,90034,180055,180056,180057,180058,180059,180062,180063,180064,180065,180066,1,-1,2,-2,1,3,1,-1,-3,-1,2,2,5,2,2,-2,-2,-5,-2,-2
0,1,30011,30014,90033,90034,90035,90038,90039,90040,180067,180068,180069,180070,180071,180074,180075,180076,180077,180078,1,-1,2,-2,1,3,1,-1,-3,-1,2,2,5,2,2,-2,-2,-5,-2,-2
0,1,30013,30016,90039,90040,90041,90044,90045,90046,180079,180080,180081,180082,180083,180086,180087,180088,180089,180090,1,-1,2,-2,1,3,1,-1,-3,-1,2,2,5,2,2,-2,-2,-5,-2,-2
0,1,30015,30018,90045,90046,90047,90050,90051,90052,180091,180092,180093,180094,180095,180098,180099,180100,180101,180102,1,-1,2,-2,1,3,1,-1,-3,-1,2,2,5,2,2,-2,-2,-5,-2,-2
0,1,30017,30020,90051,90052,90053,90056,90057,90058,180103,180104,180105,180106,180107,180110,180111,180112,180113,180114,1,-1,2,-2,1,3,1,-1,-3,-1,2,2,5,2,2,-2,-2,-5,-2,-2
0,1,30019,30022,90057,90058,90059,90062,90063,90064,180115,180116,180117,180118,180119,180122,180123,180124,180125,180126,1,-1,2,-2,1,3,1,-1,-3,-1,2,2,5,2,2,-2,-2,-5,-2,-2
0,1,30021,30024,90063,90064,90065,90068,90069,90070,180127,180128,180129,180130,180131,180134,180135,180136,180137,180138,1,-1,2,-2,1,3,1,-1,-3,-1,2,2,5,2,2,-2,-2,-5,-2,-2
0,1,30023,30026,90069,90070,90071,90074,90075,90076,180139,180140,180141,180142,180143,180146,180147,180148,180149,180150,1,-1,2,-2,1,3,1,-1,-3,-1,2,2,5,2,2,-2,-2,-5,-2,-2
0,1,30025,30028,90075,90076,90077,90080,90081,90082,180151,180152,180153,180154,180155,180158,180159,180160,180161,180162,1,-1,2,-2,1,3,1,-1,-3,-1,2,2,5,2,2,-2,-2,-5,-2,-2
0,1,30027,30030,90081,90082,90083,90086,90087,90088,180163,180164,180165,180166,180167,180170,180171,180172,180173,180174,1,-1,2,-2,1,3,1,-1,-3,-1,2,2,5,2,2,-2,-2,-5,-2,-2
0,1,30029,30032,90087,90088,90089,90092,90093,90094,180175,180176,180177,180178,180179,180182,180183,180184,180185,180186,1,-1,2,-2,1,3,1,-1,-3,-1,2,2,5,2,2,-2,-2,-5,-2,-2
0,1,30031,30034,90093,90094,90095,90098,90099,90100,180187,180188,180189,180190,180191,180194,180195,180196,180197,180198,1,-1,2,-2,1,3,1,-1,-3,-1,2,2,5,2,2,-2,-2,-5,-2,-2
0,1,30033,30036,90099,90100,90101,90104,90105,90106,180199,180200,180201,180202,180203,180206,180207,180208,180209,180210,1,-1,2,-2,1,3,1,-1,-3,-1,2,2,5,2,2,-2,-2,-5,-2,-2
0,1,30035,30038,90105,90106,90107,90110,90111,90112,180211,180212,180213,180214,180215,180218,180219,180220,180221,180222,1,-1,2,-2,1,3,1,-1,-3,-1,2,2,5,2,2,-2,-2,-5,-2,-2
0,1,30037,30040,90111,90112,90113,90116,90117,90118,180223,180224,180225,180226,180227,180230,180231,180232,180233,180234,1,-1,2,-2,1,3,1,-1,-3,-1,2,2,5,2,2,-2,-2,-5,-2,-2
0,1,30039,30042,90117,90118,90119,90122,90123,90124,180235,180236,180237,180238,180239,180242,180243,180244,180245,180246,1,-1,2,-2,1,3,1,-1,-3,-1,2,2,5,2,2,-2,-2,-5,-2,-2
0,1,30041,30044,90123,90124,90125,90128,90129,90130,180247,180248,180249,180250,180251,180254,180255,180256,180257,180258,1,-1,2,-2,1,3,1,-1,-3,-1,2,2,5,2,2,-2,-2,-5,-2,-2
0,1,30043,30046,90129,90130,90131,90134,90135,90136,180259,180260,180261,180262,180263,180266,180267,180268,180269,180270,1,-1,2,-2,1,3,1,-1,-3,-1,2,2,5,2,2,-2,-2,-5,-2,-2
0,1,30045,30048,90135,90136,90137,90140,90141,90142,180271,180272,180273,180274,180275,180278,180279,180280,180281,180282,1,-1,2,-2,1,3,1,-1,-3,-1,2,2,5,2,2,-2,-2,-5,-2,-2
0,1,30047,30050,90141,90142,90143,90146,90147,90148,180283,180284,180285,180286,180287,180290,180291,180292,180293,180294,1,-1,2,-2,1,3,1,-1,-3,-1,2,2,5,2,2,-2,-2,-5,-2,-2
0,1,30049,30052,90147,90148,90149,90152,90153,90154,180295,180296,180297,180298,180299,180302,180303,180304,180305,180306,1,-1,2,-2,1,3,1,-1,-3,-1,2,2,5,2,2,-2,-2,-5,-2,-2
0,1,30051,30054,90153,90154,90155,90158,90159,90160,180307,180308,180309,180310,180311,180314,180315,180316,180317,180318,1,-1,2,-2,1,3,1,-1,-3,-1,2,2,5,2,2,-2,-2,-5,-2,-2
0,1,30053,30056,90159,90160,90161,90164,90165,90166,180319,180320,180321,180322,180323,180326,180327,180328,180329,180330,1,-1,2,-2,1,3,1,-1,-3,-1,2,2,5,2,2,-2,-2,-5,-2,-2
0,1,30055,30058,90165,90166,90167,90170,90171,90172,180331,180332,180333,180334,180335,180338,180339,180340,180341,180342,1,-1,2,-2,1,3,1,-1,-3,-1,2,2,5,2,2,-2,-2,-5,-2,-2
0,1,30057,30060,90171,90172,90173,90176,90177,90178,180343,180344,180345,180346,180347,180350,180351,180352,180353,180354,1,-1,2,-2,1,3,1,-1,-3,-1,2,2,5,2,2,-2,-2,-5,-2,-2
0,1,30059,30062,90177,90178,90179,90182,90183,90184,180355,180356,180357,180358,180359,180362,180363,180364,180365,180366,1,-1,2,-2,1,3,1,-1,-3,-1,2,2,5,2,2,-2,-2,-5,-2,-2
0,1,30061,30064,90183,90184,90185,90188,90189,90190,180367,180368,180369,180370,180371,180374,180375,180376,180377,180378,1,-1,2,-2,1,3,1,-1,-3,-1,2,2,5,2,2,-2,-2,-5,-2,-2
0,1,30063,30066,90189,90190,90191,90194,90195,90196,180379,180380,180381,180382,180383,180386,180387,180388,180389,180390,1,-1,2,-2,1,3,1,-1,-3,-1,2,2,5,2,2,-2,-2,-5,-2,-2
0,1,30065,30068,90195,90196,90197,90200,90201,90202,180391,180392,180393,180394,180395,180398,180399,180400,180401,180402,1,-1,2,-2,1,3,1,-1,-3,-1,2,2,5,2,2,-2,-2,-5,-2,-2
0,1,30067,30070,90201,90202,90203,90206,90207,90208,180403,180404,180405,180406,180407,180410,180411,180412,180413,180414,1,-1,2,-2,1,3,1,-1,-3,-1,2,2,5,2,2,-2,-2,-5,-2,-2
0,1,30069,30072,90207,90208,90209,90212,90213,90214,180415,180416,180417,180418,180419,180422,180423,180424,180425,180426,1,-1,2,-2,1,3,1,-1,-3,-1,2,2,5,2,2,-2,-2,-5,-2,-2
0,1,30071,30074,90213,90214,90215,90218,90219,90220,180427,180428,180429,180430,180431,180434,180435,180436,180437,180438,1,-1,2,-2,1,3,1,-1,-3,-1,2,2,5,2,2,-2,-2,-5,-2,-2
0,1,30073,30076,90219,90220,90221,90224,90225,90226,180439,180440,180441,180442,180443,180446,180447,180448,180449,180450,1,-1,2,-2,1,3,1,-1,-3,-1,2,2,5,2,2,-2,-2,-5,-2,-2
0,1,30075,30078,90225,90226,90227,90230,90231,90232,180451,180452,180453,180454,180455,180458,180459,180460,180461,180462,1,-1,2,-2,1,3,1,-1,-3,-1,2,2,5,2,2,-2,-2,-5,-2,-2
0,1,30077,30080,90231,90232,90233,90236,90237,90238,180463,180464,180465,180466,180467,180470,180471,180472,180473,180474,1,-1,2,-2,1,3,1,-1,-3,-1,2,2,5,2,2,-2,-2,-5,-2,-2
0,1,30079,30082,90237,90238,90239,90242,90243,90244,180475,180476,180477,180478,180479,180482,180483,180484,180485,180486,1,-1,2,-2,1,3,1,-1,-3,-1,2,2,5,2,2,-2,-2,-5,-2,-2
0,1,30081,30084,90243,90244,90245,90248,90249,90250,180487,180488,180489,180490,180491,180494,180495,180496,180497,180498,1,-1,2,-2,1,3,1,-1,-3,-1,2,2,5,2,2,-2,-2,-5,-2,-2
0,1,30083,30086,90249,90250,90251,90254,90255,90256,180499,180500,180501,180502,180503,180506,180507,180508,180509,180510,1,-1,2,-2,1,3,1,-1,-3,-1,2,2,5,2,2,-2,-2,-5,-2,-2
0,1,30085,30088,90255,90256,90257,90260,90261,90262,180511,180512,180513,180514,180515,180518,180519,180520,180521,180522,1,-1,2,-2,1,3,1,-1,-3,-1,2,2,5,2,2,-2,-2,-5,-2,-2
0,1,30087,30090,90261,90262,90263,90266,90267,90268,180523,180524,180525,180526,180527,180530,180531,180532,180533,180534,1,-1,2,-2,1,3,1,-1,-3,-1,2,2,5,2,2,-2,-2,-5,-2,-2
0,1,30089,30092,90267,90268,90269,90272,90273,90274,180535,180536,180537,180538,180539,180542,180543,180544,180545,180546,1,-1,2,-2,1,3,1,-1,-3,-1,2,2,5,2,2,-2,-2,-5,-2,-2
0,1,30091,30094,90273,90274,90275,90278,90279,90280,180547,180548,180549,180550,180551,180554,180555,180556,180557,180558,1,-1,2,-2,1,3,1,-1,-3,-1,2,2,5,2,2,-2,-2,-5,-2,-2
0,1,30093,30096,90279,90280,90281,90284,90285,90286,180559,180560,180561,180562,180563,180566,180567,180568,180569,180570,1,-1,2,-2,1,3,1,-1,-3,-1,2,2,5,2,2,-2,-2,-5,-2,-2
0,1,30095,30098,90285,90286,90287,90290,90291,90292,180571,180572,180573,180574,180575,180578,180579,180580,180581,180582,1,-1,2,-2,1,3,1,-1,-3,-1,2,2,5,2,2,-2,-2,-5,-2,-2
0,1,30097,30100,90291,90292,90293,90296,90297,90298,180583,180584,180585,180586,180587,180590,180591,180592,180593,180594,1,-1,2,-2,1,3,1,-1,-3,-1,2,2,5,2,2,-2,-2,-5,-2,-2
0,1,30099,30102,90297,90298,90299,90302,90303,90304,180595,180596,180597,180598,180599,180602,180603,180604,180605,180606,1,-1,2,-2,1,3,1,-1,-3,-1,2,2,5,2,2,-2,-2,-5,-2,-2
0,1,30101,30104,90303,90304,90305,90308,90309,90310,180607,180608,180609,180610,180611,180614,180615,180616,180617,180618,1,-1,2,-2,1,3,1,-1,-3,-1,2,2,5,2,2,-2,-2,-5,-2,-2
0,1,30103,30106,90309,90310,90311,90314,90315,90316,180619,180620,180621,180622,180623,180626,180627,180628,180629,180630,1,-1,2,-2,1,3,1,-1,-3,-1,2,2,5,2,2,-2,-2,-5,-2,-2
0,1,30105,30108,90315,90316,90317,90320,90321,90322,180631,180632,180633,180634,180635,180638,180639,180640,180641,180642,1,-1,2,-2,1,3,1,-1,-3,-1,2,2,5,2,2,-2,-2,-5,-2,-2
0,1,30107,30110,90321,90322,90323,90326,90327,90328,180643,180644,180645,180646,180647,180650,180651,180652,180653,180654,1,-1,2,-2,1,3,1,-1,-3,-1,2,2,5,2,2,-2,-2,-5,-2,-2
0,1,30109,30112,90327,90328,90329,90332,90333,90334,180655,180656,180657,180658,180659,180662,180663,180664,180665,180666,1,-1,2,-2,1,3,1,-1,-3,-1,2,2,5,2,2,-2,-2,-5,-2,-2
0,1,30111,30114,90333,90334,90335,90338,90339,90340,180667,180668,180669,180670,180671,180674,180675,180676,180677,180678,1,-1,2,-2,1,3,1,-1,-3,-1,2,2,5,2,2,-2,-2,-5,-2,-2
0,1,30113,30116,90339,90340,90341,90344,90345,90346,180679,180680,180681,180682,180683,180686,180687,180688,180689,180690,1,-1,2,-2,1,3,1,-1,-3,-1,2,2,5,2,2,-2,-2,-5,-2,-2
0,1,30115,30118,90345,90346,90347,90350,90351,90352,180691,180692,180693,180694,180695,180698,180699,180700,180701,180702,1,-1,2,-2,1,3,1,-1,-3,-1,2,2,5,2,2,-2,-2,-5,-2,-2
0,1,30117,30120,90351,90352,90353,90356,90357,90358,180703,180704,180705,180706,180707,180710,180711,180712,180713,180714,1,-1,2,-2,1,3,1,-1,-3,-1,2,2,5,2,2,-2,-2,-5,-2,-2
0,1,30119,30122,90357,90358,90359,90362,90363,90364,180715,180716,180717,180718,180719,180722,180723,180724,180725,180726,1,-1,2,-2,1,3,1,-1,-3,-1,2,2,5,2,2,-2,-2,-5,-2,-2
0,1,30121,30124,90363,90364,90365,90368,90369,90370,180727,180728,180729,180730,180731,180734,180735,180736,180737,180738,1,-1,2,-2,1,3,1,-1,-3,-1,2,2,5,2,2,-2,-2,-5,-2,-2
0,1,30123,30126,90369,90370,90371,90374,90375,90376,180739,180740,180741,180742,180743,180746,180747,180748,180749,180750,1,-1,2,-2,1,3,1,-1,-3,-1,2,2,5,2,2,-2,-2,-5,-2,-2
0,1,30125,30128,90375,90376,90377,90380,90381,90382,180751,180752,180753,180754,180755,180758,180759,180760,180761,180762,1,-1,2,-2,1,3,1,-1,-3,-1,2,2,5,2,2,-2,-2,-5,-2,-2
0,1,30127,30130,90381,90382,90383,90386,90387,90388,180763,180764,180765,180766,180767,180770,180771,180772,180773,180774,1,-1,2,-2,1,3,1,-1,-3,-1,2,2,5,2,2,-2,-2,-5,-2,-2
0,1,30129,30132,90387,90388,90389,90392,90393,90394,180775,180776,180777,180778,180779,180782,180783,180784,180785,180786,1,-1,2,-2,1,3,1,-1,-3,-1,2,2,5,2,2,-2,-2,-5,-2,-2
0,1,30131,30134,90393,90394,90395,90398,90399,90400,180787,180788,180789,180790,180791,180794,180795,180796,180797,180798,1,-1,2,-2,1,3,1,-1,-3,-1,2,2,5,2,2,-2,-2,-5,-2,-2
0,1,30133,30136,90399,90400,90401,90404,90405,90406,180799,180800,180801,180802,180803,180806,180807,180808,180809,180810,1,-1,2,-2,1,3,1,-1,-3,-1,2,2,5,2,2,-2,-2,-5,-2,-2
0,1,30135,30138,90405,90406,90407,90410,90411,90412,180811,180812,180813,180814,180815,180818,180819,180820,180821,180822,1,-1,2,-2,1,3,1,-1,-3,-1,2,2,5,2,2,-2,-2,-5,-2,-2
0,1,30137,30140,90411,90412,90413,90416,90417,90418,180823,180824,180825,180826,180827,180830,180831,180832,180833,180834,1,-1,2,-2,1,3,1,-1,-3,-1,2,2,5,2,2,-2,-2,-5,-2,-2
0,1,30139,30142,90417,90418,90419,90422,90423,90424,180835,180836,180837,180838,180839,180842,180843,180844,180845,180846,1,-1,2,-2,1,3,1,-1,-3,-1,2,2,5,2,2,-2,-2,-5,-2,-2
0,1,30141,30144,90423,90424,90425,90428,90429,90430,180847,180848,180849,180850,180851,180854,180855,180856,180857,180858,1,-1,2,-2,1,3,1,-1,-3,-1,2,2,5,2,2,-2,-2,-5,-2,-2
0,1,30143,30146,90429,90430,90431,90434,90435,90436,180859,180860,180861,180862,180863,180866,180867,180868,180869,180870,1,-1,2,-2,1,3,1,-1,-3,-1,2,2,5,2,2,-2,-2,-5,-2,-2
0,1,30145,30148,90435,90436,90437,90440,90441,90442,180871,180872,180873,180874,180875,180878,180879,180880,180881,180882,1,-1,2,-2,1,3,1,-1,-3,-1,2,2,5,2,2,-2,-2,-5,-2,-2
0,1,30147,30150,90441,90442,90443,90446,90447,90448,180883,180884,180885,180886,180887,180890,180891,180892,180893,180894,1,-1,2,-2,1,3,1,-1,-3,-1,2,2,5,2,2,-2,-2,-5,-2,-2
0,1,30149,30152,90447,90448,90449,90452,90453,90454,180895,180896,180897,180898,180899,180902,180903,180904,180905,180906,1,-1,2,-2,1,3,1,-1,-3,-1,2,2,5,2,2,-2,-2,-5,-2,-2
0,1,30151,30154,90453,90454,90455,90458,90459,90460,180907,180908,180909,180910,180911,180914,180915,180916,180917,180918,1,-1,2,-2,1,3,1,-1,-3,-1,2,2,5,2,2,-2,-2,-5,-2,-2
0,1,30153,30156,90459,90460,90461,90464,90465,90466,180919,180920,180921,180922,180923,180926,180927,180928,180929,180930,1,-1,2,-2,1,3,1,-1,-3,-1,2,2,5,2,2,-2,-2,-5,-2,-2
0,1,30155,30158,90465,90466,90467,90470,90471,90472,180931,180932,180933,180934,180935,180938,180939,180940,180941,180942,1,-1,2,-2,1,3,1,-1,-3,-1,2,2,5,2,2,-2,-2,-5,-2,-2
0,1,30157,30160,90471,90472,90473,90476,90477,90478,180943,180944,180945,180946,180947,180950,180951,180952,180953,180954,1,-1,2,-2,1,3,1,-1,-3,-1,2,2,5,2,2,-2,-2,-5,-2,-2
0,1,30159,30162,90477,90478,90479,90482,90483,90484,180955,180956,180957,180958,180959,180962,180963,180964,180965,180966,1,-1,2,-2,1,3,1,-1,-3,-1,2,2,5,2,2,-2,-2,-5,-2,-2
0,1,30161,30164,90483,90484,90485,90488,90489,90490,180967,180968,180969,180970,180971,180974,180975,180976,180977,180978,1,-1,2,-2,1,3,1,-1,-3,-1,2,2,5,2,2,-2,-2,-5,-2,-2
0,1,30163,30166,90489,90490,90491,90494,90495,90496,180979,180980,180981,180982,180983,180986,180987,180988,180989,180990,1,-1,2,-2,1,3,1,-1,-3,-1,2,2,5,2,2,-2,-2,-5,-2,-2
0,1,30165,30168,90495,90496,90497,90500,90501,90502,180991,180992,180993,180994,180995,180998,180999,181000,181001,181002,1,-1,2,-2,1,3,1,-1,-3,-1,2,2,5,2,2,-2,-2,-5,-2,-2
0,1,30167,30170,90501,90502,90503,90506,90507,90508,181003,181004,181005,181006,181007,181010,181011,181012,181013,181014,1,-1,2,-2,1,3,1,-1,-3,-1,2,2,5,2,2,-2,-2,-5,-2,-2
0,1,30169,30172,90507,90508,90509,90512,90513,90514,181015,181016,181017,181018,181019,181022,181023,181024,181025,181026,1,-1,2,-2,1,3,1,-1,-3,-1,2,2,5,2,2,-2,-2,-5,-2,-2
0,1,30171,30174,90513,90514,90515,90518,90519,90520,181027,181028,181029,181030,181031,181034,181035,181036,181037,181038,1,-1,2,-2,1,3,1,-1,-3,-1,2,2,5,2,2,-2,-2,-5,-2,-2
0,1,30173,30176,90519,90520,90521,90524,90525,90526,181039,181040,181041,181042,181043,181046,181047,181048,181049,181050,1,-1,2,-2,1,3,1,-1,-3,-1,2,2,5,2,2,-2,-2,-5,-2,-2
0,1,30175,30178,90525,90526,90527,90530,90531,90532,181051,181052,181053,181054,181055,181058,181059,181060,181061,181062,1,-1,2,-2,1,3,1,-1,-3,-1,2,2,5,2,2,-2,-2,-5,-2,-2
0,1,30177,30180,90531,90532,90533,90536,90537,90538,181063,181064,181065,181066,181067,181070,181071,181072,181073,181074,1,-1,2,-2,1,3,1,-1,-3,-1,2,2,5,2,2,-2,-2,-5,-2,-2
0,1,30179,30182,90537,90538,90539,90542,90543,90544,181075,181076,181077,181078,181079,181082,181083,181084,181085,181086,1,-1,2,-2,1,3,1,-1,-3,-1,2,2,5,2,2,-2,-2,-5,-2,-2
0,1,30181,30184,90543,90544,90545,90548,90549,90550,181087,181088,181089,181090,181091,181094,181095,181096,181097,181098,1,-1,2,-2,1,3,1,-1,-3,-1,2,2,5,2,2,-2,-2,-5,-2,-2
0,1,30183,30186,90549,90550,90551,90554,90555,90556,181099,181100,181101,181102,181103,181106,181107,181108,181109,181110,1,-1,2,-2,1,3,1,-1,-3,-1,2,2,5,2,2,-2,-2,-5,-2,-2
0,1,30185,30188,90555,90556,90557,90560,90561,90562,181111,181112,181113,181114,181115,181118,181119,181120,181121,181122,1,-1,2,-2,1,3,1,-1,-3,-1,2,2,5,2,2,-2,-2,-5,-2,-2
0,1,30187,30190,90561,90562,90563,90566,90567,90568,181123,181124,181125,181126,181127,181130,181131,181132,181133,181134,1,-1,2,-2,1,3,1,-1,-3,-1,2,2,5,2,2,-2,-2,-5,-2,-2
0,1,30189,30192,90567,90568,90569,90572,90573,90574,181135,181136,181137,181138,181139,181142,181143,181144,181145,181146,1,-1,2,-2,1,3,1,-1,-3,-1,2,2,5,2,2,-2,-2,-5,-2,-2
0,1,30191,30194,90573,90574,90575,90578,90579,90580,181147,181148,181149,181150,181151,181154,181155,181156,181157,181158,1,-1,2,-2,1,3,1,-1,-3,-1,2,2,5,2,2,-2,-2,-5,-2,-2
0,1,30193,30196,90579,90580,90581,90584,90585,90586,181159,181160,181161,181162,181163,181166,181167,181168,181169,181170,1,-1,2,-2,1,3,1,-1,-3,-1,2,2,5,2,2,-2,-2,-5,-2,-2
0,1,30195,30198,90585,90586,90587,90590,90591,90592,181171,181172,181173,181174,181175,181178,181179,181180,181181,181182,1,-1,2,-2,1,3,1,-1,-3,-1,2,2,5,2,2,-2,-2,-5,-2,-2
0,1,30197,30200,90591,90592,90593,90596,90597,90598,181183,181184,181185,181186,181187,181190,181191,181192,181193,181194,1,-1,2,-2,1,3,1,-1,-3,-1,2,2,5,2,2,-2,-2,-5,-2,-2
0,1,30199,30202,90597,90598,90599,90602,90603,90604,181195,181196,181197,181198,181199,181202,181203,181204,181205,181206,1,-1,2,-2,1,3,1,-1,-3,-1,2,2,5,2,2,-2,-2,-5,-2,-2
0,1,30201,30204,90603,90604,90605,90608,90609,90610,181207,181208,181209,181210,181211,181214,181215,181216,181217,181218,1,-1,2,-2,1,3,1,-1,-3,-1,2,2,5,2,2,-2,-2,-5,-2,-2
0,1,30203,30206,90609,90610,90611,90614,90615,90616,181219,181220,181221,181222,181223,181226,181227,181228,181229,181230,1,-1,2,-2,1,3,1,-1,-3,-1,2,2,5,2,2,-2,-2,-5,-2,-2
0,1,30205,30208,90615,90616,90617,90620,90621,90622,181231,181232,181233,181234,181235,181238,181239,181240,181241,181242,1,-1,2,-2,1,3,1,-1,-3,-1,2,2,5,2,2,-2,-2,-5,-2,-2
0,1,30207,30210,90621,90622,90623,90626,90627,90628,181243,181244,181245,181246,181247,181250,181251,181252,181253,181254,1,-1,2,-2,1,3,1,-1,-3,-1,2,2,5,2,2,-2,-2,-5,-2,-2
0,1,30209,30212,90627,90628,90629,90632,90633,90634,181255,181256,181257,181258,181259,181262,181263,181264,181265,181266,1,-1,2,-2,1,3,1,-1,-3,-1,2,2,5,2,2,-2,-2,-5,-2,-2
0,1,30211,30214,90633,90634,90635,90638,90639,90640,181267,181268,181269,181270,181271,181274,181275,181276,181277,181278,1,-1,2,-2,1,3,1,-1,-3,-1,2,2,5,2,2,-2,-2,-5,-2,-2
0,1,30213,30216,90639,90640,90641,90644,90645,90646,181279,181280,181281,181282,181283,181286,181287,181288,181289,181290,1,-1,2,-2,1,3,1,-1,-3,-1,2,2,5,2,2,-2,-2,-5,-2,-2
0,1,30215,30218,90645,90646,90647,90650,90651,90652,181291,181292,181293,181294,181295,181298,181299,181300,181301,181302,1,-1,2,-2,1,3,1,-1,-3,-1,2,2,5,2,2,-2,-2,-5,-2,-2
0,1,30217,30220,90651,90652,90653,90656,90657,90658,181303,181304,181305,181306,181307,181310,181311,181312,181313,181314,1,-1,2,-2,1,3,1,-1,-3,-1,2,2,5,2,2,-2,-2,-5,-2,-2
0,1,30219,30222,90657,90658,90659,90662,90663,90664,181315,181316,181317,181318,181319,181322,181323,181324,181325,181326,1,-1,2,-2,1,3,1,-1,-3,-1,2,2,5,2,2,-2,-2,-5,-2,-2
0,1,30221,30224,90663,90664,90665,90668,90669,90670,181327,181328,181329,181330,181331,181334,181335,181336,181337,181338,1,-1,2,-2,1,3,1,-1,-3,-1,2,2,5,2,2,-2,-2,-5,-2,-2
0,1,30223,30226,90669,90670,90671,90674,90675,90676,181339,181340,181341,181342,181343,181346,181347,181348,181349,181350,1,-1,2,-2,1,3,1,-1,-3,-1,2,2,5,2,2,-2,-2,-5,-2,-2
0,1,30225,30228,90675,90676,90677,90680,90681,90682,181351,181352,181353,181354,181355,181358,181359,181360,181361,181362,1,-1,2,-2,1,3,1,-1,-3,-1,2,2,5,2,2,-2,-2,-5,-2,-2
0,1,30227,30230,90681,90682,90683,90686,90687,90688,181363,181364,181365,181366,181367,181370,181371,181372,181373,181374,1,-1,2,-2,1,3,1,-1,-3,-1,2,2,5,2,2,-2,-2,-5,-2,-2
0,1,30229,30232,90687,90688,90689,90692,90693,90694,181375,181376,181377,181378,181379,181382,181383,181384,181385,181386,1,-1,2,-2,1,3,1,-1,-3,-1,2,2,5,2,2,-2,-2,-5,-2,-2
0,1,30231,30234,90693,90694,90695,90698,90699,90700,181387,181388,181389,181390,181391,181394,181395,181396,181397,181398,1,-1,2,-2,1,3,1,-1,-3,-1,2,2,5,2,2,-2,-2,-5,-2,-2
0,1,30233,30236,90699,90700,90701,90704,90705,90706,181399,181400,181401,181402,181403,181406,181407,181408,181409,181410,1,-1,2,-2,1,3,1,-1,-3,-1,2,2,5,2,2,-2,-2,-5,-2,-2
0,1,30235,30238,90705,90706,90707,90710,90711,90712,181411,181412,181413,181414,181415,181418,181419,181420,181421,181422,1,-1,2,-2,1,3,1,-1,-3,-1,2,2,5,2,2,-2,-2,-5,-2,-2
0,1,30237,30240,90711,90712,90713,90716,90717,90718,181423,181424,181425,181426,181427,181430,181431,181432,181433,181434,1,-1,2,-2,1,3,1,-1,-3,-1,2,2,5,2,2,-2,-2,-5,-2,-2
0,1,30239,30242,90717,90718,90719,90722,90723,90724,181435,181436,181437,181438,181439,181442,181443,181444,181445,181446,1,-1,2,-2,1,3,1,-1,-3,-1,2,2,5,2,2,-2,-2,-5,-2,-2
0,1,30241,30244,90723,90724,90725,90728,90729,90730,181447,181448,181449,181450,181451,181454,181455,181456,181457,181458,1,-1,2,-2,1,3,1,-1,-3,-1,2,2,5,2,2,-2,-2,-5,-2,-2
0,1,30243,30246,90729,90730,90731,90734,90735,90736,181459,181460,181461,181462,181463,181466,181467,181468,181469,181470,1,-1,2,-2,1,3,1,-1,-3,-1,2,2,5,2,2,-2,-2,-5,-2,-2
0,1,30245,30248,90735,90736,90737,90740,90741,90742,181471,181472,181473,181474,181475,181478,181479,181480,181481,181482,1,-1,2,-2,1,3,1,-1,-3,-1,2,2,5,2,2,-2,-2,-5,-2,-2
0,1,30247,30250,90741,90742,90743,90746,90747,90748,181483,181484,181485,181486,181487,181490,181491,181492,181493,181494,1,-1,2,-2,1,3,1,-1,-3,-1,2,2,5,2,2,-2,-2,-5,-2,-2
0,1,30249,30252,90747,90748,90749,90752,90753,90754,181495,181496,181497,181498,181499,181502,181503,181504,181505,181506,1,-1,2,-2,1,3,1,-1,-3,-1,2,2,5,2,2,-2,-2,-5,-2,-2
0,1,30251,30254,90753,90754,90755,90758,90759,90760,181507,181508,181509,181510,181511,181514,181515,181516,181517,181518,1,-1,2,-2,1,3,1,-1,-3,-1,2,2,5,2,2,-2,-2,-5,-2,-2
0,1,30253,30256,90759,90760,90761,90764,90765,90766,181519,181520,181521,181522,181523,181526,181527,181528,181529,181530,1,-1,2,-2,1,3,1,-1,-3,-1,2,2,5,2,2,-2,-2,-5,-2,-2
0,1,30255,30258,90765,90766,90767,90770,90771,90772,181531,181532,181533,181534,181535,181538,181539,181540,181541,181542,1,-1,2,-2,1,3,1,-1,-3,-1,2,2,5,2,2,-2,-2,-5,-2,-2
0,1,30257,30260,90771,90772,90773,90776,90777,90778,181543,181544,181545,181546,181547,181550,181551,181552,181553,181554,1,-1,2,-2,1,3,1,-1,-3,-1,2,2,5,2,2,-2,-2,-5,-2,-2
0,1,30259,30262,90777,90778,90779,90782,90783,90784,181555,181556,181557,181558,181559,181562,181563,181564,181565,181566,1,-1,2,-2,1,3,1,-1,-3,-1,2,2,5,2,2,-2,-2,-5,-2,-2
0,1,30261,30264,90783,90784,90785,90788,90789,90790,181567,181568,181569,181570,181571,181574,181575,181576,181577,181578,1,-1,2,-2,1,3,1,-1,-3,-1,2,2,5,2,2,-2,-2,-5,-2,-2
0,1,30263,30266,90789,90790,90791,90794,90795,90796,181579,181580,181581,181582,181583,181586,181587,181588,181589,181590,1,-1,2,-2,1,3,1,-1,-3,-1,2,2,5,2,2,-2,-2,-5,-2,-2
0,1,30265,30268,90795,90796,90797,90800,90801,90802,181591,181592,181593,181594,181595,181598,181599,181600,181601,181602,1,-1,2,-2,1,3,1,-1,-3,-1,2,2,5,2,2,-2,-2,-5,-2,-2
0,1,30267,30270,90801,90802,90803,90806,90807,90808,181603,181604,181605,181606,181607,181610,181611,181612,181613,181614,1,-1,2,-2,1,3,1,-1,-3,-1,2,2,5,2,2,-2,-2,-5,-2,-2
0,1,30269,30272,90807,90808,90809,90812,90813,90814,181615,181616,181617,181618,181619,181622,181623,181624,181625,181626,1,-1,2,-2,1,3,1,-1,-3,-1,2,2,5,2,2,-2,-2,-5,-2,-2
0,1,30271,30274,90813,90814,90815,90818,90819,90820,181627,181628,181629,181630,181631,181634,181635,181636,181637,181638,1,-1,2,-2,1,3,1,-1,-3,-1,2,2,5,2,2,-2,-2,-5,-2,-2
0,1,30273,30276,90819,90820,90821,90824,90825,90826,181639,181640,181641,181642,181643,181646,181647,181648,181649,181650,1,-1,2,-2,1,3,1,-1,-3,-1,2,2,5,2,2,-2,-2,-5,-2,-2
0,1,30275,30278,90825,90826,90827,90830,90831,90832,181651,181652,181653,181654,181655,181658,181659,181660,181661,181662,1,-1,2,-2,1,3,1,-1,-3,-1,2,2,5,2,2,-2,-2,-5,-2,-2
0,1,30277,30280,90831,90832,90833,90836,90837,90838,181663,181664,181665,181666,181667,181670,181671,181672,181673,181674,1,-1,2,-2,1,3,1,-1,-3,-1,2,2,5,2,2,-2,-2,-5,-2,-2
0,1,30279,30282,90837,90838,90839,90842,90843,90844,181675,181676,181677,181678,181679,181682,181683,181684,181685,181686,1,-1,2,-2,1,3,1,-1,-3,-1,2,2,5,2,2,-2,-2,-5,-2,-2
0,1,30281,30284,90843,90844,90845,90848,90849,90850,181687,181688,181689,181690,181691,181694,181695,181696,181697,181698,1,-1,2,-2,1,3,1,-1,-3,-1,2,2,5,2,2,-2,-2,-5,-2,-2
0,1,30283,30286,90849,90850,90851,90854,90855,90856,181699,181700,181701,181702,181703,181706,181707,181708,181709,181710,1,-1,2,-2,1,3,1,-1,-3,-1,2,2,5,2,2,-2,-2,-5,-2,-2
0,1,30285,30288,90855,90856,90857,90860,90861,90862,181711,181712,181713,181714,181715,181718,181719,181720,181721,181722,1,-1,2,-2,1,3,1,-1,-3,-1,2,2,5,2,2,-2,-2,-5,-2,-2
0,1,30287,30290,90861,90862,90863,90866,90867,90868,181723,181724,181725,181726,181727,181730,181731,181732,181733,181734,1,-1,2,-2,1,3,1,-1,-3,-1,2,2,5,2,2,-2,-2,-5,-2,-2
0,1,30289,30292,90867,90868,90869,90872,90873,90874,181735,181736,181737,181738,181739,181742,181743,181744,181745,181746,1,-1,2,-2,1,3,1,-1,-3,-1,2,2,5,2,2,-2,-2,-5,-2,-2
0,1,30291,30294,90873,90874,90875,90878,90879,90880,181747,181748,181749,181750,181751,181754,181755,181756,181757,181758,1,-1,2,-2,1,3,1,-1,-3,-1,2,2,5,2,2,-2,-2,-5,-2,-2
0,1,30293,30296,90879,90880,90881,90884,90885,90886,181759,181760,181761,181762,181763,181766,181767,181768,181769,181770,1,-1,2,-2,1,3,1,-1,-3,-1,2,2,5,2,2,-2,-2,-5,-2,-2
0,1,30295,30298,90885,90886,90887,90890,90891,90892,181771,181772,181773,181774,181775,181778,181779,181780,181781,181782,1,-1,2,-2,1,3,1,-1,-3,-1,2,2,5,2,2,-2,-2,-5,-2,-2
0,1,30297,30300,90891,90892,90893,90896,90897,90898,181783,181784,181785,181786,181787,181790,181791,181792,181793,181794,1,-1,2,-2,1,3,1,-1,-3,-1,2,2,5,2,2,-2,-2,-5,-2,-2
0,1,30299,30302,90897,90898,90899,90902,90903,90904,181795,181796,181797,181798,181799,181802,181803,181804,181805,181806,1,-1,2,-2,1,3,1,-1,-3,-1,2,2,5,2,2,-2,-2,-5,-2,-2
0,1,30301,30304,90903,90904,90905,90908,90909,90910,181807,181808,181809,181810,181811,181814,181815,181816,181817,181818,1,-1,2,-2,1,3,1,-1,-3,-1,2,2,5,2,2,-2,-2,-5,-2,-2
0,1,30303,30306,90909,90910,90911,90914,90915,90916,181819,181820,181821,181822,181823,181826,181827,181828,181829,181830,1,-1,2,-2,1,3,1,-1,-3,-1,2,2,5,2,2,-2,-2,-5,-2,-2
0,1,30305,30308,90915,90916,90917,90920,90921,90922,181831,181832,181833,181834,181835,181838,181839,181840,181841,181842,1,-1,2,-2,1,3,1,-1,-3,-1,2,2,5,2,2,-2,-2,-5,-2,-2
0,1,30307,30310,90921,90922,90923,90926,90927,90928,181843,181844,181845,181846,181847,181850,181851,181852,181853,181854,1,-1,2,-2,1,3,1,-1,-3,-1,2,2,5,2,2,-2,-2,-5,-2,-2
0,1,30309,30312,90927,90928,90929,90932,90933,90934,181855,181856,181857,181858,181859,181862,181863,181864,181865,181866,1,-1,2,-2,1,3,1,-1,-3,-1,2,2,5,2,2,-2,-2,-5,-2,-2
0,1,30311,30314,90933,90934,90935,90938,90939,90940,181867,181868,181869,181870,181871,181874,181875,181876,181877,181878,1,-1,2,-2,1,3,1,-1,-3,-1,2,2,5,2,2,-2,-2,-5,-2,-2
0,1,30313,30316,90939,90940,90941,90944,90945,90946,181879,181880,181881,181882,181883,181886,181887,181888,181889,181890,1,-1,2,-2,1,3,1,-1,-3,-1,2,2,5,2,2,-2,-2,-5,-2,-2
0,1,30315,30318,90945,90946,90947,90950,90951,90952,181891,181892,181893,181894,181895,181898,181899,181900,181901,181902,1,-1,2,-2,1,3,1,-1,-3,-1,2,2,5,2,2,-2,-2,-5,-2,-2
0,1,30317,30320,90951,90952,90953,90956,90957,90958,181903,181904,181905,181906,181907,181910,181911,181912,181913,181914,1,-1,2,-2,1,3,1,-1,-3,-1,2,2,5,2,2,-2,-2,-5,-2,-2
0,1,30319,30322,90957,90958,90959,90962,90963,90964,181915,181916,181917,181918,181919,181922,181923,181924,181925,181926,1,-1,2,-2,1,3,1,-1,-3,-1,2,2,5,2,2,-2,-2,-5,-2,-2
0,1,30321,30324,90963,90964,90965,90968,90969,90970,181927,181928,181929,181930,181931,181934,181935,181936,181937,181938,1,-1,2,-2,1,3,1,-1,-3,-1,2,2,5,2,2,-2,-2,-5,-2,-2
0,1,30323,30326,90969,90970,90971,90974,90975,90976,181939,181940,181941,181942,181943,181946,181947,181948,181949,181950,1,-1,2,-2,1,3,1,-1,-3,-1,2,2,5,2,2,-2,-2,-5,-2,-2
0,1,30325,30328,90975,90976,90977,90980,90981,90982,181951,181952,181953,181954,181955,181958,181959,181960,181961,181962,1,-1,2,-2,1,3,1,-1,-3,-1,2,2,5,2,2,-2,-2,-5,-2,-2
0,1,30327,30330,90981,90982,90983,90986,90987,90988,181963,181964,181965,181966,181967,181970,181971,181972,181973,181974,1,-1,2,-2,1,3,1,-1,-3,-1,2,2,5,2,2,-2,-2,-5,-2,-2
0,1,30329,30332,90987,90988,90989,90992,90993,90994,181975,181976,181977,181978,181979,181982,181983,181984,181985,181986,1,-1,2,-2,1,3,1,-1,-3,-1,2,2,5,2,2,-2,-2,-5,-2,-2
0,1,30331,30334,90993,90994,90995,90998,90999,91000,181987,181988,181989,181990,181991,181994,181995,181996,181997,181998,1,-1,2,-2,1,3,1,-1,-3,-1,2,2,5,2,2,-2,-2,-5,-2,-2
0,1,30333,30336,90999,91000,91001,91004,91005,91006,181999,182000,182001,182002,182003,182006,182007,182008,182009,182010,1,-1,2,-2,1,3,1,-1,-3,-1,2,2,5,2,2,-2,-2,-5,-2,-2
0,1,30335,30338,91005,91006,91007,91010,91011,91012,182011,182012,182013,182014,182015,182018,182019,182020,182021,182022,1,-1,2,-2,1,3,1,-1,-3,-1,2,2,5,2,2,-2,-2,-5,-2,-2
0,1,30337,30340,91011,91012,91013,91016,91017,91018,182023,182024,182025,182026,182027,182030,182031,182032,182033,182034,1,-1,2,-2,1,3,1,-1,-3,-1,2,2,5,2,2,-2,-2,-5,-2,-2
0,1,30339,30342,91017,91018,91019,91022,91023,91024,182035,182036,182037,182038,182039,182042,182043,182044,182045,182046,1,-1,2,-2,1,3,1,-1,-3,-1,2,2,5,2,2,-2,-2,-5,-2,-2
0,1,30341,30344,91023,91024,91025,91028,91029,91030,182047,182048,182049,182050,182051,182054,182055,182056,182057,182058,1,-1,2,-2,1,3,1,-1,-3,-1,2,2,5,2,2,-2,-2,-5,-2,-2
0,1,30343,30346,91029,91030,91031,91034,91035,91036,182059,182060,182061,182062,182063,182066,182067,182068,182069,182070,1,-1,2,-2,1,3,1,-1,-3,-1,2,2,5,2,2,-2,-2,-5,-2,-2
0,1,30345,30348,91035,91036,91037,91040,91041,91042,182071,182072,182073,182074,182075,182078,182079,182080,182081,182082,1,-1,2,-2,1,3,1,-1,-3,-1,2,2,5,2,2,-2,-2,-5,-2,-2
0,1,30347,30350,91041,91042,91043,91046,91047,91048,182083,182084,182085,182086,182087,182090,182091,182092,182093,182094,1,-1,2,-2,1,3,1,-1,-3,-1,2,2,5,2,2,-2,-2,-5,-2,-2
0,1,30349,30352,91047,91048,91049,91052,91053,91054,182095,182096,182097,182098,182099,182102,182103,182104,182105,182106,1,-1,2,-2,1,3,1,-1,-3,-1,2,2,5,2,2,-2,-2,-5,-2,-2
0,1,30351,30354,91053,91054,91055,91058,91059,91060,182107,182108,182109,182110,182111,182114,182115,182116,182117,182118,1,-1,2,-2,1,3,1,-1,-3,-1,2,2,5,2,2,-2,-2,-5,-2,-2
0,1,30353,30356,91059,91060,91061,91064,91065,91066,182119,182120,182121,182122,182123,182126,182127,182128,182129,182130,1,-1,2,-2,1,3,1,-1,-3,-1,2,2,5,2,2,-2,-2,-5,-2,-2
0,1,30355,30358,91065,91066,91067,91070,91071,91072,182131,182132,182133,182134,182135,182138,182139,182140,182141,182142,1,-1,2,-2,1,3,1,-1,-3,-1,2,2,5,2,2,-2,-2,-5,-2,-2
0,1,30357,30360,91071,91072,91073,91076,91077,91078,182143,182144,182145,182146,182147,182150,182151,182152,182153,182154,1,-1,2,-2,1,3,1,-1,-3,-1,2,2,5,2,2,-2,-2,-5,-2,-2
0,1,30359,30362,91077,91078,91079,91082,91083,91084,182155,182156,182157,182158,182159,182162,182163,182164,182165,182166,1,-1,2,-2,1,3,1,-1,-3,-1,2,2,5,2,2,-2,-2,-5,-2,-2
0,1,30361,30364,91083,91084,91085,91088,91089,91090,182167,182168,182169,182170,182171,182174,182175,182176,182177,182178,1,-1,2,-2,1,3,1,-1,-3,-1,2,2,5,2,2,-2,-2,-5,-2,-2
0,1,30363,30366,91089,91090,91091,91094,91095,91096,182179,182180,182181,182182,182183,182186,182187,182188,182189,182190,1,-1,2,-2,1,3,1,-1,-3,-1,2,2,5,2,2,-2,-2,-5,-2,-2
0,1,30365,30368,91095,91096,91097,91100,91101,91102,182191,182192,182193,182194,182195,182198,182199,182200,182201,182202,1,-1,2,-2,1,3,1,-1,-3,-1,2,2,5,2,2,-2,-2,-5,-2,-2
0,1,30367,30370,91101,91102,91103,91106,91107,91108,182203,182204,182205,182206,182207,182210,182211,182212,182213,182214,1,-1,2,-2,1,3,1,-1,-3,-1,2,2,5,2,2,-2,-2,-5,-2,-2
0,1,30369,30372,91107,91108,91109,91112,91113,91114,182215,182216,182217,182218,182219,182222,182223,182224,182225,182226,1,-1,2,-2,1,3,1,-1,-3,-1,2,2,5,2,2,-2,-2,-5,-2,-2
0,1,30371,30374,91113,91114,91115,91118,91119,91120,182227,182228,182229,182230,182231,182234,182235,182236,182237,182238,1,-1,2,-2,1,3,1,-1,-3,-1,2,2,5,2,2,-2,-2,-5,-2,-2
0,1,30373,30376,91119,91120,91121,91124,91125,91126,182239,182240,182241,182242,182243,182246,182247,182248,182249,182250,1,-1,2,-2,1,3,1,-1,-3,-1,2,2,5,2,2,-2,-2,-5,-2,-2
0,1,30375,30378,91125,91126,91127,91130,91131,91132,182251,182252,182253,182254,182255,182258,182259,182260,182261,182262,1,-1,2,-2,1,3,1,-1,-3,-1,2,2,5,2,2,-2,-2,-5,-2,-2
0,1,30377,30380,91131,91132,91133,91136,91137,91138,182263,182264,182265,182266,182267,182270,182271,182272,182273,182274,1,-1,2,-2,1,3,1,-1,-3,-1,2,2,5,2,2,-2,-2,-5,-2,-2
0,1,30379,30382,91137,91138,91139,91142,91143,91144,182275,182276,182277,182278,182279,182282,182283,182284,182285,182286,1,-1,2,-2,1,3,1,-1,-3,-1,2,2,5,2,2,-2,-2,-5,-2,-2
0,1,30381,30384,91143,91144,91145,91148,91149,91150,182287,182288,182289,182290,182291,182294,182295,182296,182297,182298,1,-1,2,-2,1,3,1,-1,-3,-1,2,2,5,2,2,-2,-2,-5,-2,-2
0,1,30383,30386,91149,91150,91151,91154,91155,91156,182299,182300,182301,182302,182303,182306,182307,182308,182309,182310,1,-1,2,-2,1,3,1,-1,-3,-1,2,2,5,2,2,-2,-2,-5,-2,-2
0,1,30385,30388,91155,91156,91157,91160,91161,91162,182311,182312,182313,182314,182315,182318,182319,182320,182321,182322,1,-1,2,-2,1,3,1,-1,-3,-1,2,2,5,2,2,-2,-2,-5,-2,-2
0,1,30387,30390,91161,91162,91163,91166,91167,91168,182323,182324,182325,182326,182327,182330,182331,182332,182333,182334,1,-1,2,-2,1,3,1,-1,-3,-1,2,2,5,2,2,-2,-2,-5,-2,-2
0,1,30389,30392,91167,91168,91169,91172,91173,91174,182335,182336,182337,182338,182339,182342,182343,182344,182345,182346,1,-1,2,-2,1,3,1,-1,-3,-1,2,2,5,2,2,-2,-2,-5,-2,-2
0,1,30391,30394,91173,91174,91175,91178,91179,91180,182347,182348,182349,182350,182351,182354,182355,182356,182357,182358,1,-1,2,-2,1,3,1,-1,-3,-1,2,2,5,2,2,-2,-2,-5,-2,-2
0,1,30393,30396,91179,91180,91181,91184,91185,91186,182359,182360,182361,182362,182363,182366,182367,182368,182369,182370,1,-1,2,-2,1,3,1,-1,-3,-1,2,2,5,2,2,-2,-2,-5,-2,-2
0,1,30395,30398,91185,91186,91187,91190,91191,91192,182371,182372,182373,182374,182375,182378,182379,182380,182381,182382,1,-1,2,-2,1,3,1,-1,-3,-1,2,2,5,2,2,-2,-2,-5,-2,-2
0,1,30397,30400,91191,91192,91193,91196,91197,91198,182383,182384,182385,182386,182387,182390,182391,182392,182393,182394,1,-1,2,-2,1,3,1,-1,-3,-1,2,2,5,2,2,-2,-2,-5,-2,-2
0,1,30399,30402,91197,91198,91199,91202,91203,91204,182395,182396,182397,182398,182399,182402,182403,182404,182405,182406,1,-1,2,-2,1,3,1,-1,-3,-1,2,2,5,2,2,-2,-2,-5,-2,-2
0,1,30401,30404,91203,91204,91205,91208,91209,91210,182407,182408,182409,182410,182411,182414,182415,182416,182417,182418,1,-1,2,-2,1,3,1,-1,-3,-1,2,2,5,2,2,-2,-2,-5,-2,-2
0,1,30403,30406,91209,91210,91211,91214,91215,91216,182419,182420,182421,182422,182423,182426,182427,182428,182429,182430,1,-1,2,-2,1,3,1,-1,-3,-1,2,2,5,2,2,-2,-2,-5,-2,-2
0,1,30405,30408,91215,91216,91217,91220,91221,91222,182431,182432,182433,182434,182435,182438,182439,182440,182441,182442,1,-1,2,-2,1,3,1,-1,-3,-1,2,2,5,2,2,-2,-2,-5,-2,-2
0,1,30407,30410,91221,91222,91223,91226,91227,91228,182443,182444,182445,182446,182447,182450,182451,182452,182453,182454,1,-1,2,-2,1,3,1,-1,-3,-1,2,2,5,2,2,-2,-2,-5,-2,-2
0,1,30409,30412,91227,91228,91229,91232,91233,91234,182455,182456,182457,182458,182459,182462,182463,182464,182465,182466,1,-1,2,-2,1,3,1,-1,-3,-1,2,2,5,2,2,-2,-2,-5,-2,-2
0,1,30411,30414,91233,91234,91235,91238,91239,91240,182467,182468,182469,182470,182471,182474,182475,182476,182477,182478,1,-1,2,-2,1,3,1,-1,-3,-1,2,2,5,2,2,-2,-2,-5,-2,-2
0,1,30413,30416,91239,91240,91241,91244,91245,91246,182479,182480,182481,182482,182483,182486,182487,182488,182489,182490,1,-1,2,-2,1,3,1,-1,-3,-1,2,2,5,2,2,-2,-2,-5,-2,-2
0,1,30415,30418,91245,91246,91247,91250,91251,91252,182491,182492,182493,182494,182495,182498,182499,182500,182501,182502,1,-1,2,-2,1,3,1,-1,-3,-1,2,2,5,2,2,-2,-2,-5,-2,-2
0,1,30417,30420,91251,91252,91253,91256,91257,91258,182503,182504,182505,182506,182507,182510,182511,182512,182513,182514,1,-1,2,-2,1,3,1,-1,-3,-1,2,2,5,2,2,-2,-2,-5,-2,-2
0,1,30419,30422,91257,91258,91259,91262,91263,91264,182515,182516,182517,182518,182519,182522,182523,182524,182525,182526,1,-1,2,-2,1,3,1,-1,-3,-1,2,2,5,2,2,-2,-2,-5,-2,-2
0,1,30421,30424,91263,91264,91265,91268,91269,91270,182527,182528,182529,182530,182531,182534,182535,182536,182537,182538,1,-1,2,-2,1,3,1,-1,-3,-1,2,2,5,2,2,-2,-2,-5,-2,-2
0,1,30423,30426,91269,91270,91271,91274,91275,91276,182539,182540,182541,182542,182543,182546,182547,182548,182549,182550,1,-1,2,-2,1,3,1,-1,-3,-1,2,2,5,2,2,-2,-2,-5,-2,-2
0,1,30425,30428,91275,91276,91277,91280,91281,91282,182551,182552,182553,182554,182555,182558,182559,182560,182561,182562,1,-1,2,-2,1,3,1,-1,-3,-1,2,2,5,2,2,-2,-2,-5,-2,-2
0,1,30427,30430,91281,91282,91283,91286,91287,91288,182563,182564,182565,182566,182567,182570,182571,182572,182573,182574,1,-1,2,-2,1,3,1,-1,-3,-1,2,2,5,2,2,-2,-2,-5,-2,-2
0,1,30429,30432,91287,91288,91289,91292,91293,91294,182575,182576,182577,182578,182579,182582,182583,182584,182585,182586,1,-1,2,-2,1,3,1,-1,-3,-1,2,2,5,2,2,-2,-2,-5,-2,-2
0,1,30431,30434,91293,91294,91295,91298,91299,91300,182587,182588,182589,182590,182591,182594,182595,182596,182597,182598,1,-1,2,-2,1,3,1,-1,-3,-1,2,2,5,2,2,-2,-2,-5,-2,-2
0,1,30433,30436,91299,91300,91301,91304,91305,91306,182599,182600,182601,182602,182603,182606,182607,182608,182609,182610,1,-1,2,-2,1,3,1,-1,-3,-1,2,2,5,2,2,-2,-2,-5,-2,-2
0,1,30435,30438,91305,91306,91307,91310,91311,91312,182611,182612,182613,182614,182615,182618,182619,182620,182621,182622,1,-1,2,-2,1,3,1,-1,-3,-1,2,2,5,2,2,-2,-2,-5,-2,-2
0,1,30437,30440,91311,91312,91313,91316,91317,91318,182623,182624,182625,182626,182627,182630,182631,182632,182633,182634,1,-1,2,-2,1,3,1,-1,-3,-1,2,2,5,2,2,-2,-2,-5,-2,-2
0,1,30439,30442,91317,91318,91319,91322,91323,91324,182635,182636,182637,182638,182639,182642,182643,182644,182645,182646,1,-1,2,-2,1,3,1,-1,-3,-1,2,2,5,2,2,-2,-2,-5,-2,-2
0,1,30441,30444,91323,91324,91325,91328,91329,91330,182647,182648,182649,182650,182651,182654,182655,182656,182657,182658,1,-1,2,-2,1,3,1,-1,-3,-1,2,2,5,2,2,-2,-2,-5,-2,-2
0,1,30443,30446,91329,91330,91331,91334,91335,91336,182659,182660,182661,182662,182663,182666,182667,182668,182669,182670,1,-1,2,-2,1,3,1,-1,-3,-1,2,2,5,2,2,-2,-2,-5,-2,-2
0,1,30445,30448,91335,91336,91337,91340,91341,91342,182671,182672,182673,182674,182675,182678,182679,182680,182681,182682,1,-1,2,-2,1,3,1,-1,-3,-1,2,2,5,2,2,-2,-2,-5,-2,-2
0,1,30447,30450,91341,91342,91343,91346,91347,91348,182683,182684,182685,182686,182687,182690,182691,182692,182693,182694,1,-1,2,-2,1,3,1,-1,-3,-1,2,2,5,2,2,-2,-2,-5,-2,-2
0,1,30449,30452,91347,91348,91349,91352,91353,91354,182695,182696,182697,182698,182699,182702,182703,182704,182705,182706,1,-1,2,-2,1,3,1,-1,-3,-1,2,2,5,2,2,-2,-2,-5,-2,-2
0,1,30451,30454,91353,91354,91355,91358,91359,91360,182707,182708,182709,182710,182711,182714,182715,182716,182717,182718,1,-1,2,-2,1,3,1,-1,-3,-1,2,2,5,2,2,-2,-2,-5,-2,-2
0,1,30453,30456,91359,91360,91361,91364,91365,91366,182719,182720,182721,182722,182723,182726,182727,182728,182729,182730,1,-1,2,-2,1,3,1,-1,-3,-1,2,2,5,2,2,-2,-2,-5,-2,-2
0,1,30455,30458,91365,91366,91367,91370,91371,91372,182731,182732,182733,182734,182735,182738,182739,182740,182741,182742,1,-1,2,-2,1,3,1,-1,-3,-1,2,2,5,2,2,-2,-2,-5,-2,-2
0,1,30457,30460,91371,91372,91373,91376,91377,91378,182743,182744,182745,182746,182747,182750,182751,182752,182753,182754,1,-1,2,-2,1,3,1,-1,-3,-1,2,2,5,2,2,-2,-2,-5,-2,-2
0,1,30459,30462,91377,91378,91379,91382,91383,91384,182755,182756,182757,182758,182759,182762,182763,182764,182765,182766,1,-1,2,-2,1,3,1,-1,-3,-1,2,2,5,2,2,-2,-2,-5,-2,-2
0,1,30461,30464,91383,91384,91385,91388,91389,91390,182767,182768,182769,182770,182771,182774,182775,182776,182777,182778,1,-1,2,-2,1,3,1,-1,-3,-1,2,2,5,2,2,-2,-2,-5,-2,-2
0,1,30463,30466,91389,91390,91391,91394,91395,91396,182779,182780,182781,182782,182783,182786,182787,182788,182789,182790,1,-1,2,-2,1,3,1,-1,-3,-1,2,2,5,2,2,-2,-2,-5,-2,-2
0,1,30465,30468,91395,91396,91397,91400,91401,91402,182791,182792,182793,182794,182795,182798,182799,182800,182801,182802,1,-1,2,-2,1,3,1,-1,-3,-1,2,2,5,2,2,-2,-2,-5,-2,-2
0,1,30467,30470,91401,91402,91403,91406,91407,91408,182803,182804,182805,182806,182807,182810,182811,182812,182813,182814,1,-1,2,-2,1,3,1,-1,-3,-1,2,2,5,2,2,-2,-2,-5,-2,-2
0,1,30469,30472,91407,91408,91409,91412,91413,91414,182815,182816,182817,182818,182819,182822,182823,182824,182825,182826,1,-1,2,-2,1,3,1,-1,-3,-1,2,2,5,2,2,-2,-2,-5,-2,-2
0,1,30471,30474,91413,91414,91415,91418,91419,91420,182827,182828,182829,182830,182831,182834,182835,182836,182837,182838,1,-1,2,-2,1,3,1,-1,-3,-1,2,2,5,2,2,-2,-2,-5,-2,-2
0,1,30473,30476,91419,91420,91421,91424,91425,91426,182839,182840,182841,182842,182843,182846,182847,182848,182849,182850,1,-1,2,-2,1,3,1,-1,-3,-1,2,2,5,2,2,-2,-2,-5,-2,-2
0,1,30475,30478,91425,91426,91427,91430,91431,91432,182851,182852,182853,182854,182855,182858,182859,182860,182861,182862,1,-1,2,-2,1,3,1,-1,-3,-1,2,2,5,2,2,-2,-2,-5,-2,-2
0,1,30477,30480,91431,91432,91433,91436,91437,91438,182863,182864,182865,182866,182867,182870,182871,182872,182873,182874,1,-1,2,-2,1,3,1,-1,-3,-1,2,2,5,2,2,-2,-2,-5,-2,-2
0,1,30479,30482,91437,91438,91439,91442,91443,91444,182875,182876,182877,182878,182879,182882,182883,182884,182885,182886,1,-1,2,-2,1,3,1,-1,-3,-1,2,2,5,2,2,-2,-2,-5,-2,-2
0,1,30481,30484,91443,91444,91445,91448,91449,91450,182887,182888,182889,182890,182891,182894,182895,182896,182897,182898,1,-1,2,-2,1,3,1,-1,-3,-1,2,2,5,2,2,-2,-2,-5,-2,-2
0,1,30483,30486,91449,91450,91451,91454,91455,91456,182899,182900,182901,182902,182903,182906,182907,182908,182909,182910,1,-1,2,-2,1,3,1,-1,-3,-1,2,2,5,2,2,-2,-2,-5,-2,-2
0,1,30485,30488,91455,91456,91457,91460,91461,91462,182911,182912,182913,182914,182915,182918,182919,182920,182921,182922,1,-1,2,-2,1,3,1,-1,-3,-1,2,2,5,2,2,-2,-2,-5,-2,-2
0,1,30487,30490,91461,91462,91463,91466,91467,91468,182923,182924,182925,182926,182927,182930,182931,182932,182933,182934,1,-1,2,-2,1,3,1,-1,-3,-1,2,2,5,2,2,-2,-2,-5,-2,-2
0,1,30489,30492,91467,91468,91469,91472,91473,91474,182935,182936,182937,182938,182939,182942,182943,182944,182945,182946,1,-1,2,-2,1,3,1,-1,-3,-1,2,2,5,2,2,-2,-2,-5,-2,-2
0,1,30491,30494,91473,91474,91475,91478,91479,91480,182947,182948,182949,182950,182951,182954,182955,182956,182957,182958,1,-1,2,-2,1,3,1,-1,-3,-1,2,2,5,2,2,-2,-2,-5,-2,-2
0,1,30493,30496,91479,91480,91481,91484,91485,91486,182959,182960,182961,182962,182963,182966,182967,182968,182969,182970,1,-1,2,-2,1,3,1,-1,-3,-1,2,2,5,2,2,-2,-2,-5,-2,-2
0,1,30495,30498,91485,91486,91487,91490,91491,91492,182971,182972,182973,182974,182975,182978,182979,182980,182981,182982,1,-1,2,-2,1,3,1,-1,-3,-1,2,2,5,2,2,-2,-2,-5,-2,-2
0,1,30497,30500,91491,91492,91493,91496,91497,91498,182983,182984,182985,182986,182987,182990,182991,182992,182993,182994,1,-1,2,-2,1,3,1,-1,-3,-1,2,2,5,2,2,-2,-2,-5,-2,-2
0,1,30499,30502,91497,91498,91499,91502,91503,91504,182995,182996,182997,182998,182999,183002,183003,183004,183005,183006,1,-1,2,-2,1,3,1,-1,-3,-1,2,2,5,2,2,-2,-2,-5,-2,-2
0,1,30501,30504,91503,91504,91505,91508,91509,91510,183007,183008,183009,183010,183011,183014,183015,183016,183017,183018,1,-1,2,-2,1,3,1,-1,-3,-1,2,2,5,2,2,-2,-2,-5,-2,-2
0,1,30503,30506,91509,91510,91511,91514,91515,91516,183019,183020,183021,183022,183023,183026,183027,183028,183029,183030,1,-1,2,-2,1,3,1,-1,-3,-1,2,2,5,2,2,-2,-2,-5,-2,-2
0,1,30505,30508,91515,91516,91517,91520,91521,91522,183031,183032,183033,183034,183035,183038,183039,183040,183041,183042,1,-1,2,-2,1,3,1,-1,-3,-1,2,2,5,2,2,-2,-2,-5,-2,-2
0,1,30507,30510,91521,91522,91523,91526,91527,91528,183043,183044,183045,183046,183047,183050,183051,183052,183053,183054,1,-1,2,-2,1,3,1,-1,-3,-1,2,2,5,2,2,-2,-2,-5,-2,-2
0,1,30509,30512,91527,91528,91529,91532,91533,91534,183055,183056,183057,183058,183059,183062,183063,183064,183065,183066,1,-1,2,-2,1,3,1,-1,-3,-1,2,2,5,2,2,-2,-2,-5,-2,-2
0,1,30511,30514,91533,91534,91535,91538,91539,91540,183067,183068,183069,183070,183071,183074,183075,183076,183077,183078,1,-1,2,-2,1,3,1,-1,-3,-1,2,2,5,2,2,-2,-2,-5,-2,-2
0,1,30513,30516,91539,91540,91541,91544,91545,91546,183079,183080,183081,183082,183083,183086,183087,183088,183089,183090,1,-1,2,-2,1,3,1,-1,-3,-1,2,2,5,2,2,-2,-2,-5,-2,-2
0,1,30515,30518,91545,91546,91547,91550,91551,91552,183091,183092,183093,183094,183095,183098,183099,183100,183101,183102,1,-1,2,-2,1,3,1,-1,-3,-1,2,2,5,2,2,-2,-2,-5,-2,-2
0,1,30517,30520,91551,91552,91553,91556,91557,91558,183103,183104,183105,183106,183107,183110,183111,183112,183113,183114,1,-1,2,-2,1,3,1,-1,-3,-1,2,2,5,2,2,-2,-2,-5,-2,-2
0,1,30519,30522,91557,91558,91559,91562,91563,91564,183115,183116,183117,183118,183119,183122,183123,183124,183125,183126,1,-1,2,-2,1,3,1,-1,-3,-1,2,2,5,2,2,-2,-2,-5,-2,-2
0,1,30521,30524,91563,91564,91565,91568,91569,91570,183127,183128,183129,183130,183131,183134,183135,183136,183137,183138,1,-1,2,-2,1,3,1,-1,-3,-1,2,2,5,2,2,-2,-2,-5,-2,-2
0,1,30523,30526,91569,91570,91571,91574,91575,91576,183139,183140,183141,183142,183143,183146,183147,183148,183149,183150,1,-1,2,-2,1,3,1,-1,-3,-1,2,2,5,2,2,-2,-2,-5,-2,-2
0,1,30525,30528,91575,91576,91577,91580,91581,91582,183151,183152,183153,183154,183155,183158,183159,183160,183161,183162,1,-1,2,-2,1,3,1,-1,-3,-1,2,2,5,2,2,-2,-2,-5,-2,-2
0,1,30527,30530,91581,91582,91583,91586,91587,91588,183163,183164,183165,183166,183167,183170,183171,183172,183173,183174,1,-1,2,-2,1,3,1,-1,-3,-1,2,2,5,2,2,-2,-2,-5,-2,-2
0,1,30529,30532,91587,91588,91589,91592,91593,91594,183175,183176,183177,183178,183179,183182,183183,183184,183185,183186,1,-1,2,-2,1,3,1,-1,-3,-1,2,2,5,2,2,-2,-2,-5,-2,-2
0,1,30531,30534,91593,91594,91595,91598,91599,91600,183187,183188,183189,183190,183191,183194,183195,183196,183197,183198,1,-1,2,-2,1,3,1,-1,-3,-1,2,2,5,2,2,-2,-2,-5,-2,-2
0,1,30533,30536,91599,91600,91601,91604,91605,91606,183199,183200,183201,183202,183203,183206,183207,183208,183209,183210,1,-1,2,-2,1,3,1,-1,-3,-1,2,2,5,2,2,-2,-2,-5,-2,-2
0,1,30535,30538,91605,91606,91607,91610,91611,91612,183211,183212,183213,183214,183215,183218,183219,183220,183221,183222,1,-1,2,-2,1,3,1,-1,-3,-1,2,2,5,2,2,-2,-2,-5,-2,-2
0,1,30537,30540,91611,91612,91613,91616,91617,91618,183223,183224,183225,183226,183227,183230,183231,183232,183233,183234,1,-1,2,-2,1,3,1,-1,-3,-1,2,2,5,2,2,-2,-2,-5,-2,-2
0,1,30539,30542,91617,91618,91619,91622,91623,91624,183235,183236,183237,183238,183239,183242,183243,183244,183245,183246,1,-1,2,-2,1,3,1,-1,-3,-1,2,2,5,2,2,-2,-2,-5,-2,-2
0,1,30541,30544,91623,91624,91625,91628,91629,91630,183247,183248,183249,183250,183251,183254,183255,183256,183257,183258,1,-1,2,-2,1,3,1,-1,-3,-1,2,2,5,2,2,-2,-2,-5,-2,-2
0,1,30543,30546,91629,91630,91631,91634,91635,91636,183259,183260,183261,183262,183263,183266,183267,183268,183269,183270,1,-1,2,-2,1,3,1,-1,-3,-1,2,2,5,2,2,-2,-2,-5,-2,-2
0,1,30545,30548,91635,91636,91637,91640,91641,91642,183271,183272,183273,183274,183275,183278,183279,183280,183281,183282,1,-1,2,-2,1,3,1,-1,-3,-1,2,2,5,2,2,-2,-2,-5,-2,-2
0,1,30547,30550,91641,91642,91643,91646,91647,91648,183283,183284,183285,183286,183287,183290,183291,183292,183293,183294,1,-1,2,-2,1,3,1,-1,-3,-1,2,2,5,2,2,-2,-2,-5,-2,-2
0,1,30549,30552,91647,91648,91649,91652,91653,91654,183295,183296,183297,183298,183299,183302,183303,183304,183305,183306,1,-1,2,-2,1,3,1,-1,-3,-1,2,2,5,2,2,-2,-2,-5,-2,-2
0,1,30551,30554,91653,91654,91655,91658,91659,91660,183307,183308,183309,183310,183311,183314,183315,183316,183317,183318,1,-1,2,-2,1,3,1,-1,-3,-1,2,2,5,2,2,-2,-2,-5,-2,-2
0,1,30553,30556,91659,91660,91661,91664,91665,91666,183319,183320,183321,183322,183323,183326,183327,183328,183329,183330,1,-1,2,-2,1,3,1,-1,-3,-1,2,2,5,2,2,-2,-2,-5,-2,-2
0,1,30555,30558,91665,91666,91667,91670,91671,91672,183331,183332,183333,183334,183335,183338,183339,183340,183341,183342,1,-1,2,-2,1,3,1,-1,-3,-1,2,2,5,2,2,-2,-2,-5,-2,-2
0,1,30557,30560,91671,91672,91673,91676,91677,91678,183343,183344,183345,183346,183347,183350,183351,183352,183353,183354,1,-1,2,-2,1,3,1,-1,-3,-1,2,2,5,2,2,-2,-2,-5,-2,-2
0,1,30559,30562,91677,91678,91679,91682,91683,91684,183355,183356,183357,183358,183359,183362,183363,183364,183365,183366,1,-1,2,-2,1,3,1,-1,-3,-1,2,2,5,2,2,-2,-2,-5,-2,-2
0,1,30561,30564,91683,91684,91685,91688,91689,91690,183367,183368,183369,183370,183371,183374,183375,183376,183377,183378,1,-1,2,-2,1,3,1,-1,-3,-1,2,2,5,2,2,-2,-2,-5,-2,-2
0,1,30563,30566,91689,91690,91691,91694,91695,91696,183379,183380,183381,183382,183383,183386,183387,183388,183389,183390,1,-1,2,-2,1,3,1,-1,-3,-1,2,2,5,2,2,-2,-2,-5,-2,-2
0,1,30565,30568,91695,91696,91697,91700,91701,91702,183391,183392,183393,183394,183395,183398,183399,183400,183401,183402,1,-1,2,-2,1,3,1,-1,-3,-1,2,2,5,2,2,-2,-2,-5,-2,-2
0,1,30567,30570,91701,91702,91703,91706,91707,91708,183403,183404,183405,183406,183407,183410,183411,183412,183413,183414,1,-1,2,-2,1,3,1,-1,-3,-1,2,2,5,2,2,-2,-2,-5,-2,-2
0,1,30569,30572,91707,91708,91709,91712,91713,91714,183415,183416,183417,183418,183419,183422,183423,183424,183425,183426,1,-1,2,-2,1,3,1,-1,-3,-1,2,2,5,2,2,-2,-2,-5,-2,-2
0,1,30571,30574,91713,91714,91715,91718,91719,91720,183427,183428,183429,183430,183431,183434,183435,183436,183437,183438,1,-1,2,-2,1,3,1,-1,-3,-1,2,2,5,2,2,-2,-2,-5,-2,-2
0,1,30573,30576,91719,91720,91721,91724,91725,91726,183439,183440,183441,183442,183443,183446,183447,183448,183449,183450,1,-1,2,-2,1,3,1,-1,-3,-1,2,2,5,2,2,-2,-2,-5,-2,-2
0,1,30575,30578,91725,91726,91727,91730,91731,91732,183451,183452,183453,183454,183455,183458,183459,183460,183461,183462,1,-1,2,-2,1,3,1,-1,-3,-1,2,2,5,2,2,-2,-2,-5,-2,-2
0,1,30577,30580,91731,91732,91733,91736,91737,91738,183463,183464,183465,183466,183467,183470,183471,183472,183473,183474,1,-1,2,-2,1,3,1,-1,-3,-1,2,2,5,2,2,-2,-2,-5,-2,-2
0,1,30579,30582,91737,91738,91739,91742,91743,91744,183475,183476,183477,183478,183479,183482,183483,183484,183485,183486,1,-1,2,-2,1,3,1,-1,-3,-1,2,2,5,2,2,-2,-2,-5,-2,-2
0,1,30581,30584,91743,91744,91745,91748,91749,91750,183487,183488,183489,183490,183491,183494,183495,183496,183497,183498,1,-1,2,-2,1,3,1,-1,-3,-1,2,2,5,2,2,-2,-2,-5,-2,-2
0,1,30583,30586,91749,91750,91751,91754,91755,91756,183499,183500,183501,183502,183503,183506,183507,183508,183509,183510,1,-1,2,-2,1,3,1,-1,-3,-1,2,2,5,2,2,-2,-2,-5,-2,-2
0,1,30585,30588,91755,91756,91757,91760,91761,91762,183511,183512,183513,183514,183515,183518,183519,183520,183521,183522,1,-1,2,-2,1,3,1,-1,-3,-1,2,2,5,2,2,-2,-2,-5,-2,-2
0,1,30587,30590,91761,91762,91763,91766,91767,91768,183523,183524,183525,183526,183527,183530,183531,183532,183533,183534,1,-1,2,-2,1,3,1,-1,-3,-1,2,2,5,2,2,-2,-2,-5,-2,-2
0,1,30589,30592,91767,91768,91769,91772,91773,91774,183535,183536,183537,183538,183539,183542,183543,183544,183545,183546,1,-1,2,-2,1,3,1,-1,-3,-1,2,2,5,2,2,-2,-2,-5,-2,-2
0,1,30591,30594,91773,91774,91775,91778,91779,91780,183547,183548,183549,183550,183551,183554,183555,183556,183557,183558,1,-1,2,-2,1,3,1,-1,-3,-1,2,2,5,2,2,-2,-2,-5,-2,-2
0,1,30593,30596,91779,91780,91781,91784,91785,91786,183559,183560,183561,183562,183563,183566,183567,183568,183569,183570,1,-1,2,-2,1,3,1,-1,-3,-1,2,2,5,2,2,-2,-2,-5,-2,-2
0,1,30595,30598,91785,91786,91787,91790,91791,91792,183571,183572,183573,183574,183575,183578,183579,183580,183581,183582,1,-1,2,-2,1,3,1,-1,-3,-1,2,2,5,2,2,-2,-2,-5,-2,-2
0,1,30597,30600,91791,91792,91793,91796,91797,91798,183583,183584,183585,183586,183587,183590,183591,183592,183593,183594,1,-1,2,-2,1,3,1,-1,-3,-1,2,2,5,2,2,-2,-2,-5,-2,-2
0,1,30599,30602,91797,91798,91799,91802,91803,91804,183595,183596,183597,183598,183599,183602,183603,183604,183605,183606,1,-1,2,-2,1,3,1,-1,-3,-1,2,2,5,2,2,-2,-2,-5,-2,-2
0,1,30601,30604,91803,91804,91805,91808,91809,91810,183607,183608,183609,183610,183611,183614,183615,183616,183617,183618,1,-1,2,-2,1,3,1,-1,-3,-1,2,2,5,2,2,-2,-2,-5,-2,-2
0,1,30603,30606,91809,91810,91811,91814,91815,91816,183619,183620,183621,183622,183623,183626,183627,183628,183629,183630,1,-1,2,-2,1,3,1,-1,-3,-1,2,2,5,2,2,-2,-2,-5,-2,-2
0,1,30605,30608,91815,91816,91817,91820,91821,91822,183631,183632,183633,183634,183635,183638,183639,183640,183641,183642,1,-1,2,-2,1,3,1,-1,-3,-1,2,2,5,2,2,-2,-2,-5,-2,-2
0,1,30607,30610,91821,91822,91823,91826,91827,91828,183643,183644,183645,183646,183647,183650,183651,183652,183653,183654,1,-1,2,-2,1,3,1,-1,-3,-1,2,2,5,2,2,-2,-2,-5,-2,-2
0,1,30609,30612,91827,91828,91829,91832,91833,91834,183655,183656,183657,183658,183659,183662,183663,183664,183665,183666,1,-1,2,-2,1,3,1,-1,-3,-1,2,2,5,2,2,-2,-2,-5,-2,-2
0,1,30611,30614,91833,91834,91835,91838,91839,91840,183667,183668,183669,183670,183671,183674,183675,183676,183677,183678,1,-1,2,-2,1,3,1,-1,-3,-1,2,2,5,2,2,-2,-2,-5,-2,-2
0,1,30613,30616,91839,91840,91841,91844,91845,91846,183679,183680,183681,183682,183683,183686,183687,183688,183689,183690,1,-1,2,-2,1,3,1,-1,-3,-1,2,2,5,2,2,-2,-2,-5,-2,-2
0,1,30615,30618,91845,91846,91847,91850,91851,91852,183691,183692,183693,183694,183695,183698,183699,183700,183701,183702,1,-1,2,-2,1,3,1,-1,-3,-1,2,2,5,2,2,-2,-2,-5,-2,-2
0,1,30617,30620,91851,91852,91853,91856,91857,91858,183703,183704,183705,183706,183707,183710,183711,183712,183713,183714,1,-1,2,-2,1,3,1,-1,-3,-1,2,2,5,2,2,-2,-2,-5,-2,-2
0,1,30619,30622,91857,91858,91859,91862,91863,91864,183715,183716,183717,183718,183719,183722,183723,183724,183725,183726,1,-1,2,-2,1,3,1,-1,-3,-1,2,2,5,2,2,-2,-2,-5,-2,-2
0,1,30621,30624,91863,91864,91865,91868,91869,91870,183727,183728,183729,183730,183731,183734,183735,183736,183737,183738,1,-1,2,-2,1,3,1,-1,-3,-1,2,2,5,2,2,-2,-2,-5,-2,-2
0,1,30623,30626,91869,91870,91871,91874,91875,91876,183739,183740,183741,183742,183743,183746,183747,183748,183749,183750,1,-1,2,-2,1,3,1,-1,-3,-1,2,2,5,2,2,-2,-2,-5,-2,-2
0,1,30625,30628,91875,91876,91877,91880,91881,91882,183751,183752,183753,183754,183755,183758,183759,183760,183761,183762,1,-1,2,-2,1,3,1,-1,-3,-1,2,2,5,2,2,-2,-2,-5,-2,-2
0,1,30627,30630,91881,91882,91883,91886,91887,91888,183763,183764,183765,183766,183767,183770,183771,183772,183773,183774,1,-1,2,-2,1,3,1,-1,-3,-1,2,2,5,2,2,-2,-2,-5,-2,-2
0,1,30629,30632,91887,91888,91889,91892,91893,91894,183775,183776,183777,183778,183779,183782,183783,183784,183785,183786,1,-1,2,-2,1,3,1,-1,-3,-1,2,2,5,2,2,-2,-2,-5,-2,-2
0,1,30631,30634,91893,91894,91895,91898,91899,91900,183787,183788,183789,183790,183791,183794,183795,183796,183797,183798,1,-1,2,-2,1,3,1,-1,-3,-1,2,2,5,2,2,-2,-2,-5,-2,-2
0,1,30633,30636,91899,91900,91901,91904,91905,91906,183799,183800,183801,183802,183803,183806,183807,183808,183809,183810,1,-1,2,-2,1,3,1,-1,-3,-1,2,2,5,2,2,-2,-2,-5,-2,-2
0,1,30635,30638,91905,91906,91907,91910,91911,91912,183811,183812,183813,183814,183815,183818,183819,183820,183821,183822,1,-1,2,-2,1,3,1,-1,-3,-1,2,2,5,2,2,-2,-2,-5,-2,-2
0,1,30637,30640,91911,91912,91913,91916,91917,91918,183823,183824,183825,183826,183827,183830,183831,183832,183833,183834,1,-1,2,-2,1,3,1,-1,-3,-1,2,2,5,2,2,-2,-2,-5,-2,-2
0,1,30639,30642,91917,91918,91919,91922,91923,91924,183835,183836,183837,183838,183839,183842,183843,183844,183845,183846,1,-1,2,-2,1,3,1,-1,-3,-1,2,2,5,2,2,-2,-2,-5,-2,-2
0,1,30641,30644,91923,91924,91925,91928,91929,91930,183847,183848,183849,183850,183851,183854,183855,183856,183857,183858,1,-1,2,-2,1,3,1,-1,-3,-1,2,2,5,2,2,-2,-2,-5,-2,-2
0,1,30643,30646,91929,91930,91931,91934,91935,91936,183859,183860,183861,183862,183863,183866,183867,183868,183869,183870,1,-1,2,-2,1,3,1,-1,-3,-1,2,2,5,2,2,-2,-2,-5,-2,-2
0,1,30645,30648,91935,91936,91937,91940,91941,91942,183871,183872,183873,183874,183875,183878,183879,183880,183881,183882,1,-1,2,-2,1,3,1,-1,-3,-1,2,2,5,2,2,-2,-2,-5,-2,-2
0,1,30647,30650,91941,91942,91943,91946,91947,91948,183883,183884,183885,183886,183887,183890,183891,183892,183893,183894,1,-1,2,-2,1,3,1,-1,-3,-1,2,2,5,2,2,-2,-2,-5,-2,-2
0,1,30649,30652,91947,91948,91949,91952,91953,91954,183895,183896,183897,183898,183899,183902,183903,183904,183905,183906,1,-1,2,-2,1,3,1,-1,-3,-1,2,2,5,2,2,-2,-2,-5,-2,-2
0,1,30651,30654,91953,91954,91955,91958,91959,91960,183907,183908,183909,183910,183911,183914,183915,183916,183917,183918,1,-1,2,-2,1,3,1,-1,-3,-1,2,2,5,2,2,-2,-2,-5,-2,-2
0,1,30653,30656,91959,91960,91961,91964,91965,91966,183919,183920,183921,183922,183923,183926,183927,183928,183929,183930,1,-1,2,-2,1,3,1,-1,-3,-1,2,2,5,2,2,-2,-2,-5,-2,-2
0,1,30655,30658,91965,91966,91967,91970,91971,91972,183931,183932,183933,183934,183935,183938,183939,183940,183941,183942,1,-1,2,-2,1,3,1,-1,-3,-1,2,2,5,2,2,-2,-2,-5,-2,-2
0,1,30657,30660,91971,91972,91973,91976,91977,91978,183943,183944,183945,183946,183947,183950,183951,183952,183953,183954,1,-1,2,-2,1,3,1,-1,-3,-1,2,2,5,2,2,-2,-2,-5,-2,-2
0,1,30659,30662,91977,91978,91979,91982,91983,91984,183955,183956,183957,183958,183959,183962,183963,183964,183965,183966,1,-1,2,-2,1,3,1,-1,-3,-1,2,2,5,2,2,-2,-2,-5,-2,-2
0,1,30661,30664,91983,91984,91985,91988,91989,91990,183967,183968,183969,183970,183971,183974,183975,183976,183977,183978,1,-1,2,-2,1,3,1,-1,-3,-1,2,2,5,2,2,-2,-2,-5,-2,-2
0,1,30663,30666,91989,91990,91991,91994,91995,91996,183979,183980,183981,183982,183983,183986,183987,183988,183989,183990,1,-1,2,-2,1,3,1,-1,-3,-1,2,2,5,2,2,-2,-2,-5,-2,-2
0,1,30665,30668,91995,91996,91997,92000,92001,92002,183991,183992,183993,183994,183995,183998,183999,184000,184001,184002,1,-1,2,-2,1,3,1,-1,-3,-1,2,2,5,2,2,-2,-2,-5,-2,-2
0,1,30667,30670,92001,92002,92003,92006,92007,92008,184003,184004,184005,184006,184007,184010,184011,184012,184013,184014,1,-1,2,-2,1,3,1,-1,-3,-1,2,2,5,2,2,-2,-2,-5,-2,-2
0,1,30669,30672,92007,92008,92009,92012,92013,92014,184015,184016,184017,184018,184019,184022,184023,184024,184025,184026,1,-1,2,-2,1,3,1,-1,-3,-1,2,2,5,2,2,-2,-2,-5,-2,-2
0,1,30671,30674,92013,92014,92015,92018,92019,92020,184027,184028,184029,184030,184031,184034,184035,184036,184037,184038,1,-1,2,-2,1,3,1,-1,-3,-1,2,2,5,2,2,-2,-2,-5,-2,-2
0,1,30673,30676,92019,92020,92021,92024,92025,92026,184039,184040,184041,184042,184043,184046,184047,184048,184049,184050,1,-1,2,-2,1,3,1,-1,-3,-1,2,2,5,2,2,-2,-2,-5,-2,-2
0,1,30675,30678,92025,92026,92027,92030,92031,92032,184051,184052,184053,184054,184055,184058,184059,184060,184061,184062,1,-1,2,-2,1,3,1,-1,-3,-1,2,2,5,2,2,-2,-2,-5,-2,-2
0,1,30677,30680,92031,92032,92033,92036,92037,92038,184063,184064,184065,184066,184067,184070,184071,184072,184073,184074,1,-1,2,-2,1,3,1,-1,-3,-1,2,2,5,2,2,-2,-2,-5,-2,-2
0,1,30679,30682,92037,92038,92039,92042,92043,92044,184075,184076,184077,184078,184079,184082,184083,184084,184085,184086,1,-1,2,-2,1,3,1,-1,-3,-1,2,2,5,2,2,-2,-2,-5,-2,-2
0,1,30681,30684,92043,92044,92045,92048,92049,92050,184087,184088,184089,184090,184091,184094,184095,184096,184097,184098,1,-1,2,-2,1,3,1,-1,-3,-1,2,2,5,2,2,-2,-2,-5,-2,-2
0,1,30683,30686,92049,92050,92051,92054,92055,92056,184099,184100,184101,184102,184103,184106,184107,184108,184109,184110,1,-1,2,-2,1,3,1,-1,-3,-1,2,2,5,2,2,-2,-2,-5,-2,-2
0,1,30685,30688,92055,92056,92057,92060,92061,92062,184111,184112,184113,184114,184115,184118,184119,184120,184121,184122,1,-1,2,-2,1,3,1,-1,-3,-1,2,2,5,2,2,-2,-2,-5,-2,-2
0,1,30687,30690,92061,92062,92063,92066,92067,92068,184123,184124,184125,184126,184127,184130,184131,184132,184133,184134,1,-1,2,-2,1,3,1,-1,-3,-1,2,2,5,2,2,-2,-2,-5,-2,-2
0,1,30689,30692,92067,92068,92069,92072,92073,92074,184135,184136,184137,184138,184139,184142,184143,184144,184145,184146,1,-1,2,-2,1,3,1,-1,-3,-1,2,2,5,2,2,-2,-2,-5,-2,-2
0,1,30691,30694,92073,92074,92075,92078,92079,92080,184147,184148,184149,184150,184151,184154,184155,184156,184157,184158,1,-1,2,-2,1,3,1,-1,-3,-1,2,2,5,2,2,-2,-2,-5,-2,-2
0,1,30693,30696,92079,92080,92081,92084,92085,92086,184159,184160,184161,184162,184163,184166,184167,184168,184169,184170,1,-1,2,-2,1,3,1,-1,-3,-1,2,2,5,2,2,-2,-2,-5,-2,-2
0,1,30695,30698,92085,92086,92087,92090,92091,92092,184171,184172,184173,184174,184175,184178,184179,184180,184181,184182,1,-1,2,-2,1,3,1,-1,-3,-1,2,2,5,2,2,-2,-2,-5,-2,-2
0,1,30697,30700,92091,92092,92093,92096,92097,92098,184183,184184,184185,184186,184187,184190,184191,184192,184193,184194,1,-1,2,-2,1,3,1,-1,-3,-1,2,2,5,2,2,-2,-2,-5,-2,-2
0,1,30699,30702,92097,92098,92099,92102,92103,92104,184195,184196,184197,184198,184199,184202,184203,184204,184205,184206,1,-1,2,-2,1,3,1,-1,-3,-1,2,2,5,2,2,-2,-2,-5,-2,-2
0,1,30701,30704,92103,92104,92105,92108,92109,92110,184207,184208,184209,184210,184211,184214,184215,184216,184217,184218,1,-1,2,-2,1,3,1,-1,-3,-1,2,2,5,2,2,-2,-2,-5,-2,-2
0,1,30703,30706,92109,92110,92111,92114,92115,92116,184219,184220,184221,184222,184223,184226,184227,184228,184229,184230,1,-1,2,-2,1,3,1,-1,-3,-1,2,2,5,2,2,-2,-2,-5,-2,-2
0,1,30705,30708,92115,92116,92117,92120,92121,92122,184231,184232,184233,184234,184235,184238,184239,184240,184241,184242,1,-1,2,-2,1,3,1,-1,-3,-1,2,2,5,2,2,-2,-2,-5,-2,-2
0,1,30707,30710,92121,92122,92123,92126,92127,92128,184243,184244,184245,184246,184247,184250,184251,184252,184253,184254,1,-1,2,-2,1,3,1,-1,-3,-1,2,2,5,2,2,-2,-2,-5,-2,-2
0,1,30709,30712,92127,92128,92129,92132,92133,92134,184255,184256,184257,184258,184259,184262,184263,184264,184265,184266,1,-1,2,-2,1,3,1,-1,-3,-1,2,2,5,2,2,-2,-2,-5,-2,-2
0,1,30711,30714,92133,92134,92135,92138,92139,92140,184267,184268,184269,184270,184271,184274,184275,184276,184277,184278,1,-1,2,-2,1,3,1,-1,-3,-1,2,2,5,2,2,-2,-2,-5,-2,-2
0,1,30713,30716,92139,92140,92141,92144,92145,92146,184279,184280,184281,184282,184283,184286,184287,184288,184289,184290,1,-1,2,-2,1,3,1,-1,-3,-1,2,2,5,2,2,-2,-2,-5,-2,-2
0,1,30715,30718,92145,92146,92147,92150,92151,92152,184291,184292,184293,184294,184295,184298,184299,184300,184301,184302,1,-1,2,-2,1,3,1,-1,-3,-1,2,2,5,2,2,-2,-2,-5,-2,-2
0,1,30717,30720,92151,92152,92153,92156,92157,92158,184303,184304,184305,184306,184307,184310,184311,184312,184313,184314,1,-1,2,-2,1,3,1,-1,-3,-1,2,2,5,2,2,-2,-2,-5,-2,-2
0,1,30719,30722,92157,92158,92159,92162,92163,92164,184315,184316,184317,184318,184319,184322,184323,184324,184325,184326,1,-1,2,-2,1,3,1,-1,-3,-1,2,2,5,2,2,-2,-2,-5,-2,-2
0,1,30721,30724,92163,92164,92165,92168,92169,92170,184327,184328,184329,184330,184331,184334,184335,184336,184337,184338,1,-1,2,-2,1,3,1,-1,-3,-1,2,2,5,2,2,-2,-2,-5,-2,-2
0,1,30723,30726,92169,92170,92171,92174,92175,92176,184339,184340,184341,184342,184343,184346,184347,184348,184349,184350,1,-1,2,-2,1,3,1,-1,-3,-1,2,2,5,2,2,-2,-2,-5,-2,-2
0,1,30725,30728,92175,92176,92177,92180,92181,92182,184351,184352,184353,184354,184355,184358,184359,184360,184361,184362,1,-1,2,-2,1,3,1,-1,-3,-1,2,2,5,2,2,-2,-2,-5,-2,-2
0,1,30727,30730,92181,92182,92183,92186,92187,92188,184363,184364,184365,184366,184367,184370,184371,184372,184373,184374,1,-1,2,-2,1,3,1,-1,-3,-1,2,2,5,2,2,-2,-2,-5,-2,-2
0,1,30729,30732,92187,92188,92189,92192,92193,92194,184375,184376,184377,184378,184379,184382,184383,184384,184385,184386,1,-1,2,-2,1,3,1,-1,-3,-1,2,2,5,2,2,-2,-2,-5,-2,-2
0,1,30731,30734,92193,92194,92195,92198,92199,92200,184387,184388,184389,184390,184391,184394,184395,184396,184397,184398,1,-1,2,-2,1,3,1,-1,-3,-1,2,2,5,2,2,-2,-2,-5,-2,-2
0,1,30733,30736,92199,92200,92201,92204,92205,92206,184399,184400,184401,184402,184403,184406,184407,184408,184409,184410,1,-1,2,-2,1,3,1,-1,-3,-1,2,2,5,2,2,-2,-2,-5,-2,-2
0,1,30735,30738,92205,92206,92207,92210,92211,92212,184411,184412,184413,184414,184415,184418,184419,184420,184421,184422,1,-1,2,-2,1,3,1,-1,-3,-1,2,2,5,2,2,-2,-2,-5,-2,-2
0,1,30737,30740,92211,92212,92213,92216,92217,92218,184423,184424,184425,184426,184427,184430,184431,184432,184433,184434,1,-1,2,-2,1,3,1,-1,-3,-1,2,2,5,2,2,-2,-2,-5,-2,-2
0,1,30739,30742,92217,92218,92219,92222,92223,92224,184435,184436,184437,184438,184439,184442,184443,184444,184445,184446,1,-1,2,-2,1,3,1,-1,-3,-1,2,2,5,2,2,-2,-2,-5,-2,-2
0,1,30741,30744,92223,92224,92225,92228,92229,92230,184447,184448,184449,184450,184451,184454,184455,184456,184457,184458,1,-1,2,-2,1,3,1,-1,-3,-1,2,2,5,2,2,-2,-2,-5,-2,-2
0,1,30743,30746,92229,92230,92231,92234,92235,92236,184459,184460,184461,184462,184463,184466,184467,184468,184469,184470,1,-1,2,-2,1,3,1,-1,-3,-1,2,2,5,2,2,-2,-2,-5,-2,-2
0,1,30745,30748,92235,92236,92237,92240,92241,92242,184471,184472,184473,184474,184475,184478,184479,184480,184481,184482,1,-1,2,-2,1,3,1,-1,-3,-1,2,2,5,2,2,-2,-2,-5,-2,-2
0,1,30747,30750,92241,92242,92243,92246,92247,92248,184483,184484,184485,184486,184487,184490,184491,184492,184493,184494,1,-1,2,-2,1,3,1,-1,-3,-1,2,2,5,2,2,-2,-2,-5,-2,-2
0,1,30749,30752,92247,92248,92249,92252,92253,92254,184495,184496,184497,184498,184499,184502,184503,184504,184505,184506,1,-1,2,-2,1,3,1,-1,-3,-1,2,2,5,2,2,-2,-2,-5,-2,-2
0,1,30751,30754,92253,92254,92255,92258,92259,92260,184507,184508,184509,184510,184511,184514,184515,184516,184517,184518,1,-1,2,-2,1,3,1,-1,-3,-1,2,2,5,2,2,-2,-2,-5,-2,-2
0,1,30753,30756,92259,92260,92261,92264,92265,92266,184519,184520,184521,184522,184523,184526,184527,184528,184529,184530,1,-1,2,-2,1,3,1,-1,-3,-1,2,2,5,2,2,-2,-2,-5,-2,-2
0,1,30755,30758,92265,92266,92267,92270,92271,92272,184531,184532,184533,184534,184535,184538,184539,184540,184541,184542,1,-1,2,-2,1,3,1,-1,-3,-1,2,2,5,2,2,-2,-2,-5,-2,-2
0,1,30757,30760,92271,92272,92273,92276,92277,92278,184543,184544,184545,184546,184547,184550,184551,184552,184553,184554,1,-1,2,-2,1,3,1,-1,-3,-1,2,2,5,2,2,-2,-2,-5,-2,-2
0,1,30759,30762,92277,92278,92279,92282,92283,92284,184555,184556,184557,184558,184559,184562,184563,184564,184565,184566,1,-1,2,-2,1,3,1,-1,-3,-1,2,2,5,2,2,-2,-2,-5,-2,-2
0,1,30761,30764,92283,92284,92285,92288,92289,92290,184567,184568,184569,184570,184571,184574,184575,184576,184577,184578,1,-1,2,-2,1,3,1,-1,-3,-1,2,2,5,2,2,-2,-2,-5,-2,-2
0,1,30763,30766,92289,92290,92291,92294,92295,92296,184579,184580,184581,184582,184583,184586,184587,184588,184589,184590,1,-1,2,-2,1,3,1,-1,-3,-1,2,2,5,2,2,-2,-2,-5,-2,-2
0,1,30765,30768,92295,92296,92297,92300,92301,92302,184591,184592,184593,184594,184595,184598,184599,184600,184601,184602,1,-1,2,-2,1,3,1,-1,-3,-1,2,2,5,2,2,-2,-2,-5,-2,-2
0,1,30767,30770,92301,92302,92303,92306,92307,92308,184603,184604,184605,184606,184607,184610,184611,184612,184613,184614,1,-1,2,-2,1,3,1,-1,-3,-1,2,2,5,2,2,-2,-2,-5,-2,-2
0,1,30769,30772,92307,92308,92309,92312,92313,92314,184615,184616,184617,184618,184619,184622,184623,184624,184625,184626,1,-1,2,-2,1,3,1,-1,-3,-1,2,2,5,2,2,-2,-2,-5,-2,-2
0,1,30771,30774,92313,92314,92315,92318,92319,92320,184627,184628,184629,184630,184631,184634,184635,184636,184637,184638,1,-1,2,-2,1,3,1,-1,-3,-1,2,2,5,2,2,-2,-2,-5,-2,-2
0,1,30773,30776,92319,92320,92321,92324,92325,92326,184639,184640,184641,184642,184643,184646,184647,184648,184649,184650,1,-1,2,-2,1,3,1,-1,-3,-1,2,2,5,2,2,-2,-2,-5,-2,-2
0,1,30775,30778,92325,92326,92327,92330,92331,92332,184651,184652,184653,184654,184655,184658,184659,184660,184661,184662,1,-1,2,-2,1,3,1,-1,-3,-1,2,2,5,2,2,-2,-2,-5,-2,-2
0,1,30777,30780,92331,92332,92333,92336,92337,92338,184663,184664,184665,184666,184667,184670,184671,184672,184673,184674,1,-1,2,-2,1,3,1,-1,-3,-1,2,2,5,2,2,-2,-2,-5,-2,-2
0,1,30779,30782,92337,92338,92339,92342,92343,92344,184675,184676,184677,184678,184679,184682,184683,184684,184685,184686,1,-1,2,-2,1,3,1,-1,-3,-1,2,2,5,2,2,-2,-2,-5,-2,-2
0,1,30781,30784,92343,92344,92345,92348,92349,92350,184687,184688,184689,184690,184691,184694,184695,184696,184697,184698,1,-1,2,-2,1,3,1,-1,-3,-1,2,2,5,2,2,-2,-2,-5,-2,-2
0,1,30783,30786,92349,92350,92351,92354,92355,92356,184699,184700,184701,184702,184703,184706,184707,184708,184709,184710,1,-1,2,-2,1,3,1,-1,-3,-1,2,2,5,2,2,-2,-2,-5,-2,-2
0,1,30785,30788,92355,92356,92357,92360,92361,92362,184711,184712,184713,184714,184715,184718,184719,184720,184721,184722,1,-1,2,-2,1,3,1,-1,-3,-1,2,2,5,2,2,-2,-2,-5,-2,-2
0,1,30787,30790,92361,92362,92363,92366,92367,92368,184723,184724,184725,184726,184727,184730,184731,184732,184733,184734,1,-1,2,-2,1,3,1,-1,-3,-1,2,2,5,2,2,-2,-2,-5,-2,-2
0,1,30789,30792,92367,92368,92369,92372,92373,92374,184735,184736,184737,184738,184739,184742,184743,184744,184745,184746,1,-1,2,-2,1,3,1,-1,-3,-1,2,2,5,2,2,-2,-2,-5,-2,-2
0,1,30791,30794,92373,92374,92375,92378,92379,92380,184747,184748,184749,184750,184751,184754,184755,184756,184757,184758,1,-1,2,-2,1,3,1,-1,-3,-1,2,2,5,2,2,-2,-2,-5,-2,-2
0,1,30793,30796,92379,92380,92381,92384,92385,92386,184759,184760,184761,184762,184763,184766,184767,184768,184769,184770,1,-1,2,-2,1,3,1,-1,-3,-1,2,2,5,2,2,-2,-2,-5,-2,-2
0,1,30795,30798,92385,92386,92387,92390,92391,92392,184771,184772,184773,184774,184775,184778,184779,184780,184781,184782,1,-1,2,-2,1,3,1,-1,-3,-1,2,2,5,2,2,-2,-2,-5,-2,-2
0,1,30797,30800,92391,92392,92393,92396,92397,92398,184783,184784,184785,184786,184787,184790,184791,184792,184793,184794,1,-1,2,-2,1,3,1,-1,-3,-1,2,2,5,2,2,-2,-2,-5,-2,-2
0,1,30799,30802,92397,92398,92399,92402,92403,92404,184795,184796,184797,184798,184799,184802,184803,184804,184805,184806,1,-1,2,-2,1,3,1,-1,-3,-1,2,2,5,2,2,-2,-2,-5,-2,-2
0,1,30801,30804,92403,92404,92405,92408,92409,92410,184807,184808,184809,184810,184811,184814,184815,184816,184817,184818,1,-1,2,-2,1,3,1,-1,-3,-1,2,2,5,2,2,-2,-2,-5,-2,-2
0,1,30803,30806,92409,92410,92411,92414,92415,92416,184819,184820,184821,184822,184823,184826,184827,184828,184829,184830,1,-1,2,-2,1,3,1,-1,-3,-1,2,2,5,2,2,-2,-2,-5,-2,-2
0,1,30805,30808,92415,92416,92417,92420,92421,92422,184831,184832,184833,184834,184835,184838,184839,184840,184841,184842,1,-1,2,-2,1,3,1,-1,-3,-1,2,2,5,2,2,-2,-2,-5,-2,-2
0,1,30807,30810,92421,92422,92423,92426,92427,92428,184843,184844,184845,184846,184847,184850,184851,184852,184853,184854,1,-1,2,-2,1,3,1,-1,-3,-1,2,2,5,2,2,-2,-2,-5,-2,-2
0,1,30809,30812,92427,92428,92429,92432,92433,92434,184855,184856,184857,184858,184859,184862,184863,184864,184865,184866,1,-1,2,-2,1,3,1,-1,-3,-1,2,2,5,2,2,-2,-2,-5,-2,-2
0,1,30811,30814,92433,92434,92435,92438,92439,92440,184867,184868,184869,184870,184871,184874,184875,184876,184877,184878,1,-1,2,-2,1,3,1,-1,-3,-1,2,2,5,2,2,-2,-2,-5,-2,-2
0,1,30813,30816,92439,92440,92441,92444,92445,92446,184879,184880,184881,184882,184883,184886,184887,184888,184889,184890,1,-1,2,-2,1,3,1,-1,-3,-1,2,2,5,2,2,-2,-2,-5,-2,-2
0,1,30815,30818,92445,92446,92447,92450,92451,92452,184891,184892,184893,184894,184895,184898,184899,184900,184901,184902,1,-1,2,-2,1,3,1,-1,-3,-1,2,2,5,2,2,-2,-2,-5,-2,-2
0,1,30817,30820,92451,92452,92453,92456,92457,92458,184903,184904,184905,184906,184907,184910,184911,184912,184913,184914,1,-1,2,-2,1,3,1,-1,-3,-1,2,2,5,2,2,-2,-2,-5,-2,-2
0,1,30819,30822,92457,92458,92459,92462,92463,92464,184915,184916,184917,184918,184919,184922,184923,184924,184925,184926,1,-1,2,-2,1,3,1,-1,-3,-1,2,2,5,2,2,-2,-2,-5,-2,-2
0,1,30821,30824,92463,92464,92465,92468,92469,92470,184927,184928,184929,184930,184931,184934,184935,184936,184937,184938,1,-1,2,-2,1,3,1,-1,-3,-1,2,2,5,2,2,-2,-2,-5,-2,-2
0,1,30823,30826,92469,92470,92471,92474,92475,92476,184939,184940,184941,184942,184943,184946,184947,184948,184949,184950,1,-1,2,-2,1,3,1,-1,-3,-1,2,2,5,2,2,-2,-2,-5,-2,-2
0,1,30825,30828,92475,92476,92477,92480,92481,92482,184951,184952,184953,184954,184955,184958,184959,184960,184961,184962,1,-1,2,-2,1,3,1,-1,-3,-1,2,2,5,2,2,-2,-2,-5,-2,-2
0,1,30827,30830,92481,92482,92483,92486,92487,92488,184963,184964,184965,184966,184967,184970,184971,184972,184973,184974,1,-1,2,-2,1,3,1,-1,-3,-1,2,2,5,2,2,-2,-2,-5,-2,-2
0,1,30829,30832,92487,92488,92489,92492,92493,92494,184975,184976,184977,184978,184979,184982,184983,184984,184985,184986,1,-1,2,-2,1,3,1,-1,-3,-1,2,2,5,2,2,-2,-2,-5,-2,-2
0,1,30831,30834,92493,92494,92495,92498,92499,92500,184987,184988,184989,184990,184991,184994,184995,184996,184997,184998,1,-1,2,-2,1,3,1,-1,-3,-1,2,2,5,2,2,-2,-2,-5,-2,-2
0,1,30833,30836,92499,92500,92501,92504,92505,92506,184999,185000,185001,185002,185003,185006,185007,185008,185009,185010,1,-1,2,-2,1,3,1,-1,-3,-1,2,2,5,2,2,-2,-2,-5,-2,-2
0,1,30835,30838,92505,92506,92507,92510,92511,92512,185011,185012,185013,185014,185015,185018,185019,185020,185021,185022,1,-1,2,-2,1,3,1,-1,-3,-1,2,2,5,2,2,-2,-2,-5,-2,-2
0,1,30837,30840,92511,92512,92513,92516,92517,92518,185023,185024,185025,185026,185027,185030,185031,185032,185033,185034,1,-1,2,-2,1,3,1,-1,-3,-1,2,2,5,2,2,-2,-2,-5,-2,-2
0,1,30839,30842,92517,92518,92519,92522,92523,92524,185035,185036,185037,185038,185039,185042,185043,185044,185045,185046,1,-1,2,-2,1,3,1,-1,-3,-1,2,2,5,2,2,-2,-2,-5,-2,-2
0,1,30841,30844,92523,92524,92525,92528,92529,92530,185047,185048,185049,185050,185051,185054,185055,185056,185057,185058,1,-1,2,-2,1,3,1,-1,-3,-1,2,2,5,2,2,-2,-2,-5,-2,-2
0,1,30843,30846,92529,92530,92531,92534,92535,92536,185059,185060,185061,185062,185063,185066,185067,185068,185069,185070,1,-1,2,-2,1,3,1,-1,-3,-1,2,2,5,2,2,-2,-2,-5,-2,-2
0,1,30845,30848,92535,92536,92537,92540,92541,92542,185071,185072,185073,185074,185075,185078,185079,185080,185081,185082,1,-1,2,-2,1,3,1,-1,-3,-1,2,2,5,2,2,-2,-2,-5,-2,-2
0,1,30847,30850,92541,92542,92543,92546,92547,92548,185083,185084,185085,185086,185087,185090,185091,185092,185093,185094,1,-1,2,-2,1,3,1,-1,-3,-1,2,2,5,2,2,-2,-2,-5,-2,-2
0,1,30849,30852,92547,92548,92549,92552,92553,92554,185095,185096,185097,185098,185099,185102,185103,185104,185105,185106,1,-1,2,-2,1,3,1,-1,-3,-1,2,2,5,2,2,-2,-2,-5,-2,-2
0,1,30851,30854,92553,92554,92555,92558,92559,92560,185107,185108,185109,185110,185111,185114,185115,185116,185117,185118,1,-1,2,-2,1,3,1,-1,-3,-1,2,2,5,2,2,-2,-2,-5,-2,-2
0,1,30853,30856,92559,92560,92561,92564,92565,92566,185119,185120,185121,185122,185123,185126,185127,185128,185129,185130,1,-1,2,-2,1,3,1,-1,-3,-1,2,2,5,2,2,-2,-2,-5,-2,-2
0,1,30855,30858,92565,92566,92567,92570,92571,92572,185131,185132,185133,185134,185135,185138,185139,185140,185141,185142,1,-1,2,-2,1,3,1,-1,-3,-1,2,2,5,2,2,-2,-2,-5,-2,-2
0,1,30857,30860,92571,92572,92573,92576,92577,92578,185143,185144,185145,185146,185147,185150,185151,185152,185153,185154,1,-1,2,-2,1,3,1,-1,-3,-1,2,2,5,2,2,-2,-2,-5,-2,-2
0,1,30859,30862,92577,92578,92579,92582,92583,92584,185155,185156,185157,185158,185159,185162,185163,185164,185165,185166,1,-1,2,-2,1,3,1,-1,-3,-1,2,2,5,2,2,-2,-2,-5,-2,-2
0,1,30861,30864,92583,92584,92585,92588,92589,92590,185167,185168,185169,185170,185171,185174,185175,185176,185177,185178,1,-1,2,-2,1,3,1,-1,-3,-1,2,2,5,2,2,-2,-2,-5,-2,-2
0,1,30863,30866,92589,92590,92591,92594,92595,92596,185179,185180,185181,185182,185183,185186,185187,185188,185189,185190,1,-1,2,-2,1,3,1,-1,-3,-1,2,2,5,2,2,-2,-2,-5,-2,-2
0,1,30865,30868,92595,92596,92597,92600,92601,92602,185191,185192,185193,185194,185195,185198,185199,185200,185201,185202,1,-1,2,-2,1,3,1,-1,-3,-1,2,2,5,2,2,-2,-2,-5,-2,-2
0,1,30867,30870,92601,92602,92603,92606,92607,92608,185203,185204,185205,185206,185207,185210,185211,185212,185213,185214,1,-1,2,-2,1,3,1,-1,-3,-1,2,2,5,2,2,-2,-2,-5,-2,-2
0,1,30869,30872,92607,92608,92609,92612,92613,92614,185215,185216,185217,185218,185219,185222,185223,185224,185225,185226,1,-1,2,-2,1,3,1,-1,-3,-1,2,2,5,2,2,-2,-2,-5,-2,-2
0,1,30871,30874,92613,92614,92615,92618,92619,92620,185227,185228,185229,185230,185231,185234,185235,185236,185237,185238,1,-1,2,-2,1,3,1,-1,-3,-1,2,2,5,2,2,-2,-2,-5,-2,-2
0,1,30873,30876,92619,92620,92621,92624,92625,92626,185239,185240,185241,185242,185243,185246,185247,185248,185249,185250,1,-1,2,-2,1,3,1,-1,-3,-1,2,2,5,2,2,-2,-2,-5,-2,-2
0,1,30875,30878,92625,92626,92627,92630,92631,92632,185251,185252,185253,185254,185255,185258,185259,185260,185261,185262,1,-1,2,-2,1,3,1,-1,-3,-1,2,2,5,2,2,-2,-2,-5,-2,-2
0,1,30877,30880,92631,92632,92633,92636,92637,92638,185263,185264,185265,185266,185267,185270,185271,185272,185273,185274,1,-1,2,-2,1,3,1,-1,-3,-1,2,2,5,2,2,-2,-2,-5,-2,-2
0,1,30879,30882,92637,92638,92639,92642,92643,92644,185275,185276,185277,185278,185279,185282,185283,185284,185285,185286,1,-1,2,-2,1,3,1,-1,-3,-1,2,2,5,2,2,-2,-2,-5,-2,-2
0,1,30881,30884,92643,92644,92645,92648,92649,92650,185287,185288,185289,185290,185291,185294,185295,185296,185297,185298,1,-1,2,-2,1,3,1,-1,-3,-1,2,2,5,2,2,-2,-2,-5,-2,-2
0,1,30883,30886,92649,92650,92651,92654,92655,92656,185299,185300,185301,185302,185303,185306,185307,185308,185309,185310,1,-1,2,-2,1,3,1,-1,-3,-1,2,2,5,2,2,-2,-2,-5,-2,-2
0,1,30885,30888,92655,92656,92657,92660,92661,92662,185311,185312,185313,185314,185315,185318,185319,185320,185321,185322,1,-1,2,-2,1,3,1,-1,-3,-1,2,2,5,2,2,-2,-2,-5,-2,-2
0,1,30887,30890,92661,92662,92663,92666,92667,92668,185323,185324,185325,185326,185327,185330,185331,185332,185333,185334,1,-1,2,-2,1,3,1,-1,-3,-1,2,2,5,2,2,-2,-2,-5,-2,-2
0,1,30889,30892,92667,92668,92669,92672,92673,92674,185335,185336,185337,185338,185339,185342,185343,185344,185345,185346,1,-1,2,-2,1,3,1,-1,-3,-1,2,2,5,2,2,-2,-2,-5,-2,-2
0,1,30891,30894,92673,92674,92675,92678,92679,92680,185347,185348,185349,185350,185351,185354,185355,185356,185357,185358,1,-1,2,-2,1,3,1,-1,-3,-1,2,2,5,2,2,-2,-2,-5,-2,-2
0,1,30893,30896,92679,92680,92681,92684,92685,92686,185359,185360,185361,185362,185363,185366,185367,185368,185369,185370,1,-1,2,-2,1,3,1,-1,-3,-1,2,2,5,2,2,-2,-2,-5,-2,-2
0,1,30895,30898,92685,92686,92687,92690,92691,92692,185371,185372,185373,185374,185375,185378,185379,185380,185381,185382,1,-1,2,-2,1,3,1,-1,-3,-1,2,2,5,2,2,-2,-2,-5,-2,-2
0,1,30897,30900,92691,92692,92693,92696,92697,92698,185383,185384,185385,185386,185387,185390,185391,185392,185393,185394,1,-1,2,-2,1,3,1,-1,-3,-1,2,2,5,2,2,-2,-2,-5,-2,-2
0,1,30899,30902,92697,92698,92699,92702,92703,92704,185395,185396,185397,185398,185399,185402,185403,185404,185405,185406,1,-1,2,-2,1,3,1,-1,-3,-1,2,2,5,2,2,-2,-2,-5,-2,-2
0,1,30901,30904,92703,92704,92705,92708,92709,92710,185407,185408,185409,185410,185411,185414,185415,185416,185417,185418,1,-1,2,-2,1,3,1,-1,-3,-1,2,2,5,2,2,-2,-2,-5,-2,-2
0,1,30903,30906,92709,92710,92711,92714,92715,92716,185419,185420,185421,185422,185423,185426,185427,185428,185429,185430,1,-1,2,-2,1,3,1,-1,-3,-1,2,2,5,2,2,-2,-2,-5,-2,-2
0,1,30905,30908,92715,92716,92717,92720,92721,92722,185431,185432,185433,185434,185435,185438,185439,185440,185441,185442,1,-1,2,-2,1,3,1,-1,-3,-1,2,2,5,2,2,-2,-2,-5,-2,-2
0,1,30907,30910,92721,92722,92723,92726,92727,92728,185443,185444,185445,185446,185447,185450,185451,185452,185453,185454,1,-1,2,-2,1,3,1,-1,-3,-1,2,2,5,2,2,-2,-2,-5,-2,-2
0,1,30909,30912,92727,92728,92729,92732,92733,92734,185455,185456,185457,185458,185459,185462,185463,185464,185465,185466,1,-1,2,-2,1,3,1,-1,-3,-1,2,2,5,2,2,-2,-2,-5,-2,-2
0,1,30911,30914,92733,92734,92735,92738,92739,92740,185467,185468,185469,185470,185471,185474,185475,185476,185477,185478,1,-1,2,-2,1,3,1,-1,-3,-1,2,2,5,2,2,-2,-2,-5,-2,-2
0,1,30913,30916,92739,92740,92741,92744,92745,92746,185479,185480,185481,185482,185483,185486,185487,185488,185489,185490,1,-1,2,-2,1,3,1,-1,-3,-1,2,2,5,2,2,-2,-2,-5,-2,-2
0,1,30915,30918,92745,92746,92747,92750,92751,92752,185491,185492,185493,185494,185495,185498,185499,185500,185501,185502,1,-1,2,-2,1,3,1,-1,-3,-1,2,2,5,2,2,-2,-2,-5,-2,-2
0,1,30917,30920,92751,92752,92753,92756,92757,92758,185503,185504,185505,185506,185507,185510,185511,185512,185513,185514,1,-1,2,-2,1,3,1,-1,-3,-1,2,2,5,2,2,-2,-2,-5,-2,-2
0,1,30919,30922,92757,92758,92759,92762,92763,92764,185515,185516,185517,185518,185519,185522,185523,185524,185525,185526,1,-1,2,-2,1,3,1,-1,-3,-1,2,2,5,2,2,-2,-2,-5,-2,-2
0,1,30921,30924,92763,92764,92765,92768,92769,92770,185527,185528,185529,185530,185531,185534,185535,185536,185537,185538,1,-1,2,-2,1,3,1,-1,-3,-1,2,2,5,2,2,-2,-2,-5,-2,-2
0,1,30923,30926,92769,92770,92771,92774,92775,92776,185539,185540,185541,185542,185543,185546,185547,185548,185549,185550,1,-1,2,-2,1,3,1,-1,-3,-1,2,2,5,2,2,-2,-2,-5,-2,-2
0,1,30925,30928,92775,92776,92777,92780,92781,92782,185551,185552,185553,185554,185555,185558,185559,185560,185561,185562,1,-1,2,-2,1,3,1,-1,-3,-1,2,2,5,2,2,-2,-2,-5,-2,-2
0,1,30927,30930,92781,92782,92783,92786,92787,92788,185563,185564,185565,185566,185567,185570,185571,185572,185573,185574,1,-1,2,-2,1,3,1,-1,-3,-1,2,2,5,2,2,-2,-2,-5,-2,-2
0,1,30929,30932,92787,92788,92789,92792,92793,92794,185575,185576,185577,185578,185579,185582,185583,185584,185585,185586,1,-1,2,-2,1,3,1,-1,-3,-1,2,2,5,2,2,-2,-2,-5,-2,-2
0,1,30931,30934,92793,92794,92795,92798,92799,92800,185587,185588,185589,185590,185591,185594,185595,185596,185597,185598,1,-1,2,-2,1,3,1,-1,-3,-1,2,2,5,2,2,-2,-2,-5,-2,-2
0,1,30933,30936,92799,92800,92801,92804,92805,92806,185599,185600,185601,185602,185603,185606,185607,185608,185609,185610,1,-1,2,-2,1,3,1,-1,-3,-1,2,2,5,2,2,-2,-2,-5,-2,-2
0,1,30935,30938,92805,92806,92807,92810,92811,92812,185611,185612,185613,185614,185615,185618,185619,185620,185621,185622,1,-1,2,-2,1,3,1,-1,-3,-1,2,2,5,2,2,-2,-2,-5,-2,-2
0,1,30937,30940,92811,92812,92813,92816,92817,92818,185623,185624,185625,185626,185627,185630,185631,185632,185633,185634,1,-1,2,-2,1,3,1,-1,-3,-1,2,2,5,2,2,-2,-2,-5,-2,-2
0,1,30939,30942,92817,92818,92819,92822,92823,92824,185635,185636,185637,185638,185639,185642,185643,185644,185645,185646,1,-1,2,-2,1,3,1,-1,-3,-1,2,2,5,2,2,-2,-2,-5,-2,-2
0,1,30941,30944,92823,92824,92825,92828,92829,92830,185647,185648,185649,185650,185651,185654,185655,185656,185657,185658,1,-1,2,-2,1,3,1,-1,-3,-1,2,2,5,2,2,-2,-2,-5,-2,-2
0,1,30943,30946,92829,92830,92831,92834,92835,92836,185659,185660,185661,185662,185663,185666,185667,185668,185669,185670,1,-1,2,-2,1,3,1,-1,-3,-1,2,2,5,2,2,-2,-2,-5,-2,-2
0,1,30945,30948,92835,92836,92837,92840,92841,92842,185671,185672,185673,185674,185675,185678,185679,185680,185681,185682,1,-1,2,-2,1,3,1,-1,-3,-1,2,2,5,2,2,-2,-2,-5,-2,-2
0,1,30947,30950,92841,92842,92843,92846,92847,92848,185683,185684,185685,185686,185687,185690,185691,185692,185693,185694,1,-1,2,-2,1,3,1,-1,-3,-1,2,2,5,2,2,-2,-2,-5,-2,-2
0,1,30949,30952,92847,92848,92849,92852,92853,92854,185695,185696,185697,185698,185699,185702,185703,185704,185705,185706,1,-1,2,-2,1,3,1,-1,-3,-1,2,2,5,2,2,-2,-2,-5,-2,-2
0,1,30951,30954,92853,92854,92855,92858,92859,92860,185707,185708,185709,185710,185711,185714,185715,185716,185717,185718,1,-1,2,-2,1,3,1,-1,-3,-1,2,2,5,2,2,-2,-2,-5,-2,-2
0,1,30953,30956,92859,92860,92861,92864,92865,92866,185719,185720,185721,185722,185723,185726,185727,185728,185729,185730,1,-1,2,-2,1,3,1,-1,-3,-1,2,2,5,2,2,-2,-2,-5,-2,-2
0,1,30955,30958,92865,92866,92867,92870,92871,92872,185731,185732,185733,185734,185735,185738,185739,185740,185741,185742,1,-1,2,-2,1,3,1,-1,-3,-1,2,2,5,2,2,-2,-2,-5,-2,-2
0,1,30957,30960,92871,92872,92873,92876,92877,92878,185743,185744,185745,185746,185747,185750,185751,185752,185753,185754,1,-1,2,-2,1,3,1,-1,-3,-1,2,2,5,2,2,-2,-2,-5,-2,-2
0,1,30959,30962,92877,92878,92879,92882,92883,92884,185755,185756,185757,185758,185759,185762,185763,185764,185765,185766,1,-1,2,-2,1,3,1,-1,-3,-1,2,2,5,2,2,-2,-2,-5,-2,-2
0,1,30961,30964,92883,92884,92885,92888,92889,92890,185767,185768,185769,185770,185771,185774,185775,185776,185777,185778,1,-1,2,-2,1,3,1,-1,-3,-1,2,2,5,2,2,-2,-2,-5,-2,-2
0,1,30963,30966,92889,92890,92891,92894,92895,92896,185779,185780,185781,185782,185783,185786,185787,185788,185789,185790,1,-1,2,-2,1,3,1,-1,-3,-1,2,2,5,2,2,-2,-2,-5,-2,-2
0,1,30965,30968,92895,92896,92897,92900,92901,92902,185791,185792,185793,185794,185795,185798,185799,185800,185801,185802,1,-1,2,-2,1,3,1,-1,-3,-1,2,2,5,2,2,-2,-2,-5,-2,-2
0,1,30967,30970,92901,92902,92903,92906,92907,92908,185803,185804,185805,185806,185807,185810,185811,185812,185813,185814,1,-1,2,-2,1,3,1,-1,-3,-1,2,2,5,2,2,-2,-2,-5,-2,-2
0,1,30969,30972,92907,92908,92909,92912,92913,92914,185815,185816,185817,185818,185819,185822,185823,185824,185825,185826,1,-1,2,-2,1,3,1,-1,-3,-1,2,2,5,2,2,-2,-2,-5,-2,-2
0,1,30971,30974,92913,92914,92915,92918,92919,92920,185827,185828,185829,185830,185831,185834,185835,185836,185837,185838,1,-1,2,-2,1,3,1,-1,-3,-1,2,2,5,2,2,-2,-2,-5,-2,-2
0,1,30973,30976,92919,92920,92921,92924,92925,92926,185839,185840,185841,185842,185843,185846,185847,185848,185849,185850,1,-1,2,-2,1,3,1,-1,-3,-1,2,2,5,2,2,-2,-2,-5,-2,-2
0,1,30975,30978,92925,92926,92927,92930,92931,92932,185851,185852,185853,185854,185855,185858,185859,185860,185861,185862,1,-1,2,-2,1,3,1,-1,-3,-1,2,2,5,2,2,-2,-2,-5,-2,-2
0,1,30977,30980,92931,92932,92933,92936,92937,92938,185863,185864,185865,185866,185867,185870,185871,185872,185873,185874,1,-1,2,-2,1,3,1,-1,-3,-1,2,2,5,2,2,-2,-2,-5,-2,-2
0,1,30979,30982,92937,92938,92939,92942,92943,92944,185875,185876,185877,185878,185879,185882,185883,185884,185885,185886,1,-1,2,-2,1,3,1,-1,-3,-1,2,2,5,2,2,-2,-2,-5,-2,-2
0,1,30981,30984,92943,92944,92945,92948,92949,92950,185887,185888,185889,185890,185891,185894,185895,185896,185897,185898,1,-1,2,-2,1,3,1,-1,-3,-1,2,2,5,2,2,-2,-2,-5,-2,-2
0,1,30983,30986,92949,92950,92951,92954,92955,92956,185899,185900,185901,185902,185903,185906,185907,185908,185909,185910,1,-1,2,-2,1,3,1,-1,-3,-1,2,2,5,2,2,-2,-2,-5,-2,-2
0,1,30985,30988,92955,92956,92957,92960,92961,92962,185911,185912,185913,185914,185915,185918,185919,185920,185921,185922,1,-1,2,-2,1,3,1,-1,-3,-1,2,2,5,2,2,-2,-2,-5,-2,-2
0,1,30987,30990,92961,92962,92963,92966,92967,92968,185923,185924,185925,185926,185927,185930,185931,185932,185933,185934,1,-1,2,-2,1,3,1,-1,-3,-1,2,2,5,2,2,-2,-2,-5,-2,-2
0,1,30989,30992,92967,92968,92969,92972,92973,92974,185935,185936,185937,185938,185939,185942,185943,185944,185945,185946,1,-1,2,-2,1,3,1,-1,-3,-1,2,2,5,2,2,-2,-2,-5,-2,-2
0,1,30991,30994,92973,92974,92975,92978,92979,92980,185947,185948,185949,185950,185951,185954,185955,185956,185957,185958,1,-1,2,-2,1,3,1,-1,-3,-1,2,2,5,2,2,-2,-2,-5,-2,-2
0,1,30993,30996,92979,92980,92981,92984,92985,92986,185959,185960,185961,185962,185963,185966,185967,185968,185969,185970,1,-1,2,-2,1,3,1,-1,-3,-1,2,2,5,2,2,-2,-2,-5,-2,-2
0,1,30995,30998,92985,92986,92987,92990,92991,92992,185971,185972,185973,185974,185975,185978,185979,185980,185981,185982,1,-1,2,-2,1,3,1,-1,-3,-1,2,2,5,2,2,-2,-2,-5,-2,-2
0,1,30997,31000,92991,92992,92993,92996,92997,92998,185983,185984,185985,185986,185987,185990,185991,185992,185993,185994,1,-1,2,-2,1,3,1,-1,-3,-1,2,2,5,2,2,-2,-2,-5,-2,-2
0,1,30999,31002,92997,92998,92999,93002,93003,93004,185995,185996,185997,185998,185999,186002,186003,186004,186005,186006,1,-1,2,-2,1,3,1,-1,-3,-1,2,2,5,2,2,-2,-2,-5,-2,-2
0,1,31001,31004,93003,93004,93005,93008,93009,93010,186007,186008,186009,186010,186011,186014,186015,186016,186017,186018,1,-1,2,-2,1,3,1,-1,-3,-1,2,2,5,2,2,-2,-2,-5,-2,-2
0,1,31003,31006,93009,93010,93011,93014,93015,93016,186019,186020,186021,186022,186023,186026,186027,186028,186029,186030,1,-1,2,-2,1,3,1,-1,-3,-1,2,2,5,2,2,-2,-2,-5,-2,-2
0,1,31005,31008,93015,93016,93017,93020,93021,93022,186031,186032,186033,186034,186035,186038,186039,186040,186041,186042,1,-1,2,-2,1,3,1,-1,-3,-1,2,2,5,2,2,-2,-2,-5,-2,-2
0,1,31007,31010,93021,93022,93023,93026,93027,93028,186043,186044,186045,186046,186047,186050,186051,186052,186053,186054,1,-1,2,-2,1,3,1,-1,-3,-1,2,2,5,2,2,-2,-2,-5,-2,-2
0,1,31009,31012,93027,93028,93029,93032,93033,93034,186055,186056,186057,186058,186059,186062,186063,186064,186065,186066,1,-1,2,-2,1,3,1,-1,-3,-1,2,2,5,2,2,-2,-2,-5,-2,-2
0,1,31011,31014,93033,93034,93035,93038,93039,93040,186067,186068,186069,186070,186071,186074,186075,186076,186077,186078,1,-1,2,-2,1,3,1,-1,-3,-1,2,2,5,2,2,-2,-2,-5,-2,-2
0,1,31013,31016,93039,93040,93041,93044,93045,93046,186079,186080,186081,186082,186083,186086,186087,186088,186089,186090,1,-1,2,-2,1,3,1,-1,-3,-1,2,2,5,2,2,-2,-2,-5,-2,-2
0,1,31015,31018,93045,93046,93047,93050,93051,93052,186091,186092,186093,186094,186095,186098,186099,186100,186101,186102,1,-1,2,-2,1,3,1,-1,-3,-1,2,2,5,2,2,-2,-2,-5,-2,-2
0,1,31017,31020,93051,93052,93053,93056,93057,93058,186103,186104,186105,186106,186107,186110,186111,186112,186113,186114,1,-1,2,-2,1,3,1,-1,-3,-1,2,2,5,2,2,-2,-2,-5,-2,-2
0,1,31019,31022,93057,93058,93059,93062,93063,93064,186115,186116,186117,186118,186119,186122,186123,186124,186125,186126,1,-1,2,-2,1,3,1,-1,-3,-1,2,2,5,2,2,-2,-2,-5,-2,-2
0,1,31021,31024,93063,93064,93065,93068,93069,93070,186127,186128,186129,186130,186131,186134,186135,186136,186137,186138,1,-1,2,-2,1,3,1,-1,-3,-1,2,2,5,2,2,-2,-2,-5,-2,-2
0,1,31023,31026,93069,93070,93071,93074,93075,93076,186139,186140,186141,186142,186143,186146,186147,186148,186149,186150,1,-1,2,-2,1,3,1,-1,-3,-1,2,2,5,2,2,-2,-2,-5,-2,-2
0,1,31025,31028,93075,93076,93077,93080,93081,93082,186151,186152,186153,186154,186155,186158,186159,186160,186161,186162,1,-1,2,-2,1,3,1,-1,-3,-1,2,2,5,2,2,-2,-2,-5,-2,-2
0,1,31027,31030,93081,93082,93083,93086,93087,93088,186163,186164,186165,186166,186167,186170,186171,186172,186173,186174,1,-1,2,-2,1,3,1,-1,-3,-1,2,2,5,2,2,-2,-2,-5,-2,-2
0,1,31029,31032,93087,93088,93089,93092,93093,93094,186175,186176,186177,186178,186179,186182,186183,186184,186185,186186,1,-1,2,-2,1,3,1,-1,-3,-1,2,2,5,2,2,-2,-2,-5,-2,-2
0,1,31031,31034,93093,93094,93095,93098,93099,93100,186187,186188,186189,186190,186191,186194,186195,186196,186197,186198,1,-1,2,-2,1,3,1,-1,-3,-1,2,2,5,2,2,-2,-2,-5,-2,-2
0,1,31033,31036,93099,93100,93101,93104,93105,93106,186199,186200,186201,186202,186203,186206,186207,186208,186209,186210,1,-1,2,-2,1,3,1,-1,-3,-1,2,2,5,2,2,-2,-2,-5,-2,-2
0,1,31035,31038,93105,93106,93107,93110,93111,93112,186211,186212,186213,186214,186215,186218,186219,186220,186221,186222,1,-1,2,-2,1,3,1,-1,-3,-1,2,2,5,2,2,-2,-2,-5,-2,-2
0,1,31037,31040,93111,93112,93113,93116,93117,93118,186223,186224,186225,186226,186227,186230,186231,186232,186233,186234,1,-1,2,-2,1,3,1,-1,-3,-1,2,2,5,2,2,-2,-2,-5,-2,-2
0,1,31039,31042,93117,93118,93119,93122,93123,93124,186235,186236,186237,186238,186239,186242,186243,186244,186245,186246,1,-1,2,-2,1,3,1,-1,-3,-1,2,2,5,2,2,-2,-2,-5,-2,-2
0,1,31041,31044,93123,93124,93125,93128,93129,93130,186247,186248,186249,186250,186251,186254,186255,186256,186257,186258,1,-1,2,-2,1,3,1,-1,-3,-1,2,2,5,2,2,-2,-2,-5,-2,-2
0,1,31043,31046,93129,93130,93131,93134,93135,93136,186259,186260,186261,186262,186263,186266,186267,186268,186269,186270,1,-1,2,-2,1,3,1,-1,-3,-1,2,2,5,2,2,-2,-2,-5,-2,-2
0,1,31045,31048,93135,93136,93137,93140,93141,93142,186271,186272,186273,186274,186275,186278,186279,186280,186281,186282,1,-1,2,-2,1,3,1,-1,-3,-1,2,2,5,2,2,-2,-2,-5,-2,-2
0,1,31047,31050,93141,93142,93143,93146,93147,93148,186283,186284,186285,186286,186287,186290,186291,186292,186293,186294,1,-1,2,-2,1,3,1,-1,-3,-1,2,2,5,2,2,-2,-2,-5,-2,-2
0,1,31049,31052,93147,93148,93149,93152,93153,93154,186295,186296,186297,186298,186299,186302,186303,186304,186305,186306,1,-1,2,-2,1,3,1,-1,-3,-1,2,2,5,2,2,-2,-2,-5,-2,-2
0,1,31051,31054,93153,93154,93155,93158,93159,93160,186307,186308,186309,186310,186311,186314,186315,186316,186317,186318,1,-1,2,-2,1,3,1,-1,-3,-1,2,2,5,2,2,-2,-2,-5,-2,-2
0,1,31053,31056,93159,93160,93161,93164,93165,93166,186319,186320,186321,186322,186323,186326,186327,186328,186329,186330,1,-1,2,-2,1,3,1,-1,-3,-1,2,2,5,2,2,-2,-2,-5,-2,-2
0,1,31055,31058,93165,93166,93167,93170,93171,93172,186331,186332,186333,186334,186335,186338,186339,186340,186341,186342,1,-1,2,-2,1,3,1,-1,-3,-1,2,2,5,2,2,-2,-2,-5,-2,-2
0,1,31057,31060,93171,93172,93173,93176,93177,93178,186343,186344,186345,186346,186347,186350,186351,186352,186353,186354,1,-1,2,-2,1,3,1,-1,-3,-1,2,2,5,2,2,-2,-2,-5,-2,-2
0,1,31059,31062,93177,93178,93179,93182,93183,93184,186355,186356,186357,186358,186359,186362,186363,186364,186365,186366,1,-1,2,-2,1,3,1,-1,-3,-1,2,2,5,2,2,-2,-2,-5,-2,-2
0,1,31061,31064,93183,93184,93185,93188,93189,93190,186367,186368,186369,186370,186371,186374,186375,186376,186377,186378,1,-1,2,-2,1,3,1,-1,-3,-1,2,2,5,2,2,-2,-2,-5,-2,-2
0,1,31063,31066,93189,93190,93191,93194,93195,93196,186379,186380,186381,186382,186383,186386,186387,186388,186389,186390,1,-1,2,-2,1,3,1,-1,-3,-1,2,2,5,2,2,-2,-2,-5,-2,-2
0,1,31065,31068,93195,93196,93197,93200,93201,93202,186391,186392,186393,186394,186395,186398,186399,186400,186401,186402,1,-1,2,-2,1,3,1,-1,-3,-1,2,2,5,2,2,-2,-2,-5,-2,-2
0,1,31067,31070,93201,93202,93203,93206,93207,93208,186403,186404,186405,186406,186407,186410,186411,186412,186413,186414,1,-1,2,-2,1,3,1,-1,-3,-1,2,2,5,2,2,-2,-2,-5,-2,-2
0,1,31069,31072,93207,93208,93209,93212,93213,93214,186415,186416,186417,186418,186419,186422,186423,186424,186425,186426,1,-1,2,-2,1,3,1,-1,-3,-1,2,2,5,2,2,-2,-2,-5,-2,-2
0,1,31071,31074,93213,93214,93215,93218,93219,93220,186427,186428,186429,186430,186431,186434,186435,186436,186437,186438,1,-1,2,-2,1,3,1,-1,-3,-1,2,2,5,2,2,-2,-2,-5,-2,-2
0,1,31073,31076,93219,93220,93221,93224,93225,93226,186439,186440,186441,186442,186443,186446,186447,186448,186449,186450,1,-1,2,-2,1,3,1,-1,-3,-1,2,2,5,2,2,-2,-2,-5,-2,-2
0,1,31075,31078,93225,93226,93227,93230,93231,93232,186451,186452,186453,186454,186455,186458,186459,186460,186461,186462,1,-1,2,-2,1,3,1,-1,-3,-1,2,2,5,2,2,-2,-2,-5,-2,-2
0,1,31077,31080,93231,93232,93233,93236,93237,93238,186463,186464,186465,186466,186467,186470,186471,186472,186473,186474,1,-1,2,-2,1,3,1,-1,-3,-1,2,2,5,2,2,-2,-2,-5,-2,-2
0,1,31079,31082,93237,93238,93239,93242,93243,93244,186475,186476,186477,186478,186479,186482,186483,186484,186485,186486,1,-1,2,-2,1,3,1,-1,-3,-1,2,2,5,2,2,-2,-2,-5,-2,-2
0,1,31081,31084,93243,93244,93245,93248,93249,93250,186487,186488,186489,186490,186491,186494,186495,186496,186497,186498,1,-1,2,-2,1,3,1,-1,-3,-1,2,2,5,2,2,-2,-2,-5,-2,-2
0,1,31083,31086,93249,93250,93251,93254,93255,93256,186499,186500,186501,186502,186503,186506,186507,186508,186509,186510,1,-1,2,-2,1,3,1,-1,-3,-1,2,2,5,2,2,-2,-2,-5,-2,-2
0,1,31085,31088,93255,93256,93257,93260,93261,93262,186511,186512,186513,186514,186515,186518,186519,186520,186521,186522,1,-1,2,-2,1,3,1,-1,-3,-1,2,2,5,2,2,-2,-2,-5,-2,-2
0,1,31087,31090,93261,93262,93263,93266,93267,93268,186523,186524,186525,186526,186527,186530,186531,186532,186533,186534,1,-1,2,-2,1,3,1,-1,-3,-1,2,2,5,2,2,-2,-2,-5,-2,-2
0,1,31089,31092,93267,93268,93269,93272,93273,93274,186535,186536,186537,186538,186539,186542,186543,186544,186545,186546,1,-1,2,-2,1,3,1,-1,-3,-1,2,2,5,2,2,-2,-2,-5,-2,-2
0,1,31091,31094,93273,93274,93275,93278,93279,93280,186547,186548,186549,186550,186551,186554,186555,186556,186557,186558,1,-1,2,-2,1,3,1,-1,-3,-1,2,2,5,2,2,-2,-2,-5,-2,-2
0,1,31093,31096,93279,93280,93281,93284,93285,93286,186559,186560,186561,186562,186563,186566,186567,186568,186569,186570,1,-1,2,-2,1,3,1,-1,-3,-1,2,2,5,2,2,-2,-2,-5,-2,-2
0,1,31095,31098,93285,93286,93287,93290,93291,93292,186571,186572,186573,186574,186575,186578,186579,186580,186581,186582,1,-1,2,-2,1,3,1,-1,-3,-1,2,2,5,2,2,-2,-2,-5,-2,-2
0,1,31097,31100,93291,93292,93293,93296,93297,93298,186583,186584,186585,186586,186587,186590,186591,186592,186593,186594,1,-1,2,-2,1,3,1,-1,-3,-1,2,2,5,2,2,-2,-2,-5,-2,-2
0,1,31099,31102,93297,93298,93299,93302,93303,93304,186595,186596,186597,186598,186599,186602,186603,186604,186605,186606,1,-1,2,-2,1,3,1,-1,-3,-1,2,2,5,2,2,-2,-2,-5,-2,-2
0,1,31101,31104,93303,93304,93305,93308,93309,93310,186607,186608,186609,186610,186611,186614,186615,186616,186617,186618,1,-1,2,-2,1,3,1,-1,-3,-1,2,2,5,2,2,-2,-2,-5,-2,-2
0,1,31103,31106,93309,93310,93311,93314,93315,93316,186619,186620,186621,186622,186623,186626,186627,186628,186629,186630,1,-1,2,-2,1,3,1,-1,-3,-1,2,2,5,2,2,-2,-2,-5,-2,-2
0,1,31105,31108,93315,93316,93317,93320,93321,93322,186631,186632,186633,186634,186635,186638,186639,186640,186641,186642,1,-1,2,-2,1,3,1,-1,-3,-1,2,2,5,2,2,-2,-2,-5,-2,-2
0,1,31107,31110,93321,93322,93323,93326,93327,93328,186643,186644,186645,186646,186647,186650,186651,186652,186653,186654,1,-1,2,-2,1,3,1,-1,-3,-1,2,2,5,2,2,-2,-2,-5,-2,-2
0,1,31109,31112,93327,93328,93329,93332,93333,93334,186655,186656,186657,186658,186659,186662,186663,186664,186665,186666,1,-1,2,-2,1,3,1,-1,-3,-1,2,2,5,2,2,-2,-2,-5,-2,-2
0,1,31111,31114,93333,93334,93335,93338,93339,93340,186667,186668,186669,186670,186671,186674,186675,186676,186677,186678,1,-1,2,-2,1,3,1,-1,-3,-1,2,2,5,2,2,-2,-2,-5,-2,-2
0,1,31113,31116,93339,93340,93341,93344,93345,93346,186679,186680,186681,186682,186683,186686,186687,186688,186689,186690,1,-1,2,-2,1,3,1,-1,-3,-1,2,2,5,2,2,-2,-2,-5,-2,-2
0,1,31115,31118,93345,93346,93347,93350,93351,93352,186691,186692,186693,186694,186695,186698,186699,186700,186701,186702,1,-1,2,-2,1,3,1,-1,-3,-1,2,2,5,2,2,-2,-2,-5,-2,-2
0,1,31117,31120,93351,93352,93353,93356,93357,93358,186703,186704,186705,186706,186707,186710,186711,186712,186713,186714,1,-1,2,-2,1,3,1,-1,-3,-1,2,2,5,2,2,-2,-2,-5,-2,-2
0,1,31119,31122,93357,93358,93359,93362,93363,93364,186715,186716,186717,186718,186719,186722,186723,186724,186725,186726,1,-1,2,-2,1,3,1,-1,-3,-1,2,2,5,2,2,-2,-2,-5,-2,-2
0,1,31121,31124,93363,93364,93365,93368,93369,93370,186727,186728,186729,186730,186731,186734,186735,186736,186737,186738,1,-1,2,-2,1,3,1,-1,-3,-1,2,2,5,2,2,-2,-2,-5,-2,-2
0,1,31123,31126,93369,93370,93371,93374,93375,93376,186739,186740,186741,186742,186743,186746,186747,186748,186749,186750,1,-1,2,-2,1,3,1,-1,-3,-1,2,2,5,2,2,-2,-2,-5,-2,-2
0,1,31125,31128,93375,93376,93377,93380,93381,93382,186751,186752,186753,186754,186755,186758,186759,186760,186761,186762,1,-1,2,-2,1,3,1,-1,-3,-1,2,2,5,2,2,-2,-2,-5,-2,-2
0,1,31127,31130,93381,93382,93383,93386,93387,93388,186763,186764,186765,186766,186767,186770,186771,186772,186773,186774,1,-1,2,-2,1,3,1,-1,-3,-1,2,2,5,2,2,-2,-2,-5,-2,-2
0,1,31129,31132,93387,93388,93389,93392,93393,93394,186775,186776,186777,186778,186779,186782,186783,186784,186785,186786,1,-1,2,-2,1,3,1,-1,-3,-1,2,2,5,2,2,-2,-2,-5,-2,-2
0,1,31131,31134,93393,93394,93395,93398,93399,93400,186787,186788,186789,186790,186791,186794,186795,186796,186797,186798,1,-1,2,-2,1,3,1,-1,-3,-1,2,2,5,2,2,-2,-2,-5,-2,-2
0,1,31133,31136,93399,93400,93401,93404,93405,93406,186799,186800,186801,186802,186803,186806,186807,186808,186809,186810,1,-1,2,-2,1,3,1,-1,-3,-1,2,2,5,2,2,-2,-2,-5,-2,-2
0,1,31135,31138,93405,93406,93407,93410,93411,93412,186811,186812,186813,186814,186815,186818,186819,186820,186821,186822,1,-1,2,-2,1,3,1,-1,-3,-1,2,2,5,2,2,-2,-2,-5,-2,-2
0,1,31137,31140,93411,93412,93413,93416,93417,93418,186823,186824,186825,186826,186827,186830,186831,186832,186833,186834,1,-1,2,-2,1,3,1,-1,-3,-1,2,2,5,2,2,-2,-2,-5,-2,-2
0,1,31139,31142,93417,93418,93419,93422,93423,93424,186835,186836,186837,186838,186839,186842,186843,186844,186845,186846,1,-1,2,-2,1,3,1,-1,-3,-1,2,2,5,2,2,-2,-2,-5,-2,-2
0,1,31141,31144,93423,93424,93425,93428,93429,93430,186847,186848,186849,186850,186851,186854,186855,186856,186857,186858,1,-1,2,-2,1,3,1,-1,-3,-1,2,2,5,2,2,-2,-2,-5,-2,-2
0,1,31143,31146,93429,93430,93431,93434,93435,93436,186859,186860,186861,186862,186863,186866,186867,186868,186869,186870,1,-1,2,-2,1,3,1,-1,-3,-1,2,2,5,2,2,-2,-2,-5,-2,-2
0,1,31145,31148,93435,93436,93437,93440,93441,93442,186871,186872,186873,186874,186875,186878,186879,186880,186881,186882,1,-1,2,-2,1,3,1,-1,-3,-1,2,2,5,2,2,-2,-2,-5,-2,-2
0,1,31147,31150,93441,93442,93443,93446,93447,93448,186883,186884,186885,186886,186887,186890,186891,186892,186893,186894,1,-1,2,-2,1,3,1,-1,-3,-1,2,2,5,2,2,-2,-2,-5,-2,-2
0,1,31149,31152,93447,93448,93449,93452,93453,93454,186895,186896,186897,186898,186899,186902,186903,186904,186905,186906,1,-1,2,-2,1,3,1,-1,-3,-1,2,2,5,2,2,-2,-2,-5,-2,-2
0,1,31151,31154,93453,93454,93455,93458,93459,93460,186907,186908,186909,186910,186911,186914,186915,186916,186917,186918,1,-1,2,-2,1,3,1,-1,-3,-1,2,2,5,2,2,-2,-2,-5,-2,-2
0,1,31153,31156,93459,93460,93461,93464,93465,93466,186919,186920,186921,186922,186923,186926,186927,186928,186929,186930,1,-1,2,-2,1,3,1,-1,-3,-1,2,2,5,2,2,-2,-2,-5,-2,-2
0,1,31155,31158,93465,93466,93467,93470,93471,93472,186931,186932,186933,186934,186935,186938,186939,186940,186941,186942,1,-1,2,-2,1,3,1,-1,-3,-1,2,2,5,2,2,-2,-2,-5,-2,-2
0,1,31157,31160,93471,93472,93473,93476,93477,93478,186943,186944,186945,186946,186947,186950,186951,186952,186953,186954,1,-1,2,-2,1,3,1,-1,-3,-1,2,2,5,2,2,-2,-2,-5,-2,-2
0,1,31159,31162,93477,93478,93479,93482,93483,93484,186955,186956,186957,186958,186959,186962,186963,186964,186965,186966,1,-1,2,-2,1,3,1,-1,-3,-1,2,2,5,2,2,-2,-2,-5,-2,-2
0,1,31161,31164,93483,93484,93485,93488,93489,93490,186967,186968,186969,186970,186971,186974,186975,186976,186977,186978,1,-1,2,-2,1,3,1,-1,-3,-1,2,2,5,2,2,-2,-2,-5,-2,-2
0,1,31163,31166,93489,93490,93491,93494,93495,93496,186979,186980,186981,186982,186983,186986,186987,186988,186989,186990,1,-1,2,-2,1,3,1,-1,-3,-1,2,2,5,2,2,-2,-2,-5,-2,-2
0,1,31165,31168,93495,93496,93497,93500,93501,93502,186991,186992,186993,186994,186995,186998,186999,187000,187001,187002,1,-1,2,-2,1,3,1,-1,-3,-1,2,2,5,2,2,-2,-2,-5,-2,-2
0,1,31167,31170,93501,93502,93503,93506,93507,93508,187003,187004,187005,187006,187007,187010,187011,187012,187013,187014,1,-1,2,-2,1,3,1,-1,-3,-1,2,2,5,2,2,-2,-2,-5,-2,-2
0,1,31169,31172,93507,93508,93509,93512,93513,93514,187015,187016,187017,187018,187019,187022,187023,187024,187025,187026,1,-1,2,-2,1,3,1,-1,-3,-1,2,2,5,2,2,-2,-2,-5,-2,-2
0,1,31171,31174,93513,93514,93515,93518,93519,93520,187027,187028,187029,187030,187031,187034,187035,187036,187037,187038,1,-1,2,-2,1,3,1,-1,-3,-1,2,2,5,2,2,-2,-2,-5,-2,-2
0,1,31173,31176,93519,93520,93521,93524,93525,93526,187039,187040,187041,187042,187043,187046,187047,187048,187049,187050,1,-1,2,-2,1,3,1,-1,-3,-1,2,2,5,2,2,-2,-2,-5,-2,-2
0,1,31175,31178,93525,93526,93527,93530,93531,93532,187051,187052,187053,187054,187055,187058,187059,187060,187061,187062,1,-1,2,-2,1,3,1,-1,-3,-1,2,2,5,2,2,-2,-2,-5,-2,-2
0,1,31177,31180,93531,93532,93533,93536,93537,93538,187063,187064,187065,187066,187067,187070,187071,187072,187073,187074,1,-1,2,-2,1,3,1,-1,-3,-1,2,2,5,2,2,-2,-2,-5,-2,-2
0,1,31179,31182,93537,93538,93539,93542,93543,93544,187075,187076,187077,187078,187079,187082,187083,187084,187085,187086,1,-1,2,-2,1,3,1,-1,-3,-1,2,2,5,2,2,-2,-2,-5,-2,-2
0,1,31181,31184,93543,93544,93545,93548,93549,93550,187087,187088,187089,187090,187091,187094,187095,187096,187097,187098,1,-1,2,-2,1,3,1,-1,-3,-1,2,2,5,2,2,-2,-2,-5,-2,-2
0,1,31183,31186,93549,93550,93551,93554,93555,93556,187099,187100,187101,187102,187103,187106,187107,187108,187109,187110,1,-1,2,-2,1,3,1,-1,-3,-1,2,2,5,2,2,-2,-2,-5,-2,-2
0,1,31185,31188,93555,93556,93557,93560,93561,93562,187111,187112,187113,187114,187115,187118,187119,187120,187121,187122,1,-1,2,-2,1,3,1,-1,-3,-1,2,2,5,2,2,-2,-2,-5,-2,-2
0,1,31187,31190,93561,93562,93563,93566,93567,93568,187123,187124,187125,187126,187127,187130,187131,187132,187133,187134,1,-1,2,-2,1,3,1,-1,-3,-1,2,2,5,2,2,-2,-2,-5,-2,-2
0,1,31189,31192,93567,93568,93569,93572,93573,93574,187135,187136,187137,187138,187139,187142,187143,187144,187145,187146,1,-1,2,-2,1,3,1,-1,-3,-1,2,2,5,2,2,-2,-2,-5,-2,-2
0,1,31191,31194,93573,93574,93575,93578,93579,93580,187147,187148,187149,187150,187151,187154,187155,187156,187157,187158,1,-1,2,-2,1,3,1,-1,-3,-1,2,2,5,2,2,-2,-2,-5,-2,-2
0,1,31193,31196,93579,93580,93581,93584,93585,93586,187159,187160,187161,187162,187163,187166,187167,187168,187169,187170,1,-1,2,-2,1,3,1,-1,-3,-1,2,2,5,2,2,-2,-2,-5,-2,-2
0,1,31195,31198,93585,93586,93587,93590,93591,93592,187171,187172,187173,187174,187175,187178,187179,187180,187181,187182,1,-1,2,-2,1,3,1,-1,-3,-1,2,2,5,2,2,-2,-2,-5,-2,-2
0,1,31197,31200,93591,93592,93593,93596,93597,93598,187183,187184,187185,187186,187187,187190,187191,187192,187193,187194,1,-1,2,-2,1,3,1,-1,-3,-1,2,2,5,2,2,-2,-2,-5,-2,-2
0,1,31199,31202,93597,93598,93599,93602,93603,93604,187195,187196,187197,187198,187199,187202,187203,187204,187205,187206,1,-1,2,-2,1,3,1,-1,-3,-1,2,2,5,2,2,-2,-2,-5,-2,-2
0,1,31201,31204,93603,93604,93605,93608,93609,93610,187207,187208,187209,187210,187211,187214,187215,187216,187217,187218,1,-1,2,-2,1,3,1,-1,-3,-1,2,2,5,2,2,-2,-2,-5,-2,-2
0,1,31203,31206,93609,93610,93611,93614,93615,93616,187219,187220,187221,187222,187223,187226,187227,187228,187229,187230,1,-1,2,-2,1,3,1,-1,-3,-1,2,2,5,2,2,-2,-2,-5,-2,-2
0,1,31205,31208,93615,93616,93617,93620,93621,93622,187231,187232,187233,187234,187235,187238,187239,187240,187241,187242,1,-1,2,-2,1,3,1,-1,-3,-1,2,2,5,2,2,-2,-2,-5,-2,-2
0,1,31207,31210,93621,93622,93623,93626,93627,93628,187243,187244,187245,187246,187247,187250,187251,187252,187253,187254,1,-1,2,-2,1,3,1,-1,-3,-1,2,2,5,2,2,-2,-2,-5,-2,-2
0,1,31209,31212,93627,93628,93629,93632,93633,93634,187255,187256,187257,187258,187259,187262,187263,187264,187265,187266,1,-1,2,-2,1,3,1,-1,-3,-1,2,2,5,2,2,-2,-2,-5,-2,-2
0,1,31211,31214,93633,93634,93635,93638,93639,93640,187267,187268,187269,187270,187271,187274,187275,187276,187277,187278,1,-1,2,-2,1,3,1,-1,-3,-1,2,2,5,2,2,-2,-2,-5,-2,-2
0,1,31213,31216,93639,93640,93641,93644,93645,93646,187279,187280,187281,187282,187283,187286,187287,187288,187289,187290,1,-1,2,-2,1,3,1,-1,-3,-1,2,2,5,2,2,-2,-2,-5,-2,-2
0,1,31215,31218,93645,93646,93647,93650,93651,93652,187291,187292,187293,187294,187295,187298,187299,187300,187301,187302,1,-1,2,-2,1,3,1,-1,-3,-1,2,2,5,2,2,-2,-2,-5,-2,-2
0,1,31217,31220,93651,93652,93653,93656,93657,93658,187303,187304,187305,187306,187307,187310,187311,187312,187313,187314,1,-1,2,-2,1,3,1,-1,-3,-1,2,2,5,2,2,-2,-2,-5,-2,-2
0,1,31219,31222,93657,93658,93659,93662,93663,93664,187315,187316,187317,187318,187319,187322,187323,187324,187325,187326,1,-1,2,-2,1,3,1,-1,-3,-1,2,2,5,2,2,-2,-2,-5,-2,-2
0,1,31221,31224,93663,93664,93665,93668,93669,93670,187327,187328,187329,187330,187331,187334,187335,187336,187337,187338,1,-1,2,-2,1,3,1,-1,-3,-1,2,2,5,2,2,-2,-2,-5,-2,-2
0,1,31223,31226,93669,93670,93671,93674,93675,93676,187339,187340,187341,187342,187343,187346,187347,187348,187349,187350,1,-1,2,-2,1,3,1,-1,-3,-1,2,2,5,2,2,-2,-2,-5,-2,-2
0,1,31225,31228,93675,93676,93677,93680,93681,93682,187351,187352,187353,187354,187355,187358,187359,187360,187361,187362,1,-1,2,-2,1,3,1,-1,-3,-1,2,2,5,2,2,-2,-2,-5,-2,-2
0,1,31227,31230,93681,93682,93683,93686,93687,93688,187363,187364,187365,187366,187367,187370,187371,187372,187373,187374,1,-1,2,-2,1,3,1,-1,-3,-1,2,2,5,2,2,-2,-2,-5,-2,-2
0,1,31229,31232,93687,93688,93689,93692,93693,93694,187375,187376,187377,187378,187379,187382,187383,187384,187385,187386,1,-1,2,-2,1,3,1,-1,-3,-1,2,2,5,2,2,-2,-2,-5,-2,-2
0,1,31231,31234,93693,93694,93695,93698,93699,93700,187387,187388,187389,187390,187391,187394,187395,187396,187397,187398,1,-1,2,-2,1,3,1,-1,-3,-1,2,2,5,2,2,-2,-2,-5,-2,-2
0,1,31233,31236,93699,93700,93701,93704,93705,93706,187399,187400,187401,187402,187403,187406,187407,187408,187409,187410,1,-1,2,-2,1,3,1,-1,-3,-1,2,2,5,2,2,-2,-2,-5,-2,-2
0,1,31235,31238,93705,93706,93707,93710,93711,93712,187411,187412,187413,187414,187415,187418,187419,187420,187421,187422,1,-1,2,-2,1,3,1,-1,-3,-1,2,2,5,2,2,-2,-2,-5,-2,-2
0,1,31237,31240,93711,93712,93713,93716,93717,93718,187423,187424,187425,187426,187427,187430,187431,187432,187433,187434,1,-1,2,-2,1,3,1,-1,-3,-1,2,2,5,2,2,-2,-2,-5,-2,-2
0,1,31239,31242,93717,93718,93719,93722,93723,93724,187435,187436,187437,187438,187439,187442,187443,187444,187445,187446,1,-1,2,-2,1,3,1,-1,-3,-1,2,2,5,2,2,-2,-2,-5,-2,-2
0,1,31241,31244,93723,93724,93725,93728,93729,93730,187447,187448,187449,187450,187451,187454,187455,187456,187457,187458,1,-1,2,-2,1,3,1,-1,-3,-1,2,2,5,2,2,-2,-2,-5,-2,-2
0,1,31243,31246,93729,93730,93731,93734,93735,93736,187459,187460,187461,187462,187463,187466,187467,187468,187469,187470,1,-1,2,-2,1,3,1,-1,-3,-1,2,2,5,2,2,-2,-2,-5,-2,-2
0,1,31245,31248,93735,93736,93737,93740,93741,93742,187471,187472,187473,187474,187475,187478,187479,187480,187481,187482,1,-1,2,-2,1,3,1,-1,-3,-1,2,2,5,2,2,-2,-2,-5,-2,-2
0,1,31247,31250,93741,93742,93743,93746,93747,93748,187483,187484,187485,187486,187487,187490,187491,187492,187493,187494,1,-1,2,-2,1,3,1,-1,-3,-1,2,2,5,2,2,-2,-2,-5,-2,-2
0,1,31249,31252,93747,93748,93749,93752,93753,93754,187495,187496,187497,187498,187499,187502,187503,187504,187505,187506,1,-1,2,-2,1,3,1,-1,-3,-1,2,2,5,2,2,-2,-2,-5,-2,-2
0,1,31251,31254,93753,93754,93755,93758,93759,93760,187507,187508,187509,187510,187511,187514,187515,187516,187517,187518,1,-1,2,-2,1,3,1,-1,-3,-1,2,2,5,2,2,-2,-2,-5,-2,-2
0,1,31253,31256,93759,93760,93761,93764,93765,93766,187519,187520,187521,187522,187523,187526,187527,187528,187529,187530,1,-1,2,-2,1,3,1,-1,-3,-1,2,2,5,2,2,-2,-2,-5,-2,-2
0,1,31255,31258,93765,93766,93767,93770,93771,93772,187531,187532,187533,187534,187535,187538,187539,187540,187541,187542,1,-1,2,-2,1,3,1,-1,-3,-1,2,2,5,2,2,-2,-2,-5,-2,-2
0,1,31257,31260,93771,93772,93773,93776,93777,93778,187543,187544,187545,187546,187547,187550,187551,187552,187553,187554,1,-1,2,-2,1,3,1,-1,-3,-1,2,2,5,2,2,-2,-2,-5,-2,-2
0,1,31259,31262,93777,93778,93779,93782,93783,93784,187555,187556,187557,187558,187559,187562,187563,187564,187565,187566,1,-1,2,-2,1,3,1,-1,-3,-1,2,2,5,2,2,-2,-2,-5,-2,-2
0,1,31261,31264,93783,93784,93785,93788,93789,93790,187567,187568,187569,187570,187571,187574,187575,187576,187577,187578,1,-1,2,-2,1,3,1,-1,-3,-1,2,2,5,2,2,-2,-2,-5,-2,-2
0,1,31263,31266,93789,93790,93791,93794,93795,93796,187579,187580,187581,187582,187583,187586,187587,187588,187589,187590,1,-1,2,-2,1,3,1,-1,-3,-1,2,2,5,2,2,-2,-2,-5,-2,-2
0,1,31265,31268,93795,93796,93797,93800,93801,93802,187591,187592,187593,187594,187595,187598,187599,187600,187601,187602,1,-1,2,-2,1,3,1,-1,-3,-1,2,2,5,2,2,-2,-2,-5,-2,-2
0,1,31267,31270,93801,93802,93803,93806,93807,93808,187603,187604,187605,187606,187607,187610,187611,187612,187613,187614,1,-1,2,-2,1,3,1,-1,-3,-1,2,2,5,2,2,-2,-2,-5,-2,-2
0,1,31269,31272,93807,93808,93809,93812,93813,93814,187615,187616,187617,187618,187619,187622,187623,187624,187625,187626,1,-1,2,-2,1,3,1,-1,-3,-1,2,2,5,2,2,-2,-2,-5,-2,-2
0,1,31271,31274,93813,93814,93815,93818,93819,93820,187627,187628,187629,187630,187631,187634,187635,187636,187637,187638,1,-1,2,-2,1,3,1,-1,-3,-1,2,2,5,2,2,-2,-2,-5,-2,-2
0,1,31273,31276,93819,93820,93821,93824,93825,93826,187639,187640,187641,187642,187643,187646,187647,187648,187649,187650,1,-1,2,-2,1,3,1,-1,-3,-1,2,2,5,2,2,-2,-2,-5,-2,-2
0,1,31275,31278,93825,93826,93827,93830,93831,93832,187651,187652,187653,187654,187655,187658,187659,187660,187661,187662,1,-1,2,-2,1,3,1,-1,-3,-1,2,2,5,2,2,-2,-2,-5,-2,-2
0,1,31277,31280,93831,93832,93833,93836,93837,93838,187663,187664,187665,187666,187667,187670,187671,187672,187673,187674,1,-1,2,-2,1,3,1,-1,-3,-1,2,2,5,2,2,-2,-2,-5,-2,-2
0,1,31279,31282,93837,93838,93839,93842,93843,93844,187675,187676,187677,187678,187679,187682,187683,187684,187685,187686,1,-1,2,-2,1,3,1,-1,-3,-1,2,2,5,2,2,-2,-2,-5,-2,-2
0,1,31281,31284,93843,93844,93845,93848,93849,93850,187687,187688,187689,187690,187691,187694,187695,187696,187697,187698,1,-1,2,-2,1,3,1,-1,-3,-1,2,2,5,2,2,-2,-2,-5,-2,-2
0,1,31283,31286,93849,93850,93851,93854,93855,93856,187699,187700,187701,187702,187703,187706,187707,187708,187709,187710,1,-1,2,-2,1,3,1,-1,-3,-1,2,2,5,2,2,-2,-2,-5,-2,-2
0,1,31285,31288,93855,93856,93857,93860,93861,93862,187711,187712,187713,187714,187715,187718,187719,187720,187721,187722,1,-1,2,-2,1,3,1,-1,-3,-1,2,2,5,2,2,-2,-2,-5,-2,-2
0,1,31287,31290,93861,93862,93863,93866,93867,93868,187723,187724,187725,187726,187727,187730,187731,187732,187733,187734,1,-1,2,-2,1,3,1,-1,-3,-1,2,2,5,2,2,-2,-2,-5,-2,-2
0,1,31289,31292,93867,93868,93869,93872,93873,93874,187735,187736,187737,187738,187739,187742,187743,187744,187745,187746,1,-1,2,-2,1,3,1,-1,-3,-1,2,2,5,2,2,-2,-2,-5,-2,-2
0,1,31291,31294,93873,93874,93875,93878,93879,93880,187747,187748,187749,187750,187751,187754,187755,187756,187757,187758,1,-1,2,-2,1,3,1,-1,-3,-1,2,2,5,2,2,-2,-2,-5,-2,-2
0,1,31293,31296,93879,93880,93881,93884,93885,93886,187759,187760,187761,187762,187763,187766,187767,187768,187769,187770,1,-1,2,-2,1,3,1,-1,-3,-1,2,2,5,2,2,-2,-2,-5,-2,-2
0,1,31295,31298,93885,93886,93887,93890,93891,93892,187771,187772,187773,187774,187775,187778,187779,187780,187781,187782,1,-1,2,-2,1,3,1,-1,-3,-1,2,2,5,2,2,-2,-2,-5,-2,-2
0,1,31297,31300,93891,93892,93893,93896,93897,93898,187783,187784,187785,187786,187787,187790,187791,187792,187793,187794,1,-1,2,-2,1,3,1,-1,-3,-1,2,2,5,2,2,-2,-2,-5,-2,-2
0,1,31299,31302,93897,93898,93899,93902,93903,93904,187795,187796,187797,187798,187799,187802,187803,187804,187805,187806,1,-1,2,-2,1,3,1,-1,-3,-1,2,2,5,2,2,-2,-2,-5,-2,-2
0,1,31301,31304,93903,93904,93905,93908,93909,93910,187807,187808,187809,187810,187811,187814,187815,187816,187817,187818,1,-1,2,-2,1,3,1,-1,-3,-1,2,2,5,2,2,-2,-2,-5,-2,-2
0,1,31303,31306,93909,93910,93911,93914,93915,93916,187819,187820,187821,187822,187823,187826,187827,187828,187829,187830,1,-1,2,-2,1,3,1,-1,-3,-1,2,2,5,2,2,-2,-2,-5,-2,-2
0,1,31305,31308,93915,93916,93917,93920,93921,93922,187831,187832,187833,187834,187835,187838,187839,187840,187841,187842,1,-1,2,-2,1,3,1,-1,-3,-1,2,2,5,2,2,-2,-2,-5,-2,-2
0,1,31307,31310,93921,93922,93923,93926,93927,93928,187843,187844,187845,187846,187847,187850,187851,187852,187853,187854,1,-1,2,-2,1,3,1,-1,-3,-1,2,2,5,2,2,-2,-2,-5,-2,-2
0,1,31309,31312,93927,93928,93929,93932,93933,93934,187855,187856,187857,187858,187859,187862,187863,187864,187865,187866,1,-1,2,-2,1,3,1,-1,-3,-1,2,2,5,2,2,-2,-2,-5,-2,-2
0,1,31311,31314,93933,93934,93935,93938,93939,93940,187867,187868,187869,187870,187871,187874,187875,187876,187877,187878,1,-1,2,-2,1,3,1,-1,-3,-1,2,2,5,2,2,-2,-2,-5,-2,-2
0,1,31313,31316,93939,93940,93941,93944,93945,93946,187879,187880,187881,187882,187883,187886,187887,187888,187889,187890,1,-1,2,-2,1,3,1,-1,-3,-1,2,2,5,2,2,-2,-2,-5,-2,-2
0,1,31315,31318,93945,93946,93947,93950,93951,93952,187891,187892,187893,187894,187895,187898,187899,187900,187901,187902,1,-1,2,-2,1,3,1,-1,-3,-1,2,2,5,2,2,-2,-2,-5,-2,-2
0,1,31317,31320,93951,93952,93953,93956,93957,93958,187903,187904,187905,187906,187907,187910,187911,187912,187913,187914,1,-1,2,-2,1,3,1,-1,-3,-1,2,2,5,2,2,-2,-2,-5,-2,-2
0,1,31319,31322,93957,93958,93959,93962,93963,93964,187915,187916,187917,187918,187919,187922,187923,187924,187925,187926,1,-1,2,-2,1,3,1,-1,-3,-1,2,2,5,2,2,-2,-2,-5,-2,-2
0,1,31321,31324,93963,93964,93965,93968,93969,93970,187927,187928,187929,187930,187931,187934,187935,187936,187937,187938,1,-1,2,-2,1,3,1,-1,-3,-1,2,2,5,2,2,-2,-2,-5,-2,-2
0,1,31323,31326,93969,93970,93971,93974,93975,93976,187939,187940,187941,187942,187943,187946,187947,187948,187949,187950,1,-1,2,-2,1,3,1,-1,-3,-1,2,2,5,2,2,-2,-2,-5,-2,-2
0,1,31325,31328,93975,93976,93977,93980,93981,93982,187951,187952,187953,187954,187955,187958,187959,187960,187961,187962,1,-1,2,-2,1,3,1,-1,-3,-1,2,2,5,2,2,-2,-2,-5,-2,-2
0,1,31327,31330,93981,93982,93983,93986,93987,93988,187963,187964,187965,187966,187967,187970,187971,187972,187973,187974,1,-1,2,-2,1,3,1,-1,-3,-1,2,2,5,2,2,-2,-2,-5,-2,-2
0,1,31329,31332,93987,93988,93989,93992,93993,93994,187975,187976,187977,187978,187979,187982,187983,187984,187985,187986,1,-1,2,-2,1,3,1,-1,-3,-1,2,2,5,2,2,-2,-2,-5,-2,-2
0,1,31331,31334,93993,93994,93995,93998,93999,94000,187987,187988,187989,187990,187991,187994,187995,187996,187997,187998,1,-1,2,-2,1,3,1,-1,-3,-1,2,2,5,2,2,-2,-2,-5,-2,-2
0,1,31333,31336,93999,94000,94001,94004,94005,94006,187999,188000,188001,188002,188003,188006,188007,188008,188009,188010,1,-1,2,-2,1,3,1,-1,-3,-1,2,2,5,2,2,-2,-2,-5,-2,-2
0,1,31335,31338,94005,94006,94007,94010,94011,94012,188011,188012,188013,188014,188015,188018,188019,188020,188021,188022,1,-1,2,-2,1,3,1,-1,-3,-1,2,2,5,2,2,-2,-2,-5,-2,-2
0,1,31337,31340,94011,94012,94013,94016,94017,94018,188023,188024,188025,188026,188027,188030,188031,188032,188033,188034,1,-1,2,-2,1,3,1,-1,-3,-1,2,2,5,2,2,-2,-2,-5,-2,-2
0,1,31339,31342,94017,94018,94019,94022,94023,94024,188035,188036,188037,188038,188039,188042,188043,188044,188045,188046,1,-1,2,-2,1,3,1,-1,-3,-1,2,2,5,2,2,-2,-2,-5,-2,-2
0,1,31341,31344,94023,94024,94025,94028,94029,94030,188047,188048,188049,188050,188051,188054,188055,188056,188057,188058,1,-1,2,-2,1,3,1,-1,-3,-1,2,2,5,2,2,-2,-2,-5,-2,-2
0,1,31343,31346,94029,94030,94031,94034,94035,94036,188059,188060,188061,188062,188063,188066,188067,188068,188069,188070,1,-1,2,-2,1,3,1,-1,-3,-1,2,2,5,2,2,-2,-2,-5,-2,-2
0,1,31345,31348,94035,94036,94037,94040,94041,94042,188071,188072,188073,188074,188075,188078,188079,188080,188081,188082,1,-1,2,-2,1,3,1,-1,-3,-1,2,2,5,2,2,-2,-2,-5,-2,-2
0,1,31347,31350,94041,94042,94043,94046,94047,94048,188083,188084,188085,188086,188087,188090,188091,188092,188093,188094,1,-1,2,-2,1,3,1,-1,-3,-1,2,2,5,2,2,-2,-2,-5,-2,-2
0,1,31349,31352,94047,94048,94049,94052,94053,94054,188095,188096,188097,188098,188099,188102,188103,188104,188105,188106,1,-1,2,-2,1,3,1,-1,-3,-1,2,2,5,2,2,-2,-2,-5,-2,-2
0,1,31351,31354,94053,94054,94055,94058,94059,94060,188107,188108,188109,188110,188111,188114,188115,188116,188117,188118,1,-1,2,-2,1,3,1,-1,-3,-1,2,2,5,2,2,-2,-2,-5,-2,-2
0,1,31353,31356,94059,94060,94061,94064,94065,94066,188119,188120,188121,188122,188123,188126,188127,188128,188129,188130,1,-1,2,-2,1,3,1,-1,-3,-1,2,2,5,2,2,-2,-2,-5,-2,-2
0,1,31355,31358,94065,94066,94067,94070,94071,94072,188131,188132,188133,188134,188135,188138,188139,188140,188141,188142,1,-1,2,-2,1,3,1,-1,-3,-1,2,2,5,2,2,-2,-2,-5,-2,-2
0,1,31357,31360,94071,94072,94073,94076,94077,94078,188143,188144,188145,188146,188147,188150,188151,188152,188153,188154,1,-1,2,-2,1,3,1,-1,-3,-1,2,2,5,2,2,-2,-2,-5,-2,-2
0,1,31359,31362,94077,94078,94079,94082,94083,94084,188155,188156,188157,188158,188159,188162,188163,188164,188165,188166,1,-1,2,-2,1,3,1,-1,-3,-1,2,2,5,2,2,-2,-2,-5,-2,-2
0,1,31361,31364,94083,94084,94085,94088,94089,94090,188167,188168,188169,188170,188171,188174,188175,188176,188177,188178,1,-1,2,-2,1,3,1,-1,-3,-1,2,2,5,2,2,-2,-2,-5,-2,-2
0,1,31363,31366,94089,94090,94091,94094,94095,94096,188179,188180,188181,188182,188183,188186,188187,188188,188189,188190,1,-1,2,-2,1,3,1,-1,-3,-1,2,2,5,2,2,-2,-2,-5,-2,-2
0,1,31365,31368,94095,94096,94097,94100,94101,94102,188191,188192,188193,188194,188195,188198,188199,188200,188201,188202,1,-1,2,-2,1,3,1,-1,-3,-1,2,2,5,2,2,-2,-2,-5,-2,-2
0,1,31367,31370,94101,94102,94103,94106,94107,94108,188203,188204,188205,188206,188207,188210,188211,188212,188213,188214,1,-1,2,-2,1,3,1,-1,-3,-1,2,2,5,2,2,-2,-2,-5,-2,-2
0,1,31369,31372,94107,94108,94109,94112,94113,94114,188215,188216,188217,188218,188219,188222,188223,188224,188225,188226,1,-1,2,-2,1,3,1,-1,-3,-1,2,2,5,2,2,-2,-2,-5,-2,-2
0,1,31371,31374,94113,94114,94115,94118,94119,94120,188227,188228,188229,188230,188231,188234,188235,188236,188237,188238,1,-1,2,-2,1,3,1,-1,-3,-1,2,2,5,2,2,-2,-2,-5,-2,-2
0,1,31373,31376,94119,94120,94121,94124,94125,94126,188239,188240,188241,188242,188243,188246,188247,188248,188249,188250,1,-1,2,-2,1,3,1,-1,-3,-1,2,2,5,2,2,-2,-2,-5,-2,-2
0,1,31375,31378,94125,94126,94127,94130,94131,94132,188251,188252,188253,188254,188255,188258,188259,188260,188261,188262,1,-1,2,-2,1,3,1,-1,-3,-1,2,2,5,2,2,-2,-2,-5,-2,-2
0,1,31377,31380,94131,94132,94133,94136,94137,94138,188263,188264,188265,188266,188267,188270,188271,188272,188273,188274,1,-1,2,-2,1,3,1,-1,-3,-1,2,2,5,2,2,-2,-2,-5,-2,-2
0,1,31379,31382,94137,94138,94139,94142,94143,94144,188275,188276,188277,188278,188279,188282,188283,188284,188285,188286,1,-1,2,-2,1,3,1,-1,-3,-1,2,2,5,2,2,-2,-2,-5,-2,-2
0,1,31381,31384,94143,94144,94145,94148,94149,94150,188287,188288,188289,188290,188291,188294,188295,188296,188297,188298,1,-1,2,-2,1,3,1,-1,-3,-1,2,2,5,2,2,-2,-2,-5,-2,-2
0,1,31383,31386,94149,94150,94151,94154,94155,94156,188299,188300,188301,188302,188303,188306,188307,188308,188309,188310,1,-1,2,-2,1,3,1,-1,-3,-1,2,2,5,2,2,-2,-2,-5,-2,-2
0,1,31385,31388,94155,94156,94157,94160,94161,94162,188311,188312,188313,188314,188315,188318,188319,188320,188321,188322,1,-1,2,-2,1,3,1,-1,-3,-1,2,2,5,2,2,-2,-2,-5,-2,-2
0,1,31387,31390,94161,94162,94163,94166,94167,94168,188323,188324,188325,188326,188327,188330,188331,188332,188333,188334,1,-1,2,-2,1,3,1,-1,-3,-1,2,2,5,2,2,-2,-2,-5,-2,-2
0,1,31389,31392,94167,94168,94169,94172,94173,94174,188335,188336,188337,188338,188339,188342,188343,188344,188345,188346,1,-1,2,-2,1,3,1,-1,-3,-1,2,2,5,2,2,-2,-2,-5,-2,-2
0,1,31391,31394,94173,94174,94175,94178,94179,94180,188347,188348,188349,188350,188351,188354,188355,188356,188357,188358,1,-1,2,-2,1,3,1,-1,-3,-1,2,2,5,2,2,-2,-2,-5,-2,-2
0,1,31393,31396,94179,94180,94181,94184,94185,94186,188359,188360,188361,188362,188363,188366,188367,188368,188369,188370,1,-1,2,-2,1,3,1,-1,-3,-1,2,2,5,2,2,-2,-2,-5,-2,-2
0,1,31395,31398,94185,94186,94187,94190,94191,94192,188371,188372,188373,188374,188375,188378,188379,188380,188381,188382,1,-1,2,-2,1,3,1,-1,-3,-1,2,2,5,2,2,-2,-2,-5,-2,-2
0,1,31397,31400,94191,94192,94193,94196,94197,94198,188383,188384,188385,188386,188387,188390,188391,188392,188393,188394,1,-1,2,-2,1,3,1,-1,-3,-1,2,2,5,2,2,-2,-2,-5,-2,-2
0,1,31399,31402,94197,94198,94199,94202,94203,94204,188395,188396,188397,188398,188399,188402,188403,188404,188405,188406,1,-1,2,-2,1,3,1,-1,-3,-1,2,2,5,2,2,-2,-2,-5,-2,-2
0,1,31401,31404,94203,94204,94205,94208,94209,94210,188407,188408,188409,188410,188411,188414,188415,188416,188417,188418,1,-1,2,-2,1,3,1,-1,-3,-1,2,2,5,2,2,-2,-2,-5,-2,-2
0,1,31403,31406,94209,94210,94211,94214,94215,94216,188419,188420,188421,188422,188423,188426,188427,188428,188429,188430,1,-1,2,-2,1,3,1,-1,-3,-1,2,2,5,2,2,-2,-2,-5,-2,-2
0,1,31405,31408,94215,94216,94217,94220,94221,94222,188431,188432,188433,188434,188435,188438,188439,188440,188441,188442,1,-1,2,-2,1,3,1,-1,-3,-1,2,2,5,2,2,-2,-2,-5,-2,-2
0,1,31407,31410,94221,94222,94223,94226,94227,94228,188443,188444,188445,188446,188447,188450,188451,188452,188453,188454,1,-1,2,-2,1,3,1,-1,-3,-1,2,2,5,2,2,-2,-2,-5,-2,-2
0,1,31409,31412,94227,94228,94229,94232,94233,94234,188455,188456,188457,188458,188459,188462,188463,188464,188465,188466,1,-1,2,-2,1,3,1,-1,-3,-1,2,2,5,2,2,-2,-2,-5,-2,-2
0,1,31411,31414,94233,94234,94235,94238,94239,94240,188467,188468,188469,188470,188471,188474,188475,188476,188477,188478,1,-1,2,-2,1,3,1,-1,-3,-1,2,2,5,2,2,-2,-2,-5,-2,-2
0,1,31413,31416,94239,94240,94241,94244,94245,94246,188479,188480,188481,188482,188483,188486,188487,188488,188489,188490,1,-1,2,-2,1,3,1,-1,-3,-1,2,2,5,2,2,-2,-2,-5,-2,-2
0,1,31415,31418,94245,94246,94247,94250,94251,94252,188491,188492,188493,188494,188495,188498,188499,188500,188501,188502,1,-1,2,-2,1,3,1,-1,-3,-1,2,2,5,2,2,-2,-2,-5,-2,-2
0,1,31417,31420,94251,94252,94253,94256,94257,94258,188503,188504,188505,188506,188507,188510,188511,188512,188513,188514,1,-1,2,-2,1,3,1,-1,-3,-1,2,2,5,2,2,-2,-2,-5,-2,-2
0,1,31419,31422,94257,94258,94259,94262,94263,94264,188515,188516,188517,188518,188519,188522,188523,188524,188525,188526,1,-1,2,-2,1,3,1,-1,-3,-1,2,2,5,2,2,-2,-2,-5,-2,-2
0,1,31421,31424,94263,94264,94265,94268,94269,94270,188527,188528,188529,188530,188531,188534,188535,188536,188537,188538,1,-1,2,-2,1,3,1,-1,-3,-1,2,2,5,2,2,-2,-2,-5,-2,-2
0,1,31423,31426,94269,94270,94271,94274,94275,94276,188539,188540,188541,188542,188543,188546,188547,188548,188549,188550,1,-1,2,-2,1,3,1,-1,-3,-1,2,2,5,2,2,-2,-2,-5,-2,-2
0,1,31425,31428,94275,94276,94277,94280,94281,94282,188551,188552,188553,188554,188555,188558,188559,188560,188561,188562,1,-1,2,-2,1,3,1,-1,-3,-1,2,2,5,2,2,-2,-2,-5,-2,-2
0,1,31427,31430,94281,94282,94283,94286,94287,94288,188563,188564,188565,188566,188567,188570,188571,188572,188573,188574,1,-1,2,-2,1,3,1,-1,-3,-1,2,2,5,2,2,-2,-2,-5,-2,-2
0,1,31429,31432,94287,94288,94289,94292,94293,94294,188575,188576,188577,188578,188579,188582,188583,188584,188585,188586,1,-1,2,-2,1,3,1,-1,-3,-1,2,2,5,2,2,-2,-2,-5,-2,-2
0,1,31431,31434,94293,94294,94295,94298,94299,94300,188587,188588,188589,188590,188591,188594,188595,188596,188597,188598,1,-1,2,-2,1,3,1,-1,-3,-1,2,2,5,2,2,-2,-2,-5,-2,-2
0,1,31433,31436,94299,94300,94301,94304,94305,94306,188599,188600,188601,188602,188603,188606,188607,188608,188609,188610,1,-1,2,-2,1,3,1,-1,-3,-1,2,2,5,2,2,-2,-2,-5,-2,-2
0,1,31435,31438,94305,94306,94307,94310,94311,94312,188611,188612,188613,188614,188615,188618,188619,188620,188621,188622,1,-1,2,-2,1,3,1,-1,-3,-1,2,2,5,2,2,-2,-2,-5,-2,-2
0,1,31437,31440,94311,94312,94313,94316,94317,94318,188623,188624,188625,188626,188627,188630,188631,188632,188633,188634,1,-1,2,-2,1,3,1,-1,-3,-1,2,2,5,2,2,-2,-2,-5,-2,-2
0,1,31439,31442,94317,94318,94319,94322,94323,94324,188635,188636,188637,188638,188639,188642,188643,188644,188645,188646,1,-1,2,-2,1,3,1,-1,-3,-1,2,2,5,2,2,-2,-2,-5,-2,-2
0,1,31441,31444,94323,94324,94325,94328,94329,94330,188647,188648,188649,188650,188651,188654,188655,188656,188657,188658,1,-1,2,-2,1,3,1,-1,-3,-1,2,2,5,2,2,-2,-2,-5,-2,-2
0,1,31443,31446,94329,94330,94331,94334,94335,94336,188659,188660,188661,188662,188663,188666,188667,188668,188669,188670,1,-1,2,-2,1,3,1,-1,-3,-1,2,2,5,2,2,-2,-2,-5,-2,-2
0,1,31445,31448,94335,94336,94337,94340,94341,94342,188671,188672,188673,188674,188675,188678,188679,188680,188681,188682,1,-1,2,-2,1,3,1,-1,-3,-1,2,2,5,2,2,-2,-2,-5,-2,-2
0,1,31447,31450,94341,94342,94343,94346,94347,94348,188683,188684,188685,188686,188687,188690,188691,188692,188693,188694,1,-1,2,-2,1,3,1,-1,-3,-1,2,2,5,2,2,-2,-2,-5,-2,-2
0,1,31449,31452,94347,94348,94349,94352,94353,94354,188695,188696,188697,188698,188699,188702,188703,188704,188705,188706,1,-1,2,-2,1,3,1,-1,-3,-1,2,2,5,2,2,-2,-2,-5,-2,-2
0,1,31451,31454,94353,94354,94355,94358,94359,94360,188707,188708,188709,188710,188711,188714,188715,188716,188717,188718,1,-1,2,-2,1,3,1,-1,-3,-1,2,2,5,2,2,-2,-2,-5,-2,-2
0,1,31453,31456,94359,94360,94361,94364,94365,94366,188719,188720,188721,188722,188723,188726,188727,188728,188729,188730,1,-1,2,-2,1,3,1,-1,-3,-1,2,2,5,2,2,-2,-2,-5,-2,-2
0,1,31455,31458,94365,94366,94367,94370,94371,94372,188731,188732,188733,188734,188735,188738,188739,188740,188741,188742,1,-1,2,-2,1,3,1,-1,-3,-1,2,2,5,2,2,-2,-2,-5,-2,-2
0,1,31457,31460,94371,94372,94373,94376,94377,94378,188743,188744,188745,188746,188747,188750,188751,188752,188753,188754,1,-1,2,-2,1,3,1,-1,-3,-1,2,2,5,2,2,-2,-2,-5,-2,-2
0,1,31459,31462,94377,94378,94379,94382,94383,94384,188755,188756,188757,188758,188759,188762,188763,188764,188765,188766,1,-1,2,-2,1,3,1,-1,-3,-1,2,2,5,2,2,-2,-2,-5,-2,-2
0,1,31461,31464,94383,94384,94385,94388,94389,94390,188767,188768,188769,188770,188771,188774,188775,188776,188777,188778,1,-1,2,-2,1,3,1,-1,-3,-1,2,2,5,2,2,-2,-2,-5,-2,-2
0,1,31463,31466,94389,94390,94391,94394,94395,94396,188779,188780,188781,188782,188783,188786,188787,188788,188789,188790,1,-1,2,-2,1,3,1,-1,-3,-1,2,2,5,2,2,-2,-2,-5,-2,-2
0,1,31465,31468,94395,94396,94397,94400,94401,94402,188791,188792,188793,188794,188795,188798,188799,188800,188801,188802,1,-1,2,-2,1,3,1,-1,-3,-1,2,2,5,2,2,-2,-2,-5,-2,-2
0,1,31467,31470,94401,94402,94403,94406,94407,94408,188803,188804,188805,188806,188807,188810,188811,188812,188813,188814,1,-1,2,-2,1,3,1,-1,-3,-1,2,2,5,2,2,-2,-2,-5,-2,-2
0,1,31469,31472,94407,94408,94409,94412,94413,94414,188815,188816,188817,188818,188819,188822,188823,188824,188825,188826,1,-1,2,-2,1,3,1,-1,-3,-1,2,2,5,2,2,-2,-2,-5,-2,-2
0,1,31471,31474,94413,94414,94415,94418,94419,94420,188827,188828,188829,188830,188831,188834,188835,188836,188837,188838,1,-1,2,-2,1,3,1,-1,-3,-1,2,2,5,2,2,-2,-2,-5,-2,-2
0,1,31473,31476,94419,94420,94421,94424,94425,94426,188839,188840,188841,188842,188843,188846,188847,188848,188849,188850,1,-1,2,-2,1,3,1,-1,-3,-1,2,2,5,2,2,-2,-2,-5,-2,-2
0,1,31475,31478,94425,94426,94427,94430,94431,94432,188851,188852,188853,188854,188855,188858,188859,188860,188861,188862,1,-1,2,-2,1,3,1,-1,-3,-1,2,2,5,2,2,-2,-2,-5,-2,-2
0,1,31477,31480,94431,94432,94433,94436,94437,94438,188863,188864,188865,188866,188867,188870,188871,188872,188873,188874,1,-1,2,-2,1,3,1,-1,-3,-1,2,2,5,2,2,-2,-2,-5,-2,-2
0,1,31479,31482,94437,94438,94439,94442,94443,94444,188875,188876,188877,188878,188879,188882,188883,188884,188885,188886,1,-1,2,-2,1,3,1,-1,-3,-1,2,2,5,2,2,-2,-2,-5,-2,-2
0,1,31481,31484,94443,94444,94445,94448,94449,94450,188887,188888,188889,188890,188891,188894,188895,188896,188897,188898,1,-1,2,-2,1,3,1,-1,-3,-1,2,2,5,2,2,-2,-2,-5,-2,-2
0,1,31483,31486,94449,94450,94451,94454,94455,94456,188899,188900,188901,188902,188903,188906,188907,188908,188909,188910,1,-1,2,-2,1,3,1,-1,-3,-1,2,2,5,2,2,-2,-2,-5,-2,-2
0,1,31485,31488,94455,94456,94457,94460,94461,94462,188911,188912,188913,188914,188915,188918,188919,188920,188921,188922,1,-1,2,-2,1,3,1,-1,-3,-1,2,2,5,2,2,-2,-2,-5,-2,-2
0,1,31487,31490,94461,94462,94463,94466,94467,94468,188923,188924,188925,188926,188927,188930,188931,188932,188933,188934,1,-1,2,-2,1,3,1,-1,-3,-1,2,2,5,2,2,-2,-2,-5,-2,-2
0,1,31489,31492,94467,94468,94469,94472,94473,94474,188935,188936,188937,188938,188939,188942,188943,188944,188945,188946,1,-1,2,-2,1,3,1,-1,-3,-1,2,2,5,2,2,-2,-2,-5,-2,-2
0,1,31491,31494,94473,94474,94475,94478,94479,94480,188947,188948,188949,188950,188951,188954,188955,188956,188957,188958,1,-1,2,-2,1,3,1,-1,-3,-1,2,2,5,2,2,-2,-2,-5,-2,-2
0,1,31493,31496,94479,94480,94481,94484,94485,94486,188959,188960,188961,188962,188963,188966,188967,188968,188969,188970,1,-1,2,-2,1,3,1,-1,-3,-1,2,2,5,2,2,-2,-2,-5,-2,-2
0,1,31495,31498,94485,94486,94487,94490,94491,94492,188971,188972,188973,188974,188975,188978,188979,188980,188981,188982,1,-1,2,-2,1,3,1,-1,-3,-1,2,2,5,2,2,-2,-2,-5,-2,-2
0,1,31497,31500,94491,94492,94493,94496,94497,94498,188983,188984,188985,188986,188987,188990,188991,188992,188993,188994,1,-1,2,-2,1,3,1,-1,-3,-1,2,2,5,2,2,-2,-2,-5,-2,-2
0,1,31499,31502,94497,94498,94499,94502,94503,94504,188995,188996,188997,188998,188999,189002,189003,189004,189005,189006,1,-1,2,-2,1,3,1,-1,-3,-1,2,2,5,2,2,-2,-2,-5,-2,-2
0,1,31501,31504,94503,94504,94505,94508,94509,94510,189007,189008,189009,189010,189011,189014,189015,189016,189017,189018,1,-1,2,-2,1,3,1,-1,-3,-1,2,2,5,2,2,-2,-2,-5,-2,-2
0,1,31503,31506,94509,94510,94511,94514,94515,94516,189019,189020,189021,189022,189023,189026,189027,189028,189029,189030,1,-1,2,-2,1,3,1,-1,-3,-1,2,2,5,2,2,-2,-2,-5,-2,-2
0,1,31505,31508,94515,94516,94517,94520,94521,94522,189031,189032,189033,189034,189035,189038,189039,189040,189041,189042,1,-1,2,-2,1,3,1,-1,-3,-1,2,2,5,2,2,-2,-2,-5,-2,-2
0,1,31507,31510,94521,94522,94523,94526,94527,94528,189043,189044,189045,189046,189047,189050,189051,189052,189053,189054,1,-1,2,-2,1,3,1,-1,-3,-1,2,2,5,2,2,-2,-2,-5,-2,-2
0,1,31509,31512,94527,94528,94529,94532,94533,94534,189055,189056,189057,189058,189059,189062,189063,189064,189065,189066,1,-1,2,-2,1,3,1,-1,-3,-1,2,2,5,2,2,-2,-2,-5,-2,-2
0,1,31511,31514,94533,94534,94535,94538,94539,94540,189067,189068,189069,189070,189071,189074,189075,189076,189077,189078,1,-1,2,-2,1,3,1,-1,-3,-1,2,2,5,2,2,-2,-2,-5,-2,-2
0,1,31513,31516,94539,94540,94541,94544,94545,94546,189079,189080,189081,189082,189083,189086,189087,189088,189089,189090,1,-1,2,-2,1,3,1,-1,-3,-1,2,2,5,2,2,-2,-2,-5,-2,-2
0,1,31515,31518,94545,94546,94547,94550,94551,94552,189091,189092,189093,189094,189095,189098,189099,189100,189101,189102,1,-1,2,-2,1,3,1,-1,-3,-1,2,2,5,2,2,-2,-2,-5,-2,-2
0,1,31517,31520,94551,94552,94553,94556,94557,94558,189103,189104,189105,189106,189107,189110,189111,189112,189113,189114,1,-1,2,-2,1,3,1,-1,-3,-1,2,2,5,2,2,-2,-2,-5,-2,-2
0,1,31519,31522,94557,94558,94559,94562,94563,94564,189115,189116,189117,189118,189119,189122,189123,189124,189125,189126,1,-1,2,-2,1,3,1,-1,-3,-1,2,2,5,2,2,-2,-2,-5,-2,-2
0,1,31521,31524,94563,94564,94565,94568,94569,94570,189127,189128,189129,189130,189131,189134,189135,189136,189137,189138,1,-1,2,-2,1,3,1,-1,-3,-1,2,2,5,2,2,-2,-2,-5,-2,-2
0,1,31523,31526,94569,94570,94571,94574,94575,94576,189139,189140,189141,189142,189143,189146,189147,189148,189149,189150,1,-1,2,-2,1,3,1,-1,-3,-1,2,2,5,2,2,-2,-2,-5,-2,-2
0,1,31525,31528,94575,94576,94577,94580,94581,94582,189151,189152,189153,189154,189155,189158,189159,189160,189161,189162,1,-1,2,-2,1,3,1,-1,-3,-1,2,2,5,2,2,-2,-2,-5,-2,-2
0,1,31527,31530,94581,94582,94583,94586,94587,94588,189163,189164,189165,189166,189167,189170,189171,189172,189173,189174,1,-1,2,-2,1,3,1,-1,-3,-1,2,2,5,2,2,-2,-2,-5,-2,-2
0,1,31529,31532,94587,94588,94589,94592,94593,94594,189175,189176,189177,189178,189179,189182,189183,189184,189185,189186,1,-1,2,-2,1,3,1,-1,-3,-1,2,2,5,2,2,-2,-2,-5,-2,-2
0,1,31531,31534,94593,94594,94595,94598,94599,94600,189187,189188,189189,189190,189191,189194,189195,189196,189197,189198,1,-1,2,-2,1,3,1,-1,-3,-1,2,2,5,2,2,-2,-2,-5,-2,-2
0,1,31533,31536,94599,94600,94601,94604,94605,94606,189199,189200,189201,189202,189203,189206,189207,189208,189209,189210,1,-1,2,-2,1,3,1,-1,-3,-1,2,2,5,2,2,-2,-2,-5,-2,-2
0,1,31535,31538,94605,94606,94607,94610,94611,94612,189211,189212,189213,189214,189215,189218,189219,189220,189221,189222,1,-1,2,-2,1,3,1,-1,-3,-1,2,2,5,2,2,-2,-2,-5,-2,-2
0,1,31537,31540,94611,94612,94613,94616,94617,94618,189223,189224,189225,189226,189227,189230,189231,189232,189233,189234,1,-1,2,-2,1,3,1,-1,-3,-1,2,2,5,2,2,-2,-2,-5,-2,-2
0,1,31539,31542,94617,94618,94619,94622,94623,94624,189235,189236,189237,189238,189239,189242,189243,189244,189245,189246,1,-1,2,-2,1,3,1,-1,-3,-1,2,2,5,2,2,-2,-2,-5,-2,-2
0,1,31541,31544,94623,94624,94625,94628,94629,94630,189247,189248,189249,189250,189251,189254,189255,189256,189257,189258,1,-1,2,-2,1,3,1,-1,-3,-1,2,2,5,2,2,-2,-2,-5,-2,-2
0,1,31543,31546,94629,94630,94631,94634,94635,94636,189259,189260,189261,189262,189263,189266,189267,189268,189269,189270,1,-1,2,-2,1,3,1,-1,-3,-1,2,2,5,2,2,-2,-2,-5,-2,-2
0,1,31545,31548,94635,94636,94637,94640,94641,94642,189271,189272,189273,189274,189275,189278,189279,189280,189281,189282,1,-1,2,-2,1,3,1,-1,-3,-1,2,2,5,2,2,-2,-2,-5,-2,-2
0,1,31547,31550,94641,94642,94643,94646,94647,94648,189283,189284,189285,189286,189287,189290,189291,189292,189293,189294,1,-1,2,-2,1,3,1,-1,-3,-1,2,2,5,2,2,-2,-2,-5,-2,-2
0,1,31549,31552,94647,94648,94649,94652,94653,94654,189295,189296,189297,189298,189299,189302,189303,189304,189305,189306,1,-1,2,-2,1,3,1,-1,-3,-1,2,2,5,2,2,-2,-2,-5,-2,-2
0,1,31551,31554,94653,94654,94655,94658,94659,94660,189307,189308,189309,189310,189311,189314,189315,189316,189317,189318,1,-1,2,-2,1,3,1,-1,-3,-1,2,2,5,2,2,-2,-2,-5,-2,-2
0,1,31553,31556,94659,94660,94661,94664,94665,94666,189319,189320,189321,189322,189323,189326,189327,189328,189329,189330,1,-1,2,-2,1,3,1,-1,-3,-1,2,2,5,2,2,-2,-2,-5,-2,-2
0,1,31555,31558,94665,94666,94667,94670,94671,94672,189331,189332,189333,189334,189335,189338,189339,189340,189341,189342,1,-1,2,-2,1,3,1,-1,-3,-1,2,2,5,2,2,-2,-2,-5,-2,-2
0,1,31557,31560,94671,94672,94673,94676,94677,94678,189343,189344,189345,189346,189347,189350,189351,189352,189353,189354,1,-1,2,-2,1,3,1,-1,-3,-1,2,2,5,2,2,-2,-2,-5,-2,-2
0,1,31559,31562,94677,94678,94679,94682,94683,94684,189355,189356,189357,189358,189359,189362,189363,189364,189365,189366,1,-1,2,-2,1,3,1,-1,-3,-1,2,2,5,2,2,-2,-2,-5,-2,-2
0,1,31561,31564,94683,94684,94685,94688,94689,94690,189367,189368,189369,189370,189371,189374,189375,189376,189377,189378,1,-1,2,-2,1,3,1,-1,-3,-1,2,2,5,2,2,-2,-2,-5,-2,-2
0,1,31563,31566,94689,94690,94691,94694,94695,94696,189379,189380,189381,189382,189383,189386,189387,189388,189389,189390,1,-1,2,-2,1,3,1,-1,-3,-1,2,2,5,2,2,-2,-2,-5,-2,-2
0,1,31565,31568,94695,94696,94697,94700,94701,94702,189391,189392,189393,189394,189395,189398,189399,189400,189401,189402,1,-1,2,-2,1,3,1,-1,-3,-1,2,2,5,2,2,-2,-2,-5,-2,-2
0,1,31567,31570,94701,94702,94703,94706,94707,94708,189403,189404,189405,189406,189407,189410,189411,189412,189413,189414,1,-1,2,-2,1,3,1,-1,-3,-1,2,2,5,2,2,-2,-2,-5,-2,-2
0,1,31569,31572,94707,94708,94709,94712,94713,94714,189415,189416,189417,189418,189419,189422,189423,189424,189425,189426,1,-1,2,-2,1,3,1,-1,-3,-1,2,2,5,2,2,-2,-2,-5,-2,-2
0,1,31571,31574,94713,94714,94715,94718,94719,94720,189427,189428,189429,189430,189431,189434,189435,189436,189437,189438,1,-1,2,-2,1,3,1,-1,-3,-1,2,2,5,2,2,-2,-2,-5,-2,-2
0,1,31573,31576,94719,94720,94721,94724,94725,94726,189439,189440,189441,189442,189443,189446,189447,189448,189449,189450,1,-1,2,-2,1,3,1,-1,-3,-1,2,2,5,2,2,-2,-2,-5,-2,-2
0,1,31575,31578,94725,94726,94727,94730,94731,94732,189451,189452,189453,189454,189455,189458,189459,189460,189461,189462,1,-1,2,-2,1,3,1,-1,-3,-1,2,2,5,2,2,-2,-2,-5,-2,-2
0,1,31577,31580,94731,94732,94733,94736,94737,94738,189463,189464,189465,189466,189467,189470,189471,189472,189473,189474,1,-1,2,-2,1,3,1,-1,-3,-1,2,2,5,2,2,-2,-2,-5,-2,-2
0,1,31579,31582,94737,94738,94739,94742,94743,94744,189475,189476,189477,189478,189479,189482,189483,189484,189485,189486,1,-1,2,-2,1,3,1,-1,-3,-1,2,2,5,2,2,-2,-2,-5,-2,-2
0,1,31581,31584,94743,94744,94745,94748,94749,94750,189487,189488,189489,189490,189491,189494,189495,189496,189497,189498,1,-1,2,-2,1,3,1,-1,-3,-1,2,2,5,2,2,-2,-2,-5,-2,-2
0,1,31583,31586,94749,94750,94751,94754,94755,94756,189499,189500,189501,189502,189503,189506,189507,189508,189509,189510,1,-1,2,-2,1,3,1,-1,-3,-1,2,2,5,2,2,-2,-2,-5,-2,-2
0,1,31585,31588,94755,94756,94757,94760,94761,94762,189511,189512,189513,189514,189515,189518,189519,189520,189521,189522,1,-1,2,-2,1,3,1,-1,-3,-1,2,2,5,2,2,-2,-2,-5,-2,-2
0,1,31587,31590,94761,94762,94763,94766,94767,94768,189523,189524,189525,189526,189527,189530,189531,189532,189533,189534,1,-1,2,-2,1,3,1,-1,-3,-1,2,2,5,2,2,-2,-2,-5,-2,-2
0,1,31589,31592,94767,94768,94769,94772,94773,94774,189535,189536,189537,189538,189539,189542,189543,189544,189545,189546,1,-1,2,-2,1,3,1,-1,-3,-1,2,2,5,2,2,-2,-2,-5,-2,-2
0,1,31591,31594,94773,94774,94775,94778,94779,94780,189547,189548,189549,189550,189551,189554,189555,189556,189557,189558,1,-1,2,-2,1,3,1,-1,-3,-1,2,2,5,2,2,-2,-2,-5,-2,-2
0,1,31593,31596,94779,94780,94781,94784,94785,94786,189559,189560,189561,189562,189563,189566,189567,189568,189569,189570,1,-1,2,-2,1,3,1,-1,-3,-1,2,2,5,2,2,-2,-2,-5,-2,-2
0,1,31595,31598,94785,94786,94787,94790,94791,94792,189571,189572,189573,189574,189575,189578,189579,189580,189581,189582,1,-1,2,-2,1,3,1,-1,-3,-1,2,2,5,2,2,-2,-2,-5,-2,-2
0,1,31597,31600,94791,94792,94793,94796,94797,94798,189583,189584,189585,189586,189587,189590,189591,189592,189593,189594,1,-1,2,-2,1,3,1,-1,-3,-1,2,2,5,2,2,-2,-2,-5,-2,-2
0,1,31599,31602,94797,94798,94799,94802,94803,94804,189595,189596,189597,189598,189599,189602,189603,189604,189605,189606,1,-1,2,-2,1,3,1,-1,-3,-1,2,2,5,2,2,-2,-2,-5,-2,-2
0,1,31601,31604,94803,94804,94805,94808,94809,94810,189607,189608,189609,189610,189611,189614,189615,189616,189617,189618,1,-1,2,-2,1,3,1,-1,-3,-1,2,2,5,2,2,-2,-2,-5,-2,-2
0,1,31603,31606,94809,94810,94811,94814,94815,94816,189619,189620,189621,189622,189623,189626,189627,189628,189629,189630,1,-1,2,-2,1,3,1,-1,-3,-1,2,2,5,2,2,-2,-2,-5,-2,-2
0,1,31605,31608,94815,94816,94817,94820,94821,94822,189631,189632,189633,189634,189635,189638,189639,189640,189641,189642,1,-1,2,-2,1,3,1,-1,-3,-1,2,2,5,2,2,-2,-2,-5,-2,-2
0,1,31607,31610,94821,94822,94823,94826,94827,94828,189643,189644,189645,189646,189647,189650,189651,189652,189653,189654,1,-1,2,-2,1,3,1,-1,-3,-1,2,2,5,2,2,-2,-2,-5,-2,-2
0,1,31609,31612,94827,94828,94829,94832,94833,94834,189655,189656,189657,189658,189659,189662,189663,189664,189665,189666,1,-1,2,-2,1,3,1,-1,-3,-1,2,2,5,2,2,-2,-2,-5,-2,-2
0,1,31611,31614,94833,94834,94835,94838,94839,94840,189667,189668,189669,189670,189671,189674,189675,189676,189677,189678,1,-1,2,-2,1,3,1,-1,-3,-1,2,2,5,2,2,-2,-2,-5,-2,-2
0,1,31613,31616,94839,94840,94841,94844,94845,94846,189679,189680,189681,189682,189683,189686,189687,189688,189689,189690,1,-1,2,-2,1,3,1,-1,-3,-1,2,2,5,2,2,-2,-2,-5,-2,-2
0,1,31615,31618,94845,94846,94847,94850,94851,94852,189691,189692,189693,189694,189695,189698,189699,189700,189701,189702,1,-1,2,-2,1,3,1,-1,-3,-1,2,2,5,2,2,-2,-2,-5,-2,-2
0,1,31617,31620,94851,94852,94853,94856,94857,94858,189703,189704,189705,189706,189707,189710,189711,189712,189713,189714,1,-1,2,-2,1,3,1,-1,-3,-1,2,2,5,2,2,-2,-2,-5,-2,-2
0,1,31619,31622,94857,94858,94859,94862,94863,94864,189715,189716,189717,189718,189719,189722,189723,189724,189725,189726,1,-1,2,-2,1,3,1,-1,-3,-1,2,2,5,2,2,-2,-2,-5,-2,-2
0,1,31621,31624,94863,94864,94865,94868,94869,94870,189727,189728,189729,189730,189731,189734,189735,189736,189737,189738,1,-1,2,-2,1,3,1,-1,-3,-1,2,2,5,2,2,-2,-2,-5,-2,-2
0,1,31623,31626,94869,94870,94871,94874,94875,94876,189739,189740,189741,189742,189743,189746,189747,189748,189749,189750,1,-1,2,-2,1,3,1,-1,-3,-1,2,2,5,2,2,-2,-2,-5,-2,-2
0,1,31625,31628,94875,94876,94877,94880,94881,94882,189751,189752,189753,189754,189755,189758,189759,189760,189761,189762,1,-1,2,-2,1,3,1,-1,-3,-1,2,2,5,2,2,-2,-2,-5,-2,-2
0,1,31627,31630,94881,94882,94883,94886,94887,94888,189763,189764,189765,189766,189767,189770,189771,189772,189773,189774,1,-1,2,-2,1,3,1,-1,-3,-1,2,2,5,2,2,-2,-2,-5,-2,-2
0,1,31629,31632,94887,94888,94889,94892,94893,94894,189775,189776,189777,189778,189779,189782,189783,189784,189785,189786,1,-1,2,-2,1,3,1,-1,-3,-1,2,2,5,2,2,-2,-2,-5,-2,-2
0,1,31631,31634,94893,94894,94895,94898,94899,94900,189787,189788,189789,189790,189791,189794,189795,189796,189797,189798,1,-1,2,-2,1,3,1,-1,-3,-1,2,2,5,2,2,-2,-2,-5,-2,-2
0,1,31633,31636,94899,94900,94901,94904,94905,94906,189799,189800,189801,189802,189803,189806,189807,189808,189809,189810,1,-1,2,-2,1,3,1,-1,-3,-1,2,2,5,2,2,-2,-2,-5,-2,-2
0,1,31635,31638,94905,94906,94907,94910,94911,94912,189811,189812,189813,189814,189815,189818,189819,189820,189821,189822,1,-1,2,-2,1,3,1,-1,-3,-1,2,2,5,2,2,-2,-2,-5,-2,-2
0,1,31637,31640,94911,94912,94913,94916,94917,94918,189823,189824,189825,189826,189827,189830,189831,189832,189833,189834,1,-1,2,-2,1,3,1,-1,-3,-1,2,2,5,2,2,-2,-2,-5,-2,-2
0,1,31639,31642,94917,94918,94919,94922,94923,94924,189835,189836,189837,189838,189839,189842,189843,189844,189845,189846,1,-1,2,-2,1,3,1,-1,-3,-1,2,2,5,2,2,-2,-2,-5,-2,-2
0,1,31641,31644,94923,94924,94925,94928,94929,94930,189847,189848,189849,189850,189851,189854,189855,189856,189857,189858,1,-1,2,-2,1,3,1,-1,-3,-1,2,2,5,2,2,-2,-2,-5,-2,-2
0,1,31643,31646,94929,94930,94931,94934,94935,94936,189859,189860,189861,189862,189863,189866,189867,189868,189869,189870,1,-1,2,-2,1,3,1,-1,-3,-1,2,2,5,2,2,-2,-2,-5,-2,-2
0,1,31645,31648,94935,94936,94937,94940,94941,94942,189871,189872,189873,189874,189875,189878,189879,189880,189881,189882,1,-1,2,-2,1,3,1,-1,-3,-1,2,2,5,2,2,-2,-2,-5,-2,-2
0,1,31647,31650,94941,94942,94943,94946,94947,94948,189883,189884,189885,189886,189887,189890,189891,189892,189893,189894,1,-1,2,-2,1,3,1,-1,-3,-1,2,2,5,2,2,-2,-2,-5,-2,-2
0,1,31649,31652,94947,94948,94949,94952,94953,94954,189895,189896,189897,189898,189899,189902,189903,189904,189905,189906,1,-1,2,-2,1,3,1,-1,-3,-1,2,2,5,2,2,-2,-2,-5,-2,-2
0,1,31651,31654,94953,94954,94955,94958,94959,94960,189907,189908,189909,189910,189911,189914,189915,189916,189917,189918,1,-1,2,-2,1,3,1,-1,-3,-1,2,2,5,2,2,-2,-2,-5,-2,-2
0,1,31653,31656,94959,94960,94961,94964,94965,94966,189919,189920,189921,189922,189923,189926,189927,189928,189929,189930,1,-1,2,-2,1,3,1,-1,-3,-1,2,2,5,2,2,-2,-2,-5,-2,-2
0,1,31655,31658,94965,94966,94967,94970,94971,94972,189931,189932,189933,189934,189935,189938,189939,189940,189941,189942,1,-1,2,-2,1,3,1,-1,-3,-1,2,2,5,2,2,-2,-2,-5,-2,-2
0,1,31657,31660,94971,94972,94973,94976,94977,94978,189943,189944,189945,189946,189947,189950,189951,189952,189953,189954,1,-1,2,-2,1,3,1,-1,-3,-1,2,2,5,2,2,-2,-2,-5,-2,-2
0,1,31659,31662,94977,94978,94979,94982,94983,94984,189955,189956,189957,189958,189959,189962,189963,189964,189965,189966,1,-1,2,-2,1,3,1,-1,-3,-1,2,2,5,2,2,-2,-2,-5,-2,-2
0,1,31661,31664,94983,94984,94985,94988,94989,94990,189967,189968,189969,189970,189971,189974,189975,189976,189977,189978,1,-1,2,-2,1,3,1,-1,-3,-1,2,2,5,2,2,-2,-2,-5,-2,-2
0,1,31663,31666,94989,94990,94991,94994,94995,94996,189979,189980,189981,189982,189983,189986,189987,189988,189989,189990,1,-1,2,-2,1,3,1,-1,-3,-1,2,2,5,2,2,-2,-2,-5,-2,-2
0,1,31665,31668,94995,94996,94997,95000,95001,95002,189991,189992,189993,189994,189995,189998,189999,190000,190001,190002,1,-1,2,-2,1,3,1,-1,-3,-1,2,2,5,2,2,-2,-2,-5,-2,-2
0,1,31667,31670,95001,95002,95003,95006,95007,95008,190003,190004,190005,190006,190007,190010,190011,190012,190013,190014,1,-1,2,-2,1,3,1,-1,-3,-1,2,2,5,2,2,-2,-2,-5,-2,-2
0,1,31669,31672,95007,95008,95009,95012,95013,95014,190015,190016,190017,190018,190019,190022,190023,190024,190025,190026,1,-1,2,-2,1,3,1,-1,-3,-1,2,2,5,2,2,-2,-2,-5,-2,-2
0,1,31671,31674,95013,95014,95015,95018,95019,95020,190027,190028,190029,190030,190031,190034,190035,190036,190037,190038,1,-1,2,-2,1,3,1,-1,-3,-1,2,2,5,2,2,-2,-2,-5,-2,-2
0,1,31673,31676,95019,95020,95021,95024,95025,95026,190039,190040,190041,190042,190043,190046,190047,190048,190049,190050,1,-1,2,-2,1,3,1,-1,-3,-1,2,2,5,2,2,-2,-2,-5,-2,-2
0,1,31675,31678,95025,95026,95027,95030,95031,95032,190051,190052,190053,190054,190055,190058,190059,190060,190061,190062,1,-1,2,-2,1,3,1,-1,-3,-1,2,2,5,2,2,-2,-2,-5,-2,-2
0,1,31677,31680,95031,95032,95033,95036,95037,95038,190063,190064,190065,190066,190067,190070,190071,190072,190073,190074,1,-1,2,-2,1,3,1,-1,-3,-1,2,2,5,2,2,-2,-2,-5,-2,-2
0,1,31679,31682,95037,95038,95039,95042,95043,95044,190075,190076,190077,190078,190079,190082,190083,190084,190085,190086,1,-1,2,-2,1,3,1,-1,-3,-1,2,2,5,2,2,-2,-2,-5,-2,-2
0,1,31681,31684,95043,95044,95045,95048,95049,95050,190087,190088,190089,190090,190091,190094,190095,190096,190097,190098,1,-1,2,-2,1,3,1,-1,-3,-1,2,2,5,2,2,-2,-2,-5,-2,-2
0,1,31683,31686,95049,95050,95051,95054,95055,95056,190099,190100,190101,190102,190103,190106,190107,190108,190109,190110,1,-1,2,-2,1,3,1,-1,-3,-1,2,2,5,2,2,-2,-2,-5,-2,-2
0,1,31685,31688,95055,95056,95057,95060,95061,95062,190111,190112,190113,190114,190115,190118,190119,190120,190121,190122,1,-1,2,-2,1,3,1,-1,-3,-1,2,2,5,2,2,-2,-2,-5,-2,-2
0,1,31687,31690,95061,95062,95063,95066,95067,95068,190123,190124,190125,190126,190127,190130,190131,190132,190133,190134,1,-1,2,-2,1,3,1,-1,-3,-1,2,2,5,2,2,-2,-2,-5,-2,-2
0,1,31689,31692,95067,95068,95069,95072,95073,95074,190135,190136,190137,190138,190139,190142,190143,190144,190145,190146,1,-1,2,-2,1,3,1,-1,-3,-1,2,2,5,2,2,-2,-2,-5,-2,-2
0,1,31691,31694,95073,95074,95075,95078,95079,95080,190147,190148,190149,190150,190151,190154,190155,190156,190157,190158,1,-1,2,-2,1,3,1,-1,-3,-1,2,2,5,2,2,-2,-2,-5,-2,-2
0,1,31693,31696,95079,95080,95081,95084,95085,95086,190159,190160,190161,190162,190163,190166,190167,190168,190169,190170,1,-1,2,-2,1,3,1,-1,-3,-1,2,2,5,2,2,-2,-2,-5,-2,-2
0,1,31695,31698,95085,95086,95087,95090,95091,95092,190171,190172,190173,190174,190175,190178,190179,190180,190181,190182,1,-1,2,-2,1,3,1,-1,-3,-1,2,2,5,2,2,-2,-2,-5,-2,-2
0,1,31697,31700,95091,95092,95093,95096,95097,95098,190183,190184,190185,190186,190187,190190,190191,190192,190193,190194,1,-1,2,-2,1,3,1,-1,-3,-1,2,2,5,2,2,-2,-2,-5,-2,-2
0,1,31699,31702,95097,95098,95099,95102,95103,95104,190195,190196,190197,190198,190199,190202,190203,190204,190205,190206,1,-1,2,-2,1,3,1,-1,-3,-1,2,2,5,2,2,-2,-2,-5,-2,-2
0,1,31701,31704,95103,95104,95105,95108,95109,95110,190207,190208,190209,190210,190211,190214,190215,190216,190217,190218,1,-1,2,-2,1,3,1,-1,-3,-1,2,2,5,2,2,-2,-2,-5,-2,-2
0,1,31703,31706,95109,95110,95111,95114,95115,95116,190219,190220,190221,190222,190223,190226,190227,190228,190229,190230,1,-1,2,-2,1,3,1,-1,-3,-1,2,2,5,2,2,-2,-2,-5,-2,-2
0,1,31705,31708,95115,95116,95117,95120,95121,95122,190231,190232,190233,190234,190235,190238,190239,190240,190241,190242,1,-1,2,-2,1,3,1,-1,-3,-1,2,2,5,2,2,-2,-2,-5,-2,-2
0,1,31707,31710,95121,95122,95123,95126,95127,95128,190243,190244,190245,190246,190247,190250,190251,190252,190253,190254,1,-1,2,-2,1,3,1,-1,-3,-1,2,2,5,2,2,-2,-2,-5,-2,-2
0,1,31709,31712,95127,95128,95129,95132,95133,95134,190255,190256,190257,190258,190259,190262,190263,190264,190265,190266,1,-1,2,-2,1,3,1,-1,-3,-1,2,2,5,2,2,-2,-2,-5,-2,-2
0,1,31711,31714,95133,95134,95135,95138,95139,95140,190267,190268,190269,190270,190271,190274,190275,190276,190277,190278,1,-1,2,-2,1,3,1,-1,-3,-1,2,2,5,2,2,-2,-2,-5,-2,-2
0,1,31713,31716,95139,95140,95141,95144,95145,95146,190279,190280,190281,190282,190283,190286,190287,190288,190289,190290,1,-1,2,-2,1,3,1,-1,-3,-1,2,2,5,2,2,-2,-2,-5,-2,-2
0,1,31715,31718,95145,95146,95147,95150,95151,95152,190291,190292,190293,190294,190295,190298,190299,190300,190301,190302,1,-1,2,-2,1,3,1,-1,-3,-1,2,2,5,2,2,-2,-2,-5,-2,-2
0,1,31717,31720,95151,95152,95153,95156,95157,95158,190303,190304,190305,190306,190307,190310,190311,190312,190313,190314,1,-1,2,-2,1,3,1,-1,-3,-1,2,2,5,2,2,-2,-2,-5,-2,-2
0,1,31719,31722,95157,95158,95159,95162,95163,95164,190315,190316,190317,190318,190319,190322,190323,190324,190325,190326,1,-1,2,-2,1,3,1,-1,-3,-1,2,2,5,2,2,-2,-2,-5,-2,-2
0,1,31721,31724,95163,95164,95165,95168,95169,95170,190327,190328,190329,190330,190331,190334,190335,190336,190337,190338,1,-1,2,-2,1,3,1,-1,-3,-1,2,2,5,2,2,-2,-2,-5,-2,-2
0,1,31723,31726,95169,95170,95171,95174,95175,95176,190339,190340,190341,190342,190343,190346,190347,190348,190349,190350,1,-1,2,-2,1,3,1,-1,-3,-1,2,2,5,2,2,-2,-2,-5,-2,-2
0,1,31725,31728,95175,95176,95177,95180,95181,95182,190351,190352,190353,190354,190355,190358,190359,190360,190361,190362,1,-1,2,-2,1,3,1,-1,-3,-1,2,2,5,2,2,-2,-2,-5,-2,-2
0,1,31727,31730,95181,95182,95183,95186,95187,95188,190363,190364,190365,190366,190367,190370,190371,190372,190373,190374,1,-1,2,-2,1,3,1,-1,-3,-1,2,2,5,2,2,-2,-2,-5,-2,-2
0,1,31729,31732,95187,95188,95189,95192,95193,95194,190375,190376,190377,190378,190379,190382,190383,190384,190385,190386,1,-1,2,-2,1,3,1,-1,-3,-1,2,2,5,2,2,-2,-2,-5,-2,-2
0,1,31731,31734,95193,95194,95195,95198,95199,95200,190387,190388,190389,190390,190391,190394,190395,190396,190397,190398,1,-1,2,-2,1,3,1,-1,-3,-1,2,2,5,2,2,-2,-2,-5,-2,-2
0,1,31733,31736,95199,95200,95201,95204,95205,95206,190399,190400,190401,190402,190403,190406,190407,190408,190409,190410,1,-1,2,-2,1,3,1,-1,-3,-1,2,2,5,2,2,-2,-2,-5,-2,-2
0,1,31735,31738,95205,95206,95207,95210,95211,95212,190411,190412,190413,190414,190415,190418,190419,190420,190421,190422,1,-1,2,-2,1,3,1,-1,-3,-1,2,2,5,2,2,-2,-2,-5,-2,-2
0,1,31737,31740,95211,95212,95213,95216,95217,95218,190423,190424,190425,190426,190427,190430,190431,190432,190433,190434,1,-1,2,-2,1,3,1,-1,-3,-1,2,2,5,2,2,-2,-2,-5,-2,-2
0,1,31739,31742,95217,95218,95219,95222,95223,95224,190435,190436,190437,190438,190439,190442,190443,190444,190445,190446,1,-1,2,-2,1,3,1,-1,-3,-1,2,2,5,2,2,-2,-2,-5,-2,-2
0,1,31741,31744,95223,95224,95225,95228,95229,95230,190447,190448,190449,190450,190451,190454,190455,190456,190457,190458,1,-1,2,-2,1,3,1,-1,-3,-1,2,2,5,2,2,-2,-2,-5,-2,-2
0,1,31743,31746,95229,95230,95231,95234,95235,95236,190459,190460,190461,190462,190463,190466,190467,190468,190469,190470,1,-1,2,-2,1,3,1,-1,-3,-1,2,2,5,2,2,-2,-2,-5,-2,-2
0,1,31745,31748,95235,95236,95237,95240,95241,95242,190471,190472,190473,190474,190475,190478,190479,190480,190481,190482,1,-1,2,-2,1,3,1,-1,-3,-1,2,2,5,2,2,-2,-2,-5,-2,-2
0,1,31747,31750,95241,95242,95243,95246,95247,95248,190483,190484,190485,190486,190487,190490,190491,190492,190493,190494,1,-1,2,-2,1,3,1,-1,-3,-1,2,2,5,2,2,-2,-2,-5,-2,-2
0,1,31749,31752,95247,95248,95249,95252,95253,95254,190495,190496,190497,190498,190499,190502,190503,190504,190505,190506,1,-1,2,-2,1,3,1,-1,-3,-1,2,2,5,2,2,-2,-2,-5,-2,-2
0,1,31751,31754,95253,95254,95255,95258,95259,95260,190507,190508,190509,190510,190511,190514,190515,190516,190517,190518,1,-1,2,-2,1,3,1,-1,-3,-1,2,2,5,2,2,-2,-2,-5,-2,-2
0,1,31753,31756,95259,95260,95261,95264,95265,95266,190519,190520,190521,190522,190523,190526,190527,190528,190529,190530,1,-1,2,-2,1,3,1,-1,-3,-1,2,2,5,2,2,-2,-2,-5,-2,-2
0,1,31755,31758,95265,95266,95267,95270,95271,95272,190531,190532,190533,190534,190535,190538,190539,190540,190541,190542,1,-1,2,-2,1,3,1,-1,-3,-1,2,2,5,2,2,-2,-2,-5,-2,-2
0,1,31757,31760,95271,95272,95273,95276,95277,95278,190543,190544,190545,190546,190547,190550,190551,190552,190553,190554,1,-1,2,-2,1,3,1,-1,-3,-1,2,2,5,2,2,-2,-2,-5,-2,-2
0,1,31759,31762,95277,95278,95279,95282,95283,95284,190555,190556,190557,190558,190559,190562,190563,190564,190565,190566,1,-1,2,-2,1,3,1,-1,-3,-1,2,2,5,2,2,-2,-2,-5,-2,-2
0,1,31761,31764,95283,95284,95285,95288,95289,95290,190567,190568,190569,190570,190571,190574,190575,190576,190577,190578,1,-1,2,-2,1,3,1,-1,-3,-1,2,2,5,2,2,-2,-2,-5,-2,-2
0,1,31763,31766,95289,95290,95291,95294,95295,95296,190579,190580,190581,190582,190583,190586,190587,190588,190589,190590,1,-1,2,-2,1,3,1,-1,-3,-1,2,2,5,2,2,-2,-2,-5,-2,-2
0,1,31765,31768,95295,95296,95297,95300,95301,95302,190591,190592,190593,190594,190595,190598,190599,190600,190601,190602,1,-1,2,-2,1,3,1,-1,-3,-1,2,2,5,2,2,-2,-2,-5,-2,-2
0,1,31767,31770,95301,95302,95303,95306,95307,95308,190603,190604,190605,190606,190607,190610,190611,190612,190613,190614,1,-1,2,-2,1,3,1,-1,-3,-1,2,2,5,2,2,-2,-2,-5,-2,-2
0,1,31769,31772,95307,95308,95309,95312,95313,95314,190615,190616,190617,190618,190619,190622,190623,190624,190625,190626,1,-1,2,-2,1,3,1,-1,-3,-1,2,2,5,2,2,-2,-2,-5,-2,-2
0,1,31771,31774,95313,95314,95315,95318,95319,95320,190627,190628,190629,190630,190631,190634,190635,190636,190637,190638,1,-1,2,-2,1,3,1,-1,-3,-1,2,2,5,2,2,-2,-2,-5,-2,-2
0,1,31773,31776,95319,95320,95321,95324,95325,95326,190639,190640,190641,190642,190643,190646,190647,190648,190649,190650,1,-1,2,-2,1,3,1,-1,-3,-1,2,2,5,2,2,-2,-2,-5,-2,-2
0,1,31775,31778,95325,95326,95327,95330,95331,95332,190651,190652,190653,190654,190655,190658,190659,190660,190661,190662,1,-1,2,-2,1,3,1,-1,-3,-1,2,2,5,2,2,-2,-2,-5,-2,-2
0,1,31777,31780,95331,95332,95333,95336,95337,95338,190663,190664,190665,190666,190667,190670,190671,190672,190673,190674,1,-1,2,-2,1,3,1,-1,-3,-1,2,2,5,2,2,-2,-2,-5,-2,-2
0,1,31779,31782,95337,95338,95339,95342,95343,95344,190675,190676,190677,190678,190679,190682,190683,190684,190685,190686,1,-1,2,-2,1,3,1,-1,-3,-1,2,2,5,2,2,-2,-2,-5,-2,-2
0,1,31781,31784,95343,95344,95345,95348,95349,95350,190687,190688,190689,190690,190691,190694,190695,190696,190697,190698,1,-1,2,-2,1,3,1,-1,-3,-1,2,2,5,2,2,-2,-2,-5,-2,-2
0,1,31783,31786,95349,95350,95351,95354,95355,95356,190699,190700,190701,190702,190703,190706,190707,190708,190709,190710,1,-1,2,-2,1,3,1,-1,-3,-1,2,2,5,2,2,-2,-2,-5,-2,-2
0,1,31785,31788,95355,95356,95357,95360,95361,95362,190711,190712,190713,190714,190715,190718,190719,190720,190721,190722,1,-1,2,-2,1,3,1,-1,-3,-1,2,2,5,2,2,-2,-2,-5,-2,-2
0,1,31787,31790,95361,95362,95363,95366,95367,95368,190723,190724,190725,190726,190727,190730,190731,190732,190733,190734,1,-1,2,-2,1,3,1,-1,-3,-1,2,2,5,2,2,-2,-2,-5,-2,-2
0,1,31789,31792,95367,95368,95369,95372,95373,95374,190735,190736,190737,190738,190739,190742,190743,190744,190745,190746,1,-1,2,-2,1,3,1,-1,-3,-1,2,2,5,2,2,-2,-2,-5,-2,-2
0,1,31791,31794,95373,95374,95375,95378,95379,95380,190747,190748,190749,190750,190751,190754,190755,190756,190757,190758,1,-1,2,-2,1,3,1,-1,-3,-1,2,2,5,2,2,-2,-2,-5,-2,-2
0,1,31793,31796,95379,95380,95381,95384,95385,95386,190759,190760,190761,190762,190763,190766,190767,190768,190769,190770,1,-1,2,-2,1,3,1,-1,-3,-1,2,2,5,2,2,-2,-2,-5,-2,-2
0,1,31795,31798,95385,95386,95387,95390,95391,95392,190771,190772,190773,190774,190775,190778,190779,190780,190781,190782,1,-1,2,-2,1,3,1,-1,-3,-1,2,2,5,2,2,-2,-2,-5,-2,-2
0,1,31797,31800,95391,95392,95393,95396,95397,95398,190783,190784,190785,190786,190787,190790,190791,190792,190793,190794,1,-1,2,-2,1,3,1,-1,-3,-1,2,2,5,2,2,-2,-2,-5,-2,-2
0,1,31799,31802,95397,95398,95399,95402,95403,95404,190795,190796,190797,190798,190799,190802,190803,190804,190805,190806,1,-1,2,-2,1,3,1,-1,-3,-1,2,2,5,2,2,-2,-2,-5,-2,-2
0,1,31801,31804,95403,95404,95405,95408,95409,95410,190807,190808,190809,190810,190811,190814,190815,190816,190817,190818,1,-1,2,-2,1,3,1,-1,-3,-1,2,2,5,2,2,-2,-2,-5,-2,-2
0,1,31803,31806,95409,95410,95411,95414,95415,95416,190819,190820,190821,190822,190823,190826,190827,190828,190829,190830,1,-1,2,-2,1,3,1,-1,-3,-1,2,2,5,2,2,-2,-2,-5,-2,-2
0,1,31805,31808,95415,95416,95417,95420,95421,95422,190831,190832,190833,190834,190835,190838,190839,190840,190841,190842,1,-1,2,-2,1,3,1,-1,-3,-1,2,2,5,2,2,-2,-2,-5,-2,-2
0,1,31807,31810,95421,95422,95423,95426,95427,95428,190843,190844,190845,190846,190847,190850,190851,190852,190853,190854,1,-1,2,-2,1,3,1,-1,-3,-1,2,2,5,2,2,-2,-2,-5,-2,-2
0,1,31809,31812,95427,95428,95429,95432,95433,95434,190855,190856,190857,190858,190859,190862,190863,190864,190865,190866,1,-1,2,-2,1,3,1,-1,-3,-1,2,2,5,2,2,-2,-2,-5,-2,-2
0,1,31811,31814,95433,95434,95435,95438,95439,95440,190867,190868,190869,190870,190871,190874,190875,190876,190877,190878,1,-1,2,-2,1,3,1,-1,-3,-1,2,2,5,2,2,-2,-2,-5,-2,-2
0,1,31813,31816,95439,95440,95441,95444,95445,95446,190879,190880,190881,190882,190883,190886,190887,190888,190889,190890,1,-1,2,-2,1,3,1,-1,-3,-1,2,2,5,2,2,-2,-2,-5,-2,-2
0,1,31815,31818,95445,95446,95447,95450,95451,95452,190891,190892,190893,190894,190895,190898,190899,190900,190901,190902,1,-1,2,-2,1,3,1,-1,-3,-1,2,2,5,2,2,-2,-2,-5,-2,-2
0,1,31817,31820,95451,95452,95453,95456,95457,95458,190903,190904,190905,190906,190907,190910,190911,190912,190913,190914,1,-1,2,-2,1,3,1,-1,-3,-1,2,2,5,2,2,-2,-2,-5,-2,-2
0,1,31819,31822,95457,95458,95459,95462,95463,95464,190915,190916,190917,190918,190919,190922,190923,190924,190925,190926,1,-1,2,-2,1,3,1,-1,-3,-1,2,2,5,2,2,-2,-2,-5,-2,-2
0,1,31821,31824,95463,95464,95465,95468,95469,95470,190927,190928,190929,190930,190931,190934,190935,190936,190937,190938,1,-1,2,-2,1,3,1,-1,-3,-1,2,2,5,2,2,-2,-2,-5,-2,-2
0,1,31823,31826,95469,95470,95471,95474,95475,95476,190939,190940,190941,190942,190943,190946,190947,190948,190949,190950,1,-1,2,-2,1,3,1,-1,-3,-1,2,2,5,2,2,-2,-2,-5,-2,-2
0,1,31825,31828,95475,95476,95477,95480,95481,95482,190951,190952,190953,190954,190955,190958,190959,190960,190961,190962,1,-1,2,-2,1,3,1,-1,-3,-1,2,2,5,2,2,-2,-2,-5,-2,-2
0,1,31827,31830,95481,95482,95483,95486,95487,95488,190963,190964,190965,190966,190967,190970,190971,190972,190973,190974,1,-1,2,-2,1,3,1,-1,-3,-1,2,2,5,2,2,-2,-2,-5,-2,-2
0,1,31829,31832,95487,95488,95489,95492,95493,95494,190975,190976,190977,190978,190979,190982,190983,190984,190985,190986,1,-1,2,-2,1,3,1,-1,-3,-1,2,2,5,2,2,-2,-2,-5,-2,-2
0,1,31831,31834,95493,95494,95495,95498,95499,95500,190987,190988,190989,190990,190991,190994,190995,190996,190997,190998,1,-1,2,-2,1,3,1,-1,-3,-1,2,2,5,2,2,-2,-2,-5,-2,-2
0,1,31833,31836,95499,95500,95501,95504,95505,95506,190999,191000,191001,191002,191003,191006,191007,191008,191009,191010,1,-1,2,-2,1,3,1,-1,-3,-1,2,2,5,2,2,-2,-2,-5,-2,-2
0,1,31835,31838,95505,95506,95507,95510,95511,95512,191011,191012,191013,191014,191015,191018,191019,191020,191021,191022,1,-1,2,-2,1,3,1,-1,-3,-1,2,2,5,2,2,-2,-2,-5,-2,-2
0,1,31837,31840,95511,95512,95513,95516,95517,95518,191023,191024,191025,191026,191027,191030,191031,191032,191033,191034,1,-1,2,-2,1,3,1,-1,-3,-1,2,2,5,2,2,-2,-2,-5,-2,-2
0,1,31839,31842,95517,95518,95519,95522,95523,95524,191035,191036,191037,191038,191039,191042,191043,191044,191045,191046,1,-1,2,-2,1,3,1,-1,-3,-1,2,2,5,2,2,-2,-2,-5,-2,-2
0,1,31841,31844,95523,95524,95525,95528,95529,95530,191047,191048,191049,191050,191051,191054,191055,191056,191057,191058,1,-1,2,-2,1,3,1,-1,-3,-1,2,2,5,2,2,-2,-2,-5,-2,-2
0,1,31843,31846,95529,95530,95531,95534,95535,95536,191059,191060,191061,191062,191063,191066,191067,191068,191069,191070,1,-1,2,-2,1,3,1,-1,-3,-1,2,2,5,2,2,-2,-2,-5,-2,-2
0,1,31845,31848,95535,95536,95537,95540,95541,95542,191071,191072,191073,191074,191075,191078,191079,191080,191081,191082,1,-1,2,-2,1,3,1,-1,-3,-1,2,2,5,2,2,-2,-2,-5,-2,-2
0,1,31847,31850,95541,95542,95543,95546,95547,95548,191083,191084,191085,191086,191087,191090,191091,191092,191093,191094,1,-1,2,-2,1,3,1,-1,-3,-1,2,2,5,2,2,-2,-2,-5,-2,-2
0,1,31849,31852,95547,95548,95549,95552,95553,95554,191095,191096,191097,191098,191099,191102,191103,191104,191105,191106,1,-1,2,-2,1,3,1,-1,-3,-1,2,2,5,2,2,-2,-2,-5,-2,-2
0,1,31851,31854,95553,95554,95555,95558,95559,95560,191107,191108,191109,191110,191111,191114,191115,191116,191117,191118,1,-1,2,-2,1,3,1,-1,-3,-1,2,2,5,2,2,-2,-2,-5,-2,-2
0,1,31853,31856,95559,95560,95561,95564,95565,95566,191119,191120,191121,191122,191123,191126,191127,191128,191129,191130,1,-1,2,-2,1,3,1,-1,-3,-1,2,2,5,2,2,-2,-2,-5,-2,-2
0,1,31855,31858,95565,95566,95567,95570,95571,95572,191131,191132,191133,191134,191135,191138,191139,191140,191141,191142,1,-1,2,-2,1,3,1,-1,-3,-1,2,2,5,2,2,-2,-2,-5,-2,-2
0,1,31857,31860,95571,95572,95573,95576,95577,95578,191143,191144,191145,191146,191147,191150,191151,191152,191153,191154,1,-1,2,-2,1,3,1,-1,-3,-1,2,2,5,2,2,-2,-2,-5,-2,-2
0,1,31859,31862,95577,95578,95579,95582,95583,95584,191155,191156,191157,191158,191159,191162,191163,191164,191165,191166,1,-1,2,-2,1,3,1,-1,-3,-1,2,2,5,2,2,-2,-2,-5,-2,-2
0,1,31861,31864,95583,95584,95585,95588,95589,95590,191167,191168,191169,191170,191171,191174,191175,191176,191177,191178,1,-1,2,-2,1,3,1,-1,-3,-1,2,2,5,2,2,-2,-2,-5,-2,-2
0,1,31863,31866,95589,95590,95591,95594,95595,95596,191179,191180,191181,191182,191183,191186,191187,191188,191189,191190,1,-1,2,-2,1,3,1,-1,-3,-1,2,2,5,2,2,-2,-2,-5,-2,-2
0,1,31865,31868,95595,95596,95597,95600,95601,95602,191191,191192,191193,191194,191195,191198,191199,191200,191201,191202,1,-1,2,-2,1,3,1,-1,-3,-1,2,2,5,2,2,-2,-2,-5,-2,-2
0,1,31867,31870,95601,95602,95603,95606,95607,95608,191203,191204,191205,191206,191207,191210,191211,191212,191213,191214,1,-1,2,-2,1,3,1,-1,-3,-1,2,2,5,2,2,-2,-2,-5,-2,-2
0,1,31869,31872,95607,95608,95609,95612,95613,95614,191215,191216,191217,191218,191219,191222,191223,191224,191225,191226,1,-1,2,-2,1,3,1,-1,-3,-1,2,2,5,2,2,-2,-2,-5,-2,-2
0,1,31871,31874,95613,95614,95615,95618,95619,95620,191227,191228,191229,191230,191231,191234,191235,191236,191237,191238,1,-1,2,-2,1,3,1,-1,-3,-1,2,2,5,2,2,-2,-2,-5,-2,-2
0,1,31873,31876,95619,95620,95621,95624,95625,95626,191239,191240,191241,191242,191243,191246,191247,191248,191249,191250,1,-1,2,-2,1,3,1,-1,-3,-1,2,2,5,2,2,-2,-2,-5,-2,-2
0,1,31875,31878,95625,95626,95627,95630,95631,95632,191251,191252,191253,191254,191255,191258,191259,191260,191261,191262,1,-1,2,-2,1,3,1,-1,-3,-1,2,2,5,2,2,-2,-2,-5,-2,-2
0,1,31877,31880,95631,95632,95633,95636,95637,95638,191263,191264,191265,191266,191267,191270,191271,191272,191273,191274,1,-1,2,-2,1,3,1,-1,-3,-1,2,2,5,2,2,-2,-2,-5,-2,-2
0,1,31879,31882,95637,95638,95639,95642,95643,95644,191275,191276,191277,191278,191279,191282,191283,191284,191285,191286,1,-1,2,-2,1,3,1,-1,-3,-1,2,2,5,2,2,-2,-2,-5,-2,-2
0,1,31881,31884,95643,95644,95645,95648,95649,95650,191287,191288,191289,191290,191291,191294,191295,191296,191297,191298,1,-1,2,-2,1,3,1,-1,-3,-1,2,2,5,2,2,-2,-2,-5,-2,-2
0,1,31883,31886,95649,95650,95651,95654,95655,95656,191299,191300,191301,191302,191303,191306,191307,191308,191309,191310,1,-1,2,-2,1,3,1,-1,-3,-1,2,2,5,2,2,-2,-2,-5,-2,-2
0,1,31885,31888,95655,95656,95657,95660,95661,95662,191311,191312,191313,191314,191315,191318,191319,191320,191321,191322,1,-1,2,-2,1,3,1,-1,-3,-1,2,2,5,2,2,-2,-2,-5,-2,-2
0,1,31887,31890,95661,95662,95663,95666,95667,95668,191323,191324,191325,191326,191327,191330,191331,191332,191333,191334,1,-1,2,-2,1,3,1,-1,-3,-1,2,2,5,2,2,-2,-2,-5,-2,-2
0,1,31889,31892,95667,95668,95669,95672,95673,95674,191335,191336,191337,191338,191339,191342,191343,191344,191345,191346,1,-1,2,-2,1,3,1,-1,-3,-1,2,2,5,2,2,-2,-2,-5,-2,-2
0,1,31891,31894,95673,95674,95675,95678,95679,95680,191347,191348,191349,191350,191351,191354,191355,191356,191357,191358,1,-1,2,-2,1,3,1,-1,-3,-1,2,2,5,2,2,-2,-2,-5,-2,-2
0,1,31893,31896,95679,95680,95681,95684,95685,95686,191359,191360,191361,191362,191363,191366,191367,191368,191369,191370,1,-1,2,-2,1,3,1,-1,-3,-1,2,2,5,2,2,-2,-2,-5,-2,-2
0,1,31895,31898,95685,95686,95687,95690,95691,95692,191371,191372,191373,191374,191375,191378,191379,191380,191381,191382,1,-1,2,-2,1,3,1,-1,-3,-1,2,2,5,2,2,-2,-2,-5,-2,-2
0,1,31897,31900,95691,95692,95693,95696,95697,95698,191383,191384,191385,191386,191387,191390,191391,191392,191393,191394,1,-1,2,-2,1,3,1,-1,-3,-1,2,2,5,2,2,-2,-2,-5,-2,-2
0,1,31899,31902,95697,95698,95699,95702,95703,95704,191395,191396,191397,191398,191399,191402,191403,191404,191405,191406,1,-1,2,-2,1,3,1,-1,-3,-1,2,2,5,2,2,-2,-2,-5,-2,-2
0,1,31901,31904,95703,95704,95705,95708,95709,95710,191407,191408,191409,191410,191411,191414,191415,191416,191417,191418,1,-1,2,-2,1,3,1,-1,-3,-1,2,2,5,2,2,-2,-2,-5,-2,-2
0,1,31903,31906,95709,95710,95711,95714,95715,95716,191419,191420,191421,191422,191423,191426,191427,191428,191429,191430,1,-1,2,-2,1,3,1,-1,-3,-1,2,2,5,2,2,-2,-2,-5,-2,-2
0,1,31905,31908,95715,95716,95717,95720,95721,95722,191431,191432,191433,191434,191435,191438,191439,191440,191441,191442,1,-1,2,-2,1,3,1,-1,-3,-1,2,2,5,2,2,-2,-2,-5,-2,-2
0,1,31907,31910,95721,95722,95723,95726,95727,95728,191443,191444,191445,191446,191447,191450,191451,191452,191453,191454,1,-1,2,-2,1,3,1,-1,-3,-1,2,2,5,2,2,-2,-2,-5,-2,-2
0,1,31909,31912,95727,95728,95729,95732,95733,95734,191455,191456,191457,191458,191459,191462,191463,191464,191465,191466,1,-1,2,-2,1,3,1,-1,-3,-1,2,2,5,2,2,-2,-2,-5,-2,-2
0,1,31911,31914,95733,95734,95735,95738,95739,95740,191467,191468,191469,191470,191471,191474,191475,191476,191477,191478,1,-1,2,-2,1,3,1,-1,-3,-1,2,2,5,2,2,-2,-2,-5,-2,-2
0,1,31913,31916,95739,95740,95741,95744,95745,95746,191479,191480,191481,191482,191483,191486,191487,191488,191489,191490,1,-1,2,-2,1,3,1,-1,-3,-1,2,2,5,2,2,-2,-2,-5,-2,-2
0,1,31915,31918,95745,95746,95747,95750,95751,95752,191491,191492,191493,191494,191495,191498,191499,191500,191501,191502,1,-1,2,-2,1,3,1,-1,-3,-1,2,2,5,2,2,-2,-2,-5,-2,-2
0,1,31917,31920,95751,95752,95753,95756,95757,95758,191503,191504,191505,191506,191507,191510,191511,191512,191513,191514,1,-1,2,-2,1,3,1,-1,-3,-1,2,2,5,2,2,-2,-2,-5,-2,-2
0,1,31919,31922,95757,95758,95759,95762,95763,95764,191515,191516,191517,191518,191519,191522,191523,191524,191525,191526,1,-1,2,-2,1,3,1,-1,-3,-1,2,2,5,2,2,-2,-2,-5,-2,-2
0,1,31921,31924,95763,95764,95765,95768,95769,95770,191527,191528,191529,191530,191531,191534,191535,191536,191537,191538,1,-1,2,-2,1,3,1,-1,-3,-1,2,2,5,2,2,-2,-2,-5,-2,-2
0,1,31923,31926,95769,95770,95771,95774,95775,95776,191539,191540,191541,191542,191543,191546,191547,191548,191549,191550,1,-1,2,-2,1,3,1,-1,-3,-1,2,2,5,2,2,-2,-2,-5,-2,-2
0,1,31925,31928,95775,95776,95777,95780,95781,95782,191551,191552,191553,191554,191555,191558,191559,191560,191561,191562,1,-1,2,-2,1,3,1,-1,-3,-1,2,2,5,2,2,-2,-2,-5,-2,-2
0,1,31927,31930,95781,95782,95783,95786,95787,95788,191563,191564,191565,191566,191567,191570,191571,191572,191573,191574,1,-1,2,-2,1,3,1,-1,-3,-1,2,2,5,2,2,-2,-2,-5,-2,-2
0,1,31929,31932,95787,95788,95789,95792,95793,95794,191575,191576,191577,191578,191579,191582,191583,191584,191585,191586,1,-1,2,-2,1,3,1,-1,-3,-1,2,2,5,2,2,-2,-2,-5,-2,-2
0,1,31931,31934,95793,95794,95795,95798,95799,95800,191587,191588,191589,191590,191591,191594,191595,191596,191597,191598,1,-1,2,-2,1,3,1,-1,-3,-1,2,2,5,2,2,-2,-2,-5,-2,-2
0,1,31933,31936,95799,95800,95801,95804,95805,95806,191599,191600,191601,191602,191603,191606,191607,191608,191609,191610,1,-1,2,-2,1,3,1,-1,-3,-1,2,2,5,2,2,-2,-2,-5,-2,-2
0,1,31935,31938,95805,95806,95807,95810,95811,95812,191611,191612,191613,191614,191615,191618,191619,191620,191621,191622,1,-1,2,-2,1,3,1,-1,-3,-1,2,2,5,2,2,-2,-2,-5,-2,-2
0,1,31937,31940,95811,95812,95813,95816,95817,95818,191623,191624,191625,191626,191627,191630,191631,191632,191633,191634,1,-1,2,-2,1,3,1,-1,-3,-1,2,2,5,2,2,-2,-2,-5,-2,-2
0,1,31939,31942,95817,95818,95819,95822,95823,95824,191635,191636,191637,191638,191639,191642,191643,191644,191645,191646,1,-1,2,-2,1,3,1,-1,-3,-1,2,2,5,2,2,-2,-2,-5,-2,-2
0,1,31941,31944,95823,95824,95825,95828,95829,95830,191647,191648,191649,191650,191651,191654,191655,191656,191657,191658,1,-1,2,-2,1,3,1,-1,-3,-1,2,2,5,2,2,-2,-2,-5,-2,-2
0,1,31943,31946,95829,95830,95831,95834,95835,95836,191659,191660,191661,191662,191663,191666,191667,191668,191669,191670,1,-1,2,-2,1,3,1,-1,-3,-1,2,2,5,2,2,-2,-2,-5,-2,-2
0,1,31945,31948,95835,95836,95837,95840,95841,95842,191671,191672,191673,191674,191675,191678,191679,191680,191681,191682,1,-1,2,-2,1,3,1,-1,-3,-1,2,2,5,2,2,-2,-2,-5,-2,-2
0,1,31947,31950,95841,95842,95843,95846,95847,95848,191683,191684,191685,191686,191687,191690,191691,191692,191693,191694,1,-1,2,-2,1,3,1,-1,-3,-1,2,2,5,2,2,-2,-2,-5,-2,-2
0,1,31949,31952,95847,95848,95849,95852,95853,95854,191695,191696,191697,191698,191699,191702,191703,191704,191705,191706,1,-1,2,-2,1,3,1,-1,-3,-1,2,2,5,2,2,-2,-2,-5,-2,-2
0,1,31951,31954,95853,95854,95855,95858,95859,95860,191707,191708,191709,191710,191711,191714,191715,191716,191717,191718,1,-1,2,-2,1,3,1,-1,-3,-1,2,2,5,2,2,-2,-2,-5,-2,-2
0,1,31953,31956,95859,95860,95861,95864,95865,95866,191719,191720,191721,191722,191723,191726,191727,191728,191729,191730,1,-1,2,-2,1,3,1,-1,-3,-1,2,2,5,2,2,-2,-2,-5,-2,-2
0,1,31955,31958,95865,95866,95867,95870,95871,95872,191731,191732,191733,191734,191735,191738,191739,191740,191741,191742,1,-1,2,-2,1,3,1,-1,-3,-1,2,2,5,2,2,-2,-2,-5,-2,-2
0,1,31957,31960,95871,95872,95873,95876,95877,95878,191743,191744,191745,191746,191747,191750,191751,191752,191753,191754,1,-1,2,-2,1,3,1,-1,-3,-1,2,2,5,2,2,-2,-2,-5,-2,-2
0,1,31959,31962,95877,95878,95879,95882,95883,95884,191755,191756,191757,191758,191759,191762,191763,191764,191765,191766,1,-1,2,-2,1,3,1,-1,-3,-1,2,2,5,2,2,-2,-2,-5,-2,-2
0,1,31961,31964,95883,95884,95885,95888,95889,95890,191767,191768,191769,191770,191771,191774,191775,191776,191777,191778,1,-1,2,-2,1,3,1,-1,-3,-1,2,2,5,2,2,-2,-2,-5,-2,-2
0,1,31963,31966,95889,95890,95891,95894,95895,95896,191779,191780,191781,191782,191783,191786,191787,191788,191789,191790,1,-1,2,-2,1,3,1,-1,-3,-1,2,2,5,2,2,-2,-2,-5,-2,-2
0,1,31965,31968,95895,95896,95897,95900,95901,95902,191791,191792,191793,191794,191795,191798,191799,191800,191801,191802,1,-1,2,-2,1,3,1,-1,-3,-1,2,2,5,2,2,-2,-2,-5,-2,-2
0,1,31967,31970,95901,95902,95903,95906,95907,95908,191803,191804,191805,191806,191807,191810,191811,191812,191813,191814,1,-1,2,-2,1,3,1,-1,-3,-1,2,2,5,2,2,-2,-2,-5,-2,-2
0,1,31969,31972,95907,95908,95909,95912,95913,95914,191815,191816,191817,191818,191819,191822,191823,191824,191825,191826,1,-1,2,-2,1,3,1,-1,-3,-1,2,2,5,2,2,-2,-2,-5,-2,-2
0,1,31971,31974,95913,95914,95915,95918,95919,95920,191827,191828,191829,191830,191831,191834,191835,191836,191837,191838,1,-1,2,-2,1,3,1,-1,-3,-1,2,2,5,2,2,-2,-2,-5,-2,-2
0,1,31973,31976,95919,95920,95921,95924,95925,95926,191839,191840,191841,191842,191843,191846,191847,191848,191849,191850,1,-1,2,-2,1,3,1,-1,-3,-1,2,2,5,2,2,-2,-2,-5,-2,-2
0,1,31975,31978,95925,95926,95927,95930,95931,95932,191851,191852,191853,191854,191855,191858,191859,191860,191861,191862,1,-1,2,-2,1,3,1,-1,-3,-1,2,2,5,2,2,-2,-2,-5,-2,-2
0,1,31977,31980,95931,95932,95933,95936,95937,95938,191863,191864,191865,191866,191867,191870,191871,191872,191873,191874,1,-1,2,-2,1,3,1,-1,-3,-1,2,2,5,2,2,-2,-2,-5,-2,-2
0,1,31979,31982,95937,95938,95939,95942,95943,95944,191875,191876,191877,191878,191879,191882,191883,191884,191885,191886,1,-1,2,-2,1,3,1,-1,-3,-1,2,2,5,2,2,-2,-2,-5,-2,-2
0,1,31981,31984,95943,95944,95945,95948,95949,95950,191887,191888,191889,191890,191891,191894,191895,191896,191897,191898,1,-1,2,-2,1,3,1,-1,-3,-1,2,2,5,2,2,-2,-2,-5,-2,-2
0,1,31983,31986,95949,95950,95951,95954,95955,95956,191899,191900,191901,191902,191903,191906,191907,191908,191909,191910,1,-1,2,-2,1,3,1,-1,-3,-1,2,2,5,2,2,-2,-2,-5,-2,-2
0,1,31985,31988,95955,95956,95957,95960,95961,95962,191911,191912,191913,191914,191915,191918,191919,191920,191921,191922,1,-1,2,-2,1,3,1,-1,-3,-1,2,2,5,2,2,-2,-2,-5,-2,-2
0,1,31987,31990,95961,95962,95963,95966,95967,95968,191923,191924,191925,191926,191927,191930,191931,191932,191933,191934,1,-1,2,-2,1,3,1,-1,-3,-1,2,2,5,2,2,-2,-2,-5,-2,-2
0,1,31989,31992,95967,95968,95969,95972,95973,95974,191935,191936,191937,191938,191939,191942,191943,191944,191945,191946,1,-1,2,-2,1,3,1,-1,-3,-1,2,2,5,2,2,-2,-2,-5,-2,-2
0,1,31991,31994,95973,95974,95975,95978,95979,95980,191947,191948,191949,191950,191951,191954,191955,191956,191957,191958,1,-1,2,-2,1,3,1,-1,-3,-1,2,2,5,2,2,-2,-2,-5,-2,-2
0,1,31993,31996,95979,95980,95981,95984,95985,95986,191959,191960,191961,191962,191963,191966,191967,191968,191969,191970,1,-1,2,-2,1,3,1,-1,-3,-1,2,2,5,2,2,-2,-2,-5,-2,-2
0,1,31995,31998,95985,95986,95987,95990,95991,95992,191971,191972,191973,191974,191975,191978,191979,191980,191981,191982,1,-1,2,-2,1,3,1,-1,-3,-1,2,2,5,2,2,-2,-2,-5,-2,-2
0,1,31997,32000,95991,95992,95993,95996,95997,95998,191983,191984,191985,191986,191987,191990,191991,191992,191993,191994,1,-1,2,-2,1,3,1,-1,-3,-1,2,2,5,2,2,-2,-2,-5,-2,-2
0,1,31999,32002,95997,95998,95999,96002,96003,96004,191995,191996,191997,191998,191999,192002,192003,192004,192005,192006,1,-1,2,-2,1,3,1,-1,-3,-1,2,2,5,2,2,-2,-2,-5,-2,-2
0,1,32001,32004,96003,96004,96005,96008,96009,96010,192007,192008,192009,192010,192011,192014,192015,192016,192017,192018,1,-1,2,-2,1,3,1,-1,-3,-1,2,2,5,2,2,-2,-2,-5,-2,-2
0,1,32003,32006,96009,96010,96011,96014,96015,96016,192019,192020,192021,192022,192023,192026,192027,192028,192029,192030,1,-1,2,-2,1,3,1,-1,-3,-1,2,2,5,2,2,-2,-2,-5,-2,-2
0,1,32005,32008,96015,96016,96017,96020,96021,96022,192031,192032,192033,192034,192035,192038,192039,192040,192041,192042,1,-1,2,-2,1,3,1,-1,-3,-1,2,2,5,2,2,-2,-2,-5,-2,-2
0,1,32007,32010,96021,96022,96023,96026,96027,96028,192043,192044,192045,192046,192047,192050,192051,192052,192053,192054,1,-1,2,-2,1,3,1,-1,-3,-1,2,2,5,2,2,-2,-2,-5,-2,-2
0,1,32009,32012,96027,96028,96029,96032,96033,96034,192055,192056,192057,192058,192059,192062,192063,192064,192065,192066,1,-1,2,-2,1,3,1,-1,-3,-1,2,2,5,2,2,-2,-2,-5,-2,-2
0,1,32011,32014,96033,96034,96035,96038,96039,96040,192067,192068,192069,192070,192071,192074,192075,192076,192077,192078,1,-1,2,-2,1,3,1,-1,-3,-1,2,2,5,2,2,-2,-2,-5,-2,-2
0,1,32013,32016,96039,96040,96041,96044,96045,96046,192079,192080,192081,192082,192083,192086,192087,192088,192089,192090,1,-1,2,-2,1,3,1,-1,-3,-1,2,2,5,2,2,-2,-2,-5,-2,-2
0,1,32015,32018,96045,96046,96047,96050,96051,96052,192091,192092,192093,192094,192095,192098,192099,192100,192101,192102,1,-1,2,-2,1,3,1,-1,-3,-1,2,2,5,2,2,-2,-2,-5,-2,-2
0,1,32017,32020,96051,96052,96053,96056,96057,96058,192103,192104,192105,192106,192107,192110,192111,192112,192113,192114,1,-1,2,-2,1,3,1,-1,-3,-1,2,2,5,2,2,-2,-2,-5,-2,-2
0,1,32019,32022,96057,96058,96059,96062,96063,96064,192115,192116,192117,192118,192119,192122,192123,192124,192125,192126,1,-1,2,-2,1,3,1,-1,-3,-1,2,2,5,2,2,-2,-2,-5,-2,-2
0,1,32021,32024,96063,96064,96065,96068,96069,96070,192127,192128,192129,192130,192131,192134,192135,192136,192137,192138,1,-1,2,-2,1,3,1,-1,-3,-1,2,2,5,2,2,-2,-2,-5,-2,-2
0,1,32023,32026,96069,96070,96071,96074,96075,96076,192139,192140,192141,192142,192143,192146,192147,192148,192149,192150,1,-1,2,-2,1,3,1,-1,-3,-1,2,2,5,2,2,-2,-2,-5,-2,-2
0,1,32025,32028,96075,96076,96077,96080,96081,96082,192151,192152,192153,192154,192155,192158,192159,192160,192161,192162,1,-1,2,-2,1,3,1,-1,-3,-1,2,2,5,2,2,-2,-2,-5,-2,-2
0,1,32027,32030,96081,96082,96083,96086,96087,96088,192163,192164,192165,192166,192167,192170,192171,192172,192173,192174,1,-1,2,-2,1,3,1,-1,-3,-1,2,2,5,2,2,-2,-2,-5,-2,-2
0,1,32029,32032,96087,96088,96089,96092,96093,96094,192175,192176,192177,192178,192179,192182,192183,192184,192185,192186,1,-1,2,-2,1,3,1,-1,-3,-1,2,2,5,2,2,-2,-2,-5,-2,-2
0,1,32031,32034,96093,96094,96095,96098,96099,96100,192187,192188,192189,192190,192191,192194,192195,192196,192197,192198,1,-1,2,-2,1,3,1,-1,-3,-1,2,2,5,2,2,-2,-2,-5,-2,-2
0,1,32033,32036,96099,96100,96101,96104,96105,96106,192199,192200,192201,192202,192203,192206,192207,192208,192209,192210,1,-1,2,-2,1,3,1,-1,-3,-1,2,2,5,2,2,-2,-2,-5,-2,-2
0,1,32035,32038,96105,96106,96107,96110,96111,96112,192211,192212,192213,192214,192215,192218,192219,192220,192221,192222,1,-1,2,-2,1,3,1,-1,-3,-1,2,2,5,2,2,-2,-2,-5,-2,-2
0,1,32037,32040,96111,96112,96113,96116,96117,96118,192223,192224,192225,192226,192227,192230,192231,192232,192233,192234,1,-1,2,-2,1,3,1,-1,-3,-1,2,2,5,2,2,-2,-2,-5,-2,-2
0,1,32039,32042,96117,96118,96119,96122,96123,96124,192235,192236,192237,192238,192239,192242,192243,192244,192245,192246,1,-1,2,-2,1,3,1,-1,-3,-1,2,2,5,2,2,-2,-2,-5,-2,-2
0,1,32041,32044,96123,96124,96125,96128,96129,96130,192247,192248,192249,192250,192251,192254,192255,192256,192257,192258,1,-1,2,-2,1,3,1,-1,-3,-1,2,2,5,2,2,-2,-2,-5,-2,-2
0,1,32043,32046,96129,96130,96131,96134,96135,96136,192259,192260,192261,192262,192263,192266,192267,192268,192269,192270,1,-1,2,-2,1,3,1,-1,-3,-1,2,2,5,2,2,-2,-2,-5,-2,-2
0,1,32045,32048,96135,96136,96137,96140,96141,96142,192271,192272,192273,192274,192275,192278,192279,192280,192281,192282,1,-1,2,-2,1,3,1,-1,-3,-1,2,2,5,2,2,-2,-2,-5,-2,-2
0,1,32047,32050,96141,96142,96143,96146,96147,96148,192283,192284,192285,192286,192287,192290,192291,192292,192293,192294,1,-1,2,-2,1,3,1,-1,-3,-1,2,2,5,2,2,-2,-2,-5,-2,-2
0,1,32049,32052,96147,96148,96149,96152,96153,96154,192295,192296,192297,192298,192299,192302,192303,192304,192305,192306,1,-1,2,-2,1,3,1,-1,-3,-1,2,2,5,2,2,-2,-2,-5,-2,-2
0,1,32051,32054,96153,96154,96155,96158,96159,96160,192307,192308,192309,192310,192311,192314,192315,192316,192317,192318,1,-1,2,-2,1,3,1,-1,-3,-1,2,2,5,2,2,-2,-2,-5,-2,-2
0,1,32053,32056,96159,96160,96161,96164,96165,96166,192319,192320,192321,192322,192323,192326,192327,192328,192329,192330,1,-1,2,-2,1,3,1,-1,-3,-1,2,2,5,2,2,-2,-2,-5,-2,-2
0,1,32055,32058,96165,96166,96167,96170,96171,96172,192331,192332,192333,192334,192335,192338,192339,192340,192341,192342,1,-1,2,-2,1,3,1,-1,-3,-1,2,2,5,2,2,-2,-2,-5,-2,-2
0,1,32057,32060,96171,96172,96173,96176,96177,96178,192343,192344,192345,192346,192347,192350,192351,192352,192353,192354,1,-1,2,-2,1,3,1,-1,-3,-1,2,2,5,2,2,-2,-2,-5,-2,-2
0,1,32059,32062,96177,96178,96179,96182,96183,96184,192355,192356,192357,192358,192359,192362,192363,192364,192365,192366,1,-1,2,-2,1,3,1,-1,-3,-1,2,2,5,2,2,-2,-2,-5,-2,-2
0,1,32061,32064,96183,96184,96185,96188,96189,96190,192367,192368,192369,192370,192371,192374,192375,192376,192377,192378,1,-1,2,-2,1,3,1,-1,-3,-1,2,2,5,2,2,-2,-2,-5,-2,-2
0,1,32063,32066,96189,96190,96191,96194,96195,96196,192379,192380,192381,192382,192383,192386,192387,192388,192389,192390,1,-1,2,-2,1,3,1,-1,-3,-1,2,2,5,2,2,-2,-2,-5,-2,-2
0,1,32065,32068,96195,96196,96197,96200,96201,96202,192391,192392,192393,192394,192395,192398,192399,192400,192401,192402,1,-1,2,-2,1,3,1,-1,-3,-1,2,2,5,2,2,-2,-2,-5,-2,-2
0,1,32067,32070,96201,96202,96203,96206,96207,96208,192403,192404,192405,192406,192407,192410,192411,192412,192413,192414,1,-1,2,-2,1,3,1,-1,-3,-1,2,2,5,2,2,-2,-2,-5,-2,-2
0,1,32069,32072,96207,96208,96209,96212,96213,96214,192415,192416,192417,192418,192419,192422,192423,192424,192425,192426,1,-1,2,-2,1,3,1,-1,-3,-1,2,2,5,2,2,-2,-2,-5,-2,-2
0,1,32071,32074,96213,96214,96215,96218,96219,96220,192427,192428,192429,192430,192431,192434,192435,192436,192437,192438,1,-1,2,-2,1,3,1,-1,-3,-1,2,2,5,2,2,-2,-2,-5,-2,-2
0,1,32073,32076,96219,96220,96221,96224,96225,96226,192439,192440,192441,192442,192443,192446,192447,192448,192449,192450,1,-1,2,-2,1,3,1,-1,-3,-1,2,2,5,2,2,-2,-2,-5,-2,-2
0,1,32075,32078,96225,96226,96227,96230,96231,96232,192451,192452,192453,192454,192455,192458,192459,192460,192461,192462,1,-1,2,-2,1,3,1,-1,-3,-1,2,2,5,2,2,-2,-2,-5,-2,-2
0,1,32077,32080,96231,96232,96233,96236,96237,96238,192463,192464,192465,192466,192467,192470,192471,192472,192473,192474,1,-1,2,-2,1,3,1,-1,-3,-1,2,2,5,2,2,-2,-2,-5,-2,-2
0,1,32079,32082,96237,96238,96239,96242,96243,96244,192475,192476,192477,192478,192479,192482,192483,192484,192485,192486,1,-1,2,-2,1,3,1,-1,-3,-1,2,2,5,2,2,-2,-2,-5,-2,-2
0,1,32081,32084,96243,96244,96245,96248,96249,96250,192487,192488,192489,192490,192491,192494,192495,192496,192497,192498,1,-1,2,-2,1,3,1,-1,-3,-1,2,2,5,2,2,-2,-2,-5,-2,-2
0,1,32083,32086,96249,96250,96251,96254,96255,96256,192499,192500,192501,192502,192503,192506,192507,192508,192509,192510,1,-1,2,-2,1,3,1,-1,-3,-1,2,2,5,2,2,-2,-2,-5,-2,-2
0,1,32085,32088,96255,96256,96257,96260,96261,96262,192511,192512,192513,192514,192515,192518,192519,192520,192521,192522,1,-1,2,-2,1,3,1,-1,-3,-1,2,2,5,2,2,-2,-2,-5,-2,-2
0,1,32087,32090,96261,96262,96263,96266,96267,96268,192523,192524,192525,192526,192527,192530,192531,192532,192533,192534,1,-1,2,-2,1,3,1,-1,-3,-1,2,2,5,2,2,-2,-2,-5,-2,-2
0,1,32089,32092,96267,96268,96269,96272,96273,96274,192535,192536,192537,192538,192539,192542,192543,192544,192545,192546,1,-1,2,-2,1,3,1,-1,-3,-1,2,2,5,2,2,-2,-2,-5,-2,-2
0,1,32091,32094,96273,96274,96275,96278,96279,96280,192547,192548,192549,192550,192551,192554,192555,192556,192557,192558,1,-1,2,-2,1,3,1,-1,-3,-1,2,2,5,2,2,-2,-2,-5,-2,-2
0,1,32093,32096,96279,96280,96281,96284,96285,96286,192559,192560,192561,192562,192563,192566,192567,192568,192569,192570,1,-1,2,-2,1,3,1,-1,-3,-1,2,2,5,2,2,-2,-2,-5,-2,-2
0,1,32095,32098,96285,96286,96287,96290,96291,96292,192571,192572,192573,192574,192575,192578,192579,192580,192581,192582,1,-1,2,-2,1,3,1,-1,-3,-1,2,2,5,2,2,-2,-2,-5,-2,-2
0,1,32097,32100,96291,96292,96293,96296,96297,96298,192583,192584,192585,192586,192587,192590,192591,192592,192593,192594,1,-1,2,-2,1,3,1,-1,-3,-1,2,2,5,2,2,-2,-2,-5,-2,-2
0,1,32099,32102,96297,96298,96299,96302,96303,96304,192595,192596,192597,192598,192599,192602,192603,192604,192605,192606,1,-1,2,-2,1,3,1,-1,-3,-1,2,2,5,2,2,-2,-2,-5,-2,-2
0,1,32101,32104,96303,96304,96305,96308,96309,96310,192607,192608,192609,192610,192611,192614,192615,192616,192617,192618,1,-1,2,-2,1,3,1,-1,-3,-1,2,2,5,2,2,-2,-2,-5,-2,-2
0,1,32103,32106,96309,96310,96311,96314,96315,96316,192619,192620,192621,192622,192623,192626,192627,192628,192629,192630,1,-1,2,-2,1,3,1,-1,-3,-1,2,2,5,2,2,-2,-2,-5,-2,-2
0,1,32105,32108,96315,96316,96317,96320,96321,96322,192631,192632,192633,192634,192635,192638,192639,192640,192641,192642,1,-1,2,-2,1,3,1,-1,-3,-1,2,2,5,2,2,-2,-2,-5,-2,-2
0,1,32107,32110,96321,96322,96323,96326,96327,96328,192643,192644,192645,192646,192647,192650,192651,192652,192653,192654,1,-1,2,-2,1,3,1,-1,-3,-1,2,2,5,2,2,-2,-2,-5,-2,-2
0,1,32109,32112,96327,96328,96329,96332,96333,96334,192655,192656,192657,192658,192659,192662,192663,192664,192665,192666,1,-1,2,-2,1,3,1,-1,-3,-1,2,2,5,2,2,-2,-2,-5,-2,-2
0,1,32111,32114,96333,96334,96335,96338,96339,96340,192667,192668,192669,192670,192671,192674,192675,192676,192677,192678,1,-1,2,-2,1,3,1,-1,-3,-1,2,2,5,2,2,-2,-2,-5,-2,-2
0,1,32113,32116,96339,96340,96341,96344,96345,96346,192679,192680,192681,192682,192683,192686,192687,192688,192689,192690,1,-1,2,-2,1,3,1,-1,-3,-1,2,2,5,2,2,-2,-2,-5,-2,-2
0,1,32115,32118,96345,96346,96347,96350,96351,96352,192691,192692,192693,192694,192695,192698,192699,192700,192701,192702,1,-1,2,-2,1,3,1,-1,-3,-1,2,2,5,2,2,-2,-2,-5,-2,-2
0,1,32117,32120,96351,96352,96353,96356,96357,96358,192703,192704,192705,192706,192707,192710,192711,192712,192713,192714,1,-1,2,-2,1,3,1,-1,-3,-1,2,2,5,2,2,-2,-2,-5,-2,-2
0,1,32119,32122,96357,96358,96359,96362,96363,96364,192715,192716,192717,192718,192719,192722,192723,192724,192725,192726,1,-1,2,-2,1,3,1,-1,-3,-1,2,2,5,2,2,-2,-2,-5,-2,-2
0,1,32121,32124,96363,96364,96365,96368,96369,96370,192727,192728,192729,192730,192731,192734,192735,192736,192737,192738,1,-1,2,-2,1,3,1,-1,-3,-1,2,2,5,2,2,-2,-2,-5,-2,-2
0,1,32123,32126,96369,96370,96371,96374,96375,96376,192739,192740,192741,192742,192743,192746,192747,192748,192749,192750,1,-1,2,-2,1,3,1,-1,-3,-1,2,2,5,2,2,-2,-2,-5,-2,-2
0,1,32125,32128,96375,96376,96377,96380,96381,96382,192751,192752,192753,192754,192755,192758,192759,192760,192761,192762,1,-1,2,-2,1,3,1,-1,-3,-1,2,2,5,2,2,-2,-2,-5,-2,-2
0,1,32127,32130,96381,96382,96383,96386,96387,96388,192763,192764,192765,192766,192767,192770,192771,192772,192773,192774,1,-1,2,-2,1,3,1,-1,-3,-1,2,2,5,2,2,-2,-2,-5,-2,-2
0,1,32129,32132,96387,96388,96389,96392,96393,96394,192775,192776,192777,192778,192779,192782,192783,192784,192785,192786,1,-1,2,-2,1,3,1,-1,-3,-1,2,2,5,2,2,-2,-2,-5,-2,-2
0,1,32131,32134,96393,96394,96395,96398,96399,96400,192787,192788,192789,192790,192791,192794,192795,192796,192797,192798,1,-1,2,-2,1,3,1,-1,-3,-1,2,2,5,2,2,-2,-2,-5,-2,-2
0,1,32133,32136,96399,96400,96401,96404,96405,96406,192799,192800,192801,192802,192803,192806,192807,192808,192809,192810,1,-1,2,-2,1,3,1,-1,-3,-1,2,2,5,2,2,-2,-2,-5,-2,-2
0,1,32135,32138,96405,96406,96407,96410,96411,96412,192811,192812,192813,192814,192815,192818,192819,192820,192821,192822,1,-1,2,-2,1,3,1,-1,-3,-1,2,2,5,2,2,-2,-2,-5,-2,-2
0,1,32137,32140,96411,96412,96413,96416,96417,96418,192823,192824,192825,192826,192827,192830,192831,192832,192833,192834,1,-1,2,-2,1,3,1,-1,-3,-1,2,2,5,2,2,-2,-2,-5,-2,-2
0,1,32139,32142,96417,96418,96419,96422,96423,96424,192835,192836,192837,192838,192839,192842,192843,192844,192845,192846,1,-1,2,-2,1,3,1,-1,-3,-1,2,2,5,2,2,-2,-2,-5,-2,-2
0,1,32141,32144,96423,96424,96425,96428,96429,96430,192847,192848,192849,192850,192851,192854,192855,192856,192857,192858,1,-1,2,-2,1,3,1,-1,-3,-1,2,2,5,2,2,-2,-2,-5,-2,-2
0,1,32143,32146,96429,96430,96431,96434,96435,96436,192859,192860,192861,192862,192863,192866,192867,192868,192869,192870,1,-1,2,-2,1,3,1,-1,-3,-1,2,2,5,2,2,-2,-2,-5,-2,-2
0,1,32145,32148,96435,96436,96437,96440,96441,96442,192871,192872,192873,192874,192875,192878,192879,192880,192881,192882,1,-1,2,-2,1,3,1,-1,-3,-1,2,2,5,2,2,-2,-2,-5,-2,-2
0,1,32147,32150,96441,96442,96443,96446,96447,96448,192883,192884,192885,192886,192887,192890,192891,192892,192893,192894,1,-1,2,-2,1,3,1,-1,-3,-1,2,2,5,2,2,-2,-2,-5,-2,-2
0,1,32149,32152,96447,96448,96449,96452,96453,96454,192895,192896,192897,192898,192899,192902,192903,192904,192905,192906,1,-1,2,-2,1,3,1,-1,-3,-1,2,2,5,2,2,-2,-2,-5,-2,-2
0,1,32151,32154,96453,96454,96455,96458,96459,96460,192907,192908,192909,192910,192911,192914,192915,192916,192917,192918,1,-1,2,-2,1,3,1,-1,-3,-1,2,2,5,2,2,-2,-2,-5,-2,-2
0,1,32153,32156,96459,96460,96461,96464,96465,96466,192919,192920,192921,192922,192923,192926,192927,192928,192929,192930,1,-1,2,-2,1,3,1,-1,-3,-1,2,2,5,2,2,-2,-2,-5,-2,-2
0,1,32155,32158,96465,96466,96467,96470,96471,96472,192931,192932,192933,192934,192935,192938,192939,192940,192941,192942,1,-1,2,-2,1,3,1,-1,-3,-1,2,2,5,2,2,-2,-2,-5,-2,-2
0,1,32157,32160,96471,96472,96473,96476,96477,96478,192943,192944,192945,192946,192947,192950,192951,192952,192953,192954,1,-1,2,-2,1,3,1,-1,-3,-1,2,2,5,2,2,-2,-2,-5,-2,-2
0,1,32159,32162,96477,96478,96479,96482,96483,96484,192955,192956,192957,192958,192959,192962,192963,192964,192965,192966,1,-1,2,-2,1,3,1,-1,-3,-1,2,2,5,2,2,-2,-2,-5,-2,-2
0,1,32161,32164,96483,96484,96485,96488,96489,96490,192967,192968,192969,192970,192971,192974,192975,192976,192977,192978,1,-1,2,-2,1,3,1,-1,-3,-1,2,2,5,2,2,-2,-2,-5,-2,-2
0,1,32163,32166,96489,96490,96491,96494,96495,96496,192979,192980,192981,192982,192983,192986,192987,192988,192989,192990,1,-1,2,-2,1,3,1,-1,-3,-1,2,2,5,2,2,-2,-2,-5,-2,-2
0,1,32165,32168,96495,96496,96497,96500,96501,96502,192991,192992,192993,192994,192995,192998,192999,193000,193001,193002,1,-1,2,-2,1,3,1,-1,-3,-1,2,2,5,2,2,-2,-2,-5,-2,-2
0,1,32167,32170,96501,96502,96503,96506,96507,96508,193003,193004,193005,193006,193007,193010,193011,193012,193013,193014,1,-1,2,-2,1,3,1,-1,-3,-1,2,2,5,2,2,-2,-2,-5,-2,-2
0,1,32169,32172,96507,96508,96509,96512,96513,96514,193015,193016,193017,193018,193019,193022,193023,193024,193025,193026,1,-1,2,-2,1,3,1,-1,-3,-1,2,2,5,2,2,-2,-2,-5,-2,-2
0,1,32171,32174,96513,96514,96515,96518,96519,96520,193027,193028,193029,193030,193031,193034,193035,193036,193037,193038,1,-1,2,-2,1,3,1,-1,-3,-1,2,2,5,2,2,-2,-2,-5,-2,-2
0,1,32173,32176,96519,96520,96521,96524,96525,96526,193039,193040,193041,193042,193043,193046,193047,193048,193049,193050,1,-1,2,-2,1,3,1,-1,-3,-1,2,2,5,2,2,-2,-2,-5,-2,-2
0,1,32175,32178,96525,96526,96527,96530,96531,96532,193051,193052,193053,193054,193055,193058,193059,193060,193061,193062,1,-1,2,-2,1,3,1,-1,-3,-1,2,2,5,2,2,-2,-2,-5,-2,-2
0,1,32177,32180,96531,96532,96533,96536,96537,96538,193063,193064,193065,193066,193067,193070,193071,193072,193073,193074,1,-1,2,-2,1,3,1,-1,-3,-1,2,2,5,2,2,-2,-2,-5,-2,-2
0,1,32179,32182,96537,96538,96539,96542,96543,96544,193075,193076,193077,193078,193079,193082,193083,193084,193085,193086,1,-1,2,-2,1,3,1,-1,-3,-1,2,2,5,2,2,-2,-2,-5,-2,-2
0,1,32181,32184,96543,96544,96545,96548,96549,96550,193087,193088,193089,193090,193091,193094,193095,193096,193097,193098,1,-1,2,-2,1,3,1,-1,-3,-1,2,2,5,2,2,-2,-2,-5,-2,-2
0,1,32183,32186,96549,96550,96551,96554,96555,96556,193099,193100,193101,193102,193103,193106,193107,193108,193109,193110,1,-1,2,-2,1,3,1,-1,-3,-1,2,2,5,2,2,-2,-2,-5,-2,-2
0,1,32185,32188,96555,96556,96557,96560,96561,96562,193111,193112,193113,193114,193115,193118,193119,193120,193121,193122,1,-1,2,-2,1,3,1,-1,-3,-1,2,2,5,2,2,-2,-2,-5,-2,-2
0,1,32187,32190,96561,96562,96563,96566,96567,96568,193123,193124,193125,193126,193127,193130,193131,193132,193133,193134,1,-1,2,-2,1,3,1,-1,-3,-1,2,2,5,2,2,-2,-2,-5,-2,-2
0,1,32189,32192,96567,96568,96569,96572,96573,96574,193135,193136,193137,193138,193139,193142,193143,193144,193145,193146,1,-1,2,-2,1,3,1,-1,-3,-1,2,2,5,2,2,-2,-2,-5,-2,-2
0,1,32191,32194,96573,96574,96575,96578,96579,96580,193147,193148,193149,193150,193151,193154,193155,193156,193157,193158,1,-1,2,-2,1,3,1,-1,-3,-1,2,2,5,2,2,-2,-2,-5,-2,-2
0,1,32193,32196,96579,96580,96581,96584,96585,96586,193159,193160,193161,193162,193163,193166,193167,193168,193169,193170,1,-1,2,-2,1,3,1,-1,-3,-1,2,2,5,2,2,-2,-2,-5,-2,-2
0,1,32195,32198,96585,96586,96587,96590,96591,96592,193171,193172,193173,193174,193175,193178,193179,193180,193181,193182,1,-1,2,-2,1,3,1,-1,-3,-1,2,2,5,2,2,-2,-2,-5,-2,-2
0,1,32197,32200,96591,96592,96593,96596,96597,96598,193183,193184,193185,193186,193187,193190,193191,193192,193193,193194,1,-1,2,-2,1,3,1,-1,-3,-1,2,2,5,2,2,-2,-2,-5,-2,-2
0,1,32199,32202,96597,96598,96599,96602,96603,96604,193195,193196,193197,193198,193199,193202,193203,193204,193205,193206,1,-1,2,-2,1,3,1,-1,-3,-1,2,2,5,2,2,-2,-2,-5,-2,-2
0,1,32201,32204,96603,96604,96605,96608,96609,96610,193207,193208,193209,193210,193211,193214,193215,193216,193217,193218,1,-1,2,-2,1,3,1,-1,-3,-1,2,2,5,2,2,-2,-2,-5,-2,-2
0,1,32203,32206,96609,96610,96611,96614,96615,96616,193219,193220,193221,193222,193223,193226,193227,193228,193229,193230,1,-1,2,-2,1,3,1,-1,-3,-1,2,2,5,2,2,-2,-2,-5,-2,-2
0,1,32205,32208,96615,96616,96617,96620,96621,96622,193231,193232,193233,193234,193235,193238,193239,193240,193241,193242,1,-1,2,-2,1,3,1,-1,-3,-1,2,2,5,2,2,-2,-2,-5,-2,-2
0,1,32207,32210,96621,96622,96623,96626,96627,96628,193243,193244,193245,193246,193247,193250,193251,193252,193253,193254,1,-1,2,-2,1,3,1,-1,-3,-1,2,2,5,2,2,-2,-2,-5,-2,-2
0,1,32209,32212,96627,96628,96629,96632,96633,96634,193255,193256,193257,193258,193259,193262,193263,193264,193265,193266,1,-1,2,-2,1,3,1,-1,-3,-1,2,2,5,2,2,-2,-2,-5,-2,-2
0,1,32211,32214,96633,96634,96635,96638,96639,96640,193267,193268,193269,193270,193271,193274,193275,193276,193277,193278,1,-1,2,-2,1,3,1,-1,-3,-1,2,2,5,2,2,-2,-2,-5,-2,-2
0,1,32213,32216,96639,96640,96641,96644,96645,96646,193279,193280,193281,193282,193283,193286,193287,193288,193289,193290,1,-1,2,-2,1,3,1,-1,-3,-1,2,2,5,2,2,-2,-2,-5,-2,-2
0,1,32215,32218,96645,96646,96647,96650,96651,96652,193291,193292,193293,193294,193295,193298,193299,193300,193301,193302,1,-1,2,-2,1,3,1,-1,-3,-1,2,2,5,2,2,-2,-2,-5,-2,-2
0,1,32217,32220,96651,96652,96653,96656,96657,96658,193303,193304,193305,193306,193307,193310,193311,193312,193313,193314,1,-1,2,-2,1,3,1,-1,-3,-1,2,2,5,2,2,-2,-2,-5,-2,-2
0,1,32219,32222,96657,96658,96659,96662,96663,96664,193315,193316,193317,193318,193319,193322,193323,193324,193325,193326,1,-1,2,-2,1,3,1,-1,-3,-1,2,2,5,2,2,-2,-2,-5,-2,-2
0,1,32221,32224,96663,96664,96665,96668,96669,96670,193327,193328,193329,193330,193331,193334,193335,193336,193337,193338,1,-1,2,-2,1,3,1,-1,-3,-1,2,2,5,2,2,-2,-2,-5,-2,-2
0,1,32223,32226,96669,96670,96671,96674,96675,96676,193339,193340,193341,193342,193343,193346,193347,193348,193349,193350,1,-1,2,-2,1,3,1,-1,-3,-1,2,2,5,2,2,-2,-2,-5,-2,-2
0,1,32225,32228,96675,96676,96677,96680,96681,96682,193351,193352,193353,193354,193355,193358,193359,193360,193361,193362,1,-1,2,-2,1,3,1,-1,-3,-1,2,2,5,2,2,-2,-2,-5,-2,-2
0,1,32227,32230,96681,96682,96683,96686,96687,96688,193363,193364,193365,193366,193367,193370,193371,193372,193373,193374,1,-1,2,-2,1,3,1,-1,-3,-1,2,2,5,2,2,-2,-2,-5,-2,-2
0,1,32229,32232,96687,96688,96689,96692,96693,96694,193375,193376,193377,193378,193379,193382,193383,193384,193385,193386,1,-1,2,-2,1,3,1,-1,-3,-1,2,2,5,2,2,-2,-2,-5,-2,-2
0,1,32231,32234,96693,96694,96695,96698,96699,96700,193387,193388,193389,193390,193391,193394,193395,193396,193397,193398,1,-1,2,-2,1,3,1,-1,-3,-1,2,2,5,2,2,-2,-2,-5,-2,-2
0,1,32233,32236,96699,96700,96701,96704,96705,96706,193399,193400,193401,193402,193403,193406,193407,193408,193409,193410,1,-1,2,-2,1,3,1,-1,-3,-1,2,2,5,2,2,-2,-2,-5,-2,-2
0,1,32235,32238,96705,96706,96707,96710,96711,96712,193411,193412,193413,193414,193415,193418,193419,193420,193421,193422,1,-1,2,-2,1,3,1,-1,-3,-1,2,2,5,2,2,-2,-2,-5,-2,-2
0,1,32237,32240,96711,96712,96713,96716,96717,96718,193423,193424,193425,193426,193427,193430,193431,193432,193433,193434,1,-1,2,-2,1,3,1,-1,-3,-1,2,2,5,2,2,-2,-2,-5,-2,-2
0,1,32239,32242,96717,96718,96719,96722,96723,96724,193435,193436,193437,193438,193439,193442,193443,193444,193445,193446,1,-1,2,-2,1,3,1,-1,-3,-1,2,2,5,2,2,-2,-2,-5,-2,-2
0,1,32241,32244,96723,96724,96725,96728,96729,96730,193447,193448,193449,193450,193451,193454,193455,193456,193457,193458,1,-1,2,-2,1,3,1,-1,-3,-1,2,2,5,2,2,-2,-2,-5,-2,-2
0,1,32243,32246,96729,96730,96731,96734,96735,96736,193459,193460,193461,193462,193463,193466,193467,193468,193469,193470,1,-1,2,-2,1,3,1,-1,-3,-1,2,2,5,2,2,-2,-2,-5,-2,-2
0,1,32245,32248,96735,96736,96737,96740,96741,96742,193471,193472,193473,193474,193475,193478,193479,193480,193481,193482,1,-1,2,-2,1,3,1,-1,-3,-1,2,2,5,2,2,-2,-2,-5,-2,-2
0,1,32247,32250,96741,96742,96743,96746,96747,96748,193483,193484,193485,193486,193487,193490,193491,193492,193493,193494,1,-1,2,-2,1,3,1,-1,-3,-1,2,2,5,2,2,-2,-2,-5,-2,-2
0,1,32249,32252,96747,96748,96749,96752,96753,96754,193495,193496,193497,193498,193499,193502,193503,193504,193505,193506,1,-1,2,-2,1,3,1,-1,-3,-1,2,2,5,2,2,-2,-2,-5,-2,-2
0,1,32251,32254,96753,96754,96755,96758,96759,96760,193507,193508,193509,193510,193511,193514,193515,193516,193517,193518,1,-1,2,-2,1,3,1,-1,-3,-1,2,2,5,2,2,-2,-2,-5,-2,-2
0,1,32253,32256,96759,96760,96761,96764,96765,96766,193519,193520,193521,193522,193523,193526,193527,193528,193529,193530,1,-1,2,-2,1,3,1,-1,-3,-1,2,2,5,2,2,-2,-2,-5,-2,-2
0,1,32255,32258,96765,96766,96767,96770,96771,96772,193531,193532,193533,193534,193535,193538,193539,193540,193541,193542,1,-1,2,-2,1,3,1,-1,-3,-1,2,2,5,2,2,-2,-2,-5,-2,-2
0,1,32257,32260,96771,96772,96773,96776,96777,96778,193543,193544,193545,193546,193547,193550,193551,193552,193553,193554,1,-1,2,-2,1,3,1,-1,-3,-1,2,2,5,2,2,-2,-2,-5,-2,-2
0,1,32259,32262,96777,96778,96779,96782,96783,96784,193555,193556,193557,193558,193559,193562,193563,193564,193565,193566,1,-1,2,-2,1,3,1,-1,-3,-1,2,2,5,2,2,-2,-2,-5,-2,-2
0,1,32261,32264,96783,96784,96785,96788,96789,96790,193567,193568,193569,193570,193571,193574,193575,193576,193577,193578,1,-1,2,-2,1,3,1,-1,-3,-1,2,2,5,2,2,-2,-2,-5,-2,-2
0,1,32263,32266,96789,96790,96791,96794,96795,96796,193579,193580,193581,193582,193583,193586,193587,193588,193589,193590,1,-1,2,-2,1,3,1,-1,-3,-1,2,2,5,2,2,-2,-2,-5,-2,-2
0,1,32265,32268,96795,96796,96797,96800,96801,96802,193591,193592,193593,193594,193595,193598,193599,193600,193601,193602,1,-1,2,-2,1,3,1,-1,-3,-1,2,2,5,2,2,-2,-2,-5,-2,-2
0,1,32267,32270,96801,96802,96803,96806,96807,96808,193603,193604,193605,193606,193607,193610,193611,193612,193613,193614,1,-1,2,-2,1,3,1,-1,-3,-1,2,2,5,2,2,-2,-2,-5,-2,-2
0,1,32269,32272,96807,96808,96809,96812,96813,96814,193615,193616,193617,193618,193619,193622,193623,193624,193625,193626,1,-1,2,-2,1,3,1,-1,-3,-1,2,2,5,2,2,-2,-2,-5,-2,-2
0,1,32271,32274,96813,96814,96815,96818,96819,96820,193627,193628,193629,193630,193631,193634,193635,193636,193637,193638,1,-1,2,-2,1,3,1,-1,-3,-1,2,2,5,2,2,-2,-2,-5,-2,-2
0,1,32273,32276,96819,96820,96821,96824,96825,96826,193639,193640,193641,193642,193643,193646,193647,193648,193649,193650,1,-1,2,-2,1,3,1,-1,-3,-1,2,2,5,2,2,-2,-2,-5,-2,-2
0,1,32275,32278,96825,96826,96827,96830,96831,96832,193651,193652,193653,193654,193655,193658,193659,193660,193661,193662,1,-1,2,-2,1,3,1,-1,-3,-1,2,2,5,2,2,-2,-2,-5,-2,-2
0,1,32277,32280,96831,96832,96833,96836,96837,96838,193663,193664,193665,193666,193667,193670,193671,193672,193673,193674,1,-1,2,-2,1,3,1,-1,-3,-1,2,2,5,2,2,-2,-2,-5,-2,-2
0,1,32279,32282,96837,96838,96839,96842,96843,96844,193675,193676,193677,193678,193679,193682,193683,193684,193685,193686,1,-1,2,-2,1,3,1,-1,-3,-1,2,2,5,2,2,-2,-2,-5,-2,-2
0,1,32281,32284,96843,96844,96845,96848,96849,96850,193687,193688,193689,193690,193691,193694,193695,193696,193697,193698,1,-1,2,-2,1,3,1,-1,-3,-1,2,2,5,2,2,-2,-2,-5,-2,-2
0,1,32283,32286,96849,96850,96851,96854,96855,96856,193699,193700,193701,193702,193703,193706,193707,193708,193709,193710,1,-1,2,-2,1,3,1,-1,-3,-1,2,2,5,2,2,-2,-2,-5,-2,-2
0,1,32285,32288,96855,96856,96857,96860,96861,96862,193711,193712,193713,193714,193715,193718,193719,193720,193721,193722,1,-1,2,-2,1,3,1,-1,-3,-1,2,2,5,2,2,-2,-2,-5,-2,-2
0,1,32287,32290,96861,96862,96863,96866,96867,96868,193723,193724,193725,193726,193727,193730,193731,193732,193733,193734,1,-1,2,-2,1,3,1,-1,-3,-1,2,2,5,2,2,-2,-2,-5,-2,-2
0,1,32289,32292,96867,96868,96869,96872,96873,96874,193735,193736,193737,193738,193739,193742,193743,193744,193745,193746,1,-1,2,-2,1,3,1,-1,-3,-1,2,2,5,2,2,-2,-2,-5,-2,-2
0,1,32291,32294,96873,96874,96875,96878,96879,96880,193747,193748,193749,193750,193751,193754,193755,193756,193757,193758,1,-1,2,-2,1,3,1,-1,-3,-1,2,2,5,2,2,-2,-2,-5,-2,-2
0,1,32293,32296,96879,96880,96881,96884,96885,96886,193759,193760,193761,193762,193763,193766,193767,193768,193769,193770,1,-1,2,-2,1,3,1,-1,-3,-1,2,2,5,2,2,-2,-2,-5,-2,-2
0,1,32295,32298,96885,96886,96887,96890,96891,96892,193771,193772,193773,193774,193775,193778,193779,193780,193781,193782,1,-1,2,-2,1,3,1,-1,-3,-1,2,2,5,2,2,-2,-2,-5,-2,-2
0,1,32297,32300,96891,96892,96893,96896,96897,96898,193783,193784,193785,193786,193787,193790,193791,193792,193793,193794,1,-1,2,-2,1,3,1,-1,-3,-1,2,2,5,2,2,-2,-2,-5,-2,-2
0,1,32299,32302,96897,96898,96899,96902,96903,96904,193795,193796,193797,193798,193799,193802,193803,193804,193805,193806,1,-1,2,-2,1,3,1,-1,-3,-1,2,2,5,2,2,-2,-2,-5,-2,-2
0,1,32301,32304,96903,96904,96905,96908,96909,96910,193807,193808,193809,193810,193811,193814,193815,193816,193817,193818,1,-1,2,-2,1,3,1,-1,-3,-1,2,2,5,2,2,-2,-2,-5,-2,-2
0,1,32303,32306,96909,96910,96911,96914,96915,96916,193819,193820,193821,193822,193823,193826,193827,193828,193829,193830,1,-1,2,-2,1,3,1,-1,-3,-1,2,2,5,2,2,-2,-2,-5,-2,-2
0,1,32305,32308,96915,96916,96917,96920,96921,96922,193831,193832,193833,193834,193835,193838,193839,193840,193841,193842,1,-1,2,-2,1,3,1,-1,-3,-1,2,2,5,2,2,-2,-2,-5,-2,-2
0,1,32307,32310,96921,96922,96923,96926,96927,96928,193843,193844,193845,193846,193847,193850,193851,193852,193853,193854,1,-1,2,-2,1,3,1,-1,-3,-1,2,2,5,2,2,-2,-2,-5,-2,-2
0,1,32309,32312,96927,96928,96929,96932,96933,96934,193855,193856,193857,193858,193859,193862,193863,193864,193865,193866,1,-1,2,-2,1,3,1,-1,-3,-1,2,2,5,2,2,-2,-2,-5,-2,-2
0,1,32311,32314,96933,96934,96935,96938,96939,96940,193867,193868,193869,193870,193871,193874,193875,193876,193877,193878,1,-1,2,-2,1,3,1,-1,-3,-1,2,2,5,2,2,-2,-2,-5,-2,-2
0,1,32313,32316,96939,96940,96941,96944,96945,96946,193879,193880,193881,193882,193883,193886,193887,193888,193889,193890,1,-1,2,-2,1,3,1,-1,-3,-1,2,2,5,2,2,-2,-2,-5,-2,-2
0,1,32315,32318,96945,96946,96947,96950,96951,96952,193891,193892,193893,193894,193895,193898,193899,193900,193901,193902,1,-1,2,-2,1,3,1,-1,-3,-1,2,2,5,2,2,-2,-2,-5,-2,-2
0,1,32317,32320,96951,96952,96953,96956,96957,96958,193903,193904,193905,193906,193907,193910,193911,193912,193913,193914,1,-1,2,-2,1,3,1,-1,-3,-1,2,2,5,2,2,-2,-2,-5,-2,-2
0,1,32319,32322,96957,96958,96959,96962,96963,96964,193915,193916,193917,193918,193919,193922,193923,193924,193925,193926,1,-1,2,-2,1,3,1,-1,-3,-1,2,2,5,2,2,-2,-2,-5,-2,-2
0,1,32321,32324,96963,96964,96965,96968,96969,96970,193927,193928,193929,193930,193931,193934,193935,193936,193937,193938,1,-1,2,-2,1,3,1,-1,-3,-1,2,2,5,2,2,-2,-2,-5,-2,-2
0,1,32323,32326,96969,96970,96971,96974,96975,96976,193939,193940,193941,193942,193943,193946,193947,193948,193949,193950,1,-1,2,-2,1,3,1,-1,-3,-1,2,2,5,2,2,-2,-2,-5,-2,-2
0,1,32325,32328,96975,96976,96977,96980,96981,96982,193951,193952,193953,193954,193955,193958,193959,193960,193961,193962,1,-1,2,-2,1,3,1,-1,-3,-1,2,2,5,2,2,-2,-2,-5,-2,-2
0,1,32327,32330,96981,96982,96983,96986,96987,96988,193963,193964,193965,193966,193967,193970,193971,193972,193973,193974,1,-1,2,-2,1,3,1,-1,-3,-1,2,2,5,2,2,-2,-2,-5,-2,-2
0,1,32329,32332,96987,96988,96989,96992,96993,96994,193975,193976,193977,193978,193979,193982,193983,193984,193985,193986,1,-1,2,-2,1,3,1,-1,-3,-1,2,2,5,2,2,-2,-2,-5,-2,-2
0,1,32331,32334,96993,96994,96995,96998,96999,97000,193987,193988,193989,193990,193991,193994,193995,193996,193997,193998,1,-1,2,-2,1,3,1,-1,-3,-1,2,2,5,2,2,-2,-2,-5,-2,-2
0,1,32333,32336,96999,97000,97001,97004,97005,97006,193999,194000,194001,194002,194003,194006,194007,194008,194009,194010,1,-1,2,-2,1,3,1,-1,-3,-1,2,2,5,2,2,-2,-2,-5,-2,-2
0,1,32335,32338,97005,97006,97007,97010,97011,97012,194011,194012,194013,194014,194015,194018,194019,194020,194021,194022,1,-1,2,-2,1,3,1,-1,-3,-1,2,2,5,2,2,-2,-2,-5,-2,-2
0,1,32337,32340,97011,97012,97013,97016,97017,97018,194023,194024,194025,194026,194027,194030,194031,194032,194033,194034,1,-1,2,-2,1,3,1,-1,-3,-1,2,2,5,2,2,-2,-2,-5,-2,-2
0,1,32339,32342,97017,97018,97019,97022,97023,97024,194035,194036,194037,194038,194039,194042,194043,194044,194045,194046,1,-1,2,-2,1,3,1,-1,-3,-1,2,2,5,2,2,-2,-2,-5,-2,-2
0,1,32341,32344,97023,97024,97025,97028,97029,97030,194047,194048,194049,194050,194051,194054,194055,194056,194057,194058,1,-1,2,-2,1,3,1,-1,-3,-1,2,2,5,2,2,-2,-2,-5,-2,-2
0,1,32343,32346,97029,97030,97031,97034,97035,97036,194059,194060,194061,194062,194063,194066,194067,194068,194069,194070,1,-1,2,-2,1,3,1,-1,-3,-1,2,2,5,2,2,-2,-2,-5,-2,-2
0,1,32345,32348,97035,97036,97037,97040,97041,97042,194071,194072,194073,194074,194075,194078,194079,194080,194081,194082,1,-1,2,-2,1,3,1,-1,-3,-1,2,2,5,2,2,-2,-2,-5,-2,-2
0,1,32347,32350,97041,97042,97043,97046,97047,97048,194083,194084,194085,194086,194087,194090,194091,194092,194093,194094,1,-1,2,-2,1,3,1,-1,-3,-1,2,2,5,2,2,-2,-2,-5,-2,-2
0,1,32349,32352,97047,97048,97049,97052,97053,97054,194095,194096,194097,194098,194099,194102,194103,194104,194105,194106,1,-1,2,-2,1,3,1,-1,-3,-1,2,2,5,2,2,-2,-2,-5,-2,-2
0,1,32351,32354,97053,97054,97055,97058,97059,97060,194107,194108,194109,194110,194111,194114,194115,194116,194117,194118,1,-1,2,-2,1,3,1,-1,-3,-1,2,2,5,2,2,-2,-2,-5,-2,-2
0,1,32353,32356,97059,97060,97061,97064,97065,97066,194119,194120,194121,194122,194123,194126,194127,194128,194129,194130,1,-1,2,-2,1,3,1,-1,-3,-1,2,2,5,2,2,-2,-2,-5,-2,-2
0,1,32355,32358,97065,97066,97067,97070,97071,97072,194131,194132,194133,194134,194135,194138,194139,194140,194141,194142,1,-1,2,-2,1,3,1,-1,-3,-1,2,2,5,2,2,-2,-2,-5,-2,-2
0,1,32357,32360,97071,97072,97073,97076,97077,97078,194143,194144,194145,194146,194147,194150,194151,194152,194153,194154,1,-1,2,-2,1,3,1,-1,-3,-1,2,2,5,2,2,-2,-2,-5,-2,-2
0,1,32359,32362,97077,97078,97079,97082,97083,97084,194155,194156,194157,194158,194159,194162,194163,194164,194165,194166,1,-1,2,-2,1,3,1,-1,-3,-1,2,2,5,2,2,-2,-2,-5,-2,-2
0,1,32361,32364,97083,97084,97085,97088,97089,97090,194167,194168,194169,194170,194171,194174,194175,194176,194177,194178,1,-1,2,-2,1,3,1,-1,-3,-1,2,2,5,2,2,-2,-2,-5,-2,-2
0,1,32363,32366,97089,97090,97091,97094,97095,97096,194179,194180,194181,194182,194183,194186,194187,194188,194189,194190,1,-1,2,-2,1,3,1,-1,-3,-1,2,2,5,2,2,-2,-2,-5,-2,-2
0,1,32365,32368,97095,97096,97097,97100,97101,97102,194191,194192,194193,194194,194195,194198,194199,194200,194201,194202,1,-1,2,-2,1,3,1,-1,-3,-1,2,2,5,2,2,-2,-2,-5,-2,-2
0,1,32367,32370,97101,97102,97103,97106,97107,97108,194203,194204,194205,194206,194207,194210,194211,194212,194213,194214,1,-1,2,-2,1,3,1,-1,-3,-1,2,2,5,2,2,-2,-2,-5,-2,-2
0,1,32369,32372,97107,97108,97109,97112,97113,97114,194215,194216,194217,194218,194219,194222,194223,194224,194225,194226,1,-1,2,-2,1,3,1,-1,-3,-1,2,2,5,2,2,-2,-2,-5,-2,-2
0,1,32371,32374,97113,97114,97115,97118,97119,97120,194227,194228,194229,194230,194231,194234,194235,194236,194237,194238,1,-1,2,-2,1,3,1,-1,-3,-1,2,2,5,2,2,-2,-2,-5,-2,-2
0,1,32373,32376,97119,97120,97121,97124,97125,97126,194239,194240,194241,194242,194243,194246,194247,194248,194249,194250,1,-1,2,-2,1,3,1,-1,-3,-1,2,2,5,2,2,-2,-2,-5,-2,-2
0,1,32375,32378,97125,97126,97127,97130,97131,97132,194251,194252,194253,194254,194255,194258,194259,194260,194261,194262,1,-1,2,-2,1,3,1,-1,-3,-1,2,2,5,2,2,-2,-2,-5,-2,-2
0,1,32377,32380,97131,97132,97133,97136,97137,97138,194263,194264,194265,194266,194267,194270,194271,194272,194273,194274,1,-1,2,-2,1,3,1,-1,-3,-1,2,2,5,2,2,-2,-2,-5,-2,-2
0,1,32379,32382,97137,97138,97139,97142,97143,97144,194275,194276,194277,194278,194279,194282,194283,194284,194285,194286,1,-1,2,-2,1,3,1,-1,-3,-1,2,2,5,2,2,-2,-2,-5,-2,-2
0,1,32381,32384,97143,97144,97145,97148,97149,97150,194287,194288,194289,194290,194291,194294,194295,194296,194297,194298,1,-1,2,-2,1,3,1,-1,-3,-1,2,2,5,2,2,-2,-2,-5,-2,-2
0,1,32383,32386,97149,97150,97151,97154,97155,97156,194299,194300,194301,194302,194303,194306,194307,194308,194309,194310,1,-1,2,-2,1,3,1,-1,-3,-1,2,2,5,2,2,-2,-2,-5,-2,-2
0,1,32385,32388,97155,97156,97157,97160,97161,97162,194311,194312,194313,194314,194315,194318,194319,194320,194321,194322,1,-1,2,-2,1,3,1,-1,-3,-1,2,2,5,2,2,-2,-2,-5,-2,-2
0,1,32387,32390,97161,97162,97163,97166,97167,97168,194323,194324,194325,194326,194327,194330,194331,194332,194333,194334,1,-1,2,-2,1,3,1,-1,-3,-1,2,2,5,2,2,-2,-2,-5,-2,-2
0,1,32389,32392,97167,97168,97169,97172,97173,97174,194335,194336,194337,194338,194339,194342,194343,194344,194345,194346,1,-1,2,-2,1,3,1,-1,-3,-1,2,2,5,2,2,-2,-2,-5,-2,-2
0,1,32391,32394,97173,97174,97175,97178,97179,97180,194347,194348,194349,194350,194351,194354,194355,194356,194357,194358,1,-1,2,-2,1,3,1,-1,-3,-1,2,2,5,2,2,-2,-2,-5,-2,-2
0,1,32393,32396,97179,97180,97181,97184,97185,97186,194359,194360,194361,194362,194363,194366,194367,194368,194369,194370,1,-1,2,-2,1,3,1,-1,-3,-1,2,2,5,2,2,-2,-2,-5,-2,-2
0,1,32395,32398,97185,97186,97187,97190,97191,97192,194371,194372,194373,194374,194375,194378,194379,194380,194381,194382,1,-1,2,-2,1,3,1,-1,-3,-1,2,2,5,2,2,-2,-2,-5,-2,-2
0,1,32397,32400,97191,97192,97193,97196,97197,97198,194383,194384,194385,194386,194387,194390,194391,194392,194393,194394,1,-1,2,-2,1,3,1,-1,-3,-1,2,2,5,2,2,-2,-2,-5,-2,-2
0,1,32399,32402,97197,97198,97199,97202,97203,97204,194395,194396,194397,194398,194399,194402,194403,194404,194405,194406,1,-1,2,-2,1,3,1,-1,-3,-1,2,2,5,2,2,-2,-2,-5,-2,-2
0,1,32401,32404,97203,97204,97205,97208,97209,97210,194407,194408,194409,194410,194411,194414,194415,194416,194417,194418,1,-1,2,-2,1,3,1,-1,-3,-1,2,2,5,2,2,-2,-2,-5,-2,-2
0,1,32403,32406,97209,97210,97211,97214,97215,97216,194419,194420,194421,194422,194423,194426,194427,194428,194429,194430,1,-1,2,-2,1,3,1,-1,-3,-1,2,2,5,2,2,-2,-2,-5,-2,-2
0,1,32405,32408,97215,97216,97217,97220,97221,97222,194431,194432,194433,194434,194435,194438,194439,194440,194441,194442,1,-1,2,-2,1,3,1,-1,-3,-1,2,2,5,2,2,-2,-2,-5,-2,-2
0,1,32407,32410,97221,97222,97223,97226,97227,97228,194443,194444,194445,194446,194447,194450,194451,194452,194453,194454,1,-1,2,-2,1,3,1,-1,-3,-1,2,2,5,2,2,-2,-2,-5,-2,-2
0,1,32409,32412,97227,97228,97229,97232,97233,97234,194455,194456,194457,194458,194459,194462,194463,194464,194465,194466,1,-1,2,-2,1,3,1,-1,-3,-1,2,2,5,2,2,-2,-2,-5,-2,-2
0,1,32411,32414,97233,97234,97235,97238,97239,97240,194467,194468,194469,194470,194471,194474,194475,194476,194477,194478,1,-1,2,-2,1,3,1,-1,-3,-1,2,2,5,2,2,-2,-2,-5,-2,-2
0,1,32413,32416,97239,97240,97241,97244,97245,97246,194479,194480,194481,194482,194483,194486,194487,194488,194489,194490,1,-1,2,-2,1,3,1,-1,-3,-1,2,2,5,2,2,-2,-2,-5,-2,-2
0,1,32415,32418,97245,97246,97247,97250,97251,97252,194491,194492,194493,194494,194495,194498,194499,194500,194501,194502,1,-1,2,-2,1,3,1,-1,-3,-1,2,2,5,2,2,-2,-2,-5,-2,-2
0,1,32417,32420,97251,97252,97253,97256,97257,97258,194503,194504,194505,194506,194507,194510,194511,194512,194513,194514,1,-1,2,-2,1,3,1,-1,-3,-1,2,2,5,2,2,-2,-2,-5,-2,-2
0,1,32419,32422,97257,97258,97259,97262,97263,97264,194515,194516,194517,194518,194519,194522,194523,194524,194525,194526,1,-1,2,-2,1,3,1,-1,-3,-1,2,2,5,2,2,-2,-2,-5,-2,-2
0,1,32421,32424,97263,97264,97265,97268,97269,97270,194527,194528,194529,194530,194531,194534,194535,194536,194537,194538,1,-1,2,-2,1,3,1,-1,-3,-1,2,2,5,2,2,-2,-2,-5,-2,-2
0,1,32423,32426,97269,97270,97271,97274,97275,97276,194539,194540,194541,194542,194543,194546,194547,194548,194549,194550,1,-1,2,-2,1,3,1,-1,-3,-1,2,2,5,2,2,-2,-2,-5,-2,-2
0,1,32425,32428,97275,97276,97277,97280,97281,97282,194551,194552,194553,194554,194555,194558,194559,194560,194561,194562,1,-1,2,-2,1,3,1,-1,-3,-1,2,2,5,2,2,-2,-2,-5,-2,-2
0,1,32427,32430,97281,97282,97283,97286,97287,97288,194563,194564,194565,194566,194567,194570,194571,194572,194573,194574,1,-1,2,-2,1,3,1,-1,-3,-1,2,2,5,2,2,-2,-2,-5,-2,-2
0,1,32429,32432,97287,97288,97289,97292,97293,97294,194575,194576,194577,194578,194579,194582,194583,194584,194585,194586,1,-1,2,-2,1,3,1,-1,-3,-1,2,2,5,2,2,-2,-2,-5,-2,-2
0,1,32431,32434,97293,97294,97295,97298,97299,97300,194587,194588,194589,194590,194591,194594,194595,194596,194597,194598,1,-1,2,-2,1,3,1,-1,-3,-1,2,2,5,2,2,-2,-2,-5,-2,-2
0,1,32433,32436,97299,97300,97301,97304,97305,97306,194599,194600,194601,194602,194603,194606,194607,194608,194609,194610,1,-1,2,-2,1,3,1,-1,-3,-1,2,2,5,2,2,-2,-2,-5,-2,-2
0,1,32435,32438,97305,97306,97307,97310,97311,97312,194611,194612,194613,194614,194615,194618,194619,194620,194621,194622,1,-1,2,-2,1,3,1,-1,-3,-1,2,2,5,2,2,-2,-2,-5,-2,-2
0,1,32437,32440,97311,97312,97313,97316,97317,97318,194623,194624,194625,194626,194627,194630,194631,194632,194633,194634,1,-1,2,-2,1,3,1,-1,-3,-1,2,2,5,2,2,-2,-2,-5,-2,-2
0,1,32439,32442,97317,97318,97319,97322,97323,97324,194635,194636,194637,194638,194639,194642,194643,194644,194645,194646,1,-1,2,-2,1,3,1,-1,-3,-1,2,2,5,2,2,-2,-2,-5,-2,-2
0,1,32441,32444,97323,97324,97325,97328,97329,97330,194647,194648,194649,194650,194651,194654,194655,194656,194657,194658,1,-1,2,-2,1,3,1,-1,-3,-1,2,2,5,2,2,-2,-2,-5,-2,-2
0,1,32443,32446,97329,97330,97331,97334,97335,97336,194659,194660,194661,194662,194663,194666,194667,194668,194669,194670,1,-1,2,-2,1,3,1,-1,-3,-1,2,2,5,2,2,-2,-2,-5,-2,-2
0,1,32445,32448,97335,97336,97337,97340,97341,97342,194671,194672,194673,194674,194675,194678,194679,194680,194681,194682,1,-1,2,-2,1,3,1,-1,-3,-1,2,2,5,2,2,-2,-2,-5,-2,-2
0,1,32447,32450,97341,97342,97343,97346,97347,97348,194683,194684,194685,194686,194687,194690,194691,194692,194693,194694,1,-1,2,-2,1,3,1,-1,-3,-1,2,2,5,2,2,-2,-2,-5,-2,-2
0,1,32449,32452,97347,97348,97349,97352,97353,97354,194695,194696,194697,194698,194699,194702,194703,194704,194705,194706,1,-1,2,-2,1,3,1,-1,-3,-1,2,2,5,2,2,-2,-2,-5,-2,-2
0,1,32451,32454,97353,97354,97355,97358,97359,97360,194707,194708,194709,194710,194711,194714,194715,194716,194717,194718,1,-1,2,-2,1,3,1,-1,-3,-1,2,2,5,2,2,-2,-2,-5,-2,-2
0,1,32453,32456,97359,97360,97361,97364,97365,97366,194719,194720,194721,194722,194723,194726,194727,194728,194729,194730,1,-1,2,-2,1,3,1,-1,-3,-1,2,2,5,2,2,-2,-2,-5,-2,-2
0,1,32455,32458,97365,97366,97367,97370,97371,97372,194731,194732,194733,194734,194735,194738,194739,194740,194741,194742,1,-1,2,-2,1,3,1,-1,-3,-1,2,2,5,2,2,-2,-2,-5,-2,-2
0,1,32457,32460,97371,97372,97373,97376,97377,97378,194743,194744,194745,194746,194747,194750,194751,194752,194753,194754,1,-1,2,-2,1,3,1,-1,-3,-1,2,2,5,2,2,-2,-2,-5,-2,-2
0,1,32459,32462,97377,97378,97379,97382,97383,97384,194755,194756,194757,194758,194759,194762,194763,194764,194765,194766,1,-1,2,-2,1,3,1,-1,-3,-1,2,2,5,2,2,-2,-2,-5,-2,-2
0,1,32461,32464,97383,97384,97385,97388,97389,97390,194767,194768,194769,194770,194771,194774,194775,194776,194777,194778,1,-1,2,-2,1,3,1,-1,-3,-1,2,2,5,2,2,-2,-2,-5,-2,-2
0,1,32463,32466,97389,97390,97391,97394,97395,97396,194779,194780,194781,194782,194783,194786,194787,194788,194789,194790,1,-1,2,-2,1,3,1,-1,-3,-1,2,2,5,2,2,-2,-2,-5,-2,-2
0,1,32465,32468,97395,97396,97397,97400,97401,97402,194791,194792,194793,194794,194795,194798,194799,194800,194801,194802,1,-1,2,-2,1,3,1,-1,-3,-1,2,2,5,2,2,-2,-2,-5,-2,-2
0,1,32467,32470,97401,97402,97403,97406,97407,97408,194803,194804,194805,194806,194807,194810,194811,194812,194813,194814,1,-1,2,-2,1,3,1,-1,-3,-1,2,2,5,2,2,-2,-2,-5,-2,-2
0,1,32469,32472,97407,97408,97409,97412,97413,97414,194815,194816,194817,194818,194819,194822,194823,194824,194825,194826,1,-1,2,-2,1,3,1,-1,-3,-1,2,2,5,2,2,-2,-2,-5,-2,-2
0,1,32471,32474,97413,97414,97415,97418,97419,97420,194827,194828,194829,194830,194831,194834,194835,194836,194837,194838,1,-1,2,-2,1,3,1,-1,-3,-1,2,2,5,2,2,-2,-2,-5,-2,-2
0,1,32473,32476,97419,97420,97421,97424,97425,97426,194839,194840,194841,194842,194843,194846,194847,194848,194849,194850,1,-1,2,-2,1,3,1,-1,-3,-1,2,2,5,2,2,-2,-2,-5,-2,-2
0,1,32475,32478,97425,97426,97427,97430,97431,97432,194851,194852,194853,194854,194855,194858,194859,194860,194861,194862,1,-1,2,-2,1,3,1,-1,-3,-1,2,2,5,2,2,-2,-2,-5,-2,-2
0,1,32477,32480,97431,97432,97433,97436,97437,97438,194863,194864,194865,194866,194867,194870,194871,194872,194873,194874,1,-1,2,-2,1,3,1,-1,-3,-1,2,2,5,2,2,-2,-2,-5,-2,-2
0,1,32479,32482,97437,97438,97439,97442,97443,97444,194875,194876,194877,194878,194879,194882,194883,194884,194885,194886,1,-1,2,-2,1,3,1,-1,-3,-1,2,2,5,2,2,-2,-2,-5,-2,-2
0,1,32481,32484,97443,97444,97445,97448,97449,97450,194887,194888,194889,194890,194891,194894,194895,194896,194897,194898,1,-1,2,-2,1,3,1,-1,-3,-1,2,2,5,2,2,-2,-2,-5,-2,-2
0,1,32483,32486,97449,97450,97451,97454,97455,97456,194899,194900,194901,194902,194903,194906,194907,194908,194909,194910,1,-1,2,-2,1,3,1,-1,-3,-1,2,2,5,2,2,-2,-2,-5,-2,-2
0,1,32485,32488,97455,97456,97457,97460,97461,97462,194911,194912,194913,194914,194915,194918,194919,194920,194921,194922,1,-1,2,-2,1,3,1,-1,-3,-1,2,2,5,2,2,-2,-2,-5,-2,-2
0,1,32487,32490,97461,97462,97463,97466,97467,97468,194923,194924,194925,194926,194927,194930,194931,194932,194933,194934,1,-1,2,-2,1,3,1,-1,-3,-1,2,2,5,2,2,-2,-2,-5,-2,-2
0,1,32489,32492,97467,97468,97469,97472,97473,97474,194935,194936,194937,194938,194939,194942,194943,194944,194945,194946,1,-1,2,-2,1,3,1,-1,-3,-1,2,2,5,2,2,-2,-2,-5,-2,-2
0,1,32491,32494,97473,97474,97475,97478,97479,97480,194947,194948,194949,194950,194951,194954,194955,194956,194957,194958,1,-1,2,-2,1,3,1,-1,-3,-1,2,2,5,2,2,-2,-2,-5,-2,-2
0,1,32493,32496,97479,97480,97481,97484,97485,97486,194959,194960,194961,194962,194963,194966,194967,194968,194969,194970,1,-1,2,-2,1,3,1,-1,-3,-1,2,2,5,2,2,-2,-2,-5,-2,-2
0,1,32495,32498,97485,97486,97487,97490,97491,97492,194971,194972,194973,194974,194975,194978,194979,194980,194981,194982,1,-1,2,-2,1,3,1,-1,-3,-1,2,2,5,2,2,-2,-2,-5,-2,-2
0,1,32497,32500,97491,97492,97493,97496,97497,97498,194983,194984,194985,194986,194987,194990,194991,194992,194993,194994,1,-1,2,-2,1,3,1,-1,-3,-1,2,2,5,2,2,-2,-2,-5,-2,-2
0,1,32499,32502,97497,97498,97499,97502,97503,97504,194995,194996,194997,194998,194999,195002,195003,195004,195005,195006,1,-1,2,-2,1,3,1,-1,-3,-1,2,2,5,2,2,-2,-2,-5,-2,-2
0,1,32501,32504,97503,97504,97505,97508,97509,97510,195007,195008,195009,195010,195011,195014,195015,195016,195017,195018,1,-1,2,-2,1,3,1,-1,-3,-1,2,2,5,2,2,-2,-2,-5,-2,-2
0,1,32503,32506,97509,97510,97511,97514,97515,97516,195019,195020,195021,195022,195023,195026,195027,195028,195029,195030,1,-1,2,-2,1,3,1,-1,-3,-1,2,2,5,2,2,-2,-2,-5,-2,-2
0,1,32505,32508,97515,97516,97517,97520,97521,97522,195031,195032,195033,195034,195035,195038,195039,195040,195041,195042,1,-1,2,-2,1,3,1,-1,-3,-1,2,2,5,2,2,-2,-2,-5,-2,-2
0,1,32507,32510,97521,97522,97523,97526,97527,97528,195043,195044,195045,195046,195047,195050,195051,195052,195053,195054,1,-1,2,-2,1,3,1,-1,-3,-1,2,2,5,2,2,-2,-2,-5,-2,-2
0,1,32509,32512,97527,97528,97529,97532,97533,97534,195055,195056,195057,195058,195059,195062,195063,195064,195065,195066,1,-1,2,-2,1,3,1,-1,-3,-1,2,2,5,2,2,-2,-2,-5,-2,-2
0,1,32511,32514,97533,97534,97535,97538,97539,97540,195067,195068,195069,195070,195071,195074,195075,195076,195077,195078,1,-1,2,-2,1,3,1,-1,-3,-1,2,2,5,2,2,-2,-2,-5,-2,-2
0,1,32513,32516,97539,97540,97541,97544,97545,97546,195079,195080,195081,195082,195083,195086,195087,195088,195089,195090,1,-1,2,-2,1,3,1,-1,-3,-1,2,2,5,2,2,-2,-2,-5,-2,-2
0,1,32515,32518,97545,97546,97547,97550,97551,97552,195091,195092,195093,195094,195095,195098,195099,195100,195101,195102,1,-1,2,-2,1,3,1,-1,-3,-1,2,2,5,2,2,-2,-2,-5,-2,-2
0,1,32517,32520,97551,97552,97553,97556,97557,97558,195103,195104,195105,195106,195107,195110,195111,195112,195113,195114,1,-1,2,-2,1,3,1,-1,-3,-1,2,2,5,2,2,-2,-2,-5,-2,-2
0,1,32519,32522,97557,97558,97559,97562,97563,97564,195115,195116,195117,195118,195119,195122,195123,195124,195125,195126,1,-1,2,-2,1,3,1,-1,-3,-1,2,2,5,2,2,-2,-2,-5,-2,-2
0,1,32521,32524,97563,97564,97565,97568,97569,97570,195127,195128,195129,195130,195131,195134,195135,195136,195137,195138,1,-1,2,-2,1,3,1,-1,-3,-1,2,2,5,2,2,-2,-2,-5,-2,-2
0,1,32523,32526,97569,97570,97571,97574,97575,97576,195139,195140,195141,195142,195143,195146,195147,195148,195149,195150,1,-1,2,-2,1,3,1,-1,-3,-1,2,2,5,2,2,-2,-2,-5,-2,-2
0,1,32525,32528,97575,97576,97577,97580,97581,97582,195151,195152,195153,195154,195155,195158,195159,195160,195161,195162,1,-1,2,-2,1,3,1,-1,-3,-1,2,2,5,2,2,-2,-2,-5,-2,-2
0,1,32527,32530,97581,97582,97583,97586,97587,97588,195163,195164,195165,195166,195167,195170,195171,195172,195173,195174,1,-1,2,-2,1,3,1,-1,-3,-1,2,2,5,2,2,-2,-2,-5,-2,-2
0,1,32529,32532,97587,97588,97589,97592,97593,97594,195175,195176,195177,195178,195179,195182,195183,195184,195185,195186,1,-1,2,-2,1,3,1,-1,-3,-1,2,2,5,2,2,-2,-2,-5,-2,-2
0,1,32531,32534,97593,97594,97595,97598,97599,97600,195187,195188,195189,195190,195191,195194,195195,195196,195197,195198,1,-1,2,-2,1,3,1,-1,-3,-1,2,2,5,2,2,-2,-2,-5,-2,-2
0,1,32533,32536,97599,97600,97601,97604,97605,97606,195199,195200,195201,195202,195203,195206,195207,195208,195209,195210,1,-1,2,-2,1,3,1,-1,-3,-1,2,2,5,2,2,-2,-2,-5,-2,-2
0,1,32535,32538,97605,97606,97607,97610,97611,97612,195211,195212,195213,195214,195215,195218,195219,195220,195221,195222,1,-1,2,-2,1,3,1,-1,-3,-1,2,2,5,2,2,-2,-2,-5,-2,-2
0,1,32537,32540,97611,97612,97613,97616,97617,97618,195223,195224,195225,195226,195227,195230,195231,195232,195233,195234,1,-1,2,-2,1,3,1,-1,-3,-1,2,2,5,2,2,-2,-2,-5,-2,-2
0,1,32539,32542,97617,97618,97619,97622,97623,97624,195235,195236,195237,195238,195239,195242,195243,195244,195245,195246,1,-1,2,-2,1,3,1,-1,-3,-1,2,2,5,2,2,-2,-2,-5,-2,-2
0,1,32541,32544,97623,97624,97625,97628,97629,97630,195247,195248,195249,195250,195251,195254,195255,195256,195257,195258,1,-1,2,-2,1,3,1,-1,-3,-1,2,2,5,2,2,-2,-2,-5,-2,-2
0,1,32543,32546,97629,97630,97631,97634,97635,97636,195259,195260,195261,195262,195263,195266,195267,195268,195269,195270,1,-1,2,-2,1,3,1,-1,-3,-1,2,2,5,2,2,-2,-2,-5,-2,-2
0,1,32545,32548,97635,97636,97637,97640,97641,97642,195271,195272,195273,195274,195275,195278,195279,195280,195281,195282,1,-1,2,-2,1,3,1,-1,-3,-1,2,2,5,2,2,-2,-2,-5,-2,-2
0,1,32547,32550,97641,97642,97643,97646,97647,97648,195283,195284,195285,195286,195287,195290,195291,195292,195293,195294,1,-1,2,-2,1,3,1,-1,-3,-1,2,2,5,2,2,-2,-2,-5,-2,-2
0,1,32549,32552,97647,97648,97649,97652,97653,97654,195295,195296,195297,195298,195299,195302,195303,195304,195305,195306,1,-1,2,-2,1,3,1,-1,-3,-1,2,2,5,2,2,-2,-2,-5,-2,-2
0,1,32551,32554,97653,97654,97655,97658,97659,97660,195307,195308,195309,195310,195311,195314,195315,195316,195317,195318,1,-1,2,-2,1,3,1,-1,-3,-1,2,2,5,2,2,-2,-2,-5,-2,-2
0,1,32553,32556,97659,97660,97661,97664,97665,97666,195319,195320,195321,195322,195323,195326,195327,195328,195329,195330,1,-1,2,-2,1,3,1,-1,-3,-1,2,2,5,2,2,-2,-2,-5,-2,-2
0,1,32555,32558,97665,97666,97667,97670,97671,97672,195331,195332,195333,195334,195335,195338,195339,195340,195341,195342,1,-1,2,-2,1,3,1,-1,-3,-1,2,2,5,2,2,-2,-2,-5,-2,-2
0,1,32557,32560,97671,97672,97673,97676,97677,97678,195343,195344,195345,195346,195347,195350,195351,195352,195353,195354,1,-1,2,-2,1,3,1,-1,-3,-1,2,2,5,2,2,-2,-2,-5,-2,-2
0,1,32559,32562,97677,97678,97679,97682,97683,97684,195355,195356,195357,195358,195359,195362,195363,195364,195365,195366,1,-1,2,-2,1,3,1,-1,-3,-1,2,2,5,2,2,-2,-2,-5,-2,-2
0,1,32561,32564,97683,97684,97685,97688,97689,97690,195367,195368,195369,195370,195371,195374,195375,195376,195377,195378,1,-1,2,-2,1,3,1,-1,-3,-1,2,2,5,2,2,-2,-2,-5,-2,-2
0,1,32563,32566,97689,97690,97691,97694,97695,97696,195379,195380,195381,195382,195383,195386,195387,195388,195389,195390,1,-1,2,-2,1,3,1,-1,-3,-1,2,2,5,2,2,-2,-2,-5,-2,-2
0,1,32565,32568,97695,97696,97697,97700,97701,97702,195391,195392,195393,195394,195395,195398,195399,195400,195401,195402,1,-1,2,-2,1,3,1,-1,-3,-1,2,2,5,2,2,-2,-2,-5,-2,-2
0,1,32567,32570,97701,97702,97703,97706,97707,97708,195403,195404,195405,195406,195407,195410,195411,195412,195413,195414,1,-1,2,-2,1,3,1,-1,-3,-1,2,2,5,2,2,-2,-2,-5,-2,-2
0,1,32569,32572,97707,97708,97709,97712,97713,97714,195415,195416,195417,195418,195419,195422,195423,195424,195425,195426,1,-1,2,-2,1,3,1,-1,-3,-1,2,2,5,2,2,-2,-2,-5,-2,-2
0,1,32571,32574,97713,97714,97715,97718,97719,97720,195427,195428,195429,195430,195431,195434,195435,195436,195437,195438,1,-1,2,-2,1,3,1,-1,-3,-1,2,2,5,2,2,-2,-2,-5,-2,-2
0,1,32573,32576,97719,97720,97721,97724,97725,97726,195439,195440,195441,195442,195443,195446,195447,195448,195449,195450,1,-1,2,-2,1,3,1,-1,-3,-1,2,2,5,2,2,-2,-2,-5,-2,-2
0,1,32575,32578,97725,97726,97727,97730,97731,97732,195451,195452,195453,195454,195455,195458,195459,195460,195461,195462,1,-1,2,-2,1,3,1,-1,-3,-1,2,2,5,2,2,-2,-2,-5,-2,-2
0,1,32577,32580,97731,97732,97733,97736,97737,97738,195463,195464,195465,195466,195467,195470,195471,195472,195473,195474,1,-1,2,-2,1,3,1,-1,-3,-1,2,2,5,2,2,-2,-2,-5,-2,-2
0,1,32579,32582,97737,97738,97739,97742,97743,97744,195475,195476,195477,195478,195479,195482,195483,195484,195485,195486,1,-1,2,-2,1,3,1,-1,-3,-1,2,2,5,2,2,-2,-2,-5,-2,-2
0,1,32581,32584,97743,97744,97745,97748,97749,97750,195487,195488,195489,195490,195491,195494,195495,195496,195497,195498,1,-1,2,-2,1,3,1,-1,-3,-1,2,2,5,2,2,-2,-2,-5,-2,-2
0,1,32583,32586,97749,97750,97751,97754,97755,97756,195499,195500,195501,195502,195503,195506,195507,195508,195509,195510,1,-1,2,-2,1,3,1,-1,-3,-1,2,2,5,2,2,-2,-2,-5,-2,-2
0,1,32585,32588,97755,97756,97757,97760,97761,97762,195511,195512,195513,195514,195515,195518,195519,195520,195521,195522,1,-1,2,-2,1,3,1,-1,-3,-1,2,2,5,2,2,-2,-2,-5,-2,-2
0,1,32587,32590,97761,97762,97763,97766,97767,97768,195523,195524,195525,195526,195527,195530,195531,195532,195533,195534,1,-1,2,-2,1,3,1,-1,-3,-1,2,2,5,2,2,-2,-2,-5,-2,-2
0,1,32589,32592,97767,97768,97769,97772,97773,97774,195535,195536,195537,195538,195539,195542,195543,195544,195545,195546,1,-1,2,-2,1,3,1,-1,-3,-1,2,2,5,2,2,-2,-2,-5,-2,-2
0,1,32591,32594,97773,97774,97775,97778,97779,97780,195547,195548,195549,195550,195551,195554,195555,195556,195557,195558,1,-1,2,-2,1,3,1,-1,-3,-1,2,2,5,2,2,-2,-2,-5,-2,-2
0,1,32593,32596,97779,97780,97781,97784,97785,97786,195559,195560,195561,195562,195563,195566,195567,195568,195569,195570,1,-1,2,-2,1,3,1,-1,-3,-1,2,2,5,2,2,-2,-2,-5,-2,-2
0,1,32595,32598,97785,97786,97787,97790,97791,97792,195571,195572,195573,195574,195575,195578,195579,195580,195581,195582,1,-1,2,-2,1,3,1,-1,-3,-1,2,2,5,2,2,-2,-2,-5,-2,-2
0,1,32597,32600,97791,97792,97793,97796,97797,97798,195583,195584,195585,195586,195587,195590,195591,195592,195593,195594,1,-1,2,-2,1,3,1,-1,-3,-1,2,2,5,2,2,-2,-2,-5,-2,-2
0,1,32599,32602,97797,97798,97799,97802,97803,97804,195595,195596,195597,195598,195599,195602,195603,195604,195605,195606,1,-1,2,-2,1,3,1,-1,-3,-1,2,2,5,2,2,-2,-2,-5,-2,-2
0,1,32601,32604,97803,97804,97805,97808,97809,97810,195607,195608,195609,195610,195611,195614,195615,195616,195617,195618,1,-1,2,-2,1,3,1,-1,-3,-1,2,2,5,2,2,-2,-2,-5,-2,-2
0,1,32603,32606,97809,97810,97811,97814,97815,97816,195619,195620,195621,195622,195623,195626,195627,195628,195629,195630,1,-1,2,-2,1,3,1,-1,-3,-1,2,2,5,2,2,-2,-2,-5,-2,-2
0,1,32605,32608,97815,97816,97817,97820,97821,97822,195631,195632,195633,195634,195635,195638,195639,195640,195641,195642,1,-1,2,-2,1,3,1,-1,-3,-1,2,2,5,2,2,-2,-2,-5,-2,-2
0,1,32607,32610,97821,97822,97823,97826,97827,97828,195643,195644,195645,195646,195647,195650,195651,195652,195653,195654,1,-1,2,-2,1,3,1,-1,-3,-1,2,2,5,2,2,-2,-2,-5,-2,-2
0,1,32609,32612,97827,97828,97829,97832,97833,97834,195655,195656,195657,195658,195659,195662,195663,195664,195665,195666,1,-1,2,-2,1,3,1,-1,-3,-1,2,2,5,2,2,-2,-2,-5,-2,-2
0,1,32611,32614,97833,97834,97835,97838,97839,97840,195667,195668,195669,195670,195671,195674,195675,195676,195677,195678,1,-1,2,-2,1,3,1,-1,-3,-1,2,2,5,2,2,-2,-2,-5,-2,-2
0,1,32613,32616,97839,97840,97841,97844,97845,97846,195679,195680,195681,195682,195683,195686,195687,195688,195689,195690,1,-1,2,-2,1,3,1,-1,-3,-1,2,2,5,2,2,-2,-2,-5,-2,-2
0,1,32615,32618,97845,97846,97847,97850,97851,97852,195691,195692,195693,195694,195695,195698,195699,195700,195701,195702,1,-1,2,-2,1,3,1,-1,-3,-1,2,2,5,2,2,-2,-2,-5,-2,-2
0,1,32617,32620,97851,97852,97853,97856,97857,97858,195703,195704,195705,195706,195707,195710,195711,195712,195713,195714,1,-1,2,-2,1,3,1,-1,-3,-1,2,2,5,2,2,-2,-2,-5,-2,-2
0,1,32619,32622,97857,97858,97859,97862,97863,97864,195715,195716,195717,195718,195719,195722,195723,195724,195725,195726,1,-1,2,-2,1,3,1,-1,-3,-1,2,2,5,2,2,-2,-2,-5,-2,-2
0,1,32621,32624,97863,97864,97865,97868,97869,97870,195727,195728,195729,195730,195731,195734,195735,195736,195737,195738,1,-1,2,-2,1,3,1,-1,-3,-1,2,2,5,2,2,-2,-2,-5,-2,-2
0,1,32623,32626,97869,97870,97871,97874,97875,97876,195739,195740,195741,195742,195743,195746,195747,195748,195749,195750,1,-1,2,-2,1,3,1,-1,-3,-1,2,2,5,2,2,-2,-2,-5,-2,-2
0,1,32625,32628,97875,97876,97877,97880,97881,97882,195751,195752,195753,195754,195755,195758,195759,195760,195761,195762,1,-1,2,-2,1,3,1,-1,-3,-1,2,2,5,2,2,-2,-2,-5,-2,-2
0,1,32627,32630,97881,97882,97883,97886,97887,97888,195763,195764,195765,195766,195767,195770,195771,195772,195773,195774,1,-1,2,-2,1,3,1,-1,-3,-1,2,2,5,2,2,-2,-2,-5,-2,-2
0,1,32629,32632,97887,97888,97889,97892,97893,97894,195775,195776,195777,195778,195779,195782,195783,195784,195785,195786,1,-1,2,-2,1,3,1,-1,-3,-1,2,2,5,2,2,-2,-2,-5,-2,-2
0,1,32631,32634,97893,97894,97895,97898,97899,97900,195787,195788,195789,195790,195791,195794,195795,195796,195797,195798,1,-1,2,-2,1,3,1,-1,-3,-1,2,2,5,2,2,-2,-2,-5,-2,-2
0,1,32633,32636,97899,97900,97901,97904,97905,97906,195799,195800,195801,195802,195803,195806,195807,195808,195809,195810,1,-1,2,-2,1,3,1,-1,-3,-1,2,2,5,2,2,-2,-2,-5,-2,-2
0,1,32635,32638,97905,97906,97907,97910,97911,97912,195811,195812,195813,195814,195815,195818,195819,195820,195821,195822,1,-1,2,-2,1,3,1,-1,-3,-1,2,2,5,2,2,-2,-2,-5,-2,-2
0,1,32637,32640,97911,97912,97913,97916,97917,97918,195823,195824,195825,195826,195827,195830,195831,195832,195833,195834,1,-1,2,-2,1,3,1,-1,-3,-1,2,2,5,2,2,-2,-2,-5,-2,-2
0,1,32639,32642,97917,97918,97919,97922,97923,97924,195835,195836,195837,195838,195839,195842,195843,195844,195845,195846,1,-1,2,-2,1,3,1,-1,-3,-1,2,2,5,2,2,-2,-2,-5,-2,-2
0,1,32641,32644,97923,97924,97925,97928,97929,97930,195847,195848,195849,195850,195851,195854,195855,195856,195857,195858,1,-1,2,-2,1,3,1,-1,-3,-1,2,2,5,2,2,-2,-2,-5,-2,-2
0,1,32643,32646,97929,97930,97931,97934,97935,97936,195859,195860,195861,195862,195863,195866,195867,195868,195869,195870,1,-1,2,-2,1,3,1,-1,-3,-1,2,2,5,2,2,-2,-2,-5,-2,-2
0,1,32645,32648,97935,97936,97937,97940,97941,97942,195871,195872,195873,195874,195875,195878,195879,195880,195881,195882,1,-1,2,-2,1,3,1,-1,-3,-1,2,2,5,2,2,-2,-2,-5,-2,-2
0,1,32647,32650,97941,97942,97943,97946,97947,97948,195883,195884,195885,195886,195887,195890,195891,195892,195893,195894,1,-1,2,-2,1,3,1,-1,-3,-1,2,2,5,2,2,-2,-2,-5,-2,-2
0,1,32649,32652,97947,97948,97949,97952,97953,97954,195895,195896,195897,195898,195899,195902,195903,195904,195905,195906,1,-1,2,-2,1,3,1,-1,-3,-1,2,2,5,2,2,-2,-2,-5,-2,-2
0,1,32651,32654,97953,97954,97955,97958,97959,97960,195907,195908,195909,195910,195911,195914,195915,195916,195917,195918,1,-1,2,-2,1,3,1,-1,-3,-1,2,2,5,2,2,-2,-2,-5,-2,-2
0,1,32653,32656,97959,97960,97961,97964,97965,97966,195919,195920,195921,195922,195923,195926,195927,195928,195929,195930,1,-1,2,-2,1,3,1,-1,-3,-1,2,2,5,2,2,-2,-2,-5,-2,-2
0,1,32655,32658,97965,97966,97967,97970,97971,97972,195931,195932,195933,195934,195935,195938,195939,195940,195941,195942,1,-1,2,-2,1,3,1,-1,-3,-1,2,2,5,2,2,-2,-2,-5,-2,-2
0,1,32657,32660,97971,97972,97973,97976,97977,97978,195943,195944,195945,195946,195947,195950,195951,195952,195953,195954,1,-1,2,-2,1,3,1,-1,-3,-1,2,2,5,2,2,-2,-2,-5,-2,-2
0,1,32659,32662,97977,97978,97979,97982,97983,97984,195955,195956,195957,195958,195959,195962,195963,195964,195965,195966,1,-1,2,-2,1,3,1,-1,-3,-1,2,2,5,2,2,-2,-2,-5,-2,-2
0,1,32661,32664,97983,97984,97985,97988,97989,97990,195967,195968,195969,195970,195971,195974,195975,195976,195977,195978,1,-1,2,-2,1,3,1,-1,-3,-1,2,2,5,2,2,-2,-2,-5,-2,-2
0,1,32663,32666,97989,97990,97991,97994,97995,97996,195979,195980,195981,195982,195983,195986,195987,195988,195989,195990,1,-1,2,-2,1,3,1,-1,-3,-1,2,2,5,2,2,-2,-2,-5,-2,-2
0,1,32665,32668,97995,97996,97997,98000,98001,98002,195991,195992,195993,195994,195995,195998,195999,196000,196001,196002,1,-1,2,-2,1,3,1,-1,-3,-1,2,2,5,2,2,-2,-2,-5,-2,-2
0,1,32667,32670,98001,98002,98003,98006,98007,98008,196003,196004,196005,196006,196007,196010,196011,196012,196013,196014,1,-1,2,-2,1,3,1,-1,-3,-1,2,2,5,2,2,-2,-2,-5,-2,-2
0,1,32669,32672,98007,98008,98009,98012,98013,98014,196015,196016,196017,196018,196019,196022,196023,196024,196025,196026,1,-1,2,-2,1,3,1,-1,-3,-1,2,2,5,2,2,-2,-2,-5,-2,-2
0,1,32671,32674,98013,98014,98015,98018,98019,98020,196027,196028,196029,196030,196031,196034,196035,196036,196037,196038,1,-1,2,-2,1,3,1,-1,-3,-1,2,2,5,2,2,-2,-2,-5,-2,-2
0,1,32673,32676,98019,98020,98021,98024,98025,98026,196039,196040,196041,196042,196043,196046,196047,196048,196049,196050,1,-1,2,-2,1,3,1,-1,-3,-1,2,2,5,2,2,-2,-2,-5,-2,-2
0,1,32675,32678,98025,98026,98027,98030,98031,98032,196051,196052,196053,196054,196055,196058,196059,196060,196061,196062,1,-1,2,-2,1,3,1,-1,-3,-1,2,2,5,2,2,-2,-2,-5,-2,-2
0,1,32677,32680,98031,98032,98033,98036,98037,98038,196063,196064,196065,196066,196067,196070,196071,196072,196073,196074,1,-1,2,-2,1,3,1,-1,-3,-1,2,2,5,2,2,-2,-2,-5,-2,-2
0,1,32679,32682,98037,98038,98039,98042,98043,98044,196075,196076,196077,196078,196079,196082,196083,196084,196085,196086,1,-1,2,-2,1,3,1,-1,-3,-1,2,2,5,2,2,-2,-2,-5,-2,-2
0,1,32681,32684,98043,98044,98045,98048,98049,98050,196087,196088,196089,196090,196091,196094,196095,196096,196097,196098,1,-1,2,-2,1,3,1,-1,-3,-1,2,2,5,2,2,-2,-2,-5,-2,-2
0,1,32683,32686,98049,98050,98051,98054,98055,98056,196099,196100,196101,196102,196103,196106,196107,196108,196109,196110,1,-1,2,-2,1,3,1,-1,-3,-1,2,2,5,2,2,-2,-2,-5,-2,-2
0,1,32685,32688,98055,98056,98057,98060,98061,98062,196111,196112,196113,196114,196115,196118,196119,196120,196121,196122,1,-1,2,-2,1,3,1,-1,-3,-1,2,2,5,2,2,-2,-2,-5,-2,-2
0,1,32687,32690,98061,98062,98063,98066,98067,98068,196123,196124,196125,196126,196127,196130,196131,196132,196133,196134,1,-1,2,-2,1,3,1,-1,-3,-1,2,2,5,2,2,-2,-2,-5,-2,-2
0,1,32689,32692,98067,98068,98069,98072,98073,98074,196135,196136,196137,196138,196139,196142,196143,196144,196145,196146,1,-1,2,-2,1,3,1,-1,-3,-1,2,2,5,2,2,-2,-2,-5,-2,-2
0,1,32691,32694,98073,98074,98075,98078,98079,98080,196147,196148,196149,196150,196151,196154,196155,196156,196157,196158,1,-1,2,-2,1,3,1,-1,-3,-1,2,2,5,2,2,-2,-2,-5,-2,-2
0,1,32693,32696,98079,98080,98081,98084,98085,98086,196159,196160,196161,196162,196163,196166,196167,196168,196169,196170,1,-1,2,-2,1,3,1,-1,-3,-1,2,2,5,2,2,-2,-2,-5,-2,-2
0,1,32695,32698,98085,98086,98087,98090,98091,98092,196171,196172,196173,196174,196175,196178,196179,196180,196181,196182,1,-1,2,-2,1,3,1,-1,-3,-1,2,2,5,2,2,-2,-2,-5,-2,-2
0,1,32697,32700,98091,98092,98093,98096,98097,98098,196183,196184,196185,196186,196187,196190,196191,196192,196193,196194,1,-1,2,-2,1,3,1,-1,-3,-1,2,2,5,2,2,-2,-2,-5,-2,-2
0,1,32699,32702,98097,98098,98099,98102,98103,98104,196195,196196,196197,196198,196199,196202,196203,196204,196205,196206,1,-1,2,-2,1,3,1,-1,-3,-1,2,2,5,2,2,-2,-2,-5,-2,-2
0,1,32701,32704,98103,98104,98105,98108,98109,98110,196207,196208,196209,196210,196211,196214,196215,196216,196217,196218,1,-1,2,-2,1,3,1,-1,-3,-1,2,2,5,2,2,-2,-2,-5,-2,-2
0,1,32703,32706,98109,98110,98111,98114,98115,98116,196219,196220,196221,196222,196223,196226,196227,196228,196229,196230,1,-1,2,-2,1,3,1,-1,-3,-1,2,2,5,2,2,-2,-2,-5,-2,-2
0,1,32705,32708,98115,98116,98117,98120,98121,98122,196231,196232,196233,196234,196235,196238,196239,196240,196241,196242,1,-1,2,-2,1,3,1,-1,-3,-1,2,2,5,2,2,-2,-2,-5,-2,-2
0,1,32707,32710,98121,98122,98123,98126,98127,98128,196243,196244,196245,196246,196247,196250,196251,196252,196253,196254,1,-1,2,-2,1,3,1,-1,-3,-1,2,2,5,2,2,-2,-2,-5,-2,-2
0,1,32709,32712,98127,98128,98129,98132,98133,98134,196255,196256,196257,196258,196259,196262,196263,196264,196265,196266,1,-1,2,-2,1,3,1,-1,-3,-1,2,2,5,2,2,-2,-2,-5,-2,-2
0,1,32711,32714,98133,98134,98135,98138,98139,98140,196267,196268,196269,196270,196271,196274,196275,196276,196277,196278,1,-1,2,-2,1,3,1,-1,-3,-1,2,2,5,2,2,-2,-2,-5,-2,-2
0,1,32713,32716,98139,98140,98141,98144,98145,98146,196279,196280,196281,196282,196283,196286,196287,196288,196289,196290,1,-1,2,-2,1,3,1,-1,-3,-1,2,2,5,2,2,-2,-2,-5,-2,-2
0,1,32715,32718,98145,98146,98147,98150,98151,98152,196291,196292,196293,196294,196295,196298,196299,196300,196301,196302,1,-1,2,-2,1,3,1,-1,-3,-1,2,2,5,2,2,-2,-2,-5,-2,-2
0,1,32717,32720,98151,98152,98153,98156,98157,98158,196303,196304,196305,196306,196307,196310,196311,196312,196313,196314,1,-1,2,-2,1,3,1,-1,-3,-1,2,2,5,2,2,-2,-2,-5,-2,-2
0,1,32719,32722,98157,98158,98159,98162,98163,98164,196315,196316,196317,196318,196319,196322,196323,196324,196325,196326,1,-1,2,-2,1,3,1,-1,-3,-1,2,2,5,2,2,-2,-2,-5,-2,-2
0,1,32721,32724,98163,98164,98165,98168,98169,98170,196327,196328,196329,196330,196331,196334,196335,196336,196337,196338,1,-1,2,-2,1,3,1,-1,-3,-1,2,2,5,2,2,-2,-2,-5,-2,-2
0,1,32723,32726,98169,98170,98171,98174,98175,98176,196339,196340,196341,196342,196343,196346,196347,196348,196349,196350,1,-1,2,-2,1,3,1,-1,-3,-1,2,2,5,2,2,-2,-2,-5,-2,-2
0,1,32725,32728,98175,98176,98177,98180,98181,98182,196351,196352,196353,196354,196355,196358,196359,196360,196361,196362,1,-1,2,-2,1,3,1,-1,-3,-1,2,2,5,2,2,-2,-2,-5,-2,-2
0,1,32727,32730,98181,98182,98183,98186,98187,98188,196363,196364,196365,196366,196367,196370,196371,196372,196373,196374,1,-1,2,-2,1,3,1,-1,-3,-1,2,2,5,2,2,-2,-2,-5,-2,-2
0,1,32729,32732,98187,98188,98189,98192,98193,98194,196375,196376,196377,196378,196379,196382,196383,196384,196385,196386,1,-1,2,-2,1,3,1,-1,-3,-1,2,2,5,2,2,-2,-2,-5,-2,-2
0,1,32731,32734,98193,98194,98195,98198,98199,98200,196387,196388,196389,196390,196391,196394,196395,196396,196397,196398,1,-1,2,-2,1,3,1,-1,-3,-1,2,2,5,2,2,-2,-2,-5,-2,-2
0,1,32733,32736,98199,98200,98201,98204,98205,98206,196399,196400,196401,196402,196403,196406,196407,196408,196409,196410,1,-1,2,-2,1,3,1,-1,-3,-1,2,2,5,2,2,-2,-2,-5,-2,-2
0,1,32735,32738,98205,98206,98207,98210,98211,98212,196411,196412,196413,196414,196415,196418,196419,196420,196421,196422,1,-1,2,-2,1,3,1,-1,-3,-1,2,2,5,2,2,-2,-2,-5,-2,-2
0,1,32737,32740,98211,98212,98213,98216,98217,98218,196423,196424,196425,196426,196427,196430,196431,196432,196433,196434,1,-1,2,-2,1,3,1,-1,-3,-1,2,2,5,2,2,-2,-2,-5,-2,-2
0,1,32739,32742,98217,98218,98219,98222,98223,98224,196435,196436,196437,196438,196439,196442,196443,196444,196445,196446,1,-1,2,-2,1,3,1,-1,-3,-1,2,2,5,2,2,-2,-2,-5,-2,-2
0,1,32741,32744,98223,98224,98225,98228,98229,98230,196447,196448,196449,196450,196451,196454,196455,196456,196457,196458,1,-1,2,-2,1,3,1,-1,-3,-1,2,2,5,2,2,-2,-2,-5,-2,-2
0,1,32743,32746,98229,98230,98231,98234,98235,98236,196459,196460,196461,196462,196463,196466,196467,196468,196469,196470,1,-1,2,-2,1,3,1,-1,-3,-1,2,2,5,2,2,-2,-2,-5,-2,-2
0,1,32745,32748,98235,98236,98237,98240,98241,98242,196471,196472,196473,196474,196475,196478,196479,196480,196481,196482,1,-1,2,-2,1,3,1,-1,-3,-1,2,2,5,2,2,-2,-2,-5,-2,-2
0,1,32747,32750,98241,98242,98243,98246,98247,98248,196483,196484,196485,196486,196487,196490,196491,196492,196493,196494,1,-1,2,-2,1,3,1,-1,-3,-1,2,2,5,2,2,-2,-2,-5,-2,-2
0,1,32749,32752,98247,98248,98249,98252,98253,98254,196495,196496,196497,196498,196499,196502,196503,196504,196505,196506,1,-1,2,-2,1,3,1,-1,-3,-1,2,2,5,2,2,-2,-2,-5,-2,-2
0,1,32751,32754,98253,98254,98255,98258,98259,98260,196507,196508,196509,196510,196511,196514,196515,196516,196517,196518,1,-1,2,-2,1,3,1,-1,-3,-1,2,2,5,2,2,-2,-2,-5,-2,-2
0,1,32753,32756,98259,98260,98261,98264,98265,98266,196519,196520,196521,196522,196523,196526,196527,196528,196529,196530,1,-1,2,-2,1,3,1,-1,-3,-1,2,2,5,2,2,-2,-2,-5,-2,-2
0,1,32755,32758,98265,98266,98267,98270,98271,98272,196531,196532,196533,196534,196535,196538,196539,196540,196541,196542,1,-1,2,-2,1,3,1,-1,-3,-1,2,2,5,2,2,-2,-2,-5,-2,-2
0,1,32757,32760,98271,98272,98273,98276,98277,98278,196543,196544,196545,196546,196547,196550,196551,196552,196553,196554,1,-1,2,-2,1,3,1,-1,-3,-1,2,2,5,2,2,-2,-2,-5,-2,-2
0,1,32759,32762,98277,98278,98279,98282,98283,98284,196555,196556,196557,196558,196559,196562,196563,196564,196565,196566,1,-1,2,-2,1,3,1,-1,-3,-1,2,2,5,2,2,-2,-2,-5,-2,-2
0,1,32761,32764,98283,98284,98285,98288,98289,98290,196567,196568,196569,196570,196571,196574,196575,196576,196577,196578,1,-1,2,-2,1,3,1,-1,-3,-1,2,2,5,2,2,-2,-2,-5,-2,-2
0,1,32763,32766,98289,98290,98291,98294,98295,98296,196579,196580,196581,196582,196583,196586,196587,196588,196589,196590,1,-1,2,-2,1,3,1,-1,-3,-1,2,2,5,2,2,-2,-2,-5,-2,-2
0,1,32765,32768,98295,98296,98297,98300,98301,98302,196591,196592,196593,196594,196595,196598,196599,196600,196601,196602,1,-1,2,-2,1,3,1,-1,-3,-1,2,2,5,2,2,-2,-2,-5,-2,-2
0,1,32767,32770,98301,98302,98303,98306,98307,98308,196603,196604,196605,196606,196607,196610,196611,196612,196613,196614,1,-1,2,-2,1,3,1,-1,-3,-1,2,2,5,2,2,-2,-2,-5,-2,-2
0,1,32769,32772,98307,98308,98309,98312,98313,98314,196615,196616,196617,196618,196619,196622,196623,196624,196625,196626,1,-1,2,-2,1,3,1,-1,-3,-1,2,2,5,2,2,-2,-2,-5,-2,-2
0,1,32771,32774,98313,98314,98315,98318,98319,98320,196627,196628,196629,196630,196631,196634,196635,196636,196637,196638,1,-1,2,-2,1,3,1,-1,-3,-1,2,2,5,2,2,-2,-2,-5,-2,-2
0,1,32773,32776,98319,98320,98321,98324,98325,98326,196639,196640,196641,196642,196643,196646,196647,196648,196649,196650,1,-1,2,-2,1,3,1,-1,-3,-1,2,2,5,2,2,-2,-2,-5,-2,-2
0,1,32775,32778,98325,98326,98327,98330,98331,98332,196651,196652,196653,196654,196655,196658,196659,196660,196661,196662,1,-1,2,-2,1,3,1,-1,-3,-1,2,2,5,2,2,-2,-2,-5,-2,-2
0,1,32777,32780,98331,98332,98333,98336,98337,98338,196663,196664,196665,196666,196667,196670,196671,196672,196673,196674,1,-1,2,-2,1,3,1,-1,-3,-1,2,2,5,2,2,-2,-2,-5,-2,-2
0,1,32779,32782,98337,98338,98339,98342,98343,98344,196675,196676,196677,196678,196679,196682,196683,196684,196685,196686,1,-1,2,-2,1,3,1,-1,-3,-1,2,2,5,2,2,-2,-2,-5,-2,-2
0,1,32781,32784,98343,98344,98345,98348,98349,98350,196687,196688,196689,196690,196691,196694,196695,196696,196697,196698,1,-1,2,-2,1,3,1,-1,-3,-1,2,2,5,2,2,-2,-2,-5,-2,-2
0,1,32783,32786,98349,98350,98351,98354,98355,98356,196699,196700,196701,196702,196703,196706,196707,196708,196709,196710,1,-1,2,-2,1,3,1,-1,-3,-1,2,2,5,2,2,-2,-2,-5,-2,-2
0,1,32785,32788,98355,98356,98357,98360,98361,98362,196711,196712,196713,196714,196715,196718,196719,196720,196721,196722,1,-1,2,-2,1,3,1,-1,-3,-1,2,2,5,2,2,-2,-2,-5,-2,-2
0,1,32787,32790,98361,98362,98363,98366,98367,98368,196723,196724,196725,196726,196727,196730,196731,196732,196733,196734,1,-1,2,-2,1,3,1,-1,-3,-1,2,2,5,2,2,-2,-2,-5,-2,-2
0,1,32789,32792,98367,98368,98369,98372,98373,98374,196735,196736,196737,196738,196739,196742,196743,196744,196745,196746,1,-1,2,-2,1,3,1,-1,-3,-1,2,2,5,2,2,-2,-2,-5,-2,-2
0,1,32791,32794,98373,98374,98375,98378,98379,98380,196747,196748,196749,196750,196751,196754,196755,196756,196757,196758,1,-1,2,-2,1,3,1,-1,-3,-1,2,2,5,2,2,-2,-2,-5,-2,-2
0,1,32793,32796,98379,98380,98381,98384,98385,98386,196759,196760,196761,196762,196763,196766,196767,196768,196769,196770,1,-1,2,-2,1,3,1,-1,-3,-1,2,2,5,2,2,-2,-2,-5,-2,-2
0,1,32795,32798,98385,98386,98387,98390,98391,98392,196771,196772,196773,196774,196775,196778,196779,196780,196781,196782,1,-1,2,-2,1,3,1,-1,-3,-1,2,2,5,2,2,-2,-2,-5,-2,-2
0,1,32797,32800,98391,98392,98393,98396,98397,98398,196783,196784,196785,196786,196787,196790,196791,196792,196793,196794,1,-1,2,-2,1,3,1,-1,-3,-1,2,2,5,2,2,-2,-2,-5,-2,-2
0,1,32799,32802,98397,98398,98399,98402,98403,98404,196795,196796,196797,196798,196799,196802,196803,196804,196805,196806,1,-1,2,-2,1,3,1,-1,-3,-1,2,2,5,2,2,-2,-2,-5,-2,-2
0,1,32801,32804,98403,98404,98405,98408,98409,98410,196807,196808,196809,196810,196811,196814,196815,196816,196817,196818,1,-1,2,-2,1,3,1,-1,-3,-1,2,2,5,2,2,-2,-2,-5,-2,-2
0,1,32803,32806,98409,98410,98411,98414,98415,98416,196819,196820,196821,196822,196823,196826,196827,196828,196829,196830,1,-1,2,-2,1,3,1,-1,-3,-1,2,2,5,2,2,-2,-2,-5,-2,-2
0,1,32805,32808,98415,98416,98417,98420,98421,98422,196831,196832,196833,196834,196835,196838,196839,196840,196841,196842,1,-1,2,-2,1,3,1,-1,-3,-1,2,2,5,2,2,-2,-2,-5,-2,-2
0,1,32807,32810,98421,98422,98423,98426,98427,98428,196843,196844,196845,196846,196847,196850,196851,196852,196853,196854,1,-1,2,-2,1,3,1,-1,-3,-1,2,2,5,2,2,-2,-2,-5,-2,-2
0,1,32809,32812,98427,98428,98429,98432,98433,98434,196855,196856,196857,196858,196859,196862,196863,196864,196865,196866,1,-1,2,-2,1,3,1,-1,-3,-1,2,2,5,2,2,-2,-2,-5,-2,-2
0,1,32811,32814,98433,98434,98435,98438,98439,98440,196867,196868,196869,196870,196871,196874,196875,196876,196877,196878,1,-1,2,-2,1,3,1,-1,-3,-1,2,2,5,2,2,-2,-2,-5,-2,-2
0,1,32813,32816,98439,98440,98441,98444,98445,98446,196879,196880,196881,196882,196883,196886,196887,196888,196889,196890,1,-1,2,-2,1,3,1,-1,-3,-1,2,2,5,2,2,-2,-2,-5,-2,-2
0,1,32815,32818,98445,98446,98447,98450,98451,98452,196891,196892,196893,196894,196895,196898,196899,196900,196901,196902,1,-1,2,-2,1,3,1,-1,-3,-1,2,2,5,2,2,-2,-2,-5,-2,-2
0,1,32817,32820,98451,98452,98453,98456,98457,98458,196903,196904,196905,196906,196907,196910,196911,196912,196913,196914,1,-1,2,-2,1,3,1,-1,-3,-1,2,2,5,2,2,-2,-2,-5,-2,-2
0,1,32819,32822,98457,98458,98459,98462,98463,98464,196915,196916,196917,196918,196919,196922,196923,196924,196925,196926,1,-1,2,-2,1,3,1,-1,-3,-1,2,2,5,2,2,-2,-2,-5,-2,-2
0,1,32821,32824,98463,98464,98465,98468,98469,98470,196927,196928,196929,196930,196931,196934,196935,196936,196937,196938,1,-1,2,-2,1,3,1,-1,-3,-1,2,2,5,2,2,-2,-2,-5,-2,-2
0,1,32823,32826,98469,98470,98471,98474,98475,98476,196939,196940,196941,196942,196943,196946,196947,196948,196949,196950,1,-1,2,-2,1,3,1,-1,-3,-1,2,2,5,2,2,-2,-2,-5,-2,-2
0,1,32825,32828,98475,98476,98477,98480,98481,98482,196951,196952,196953,196954,196955,196958,196959,196960,196961,196962,1,-1,2,-2,1,3,1,-1,-3,-1,2,2,5,2,2,-2,-2,-5,-2,-2
0,1,32827,32830,98481,98482,98483,98486,98487,98488,196963,196964,196965,196966,196967,196970,196971,196972,196973,196974,1,-1,2,-2,1,3,1,-1,-3,-1,2,2,5,2,2,-2,-2,-5,-2,-2
0,1,32829,32832,98487,98488,98489,98492,98493,98494,196975,196976,196977,196978,196979,196982,196983,196984,196985,196986,1,-1,2,-2,1,3,1,-1,-3,-1,2,2,5,2,2,-2,-2,-5,-2,-2
0,1,32831,32834,98493,98494,98495,98498,98499,98500,196987,196988,196989,196990,196991,196994,196995,196996,196997,196998,1,-1,2,-2,1,3,1,-1,-3,-1,2,2,5,2,2,-2,-2,-5,-2,-2
0,1,32833,32836,98499,98500,98501,98504,98505,98506,196999,197000,197001,197002,197003,197006,197007,197008,197009,197010,1,-1,2,-2,1,3,1,-1,-3,-1,2,2,5,2,2,-2,-2,-5,-2,-2
0,1,32835,32838,98505,98506,98507,98510,98511,98512,197011,197012,197013,197014,197015,197018,197019,197020,197021,197022,1,-1,2,-2,1,3,1,-1,-3,-1,2,2,5,2,2,-2,-2,-5,-2,-2
0,1,32837,32840,98511,98512,98513,98516,98517,98518,197023,197024,197025,197026,197027,197030,197031,197032,197033,197034,1,-1,2,-2,1,3,1,-1,-3,-1,2,2,5,2,2,-2,-2,-5,-2,-2
0,1,32839,32842,98517,98518,98519,98522,98523,98524,197035,197036,197037,197038,197039,197042,197043,197044,197045,197046,1,-1,2,-2,1,3,1,-1,-3,-1,2,2,5,2,2,-2,-2,-5,-2,-2
0,1,32841,32844,98523,98524,98525,98528,98529,98530,197047,197048,197049,197050,197051,197054,197055,197056,197057,197058,1,-1,2,-2,1,3,1,-1,-3,-1,2,2,5,2,2,-2,-2,-5,-2,-2
0,1,32843,32846,98529,98530,98531,98534,98535,98536,197059,197060,197061,197062,197063,197066,197067,197068,197069,197070,1,-1,2,-2,1,3,1,-1,-3,-1,2,2,5,2,2,-2,-2,-5,-2,-2
0,1,32845,32848,98535,98536,98537,98540,98541,98542,197071,197072,197073,197074,197075,197078,197079,197080,197081,197082,1,-1,2,-2,1,3,1,-1,-3,-1,2,2,5,2,2,-2,-2,-5,-2,-2
0,1,32847,32850,98541,98542,98543,98546,98547,98548,197083,197084,197085,197086,197087,197090,197091,197092,197093,197094,1,-1,2,-2,1,3,1,-1,-3,-1,2,2,5,2,2,-2,-2,-5,-2,-2
0,1,32849,32852,98547,98548,98549,98552,98553,98554,197095,197096,197097,197098,197099,197102,197103,197104,197105,197106,1,-1,2,-2,1,3,1,-1,-3,-1,2,2,5,2,2,-2,-2,-5,-2,-2
0,1,32851,32854,98553,98554,98555,98558,98559,98560,197107,197108,197109,197110,197111,197114,197115,197116,197117,197118,1,-1,2,-2,1,3,1,-1,-3,-1,2,2,5,2,2,-2,-2,-5,-2,-2
0,1,32853,32856,98559,98560,98561,98564,98565,98566,197119,197120,197121,197122,197123,197126,197127,197128,197129,197130,1,-1,2,-2,1,3,1,-1,-3,-1,2,2,5,2,2,-2,-2,-5,-2,-2
0,1,32855,32858,98565,98566,98567,98570,98571,98572,197131,197132,197133,197134,197135,197138,197139,197140,197141,197142,1,-1,2,-2,1,3,1,-1,-3,-1,2,2,5,2,2,-2,-2,-5,-2,-2
0,1,32857,32860,98571,98572,98573,98576,98577,98578,197143,197144,197145,197146,197147,197150,197151,197152,197153,197154,1,-1,2,-2,1,3,1,-1,-3,-1,2,2,5,2,2,-2,-2,-5,-2,-2
0,1,32859,32862,98577,98578,98579,98582,98583,98584,197155,197156,197157,197158,197159,197162,197163,197164,197165,197166,1,-1,2,-2,1,3,1,-1,-3,-1,2,2,5,2,2,-2,-2,-5,-2,-2
0,1,32861,32864,98583,98584,98585,98588,98589,98590,197167,197168,197169,197170,197171,197174,197175,197176,197177,197178,1,-1,2,-2,1,3,1,-1,-3,-1,2,2,5,2,2,-2,-2,-5,-2,-2
0,1,32863,32866,98589,98590,98591,98594,98595,98596,197179,197180,197181,197182,197183,197186,197187,197188,197189,197190,1,-1,2,-2,1,3,1,-1,-3,-1,2,2,5,2,2,-2,-2,-5,-2,-2
0,1,32865,32868,98595,98596,98597,98600,98601,98602,197191,197192,197193,197194,197195,197198,197199,197200,197201,197202,1,-1,2,-2,1,3,1,-1,-3,-1,2,2,5,2,2,-2,-2,-5,-2,-2
0,1,32867,32870,98601,98602,98603,98606,98607,98608,197203,197204,197205,197206,197207,197210,197211,197212,197213,197214,1,-1,2,-2,1,3,1,-1,-3,-1,2,2,5,2,2,-2,-2,-5,-2,-2
0,1,32869,32872,98607,98608,98609,98612,98613,98614,197215,197216,197217,197218,197219,197222,197223,197224,197225,197226,1,-1,2,-2,1,3,1,-1,-3,-1,2,2,5,2,2,-2,-2,-5,-2,-2
0,1,32871,32874,98613,98614,98615,98618,98619,98620,197227,197228,197229,197230,197231,197234,197235,197236,197237,197238,1,-1,2,-2,1,3,1,-1,-3,-1,2,2,5,2,2,-2,-2,-5,-2,-2
0,1,32873,32876,98619,98620,98621,98624,98625,98626,197239,197240,197241,197242,197243,197246,197247,197248,197249,197250,1,-1,2,-2,1,3,1,-1,-3,-1,2,2,5,2,2,-2,-2,-5,-2,-2
0,1,32875,32878,98625,98626,98627,98630,98631,98632,197251,197252,197253,197254,197255,197258,197259,197260,197261,197262,1,-1,2,-2,1,3,1,-1,-3,-1,2,2,5,2,2,-2,-2,-5,-2,-2
0,1,32877,32880,98631,98632,98633,98636,98637,98638,197263,197264,197265,197266,197267,197270,197271,197272,197273,197274,1,-1,2,-2,1,3,1,-1,-3,-1,2,2,5,2,2,-2,-2,-5,-2,-2
0,1,32879,32882,98637,98638,98639,98642,98643,98644,197275,197276,197277,197278,197279,197282,197283,197284,197285,197286,1,-1,2,-2,1,3,1,-1,-3,-1,2,2,5,2,2,-2,-2,-5,-2,-2
0,1,32881,32884,98643,98644,98645,98648,98649,98650,197287,197288,197289,197290,197291,197294,197295,197296,197297,197298,1,-1,2,-2,1,3,1,-1,-3,-1,2,2,5,2,2,-2,-2,-5,-2,-2
0,1,32883,32886,98649,98650,98651,98654,98655,98656,197299,197300,197301,197302,197303,197306,197307,197308,197309,197310,1,-1,2,-2,1,3,1,-1,-3,-1,2,2,5,2,2,-2,-2,-5,-2,-2
0,1,32885,32888,98655,98656,98657,98660,98661,98662,197311,197312,197313,197314,197315,197318,197319,197320,197321,197322,1,-1,2,-2,1,3,1,-1,-3,-1,2,2,5,2,2,-2,-2,-5,-2,-2
0,1,32887,32890,98661,98662,98663,98666,98667,98668,197323,197324,197325,197326,197327,197330,197331,197332,197333,197334,1,-1,2,-2,1,3,1,-1,-3,-1,2,2,5,2,2,-2,-2,-5,-2,-2
0,1,32889,32892,98667,98668,98669,98672,98673,98674,197335,197336,197337,197338,197339,197342,197343,197344,197345,197346,1,-1,2,-2,1,3,1,-1,-3,-1,2,2,5,2,2,-2,-2,-5,-2,-2
0,1,32891,32894,98673,98674,98675,98678,98679,98680,197347,197348,197349,197350,197351,197354,197355,197356,197357,197358,1,-1,2,-2,1,3,1,-1,-3,-1,2,2,5,2,2,-2,-2,-5,-2,-2
0,1,32893,32896,98679,98680,98681,98684,98685,98686,197359,197360,197361,197362,197363,197366,197367,197368,197369,197370,1,-1,2,-2,1,3,1,-1,-3,-1,2,2,5,2,2,-2,-2,-5,-2,-2
0,1,32895,32898,98685,98686,98687,98690,98691,98692,197371,197372,197373,197374,197375,197378,197379,197380,197381,197382,1,-1,2,-2,1,3,1,-1,-3,-1,2,2,5,2,2,-2,-2,-5,-2,-2
0,1,32897,32900,98691,98692,98693,98696,98697,98698,197383,197384,197385,197386,197387,197390,197391,197392,197393,197394,1,-1,2,-2,1,3,1,-1,-3,-1,2,2,5,2,2,-2,-2,-5,-2,-2
0,1,32899,32902,98697,98698,98699,98702,98703,98704,197395,197396,197397,197398,197399,197402,197403,197404,197405,197406,1,-1,2,-2,1,3,1,-1,-3,-1,2,2,5,2,2,-2,-2,-5,-2,-2
0,1,32901,32904,98703,98704,98705,98708,98709,98710,197407,197408,197409,197410,197411,197414,197415,197416,197417,197418,1,-1,2,-2,1,3,1,-1,-3,-1,2,2,5,2,2,-2,-2,-5,-2,-2
0,1,32903,32906,98709,98710,98711,98714,98715,98716,197419,197420,197421,197422,197423,197426,197427,197428,197429,197430,1,-1,2,-2,1,3,1,-1,-3,-1,2,2,5,2,2,-2,-2,-5,-2,-2
0,1,32905,32908,98715,98716,98717,98720,98721,98722,197431,197432,197433,197434,197435,197438,197439,197440,197441,197442,1,-1,2,-2,1,3,1,-1,-3,-1,2,2,5,2,2,-2,-2,-5,-2,-2
0,1,32907,32910,98721,98722,98723,98726,98727,98728,197443,197444,197445,197446,197447,197450,197451,197452,197453,197454,1,-1,2,-2,1,3,1,-1,-3,-1,2,2,5,2,2,-2,-2,-5,-2,-2
0,1,32909,32912,98727,98728,98729,98732,98733,98734,197455,197456,197457,197458,197459,197462,197463,197464,197465,197466,1,-1,2,-2,1,3,1,-1,-3,-1,2,2,5,2,2,-2,-2,-5,-2,-2
0,1,32911,32914,98733,98734,98735,98738,98739,98740,197467,197468,197469,197470,197471,197474,197475,197476,197477,197478,1,-1,2,-2,1,3,1,-1,-3,-1,2,2,5,2,2,-2,-2,-5,-2,-2
0,1,32913,32916,98739,98740,98741,98744,98745,98746,197479,197480,197481,197482,197483,197486,197487,197488,197489,197490,1,-1,2,-2,1,3,1,-1,-3,-1,2,2,5,2,2,-2,-2,-5,-2,-2
0,1,32915,32918,98745,98746,98747,98750,98751,98752,197491,197492,197493,197494,197495,197498,197499,197500,197501,197502,1,-1,2,-2,1,3,1,-1,-3,-1,2,2,5,2,2,-2,-2,-5,-2,-2
0,1,32917,32920,98751,98752,98753,98756,98757,98758,197503,197504,197505,197506,197507,197510,197511,197512,197513,197514,1,-1,2,-2,1,3,1,-1,-3,-1,2,2,5,2,2,-2,-2,-5,-2,-2
0,1,32919,32922,98757,98758,98759,98762,98763,98764,197515,197516,197517,197518,197519,197522,197523,197524,197525,197526,1,-1,2,-2,1,3,1,-1,-3,-1,2,2,5,2,2,-2,-2,-5,-2,-2
0,1,32921,32924,98763,98764,98765,98768,98769,98770,197527,197528,197529,197530,197531,197534,197535,197536,197537,197538,1,-1,2,-2,1,3,1,-1,-3,-1,2,2,5,2,2,-2,-2,-5,-2,-2
0,1,32923,32926,98769,98770,98771,98774,98775,98776,197539,197540,197541,197542,197543,197546,197547,197548,197549,197550,1,-1,2,-2,1,3,1,-1,-3,-1,2,2,5,2,2,-2,-2,-5,-2,-2
0,1,32925,32928,98775,98776,98777,98780,98781,98782,197551,197552,197553,197554,197555,197558,197559,197560,197561,197562,1,-1,2,-2,1,3,1,-1,-3,-1,2,2,5,2,2,-2,-2,-5,-2,-2
0,1,32927,32930,98781,98782,98783,98786,98787,98788,197563,197564,197565,197566,197567,197570,197571,197572,197573,197574,1,-1,2,-2,1,3,1,-1,-3,-1,2,2,5,2,2,-2,-2,-5,-2,-2
0,1,32929,32932,98787,98788,98789,98792,98793,98794,197575,197576,197577,197578,197579,197582,197583,197584,197585,197586,1,-1,2,-2,1,3,1,-1,-3,-1,2,2,5,2,2,-2,-2,-5,-2,-2
0,1,32931,32934,98793,98794,98795,98798,98799,98800,197587,197588,197589,197590,197591,197594,197595,197596,197597,197598,1,-1,2,-2,1,3,1,-1,-3,-1,2,2,5,2,2,-2,-2,-5,-2,-2
0,1,32933,32936,98799,98800,98801,98804,98805,98806,197599,197600,197601,197602,197603,197606,197607,197608,197609,197610,1,-1,2,-2,1,3,1,-1,-3,-1,2,2,5,2,2,-2,-2,-5,-2,-2
0,1,32935,32938,98805,98806,98807,98810,98811,98812,197611,197612,197613,197614,197615,197618,197619,197620,197621,197622,1,-1,2,-2,1,3,1,-1,-3,-1,2,2,5,2,2,-2,-2,-5,-2,-2
0,1,32937,32940,98811,98812,98813,98816,98817,98818,197623,197624,197625,197626,197627,197630,197631,197632,197633,197634,1,-1,2,-2,1,3,1,-1,-3,-1,2,2,5,2,2,-2,-2,-5,-2,-2
0,1,32939,32942,98817,98818,98819,98822,98823,98824,197635,197636,197637,197638,197639,197642,197643,197644,197645,197646,1,-1,2,-2,1,3,1,-1,-3,-1,2,2,5,2,2,-2,-2,-5,-2,-2
0,1,32941,32944,98823,98824,98825,98828,98829,98830,197647,197648,197649,197650,197651,197654,197655,197656,197657,197658,1,-1,2,-2,1,3,1,-1,-3,-1,2,2,5,2,2,-2,-2,-5,-2,-2
0,1,32943,32946,98829,98830,98831,98834,98835,98836,197659,197660,197661,197662,197663,197666,197667,197668,197669,197670,1,-1,2,-2,1,3,1,-1,-3,-1,2,2,5,2,2,-2,-2,-5,-2,-2
0,1,32945,32948,98835,98836,98837,98840,98841,98842,197671,197672,197673,197674,197675,197678,197679,197680,197681,197682,1,-1,2,-2,1,3,1,-1,-3,-1,2,2,5,2,2,-2,-2,-5,-2,-2
0,1,32947,32950,98841,98842,98843,98846,98847,98848,197683,197684,197685,197686,197687,197690,197691,197692,197693,197694,1,-1,2,-2,1,3,1,-1,-3,-1,2,2,5,2,2,-2,-2,-5,-2,-2
0,1,32949,32952,98847,98848,98849,98852,98853,98854,197695,197696,197697,197698,197699,197702,197703,197704,197705,197706,1,-1,2,-2,1,3,1,-1,-3,-1,2,2,5,2,2,-2,-2,-5,-2,-2
0,1,32951,32954,98853,98854,98855,98858,98859,98860,197707,197708,197709,197710,197711,197714,197715,197716,197717,197718,1,-1,2,-2,1,3,1,-1,-3,-1,2,2,5,2,2,-2,-2,-5,-2,-2
0,1,32953,32956,98859,98860,98861,98864,98865,98866,197719,197720,197721,197722,197723,197726,197727,197728,197729,197730,1,-1,2,-2,1,3,1,-1,-3,-1,2,2,5,2,2,-2,-2,-5,-2,-2
0,1,32955,32958,98865,98866,98867,98870,98871,98872,197731,197732,197733,197734,197735,197738,197739,197740,197741,197742,1,-1,2,-2,1,3,1,-1,-3,-1,2,2,5,2,2,-2,-2,-5,-2,-2
0,1,32957,32960,98871,98872,98873,98876,98877,98878,197743,197744,197745,197746,197747,197750,197751,197752,197753,197754,1,-1,2,-2,1,3,1,-1,-3,-1,2,2,5,2,2,-2,-2,-5,-2,-2
0,1,32959,32962,98877,98878,98879,98882,98883,98884,197755,197756,197757,197758,197759,197762,197763,197764,197765,197766,1,-1,2,-2,1,3,1,-1,-3,-1,2,2,5,2,2,-2,-2,-5,-2,-2
0,1,32961,32964,98883,98884,98885,98888,98889,98890,197767,197768,197769,197770,197771,197774,197775,197776,197777,197778,1,-1,2,-2,1,3,1,-1,-3,-1,2,2,5,2,2,-2,-2,-5,-2,-2
0,1,32963,32966,98889,98890,98891,98894,98895,98896,197779,197780,197781,197782,197783,197786,197787,197788,197789,197790,1,-1,2,-2,1,3,1,-1,-3,-1,2,2,5,2,2,-2,-2,-5,-2,-2
0,1,32965,32968,98895,98896,98897,98900,98901,98902,197791,197792,197793,197794,197795,197798,197799,197800,197801,197802,1,-1,2,-2,1,3,1,-1,-3,-1,2,2,5,2,2,-2,-2,-5,-2,-2
0,1,32967,32970,98901,98902,98903,98906,98907,98908,197803,197804,197805,197806,197807,197810,197811,197812,197813,197814,1,-1,2,-2,1,3,1,-1,-3,-1,2,2,5,2,2,-2,-2,-5,-2,-2
0,1,32969,32972,98907,98908,98909,98912,98913,98914,197815,197816,197817,197818,197819,197822,197823,197824,197825,197826,1,-1,2,-2,1,3,1,-1,-3,-1,2,2,5,2,2,-2,-2,-5,-2,-2
0,1,32971,32974,98913,98914,98915,98918,98919,98920,197827,197828,197829,197830,197831,197834,197835,197836,197837,197838,1,-1,2,-2,1,3,1,-1,-3,-1,2,2,5,2,2,-2,-2,-5,-2,-2
0,1,32973,32976,98919,98920,98921,98924,98925,98926,197839,197840,197841,197842,197843,197846,197847,197848,197849,197850,1,-1,2,-2,1,3,1,-1,-3,-1,2,2,5,2,2,-2,-2,-5,-2,-2
0,1,32975,32978,98925,98926,98927,98930,98931,98932,197851,197852,197853,197854,197855,197858,197859,197860,197861,197862,1,-1,2,-2,1,3,1,-1,-3,-1,2,2,5,2,2,-2,-2,-5,-2,-2
0,1,32977,32980,98931,98932,98933,98936,98937,98938,197863,197864,197865,197866,197867,197870,197871,197872,197873,197874,1,-1,2,-2,1,3,1,-1,-3,-1,2,2,5,2,2,-2,-2,-5,-2,-2
0,1,32979,32982,98937,98938,98939,98942,98943,98944,197875,197876,197877,197878,197879,197882,197883,197884,197885,197886,1,-1,2,-2,1,3,1,-1,-3,-1,2,2,5,2,2,-2,-2,-5,-2,-2
0,1,32981,32984,98943,98944,98945,98948,98949,98950,197887,197888,197889,197890,197891,197894,197895,197896,197897,197898,1,-1,2,-2,1,3,1,-1,-3,-1,2,2,5,2,2,-2,-2,-5,-2,-2
0,1,32983,32986,98949,98950,98951,98954,98955,98956,197899,197900,197901,197902,197903,197906,197907,197908,197909,197910,1,-1,2,-2,1,3,1,-1,-3,-1,2,2,5,2,2,-2,-2,-5,-2,-2
0,1,32985,32988,98955,98956,98957,98960,98961,98962,197911,197912,197913,197914,197915,197918,197919,197920,197921,197922,1,-1,2,-2,1,3,1,-1,-3,-1,2,2,5,2,2,-2,-2,-5,-2,-2
0,1,32987,32990,98961,98962,98963,98966,98967,98968,197923,197924,197925,197926,197927,197930,197931,197932,197933,197934,1,-1,2,-2,1,3,1,-1,-3,-1,2,2,5,2,2,-2,-2,-5,-2,-2
0,1,32989,32992,98967,98968,98969,98972,98973,98974,197935,197936,197937,197938,197939,197942,197943,197944,197945,197946,1,-1,2,-2,1,3,1,-1,-3,-1,2,2,5,2,2,-2,-2,-5,-2,-2
0,1,32991,32994,98973,98974,98975,98978,98979,98980,197947,197948,197949,197950,197951,197954,197955,197956,197957,197958,1,-1,2,-2,1,3,1,-1,-3,-1,2,2,5,2,2,-2,-2,-5,-2,-2
0,1,32993,32996,98979,98980,98981,98984,98985,98986,197959,197960,197961,197962,197963,197966,197967,197968,197969,197970,1,-1,2,-2,1,3,1,-1,-3,-1,2,2,5,2,2,-2,-2,-5,-2,-2
0,1,32995,32998,98985,98986,98987,98990,98991,98992,197971,197972,197973,197974,197975,197978,197979,197980,197981,197982,1,-1,2,-2,1,3,1,-1,-3,-1,2,2,5,2,2,-2,-2,-5,-2,-2
0,1,32997,33000,98991,98992,98993,98996,98997,98998,197983,197984,197985,197986,197987,197990,197991,197992,197993,197994,1,-1,2,-2,1,3,1,-1,-3,-1,2,2,5,2,2,-2,-2,-5,-2,-2
0,1,32999,33002,98997,98998,98999,99002,99003,99004,197995,197996,197997,197998,197999,198002,198003,198004,198005,198006,1,-1,2,-2,1,3,1,-1,-3,-1,2,2,5,2,2,-2,-2,-5,-2,-2
0,1,33001,33004,99003,99004,99005,99008,99009,99010,198007,198008,198009,198010,198011,198014,198015,198016,198017,198018,1,-1,2,-2,1,3,1,-1,-3,-1,2,2,5,2,2,-2,-2,-5,-2,-2
0,1,33003,33006,99009,99010,99011,99014,99015,99016,198019,198020,198021,198022,198023,198026,198027,198028,198029,198030,1,-1,2,-2,1,3,1,-1,-3,-1,2,2,5,2,2,-2,-2,-5,-2,-2
0,1,33005,33008,99015,99016,99017,99020,99021,99022,198031,198032,198033,198034,198035,198038,198039,198040,198041,198042,1,-1,2,-2,1,3,1,-1,-3,-1,2,2,5,2,2,-2,-2,-5,-2,-2
0,1,33007,33010,99021,99022,99023,99026,99027,99028,198043,198044,198045,198046,198047,198050,198051,198052,198053,198054,1,-1,2,-2,1,3,1,-1,-3,-1,2,2,5,2,2,-2,-2,-5,-2,-2
0,1,33009,33012,99027,99028,99029,99032,99033,99034,198055,198056,198057,198058,198059,198062,198063,198064,198065,198066,1,-1,2,-2,1,3,1,-1,-3,-1,2,2,5,2,2,-2,-2,-5,-2,-2
0,1,33011,33014,99033,99034,99035,99038,99039,99040,198067,198068,198069,198070,198071,198074,198075,198076,198077,198078,1,-1,2,-2,1,3,1,-1,-3,-1,2,2,5,2,2,-2,-2,-5,-2,-2
0,1,33013,33016,99039,99040,99041,99044,99045,99046,198079,198080,198081,198082,198083,198086,198087,198088,198089,198090,1,-1,2,-2,1,3,1,-1,-3,-1,2,2,5,2,2,-2,-2,-5,-2,-2
0,1,33015,33018,99045,99046,99047,99050,99051,99052,198091,198092,198093,198094,198095,198098,198099,198100,198101,198102,1,-1,2,-2,1,3,1,-1,-3,-1,2,2,5,2,2,-2,-2,-5,-2,-2
0,1,33017,33020,99051,99052,99053,99056,99057,99058,198103,198104,198105,198106,198107,198110,198111,198112,198113,198114,1,-1,2,-2,1,3,1,-1,-3,-1,2,2,5,2,2,-2,-2,-5,-2,-2
0,1,33019,33022,99057,99058,99059,99062,99063,99064,198115,198116,198117,198118,198119,198122,198123,198124,198125,198126,1,-1,2,-2,1,3,1,-1,-3,-1,2,2,5,2,2,-2,-2,-5,-2,-2
0,1,33021,33024,99063,99064,99065,99068,99069,99070,198127,198128,198129,198130,198131,198134,198135,198136,198137,198138,1,-1,2,-2,1,3,1,-1,-3,-1,2,2,5,2,2,-2,-2,-5,-2,-2
0,1,33023,33026,99069,99070,99071,99074,99075,99076,198139,198140,198141,198142,198143,198146,198147,198148,198149,198150,1,-1,2,-2,1,3,1,-1,-3,-1,2,2,5,2,2,-2,-2,-5,-2,-2
0,1,33025,33028,99075,99076,99077,99080,99081,99082,198151,198152,198153,198154,198155,198158,198159,198160,198161,198162,1,-1,2,-2,1,3,1,-1,-3,-1,2,2,5,2,2,-2,-2,-5,-2,-2
0,1,33027,33030,99081,99082,99083,99086,99087,99088,198163,198164,198165,198166,198167,198170,198171,198172,198173,198174,1,-1,2,-2,1,3,1,-1,-3,-1,2,2,5,2,2,-2,-2,-5,-2,-2
0,1,33029,33032,99087,99088,99089,99092,99093,99094,198175,198176,198177,198178,198179,198182,198183,198184,198185,198186,1,-1,2,-2,1,3,1,-1,-3,-1,2,2,5,2,2,-2,-2,-5,-2,-2
0,1,33031,33034,99093,99094,99095,99098,99099,99100,198187,198188,198189,198190,198191,198194,198195,198196,198197,198198,1,-1,2,-2,1,3,1,-1,-3,-1,2,2,5,2,2,-2,-2,-5,-2,-2
0,1,33033,33036,99099,99100,99101,99104,99105,99106,198199,198200,198201,198202,198203,198206,198207,198208,198209,198210,1,-1,2,-2,1,3,1,-1,-3,-1,2,2,5,2,2,-2,-2,-5,-2,-2
0,1,33035,33038,99105,99106,99107,99110,99111,99112,198211,198212,198213,198214,198215,198218,198219,198220,198221,198222,1,-1,2,-2,1,3,1,-1,-3,-1,2,2,5,2,2,-2,-2,-5,-2,-2
0,1,33037,33040,99111,99112,99113,99116,99117,99118,198223,198224,198225,198226,198227,198230,198231,198232,198233,198234,1,-1,2,-2,1,3,1,-1,-3,-1,2,2,5,2,2,-2,-2,-5,-2,-2
0,1,33039,33042,99117,99118,99119,99122,99123,99124,198235,198236,198237,198238,198239,198242,198243,198244,198245,198246,1,-1,2,-2,1,3,1,-1,-3,-1,2,2,5,2,2,-2,-2,-5,-2,-2
0,1,33041,33044,99123,99124,99125,99128,99129,99130,198247,198248,198249,198250,198251,198254,198255,198256,198257,198258,1,-1,2,-2,1,3,1,-1,-3,-1,2,2,5,2,2,-2,-2,-5,-2,-2
0,1,33043,33046,99129,99130,99131,99134,99135,99136,198259,198260,198261,198262,198263,198266,198267,198268,198269,198270,1,-1,2,-2,1,3,1,-1,-3,-1,2,2,5,2,2,-2,-2,-5,-2,-2
0,1,33045,33048,99135,99136,99137,99140,99141,99142,198271,198272,198273,198274,198275,198278,198279,198280,198281,198282,1,-1,2,-2,1,3,1,-1,-3,-1,2,2,5,2,2,-2,-2,-5,-2,-2
0,1,33047,33050,99141,99142,99143,99146,99147,99148,198283,198284,198285,198286,198287,198290,198291,198292,198293,198294,1,-1,2,-2,1,3,1,-1,-3,-1,2,2,5,2,2,-2,-2,-5,-2,-2
0,1,33049,33052,99147,99148,99149,99152,99153,99154,198295,198296,198297,198298,198299,198302,198303,198304,198305,198306,1,-1,2,-2,1,3,1,-1,-3,-1,2,2,5,2,2,-2,-2,-5,-2,-2
0,1,33051,33054,99153,99154,99155,99158,99159,99160,198307,198308,198309,198310,198311,198314,198315,198316,198317,198318,1,-1,2,-2,1,3,1,-1,-3,-1,2,2,5,2,2,-2,-2,-5,-2,-2
0,1,33053,33056,99159,99160,99161,99164,99165,99166,198319,198320,198321,198322,198323,198326,198327,198328,198329,198330,1,-1,2,-2,1,3,1,-1,-3,-1,2,2,5,2,2,-2,-2,-5,-2,-2
0,1,33055,33058,99165,99166,99167,99170,99171,99172,198331,198332,198333,198334,198335,198338,198339,198340,198341,198342,1,-1,2,-2,1,3,1,-1,-3,-1,2,2,5,2,2,-2,-2,-5,-2,-2
0,1,33057,33060,99171,99172,99173,99176,99177,99178,198343,198344,198345,198346,198347,198350,198351,198352,198353,198354,1,-1,2,-2,1,3,1,-1,-3,-1,2,2,5,2,2,-2,-2,-5,-2,-2
0,1,33059,33062,99177,99178,99179,99182,99183,99184,198355,198356,198357,198358,198359,198362,198363,198364,198365,198366,1,-1,2,-2,1,3,1,-1,-3,-1,2,2,5,2,2,-2,-2,-5,-2,-2
0,1,33061,33064,99183,99184,99185,99188,99189,99190,198367,198368,198369,198370,198371,198374,198375,198376,198377,198378,1,-1,2,-2,1,3,1,-1,-3,-1,2,2,5,2,2,-2,-2,-5,-2,-2
0,1,33063,33066,99189,99190,99191,99194,99195,99196,198379,198380,198381,198382,198383,198386,198387,198388,198389,198390,1,-1,2,-2,1,3,1,-1,-3,-1,2,2,5,2,2,-2,-2,-5,-2,-2
0,1,33065,33068,99195,99196,99197,99200,99201,99202,198391,198392,198393,198394,198395,198398,198399,198400,198401,198402,1,-1,2,-2,1,3,1,-1,-3,-1,2,2,5,2,2,-2,-2,-5,-2,-2
0,1,33067,33070,99201,99202,99203,99206,99207,99208,198403,198404,198405,198406,198407,198410,198411,198412,198413,198414,1,-1,2,-2,1,3,1,-1,-3,-1,2,2,5,2,2,-2,-2,-5,-2,-2
0,1,33069,33072,99207,99208,99209,99212,99213,99214,198415,198416,198417,198418,198419,198422,198423,198424,198425,198426,1,-1,2,-2,1,3,1,-1,-3,-1,2,2,5,2,2,-2,-2,-5,-2,-2
0,1,33071,33074,99213,99214,99215,99218,99219,99220,198427,198428,198429,198430,198431,198434,198435,198436,198437,198438,1,-1,2,-2,1,3,1,-1,-3,-1,2,2,5,2,2,-2,-2,-5,-2,-2
0,1,33073,33076,99219,99220,99221,99224,99225,99226,198439,198440,198441,198442,198443,198446,198447,198448,198449,198450,1,-1,2,-2,1,3,1,-1,-3,-1,2,2,5,2,2,-2,-2,-5,-2,-2
0,1,33075,33078,99225,99226,99227,99230,99231,99232,198451,198452,198453,198454,198455,198458,198459,198460,198461,198462,1,-1,2,-2,1,3,1,-1,-3,-1,2,2,5,2,2,-2,-2,-5,-2,-2
0,1,33077,33080,99231,99232,99233,99236,99237,99238,198463,198464,198465,198466,198467,198470,198471,198472,198473,198474,1,-1,2,-2,1,3,1,-1,-3,-1,2,2,5,2,2,-2,-2,-5,-2,-2
0,1,33079,33082,99237,99238,99239,99242,99243,99244,198475,198476,198477,198478,198479,198482,198483,198484,198485,198486,1,-1,2,-2,1,3,1,-1,-3,-1,2,2,5,2,2,-2,-2,-5,-2,-2
0,1,33081,33084,99243,99244,99245,99248,99249,99250,198487,198488,198489,198490,198491,198494,198495,198496,198497,198498,1,-1,2,-2,1,3,1,-1,-3,-1,2,2,5,2,2,-2,-2,-5,-2,-2
0,1,33083,33086,99249,99250,99251,99254,99255,99256,198499,198500,198501,198502,198503,198506,198507,198508,198509,198510,1,-1,2,-2,1,3,1,-1,-3,-1,2,2,5,2,2,-2,-2,-5,-2,-2
0,1,33085,33088,99255,99256,99257,99260,99261,99262,198511,198512,198513,198514,198515,198518,198519,198520,198521,198522,1,-1,2,-2,1,3,1,-1,-3,-1,2,2,5,2,2,-2,-2,-5,-2,-2
0,1,33087,33090,99261,99262,99263,99266,99267,99268,198523,198524,198525,198526,198527,198530,198531,198532,198533,198534,1,-1,2,-2,1,3,1,-1,-3,-1,2,2,5,2,2,-2,-2,-5,-2,-2
0,1,33089,33092,99267,99268,99269,99272,99273,99274,198535,198536,198537,198538,198539,198542,198543,198544,198545,198546,1,-1,2,-2,1,3,1,-1,-3,-1,2,2,5,2,2,-2,-2,-5,-2,-2
0,1,33091,33094,99273,99274,99275,99278,99279,99280,198547,198548,198549,198550,198551,198554,198555,198556,198557,198558,1,-1,2,-2,1,3,1,-1,-3,-1,2,2,5,2,2,-2,-2,-5,-2,-2
0,1,33093,33096,99279,99280,99281,99284,99285,99286,198559,198560,198561,198562,198563,198566,198567,198568,198569,198570,1,-1,2,-2,1,3,1,-1,-3,-1,2,2,5,2,2,-2,-2,-5,-2,-2
0,1,33095,33098,99285,99286,99287,99290,99291,99292,198571,198572,198573,198574,198575,198578,198579,198580,198581,198582,1,-1,2,-2,1,3,1,-1,-3,-1,2,2,5,2,2,-2,-2,-5,-2,-2
0,1,33097,33100,99291,99292,99293,99296,99297,99298,198583,198584,198585,198586,198587,198590,198591,198592,198593,198594,1,-1,2,-2,1,3,1,-1,-3,-1,2,2,5,2,2,-2,-2,-5,-2,-2
0,1,33099,33102,99297,99298,99299,99302,99303,99304,198595,198596,198597,198598,198599,198602,198603,198604,198605,198606,1,-1,2,-2,1,3,1,-1,-3,-1,2,2,5,2,2,-2,-2,-5,-2,-2
0,1,33101,33104,99303,99304,99305,99308,99309,99310,198607,198608,198609,198610,198611,198614,198615,198616,198617,198618,1,-1,2,-2,1,3,1,-1,-3,-1,2,2,5,2,2,-2,-2,-5,-2,-2
0,1,33103,33106,99309,99310,99311,99314,99315,99316,198619,198620,198621,198622,198623,198626,198627,198628,198629,198630,1,-1,2,-2,1,3,1,-1,-3,-1,2,2,5,2,2,-2,-2,-5,-2,-2
0,1,33105,33108,99315,99316,99317,99320,99321,99322,198631,198632,198633,198634,198635,198638,198639,198640,198641,198642,1,-1,2,-2,1,3,1,-1,-3,-1,2,2,5,2,2,-2,-2,-5,-2,-2
0,1,33107,33110,99321,99322,99323,99326,99327,99328,198643,198644,198645,198646,198647,198650,198651,198652,198653,198654,1,-1,2,-2,1,3,1,-1,-3,-1,2,2,5,2,2,-2,-2,-5,-2,-2
0,1,33109,33112,99327,99328,99329,99332,99333,99334,198655,198656,198657,198658,198659,198662,198663,198664,198665,198666,1,-1,2,-2,1,3,1,-1,-3,-1,2,2,5,2,2,-2,-2,-5,-2,-2
0,1,33111,33114,99333,99334,99335,99338,99339,99340,198667,198668,198669,198670,198671,198674,198675,198676,198677,198678,1,-1,2,-2,1,3,1,-1,-3,-1,2,2,5,2,2,-2,-2,-5,-2,-2
0,1,33113,33116,99339,99340,99341,99344,99345,99346,198679,198680,198681,198682,198683,198686,198687,198688,198689,198690,1,-1,2,-2,1,3,1,-1,-3,-1,2,2,5,2,2,-2,-2,-5,-2,-2
0,1,33115,33118,99345,99346,99347,99350,99351,99352,198691,198692,198693,198694,198695,198698,198699,198700,198701,198702,1,-1,2,-2,1,3,1,-1,-3,-1,2,2,5,2,2,-2,-2,-5,-2,-2
0,1,33117,33120,99351,99352,99353,99356,99357,99358,198703,198704,198705,198706,198707,198710,198711,198712,198713,198714,1,-1,2,-2,1,3,1,-1,-3,-1,2,2,5,2,2,-2,-2,-5,-2,-2
0,1,33119,33122,99357,99358,99359,99362,99363,99364,198715,198716,198717,198718,198719,198722,198723,198724,198725,198726,1,-1,2,-2,1,3,1,-1,-3,-1,2,2,5,2,2,-2,-2,-5,-2,-2
0,1,33121,33124,99363,99364,99365,99368,99369,99370,198727,198728,198729,198730,198731,198734,198735,198736,198737,198738,1,-1,2,-2,1,3,1,-1,-3,-1,2,2,5,2,2,-2,-2,-5,-2,-2
0,1,33123,33126,99369,99370,99371,99374,99375,99376,198739,198740,198741,198742,198743,198746,198747,198748,198749,198750,1,-1,2,-2,1,3,1,-1,-3,-1,2,2,5,2,2,-2,-2,-5,-2,-2
0,1,33125,33128,99375,99376,99377,99380,99381,99382,198751,198752,198753,198754,198755,198758,198759,198760,198761,198762,1,-1,2,-2,1,3,1,-1,-3,-1,2,2,5,2,2,-2,-2,-5,-2,-2
0,1,33127,33130,99381,99382,99383,99386,99387,99388,198763,198764,198765,198766,198767,198770,198771,198772,198773,198774,1,-1,2,-2,1,3,1,-1,-3,-1,2,2,5,2,2,-2,-2,-5,-2,-2
0,1,33129,33132,99387,99388,99389,99392,99393,99394,198775,198776,198777,198778,198779,198782,198783,198784,198785,198786,1,-1,2,-2,1,3,1,-1,-3,-1,2,2,5,2,2,-2,-2,-5,-2,-2
0,1,33131,33134,99393,99394,99395,99398,99399,99400,198787,198788,198789,198790,198791,198794,198795,198796,198797,198798,1,-1,2,-2,1,3,1,-1,-3,-1,2,2,5,2,2,-2,-2,-5,-2,-2
0,1,33133,33136,99399,99400,99401,99404,99405,99406,198799,198800,198801,198802,198803,198806,198807,198808,198809,198810,1,-1,2,-2,1,3,1,-1,-3,-1,2,2,5,2,2,-2,-2,-5,-2,-2
0,1,33135,33138,99405,99406,99407,99410,99411,99412,198811,198812,198813,198814,198815,198818,198819,198820,198821,198822,1,-1,2,-2,1,3,1,-1,-3,-1,2,2,5,2,2,-2,-2,-5,-2,-2
0,1,33137,33140,99411,99412,99413,99416,99417,99418,198823,198824,198825,198826,198827,198830,198831,198832,198833,198834,1,-1,2,-2,1,3,1,-1,-3,-1,2,2,5,2,2,-2,-2,-5,-2,-2
0,1,33139,33142,99417,99418,99419,99422,99423,99424,198835,198836,198837,198838,198839,198842,198843,198844,198845,198846,1,-1,2,-2,1,3,1,-1,-3,-1,2,2,5,2,2,-2,-2,-5,-2,-2
0,1,33141,33144,99423,99424,99425,99428,99429,99430,198847,198848,198849,198850,198851,198854,198855,198856,198857,198858,1,-1,2,-2,1,3,1,-1,-3,-1,2,2,5,2,2,-2,-2,-5,-2,-2
0,1,33143,33146,99429,99430,99431,99434,99435,99436,198859,198860,198861,198862,198863,198866,198867,198868,198869,198870,1,-1,2,-2,1,3,1,-1,-3,-1,2,2,5,2,2,-2,-2,-5,-2,-2
0,1,33145,33148,99435,99436,99437,99440,99441,99442,198871,198872,198873,198874,198875,198878,198879,198880,198881,198882,1,-1,2,-2,1,3,1,-1,-3,-1,2,2,5,2,2,-2,-2,-5,-2,-2
0,1,33147,33150,99441,99442,99443,99446,99447,99448,198883,198884,198885,198886,198887,198890,198891,198892,198893,198894,1,-1,2,-2,1,3,1,-1,-3,-1,2,2,5,2,2,-2,-2,-5,-2,-2
0,1,33149,33152,99447,99448,99449,99452,99453,99454,198895,198896,198897,198898,198899,198902,198903,198904,198905,198906,1,-1,2,-2,1,3,1,-1,-3,-1,2,2,5,2,2,-2,-2,-5,-2,-2
0,1,33151,33154,99453,99454,99455,99458,99459,99460,198907,198908,198909,198910,198911,198914,198915,198916,198917,198918,1,-1,2,-2,1,3,1,-1,-3,-1,2,2,5,2,2,-2,-2,-5,-2,-2
0,1,33153,33156,99459,99460,99461,99464,99465,99466,198919,198920,198921,198922,198923,198926,198927,198928,198929,198930,1,-1,2,-2,1,3,1,-1,-3,-1,2,2,5,2,2,-2,-2,-5,-2,-2
0,1,33155,33158,99465,99466,99467,99470,99471,99472,198931,198932,198933,198934,198935,198938,198939,198940,198941,198942,1,-1,2,-2,1,3,1,-1,-3,-1,2,2,5,2,2,-2,-2,-5,-2,-2
0,1,33157,33160,99471,99472,99473,99476,99477,99478,198943,198944,198945,198946,198947,198950,198951,198952,198953,198954,1,-1,2,-2,1,3,1,-1,-3,-1,2,2,5,2,2,-2,-2,-5,-2,-2
0,1,33159,33162,99477,99478,99479,99482,99483,99484,198955,198956,198957,198958,198959,198962,198963,198964,198965,198966,1,-1,2,-2,1,3,1,-1,-3,-1,2,2,5,2,2,-2,-2,-5,-2,-2
0,1,33161,33164,99483,99484,99485,99488,99489,99490,198967,198968,198969,198970,198971,198974,198975,198976,198977,198978,1,-1,2,-2,1,3,1,-1,-3,-1,2,2,5,2,2,-2,-2,-5,-2,-2
0,1,33163,33166,99489,99490,99491,99494,99495,99496,198979,198980,198981,198982,198983,198986,198987,198988,198989,198990,1,-1,2,-2,1,3,1,-1,-3,-1,2,2,5,2,2,-2,-2,-5,-2,-2
0,1,33165,33168,99495,99496,99497,99500,99501,99502,198991,198992,198993,198994,198995,198998,198999,199000,199001,199002,1,-1,2,-2,1,3,1,-1,-3,-1,2,2,5,2,2,-2,-2,-5,-2,-2
0,1,33167,33170,99501,99502,99503,99506,99507,99508,199003,199004,199005,199006,199007,199010,199011,199012,199013,199014,1,-1,2,-2,1,3,1,-1,-3,-1,2,2,5,2,2,-2,-2,-5,-2,-2
0,1,33169,33172,99507,99508,99509,99512,99513,99514,199015,199016,199017,199018,199019,199022,199023,199024,199025,199026,1,-1,2,-2,1,3,1,-1,-3,-1,2,2,5,2,2,-2,-2,-5,-2,-2
0,1,33171,33174,99513,99514,99515,99518,99519,99520,199027,199028,199029,199030,199031,199034,199035,199036,199037,199038,1,-1,2,-2,1,3,1,-1,-3,-1,2,2,5,2,2,-2,-2,-5,-2,-2
0,1,33173,33176,99519,99520,99521,99524,99525,99526,199039,199040,199041,199042,199043,199046,199047,199048,199049,199050,1,-1,2,-2,1,3,1,-1,-3,-1,2,2,5,2,2,-2,-2,-5,-2,-2
0,1,33175,33178,99525,99526,99527,99530,99531,99532,199051,199052,199053,199054,199055,199058,199059,199060,199061,199062,1,-1,2,-2,1,3,1,-1,-3,-1,2,2,5,2,2,-2,-2,-5,-2,-2
0,1,33177,33180,99531,99532,99533,99536,99537,99538,199063,199064,199065,199066,199067,199070,199071,199072,199073,199074,1,-1,2,-2,1,3,1,-1,-3,-1,2,2,5,2,2,-2,-2,-5,-2,-2
0,1,33179,33182,99537,99538,99539,99542,99543,99544,199075,199076,199077,199078,199079,199082,199083,199084,199085,199086,1,-1,2,-2,1,3,1,-1,-3,-1,2,2,5,2,2,-2,-2,-5,-2,-2
0,1,33181,33184,99543,99544,99545,99548,99549,99550,199087,199088,199089,199090,199091,199094,199095,199096,199097,199098,1,-1,2,-2,1,3,1,-1,-3,-1,2,2,5,2,2,-2,-2,-5,-2,-2
0,1,33183,33186,99549,99550,99551,99554,99555,99556,199099,199100,199101,199102,199103,199106,199107,199108,199109,199110,1,-1,2,-2,1,3,1,-1,-3,-1,2,2,5,2,2,-2,-2,-5,-2,-2
0,1,33185,33188,99555,99556,99557,99560,99561,99562,199111,199112,199113,199114,199115,199118,199119,199120,199121,199122,1,-1,2,-2,1,3,1,-1,-3,-1,2,2,5,2,2,-2,-2,-5,-2,-2
0,1,33187,33190,99561,99562,99563,99566,99567,99568,199123,199124,199125,199126,199127,199130,199131,199132,199133,199134,1,-1,2,-2,1,3,1,-1,-3,-1,2,2,5,2,2,-2,-2,-5,-2,-2
0,1,33189,33192,99567,99568,99569,99572,99573,99574,199135,199136,199137,199138,199139,199142,199143,199144,199145,199146,1,-1,2,-2,1,3,1,-1,-3,-1,2,2,5,2,2,-2,-2,-5,-2,-2
0,1,33191,33194,99573,99574,99575,99578,99579,99580,199147,199148,199149,199150,199151,199154,199155,199156,199157,199158,1,-1,2,-2,1,3,1,-1,-3,-1,2,2,5,2,2,-2,-2,-5,-2,-2
0,1,33193,33196,99579,99580,99581,99584,99585,99586,199159,199160,199161,199162,199163,199166,199167,199168,199169,199170,1,-1,2,-2,1,3,1,-1,-3,-1,2,2,5,2,2,-2,-2,-5,-2,-2
0,1,33195,33198,99585,99586,99587,99590,99591,99592,199171,199172,199173,199174,199175,199178,199179,199180,199181,199182,1,-1,2,-2,1,3,1,-1,-3,-1,2,2,5,2,2,-2,-2,-5,-2,-2
0,1,33197,33200,99591,99592,99593,99596,99597,99598,199183,199184,199185,199186,199187,199190,199191,199192,199193,199194,1,-1,2,-2,1,3,1,-1,-3,-1,2,2,5,2,2,-2,-2,-5,-2,-2
0,1,33199,33202,99597,99598,99599,99602,99603,99604,199195,199196,199197,199198,199199,199202,199203,199204,199205,199206,1,-1,2,-2,1,3,1,-1,-3,-1,2,2,5,2,2,-2,-2,-5,-2,-2
0,1,33201,33204,99603,99604,99605,99608,99609,99610,199207,199208,199209,199210,199211,199214,199215,199216,199217,199218,1,-1,2,-2,1,3,1,-1,-3,-1,2,2,5,2,2,-2,-2,-5,-2,-2
0,1,33203,33206,99609,99610,99611,99614,99615,99616,199219,199220,199221,199222,199223,199226,199227,199228,199229,199230,1,-1,2,-2,1,3,1,-1,-3,-1,2,2,5,2,2,-2,-2,-5,-2,-2
0,1,33205,33208,99615,99616,99617,99620,99621,99622,199231,199232,199233,199234,199235,199238,199239,199240,199241,199242,1,-1,2,-2,1,3,1,-1,-3,-1,2,2,5,2,2,-2,-2,-5,-2,-2
0,1,33207,33210,99621,99622,99623,99626,99627,99628,199243,199244,199245,199246,199247,199250,199251,199252,199253,199254,1,-1,2,-2,1,3,1,-1,-3,-1,2,2,5,2,2,-2,-2,-5,-2,-2
0,1,33209,33212,99627,99628,99629,99632,99633,99634,199255,199256,199257,199258,199259,199262,199263,199264,199265,199266,1,-1,2,-2,1,3,1,-1,-3,-1,2,2,5,2,2,-2,-2,-5,-2,-2
0,1,33211,33214,99633,99634,99635,99638,99639,99640,199267,199268,199269,199270,199271,199274,199275,199276,199277,199278,1,-1,2,-2,1,3,1,-1,-3,-1,2,2,5,2,2,-2,-2,-5,-2,-2
0,1,33213,33216,99639,99640,99641,99644,99645,99646,199279,199280,199281,199282,199283,199286,199287,199288,199289,199290,1,-1,2,-2,1,3,1,-1,-3,-1,2,2,5,2,2,-2,-2,-5,-2,-2
0,1,33215,33218,99645,99646,99647,99650,99651,99652,199291,199292,199293,199294,199295,199298,199299,199300,199301,199302,1,-1,2,-2,1,3,1,-1,-3,-1,2,2,5,2,2,-2,-2,-5,-2,-2
0,1,33217,33220,99651,99652,99653,99656,99657,99658,199303,199304,199305,199306,199307,199310,199311,199312,199313,199314,1,-1,2,-2,1,3,1,-1,-3,-1,2,2,5,2,2,-2,-2,-5,-2,-2
0,1,33219,33222,99657,99658,99659,99662,99663,99664,199315,199316,199317,199318,199319,199322,199323,199324,199325,199326,1,-1,2,-2,1,3,1,-1,-3,-1,2,2,5,2,2,-2,-2,-5,-2,-2
0,1,33221,33224,99663,99664,99665,99668,99669,99670,199327,199328,199329,199330,199331,199334,199335,199336,199337,199338,1,-1,2,-2,1,3,1,-1,-3,-1,2,2,5,2,2,-2,-2,-5,-2,-2
0,1,33223,33226,99669,99670,99671,99674,99675,99676,199339,199340,199341,199342,199343,199346,199347,199348,199349,199350,1,-1,2,-2,1,3,1,-1,-3,-1,2,2,5,2,2,-2,-2,-5,-2,-2
0,1,33225,33228,99675,99676,99677,99680,99681,99682,199351,199352,199353,199354,199355,199358,199359,199360,199361,199362,1,-1,2,-2,1,3,1,-1,-3,-1,2,2,5,2,2,-2,-2,-5,-2,-2
0,1,33227,33230,99681,99682,99683,99686,99687,99688,199363,199364,199365,199366,199367,199370,199371,199372,199373,199374,1,-1,2,-2,1,3,1,-1,-3,-1,2,2,5,2,2,-2,-2,-5,-2,-2
0,1,33229,33232,99687,99688,99689,99692,99693,99694,199375,199376,199377,199378,199379,199382,199383,199384,199385,199386,1,-1,2,-2,1,3,1,-1,-3,-1,2,2,5,2,2,-2,-2,-5,-2,-2
0,1,33231,33234,99693,99694,99695,99698,99699,99700,199387,199388,199389,199390,199391,199394,199395,199396,199397,199398,1,-1,2,-2,1,3,1,-1,-3,-1,2,2,5,2,2,-2,-2,-5,-2,-2
0,1,33233,33236,99699,99700,99701,99704,99705,99706,199399,199400,199401,199402,199403,199406,199407,199408,199409,199410,1,-1,2,-2,1,3,1,-1,-3,-1,2,2,5,2,2,-2,-2,-5,-2,-2
0,1,33235,33238,99705,99706,99707,99710,99711,99712,199411,199412,199413,199414,199415,199418,199419,199420,199421,199422,1,-1,2,-2,1,3,1,-1,-3,-1,2,2,5,2,2,-2,-2,-5,-2,-2
0,1,33237,33240,99711,99712,99713,99716,99717,99718,199423,199424,199425,199426,199427,199430,199431,199432,199433,199434,1,-1,2,-2,1,3,1,-1,-3,-1,2,2,5,2,2,-2,-2,-5,-2,-2
0,1,33239,33242,99717,99718,99719,99722,99723,99724,199435,199436,199437,199438,199439,199442,199443,199444,199445,199446,1,-1,2,-2,1,3,1,-1,-3,-1,2,2,5,2,2,-2,-2,-5,-2,-2
0,1,33241,33244,99723,99724,99725,99728,99729,99730,199447,199448,199449,199450,199451,199454,199455,199456,199457,199458,1,-1,2,-2,1,3,1,-1,-3,-1,2,2,5,2,2,-2,-2,-5,-2,-2
0,1,33243,33246,99729,99730,99731,99734,99735,99736,199459,199460,199461,199462,199463,199466,199467,199468,199469,199470,1,-1,2,-2,1,3,1,-1,-3,-1,2,2,5,2,2,-2,-2,-5,-2,-2
0,1,33245,33248,99735,99736,99737,99740,99741,99742,199471,199472,199473,199474,199475,199478,199479,199480,199481,199482,1,-1,2,-2,1,3,1,-1,-3,-1,2,2,5,2,2,-2,-2,-5,-2,-2
0,1,33247,33250,99741,99742,99743,99746,99747,99748,199483,199484,199485,199486,199487,199490,199491,199492,199493,199494,1,-1,2,-2,1,3,1,-1,-3,-1,2,2,5,2,2,-2,-2,-5,-2,-2
0,1,33249,33252,99747,99748,99749,99752,99753,99754,199495,199496,199497,199498,199499,199502,199503,199504,199505,199506,1,-1,2,-2,1,3,1,-1,-3,-1,2,2,5,2,2,-2,-2,-5,-2,-2
0,1,33251,33254,99753,99754,99755,99758,99759,99760,199507,199508,199509,199510,199511,199514,199515,199516,199517,199518,1,-1,2,-2,1,3,1,-1,-3,-1,2,2,5,2,2,-2,-2,-5,-2,-2
0,1,33253,33256,99759,99760,99761,99764,99765,99766,199519,199520,199521,199522,199523,199526,199527,199528,199529,199530,1,-1,2,-2,1,3,1,-1,-3,-1,2,2,5,2,2,-2,-2,-5,-2,-2
0,1,33255,33258,99765,99766,99767,99770,99771,99772,199531,199532,199533,199534,199535,199538,199539,199540,199541,199542,1,-1,2,-2,1,3,1,-1,-3,-1,2,2,5,2,2,-2,-2,-5,-2,-2
0,1,33257,33260,99771,99772,99773,99776,99777,99778,199543,199544,199545,199546,199547,199550,199551,199552,199553,199554,1,-1,2,-2,1,3,1,-1,-3,-1,2,2,5,2,2,-2,-2,-5,-2,-2
0,1,33259,33262,99777,99778,99779,99782,99783,99784,199555,199556,199557,199558,199559,199562,199563,199564,199565,199566,1,-1,2,-2,1,3,1,-1,-3,-1,2,2,5,2,2,-2,-2,-5,-2,-2
0,1,33261,33264,99783,99784,99785,99788,99789,99790,199567,199568,199569,199570,199571,199574,199575,199576,199577,199578,1,-1,2,-2,1,3,1,-1,-3,-1,2,2,5,2,2,-2,-2,-5,-2,-2
0,1,33263,33266,99789,99790,99791,99794,99795,99796,199579,199580,199581,199582,199583,199586,199587,199588,199589,199590,1,-1,2,-2,1,3,1,-1,-3,-1,2,2,5,2,2,-2,-2,-5,-2,-2
0,1,33265,33268,99795,99796,99797,99800,99801,99802,199591,199592,199593,199594,199595,199598,199599,199600,199601,199602,1,-1,2,-2,1,3,1,-1,-3,-1,2,2,5,2,2,-2,-2,-5,-2,-2
0,1,33267,33270,99801,99802,99803,99806,99807,99808,199603,199604,199605,199606,199607,199610,199611,199612,199613,199614,1,-1,2,-2,1,3,1,-1,-3,-1,2,2,5,2,2,-2,-2,-5,-2,-2
0,1,33269,33272,99807,99808,99809,99812,99813,99814,199615,199616,199617,199618,199619,199622,199623,199624,199625,199626,1,-1,2,-2,1,3,1,-1,-3,-1,2,2,5,2,2,-2,-2,-5,-2,-2
0,1,33271,33274,99813,99814,99815,99818,99819,99820,199627,199628,199629,199630,199631,199634,199635,199636,199637,199638,1,-1,2,-2,1,3,1,-1,-3,-1,2,2,5,2,2,-2,-2,-5,-2,-2
0,1,33273,33276,99819,99820,99821,99824,99825,99826,199639,199640,199641,199642,199643,199646,199647,199648,199649,199650,1,-1,2,-2,1,3,1,-1,-3,-1,2,2,5,2,2,-2,-2,-5,-2,-2
0,1,33275,33278,99825,99826,99827,99830,99831,99832,199651,199652,199653,199654,199655,199658,199659,199660,199661,199662,1,-1,2,-2,1,3,1,-1,-3,-1,2,2,5,2,2,-2,-2,-5,-2,-2
0,1,33277,33280,99831,99832,99833,99836,99837,99838,199663,199664,199665,199666,199667,199670,199671,199672,199673,199674,1,-1,2,-2,1,3,1,-1,-3,-1,2,2,5,2,2,-2,-2,-5,-2,-2
0,1,33279,33282,99837,99838,99839,99842,99843,99844,199675,199676,199677,199678,199679,199682,199683,199684,199685,199686,1,-1,2,-2,1,3,1,-1,-3,-1,2,2,5,2,2,-2,-2,-5,-2,-2
0,1,33281,33284,99843,99844,99845,99848,99849,99850,199687,199688,199689,199690,199691,199694,199695,199696,199697,199698,1,-1,2,-2,1,3,1,-1,-3,-1,2,2,5,2,2,-2,-2,-5,-2,-2
0,1,33283,33286,99849,99850,99851,99854,99855,99856,199699,199700,199701,199702,199703,199706,199707,199708,199709,199710,1,-1,2,-2,1,3,1,-1,-3,-1,2,2,5,2,2,-2,-2,-5,-2,-2
0,1,33285,33288,99855,99856,99857,99860,99861,99862,199711,199712,199713,199714,199715,199718,199719,199720,199721,199722,1,-1,2,-2,1,3,1,-1,-3,-1,2,2,5,2,2,-2,-2,-5,-2,-2
0,1,33287,33290,99861,99862,99863,99866,99867,99868,199723,199724,199725,199726,199727,199730,199731,199732,199733,199734,1,-1,2,-2,1,3,1,-1,-3,-1,2,2,5,2,2,-2,-2,-5,-2,-2
0,1,33289,33292,99867,99868,99869,99872,99873,99874,199735,199736,199737,199738,199739,199742,199743,199744,199745,199746,1,-1,2,-2,1,3,1,-1,-3,-1,2,2,5,2,2,-2,-2,-5,-2,-2
0,1,33291,33294,99873,99874,99875,99878,99879,99880,199747,199748,199749,199750,199751,199754,199755,199756,199757,199758,1,-1,2,-2,1,3,1,-1,-3,-1,2,2,5,2,2,-2,-2,-5,-2,-2
0,1,33293,33296,99879,99880,99881,99884,99885,99886,199759,199760,199761,199762,199763,199766,199767,199768,199769,199770,1,-1,2,-2,1,3,1,-1,-3,-1,2,2,5,2,2,-2,-2,-5,-2,-2
0,1,33295,33298,99885,99886,99887,99890,99891,99892,199771,199772,199773,199774,199775,199778,199779,199780,199781,199782,1,-1,2,-2,1,3,1,-1,-3,-1,2,2,5,2,2,-2,-2,-5,-2,-2
0,1,33297,33300,99891,99892,99893,99896,99897,99898,199783,199784,199785,199786,199787,199790,199791,199792,199793,199794,1,-1,2,-2,1,3,1,-1,-3,-1,2,2,5,2,2,-2,-2,-5,-2,-2
0,1,33299,33302,99897,99898,99899,99902,99903,99904,199795,199796,199797,199798,199799,199802,199803,199804,199805,199806,1,-1,2,-2,1,3,1,-1,-3,-1,2,2,5,2,2,-2,-2,-5,-2,-2
0,1,33301,33304,99903,99904,99905,99908,99909,99910,199807,199808,199809,199810,199811,199814,199815,199816,199817,199818,1,-1,2,-2,1,3,1,-1,-3,-1,2,2,5,2,2,-2,-2,-5,-2,-2
0,1,33303,33306,99909,99910,99911,99914,99915,99916,199819,199820,199821,199822,199823,199826,199827,199828,199829,199830,1,-1,2,-2,1,3,1,-1,-3,-1,2,2,5,2,2,-2,-2,-5,-2,-2
0,1,33305,33308,99915,99916,99917,99920,99921,99922,199831,199832,199833,199834,199835,199838,199839,199840,199841,199842,1,-1,2,-2,1,3,1,-1,-3,-1,2,2,5,2,2,-2,-2,-5,-2,-2
0,1,33307,33310,99921,99922,99923,99926,99927,99928,199843,199844,199845,199846,199847,199850,199851,199852,199853,199854,1,-1,2,-2,1,3,1,-1,-3,-1,2,2,5,2,2,-2,-2,-5,-2,-2
0,1,33309,33312,99927,99928,99929,99932,99933,99934,199855,199856,199857,199858,199859,199862,199863,199864,199865,199866,1,-1,2,-2,1,3,1,-1,-3,-1,2,2,5,2,2,-2,-2,-5,-2,-2
0,1,33311,33314,99933,99934,99935,99938,99939,99940,199867,199868,199869,199870,199871,199874,199875,199876,199877,199878,1,-1,2,-2,1,3,1,-1,-3,-1,2,2,5,2,2,-2,-2,-5,-2,-2
0,1,33313,33316,99939,99940,99941,99944,99945,99946,199879,199880,199881,199882,199883,199886,199887,199888,199889,199890,1,-1,2,-2,1,3,1,-1,-3,-1,2,2,5,2,2,-2,-2,-5,-2,-2
0,1,33315,33318,99945,99946,99947,99950,99951,99952,199891,199892,199893,199894,199895,199898,199899,199900,199901,199902,1,-1,2,-2,1,3,1,-1,-3,-1,2,2,5,2,2,-2,-2,-5,-2,-2
0,1,33317,33320,99951,99952,99953,99956,99957,99958,199903,199904,199905,199906,199907,199910,199911,199912,199913,199914,1,-1,2,-2,1,3,1,-1,-3,-1,2,2,5,2,2,-2,-2,-5,-2,-2
0,1,33319,33322,99957,99958,99959,99962,99963,99964,199915,199916,199917,199918,199919,199922,199923,199924,199925,199926,1,-1,2,-2,1,3,1,-1,-3,-1,2,2,5,2,2,-2,-2,-5,-2,-2
0,1,33321,33324,99963,99964,99965,99968,99969,99970,199927,199928,199929,199930,199931,199934,199935,199936,199937,199938,1,-1,2,-2,1,3,1,-1,-3,-1,2,2,5,2,2,-2,-2,-5,-2,-2
0,1,33323,33326,99969,99970,99971,99974,99975,99976,199939,199940,199941,199942,199943,199946,199947,199948,199949,199950,1,-1,2,-2,1,3,1,-1,-3,-1,2,2,5,2,2,-2,-2,-5,-2,-2
0,1,33325,33328,99975,99976,99977,99980,99981,99982,199951,199952,199953,199954,199955,199958,199959,199960,199961,199962,1,-1,2,-2,1,3,1,-1,-3,-1,2,2,5,2,2,-2,-2,-5,-2,-2
0,1,33327,33330,99981,99982,99983,99986,99987,99988,199963,199964,199965,199966,199967,199970,199971,199972,199973,199974,1,-1,2,-2,1,3,1,-1,-3,-1,2,2,5,2,2,-2,-2,-5,-2,-2
0,1,33329,33332,99987,99988,99989,99992,99993,99994,199975,199976,199977,199978,199979,199982,199983,199984,199985,199986,1,-1,2,-2,1,3,1,-1,-3,-1,2,2,5,2,2,-2,-2,-5,-2,-2
0,1,33331,33334,99993,99994,99995,99998,99999,100000,199987,199988,199989,199990,199991,199994,199995,199996,199997,199998,1,-1,2,-2,1,3,1,-1,-3,-1,2,2,5,2,2,-2,-2,-5,-2,-2
0,1,33333,33336,99999,100000,100001,100004,100005,100006,199999,200000,200001,200002,200003,200006,200007,200008,200009,200010,1,-1,2,-2,1,3,1,-1,-3,-1,2,2,5,2,2,-2,-2,-5,-2,-2
0,1,33335,33338,100005,100006,100007,100010,100011,100012,200011,200012,200013,200014,200015,200018,200019,200020,200021,200022,1,-1,2,-2,1,3,1,-1,-3,-1,2,2,5,2,2,-2,-2,-5,-2,-2
0,1,33337,33340,100011,100012,100013,100016,100017,100018,200023,200024,200025,200026,200027,200030,200031,200032,200033,200034,1,-1,2,-2,1,3,1,-1,-3,-1,2,2,5,2,2,-2,-2,-5,-2,-2
0,1,33339,33342,100017,100018,100019,100022,100023,100024,200035,200036,200037,200038,200039,200042,200043,200044,200045,200046,1,-1,2,-2,1,3,1,-1,-3,-1,2,2,5,2,2,-2,-2,-5,-2,-2
0,1,33341,33344,100023,100024,100025,100028,100029,100030,200047,200048,200049,200050,200051,200054,200055,200056,200057,200058,1,-1,2,-2,1,3,1,-1,-3,-1,2,2,5,2,2,-2,-2,-5,-2,-2
0,1,33343,33346,100029,100030,100031,100034,100035,100036,200059,200060,200061,200062,200063,200066,200067,200068,200069,200070,1,-1,2,-2,1,3,1,-1,-3,-1,2,2,5,2,2,-2,-2,-5,-2,-2
0,1,33345,33348,100035,100036,100037,100040,100041,100042,200071,200072,200073,200074,200075,200078,200079,200080,200081,200082,1,-1,2,-2,1,3,1,-1,-3,-1,2,2,5,2,2,-2,-2,-5,-2,-2
0,1,33347,33350,100041,100042,100043,100046,100047,100048,200083,200084,200085,200086,200087,200090,200091,200092,200093,200094,1,-1,2,-2,1,3,1,-1,-3,-1,2,2,5,2,2,-2,-2,-5,-2,-2
0,1,33349,33352,100047,100048,100049,100052,100053,100054,200095,200096,200097,200098,200099,200102,200103,200104,200105,200106,1,-1,2,-2,1,3,1,-1,-3,-1,2,2,5,2,2,-2,-2,-5,-2,-2
0,1,33351,33354,100053,100054,100055,100058,100059,100060,200107,200108,200109,200110,200111,200114,200115,200116,200117,200118,1,-1,2,-2,1,3,1,-1,-3,-1,2,2,5,2,2,-2,-2,-5,-2,-2
0,1,33353,33356,100059,100060,100061,100064,100065,100066,200119,200120,200121,200122,200123,200126,200127,200128,200129,200130,1,-1,2,-2,1,3,1,-1,-3,-1,2,2,5,2,2,-2,-2,-5,-2,-2
0,1,33355,33358,100065,100066,100067,100070,100071,100072,200131,200132,200133,200134,200135,200138,200139,200140,200141,200142,1,-1,2,-2,1,3,1,-1,-3,-1,2,2,5,2,2,-2,-2,-5,-2,-2
0,1,33357,33360,100071,100072,100073,100076,100077,100078,200143,200144,200145,200146,200147,200150,200151,200152,200153,200154,1,-1,2,-2,1,3,1,-1,-3,-1,2,2,5,2,2,-2,-2,-5,-2,-2
0,1,33359,33362,100077,100078,100079,100082,100083,100084,200155,200156,200157,200158,200159,200162,200163,200164,200165,200166,1,-1,2,-2,1,3,1,-1,-3,-1,2,2,5,2,2,-2,-2,-5,-2,-2
0,1,33361,33364,100083,100084,100085,100088,100089,100090,200167,200168,200169,200170,200171,200174,200175,200176,200177,200178,1,-1,2,-2,1,3,1,-1,-3,-1,2,2,5,2,2,-2,-2,-5,-2,-2
0,1,33363,33366,100089,100090,100091,100094,100095,100096,200179,200180,200181,200182,200183,200186,200187,200188,200189,200190,1,-1,2,-2,1,3,1,-1,-3,-1,2,2,5,2,2,-2,-2,-5,-2,-2
0,1,33365,33368,100095,100096,100097,100100,100101,100102,200191,200192,200193,200194,200195,200198,200199,200200,200201,200202,1,-1,2,-2,1,3,1,-1,-3,-1,2,2,5,2,2,-2,-2,-5,-2,-2
0,1,33367,33370,100101,100102,100103,100106,100107,100108,200203,200204,200205,200206,200207,200210,200211,200212,200213,200214,1,-1,2,-2,1,3,1,-1,-3,-1,2,2,5,2,2,-2,-2,-5,-2,-2
0,1,33369,33372,100107,100108,100109,100112,100113,100114,200215,200216,200217,200218,200219,200222,200223,200224,200225,200226,1,-1,2,-2,1,3,1,-1,-3,-1,2,2,5,2,2,-2,-2,-5,-2,-2
0,1,33371,33374,100113,100114,100115,100118,100119,100120,200227,200228,200229,200230,200231,200234,200235,200236,200237,200238,1,-1,2,-2,1,3,1,-1,-3,-1,2,2,5,2,2,-2,-2,-5,-2,-2
0,1,33373,33376,100119,100120,100121,100124,100125,100126,200239,200240,200241,200242,200243,200246,200247,200248,200249,200250,1,-1,2,-2,1,3,1,-1,-3,-1,2,2,5,2,2,-2,-2,-5,-2,-2
0,1,33375,33378,100125,100126,100127,100130,100131,100132,200251,200252,200253,200254,200255,200258,200259,200260,200261,200262,1,-1,2,-2,1,3,1,-1,-3,-1,2,2,5,2,2,-2,-2,-5,-2,-2
0,1,33377,33380,100131,100132,100133,100136,100137,100138,200263,200264,200265,200266,200267,200270,200271,200272,200273,200274,1,-1,2,-2,1,3,1,-1,-3,-1,2,2,5,2,2,-2,-2,-5,-2,-2
0,1,33379,33382,100137,100138,100139,100142,100143,100144,200275,200276,200277,200278,200279,200282,200283,200284,200285,200286,1,-1,2,-2,1,3,1,-1,-3,-1,2,2,5,2,2,-2,-2,-5,-2,-2
0,1,33381,33384,100143,100144,100145,100148,100149,100150,200287,200288,200289,200290,200291,200294,200295,200296,200297,200298,1,-1,2,-2,1,3,1,-1,-3,-1,2,2,5,2,2,-2,-2,-5,-2,-2
0,1,33383,33386,100149,100150,100151,100154,100155,100156,200299,200300,200301,200302,200303,200306,200307,200308,200309,200310,1,-1,2,-2,1,3,1,-1,-3,-1,2,2,5,2,2,-2,-2,-5,-2,-2
0,1,33385,33388,100155,100156,100157,100160,100161,100162,200311,200312,200313,200314,200315,200318,200319,200320,200321,200322,1,-1,2,-2,1,3,1,-1,-3,-1,2,2,5,2,2,-2,-2,-5,-2,-2
0,1,33387,33390,100161,100162,100163,100166,100167,100168,200323,200324,200325,200326,200327,200330,200331,200332,200333,200334,1,-1,2,-2,1,3,1,-1,-3,-1,2,2,5,2,2,-2,-2,-5,-2,-2
0,1,33389,33392,100167,100168,100169,100172,100173,100174,200335,200336,200337,200338,200339,200342,200343,200344,200345,200346,1,-1,2,-2,1,3,1,-1,-3,-1,2,2,5,2,2,-2,-2,-5,-2,-2
0,1,33391,33394,100173,100174,100175,100178,100179,100180,200347,200348,200349,200350,200351,200354,200355,200356,200357,200358,1,-1,2,-2,1,3,1,-1,-3,-1,2,2,5,2,2,-2,-2,-5,-2,-2
0,1,33393,33396,100179,100180,100181,100184,100185,100186,200359,200360,200361,200362,200363,200366,200367,200368,200369,200370,1,-1,2,-2,1,3,1,-1,-3,-1,2,2,5,2,2,-2,-2,-5,-2,-2
0,1,33395,33398,100185,100186,100187,100190,100191,100192,200371,200372,200373,200374,200375,200378,200379,200380,200381,200382,1,-1,2,-2,1,3,1,-1,-3,-1,2,2,5,2,2,-2,-2,-5,-2,-2
0,1,33397,33400,100191,100192,100193,100196,100197,100198,200383,200384,200385,200386,200387,200390,200391,200392,200393,200394,1,-1,2,-2,1,3,1,-1,-3,-1,2,2,5,2,2,-2,-2,-5,-2,-2
0,1,33399,33402,100197,100198,100199,100202,100203,100204,200395,200396,200397,200398,200399,200402,200403,200404,200405,200406,1,-1,2,-2,1,3,1,-1,-3,-1,2,2,5,2,2,-2,-2,-5,-2,-2
0,1,33401,33404,100203,100204,100205,100208,100209,100210,200407,200408,200409,200410,200411,200414,200415,200416,200417,200418,1,-1,2,-2,1,3,1,-1,-3,-1,2,2,5,2,2,-2,-2,-5,-2,-2
0,1,33403,33406,100209,100210,100211,100214,100215,100216,200419,200420,200421,200422,200423,200426,200427,200428,200429,200430,1,-1,2,-2,1,3,1,-1,-3,-1,2,2,5,2,2,-2,-2,-5,-2,-2
0,1,33405,33408,100215,100216,100217,100220,100221,100222,200431,200432,200433,200434,200435,200438,200439,200440,200441,200442,1,-1,2,-2,1,3,1,-1,-3,-1,2,2,5,2,2,-2,-2,-5,-2,-2
0,1,33407,33410,100221,100222,100223,100226,100227,100228,200443,200444,200445,200446,200447,200450,200451,200452,200453,200454,1,-1,2,-2,1,3,1,-1,-3,-1,2,2,5,2,2,-2,-2,-5,-2,-2
0,1,33409,33412,100227,100228,100229,100232,100233,100234,200455,200456,200457,200458,200459,200462,200463,200464,200465,200466,1,-1,2,-2,1,3,1,-1,-3,-1,2,2,5,2,2,-2,-2,-5,-2,-2
0,1,33411,33414,100233,100234,100235,100238,100239,100240,200467,200468,200469,200470,200471,200474,200475,200476,200477,200478,1,-1,2,-2,1,3,1,-1,-3,-1,2,2,5,2,2,-2,-2,-5,-2,-2
0,1,33413,33416,100239,100240,100241,100244,100245,100246,200479,200480,200481,200482,200483,200486,200487,200488,200489,200490,1,-1,2,-2,1,3,1,-1,-3,-1,2,2,5,2,2,-2,-2,-5,-2,-2
0,1,33415,33418,100245,100246,100247,100250,100251,100252,200491,200492,200493,200494,200495,200498,200499,200500,200501,200502,1,-1,2,-2,1,3,1,-1,-3,-1,2,2,5,2,2,-2,-2,-5,-2,-2
0,1,33417,33420,100251,100252,100253,100256,100257,100258,200503,200504,200505,200506,200507,200510,200511,200512,200513,200514,1,-1,2,-2,1,3,1,-1,-3,-1,2,2,5,2,2,-2,-2,-5,-2,-2
0,1,33419,33422,100257,100258,100259,100262,100263,100264,200515,200516,200517,200518,200519,200522,200523,200524,200525,200526,1,-1,2,-2,1,3,1,-1,-3,-1,2,2,5,2,2,-2,-2,-5,-2,-2
0,1,33421,33424,100263,100264,100265,100268,100269,100270,200527,200528,200529,200530,200531,200534,200535,200536,200537,200538,1,-1,2,-2,1,3,1,-1,-3,-1,2,2,5,2,2,-2,-2,-5,-2,-2
0,1,33423,33426,100269,100270,100271,100274,100275,100276,200539,200540,200541,200542,200543,200546,200547,200548,200549,200550,1,-1,2,-2,1,3,1,-1,-3,-1,2,2,5,2,2,-2,-2,-5,-2,-2
0,1,33425,33428,100275,100276,100277,100280,100281,100282,200551,200552,200553,200554,200555,200558,200559,200560,200561,200562,1,-1,2,-2,1,3,1,-1,-3,-1,2,2,5,2,2,-2,-2,-5,-2,-2
0,1,33427,33430,100281,100282,100283,100286,100287,100288,200563,200564,200565,200566,200567,200570,200571,200572,200573,200574,1,-1,2,-2,1,3,1,-1,-3,-1,2,2,5,2,2,-2,-2,-5,-2,-2
0,1,33429,33432,100287,100288,100289,100292,100293,100294,200575,200576,200577,200578,200579,200582,200583,200584,200585,200586,1,-1,2,-2,1,3,1,-1,-3,-1,2,2,5,2,2,-2,-2,-5,-2,-2
0,1,33431,33434,100293,100294,100295,100298,100299,100300,200587,200588,200589,200590,200591,200594,200595,200596,200597,200598,1,-1,2,-2,1,3,1,-1,-3,-1,2,2,5,2,2,-2,-2,-5,-2,-2
0,1,33433,33436,100299,100300,100301,100304,100305,100306,200599,200600,200601,200602,200603,200606,200607,200608,200609,200610,1,-1,2,-2,1,3,1,-1,-3,-1,2,2,5,2,2,-2,-2,-5,-2,-2
0,1,33435,33438,100305,100306,100307,100310,100311,100312,200611,200612,200613,200614,200615,200618,200619,200620,200621,200622,1,-1,2,-2,1,3,1,-1,-3,-1,2,2,5,2,2,-2,-2,-5,-2,-2
0,1,33437,33440,100311,100312,100313,100316,100317,100318,200623,200624,200625,200626,200627,200630,200631,200632,200633,200634,1,-1,2,-2,1,3,1,-1,-3,-1,2,2,5,2,2,-2,-2,-5,-2,-2
0,1,33439,33442,100317,100318,100319,100322,100323,100324,200635,200636,200637,200638,200639,200642,200643,200644,200645,200646,1,-1,2,-2,1,3,1,-1,-3,-1,2,2,5,2,2,-2,-2,-5,-2,-2
0,1,33441,33444,100323,100324,100325,100328,100329,100330,200647,200648,200649,200650,200651,200654,200655,200656,200657,200658,1,-1,2,-2,1,3,1,-1,-3,-1,2,2,5,2,2,-2,-2,-5,-2,-2
0,1,33443,33446,100329,100330,100331,100334,100335,100336,200659,200660,200661,200662,200663,200666,200667,200668,200669,200670,1,-1,2,-2,1,3,1,-1,-3,-1,2,2,5,2,2,-2,-2,-5,-2,-2
0,1,33445,33448,100335,100336,100337,100340,100341,100342,200671,200672,200673,200674,200675,200678,200679,200680,200681,200682,1,-1,2,-2,1,3,1,-1,-3,-1,2,2,5,2,2,-2,-2,-5,-2,-2
0,1,33447,33450,100341,100342,100343,100346,100347,100348,200683,200684,200685,200686,200687,200690,200691,200692,200693,200694,1,-1,2,-2,1,3,1,-1,-3,-1,2,2,5,2,2,-2,-2,-5,-2,-2
0,1,33449,33452,100347,100348,100349,100352,100353,100354,200695,200696,200697,200698,200699,200702,200703,200704,200705,200706,1,-1,2,-2,1,3,1,-1,-3,-1,2,2,5,2,2,-2,-2,-5,-2,-2
0,1,33451,33454,100353,100354,100355,100358,100359,100360,200707,200708,200709,200710,200711,200714,200715,200716,200717,200718,1,-1,2,-2,1,3,1,-1,-3,-1,2,2,5,2,2,-2,-2,-5,-2,-2
0,1,33453,33456,100359,100360,100361,100364,100365,100366,200719,200720,200721,200722,200723,200726,200727,200728,200729,200730,1,-1,2,-2,1,3,1,-1,-3,-1,2,2,5,2,2,-2,-2,-5,-2,-2
0,1,33455,33458,100365,100366,100367,100370,100371,100372,200731,200732,200733,200734,200735,200738,200739,200740,200741,200742,1,-1,2,-2,1,3,1,-1,-3,-1,2,2,5,2,2,-2,-2,-5,-2,-2
0,1,33457,33460,100371,100372,100373,100376,100377,100378,200743,200744,200745,200746,200747,200750,200751,200752,200753,200754,1,-1,2,-2,1,3,1,-1,-3,-1,2,2,5,2,2,-2,-2,-5,-2,-2
0,1,33459,33462,100377,100378,100379,100382,100383,100384,200755,200756,200757,200758,200759,200762,200763,200764,200765,200766,1,-1,2,-2,1,3,1,-1,-3,-1,2,2,5,2,2,-2,-2,-5,-2,-2
0,1,33461,33464,100383,100384,100385,100388,100389,100390,200767,200768,200769,200770,200771,200774,200775,200776,200777,200778,1,-1,2,-2,1,3,1,-1,-3,-1,2,2,5,2,2,-2,-2,-5,-2,-2
0,1,33463,33466,100389,100390,100391,100394,100395,100396,200779,200780,200781,200782,200783,200786,200787,200788,200789,200790,1,-1,2,-2,1,3,1,-1,-3,-1,2,2,5,2,2,-2,-2,-5,-2,-2
0,1,33465,33468,100395,100396,100397,100400,100401,100402,200791,200792,200793,200794,200795,200798,200799,200800,200801,200802,1,-1,2,-2,1,3,1,-1,-3,-1,2,2,5,2,2,-2,-2,-5,-2,-2
0,1,33467,33470,100401,100402,100403,100406,100407,100408,200803,200804,200805,200806,200807,200810,200811,200812,200813,200814,1,-1,2,-2,1,3,1,-1,-3,-1,2,2,5,2,2,-2,-2,-5,-2,-2
0,1,33469,33472,100407,100408,100409,100412,100413,100414,200815,200816,200817,200818,200819,200822,200823,200824,200825,200826,1,-1,2,-2,1,3,1,-1,-3,-1,2,2,5,2,2,-2,-2,-5,-2,-2
0,1,33471,33474,100413,100414,100415,100418,100419,100420,200827,200828,200829,200830,200831,200834,200835,200836,200837,200838,1,-1,2,-2,1,3,1,-1,-3,-1,2,2,5,2,2,-2,-2,-5,-2,-2
0,1,33473,33476,100419,100420,100421,100424,100425,100426,200839,200840,200841,200842,200843,200846,200847,200848,200849,200850,1,-1,2,-2,1,3,1,-1,-3,-1,2,2,5,2,2,-2,-2,-5,-2,-2
0,1,33475,33478,100425,100426,100427,100430,100431,100432,200851,200852,200853,200854,200855,200858,200859,200860,200861,200862,1,-1,2,-2,1,3,1,-1,-3,-1,2,2,5,2,2,-2,-2,-5,-2,-2
0,1,33477,33480,100431,100432,100433,100436,100437,100438,200863,200864,200865,200866,200867,200870,200871,200872,200873,200874,1,-1,2,-2,1,3,1,-1,-3,-1,2,2,5,2,2,-2,-2,-5,-2,-2
0,1,33479,33482,100437,100438,100439,100442,100443,100444,200875,200876,200877,200878,200879,200882,200883,200884,200885,200886,1,-1,2,-2,1,3,1,-1,-3,-1,2,2,5,2,2,-2,-2,-5,-2,-2
0,1,33481,33484,100443,100444,100445,100448,100449,100450,200887,200888,200889,200890,200891,200894,200895,200896,200897,200898,1,-1,2,-2,1,3,1,-1,-3,-1,2,2,5,2,2,-2,-2,-5,-2,-2
0,1,33483,33486,100449,100450,100451,100454,100455,100456,200899,200900,200901,200902,200903,200906,200907,200908,200909,200910,1,-1,2,-2,1,3,1,-1,-3,-1,2,2,5,2,2,-2,-2,-5,-2,-2
0,1,33485,33488,100455,100456,100457,100460,100461,100462,200911,200912,200913,200914,200915,200918,200919,200920,200921,200922,1,-1,2,-2,1,3,1,-1,-3,-1,2,2,5,2,2,-2,-2,-5,-2,-2
0,1,33487,33490,100461,100462,100463,100466,100467,100468,200923,200924,200925,200926,200927,200930,200931,200932,200933,200934,1,-1,2,-2,1,3,1,-1,-3,-1,2,2,5,2,2,-2,-2,-5,-2,-2
0,1,33489,33492,100467,100468,100469,100472,100473,100474,200935,200936,200937,200938,200939,200942,200943,200944,200945,200946,1,-1,2,-2,1,3,1,-1,-3,-1,2,2,5,2,2,-2,-2,-5,-2,-2
0,1,33491,33494,100473,100474,100475,100478,100479,100480,200947,200948,200949,200950,200951,200954,200955,200956,200957,200958,1,-1,2,-2,1,3,1,-1,-3,-1,2,2,5,2,2,-2,-2,-5,-2,-2
0,1,33493,33496,100479,100480,100481,100484,100485,100486,200959,200960,200961,200962,200963,200966,200967,200968,200969,200970,1,-1,2,-2,1,3,1,-1,-3,-1,2,2,5,2,2,-2,-2,-5,-2,-2
0,1,33495,33498,100485,100486,100487,100490,100491,100492,200971,200972,200973,200974,200975,200978,200979,200980,200981,200982,1,-1,2,-2,1,3,1,-1,-3,-1,2,2,5,2,2,-2,-2,-5,-2,-2
0,1,33497,33500,100491,100492,100493,100496,100497,100498,200983,200984,200985,200986,200987,200990,200991,200992,200993,200994,1,-1,2,-2,1,3,1,-1,-3,-1,2,2,5,2,2,-2,-2,-5,-2,-2
0,1,33499,33502,100497,100498,100499,100502,100503,100504,200995,200996,200997,200998,200999,201002,201003,201004,201005,201006,1,-1,2,-2,1,3,1,-1,-3,-1,2,2,5,2,2,-2,-2,-5,-2,-2
0,1,33501,33504,100503,100504,100505,100508,100509,100510,201007,201008,201009,201010,201011,201014,201015,201016,201017,201018,1,-1,2,-2,1,3,1,-1,-3,-1,2,2,5,2,2,-2,-2,-5,-2,-2
0,1,33503,33506,100509,100510,100511,100514,100515,100516,201019,201020,201021,201022,201023,201026,201027,201028,201029,201030,1,-1,2,-2,1,3,1,-1,-3,-1,2,2,5,2,2,-2,-2,-5,-2,-2
0,1,33505,33508,100515,100516,100517,100520,100521,100522,201031,201032,201033,201034,201035,201038,201039,201040,201041,201042,1,-1,2,-2,1,3,1,-1,-3,-1,2,2,5,2,2,-2,-2,-5,-2,-2
0,1,33507,33510,100521,100522,100523,100526,100527,100528,201043,201044,201045,201046,201047,201050,201051,201052,201053,201054,1,-1,2,-2,1,3,1,-1,-3,-1,2,2,5,2,2,-2,-2,-5,-2,-2
0,1,33509,33512,100527,100528,100529,100532,100533,100534,201055,201056,201057,201058,201059,201062,201063,201064,201065,201066,1,-1,2,-2,1,3,1,-1,-3,-1,2,2,5,2,2,-2,-2,-5,-2,-2
0,1,33511,33514,100533,100534,100535,100538,100539,100540,201067,201068,201069,201070,201071,201074,201075,201076,201077,201078,1,-1,2,-2,1,3,1,-1,-3,-1,2,2,5,2,2,-2,-2,-5,-2,-2
0,1,33513,33516,100539,100540,100541,100544,100545,100546,201079,201080,201081,201082,201083,201086,201087,201088,201089,201090,1,-1,2,-2,1,3,1,-1,-3,-1,2,2,5,2,2,-2,-2,-5,-2,-2
0,1,33515,33518,100545,100546,100547,100550,100551,100552,201091,201092,201093,201094,201095,201098,201099,201100,201101,201102,1,-1,2,-2,1,3,1,-1,-3,-1,2,2,5,2,2,-2,-2,-5,-2,-2
0,1,33517,33520,100551,100552,100553,100556,100557,100558,201103,201104,201105,201106,201107,201110,201111,201112,201113,201114,1,-1,2,-2,1,3,1,-1,-3,-1,2,2,5,2,2,-2,-2,-5,-2,-2
0,1,33519,33522,100557,100558,100559,100562,100563,100564,201115,201116,201117,201118,201119,201122,201123,201124,201125,201126,1,-1,2,-2,1,3,1,-1,-3,-1,2,2,5,2,2,-2,-2,-5,-2,-2
0,1,33521,33524,100563,100564,100565,100568,100569,100570,201127,201128,201129,201130,201131,201134,201135,201136,201137,201138,1,-1,2,-2,1,3,1,-1,-3,-1,2,2,5,2,2,-2,-2,-5,-2,-2
0,1,33523,33526,100569,100570,100571,100574,100575,100576,201139,201140,201141,201142,201143,201146,201147,201148,201149,201150,1,-1,2,-2,1,3,1,-1,-3,-1,2,2,5,2,2,-2,-2,-5,-2,-2
0,1,33525,33528,100575,100576,100577,100580,100581,100582,201151,201152,201153,201154,201155,201158,201159,201160,201161,201162,1,-1,2,-2,1,3,1,-1,-3,-1,2,2,5,2,2,-2,-2,-5,-2,-2
0,1,33527,33530,100581,100582,100583,100586,100587,100588,201163,201164,201165,201166,201167,201170,201171,201172,201173,201174,1,-1,2,-2,1,3,1,-1,-3,-1,2,2,5,2,2,-2,-2,-5,-2,-2
0,1,33529,33532,100587,100588,100589,100592,100593,100594,201175,201176,201177,201178,201179,201182,201183,201184,201185,201186,1,-1,2,-2,1,3,1,-1,-3,-1,2,2,5,2,2,-2,-2,-5,-2,-2
0,1,33531,33534,100593,100594,100595,100598,100599,100600,201187,201188,201189,201190,201191,201194,201195,201196,201197,201198,1,-1,2,-2,1,3,1,-1,-3,-1,2,2,5,2,2,-2,-2,-5,-2,-2
0,1,33533,33536,100599,100600,100601,100604,100605,100606,201199,201200,201201,201202,201203,201206,201207,201208,201209,201210,1,-1,2,-2,1,3,1,-1,-3,-1,2,2,5,2,2,-2,-2,-5,-2,-2
0,1,33535,33538,100605,100606,100607,100610,100611,100612,201211,201212,201213,201214,201215,201218,201219,201220,201221,201222,1,-1,2,-2,1,3,1,-1,-3,-1,2,2,5,2,2,-2,-2,-5,-2,-2
0,1,33537,33540,100611,100612,100613,100616,100617,100618,201223,201224,201225,201226,201227,201230,201231,201232,201233,201234,1,-1,2,-2,1,3,1,-1,-3,-1,2,2,5,2,2,-2,-2,-5,-2,-2
0,1,33539,33542,100617,100618,100619,100622,100623,100624,201235,201236,201237,201238,201239,201242,201243,201244,201245,201246,1,-1,2,-2,1,3,1,-1,-3,-1,2,2,5,2,2,-2,-2,-5,-2,-2
0,1,33541,33544,100623,100624,100625,100628,100629,100630,201247,201248,201249,201250,201251,201254,201255,201256,201257,201258,1,-1,2,-2,1,3,1,-1,-3,-1,2,2,5,2,2,-2,-2,-5,-2,-2
0,1,33543,33546,100629,100630,100631,100634,100635,100636,201259,201260,201261,201262,201263,201266,201267,201268,201269,201270,1,-1,2,-2,1,3,1,-1,-3,-1,2,2,5,2,2,-2,-2,-5,-2,-2
0,1,33545,33548,100635,100636,100637,100640,100641,100642,201271,201272,201273,201274,201275,201278,201279,201280,201281,201282,1,-1,2,-2,1,3,1,-1,-3,-1,2,2,5,2,2,-2,-2,-5,-2,-2
0,1,33547,33550,100641,100642,100643,100646,100647,100648,201283,201284,201285,201286,201287,201290,201291,201292,201293,201294,1,-1,2,-2,1,3,1,-1,-3,-1,2,2,5,2,2,-2,-2,-5,-2,-2
0,1,33549,33552,100647,100648,100649,100652,100653,100654,201295,201296,201297,201298,201299,201302,201303,201304,201305,201306,1,-1,2,-2,1,3,1,-1,-3,-1,2,2,5,2,2,-2,-2,-5,-2,-2
0,1,33551,33554,100653,100654,100655,100658,100659,100660,201307,201308,201309,201310,201311,201314,201315,201316,201317,201318,1,-1,2,-2,1,3,1,-1,-3,-1,2,2,5,2,2,-2,-2,-5,-2,-2
0,1,33553,33556,100659,100660,100661,100664,100665,100666,201319,201320,201321,201322,201323,201326,201327,201328,201329,201330,1,-1,2,-2,1,3,1,-1,-3,-1,2,2,5,2,2,-2,-2,-5,-2,-2
0,1,33555,33558,100665,100666,100667,100670,100671,100672,201331,201332,201333,201334,201335,201338,201339,201340,201341,201342,1,-1,2,-2,1,3,1,-1,-3,-1,2,2,5,2,2,-2,-2,-5,-2,-2
0,1,33557,33560,100671,100672,100673,100676,100677,100678,201343,201344,201345,201346,201347,201350,201351,201352,201353,201354,1,-1,2,-2,1,3,1,-1,-3,-1,2,2,5,2,2,-2,-2,-5,-2,-2
0,1,33559,33562,100677,100678,100679,100682,100683,100684,201355,201356,201357,201358,201359,201362,201363,201364,201365,201366,1,-1,2,-2,1,3,1,-1,-3,-1,2,2,5,2,2,-2,-2,-5,-2,-2
0,1,33561,33564,100683,100684,100685,100688,100689,100690,201367,201368,201369,201370,201371,201374,201375,201376,201377,201378,1,-1,2,-2,1,3,1,-1,-3,-1,2,2,5,2,2,-2,-2,-5,-2,-2
0,1,33563,33566,100689,100690,100691,100694,100695,100696,201379,201380,201381,201382,201383,201386,201387,201388,201389,201390,1,-1,2,-2,1,3,1,-1,-3,-1,2,2,5,2,2,-2,-2,-5,-2,-2
0,1,33565,33568,100695,100696,100697,100700,100701,100702,201391,201392,201393,201394,201395,201398,201399,201400,201401,201402,1,-1,2,-2,1,3,1,-1,-3,-1,2,2,5,2,2,-2,-2,-5,-2,-2
0,1,33567,33570,100701,100702,100703,100706,100707,100708,201403,201404,201405,201406,201407,201410,201411,201412,201413,201414,1,-1,2,-2,1,3,1,-1,-3,-1,2,2,5,2,2,-2,-2,-5,-2,-2
0,1,33569,33572,100707,100708,100709,100712,100713,100714,201415,201416,201417,201418,201419,201422,201423,201424,201425,201426,1,-1,2,-2,1,3,1,-1,-3,-1,2,2,5,2,2,-2,-2,-5,-2,-2
0,1,33571,33574,100713,100714,100715,100718,100719,100720,201427,201428,201429,201430,201431,201434,201435,201436,201437,201438,1,-1,2,-2,1,3,1,-1,-3,-1,2,2,5,2,2,-2,-2,-5,-2,-2
0,1,33573,33576,100719,100720,100721,100724,100725,100726,201439,201440,201441,201442,201443,201446,201447,201448,201449,201450,1,-1,2,-2,1,3,1,-1,-3,-1,2,2,5,2,2,-2,-2,-5,-2,-2
0,1,33575,33578,100725,100726,100727,100730,100731,100732,201451,201452,201453,201454,201455,201458,201459,201460,201461,201462,1,-1,2,-2,1,3,1,-1,-3,-1,2,2,5,2,2,-2,-2,-5,-2,-2
0,1,33577,33580,100731,100732,100733,100736,100737,100738,201463,201464,201465,201466,201467,201470,201471,201472,201473,201474,1,-1,2,-2,1,3,1,-1,-3,-1,2,2,5,2,2,-2,-2,-5,-2,-2
0,1,33579,33582,100737,100738,100739,100742,100743,100744,201475,201476,201477,201478,201479,201482,201483,201484,201485,201486,1,-1,2,-2,1,3,1,-1,-3,-1,2,2,5,2,2,-2,-2,-5,-2,-2
0,1,33581,33584,100743,100744,100745,100748,100749,100750,201487,201488,201489,201490,201491,201494,201495,201496,201497,201498,1,-1,2,-2,1,3,1,-1,-3,-1,2,2,5,2,2,-2,-2,-5,-2,-2
0,1,33583,33586,100749,100750,100751,100754,100755,100756,201499,201500,201501,201502,201503,201506,201507,201508,201509,201510,1,-1,2,-2,1,3,1,-1,-3,-1,2,2,5,2,2,-2,-2,-5,-2,-2
0,1,33585,33588,100755,100756,100757,100760,100761,100762,201511,201512,201513,201514,201515,201518,201519,201520,201521,201522,1,-1,2,-2,1,3,1,-1,-3,-1,2,2,5,2,2,-2,-2,-5,-2,-2
0,1,33587,33590,100761,100762,100763,100766,100767,100768,201523,201524,201525,201526,201527,201530,201531,201532,201533,201534,1,-1,2,-2,1,3,1,-1,-3,-1,2,2,5,2,2,-2,-2,-5,-2,-2
0,1,33589,33592,100767,100768,100769,100772,100773,100774,201535,201536,201537,201538,201539,201542,201543,201544,201545,201546,1,-1,2,-2,1,3,1,-1,-3,-1,2,2,5,2,2,-2,-2,-5,-2,-2
0,1,33591,33594,100773,100774,100775,100778,100779,100780,201547,201548,201549,201550,201551,201554,201555,201556,201557,201558,1,-1,2,-2,1,3,1,-1,-3,-1,2,2,5,2,2,-2,-2,-5,-2,-2
0,1,33593,33596,100779,100780,100781,100784,100785,100786,201559,201560,201561,201562,201563,201566,201567,201568,201569,201570,1,-1,2,-2,1,3,1,-1,-3,-1,2,2,5,2,2,-2,-2,-5,-2,-2
0,1,33595,33598,100785,100786,100787,100790,100791,100792,201571,201572,201573,201574,201575,201578,201579,201580,201581,201582,1,-1,2,-2,1,3,1,-1,-3,-1,2,2,5,2,2,-2,-2,-5,-2,-2
0,1,33597,33600,100791,100792,100793,100796,100797,100798,201583,201584,201585,201586,201587,201590,201591,201592,201593,201594,1,-1,2,-2,1,3,1,-1,-3,-1,2,2,5,2,2,-2,-2,-5,-2,-2
0,1,33599,33602,100797,100798,100799,100802,100803,100804,201595,201596,201597,201598,201599,201602,201603,201604,201605,201606,1,-1,2,-2,1,3,1,-1,-3,-1,2,2,5,2,2,-2,-2,-5,-2,-2
0,1,33601,33604,100803,100804,100805,100808,100809,100810,201607,201608,201609,201610,201611,201614,201615,201616,201617,201618,1,-1,2,-2,1,3,1,-1,-3,-1,2,2,5,2,2,-2,-2,-5,-2,-2
0,1,33603,33606,100809,100810,100811,100814,100815,100816,201619,201620,201621,201622,201623,201626,201627,201628,201629,201630,1,-1,2,-2,1,3,1,-1,-3,-1,2,2,5,2,2,-2,-2,-5,-2,-2
0,1,33605,33608,100815,100816,100817,100820,100821,100822,201631,201632,201633,201634,201635,201638,201639,201640,201641,201642,1,-1,2,-2,1,3,1,-1,-3,-1,2,2,5,2,2,-2,-2,-5,-2,-2
0,1,33607,33610,100821,100822,100823,100826,100827,100828,201643,201644,201645,201646,201647,201650,201651,201652,201653,201654,1,-1,2,-2,1,3,1,-1,-3,-1,2,2,5,2,2,-2,-2,-5,-2,-2
0,1,33609,33612,100827,100828,100829,100832,100833,100834,201655,201656,201657,201658,201659,201662,201663,201664,201665,201666,1,-1,2,-2,1,3,1,-1,-3,-1,2,2,5,2,2,-2,-2,-5,-2,-2
0,1,33611,33614,100833,100834,100835,100838,100839,100840,201667,201668,201669,201670,201671,201674,201675,201676,201677,201678,1,-1,2,-2,1,3,1,-1,-3,-1,2,2,5,2,2,-2,-2,-5,-2,-2
0,1,33613,33616,100839,100840,100841,100844,100845,100846,201679,201680,201681,201682,201683,201686,201687,201688,201689,201690,1,-1,2,-2,1,3,1,-1,-3,-1,2,2,5,2,2,-2,-2,-5,-2,-2
0,1,33615,33618,100845,100846,100847,100850,100851,100852,201691,201692,201693,201694,201695,201698,201699,201700,201701,201702,1,-1,2,-2,1,3,1,-1,-3,-1,2,2,5,2,2,-2,-2,-5,-2,-2
0,1,33617,33620,100851,100852,100853,100856,100857,100858,201703,201704,201705,201706,201707,201710,201711,201712,201713,201714,1,-1,2,-2,1,3,1,-1,-3,-1,2,2,5,2,2,-2,-2,-5,-2,-2
0,1,33619,33622,100857,100858,100859,100862,100863,100864,201715,201716,201717,201718,201719,201722,201723,201724,201725,201726,1,-1,2,-2,1,3,1,-1,-3,-1,2,2,5,2,2,-2,-2,-5,-2,-2
0,1,33621,33624,100863,100864,100865,100868,100869,100870,201727,201728,201729,201730,201731,201734,201735,201736,201737,201738,1,-1,2,-2,1,3,1,-1,-3,-1,2,2,5,2,2,-2,-2,-5,-2,-2
0,1,33623,33626,100869,100870,100871,100874,100875,100876,201739,201740,201741,201742,201743,201746,201747,201748,201749,201750,1,-1,2,-2,1,3,1,-1,-3,-1,2,2,5,2,2,-2,-2,-5,-2,-2
0,1,33625,33628,100875,100876,100877,100880,100881,100882,201751,201752,201753,201754,201755,201758,201759,201760,201761,201762,1,-1,2,-2,1,3,1,-1,-3,-1,2,2,5,2,2,-2,-2,-5,-2,-2
0,1,33627,33630,100881,100882,100883,100886,100887,100888,201763,201764,201765,201766,201767,201770,201771,201772,201773,201774,1,-1,2,-2,1,3,1,-1,-3,-1,2,2,5,2,2,-2,-2,-5,-2,-2
0,1,33629,33632,100887,100888,100889,100892,100893,100894,201775,201776,201777,201778,201779,201782,201783,201784,201785,201786,1,-1,2,-2,1,3,1,-1,-3,-1,2,2,5,2,2,-2,-2,-5,-2,-2
0,1,33631,33634,100893,100894,100895,100898,100899,100900,201787,201788,201789,201790,201791,201794,201795,201796,201797,201798,1,-1,2,-2,1,3,1,-1,-3,-1,2,2,5,2,2,-2,-2,-5,-2,-2
0,1,33633,33636,100899,100900,100901,100904,100905,100906,201799,201800,201801,201802,201803,201806,201807,201808,201809,201810,1,-1,2,-2,1,3,1,-1,-3,-1,2,2,5,2,2,-2,-2,-5,-2,-2
0,1,33635,33638,100905,100906,100907,100910,100911,100912,201811,201812,201813,201814,201815,201818,201819,201820,201821,201822,1,-1,2,-2,1,3,1,-1,-3,-1,2,2,5,2,2,-2,-2,-5,-2,-2
0,1,33637,33640,100911,100912,100913,100916,100917,100918,201823,201824,201825,201826,201827,201830,201831,201832,201833,201834,1,-1,2,-2,1,3,1,-1,-3,-1,2,2,5,2,2,-2,-2,-5,-2,-2
0,1,33639,33642,100917,100918,100919,100922,100923,100924,201835,201836,201837,201838,201839,201842,201843,201844,201845,201846,1,-1,2,-2,1,3,1,-1,-3,-1,2,2,5,2,2,-2,-2,-5,-2,-2
0,1,33641,33644,100923,100924,100925,100928,100929,100930,201847,201848,201849,201850,201851,201854,201855,201856,201857,201858,1,-1,2,-2,1,3,1,-1,-3,-1,2,2,5,2,2,-2,-2,-5,-2,-2
0,1,33643,33646,100929,100930,100931,100934,100935,100936,201859,201860,201861,201862,201863,201866,201867,201868,201869,201870,1,-1,2,-2,1,3,1,-1,-3,-1,2,2,5,2,2,-2,-2,-5,-2,-2
0,1,33645,33648,100935,100936,100937,100940,100941,100942,201871,201872,201873,201874,201875,201878,201879,201880,201881,201882,1,-1,2,-2,1,3,1,-1,-3,-1,2,2,5,2,2,-2,-2,-5,-2,-2
0,1,33647,33650,100941,100942,100943,100946,100947,100948,201883,201884,201885,201886,201887,201890,201891,201892,201893,201894,1,-1,2,-2,1,3,1,-1,-3,-1,2,2,5,2,2,-2,-2,-5,-2,-2
0,1,33649,33652,100947,100948,100949,100952,100953,100954,201895,201896,201897,201898,201899,201902,201903,201904,201905,201906,1,-1,2,-2,1,3,1,-1,-3,-1,2,2,5,2,2,-2,-2,-5,-2,-2
0,1,33651,33654,100953,100954,100955,100958,100959,100960,201907,201908,201909,201910,201911,201914,201915,201916,201917,201918,1,-1,2,-2,1,3,1,-1,-3,-1,2,2,5,2,2,-2,-2,-5,-2,-2
0,1,33653,33656,100959,100960,100961,100964,100965,100966,201919,201920,201921,201922,201923,201926,201927,201928,201929,201930,1,-1,2,-2,1,3,1,-1,-3,-1,2,2,5,2,2,-2,-2,-5,-2,-2
0,1,33655,33658,100965,100966,100967,100970,100971,100972,201931,201932,201933,201934,201935,201938,201939,201940,201941,201942,1,-1,2,-2,1,3,1,-1,-3,-1,2,2,5,2,2,-2,-2,-5,-2,-2
0,1,33657,33660,100971,100972,100973,100976,100977,100978,201943,201944,201945,201946,201947,201950,201951,201952,201953,201954,1,-1,2,-2,1,3,1,-1,-3,-1,2,2,5,2,2,-2,-2,-5,-2,-2
0,1,33659,33662,100977,100978,100979,100982,100983,100984,201955,201956,201957,201958,201959,201962,201963,201964,201965,201966,1,-1,2,-2,1,3,1,-1,-3,-1,2,2,5,2,2,-2,-2,-5,-2,-2
0,1,33661,33664,100983,100984,100985,100988,100989,100990,201967,201968,201969,201970,201971,201974,201975,201976,201977,201978,1,-1,2,-2,1,3,1,-1,-3,-1,2,2,5,2,2,-2,-2,-5,-2,-2
0,1,33663,33666,100989,100990,100991,100994,100995,100996,201979,201980,201981,201982,201983,201986,201987,201988,201989,201990,1,-1,2,-2,1,3,1,-1,-3,-1,2,2,5,2,2,-2,-2,-5,-2,-2
0,1,33665,33668,100995,100996,100997,101000,101001,101002,201991,201992,201993,201994,201995,201998,201999,202000,202001,202002,1,-1,2,-2,1,3,1,-1,-3,-1,2,2,5,2,2,-2,-2,-5,-2,-2
0,1,33667,33670,101001,101002,101003,101006,101007,101008,202003,202004,202005,202006,202007,202010,202011,202012,202013,202014,1,-1,2,-2,1,3,1,-1,-3,-1,2,2,5,2,2,-2,-2,-5,-2,-2
0,1,33669,33672,101007,101008,101009,101012,101013,101014,202015,202016,202017,202018,202019,202022,202023,202024,202025,202026,1,-1,2,-2,1,3,1,-1,-3,-1,2,2,5,2,2,-2,-2,-5,-2,-2
0,1,33671,33674,101013,101014,101015,101018,101019,101020,202027,202028,202029,202030,202031,202034,202035,202036,202037,202038,1,-1,2,-2,1,3,1,-1,-3,-1,2,2,5,2,2,-2,-2,-5,-2,-2
0,1,33673,33676,101019,101020,101021,101024,101025,101026,202039,202040,202041,202042,202043,202046,202047,202048,202049,202050,1,-1,2,-2,1,3,1,-1,-3,-1,2,2,5,2,2,-2,-2,-5,-2,-2
0,1,33675,33678,101025,101026,101027,101030,101031,101032,202051,202052,202053,202054,202055,202058,202059,202060,202061,202062,1,-1,2,-2,1,3,1,-1,-3,-1,2,2,5,2,2,-2,-2,-5,-2,-2
0,1,33677,33680,101031,101032,101033,101036,101037,101038,202063,202064,202065,202066,202067,202070,202071,202072,202073,202074,1,-1,2,-2,1,3,1,-1,-3,-1,2,2,5,2,2,-2,-2,-5,-2,-2
0,1,33679,33682,101037,101038,101039,101042,101043,101044,202075,202076,202077,202078,202079,202082,202083,202084,202085,202086,1,-1,2,-2,1,3,1,-1,-3,-1,2,2,5,2,2,-2,-2,-5,-2,-2
0,1,33681,33684,101043,101044,101045,101048,101049,101050,202087,202088,202089,202090,202091,202094,202095,202096,202097,202098,1,-1,2,-2,1,3,1,-1,-3,-1,2,2,5,2,2,-2,-2,-5,-2,-2
0,1,33683,33686,101049,101050,101051,101054,101055,101056,202099,202100,202101,202102,202103,202106,202107,202108,202109,202110,1,-1,2,-2,1,3,1,-1,-3,-1,2,2,5,2,2,-2,-2,-5,-2,-2
0,1,33685,33688,101055,101056,101057,101060,101061,101062,202111,202112,202113,202114,202115,202118,202119,202120,202121,202122,1,-1,2,-2,1,3,1,-1,-3,-1,2,2,5,2,2,-2,-2,-5,-2,-2
0,1,33687,33690,101061,101062,101063,101066,101067,101068,202123,202124,202125,202126,202127,202130,202131,202132,202133,202134,1,-1,2,-2,1,3,1,-1,-3,-1,2,2,5,2,2,-2,-2,-5,-2,-2
0,1,33689,33692,101067,101068,101069,101072,101073,101074,202135,202136,202137,202138,202139,202142,202143,202144,202145,202146,1,-1,2,-2,1,3,1,-1,-3,-1,2,2,5,2,2,-2,-2,-5,-2,-2
0,1,33691,33694,101073,101074,101075,101078,101079,101080,202147,202148,202149,202150,202151,202154,202155,202156,202157,202158,1,-1,2,-2,1,3,1,-1,-3,-1,2,2,5,2,2,-2,-2,-5,-2,-2
0,1,33693,33696,101079,101080,101081,101084,101085,101086,202159,202160,202161,202162,202163,202166,202167,202168,202169,202170,1,-1,2,-2,1,3,1,-1,-3,-1,2,2,5,2,2,-2,-2,-5,-2,-2
0,1,33695,33698,101085,101086,101087,101090,101091,101092,202171,202172,202173,202174,202175,202178,202179,202180,202181,202182,1,-1,2,-2,1,3,1,-1,-3,-1,2,2,5,2,2,-2,-2,-5,-2,-2
0,1,33697,33700,101091,101092,101093,101096,101097,101098,202183,202184,202185,202186,202187,202190,202191,202192,202193,202194,1,-1,2,-2,1,3,1,-1,-3,-1,2,2,5,2,2,-2,-2,-5,-2,-2
0,1,33699,33702,101097,101098,101099,101102,101103,101104,202195,202196,202197,202198,202199,202202,202203,202204,202205,202206,1,-1,2,-2,1,3,1,-1,-3,-1,2,2,5,2,2,-2,-2,-5,-2,-2
0,1,33701,33704,101103,101104,101105,101108,101109,101110,202207,202208,202209,202210,202211,202214,202215,202216,202217,202218,1,-1,2,-2,1,3,1,-1,-3,-1,2,2,5,2,2,-2,-2,-5,-2,-2
0,1,33703,33706,101109,101110,101111,101114,101115,101116,202219,202220,202221,202222,202223,202226,202227,202228,202229,202230,1,-1,2,-2,1,3,1,-1,-3,-1,2,2,5,2,2,-2,-2,-5,-2,-2
0,1,33705,33708,101115,101116,101117,101120,101121,101122,202231,202232,202233,202234,202235,202238,202239,202240,202241,202242,1,-1,2,-2,1,3,1,-1,-3,-1,2,2,5,2,2,-2,-2,-5,-2,-2
0,1,33707,33710,101121,101122,101123,101126,101127,101128,202243,202244,202245,202246,202247,202250,202251,202252,202253,202254,1,-1,2,-2,1,3,1,-1,-3,-1,2,2,5,2,2,-2,-2,-5,-2,-2
0,1,33709,33712,101127,101128,101129,101132,101133,101134,202255,202256,202257,202258,202259,202262,202263,202264,202265,202266,1,-1,2,-2,1,3,1,-1,-3,-1,2,2,5,2,2,-2,-2,-5,-2,-2
0,1,33711,33714,101133,101134,101135,101138,101139,101140,202267,202268,202269,202270,202271,202274,202275,202276,202277,202278,1,-1,2,-2,1,3,1,-1,-3,-1,2,2,5,2,2,-2,-2,-5,-2,-2
0,1,33713,33716,101139,101140,101141,101144,101145,101146,202279,202280,202281,202282,202283,202286,202287,202288,202289,202290,1,-1,2,-2,1,3,1,-1,-3,-1,2,2,5,2,2,-2,-2,-5,-2,-2
0,1,33715,33718,101145,101146,101147,101150,101151,101152,202291,202292,202293,202294,202295,202298,202299,202300,202301,202302,1,-1,2,-2,1,3,1,-1,-3,-1,2,2,5,2,2,-2,-2,-5,-2,-2
0,1,33717,33720,101151,101152,101153,101156,101157,101158,202303,202304,202305,202306,202307,202310,202311,202312,202313,202314,1,-1,2,-2,1,3,1,-1,-3,-1,2,2,5,2,2,-2,-2,-5,-2,-2
0,1,33719,33722,101157,101158,101159,101162,101163,101164,202315,202316,202317,202318,202319,202322,202323,202324,202325,202326,1,-1,2,-2,1,3,1,-1,-3,-1,2,2,5,2,2,-2,-2,-5,-2,-2
0,1,33721,33724,101163,101164,101165,101168,101169,101170,202327,202328,202329,202330,202331,202334,202335,202336,202337,202338,1,-1,2,-2,1,3,1,-1,-3,-1,2,2,5,2,2,-2,-2,-5,-2,-2
0,1,33723,33726,101169,101170,101171,101174,101175,101176,202339,202340,202341,202342,202343,202346,202347,202348,202349,202350,1,-1,2,-2,1,3,1,-1,-3,-1,2,2,5,2,2,-2,-2,-5,-2,-2
0,1,33725,33728,101175,101176,101177,101180,101181,101182,202351,202352,202353,202354,202355,202358,202359,202360,202361,202362,1,-1,2,-2,1,3,1,-1,-3,-1,2,2,5,2,2,-2,-2,-5,-2,-2
0,1,33727,33730,101181,101182,101183,101186,101187,101188,202363,202364,202365,202366,202367,202370,202371,202372,202373,202374,1,-1,2,-2,1,3,1,-1,-3,-1,2,2,5,2,2,-2,-2,-5,-2,-2
0,1,33729,33732,101187,101188,101189,101192,101193,101194,202375,202376,202377,202378,202379,202382,202383,202384,202385,202386,1,-1,2,-2,1,3,1,-1,-3,-1,2,2,5,2,2,-2,-2,-5,-2,-2
0,1,33731,33734,101193,101194,101195,101198,101199,101200,202387,202388,202389,202390,202391,202394,202395,202396,202397,202398,1,-1,2,-2,1,3,1,-1,-3,-1,2,2,5,2,2,-2,-2,-5,-2,-2
0,1,33733,33736,101199,101200,101201,101204,101205,101206,202399,202400,202401,202402,202403,202406,202407,202408,202409,202410,1,-1,2,-2,1,3,1,-1,-3,-1,2,2,5,2,2,-2,-2,-5,-2,-2
0,1,33735,33738,101205,101206,101207,101210,101211,101212,202411,202412,202413,202414,202415,202418,202419,202420,202421,202422,1,-1,2,-2,1,3,1,-1,-3,-1,2,2,5,2,2,-2,-2,-5,-2,-2
0,1,33737,33740,101211,101212,101213,101216,101217,101218,202423,202424,202425,202426,202427,202430,202431,202432,202433,202434,1,-1,2,-2,1,3,1,-1,-3,-1,2,2,5,2,2,-2,-2,-5,-2,-2
0,1,33739,33742,101217,101218,101219,101222,101223,101224,202435,202436,202437,202438,202439,202442,202443,202444,202445,202446,1,-1,2,-2,1,3,1,-1,-3,-1,2,2,5,2,2,-2,-2,-5,-2,-2
0,1,33741,33744,101223,101224,101225,101228,101229,101230,202447,202448,202449,202450,202451,202454,202455,202456,202457,202458,1,-1,2,-2,1,3,1,-1,-3,-1,2,2,5,2,2,-2,-2,-5,-2,-2
0,1,33743,33746,101229,101230,101231,101234,101235,101236,202459,202460,202461,202462,202463,202466,202467,202468,202469,202470,1,-1,2,-2,1,3,1,-1,-3,-1,2,2,5,2,2,-2,-2,-5,-2,-2
0,1,33745,33748,101235,101236,101237,101240,101241,101242,202471,202472,202473,202474,202475,202478,202479,202480,202481,202482,1,-1,2,-2,1,3,1,-1,-3,-1,2,2,5,2,2,-2,-2,-5,-2,-2
0,1,33747,33750,101241,101242,101243,101246,101247,101248,202483,202484,202485,202486,202487,202490,202491,202492,202493,202494,1,-1,2,-2,1,3,1,-1,-3,-1,2,2,5,2,2,-2,-2,-5,-2,-2
0,1,33749,33752,101247,101248,101249,101252,101253,101254,202495,202496,202497,202498,202499,202502,202503,202504,202505,202506,1,-1,2,-2,1,3,1,-1,-3,-1,2,2,5,2,2,-2,-2,-5,-2,-2
0,1,33751,33754,101253,101254,101255,101258,101259,101260,202507,202508,202509,202510,202511,202514,202515,202516,202517,202518,1,-1,2,-2,1,3,1,-1,-3,-1,2,2,5,2,2,-2,-2,-5,-2,-2
0,1,33753,33756,101259,101260,101261,101264,101265,101266,202519,202520,202521,202522,202523,202526,202527,202528,202529,202530,1,-1,2,-2,1,3,1,-1,-3,-1,2,2,5,2,2,-2,-2,-5,-2,-2
0,1,33755,33758,101265,101266,101267,101270,101271,101272,202531,202532,202533,202534,202535,202538,202539,202540,202541,202542,1,-1,2,-2,1,3,1,-1,-3,-1,2,2,5,2,2,-2,-2,-5,-2,-2
0,1,33757,33760,101271,101272,101273,101276,101277,101278,202543,202544,202545,202546,202547,202550,202551,202552,202553,202554,1,-1,2,-2,1,3,1,-1,-3,-1,2,2,5,2,2,-2,-2,-5,-2,-2
0,1,33759,33762,101277,101278,101279,101282,101283,101284,202555,202556,202557,202558,202559,202562,202563,202564,202565,202566,1,-1,2,-2,1,3,1,-1,-3,-1,2,2,5,2,2,-2,-2,-5,-2,-2
0,1,33761,33764,101283,101284,101285,101288,101289,101290,202567,202568,202569,202570,202571,202574,202575,202576,202577,202578,1,-1,2,-2,1,3,1,-1,-3,-1,2,2,5,2,2,-2,-2,-5,-2,-2
0,1,33763,33766,101289,101290,101291,101294,101295,101296,202579,202580,202581,202582,202583,202586,202587,202588,202589,202590,1,-1,2,-2,1,3,1,-1,-3,-1,2,2,5,2,2,-2,-2,-5,-2,-2
0,1,33765,33768,101295,101296,101297,101300,101301,101302,202591,202592,202593,202594,202595,202598,202599,202600,202601,202602,1,-1,2,-2,1,3,1,-1,-3,-1,2,2,5,2,2,-2,-2,-5,-2,-2
0,1,33767,33770,101301,101302,101303,101306,101307,101308,202603,202604,202605,202606,202607,202610,202611,202612,202613,202614,1,-1,2,-2,1,3,1,-1,-3,-1,2,2,5,2,2,-2,-2,-5,-2,-2
0,1,33769,33772,101307,101308,101309,101312,101313,101314,202615,202616,202617,202618,202619,202622,202623,202624,202625,202626,1,-1,2,-2,1,3,1,-1,-3,-1,2,2,5,2,2,-2,-2,-5,-2,-2
0,1,33771,33774,101313,101314,101315,101318,101319,101320,202627,202628,202629,202630,202631,202634,202635,202636,202637,202638,1,-1,2,-2,1,3,1,-1,-3,-1,2,2,5,2,2,-2,-2,-5,-2,-2
0,1,33773,33776,101319,101320,101321,101324,101325,101326,202639,202640,202641,202642,202643,202646,202647,202648,202649,202650,1,-1,2,-2,1,3,1,-1,-3,-1,2,2,5,2,2,-2,-2,-5,-2,-2
0,1,33775,33778,101325,101326,101327,101330,101331,101332,202651,202652,202653,202654,202655,202658,202659,202660,202661,202662,1,-1,2,-2,1,3,1,-1,-3,-1,2,2,5,2,2,-2,-2,-5,-2,-2
0,1,33777,33780,101331,101332,101333,101336,101337,101338,202663,202664,202665,202666,202667,202670,202671,202672,202673,202674,1,-1,2,-2,1,3,1,-1,-3,-1,2,2,5,2,2,-2,-2,-5,-2,-2
0,1,33779,33782,101337,101338,101339,101342,101343,101344,202675,202676,202677,202678,202679,202682,202683,202684,202685,202686,1,-1,2,-2,1,3,1,-1,-3,-1,2,2,5,2,2,-2,-2,-5,-2,-2
0,1,33781,33784,101343,101344,101345,101348,101349,101350,202687,202688,202689,202690,202691,202694,202695,202696,202697,202698,1,-1,2,-2,1,3,1,-1,-3,-1,2,2,5,2,2,-2,-2,-5,-2,-2
0,1,33783,33786,101349,101350,101351,101354,101355,101356,202699,202700,202701,202702,202703,202706,202707,202708,202709,202710,1,-1,2,-2,1,3,1,-1,-3,-1,2,2,5,2,2,-2,-2,-5,-2,-2
0,1,33785,33788,101355,101356,101357,101360,101361,101362,202711,202712,202713,202714,202715,202718,202719,202720,202721,202722,1,-1,2,-2,1,3,1,-1,-3,-1,2,2,5,2,2,-2,-2,-5,-2,-2
0,1,33787,33790,101361,101362,101363,101366,101367,101368,202723,202724,202725,202726,202727,202730,202731,202732,202733,202734,1,-1,2,-2,1,3,1,-1,-3,-1,2,2,5,2,2,-2,-2,-5,-2,-2
0,1,33789,33792,101367,101368,101369,101372,101373,101374,202735,202736,202737,202738,202739,202742,202743,202744,202745,202746,1,-1,2,-2,1,3,1,-1,-3,-1,2,2,5,2,2,-2,-2,-5,-2,-2
0,1,33791,33794,101373,101374,101375,101378,101379,101380,202747,202748,202749,202750,202751,202754,202755,202756,202757,202758,1,-1,2,-2,1,3,1,-1,-3,-1,2,2,5,2,2,-2,-2,-5,-2,-2
0,1,33793,33796,101379,101380,101381,101384,101385,101386,202759,202760,202761,202762,202763,202766,202767,202768,202769,202770,1,-1,2,-2,1,3,1,-1,-3,-1,2,2,5,2,2,-2,-2,-5,-2,-2
0,1,33795,33798,101385,101386,101387,101390,101391,101392,202771,202772,202773,202774,202775,202778,202779,202780,202781,202782,1,-1,2,-2,1,3,1,-1,-3,-1,2,2,5,2,2,-2,-2,-5,-2,-2
0,1,33797,33800,101391,101392,101393,101396,101397,101398,202783,202784,202785,202786,202787,202790,202791,202792,202793,202794,1,-1,2,-2,1,3,1,-1,-3,-1,2,2,5,2,2,-2,-2,-5,-2,-2
0,1,33799,33802,101397,101398,101399,101402,101403,101404,202795,202796,202797,202798,202799,202802,202803,202804,202805,202806,1,-1,2,-2,1,3,1,-1,-3,-1,2,2,5,2,2,-2,-2,-5,-2,-2
0,1,33801,33804,101403,101404,101405,101408,101409,101410,202807,202808,202809,202810,202811,202814,202815,202816,202817,202818,1,-1,2,-2,1,3,1,-1,-3,-1,2,2,5,2,2,-2,-2,-5,-2,-2
0,1,33803,33806,101409,101410,101411,101414,101415,101416,202819,202820,202821,202822,202823,202826,202827,202828,202829,202830,1,-1,2,-2,1,3,1,-1,-3,-1,2,2,5,2,2,-2,-2,-5,-2,-2
0,1,33805,33808,101415,101416,101417,101420,101421,101422,202831,202832,202833,202834,202835,202838,202839,202840,202841,202842,1,-1,2,-2,1,3,1,-1,-3,-1,2,2,5,2,2,-2,-2,-5,-2,-2
0,1,33807,33810,101421,101422,101423,101426,101427,101428,202843,202844,202845,202846,202847,202850,202851,202852,202853,202854,1,-1,2,-2,1,3,1,-1,-3,-1,2,2,5,2,2,-2,-2,-5,-2,-2
0,1,33809,33812,101427,101428,101429,101432,101433,101434,202855,202856,202857,202858,202859,202862,202863,202864,202865,202866,1,-1,2,-2,1,3,1,-1,-3,-1,2,2,5,2,2,-2,-2,-5,-2,-2
0,1,33811,33814,101433,101434,101435,101438,101439,101440,202867,202868,202869,202870,202871,202874,202875,202876,202877,202878,1,-1,2,-2,1,3,1,-1,-3,-1,2,2,5,2,2,-2,-2,-5,-2,-2
0,1,33813,33816,101439,101440,101441,101444,101445,101446,202879,202880,202881,202882,202883,202886,202887,202888,202889,202890,1,-1,2,-2,1,3,1,-1,-3,-1,2,2,5,2,2,-2,-2,-5,-2,-2
0,1,33815,33818,101445,101446,101447,101450,101451,101452,202891,202892,202893,202894,202895,202898,202899,202900,202901,202902,1,-1,2,-2,1,3,1,-1,-3,-1,2,2,5,2,2,-2,-2,-5,-2,-2
0,1,33817,33820,101451,101452,101453,101456,101457,101458,202903,202904,202905,202906,202907,202910,202911,202912,202913,202914,1,-1,2,-2,1,3,1,-1,-3,-1,2,2,5,2,2,-2,-2,-5,-2,-2
0,1,33819,33822,101457,101458,101459,101462,101463,101464,202915,202916,202917,202918,202919,202922,202923,202924,202925,202926,1,-1,2,-2,1,3,1,-1,-3,-1,2,2,5,2,2,-2,-2,-5,-2,-2
0,1,33821,33824,101463,101464,101465,101468,101469,101470,202927,202928,202929,202930,202931,202934,202935,202936,202937,202938,1,-1,2,-2,1,3,1,-1,-3,-1,2,2,5,2,2,-2,-2,-5,-2,-2
0,1,33823,33826,101469,101470,101471,101474,101475,101476,202939,202940,202941,202942,202943,202946,202947,202948,202949,202950,1,-1,2,-2,1,3,1,-1,-3,-1,2,2,5,2,2,-2,-2,-5,-2,-2
0,1,33825,33828,101475,101476,101477,101480,101481,101482,202951,202952,202953,202954,202955,202958,202959,202960,202961,202962,1,-1,2,-2,1,3,1,-1,-3,-1,2,2,5,2,2,-2,-2,-5,-2,-2
0,1,33827,33830,101481,101482,101483,101486,101487,101488,202963,202964,202965,202966,202967,202970,202971,202972,202973,202974,1,-1,2,-2,1,3,1,-1,-3,-1,2,2,5,2,2,-2,-2,-5,-2,-2
0,1,33829,33832,101487,101488,101489,101492,101493,101494,202975,202976,202977,202978,202979,202982,202983,202984,202985,202986,1,-1,2,-2,1,3,1,-1,-3,-1,2,2,5,2,2,-2,-2,-5,-2,-2
0,1,33831,33834,101493,101494,101495,101498,101499,101500,202987,202988,202989,202990,202991,202994,202995,202996,202997,202998,1,-1,2,-2,1,3,1,-1,-3,-1,2,2,5,2,2,-2,-2,-5,-2,-2
0,1,33833,33836,101499,101500,101501,101504,101505,101506,202999,203000,203001,203002,203003,203006,203007,203008,203009,203010,1,-1,2,-2,1,3,1,-1,-3,-1,2,2,5,2,2,-2,-2,-5,-2,-2
0,1,33835,33838,101505,101506,101507,101510,101511,101512,203011,203012,203013,203014,203015,203018,203019,203020,203021,203022,1,-1,2,-2,1,3,1,-1,-3,-1,2,2,5,2,2,-2,-2,-5,-2,-2
0,1,33837,33840,101511,101512,101513,101516,101517,101518,203023,203024,203025,203026,203027,203030,203031,203032,203033,203034,1,-1,2,-2,1,3,1,-1,-3,-1,2,2,5,2,2,-2,-2,-5,-2,-2
0,1,33839,33842,101517,101518,101519,101522,101523,101524,203035,203036,203037,203038,203039,203042,203043,203044,203045,203046,1,-1,2,-2,1,3,1,-1,-3,-1,2,2,5,2,2,-2,-2,-5,-2,-2
0,1,33841,33844,101523,101524,101525,101528,101529,101530,203047,203048,203049,203050,203051,203054,203055,203056,203057,203058,1,-1,2,-2,1,3,1,-1,-3,-1,2,2,5,2,2,-2,-2,-5,-2,-2
0,1,33843,33846,101529,101530,101531,101534,101535,101536,203059,203060,203061,203062,203063,203066,203067,203068,203069,203070,1,-1,2,-2,1,3,1,-1,-3,-1,2,2,5,2,2,-2,-2,-5,-2,-2
0,1,33845,33848,101535,101536,101537,101540,101541,101542,203071,203072,203073,203074,203075,203078,203079,203080,203081,203082,1,-1,2,-2,1,3,1,-1,-3,-1,2,2,5,2,2,-2,-2,-5,-2,-2
0,1,33847,33850,101541,101542,101543,101546,101547,101548,203083,203084,203085,203086,203087,203090,203091,203092,203093,203094,1,-1,2,-2,1,3,1,-1,-3,-1,2,2,5,2,2,-2,-2,-5,-2,-2
0,1,33849,33852,101547,101548,101549,101552,101553,101554,203095,203096,203097,203098,203099,203102,203103,203104,203105,203106,1,-1,2,-2,1,3,1,-1,-3,-1,2,2,5,2,2,-2,-2,-5,-2,-2
0,1,33851,33854,101553,101554,101555,101558,101559,101560,203107,203108,203109,203110,203111,203114,203115,203116,203117,203118,1,-1,2,-2,1,3,1,-1,-3,-1,2,2,5,2,2,-2,-2,-5,-2,-2
0,1,33853,33856,101559,101560,101561,101564,101565,101566,203119,203120,203121,203122,203123,203126,203127,203128,203129,203130,1,-1,2,-2,1,3,1,-1,-3,-1,2,2,5,2,2,-2,-2,-5,-2,-2
0,1,33855,33858,101565,101566,101567,101570,101571,101572,203131,203132,203133,203134,203135,203138,203139,203140,203141,203142,1,-1,2,-2,1,3,1,-1,-3,-1,2,2,5,2,2,-2,-2,-5,-2,-2
0,1,33857,33860,101571,101572,101573,101576,101577,101578,203143,203144,203145,203146,203147,203150,203151,203152,203153,203154,1,-1,2,-2,1,3,1,-1,-3,-1,2,2,5,2,2,-2,-2,-5,-2,-2
0,1,33859,33862,101577,101578,101579,101582,101583,101584,203155,203156,203157,203158,203159,203162,203163,203164,203165,203166,1,-1,2,-2,1,3,1,-1,-3,-1,2,2,5,2,2,-2,-2,-5,-2,-2
0,1,33861,33864,101583,101584,101585,101588,101589,101590,203167,203168,203169,203170,203171,203174,203175,203176,203177,203178,1,-1,2,-2,1,3,1,-1,-3,-1,2,2,5,2,2,-2,-2,-5,-2,-2
0,1,33863,33866,101589,101590,101591,101594,101595,101596,203179,203180,203181,203182,203183,203186,203187,203188,203189,203190,1,-1,2,-2,1,3,1,-1,-3,-1,2,2,5,2,2,-2,-2,-5,-2,-2
0,1,33865,33868,101595,101596,101597,101600,101601,101602,203191,203192,203193,203194,203195,203198,203199,203200,203201,203202,1,-1,2,-2,1,3,1,-1,-3,-1,2,2,5,2,2,-2,-2,-5,-2,-2
0,1,33867,33870,101601,101602,101603,101606,101607,101608,203203,203204,203205,203206,203207,203210,203211,203212,203213,203214,1,-1,2,-2,1,3,1,-1,-3,-1,2,2,5,2,2,-2,-2,-5,-2,-2
0,1,33869,33872,101607,101608,101609,101612,101613,101614,203215,203216,203217,203218,203219,203222,203223,203224,203225,203226,1,-1,2,-2,1,3,1,-1,-3,-1,2,2,5,2,2,-2,-2,-5,-2,-2
0,1,33871,33874,101613,101614,101615,101618,101619,101620,203227,203228,203229,203230,203231,203234,203235,203236,203237,203238,1,-1,2,-2,1,3,1,-1,-3,-1,2,2,5,2,2,-2,-2,-5,-2,-2
0,1,33873,33876,101619,101620,101621,101624,101625,101626,203239,203240,203241,203242,203243,203246,203247,203248,203249,203250,1,-1,2,-2,1,3,1,-1,-3,-1,2,2,5,2,2,-2,-2,-5,-2,-2
0,1,33875,33878,101625,101626,101627,101630,101631,101632,203251,203252,203253,203254,203255,203258,203259,203260,203261,203262,1,-1,2,-2,1,3,1,-1,-3,-1,2,2,5,2,2,-2,-2,-5,-2,-2
0,1,33877,33880,101631,101632,101633,101636,101637,101638,203263,203264,203265,203266,203267,203270,203271,203272,203273,203274,1,-1,2,-2,1,3,1,-1,-3,-1,2,2,5,2,2,-2,-2,-5,-2,-2
0,1,33879,33882,101637,101638,101639,101642,101643,101644,203275,203276,203277,203278,203279,203282,203283,203284,203285,203286,1,-1,2,-2,1,3,1,-1,-3,-1,2,2,5,2,2,-2,-2,-5,-2,-2
0,1,33881,33884,101643,101644,101645,101648,101649,101650,203287,203288,203289,203290,203291,203294,203295,203296,203297,203298,1,-1,2,-2,1,3,1,-1,-3,-1,2,2,5,2,2,-2,-2,-5,-2,-2
0,1,33883,33886,101649,101650,101651,101654,101655,101656,203299,203300,203301,203302,203303,203306,203307,203308,203309,203310,1,-1,2,-2,1,3,1,-1,-3,-1,2,2,5,2,2,-2,-2,-5,-2,-2
0,1,33885,33888,101655,101656,101657,101660,101661,101662,203311,203312,203313,203314,203315,203318,203319,203320,203321,203322,1,-1,2,-2,1,3,1,-1,-3,-1,2,2,5,2,2,-2,-2,-5,-2,-2
0,1,33887,33890,101661,101662,101663,101666,101667,101668,203323,203324,203325,203326,203327,203330,203331,203332,203333,203334,1,-1,2,-2,1,3,1,-1,-3,-1,2,2,5,2,2,-2,-2,-5,-2,-2
0,1,33889,33892,101667,101668,101669,101672,101673,101674,203335,203336,203337,203338,203339,203342,203343,203344,203345,203346,1,-1,2,-2,1,3,1,-1,-3,-1,2,2,5,2,2,-2,-2,-5,-2,-2
0,1,33891,33894,101673,101674,101675,101678,101679,101680,203347,203348,203349,203350,203351,203354,203355,203356,203357,203358,1,-1,2,-2,1,3,1,-1,-3,-1,2,2,5,2,2,-2,-2,-5,-2,-2
0,1,33893,33896,101679,101680,101681,101684,101685,101686,203359,203360,203361,203362,203363,203366,203367,203368,203369,203370,1,-1,2,-2,1,3,1,-1,-3,-1,2,2,5,2,2,-2,-2,-5,-2,-2
0,1,33895,33898,101685,101686,101687,101690,101691,101692,203371,203372,203373,203374,203375,203378,203379,203380,203381,203382,1,-1,2,-2,1,3,1,-1,-3,-1,2,2,5,2,2,-2,-2,-5,-2,-2
0,1,33897,33900,101691,101692,101693,101696,101697,101698,203383,203384,203385,203386,203387,203390,203391,203392,203393,203394,1,-1,2,-2,1,3,1,-1,-3,-1,2,2,5,2,2,-2,-2,-5,-2,-2
0,1,33899,33902,101697,101698,101699,101702,101703,101704,203395,203396,203397,203398,203399,203402,203403,203404,203405,203406,1,-1,2,-2,1,3,1,-1,-3,-1,2,2,5,2,2,-2,-2,-5,-2,-2
0,1,33901,33904,101703,101704,101705,101708,101709,101710,203407,203408,203409,203410,203411,203414,203415,203416,203417,203418,1,-1,2,-2,1,3,1,-1,-3,-1,2,2,5,2,2,-2,-2,-5,-2,-2
0,1,33903,33906,101709,101710,101711,101714,101715,101716,203419,203420,203421,203422,203423,203426,203427,203428,203429,203430,1,-1,2,-2,1,3,1,-1,-3,-1,2,2,5,2,2,-2,-2,-5,-2,-2
0,1,33905,33908,101715,101716,101717,101720,101721,101722,203431,203432,203433,203434,203435,203438,203439,203440,203441,203442,1,-1,2,-2,1,3,1,-1,-3,-1,2,2,5,2,2,-2,-2,-5,-2,-2
0,1,33907,33910,101721,101722,101723,101726,101727,101728,203443,203444,203445,203446,203447,203450,203451,203452,203453,203454,1,-1,2,-2,1,3,1,-1,-3,-1,2,2,5,2,2,-2,-2,-5,-2,-2
0,1,33909,33912,101727,101728,101729,101732,101733,101734,203455,203456,203457,203458,203459,203462,203463,203464,203465,203466,1,-1,2,-2,1,3,1,-1,-3,-1,2,2,5,2,2,-2,-2,-5,-2,-2
0,1,33911,33914,101733,101734,101735,101738,101739,101740,203467,203468,203469,203470,203471,203474,203475,203476,203477,203478,1,-1,2,-2,1,3,1,-1,-3,-1,2,2,5,2,2,-2,-2,-5,-2,-2
0,1,33913,33916,101739,101740,101741,101744,101745,101746,203479,203480,203481,203482,203483,203486,203487,203488,203489,203490,1,-1,2,-2,1,3,1,-1,-3,-1,2,2,5,2,2,-2,-2,-5,-2,-2
0,1,33915,33918,101745,101746,101747,101750,101751,101752,203491,203492,203493,203494,203495,203498,203499,203500,203501,203502,1,-1,2,-2,1,3,1,-1,-3,-1,2,2,5,2,2,-2,-2,-5,-2,-2
0,1,33917,33920,101751,101752,101753,101756,101757,101758,203503,203504,203505,203506,203507,203510,203511,203512,203513,203514,1,-1,2,-2,1,3,1,-1,-3,-1,2,2,5,2,2,-2,-2,-5,-2,-2
0,1,33919,33922,101757,101758,101759,101762,101763,101764,203515,203516,203517,203518,203519,203522,203523,203524,203525,203526,1,-1,2,-2,1,3,1,-1,-3,-1,2,2,5,2,2,-2,-2,-5,-2,-2
0,1,33921,33924,101763,101764,101765,101768,101769,101770,203527,203528,203529,203530,203531,203534,203535,203536,203537,203538,1,-1,2,-2,1,3,1,-1,-3,-1,2,2,5,2,2,-2,-2,-5,-2,-2
0,1,33923,33926,101769,101770,101771,101774,101775,101776,203539,203540,203541,203542,203543,203546,203547,203548,203549,203550,1,-1,2,-2,1,3,1,-1,-3,-1,2,2,5,2,2,-2,-2,-5,-2,-2
0,1,33925,33928,101775,101776,101777,101780,101781,101782,203551,203552,203553,203554,203555,203558,203559,203560,203561,203562,1,-1,2,-2,1,3,1,-1,-3,-1,2,2,5,2,2,-2,-2,-5,-2,-2
0,1,33927,33930,101781,101782,101783,101786,101787,101788,203563,203564,203565,203566,203567,203570,203571,203572,203573,203574,1,-1,2,-2,1,3,1,-1,-3,-1,2,2,5,2,2,-2,-2,-5,-2,-2
0,1,33929,33932,101787,101788,101789,101792,101793,101794,203575,203576,203577,203578,203579,203582,203583,203584,203585,203586,1,-1,2,-2,1,3,1,-1,-3,-1,2,2,5,2,2,-2,-2,-5,-2,-2
0,1,33931,33934,101793,101794,101795,101798,101799,101800,203587,203588,203589,203590,203591,203594,203595,203596,203597,203598,1,-1,2,-2,1,3,1,-1,-3,-1,2,2,5,2,2,-2,-2,-5,-2,-2
0,1,33933,33936,101799,101800,101801,101804,101805,101806,203599,203600,203601,203602,203603,203606,203607,203608,203609,203610,1,-1,2,-2,1,3,1,-1,-3,-1,2,2,5,2,2,-2,-2,-5,-2,-2
0,1,33935,33938,101805,101806,101807,101810,101811,101812,203611,203612,203613,203614,203615,203618,203619,203620,203621,203622,1,-1,2,-2,1,3,1,-1,-3,-1,2,2,5,2,2,-2,-2,-5,-2,-2
0,1,33937,33940,101811,101812,101813,101816,101817,101818,203623,203624,203625,203626,203627,203630,203631,203632,203633,203634,1,-1,2,-2,1,3,1,-1,-3,-1,2,2,5,2,2,-2,-2,-5,-2,-2
0,1,33939,33942,101817,101818,101819,101822,101823,101824,203635,203636,203637,203638,203639,203642,203643,203644,203645,203646,1,-1,2,-2,1,3,1,-1,-3,-1,2,2,5,2,2,-2,-2,-5,-2,-2
0,1,33941,33944,101823,101824,101825,101828,101829,101830,203647,203648,203649,203650,203651,203654,203655,203656,203657,203658,1,-1,2,-2,1,3,1,-1,-3,-1,2,2,5,2,2,-2,-2,-5,-2,-2
0,1,33943,33946,101829,101830,101831,101834,101835,101836,203659,203660,203661,203662,203663,203666,203667,203668,203669,203670,1,-1,2,-2,1,3,1,-1,-3,-1,2,2,5,2,2,-2,-2,-5,-2,-2
0,1,33945,33948,101835,101836,101837,101840,101841,101842,203671,203672,203673,203674,203675,203678,203679,203680,203681,203682,1,-1,2,-2,1,3,1,-1,-3,-1,2,2,5,2,2,-2,-2,-5,-2,-2
0,1,33947,33950,101841,101842,101843,101846,101847,101848,203683,203684,203685,203686,203687,203690,203691,203692,203693,203694,1,-1,2,-2,1,3,1,-1,-3,-1,2,2,5,2,2,-2,-2,-5,-2,-2
0,1,33949,33952,101847,101848,101849,101852,101853,101854,203695,203696,203697,203698,203699,203702,203703,203704,203705,203706,1,-1,2,-2,1,3,1,-1,-3,-1,2,2,5,2,2,-2,-2,-5,-2,-2
0,1,33951,33954,101853,101854,101855,101858,101859,101860,203707,203708,203709,203710,203711,203714,203715,203716,203717,203718,1,-1,2,-2,1,3,1,-1,-3,-1,2,2,5,2,2,-2,-2,-5,-2,-2
0,1,33953,33956,101859,101860,101861,101864,101865,101866,203719,203720,203721,203722,203723,203726,203727,203728,203729,203730,1,-1,2,-2,1,3,1,-1,-3,-1,2,2,5,2,2,-2,-2,-5,-2,-2
0,1,33955,33958,101865,101866,101867,101870,101871,101872,203731,203732,203733,203734,203735,203738,203739,203740,203741,203742,1,-1,2,-2,1,3,1,-1,-3,-1,2,2,5,2,2,-2,-2,-5,-2,-2
0,1,33957,33960,101871,101872,101873,101876,101877,101878,203743,203744,203745,203746,203747,203750,203751,203752,203753,203754,1,-1,2,-2,1,3,1,-1,-3,-1,2,2,5,2,2,-2,-2,-5,-2,-2
0,1,33959,33962,101877,101878,101879,101882,101883,101884,203755,203756,203757,203758,203759,203762,203763,203764,203765,203766,1,-1,2,-2,1,3,1,-1,-3,-1,2,2,5,2,2,-2,-2,-5,-2,-2
0,1,33961,33964,101883,101884,101885,101888,101889,101890,203767,203768,203769,203770,203771,203774,203775,203776,203777,203778,1,-1,2,-2,1,3,1,-1,-3,-1,2,2,5,2,2,-2,-2,-5,-2,-2
0,1,33963,33966,101889,101890,101891,101894,101895,101896,203779,203780,203781,203782,203783,203786,203787,203788,203789,203790,1,-1,2,-2,1,3,1,-1,-3,-1,2,2,5,2,2,-2,-2,-5,-2,-2
0,1,33965,33968,101895,101896,101897,101900,101901,101902,203791,203792,203793,203794,203795,203798,203799,203800,203801,203802,1,-1,2,-2,1,3,1,-1,-3,-1,2,2,5,2,2,-2,-2,-5,-2,-2
0,1,33967,33970,101901,101902,101903,101906,101907,101908,203803,203804,203805,203806,203807,203810,203811,203812,203813,203814,1,-1,2,-2,1,3,1,-1,-3,-1,2,2,5,2,2,-2,-2,-5,-2,-2
0,1,33969,33972,101907,101908,101909,101912,101913,101914,203815,203816,203817,203818,203819,203822,203823,203824,203825,203826,1,-1,2,-2,1,3,1,-1,-3,-1,2,2,5,2,2,-2,-2,-5,-2,-2
0,1,33971,33974,101913,101914,101915,101918,101919,101920,203827,203828,203829,203830,203831,203834,203835,203836,203837,203838,1,-1,2,-2,1,3,1,-1,-3,-1,2,2,5,2,2,-2,-2,-5,-2,-2
0,1,33973,33976,101919,101920,101921,101924,101925,101926,203839,203840,203841,203842,203843,203846,203847,203848,203849,203850,1,-1,2,-2,1,3,1,-1,-3,-1,2,2,5,2,2,-2,-2,-5,-2,-2
0,1,33975,33978,101925,101926,101927,101930,101931,101932,203851,203852,203853,203854,203855,203858,203859,203860,203861,203862,1,-1,2,-2,1,3,1,-1,-3,-1,2,2,5,2,2,-2,-2,-5,-2,-2
0,1,33977,33980,101931,101932,101933,101936,101937,101938,203863,203864,203865,203866,203867,203870,203871,203872,203873,203874,1,-1,2,-2,1,3,1,-1,-3,-1,2,2,5,2,2,-2,-2,-5,-2,-2
0,1,33979,33982,101937,101938,101939,101942,101943,101944,203875,203876,203877,203878,203879,203882,203883,203884,203885,203886,1,-1,2,-2,1,3,1,-1,-3,-1,2,2,5,2,2,-2,-2,-5,-2,-2
0,1,33981,33984,101943,101944,101945,101948,101949,101950,203887,203888,203889,203890,203891,203894,203895,203896,203897,203898,1,-1,2,-2,1,3,1,-1,-3,-1,2,2,5,2,2,-2,-2,-5,-2,-2
0,1,33983,33986,101949,101950,101951,101954,101955,101956,203899,203900,203901,203902,203903,203906,203907,203908,203909,203910,1,-1,2,-2,1,3,1,-1,-3,-1,2,2,5,2,2,-2,-2,-5,-2,-2
0,1,33985,33988,101955,101956,101957,101960,101961,101962,203911,203912,203913,203914,203915,203918,203919,203920,203921,203922,1,-1,2,-2,1,3,1,-1,-3,-1,2,2,5,2,2,-2,-2,-5,-2,-2
0,1,33987,33990,101961,101962,101963,101966,101967,101968,203923,203924,203925,203926,203927,203930,203931,203932,203933,203934,1,-1,2,-2,1,3,1,-1,-3,-1,2,2,5,2,2,-2,-2,-5,-2,-2
0,1,33989,33992,101967,101968,101969,101972,101973,101974,203935,203936,203937,203938,203939,203942,203943,203944,203945,203946,1,-1,2,-2,1,3,1,-1,-3,-1,2,2,5,2,2,-2,-2,-5,-2,-2
0,1,33991,33994,101973,101974,101975,101978,101979,101980,203947,203948,203949,203950,203951,203954,203955,203956,203957,203958,1,-1,2,-2,1,3,1,-1,-3,-1,2,2,5,2,2,-2,-2,-5,-2,-2
0,1,33993,33996,101979,101980,101981,101984,101985,101986,203959,203960,203961,203962,203963,203966,203967,203968,203969,203970,1,-1,2,-2,1,3,1,-1,-3,-1,2,2,5,2,2,-2,-2,-5,-2,-2
0,1,33995,33998,101985,101986,101987,101990,101991,101992,203971,203972,203973,203974,203975,203978,203979,203980,203981,203982,1,-1,2,-2,1,3,1,-1,-3,-1,2,2,5,2,2,-2,-2,-5,-2,-2
0,1,33997,34000,101991,101992,101993,101996,101997,101998,203983,203984,203985,203986,203987,203990,203991,203992,203993,203994,1,-1,2,-2,1,3,1,-1,-3,-1,2,2,5,2,2,-2,-2,-5,-2,-2
0,1,33999,34002,101997,101998,101999,102002,102003,102004,203995,203996,203997,203998,203999,204002,204003,204004,204005,204006,1,-1,2,-2,1,3,1,-1,-3,-1,2,2,5,2,2,-2,-2,-5,-2,-2
0,1,34001,34004,102003,102004,102005,102008,102009,102010,204007,204008,204009,204010,204011,204014,204015,204016,204017,204018,1,-1,2,-2,1,3,1,-1,-3,-1,2,2,5,2,2,-2,-2,-5,-2,-2
0,1,34003,34006,102009,102010,102011,102014,102015,102016,204019,204020,204021,204022,204023,204026,204027,204028,204029,204030,1,-1,2,-2,1,3,1,-1,-3,-1,2,2,5,2,2,-2,-2,-5,-2,-2
0,1,34005,34008,102015,102016,102017,102020,102021,102022,204031,204032,204033,204034,204035,204038,204039,204040,204041,204042,1,-1,2,-2,1,3,1,-1,-3,-1,2,2,5,2,2,-2,-2,-5,-2,-2
0,1,34007,34010,102021,102022,102023,102026,102027,102028,204043,204044,204045,204046,204047,204050,204051,204052,204053,204054,1,-1,2,-2,1,3,1,-1,-3,-1,2,2,5,2,2,-2,-2,-5,-2,-2
0,1,34009,34012,102027,102028,102029,102032,102033,102034,204055,204056,204057,204058,204059,204062,204063,204064,204065,204066,1,-1,2,-2,1,3,1,-1,-3,-1,2,2,5,2,2,-2,-2,-5,-2,-2
0,1,34011,34014,102033,102034,102035,102038,102039,102040,204067,204068,204069,204070,204071,204074,204075,204076,204077,204078,1,-1,2,-2,1,3,1,-1,-3,-1,2,2,5,2,2,-2,-2,-5,-2,-2
0,1,34013,34016,102039,102040,102041,102044,102045,102046,204079,204080,204081,204082,204083,204086,204087,204088,204089,204090,1,-1,2,-2,1,3,1,-1,-3,-1,2,2,5,2,2,-2,-2,-5,-2,-2
0,1,34015,34018,102045,102046,102047,102050,102051,102052,204091,204092,204093,204094,204095,204098,204099,204100,204101,204102,1,-1,2,-2,1,3,1,-1,-3,-1,2,2,5,2,2,-2,-2,-5,-2,-2
0,1,34017,34020,102051,102052,102053,102056,102057,102058,204103,204104,204105,204106,204107,204110,204111,204112,204113,204114,1,-1,2,-2,1,3,1,-1,-3,-1,2,2,5,2,2,-2,-2,-5,-2,-2
0,1,34019,34022,102057,102058,102059,102062,102063,102064,204115,204116,204117,204118,204119,204122,204123,204124,204125,204126,1,-1,2,-2,1,3,1,-1,-3,-1,2,2,5,2,2,-2,-2,-5,-2,-2
0,1,34021,34024,102063,102064,102065,102068,102069,102070,204127,204128,204129,204130,204131,204134,204135,204136,204137,204138,1,-1,2,-2,1,3,1,-1,-3,-1,2,2,5,2,2,-2,-2,-5,-2,-2
0,1,34023,34026,102069,102070,102071,102074,102075,102076,204139,204140,204141,204142,204143,204146,204147,204148,204149,204150,1,-1,2,-2,1,3,1,-1,-3,-1,2,2,5,2,2,-2,-2,-5,-2,-2
0,1,34025,34028,102075,102076,102077,102080,102081,102082,204151,204152,204153,204154,204155,204158,204159,204160,204161,204162,1,-1,2,-2,1,3,1,-1,-3,-1,2,2,5,2,2,-2,-2,-5,-2,-2
0,1,34027,34030,102081,102082,102083,102086,102087,102088,204163,204164,204165,204166,204167,204170,204171,204172,204173,204174,1,-1,2,-2,1,3,1,-1,-3,-1,2,2,5,2,2,-2,-2,-5,-2,-2
0,1,34029,34032,102087,102088,102089,102092,102093,102094,204175,204176,204177,204178,204179,204182,204183,204184,204185,204186,1,-1,2,-2,1,3,1,-1,-3,-1,2,2,5,2,2,-2,-2,-5,-2,-2
0,1,34031,34034,102093,102094,102095,102098,102099,102100,204187,204188,204189,204190,204191,204194,204195,204196,204197,204198,1,-1,2,-2,1,3,1,-1,-3,-1,2,2,5,2,2,-2,-2,-5,-2,-2
0,1,34033,34036,102099,102100,102101,102104,102105,102106,204199,204200,204201,204202,204203,204206,204207,204208,204209,204210,1,-1,2,-2,1,3,1,-1,-3,-1,2,2,5,2,2,-2,-2,-5,-2,-2
0,1,34035,34038,102105,102106,102107,102110,102111,102112,204211,204212,204213,204214,204215,204218,204219,204220,204221,204222,1,-1,2,-2,1,3,1,-1,-3,-1,2,2,5,2,2,-2,-2,-5,-2,-2
0,1,34037,34040,102111,102112,102113,102116,102117,102118,204223,204224,204225,204226,204227,204230,204231,204232,204233,204234,1,-1,2,-2,1,3,1,-1,-3,-1,2,2,5,2,2,-2,-2,-5,-2,-2
0,1,34039,34042,102117,102118,102119,102122,102123,102124,204235,204236,204237,204238,204239,204242,204243,204244,204245,204246,1,-1,2,-2,1,3,1,-1,-3,-1,2,2,5,2,2,-2,-2,-5,-2,-2
0,1,34041,34044,102123,102124,102125,102128,102129,102130,204247,204248,204249,204250,204251,204254,204255,204256,204257,204258,1,-1,2,-2,1,3,1,-1,-3,-1,2,2,5,2,2,-2,-2,-5,-2,-2
0,1,34043,34046,102129,102130,102131,102134,102135,102136,204259,204260,204261,204262,204263,204266,204267,204268,204269,204270,1,-1,2,-2,1,3,1,-1,-3,-1,2,2,5,2,2,-2,-2,-5,-2,-2
0,1,34045,34048,102135,102136,102137,102140,102141,102142,204271,204272,204273,204274,204275,204278,204279,204280,204281,204282,1,-1,2,-2,1,3,1,-1,-3,-1,2,2,5,2,2,-2,-2,-5,-2,-2
0,1,34047,34050,102141,102142,102143,102146,102147,102148,204283,204284,204285,204286,204287,204290,204291,204292,204293,204294,1,-1,2,-2,1,3,1,-1,-3,-1,2,2,5,2,2,-2,-2,-5,-2,-2
0,1,34049,34052,102147,102148,102149,102152,102153,102154,204295,204296,204297,204298,204299,204302,204303,204304,204305,204306,1,-1,2,-2,1,3,1,-1,-3,-1,2,2,5,2,2,-2,-2,-5,-2,-2
0,1,34051,34054,102153,102154,102155,102158,102159,102160,204307,204308,204309,204310,204311,204314,204315,204316,204317,204318,1,-1,2,-2,1,3,1,-1,-3,-1,2,2,5,2,2,-2,-2,-5,-2,-2
0,1,34053,34056,102159,102160,102161,102164,102165,102166,204319,204320,204321,204322,204323,204326,204327,204328,204329,204330,1,-1,2,-2,1,3,1,-1,-3,-1,2,2,5,2,2,-2,-2,-5,-2,-2
0,1,34055,34058,102165,102166,102167,102170,102171,102172,204331,204332,204333,204334,204335,204338,204339,204340,204341,204342,1,-1,2,-2,1,3,1,-1,-3,-1,2,2,5,2,2,-2,-2,-5,-2,-2
0,1,34057,34060,102171,102172,102173,102176,102177,102178,204343,204344,204345,204346,204347,204350,204351,204352,204353,204354,1,-1,2,-2,1,3,1,-1,-3,-1,2,2,5,2,2,-2,-2,-5,-2,-2
0,1,34059,34062,102177,102178,102179,102182,102183,102184,204355,204356,204357,204358,204359,204362,204363,204364,204365,204366,1,-1,2,-2,1,3,1,-1,-3,-1,2,2,5,2,2,-2,-2,-5,-2,-2
0,1,34061,34064,102183,102184,102185,102188,102189,102190,204367,204368,204369,204370,204371,204374,204375,204376,204377,204378,1,-1,2,-2,1,3,1,-1,-3,-1,2,2,5,2,2,-2,-2,-5,-2,-2
0,1,34063,34066,102189,102190,102191,102194,102195,102196,204379,204380,204381,204382,204383,204386,204387,204388,204389,204390,1,-1,2,-2,1,3,1,-1,-3,-1,2,2,5,2,2,-2,-2,-5,-2,-2
0,1,34065,34068,102195,102196,102197,102200,102201,102202,204391,204392,204393,204394,204395,204398,204399,204400,204401,204402,1,-1,2,-2,1,3,1,-1,-3,-1,2,2,5,2,2,-2,-2,-5,-2,-2
0,1,34067,34070,102201,102202,102203,102206,102207,102208,204403,204404,204405,204406,204407,204410,204411,204412,204413,204414,1,-1,2,-2,1,3,1,-1,-3,-1,2,2,5,2,2,-2,-2,-5,-2,-2
0,1,34069,34072,102207,102208,102209,102212,102213,102214,204415,204416,204417,204418,204419,204422,204423,204424,204425,204426,1,-1,2,-2,1,3,1,-1,-3,-1,2,2,5,2,2,-2,-2,-5,-2,-2
0,1,34071,34074,102213,102214,102215,102218,102219,102220,204427,204428,204429,204430,204431,204434,204435,204436,204437,204438,1,-1,2,-2,1,3,1,-1,-3,-1,2,2,5,2,2,-2,-2,-5,-2,-2
0,1,34073,34076,102219,102220,102221,102224,102225,102226,204439,204440,204441,204442,204443,204446,204447,204448,204449,204450,1,-1,2,-2,1,3,1,-1,-3,-1,2,2,5,2,2,-2,-2,-5,-2,-2
0,1,34075,34078,102225,102226,102227,102230,102231,102232,204451,204452,204453,204454,204455,204458,204459,204460,204461,204462,1,-1,2,-2,1,3,1,-1,-3,-1,2,2,5,2,2,-2,-2,-5,-2,-2
0,1,34077,34080,102231,102232,102233,102236,102237,102238,204463,204464,204465,204466,204467,204470,204471,204472,204473,204474,1,-1,2,-2,1,3,1,-1,-3,-1,2,2,5,2,2,-2,-2,-5,-2,-2
0,1,34079,34082,102237,102238,102239,102242,102243,102244,204475,204476,204477,204478,204479,204482,204483,204484,204485,204486,1,-1,2,-2,1,3,1,-1,-3,-1,2,2,5,2,2,-2,-2,-5,-2,-2
0,1,34081,34084,102243,102244,102245,102248,102249,102250,204487,204488,204489,204490,204491,204494,204495,204496,204497,204498,1,-1,2,-2,1,3,1,-1,-3,-1,2,2,5,2,2,-2,-2,-5,-2,-2
0,1,34083,34086,102249,102250,102251,102254,102255,102256,204499,204500,204501,204502,204503,204506,204507,204508,204509,204510,1,-1,2,-2,1,3,1,-1,-3,-1,2,2,5,2,2,-2,-2,-5,-2,-2
0,1,34085,34088,102255,102256,102257,102260,102261,102262,204511,204512,204513,204514,204515,204518,204519,204520,204521,204522,1,-1,2,-2,1,3,1,-1,-3,-1,2,2,5,2,2,-2,-2,-5,-2,-2
0,1,34087,34090,102261,102262,102263,102266,102267,102268,204523,204524,204525,204526,204527,204530,204531,204532,204533,204534,1,-1,2,-2,1,3,1,-1,-3,-1,2,2,5,2,2,-2,-2,-5,-2,-2
0,1,34089,34092,102267,102268,102269,102272,102273,102274,204535,204536,204537,204538,204539,204542,204543,204544,204545,204546,1,-1,2,-2,1,3,1,-1,-3,-1,2,2,5,2,2,-2,-2,-5,-2,-2
0,1,34091,34094,102273,102274,102275,102278,102279,102280,204547,204548,204549,204550,204551,204554,204555,204556,204557,204558,1,-1,2,-2,1,3,1,-1,-3,-1,2,2,5,2,2,-2,-2,-5,-2,-2
0,1,34093,34096,102279,102280,102281,102284,102285,102286,204559,204560,204561,204562,204563,204566,204567,204568,204569,204570,1,-1,2,-2,1,3,1,-1,-3,-1,2,2,5,2,2,-2,-2,-5,-2,-2
0,1,34095,34098,102285,102286,102287,102290,102291,102292,204571,204572,204573,204574,204575,204578,204579,204580,204581,204582,1,-1,2,-2,1,3,1,-1,-3,-1,2,2,5,2,2,-2,-2,-5,-2,-2
0,1,34097,34100,102291,102292,102293,102296,102297,102298,204583,204584,204585,204586,204587,204590,204591,204592,204593,204594,1,-1,2,-2,1,3,1,-1,-3,-1,2,2,5,2,2,-2,-2,-5,-2,-2
0,1,34099,34102,102297,102298,102299,102302,102303,102304,204595,204596,204597,204598,204599,204602,204603,204604,204605,204606,1,-1,2,-2,1,3,1,-1,-3,-1,2,2,5,2,2,-2,-2,-5,-2,-2
0,1,34101,34104,102303,102304,102305,102308,102309,102310,204607,204608,204609,204610,204611,204614,204615,204616,204617,204618,1,-1,2,-2,1,3,1,-1,-3,-1,2,2,5,2,2,-2,-2,-5,-2,-2
0,1,34103,34106,102309,102310,102311,102314,102315,102316,204619,204620,204621,204622,204623,204626,204627,204628,204629,204630,1,-1,2,-2,1,3,1,-1,-3,-1,2,2,5,2,2,-2,-2,-5,-2,-2
0,1,34105,34108,102315,102316,102317,102320,102321,102322,204631,204632,204633,204634,204635,204638,204639,204640,204641,204642,1,-1,2,-2,1,3,1,-1,-3,-1,2,2,5,2,2,-2,-2,-5,-2,-2
0,1,34107,34110,102321,102322,102323,102326,102327,102328,204643,204644,204645,204646,204647,204650,204651,204652,204653,204654,1,-1,2,-2,1,3,1,-1,-3,-1,2,2,5,2,2,-2,-2,-5,-2,-2
0,1,34109,34112,102327,102328,102329,102332,102333,102334,204655,204656,204657,204658,204659,204662,204663,204664,204665,204666,1,-1,2,-2,1,3,1,-1,-3,-1,2,2,5,2,2,-2,-2,-5,-2,-2
0,1,34111,34114,102333,102334,102335,102338,102339,102340,204667,204668,204669,204670,204671,204674,204675,204676,204677,204678,1,-1,2,-2,1,3,1,-1,-3,-1,2,2,5,2,2,-2,-2,-5,-2,-2
0,1,34113,34116,102339,102340,102341,102344,102345,102346,204679,204680,204681,204682,204683,204686,204687,204688,204689,204690,1,-1,2,-2,1,3,1,-1,-3,-1,2,2,5,2,2,-2,-2,-5,-2,-2
0,1,34115,34118,102345,102346,102347,102350,102351,102352,204691,204692,204693,204694,204695,204698,204699,204700,204701,204702,1,-1,2,-2,1,3,1,-1,-3,-1,2,2,5,2,2,-2,-2,-5,-2,-2
0,1,34117,34120,102351,102352,102353,102356,102357,102358,204703,204704,204705,204706,204707,204710,204711,204712,204713,204714,1,-1,2,-2,1,3,1,-1,-3,-1,2,2,5,2,2,-2,-2,-5,-2,-2
0,1,34119,34122,102357,102358,102359,102362,102363,102364,204715,204716,204717,204718,204719,204722,204723,204724,204725,204726,1,-1,2,-2,1,3,1,-1,-3,-1,2,2,5,2,2,-2,-2,-5,-2,-2
0,1,34121,34124,102363,102364,102365,102368,102369,102370,204727,204728,204729,204730,204731,204734,204735,204736,204737,204738,1,-1,2,-2,1,3,1,-1,-3,-1,2,2,5,2,2,-2,-2,-5,-2,-2
0,1,34123,34126,102369,102370,102371,102374,102375,102376,204739,204740,204741,204742,204743,204746,204747,204748,204749,204750,1,-1,2,-2,1,3,1,-1,-3,-1,2,2,5,2,2,-2,-2,-5,-2,-2
0,1,34125,34128,102375,102376,102377,102380,102381,102382,204751,204752,204753,204754,204755,204758,204759,204760,204761,204762,1,-1,2,-2,1,3,1,-1,-3,-1,2,2,5,2,2,-2,-2,-5,-2,-2
0,1,34127,34130,102381,102382,102383,102386,102387,102388,204763,204764,204765,204766,204767,204770,204771,204772,204773,204774,1,-1,2,-2,1,3,1,-1,-3,-1,2,2,5,2,2,-2,-2,-5,-2,-2
0,1,34129,34132,102387,102388,102389,102392,102393,102394,204775,204776,204777,204778,204779,204782,204783,204784,204785,204786,1,-1,2,-2,1,3,1,-1,-3,-1,2,2,5,2,2,-2,-2,-5,-2,-2
0,1,34131,34134,102393,102394,102395,102398,102399,102400,204787,204788,204789,204790,204791,204794,204795,204796,204797,204798,1,-1,2,-2,1,3,1,-1,-3,-1,2,2,5,2,2,-2,-2,-5,-2,-2
0,1,34133,34136,102399,102400,102401,102404,102405,102406,204799,204800,204801,204802,204803,204806,204807,204808,204809,204810,1,-1,2,-2,1,3,1,-1,-3,-1,2,2,5,2,2,-2,-2,-5,-2,-2
0,1,34135,34138,102405,102406,102407,102410,102411,102412,204811,204812,204813,204814,204815,204818,204819,204820,204821,204822,1,-1,2,-2,1,3,1,-1,-3,-1,2,2,5,2,2,-2,-2,-5,-2,-2
0,1,34137,34140,102411,102412,102413,102416,102417,102418,204823,204824,204825,204826,204827,204830,204831,204832,204833,204834,1,-1,2,-2,1,3,1,-1,-3,-1,2,2,5,2,2,-2,-2,-5,-2,-2
0,1,34139,34142,102417,102418,102419,102422,102423,102424,204835,204836,204837,204838,204839,204842,204843,204844,204845,204846,1,-1,2,-2,1,3,1,-1,-3,-1,2,2,5,2,2,-2,-2,-5,-2,-2
0,1,34141,34144,102423,102424,102425,102428,102429,102430,204847,204848,204849,204850,204851,204854,204855,204856,204857,204858,1,-1,2,-2,1,3,1,-1,-3,-1,2,2,5,2,2,-2,-2,-5,-2,-2
0,1,34143,34146,102429,102430,102431,102434,102435,102436,204859,204860,204861,204862,204863,204866,204867,204868,204869,204870,1,-1,2,-2,1,3,1,-1,-3,-1,2,2,5,2,2,-2,-2,-5,-2,-2
0,1,34145,34148,102435,102436,102437,102440,102441,102442,204871,204872,204873,204874,204875,204878,204879,204880,204881,204882,1,-1,2,-2,1,3,1,-1,-3,-1,2,2,5,2,2,-2,-2,-5,-2,-2
0,1,34147,34150,102441,102442,102443,102446,102447,102448,204883,204884,204885,204886,204887,204890,204891,204892,204893,204894,1,-1,2,-2,1,3,1,-1,-3,-1,2,2,5,2,2,-2,-2,-5,-2,-2
0,1,34149,34152,102447,102448,102449,102452,102453,102454,204895,204896,204897,204898,204899,204902,204903,204904,204905,204906,1,-1,2,-2,1,3,1,-1,-3,-1,2,2,5,2,2,-2,-2,-5,-2,-2
0,1,34151,34154,102453,102454,102455,102458,102459,102460,204907,204908,204909,204910,204911,204914,204915,204916,204917,204918,1,-1,2,-2,1,3,1,-1,-3,-1,2,2,5,2,2,-2,-2,-5,-2,-2
0,1,34153,34156,102459,102460,102461,102464,102465,102466,204919,204920,204921,204922,204923,204926,204927,204928,204929,204930,1,-1,2,-2,1,3,1,-1,-3,-1,2,2,5,2,2,-2,-2,-5,-2,-2
0,1,34155,34158,102465,102466,102467,102470,102471,102472,204931,204932,204933,204934,204935,204938,204939,204940,204941,204942,1,-1,2,-2,1,3,1,-1,-3,-1,2,2,5,2,2,-2,-2,-5,-2,-2
0,1,34157,34160,102471,102472,102473,102476,102477,102478,204943,204944,204945,204946,204947,204950,204951,204952,204953,204954,1,-1,2,-2,1,3,1,-1,-3,-1,2,2,5,2,2,-2,-2,-5,-2,-2
0,1,34159,34162,102477,102478,102479,102482,102483,102484,204955,204956,204957,204958,204959,204962,204963,204964,204965,204966,1,-1,2,-2,1,3,1,-1,-3,-1,2,2,5,2,2,-2,-2,-5,-2,-2
0,1,34161,34164,102483,102484,102485,102488,102489,102490,204967,204968,204969,204970,204971,204974,204975,204976,204977,204978,1,-1,2,-2,1,3,1,-1,-3,-1,2,2,5,2,2,-2,-2,-5,-2,-2
0,1,34163,34166,102489,102490,102491,102494,102495,102496,204979,204980,204981,204982,204983,204986,204987,204988,204989,204990,1,-1,2,-2,1,3,1,-1,-3,-1,2,2,5,2,2,-2,-2,-5,-2,-2
0,1,34165,34168,102495,102496,102497,102500,102501,102502,204991,204992,204993,204994,204995,204998,204999,205000,205001,205002,1,-1,2,-2,1,3,1,-1,-3,-1,2,2,5,2,2,-2,-2,-5,-2,-2
0,1,34167,34170,102501,102502,102503,102506,102507,102508,205003,205004,205005,205006,205007,205010,205011,205012,205013,205014,1,-1,2,-2,1,3,1,-1,-3,-1,2,2,5,2,2,-2,-2,-5,-2,-2
0,1,34169,34172,102507,102508,102509,102512,102513,102514,205015,205016,205017,205018,205019,205022,205023,205024,205025,205026,1,-1,2,-2,1,3,1,-1,-3,-1,2,2,5,2,2,-2,-2,-5,-2,-2
0,1,34171,34174,102513,102514,102515,102518,102519,102520,205027,205028,205029,205030,205031,205034,205035,205036,205037,205038,1,-1,2,-2,1,3,1,-1,-3,-1,2,2,5,2,2,-2,-2,-5,-2,-2
0,1,34173,34176,102519,102520,102521,102524,102525,102526,205039,205040,205041,205042,205043,205046,205047,205048,205049,205050,1,-1,2,-2,1,3,1,-1,-3,-1,2,2,5,2,2,-2,-2,-5,-2,-2
0,1,34175,34178,102525,102526,102527,102530,102531,102532,205051,205052,205053,205054,205055,205058,205059,205060,205061,205062,1,-1,2,-2,1,3,1,-1,-3,-1,2,2,5,2,2,-2,-2,-5,-2,-2
0,1,34177,34180,102531,102532,102533,102536,102537,102538,205063,205064,205065,205066,205067,205070,205071,205072,205073,205074,1,-1,2,-2,1,3,1,-1,-3,-1,2,2,5,2,2,-2,-2,-5,-2,-2
0,1,34179,34182,102537,102538,102539,102542,102543,102544,205075,205076,205077,205078,205079,205082,205083,205084,205085,205086,1,-1,2,-2,1,3,1,-1,-3,-1,2,2,5,2,2,-2,-2,-5,-2,-2
0,1,34181,34184,102543,102544,102545,102548,102549,102550,205087,205088,205089,205090,205091,205094,205095,205096,205097,205098,1,-1,2,-2,1,3,1,-1,-3,-1,2,2,5,2,2,-2,-2,-5,-2,-2
0,1,34183,34186,102549,102550,102551,102554,102555,102556,205099,205100,205101,205102,205103,205106,205107,205108,205109,205110,1,-1,2,-2,1,3,1,-1,-3,-1,2,2,5,2,2,-2,-2,-5,-2,-2
0,1,34185,34188,102555,102556,102557,102560,102561,102562,205111,205112,205113,205114,205115,205118,205119,205120,205121,205122,1,-1,2,-2,1,3,1,-1,-3,-1,2,2,5,2,2,-2,-2,-5,-2,-2
0,1,34187,34190,102561,102562,102563,102566,102567,102568,205123,205124,205125,205126,205127,205130,205131,205132,205133,205134,1,-1,2,-2,1,3,1,-1,-3,-1,2,2,5,2,2,-2,-2,-5,-2,-2
0,1,34189,34192,102567,102568,102569,102572,102573,102574,205135,205136,205137,205138,205139,205142,205143,205144,205145,205146,1,-1,2,-2,1,3,1,-1,-3,-1,2,2,5,2,2,-2,-2,-5,-2,-2
0,1,34191,34194,102573,102574,102575,102578,102579,102580,205147,205148,205149,205150,205151,205154,205155,205156,205157,205158,1,-1,2,-2,1,3,1,-1,-3,-1,2,2,5,2,2,-2,-2,-5,-2,-2
0,1,34193,34196,102579,102580,102581,102584,102585,102586,205159,205160,205161,205162,205163,205166,205167,205168,205169,205170,1,-1,2,-2,1,3,1,-1,-3,-1,2,2,5,2,2,-2,-2,-5,-2,-2
0,1,34195,34198,102585,102586,102587,102590,102591,102592,205171,205172,205173,205174,205175,205178,205179,205180,205181,205182,1,-1,2,-2,1,3,1,-1,-3,-1,2,2,5,2,2,-2,-2,-5,-2,-2
0,1,34197,34200,102591,102592,102593,102596,102597,102598,205183,205184,205185,205186,205187,205190,205191,205192,205193,205194,1,-1,2,-2,1,3,1,-1,-3,-1,2,2,5,2,2,-2,-2,-5,-2,-2
0,1,34199,34202,102597,102598,102599,102602,102603,102604,205195,205196,205197,205198,205199,205202,205203,205204,205205,205206,1,-1,2,-2,1,3,1,-1,-3,-1,2,2,5,2,2,-2,-2,-5,-2,-2
0,1,34201,34204,102603,102604,102605,102608,102609,102610,205207,205208,205209,205210,205211,205214,205215,205216,205217,205218,1,-1,2,-2,1,3,1,-1,-3,-1,2,2,5,2,2,-2,-2,-5,-2,-2
0,1,34203,34206,102609,102610,102611,102614,102615,102616,205219,205220,205221,205222,205223,205226,205227,205228,205229,205230,1,-1,2,-2,1,3,1,-1,-3,-1,2,2,5,2,2,-2,-2,-5,-2,-2
0,1,34205,34208,102615,102616,102617,102620,102621,102622,205231,205232,205233,205234,205235,205238,205239,205240,205241,205242,1,-1,2,-2,1,3,1,-1,-3,-1,2,2,5,2,2,-2,-2,-5,-2,-2
0,1,34207,34210,102621,102622,102623,102626,102627,102628,205243,205244,205245,205246,205247,205250,205251,205252,205253,205254,1,-1,2,-2,1,3,1,-1,-3,-1,2,2,5,2,2,-2,-2,-5,-2,-2
0,1,34209,34212,102627,102628,102629,102632,102633,102634,205255,205256,205257,205258,205259,205262,205263,205264,205265,205266,1,-1,2,-2,1,3,1,-1,-3,-1,2,2,5,2,2,-2,-2,-5,-2,-2
0,1,34211,34214,102633,102634,102635,102638,102639,102640,205267,205268,205269,205270,205271,205274,205275,205276,205277,205278,1,-1,2,-2,1,3,1,-1,-3,-1,2,2,5,2,2,-2,-2,-5,-2,-2
0,1,34213,34216,102639,102640,102641,102644,102645,102646,205279,205280,205281,205282,205283,205286,205287,205288,205289,205290,1,-1,2,-2,1,3,1,-1,-3,-1,2,2,5,2,2,-2,-2,-5,-2,-2
0,1,34215,34218,102645,102646,102647,102650,102651,102652,205291,205292,205293,205294,205295,205298,205299,205300,205301,205302,1,-1,2,-2,1,3,1,-1,-3,-1,2,2,5,2,2,-2,-2,-5,-2,-2
0,1,34217,34220,102651,102652,102653,102656,102657,102658,205303,205304,205305,205306,205307,205310,205311,205312,205313,205314,1,-1,2,-2,1,3,1,-1,-3,-1,2,2,5,2,2,-2,-2,-5,-2,-2
0,1,34219,34222,102657,102658,102659,102662,102663,102664,205315,205316,205317,205318,205319,205322,205323,205324,205325,205326,1,-1,2,-2,1,3,1,-1,-3,-1,2,2,5,2,2,-2,-2,-5,-2,-2
0,1,34221,34224,102663,102664,102665,102668,102669,102670,205327,205328,205329,205330,205331,205334,205335,205336,205337,205338,1,-1,2,-2,1,3,1,-1,-3,-1,2,2,5,2,2,-2,-2,-5,-2,-2
0,1,34223,34226,102669,102670,102671,102674,102675,102676,205339,205340,205341,205342,205343,205346,205347,205348,205349,205350,1,-1,2,-2,1,3,1,-1,-3,-1,2,2,5,2,2,-2,-2,-5,-2,-2
0,1,34225,34228,102675,102676,102677,102680,102681,102682,205351,205352,205353,205354,205355,205358,205359,205360,205361,205362,1,-1,2,-2,1,3,1,-1,-3,-1,2,2,5,2,2,-2,-2,-5,-2,-2
0,1,34227,34230,102681,102682,102683,102686,102687,102688,205363,205364,205365,205366,205367,205370,205371,205372,205373,205374,1,-1,2,-2,1,3,1,-1,-3,-1,2,2,5,2,2,-2,-2,-5,-2,-2
0,1,34229,34232,102687,102688,102689,102692,102693,102694,205375,205376,205377,205378,205379,205382,205383,205384,205385,205386,1,-1,2,-2,1,3,1,-1,-3,-1,2,2,5,2,2,-2,-2,-5,-2,-2
0,1,34231,34234,102693,102694,102695,102698,102699,102700,205387,205388,205389,205390,205391,205394,205395,205396,205397,205398,1,-1,2,-2,1,3,1,-1,-3,-1,2,2,5,2,2,-2,-2,-5,-2,-2
0,1,34233,34236,102699,102700,102701,102704,102705,102706,205399,205400,205401,205402,205403,205406,205407,205408,205409,205410,1,-1,2,-2,1,3,1,-1,-3,-1,2,2,5,2,2,-2,-2,-5,-2,-2
0,1,34235,34238,102705,102706,102707,102710,102711,102712,205411,205412,205413,205414,205415,205418,205419,205420,205421,205422,1,-1,2,-2,1,3,1,-1,-3,-1,2,2,5,2,2,-2,-2,-5,-2,-2
0,1,34237,34240,102711,102712,102713,102716,102717,102718,205423,205424,205425,205426,205427,205430,205431,205432,205433,205434,1,-1,2,-2,1,3,1,-1,-3,-1,2,2,5,2,2,-2,-2,-5,-2,-2
0,1,34239,34242,102717,102718,102719,102722,102723,102724,205435,205436,205437,205438,205439,205442,205443,205444,205445,205446,1,-1,2,-2,1,3,1,-1,-3,-1,2,2,5,2,2,-2,-2,-5,-2,-2
0,1,34241,34244,102723,102724,102725,102728,102729,102730,205447,205448,205449,205450,205451,205454,205455,205456,205457,205458,1,-1,2,-2,1,3,1,-1,-3,-1,2,2,5,2,2,-2,-2,-5,-2,-2
0,1,34243,34246,102729,102730,102731,102734,102735,102736,205459,205460,205461,205462,205463,205466,205467,205468,205469,205470,1,-1,2,-2,1,3,1,-1,-3,-1,2,2,5,2,2,-2,-2,-5,-2,-2
0,1,34245,34248,102735,102736,102737,102740,102741,102742,205471,205472,205473,205474,205475,205478,205479,205480,205481,205482,1,-1,2,-2,1,3,1,-1,-3,-1,2,2,5,2,2,-2,-2,-5,-2,-2
0,1,34247,34250,102741,102742,102743,102746,102747,102748,205483,205484,205485,205486,205487,205490,205491,205492,205493,205494,1,-1,2,-2,1,3,1,-1,-3,-1,2,2,5,2,2,-2,-2,-5,-2,-2
0,1,34249,34252,102747,102748,102749,102752,102753,102754,205495,205496,205497,205498,205499,205502,205503,205504,205505,205506,1,-1,2,-2,1,3,1,-1,-3,-1,2,2,5,2,2,-2,-2,-5,-2,-2
0,1,34251,34254,102753,102754,102755,102758,102759,102760,205507,205508,205509,205510,205511,205514,205515,205516,205517,205518,1,-1,2,-2,1,3,1,-1,-3,-1,2,2,5,2,2,-2,-2,-5,-2,-2
0,1,34253,34256,102759,102760,102761,102764,102765,102766,205519,205520,205521,205522,205523,205526,205527,205528,205529,205530,1,-1,2,-2,1,3,1,-1,-3,-1,2,2,5,2,2,-2,-2,-5,-2,-2
0,1,34255,34258,102765,102766,102767,102770,102771,102772,205531,205532,205533,205534,205535,205538,205539,205540,205541,205542,1,-1,2,-2,1,3,1,-1,-3,-1,2,2,5,2,2,-2,-2,-5,-2,-2
0,1,34257,34260,102771,102772,102773,102776,102777,102778,205543,205544,205545,205546,205547,205550,205551,205552,205553,205554,1,-1,2,-2,1,3,1,-1,-3,-1,2,2,5,2,2,-2,-2,-5,-2,-2
0,1,34259,34262,102777,102778,102779,102782,102783,102784,205555,205556,205557,205558,205559,205562,205563,205564,205565,205566,1,-1,2,-2,1,3,1,-1,-3,-1,2,2,5,2,2,-2,-2,-5,-2,-2
0,1,34261,34264,102783,102784,102785,102788,102789,102790,205567,205568,205569,205570,205571,205574,205575,205576,205577,205578,1,-1,2,-2,1,3,1,-1,-3,-1,2,2,5,2,2,-2,-2,-5,-2,-2
0,1,34263,34266,102789,102790,102791,102794,102795,102796,205579,205580,205581,205582,205583,205586,205587,205588,205589,205590,1,-1,2,-2,1,3,1,-1,-3,-1,2,2,5,2,2,-2,-2,-5,-2,-2
0,1,34265,34268,102795,102796,102797,102800,102801,102802,205591,205592,205593,205594,205595,205598,205599,205600,205601,205602,1,-1,2,-2,1,3,1,-1,-3,-1,2,2,5,2,2,-2,-2,-5,-2,-2
0,1,34267,34270,102801,102802,102803,102806,102807,102808,205603,205604,205605,205606,205607,205610,205611,205612,205613,205614,1,-1,2,-2,1,3,1,-1,-3,-1,2,2,5,2,2,-2,-2,-5,-2,-2
0,1,34269,34272,102807,102808,102809,102812,102813,102814,205615,205616,205617,205618,205619,205622,205623,205624,205625,205626,1,-1,2,-2,1,3,1,-1,-3,-1,2,2,5,2,2,-2,-2,-5,-2,-2
0,1,34271,34274,102813,102814,102815,102818,102819,102820,205627,205628,205629,205630,205631,205634,205635,205636,205637,205638,1,-1,2,-2,1,3,1,-1,-3,-1,2,2,5,2,2,-2,-2,-5,-2,-2
0,1,34273,34276,102819,102820,102821,102824,102825,102826,205639,205640,205641,205642,205643,205646,205647,205648,205649,205650,1,-1,2,-2,1,3,1,-1,-3,-1,2,2,5,2,2,-2,-2,-5,-2,-2
0,1,34275,34278,102825,102826,102827,102830,102831,102832,205651,205652,205653,205654,205655,205658,205659,205660,205661,205662,1,-1,2,-2,1,3,1,-1,-3,-1,2,2,5,2,2,-2,-2,-5,-2,-2
0,1,34277,34280,102831,102832,102833,102836,102837,102838,205663,205664,205665,205666,205667,205670,205671,205672,205673,205674,1,-1,2,-2,1,3,1,-1,-3,-1,2,2,5,2,2,-2,-2,-5,-2,-2
0,1,34279,34282,102837,102838,102839,102842,102843,102844,205675,205676,205677,205678,205679,205682,205683,205684,205685,205686,1,-1,2,-2,1,3,1,-1,-3,-1,2,2,5,2,2,-2,-2,-5,-2,-2
0,1,34281,34284,102843,102844,102845,102848,102849,102850,205687,205688,205689,205690,205691,205694,205695,205696,205697,205698,1,-1,2,-2,1,3,1,-1,-3,-1,2,2,5,2,2,-2,-2,-5,-2,-2
0,1,34283,34286,102849,102850,102851,102854,102855,102856,205699,205700,205701,205702,205703,205706,205707,205708,205709,205710,1,-1,2,-2,1,3,1,-1,-3,-1,2,2,5,2,2,-2,-2,-5,-2,-2
0,1,34285,34288,102855,102856,102857,102860,102861,102862,205711,205712,205713,205714,205715,205718,205719,205720,205721,205722,1,-1,2,-2,1,3,1,-1,-3,-1,2,2,5,2,2,-2,-2,-5,-2,-2
0,1,34287,34290,102861,102862,102863,102866,102867,102868,205723,205724,205725,205726,205727,205730,205731,205732,205733,205734,1,-1,2,-2,1,3,1,-1,-3,-1,2,2,5,2,2,-2,-2,-5,-2,-2
0,1,34289,34292,102867,102868,102869,102872,102873,102874,205735,205736,205737,205738,205739,205742,205743,205744,205745,205746,1,-1,2,-2,1,3,1,-1,-3,-1,2,2,5,2,2,-2,-2,-5,-2,-2
0,1,34291,34294,102873,102874,102875,102878,102879,102880,205747,205748,205749,205750,205751,205754,205755,205756,205757,205758,1,-1,2,-2,1,3,1,-1,-3,-1,2,2,5,2,2,-2,-2,-5,-2,-2
0,1,34293,34296,102879,102880,102881,102884,102885,102886,205759,205760,205761,205762,205763,205766,205767,205768,205769,205770,1,-1,2,-2,1,3,1,-1,-3,-1,2,2,5,2,2,-2,-2,-5,-2,-2
0,1,34295,34298,102885,102886,102887,102890,102891,102892,205771,205772,205773,205774,205775,205778,205779,205780,205781,205782,1,-1,2,-2,1,3,1,-1,-3,-1,2,2,5,2,2,-2,-2,-5,-2,-2
0,1,34297,34300,102891,102892,102893,102896,102897,102898,205783,205784,205785,205786,205787,205790,205791,205792,205793,205794,1,-1,2,-2,1,3,1,-1,-3,-1,2,2,5,2,2,-2,-2,-5,-2,-2
0,1,34299,34302,102897,102898,102899,102902,102903,102904,205795,205796,205797,205798,205799,205802,205803,205804,205805,205806,1,-1,2,-2,1,3,1,-1,-3,-1,2,2,5,2,2,-2,-2,-5,-2,-2
0,1,34301,34304,102903,102904,102905,102908,102909,102910,205807,205808,205809,205810,205811,205814,205815,205816,205817,205818,1,-1,2,-2,1,3,1,-1,-3,-1,2,2,5,2,2,-2,-2,-5,-2,-2
0,1,34303,34306,102909,102910,102911,102914,102915,102916,205819,205820,205821,205822,205823,205826,205827,205828,205829,205830,1,-1,2,-2,1,3,1,-1,-3,-1,2,2,5,2,2,-2,-2,-5,-2,-2
0,1,34305,34308,102915,102916,102917,102920,102921,102922,205831,205832,205833,205834,205835,205838,205839,205840,205841,205842,1,-1,2,-2,1,3,1,-1,-3,-1,2,2,5,2,2,-2,-2,-5,-2,-2
0,1,34307,34310,102921,102922,102923,102926,102927,102928,205843,205844,205845,205846,205847,205850,205851,205852,205853,205854,1,-1,2,-2,1,3,1,-1,-3,-1,2,2,5,2,2,-2,-2,-5,-2,-2
0,1,34309,34312,102927,102928,102929,102932,102933,102934,205855,205856,205857,205858,205859,205862,205863,205864,205865,205866,1,-1,2,-2,1,3,1,-1,-3,-1,2,2,5,2,2,-2,-2,-5,-2,-2
0,1,34311,34314,102933,102934,102935,102938,102939,102940,205867,205868,205869,205870,205871,205874,205875,205876,205877,205878,1,-1,2,-2,1,3,1,-1,-3,-1,2,2,5,2,2,-2,-2,-5,-2,-2
0,1,34313,34316,102939,102940,102941,102944,102945,102946,205879,205880,205881,205882,205883,205886,205887,205888,205889,205890,1,-1,2,-2,1,3,1,-1,-3,-1,2,2,5,2,2,-2,-2,-5,-2,-2
0,1,34315,34318,102945,102946,102947,102950,102951,102952,205891,205892,205893,205894,205895,205898,205899,205900,205901,205902,1,-1,2,-2,1,3,1,-1,-3,-1,2,2,5,2,2,-2,-2,-5,-2,-2
0,1,34317,34320,102951,102952,102953,102956,102957,102958,205903,205904,205905,205906,205907,205910,205911,205912,205913,205914,1,-1,2,-2,1,3,1,-1,-3,-1,2,2,5,2,2,-2,-2,-5,-2,-2
0,1,34319,34322,102957,102958,102959,102962,102963,102964,205915,205916,205917,205918,205919,205922,205923,205924,205925,205926,1,-1,2,-2,1,3,1,-1,-3,-1,2,2,5,2,2,-2,-2,-5,-2,-2
0,1,34321,34324,102963,102964,102965,102968,102969,102970,205927,205928,205929,205930,205931,205934,205935,205936,205937,205938,1,-1,2,-2,1,3,1,-1,-3,-1,2,2,5,2,2,-2,-2,-5,-2,-2
0,1,34323,34326,102969,102970,102971,102974,102975,102976,205939,205940,205941,205942,205943,205946,205947,205948,205949,205950,1,-1,2,-2,1,3,1,-1,-3,-1,2,2,5,2,2,-2,-2,-5,-2,-2
0,1,34325,34328,102975,102976,102977,102980,102981,102982,205951,205952,205953,205954,205955,205958,205959,205960,205961,205962,1,-1,2,-2,1,3,1,-1,-3,-1,2,2,5,2,2,-2,-2,-5,-2,-2
0,1,34327,34330,102981,102982,102983,102986,102987,102988,205963,205964,205965,205966,205967,205970,205971,205972,205973,205974,1,-1,2,-2,1,3,1,-1,-3,-1,2,2,5,2,2,-2,-2,-5,-2,-2
0,1,34329,34332,102987,102988,102989,102992,102993,102994,205975,205976,205977,205978,205979,205982,205983,205984,205985,205986,1,-1,2,-2,1,3,1,-1,-3,-1,2,2,5,2,2,-2,-2,-5,-2,-2
0,1,34331,34334,102993,102994,102995,102998,102999,103000,205987,205988,205989,205990,205991,205994,205995,205996,205997,205998,1,-1,2,-2,1,3,1,-1,-3,-1,2,2,5,2,2,-2,-2,-5,-2,-2
0,1,34333,34336,102999,103000,103001,103004,103005,103006,205999,206000,206001,206002,206003,206006,206007,206008,206009,206010,1,-1,2,-2,1,3,1,-1,-3,-1,2,2,5,2,2,-2,-2,-5,-2,-2
0,1,34335,34338,103005,103006,103007,103010,103011,103012,206011,206012,206013,206014,206015,206018,206019,206020,206021,206022,1,-1,2,-2,1,3,1,-1,-3,-1,2,2,5,2,2,-2,-2,-5,-2,-2
0,1,34337,34340,103011,103012,103013,103016,103017,103018,206023,206024,206025,206026,206027,206030,206031,206032,206033,206034,1,-1,2,-2,1,3,1,-1,-3,-1,2,2,5,2,2,-2,-2,-5,-2,-2
0,1,34339,34342,103017,103018,103019,103022,103023,103024,206035,206036,206037,206038,206039,206042,206043,206044,206045,206046,1,-1,2,-2,1,3,1,-1,-3,-1,2,2,5,2,2,-2,-2,-5,-2,-2
0,1,34341,34344,103023,103024,103025,103028,103029,103030,206047,206048,206049,206050,206051,206054,206055,206056,206057,206058,1,-1,2,-2,1,3,1,-1,-3,-1,2,2,5,2,2,-2,-2,-5,-2,-2
0,1,34343,34346,103029,103030,103031,103034,103035,103036,206059,206060,206061,206062,206063,206066,206067,206068,206069,206070,1,-1,2,-2,1,3,1,-1,-3,-1,2,2,5,2,2,-2,-2,-5,-2,-2
0,1,34345,34348,103035,103036,103037,103040,103041,103042,206071,206072,206073,206074,206075,206078,206079,206080,206081,206082,1,-1,2,-2,1,3,1,-1,-3,-1,2,2,5,2,2,-2,-2,-5,-2,-2
0,1,34347,34350,103041,103042,103043,103046,103047,103048,206083,206084,206085,206086,206087,206090,206091,206092,206093,206094,1,-1,2,-2,1,3,1,-1,-3,-1,2,2,5,2,2,-2,-2,-5,-2,-2
0,1,34349,34352,103047,103048,103049,103052,103053,103054,206095,206096,206097,206098,206099,206102,206103,206104,206105,206106,1,-1,2,-2,1,3,1,-1,-3,-1,2,2,5,2,2,-2,-2,-5,-2,-2
0,1,34351,34354,103053,103054,103055,103058,103059,103060,206107,206108,206109,206110,206111,206114,206115,206116,206117,206118,1,-1,2,-2,1,3,1,-1,-3,-1,2,2,5,2,2,-2,-2,-5,-2,-2
0,1,34353,34356,103059,103060,103061,103064,103065,103066,206119,206120,206121,206122,206123,206126,206127,206128,206129,206130,1,-1,2,-2,1,3,1,-1,-3,-1,2,2,5,2,2,-2,-2,-5,-2,-2
0,1,34355,34358,103065,103066,103067,103070,103071,103072,206131,206132,206133,206134,206135,206138,206139,206140,206141,206142,1,-1,2,-2,1,3,1,-1,-3,-1,2,2,5,2,2,-2,-2,-5,-2,-2
0,1,34357,34360,103071,103072,103073,103076,103077,103078,206143,206144,206145,206146,206147,206150,206151,206152,206153,206154,1,-1,2,-2,1,3,1,-1,-3,-1,2,2,5,2,2,-2,-2,-5,-2,-2
0,1,34359,34362,103077,103078,103079,103082,103083,103084,206155,206156,206157,206158,206159,206162,206163,206164,206165,206166,1,-1,2,-2,1,3,1,-1,-3,-1,2,2,5,2,2,-2,-2,-5,-2,-2
0,1,34361,34364,103083,103084,103085,103088,103089,103090,206167,206168,206169,206170,206171,206174,206175,206176,206177,206178,1,-1,2,-2,1,3,1,-1,-3,-1,2,2,5,2,2,-2,-2,-5,-2,-2
0,1,34363,34366,103089,103090,103091,103094,103095,103096,206179,206180,206181,206182,206183,206186,206187,206188,206189,206190,1,-1,2,-2,1,3,1,-1,-3,-1,2,2,5,2,2,-2,-2,-5,-2,-2
0,1,34365,34368,103095,103096,103097,103100,103101,103102,206191,206192,206193,206194,206195,206198,206199,206200,206201,206202,1,-1,2,-2,1,3,1,-1,-3,-1,2,2,5,2,2,-2,-2,-5,-2,-2
0,1,34367,34370,103101,103102,103103,103106,103107,103108,206203,206204,206205,206206,206207,206210,206211,206212,206213,206214,1,-1,2,-2,1,3,1,-1,-3,-1,2,2,5,2,2,-2,-2,-5,-2,-2
0,1,34369,34372,103107,103108,103109,103112,103113,103114,206215,206216,206217,206218,206219,206222,206223,206224,206225,206226,1,-1,2,-2,1,3,1,-1,-3,-1,2,2,5,2,2,-2,-2,-5,-2,-2
0,1,34371,34374,103113,103114,103115,103118,103119,103120,206227,206228,206229,206230,206231,206234,206235,206236,206237,206238,1,-1,2,-2,1,3,1,-1,-3,-1,2,2,5,2,2,-2,-2,-5,-2,-2
0,1,34373,34376,103119,103120,103121,103124,103125,103126,206239,206240,206241,206242,206243,206246,206247,206248,206249,206250,1,-1,2,-2,1,3,1,-1,-3,-1,2,2,5,2,2,-2,-2,-5,-2,-2
0,1,34375,34378,103125,103126,103127,103130,103131,103132,206251,206252,206253,206254,206255,206258,206259,206260,206261,206262,1,-1,2,-2,1,3,1,-1,-3,-1,2,2,5,2,2,-2,-2,-5,-2,-2
0,1,34377,34380,103131,103132,103133,103136,103137,103138,206263,206264,206265,206266,206267,206270,206271,206272,206273,206274,1,-1,2,-2,1,3,1,-1,-3,-1,2,2,5,2,2,-2,-2,-5,-2,-2
0,1,34379,34382,103137,103138,103139,103142,103143,103144,206275,206276,206277,206278,206279,206282,206283,206284,206285,206286,1,-1,2,-2,1,3,1,-1,-3,-1,2,2,5,2,2,-2,-2,-5,-2,-2
0,1,34381,34384,103143,103144,103145,103148,103149,103150,206287,206288,206289,206290,206291,206294,206295,206296,206297,206298,1,-1,2,-2,1,3,1,-1,-3,-1,2,2,5,2,2,-2,-2,-5,-2,-2
0,1,34383,34386,103149,103150,103151,103154,103155,103156,206299,206300,206301,206302,206303,206306,206307,206308,206309,206310,1,-1,2,-2,1,3,1,-1,-3,-1,2,2,5,2,2,-2,-2,-5,-2,-2
0,1,34385,34388,103155,103156,103157,103160,103161,103162,206311,206312,206313,206314,206315,206318,206319,206320,206321,206322,1,-1,2,-2,1,3,1,-1,-3,-1,2,2,5,2,2,-2,-2,-5,-2,-2
0,1,34387,34390,103161,103162,103163,103166,103167,103168,206323,206324,206325,206326,206327,206330,206331,206332,206333,206334,1,-1,2,-2,1,3,1,-1,-3,-1,2,2,5,2,2,-2,-2,-5,-2,-2
0,1,34389,34392,103167,103168,103169,103172,103173,103174,206335,206336,206337,206338,206339,206342,206343,206344,206345,206346,1,-1,2,-2,1,3,1,-1,-3,-1,2,2,5,2,2,-2,-2,-5,-2,-2
0,1,34391,34394,103173,103174,103175,103178,103179,103180,206347,206348,206349,206350,206351,206354,206355,206356,206357,206358,1,-1,2,-2,1,3,1,-1,-3,-1,2,2,5,2,2,-2,-2,-5,-2,-2
0,1,34393,34396,103179,103180,103181,103184,103185,103186,206359,206360,206361,206362,206363,206366,206367,206368,206369,206370,1,-1,2,-2,1,3,1,-1,-3,-1,2,2,5,2,2,-2,-2,-5,-2,-2
0,1,34395,34398,103185,103186,103187,103190,103191,103192,206371,206372,206373,206374,206375,206378,206379,206380,206381,206382,1,-1,2,-2,1,3,1,-1,-3,-1,2,2,5,2,2,-2,-2,-5,-2,-2
0,1,34397,34400,103191,103192,103193,103196,103197,103198,206383,206384,206385,206386,206387,206390,206391,206392,206393,206394,1,-1,2,-2,1,3,1,-1,-3,-1,2,2,5,2,2,-2,-2,-5,-2,-2
0,1,34399,34402,103197,103198,103199,103202,103203,103204,206395,206396,206397,206398,206399,206402,206403,206404,206405,206406,1,-1,2,-2,1,3,1,-1,-3,-1,2,2,5,2,2,-2,-2,-5,-2,-2
0,1,34401,34404,103203,103204,103205,103208,103209,103210,206407,206408,206409,206410,206411,206414,206415,206416,206417,206418,1,-1,2,-2,1,3,1,-1,-3,-1,2,2,5,2,2,-2,-2,-5,-2,-2
0,1,34403,34406,103209,103210,103211,103214,103215,103216,206419,206420,206421,206422,206423,206426,206427,206428,206429,206430,1,-1,2,-2,1,3,1,-1,-3,-1,2,2,5,2,2,-2,-2,-5,-2,-2
0,1,34405,34408,103215,103216,103217,103220,103221,103222,206431,206432,206433,206434,206435,206438,206439,206440,206441,206442,1,-1,2,-2,1,3,1,-1,-3,-1,2,2,5,2,2,-2,-2,-5,-2,-2
0,1,34407,34410,103221,103222,103223,103226,103227,103228,206443,206444,206445,206446,206447,206450,206451,206452,206453,206454,1,-1,2,-2,1,3,1,-1,-3,-1,2,2,5,2,2,-2,-2,-5,-2,-2
0,1,34409,34412,103227,103228,103229,103232,103233,103234,206455,206456,206457,206458,206459,206462,206463,206464,206465,206466,1,-1,2,-2,1,3,1,-1,-3,-1,2,2,5,2,2,-2,-2,-5,-2,-2
0,1,34411,34414,103233,103234,103235,103238,103239,103240,206467,206468,206469,206470,206471,206474,206475,206476,206477,206478,1,-1,2,-2,1,3,1,-1,-3,-1,2,2,5,2,2,-2,-2,-5,-2,-2
0,1,34413,34416,103239,103240,103241,103244,103245,103246,206479,206480,206481,206482,206483,206486,206487,206488,206489,206490,1,-1,2,-2,1,3,1,-1,-3,-1,2,2,5,2,2,-2,-2,-5,-2,-2
0,1,34415,34418,103245,103246,103247,103250,103251,103252,206491,206492,206493,206494,206495,206498,206499,206500,206501,206502,1,-1,2,-2,1,3,1,-1,-3,-1,2,2,5,2,2,-2,-2,-5,-2,-2
0,1,34417,34420,103251,103252,103253,103256,103257,103258,206503,206504,206505,206506,206507,206510,206511,206512,206513,206514,1,-1,2,-2,1,3,1,-1,-3,-1,2,2,5,2,2,-2,-2,-5,-2,-2
0,1,34419,34422,103257,103258,103259,103262,103263,103264,206515,206516,206517,206518,206519,206522,206523,206524,206525,206526,1,-1,2,-2,1,3,1,-1,-3,-1,2,2,5,2,2,-2,-2,-5,-2,-2
0,1,34421,34424,103263,103264,103265,103268,103269,103270,206527,206528,206529,206530,206531,206534,206535,206536,206537,206538,1,-1,2,-2,1,3,1,-1,-3,-1,2,2,5,2,2,-2,-2,-5,-2,-2
0,1,34423,34426,103269,103270,103271,103274,103275,103276,206539,206540,206541,206542,206543,206546,206547,206548,206549,206550,1,-1,2,-2,1,3,1,-1,-3,-1,2,2,5,2,2,-2,-2,-5,-2,-2
0,1,34425,34428,103275,103276,103277,103280,103281,103282,206551,206552,206553,206554,206555,206558,206559,206560,206561,206562,1,-1,2,-2,1,3,1,-1,-3,-1,2,2,5,2,2,-2,-2,-5,-2,-2
0,1,34427,34430,103281,103282,103283,103286,103287,103288,206563,206564,206565,206566,206567,206570,206571,206572,206573,206574,1,-1,2,-2,1,3,1,-1,-3,-1,2,2,5,2,2,-2,-2,-5,-2,-2
0,1,34429,34432,103287,103288,103289,103292,103293,103294,206575,206576,206577,206578,206579,206582,206583,206584,206585,206586,1,-1,2,-2,1,3,1,-1,-3,-1,2,2,5,2,2,-2,-2,-5,-2,-2
0,1,34431,34434,103293,103294,103295,103298,103299,103300,206587,206588,206589,206590,206591,206594,206595,206596,206597,206598,1,-1,2,-2,1,3,1,-1,-3,-1,2,2,5,2,2,-2,-2,-5,-2,-2
0,1,34433,34436,103299,103300,103301,103304,103305,103306,206599,206600,206601,206602,206603,206606,206607,206608,206609,206610,1,-1,2,-2,1,3,1,-1,-3,-1,2,2,5,2,2,-2,-2,-5,-2,-2
0,1,34435,34438,103305,103306,103307,103310,103311,103312,206611,206612,206613,206614,206615,206618,206619,206620,206621,206622,1,-1,2,-2,1,3,1,-1,-3,-1,2,2,5,2,2,-2,-2,-5,-2,-2
0,1,34437,34440,103311,103312,103313,103316,103317,103318,206623,206624,206625,206626,206627,206630,206631,206632,206633,206634,1,-1,2,-2,1,3,1,-1,-3,-1,2,2,5,2,2,-2,-2,-5,-2,-2
0,1,34439,34442,103317,103318,103319,103322,103323,103324,206635,206636,206637,206638,206639,206642,206643,206644,206645,206646,1,-1,2,-2,1,3,1,-1,-3,-1,2,2,5,2,2,-2,-2,-5,-2,-2
0,1,34441,34444,103323,103324,103325,103328,103329,103330,206647,206648,206649,206650,206651,206654,206655,206656,206657,206658,1,-1,2,-2,1,3,1,-1,-3,-1,2,2,5,2,2,-2,-2,-5,-2,-2
0,1,34443,34446,103329,103330,103331,103334,103335,103336,206659,206660,206661,206662,206663,206666,206667,206668,206669,206670,1,-1,2,-2,1,3,1,-1,-3,-1,2,2,5,2,2,-2,-2,-5,-2,-2
0,1,34445,34448,103335,103336,103337,103340,103341,103342,206671,206672,206673,206674,206675,206678,206679,206680,206681,206682,1,-1,2,-2,1,3,1,-1,-3,-1,2,2,5,2,2,-2,-2,-5,-2,-2
0,1,34447,34450,103341,103342,103343,103346,103347,103348,206683,206684,206685,206686,206687,206690,206691,206692,206693,206694,1,-1,2,-2,1,3,1,-1,-3,-1,2,2,5,2,2,-2,-2,-5,-2,-2
0,1,34449,34452,103347,103348,103349,103352,103353,103354,206695,206696,206697,206698,206699,206702,206703,206704,206705,206706,1,-1,2,-2,1,3,1,-1,-3,-1,2,2,5,2,2,-2,-2,-5,-2,-2
0,1,34451,34454,103353,103354,103355,103358,103359,103360,206707,206708,206709,206710,206711,206714,206715,206716,206717,206718,1,-1,2,-2,1,3,1,-1,-3,-1,2,2,5,2,2,-2,-2,-5,-2,-2
0,1,34453,34456,103359,103360,103361,103364,103365,103366,206719,206720,206721,206722,206723,206726,206727,206728,206729,206730,1,-1,2,-2,1,3,1,-1,-3,-1,2,2,5,2,2,-2,-2,-5,-2,-2
0,1,34455,34458,103365,103366,103367,103370,103371,103372,206731,206732,206733,206734,206735,206738,206739,206740,206741,206742,1,-1,2,-2,1,3,1,-1,-3,-1,2,2,5,2,2,-2,-2,-5,-2,-2
0,1,34457,34460,103371,103372,103373,103376,103377,103378,206743,206744,206745,206746,206747,206750,206751,206752,206753,206754,1,-1,2,-2,1,3,1,-1,-3,-1,2,2,5,2,2,-2,-2,-5,-2,-2
0,1,34459,34462,103377,103378,103379,103382,103383,103384,206755,206756,206757,206758,206759,206762,206763,206764,206765,206766,1,-1,2,-2,1,3,1,-1,-3,-1,2,2,5,2,2,-2,-2,-5,-2,-2
0,1,34461,34464,103383,103384,103385,103388,103389,103390,206767,206768,206769,206770,206771,206774,206775,206776,206777,206778,1,-1,2,-2,1,3,1,-1,-3,-1,2,2,5,2,2,-2,-2,-5,-2,-2
0,1,34463,34466,103389,103390,103391,103394,103395,103396,206779,206780,206781,206782,206783,206786,206787,206788,206789,206790,1,-1,2,-2,1,3,1,-1,-3,-1,2,2,5,2,2,-2,-2,-5,-2,-2
0,1,34465,34468,103395,103396,103397,103400,103401,103402,206791,206792,206793,206794,206795,206798,206799,206800,206801,206802,1,-1,2,-2,1,3,1,-1,-3,-1,2,2,5,2,2,-2,-2,-5,-2,-2
0,1,34467,34470,103401,103402,103403,103406,103407,103408,206803,206804,206805,206806,206807,206810,206811,206812,206813,206814,1,-1,2,-2,1,3,1,-1,-3,-1,2,2,5,2,2,-2,-2,-5,-2,-2
0,1,34469,34472,103407,103408,103409,103412,103413,103414,206815,206816,206817,206818,206819,206822,206823,206824,206825,206826,1,-1,2,-2,1,3,1,-1,-3,-1,2,2,5,2,2,-2,-2,-5,-2,-2
0,1,34471,34474,103413,103414,103415,103418,103419,103420,206827,206828,206829,206830,206831,206834,206835,206836,206837,206838,1,-1,2,-2,1,3,1,-1,-3,-1,2,2,5,2,2,-2,-2,-5,-2,-2
0,1,34473,34476,103419,103420,103421,103424,103425,103426,206839,206840,206841,206842,206843,206846,206847,206848,206849,206850,1,-1,2,-2,1,3,1,-1,-3,-1,2,2,5,2,2,-2,-2,-5,-2,-2
0,1,34475,34478,103425,103426,103427,103430,103431,103432,206851,206852,206853,206854,206855,206858,206859,206860,206861,206862,1,-1,2,-2,1,3,1,-1,-3,-1,2,2,5,2,2,-2,-2,-5,-2,-2
0,1,34477,34480,103431,103432,103433,103436,103437,103438,206863,206864,206865,206866,206867,206870,206871,206872,206873,206874,1,-1,2,-2,1,3,1,-1,-3,-1,2,2,5,2,2,-2,-2,-5,-2,-2
0,1,34479,34482,103437,103438,103439,103442,103443,103444,206875,206876,206877,206878,206879,206882,206883,206884,206885,206886,1,-1,2,-2,1,3,1,-1,-3,-1,2,2,5,2,2,-2,-2,-5,-2,-2
0,1,34481,34484,103443,103444,103445,103448,103449,103450,206887,206888,206889,206890,206891,206894,206895,206896,206897,206898,1,-1,2,-2,1,3,1,-1,-3,-1,2,2,5,2,2,-2,-2,-5,-2,-2
0,1,34483,34486,103449,103450,103451,103454,103455,103456,206899,206900,206901,206902,206903,206906,206907,206908,206909,206910,1,-1,2,-2,1,3,1,-1,-3,-1,2,2,5,2,2,-2,-2,-5,-2,-2
0,1,34485,34488,103455,103456,103457,103460,103461,103462,206911,206912,206913,206914,206915,206918,206919,206920,206921,206922,1,-1,2,-2,1,3,1,-1,-3,-1,2,2,5,2,2,-2,-2,-5,-2,-2
0,1,34487,34490,103461,103462,103463,103466,103467,103468,206923,206924,206925,206926,206927,206930,206931,206932,206933,206934,1,-1,2,-2,1,3,1,-1,-3,-1,2,2,5,2,2,-2,-2,-5,-2,-2
0,1,34489,34492,103467,103468,103469,103472,103473,103474,206935,206936,206937,206938,206939,206942,206943,206944,206945,206946,1,-1,2,-2,1,3,1,-1,-3,-1,2,2,5,2,2,-2,-2,-5,-2,-2
0,1,34491,34494,103473,103474,103475,103478,103479,103480,206947,206948,206949,206950,206951,206954,206955,206956,206957,206958,1,-1,2,-2,1,3,1,-1,-3,-1,2,2,5,2,2,-2,-2,-5,-2,-2
0,1,34493,34496,103479,103480,103481,103484,103485,103486,206959,206960,206961,206962,206963,206966,206967,206968,206969,206970,1,-1,2,-2,1,3,1,-1,-3,-1,2,2,5,2,2,-2,-2,-5,-2,-2
0,1,34495,34498,103485,103486,103487,103490,103491,103492,206971,206972,206973,206974,206975,206978,206979,206980,206981,206982,1,-1,2,-2,1,3,1,-1,-3,-1,2,2,5,2,2,-2,-2,-5,-2,-2
0,1,34497,34500,103491,103492,103493,103496,103497,103498,206983,206984,206985,206986,206987,206990,206991,206992,206993,206994,1,-1,2,-2,1,3,1,-1,-3,-1,2,2,5,2,2,-2,-2,-5,-2,-2
0,1,34499,34502,103497,103498,103499,103502,103503,103504,206995,206996,206997,206998,206999,207002,207003,207004,207005,207006,1,-1,2,-2,1,3,1,-1,-3,-1,2,2,5,2,2,-2,-2,-5,-2,-2
0,1,34501,34504,103503,103504,103505,103508,103509,103510,207007,207008,207009,207010,207011,207014,207015,207016,207017,207018,1,-1,2,-2,1,3,1,-1,-3,-1,2,2,5,2,2,-2,-2,-5,-2,-2
0,1,34503,34506,103509,103510,103511,103514,103515,103516,207019,207020,207021,207022,207023,207026,207027,207028,207029,207030,1,-1,2,-2,1,3,1,-1,-3,-1,2,2,5,2,2,-2,-2,-5,-2,-2
0,1,34505,34508,103515,103516,103517,103520,103521,103522,207031,207032,207033,207034,207035,207038,207039,207040,207041,207042,1,-1,2,-2,1,3,1,-1,-3,-1,2,2,5,2,2,-2,-2,-5,-2,-2
0,1,34507,34510,103521,103522,103523,103526,103527,103528,207043,207044,207045,207046,207047,207050,207051,207052,207053,207054,1,-1,2,-2,1,3,1,-1,-3,-1,2,2,5,2,2,-2,-2,-5,-2,-2
0,1,34509,34512,103527,103528,103529,103532,103533,103534,207055,207056,207057,207058,207059,207062,207063,207064,207065,207066,1,-1,2,-2,1,3,1,-1,-3,-1,2,2,5,2,2,-2,-2,-5,-2,-2
0,1,34511,34514,103533,103534,103535,103538,103539,103540,207067,207068,207069,207070,207071,207074,207075,207076,207077,207078,1,-1,2,-2,1,3,1,-1,-3,-1,2,2,5,2,2,-2,-2,-5,-2,-2
0,1,34513,34516,103539,103540,103541,103544,103545,103546,207079,207080,207081,207082,207083,207086,207087,207088,207089,207090,1,-1,2,-2,1,3,1,-1,-3,-1,2,2,5,2,2,-2,-2,-5,-2,-2
0,1,34515,34518,103545,103546,103547,103550,103551,103552,207091,207092,207093,207094,207095,207098,207099,207100,207101,207102,1,-1,2,-2,1,3,1,-1,-3,-1,2,2,5,2,2,-2,-2,-5,-2,-2
0,1,34517,34520,103551,103552,103553,103556,103557,103558,207103,207104,207105,207106,207107,207110,207111,207112,207113,207114,1,-1,2,-2,1,3,1,-1,-3,-1,2,2,5,2,2,-2,-2,-5,-2,-2
0,1,34519,34522,103557,103558,103559,103562,103563,103564,207115,207116,207117,207118,207119,207122,207123,207124,207125,207126,1,-1,2,-2,1,3,1,-1,-3,-1,2,2,5,2,2,-2,-2,-5,-2,-2
0,1,34521,34524,103563,103564,103565,103568,103569,103570,207127,207128,207129,207130,207131,207134,207135,207136,207137,207138,1,-1,2,-2,1,3,1,-1,-3,-1,2,2,5,2,2,-2,-2,-5,-2,-2
0,1,34523,34526,103569,103570,103571,103574,103575,103576,207139,207140,207141,207142,207143,207146,207147,207148,207149,207150,1,-1,2,-2,1,3,1,-1,-3,-1,2,2,5,2,2,-2,-2,-5,-2,-2
0,1,34525,34528,103575,103576,103577,103580,103581,103582,207151,207152,207153,207154,207155,207158,207159,207160,207161,207162,1,-1,2,-2,1,3,1,-1,-3,-1,2,2,5,2,2,-2,-2,-5,-2,-2
0,1,34527,34530,103581,103582,103583,103586,103587,103588,207163,207164,207165,207166,207167,207170,207171,207172,207173,207174,1,-1,2,-2,1,3,1,-1,-3,-1,2,2,5,2,2,-2,-2,-5,-2,-2
0,1,34529,34532,103587,103588,103589,103592,103593,103594,207175,207176,207177,207178,207179,207182,207183,207184,207185,207186,1,-1,2,-2,1,3,1,-1,-3,-1,2,2,5,2,2,-2,-2,-5,-2,-2
0,1,34531,34534,103593,103594,103595,103598,103599,103600,207187,207188,207189,207190,207191,207194,207195,207196,207197,207198,1,-1,2,-2,1,3,1,-1,-3,-1,2,2,5,2,2,-2,-2,-5,-2,-2
0,1,34533,34536,103599,103600,103601,103604,103605,103606,207199,207200,207201,207202,207203,207206,207207,207208,207209,207210,1,-1,2,-2,1,3,1,-1,-3,-1,2,2,5,2,2,-2,-2,-5,-2,-2
0,1,34535,34538,103605,103606,103607,103610,103611,103612,207211,207212,207213,207214,207215,207218,207219,207220,207221,207222,1,-1,2,-2,1,3,1,-1,-3,-1,2,2,5,2,2,-2,-2,-5,-2,-2
0,1,34537,34540,103611,103612,103613,103616,103617,103618,207223,207224,207225,207226,207227,207230,207231,207232,207233,207234,1,-1,2,-2,1,3,1,-1,-3,-1,2,2,5,2,2,-2,-2,-5,-2,-2
0,1,34539,34542,103617,103618,103619,103622,103623,103624,207235,207236,207237,207238,207239,207242,207243,207244,207245,207246,1,-1,2,-2,1,3,1,-1,-3,-1,2,2,5,2,2,-2,-2,-5,-2,-2
0,1,34541,34544,103623,103624,103625,103628,103629,103630,207247,207248,207249,207250,207251,207254,207255,207256,207257,207258,1,-1,2,-2,1,3,1,-1,-3,-1,2,2,5,2,2,-2,-2,-5,-2,-2
0,1,34543,34546,103629,103630,103631,103634,103635,103636,207259,207260,207261,207262,207263,207266,207267,207268,207269,207270,1,-1,2,-2,1,3,1,-1,-3,-1,2,2,5,2,2,-2,-2,-5,-2,-2
0,1,34545,34548,103635,103636,103637,103640,103641,103642,207271,207272,207273,207274,207275,207278,207279,207280,207281,207282,1,-1,2,-2,1,3,1,-1,-3,-1,2,2,5,2,2,-2,-2,-5,-2,-2
0,1,34547,34550,103641,103642,103643,103646,103647,103648,207283,207284,207285,207286,207287,207290,207291,207292,207293,207294,1,-1,2,-2,1,3,1,-1,-3,-1,2,2,5,2,2,-2,-2,-5,-2,-2
0,1,34549,34552,103647,103648,103649,103652,103653,103654,207295,207296,207297,207298,207299,207302,207303,207304,207305,207306,1,-1,2,-2,1,3,1,-1,-3,-1,2,2,5,2,2,-2,-2,-5,-2,-2
0,1,34551,34554,103653,103654,103655,103658,103659,103660,207307,207308,207309,207310,207311,207314,207315,207316,207317,207318,1,-1,2,-2,1,3,1,-1,-3,-1,2,2,5,2,2,-2,-2,-5,-2,-2
0,1,34553,34556,103659,103660,103661,103664,103665,103666,207319,207320,207321,207322,207323,207326,207327,207328,207329,207330,1,-1,2,-2,1,3,1,-1,-3,-1,2,2,5,2,2,-2,-2,-5,-2,-2
0,1,34555,34558,103665,103666,103667,103670,103671,103672,207331,207332,207333,207334,207335,207338,207339,207340,207341,207342,1,-1,2,-2,1,3,1,-1,-3,-1,2,2,5,2,2,-2,-2,-5,-2,-2
0,1,34557,34560,103671,103672,103673,103676,103677,103678,207343,207344,207345,207346,207347,207350,207351,207352,207353,207354,1,-1,2,-2,1,3,1,-1,-3,-1,2,2,5,2,2,-2,-2,-5,-2,-2
0,1,34559,34562,103677,103678,103679,103682,103683,103684,207355,207356,207357,207358,207359,207362,207363,207364,207365,207366,1,-1,2,-2,1,3,1,-1,-3,-1,2,2,5,2,2,-2,-2,-5,-2,-2
0,1,34561,34564,103683,103684,103685,103688,103689,103690,207367,207368,207369,207370,207371,207374,207375,207376,207377,207378,1,-1,2,-2,1,3,1,-1,-3,-1,2,2,5,2,2,-2,-2,-5,-2,-2
0,1,34563,34566,103689,103690,103691,103694,103695,103696,207379,207380,207381,207382,207383,207386,207387,207388,207389,207390,1,-1,2,-2,1,3,1,-1,-3,-1,2,2,5,2,2,-2,-2,-5,-2,-2
0,1,34565,34568,103695,103696,103697,103700,103701,103702,207391,207392,207393,207394,207395,207398,207399,207400,207401,207402,1,-1,2,-2,1,3,1,-1,-3,-1,2,2,5,2,2,-2,-2,-5,-2,-2
0,1,34567,34570,103701,103702,103703,103706,103707,103708,207403,207404,207405,207406,207407,207410,207411,207412,207413,207414,1,-1,2,-2,1,3,1,-1,-3,-1,2,2,5,2,2,-2,-2,-5,-2,-2
0,1,34569,34572,103707,103708,103709,103712,103713,103714,207415,207416,207417,207418,207419,207422,207423,207424,207425,207426,1,-1,2,-2,1,3,1,-1,-3,-1,2,2,5,2,2,-2,-2,-5,-2,-2
0,1,34571,34574,103713,103714,103715,103718,103719,103720,207427,207428,207429,207430,207431,207434,207435,207436,207437,207438,1,-1,2,-2,1,3,1,-1,-3,-1,2,2,5,2,2,-2,-2,-5,-2,-2
0,1,34573,34576,103719,103720,103721,103724,103725,103726,207439,207440,207441,207442,207443,207446,207447,207448,207449,207450,1,-1,2,-2,1,3,1,-1,-3,-1,2,2,5,2,2,-2,-2,-5,-2,-2
0,1,34575,34578,103725,103726,103727,103730,103731,103732,207451,207452,207453,207454,207455,207458,207459,207460,207461,207462,1,-1,2,-2,1,3,1,-1,-3,-1,2,2,5,2,2,-2,-2,-5,-2,-2
0,1,34577,34580,103731,103732,103733,103736,103737,103738,207463,207464,207465,207466,207467,207470,207471,207472,207473,207474,1,-1,2,-2,1,3,1,-1,-3,-1,2,2,5,2,2,-2,-2,-5,-2,-2
0,1,34579,34582,103737,103738,103739,103742,103743,103744,207475,207476,207477,207478,207479,207482,207483,207484,207485,207486,1,-1,2,-2,1,3,1,-1,-3,-1,2,2,5,2,2,-2,-2,-5,-2,-2
0,1,34581,34584,103743,103744,103745,103748,103749,103750,207487,207488,207489,207490,207491,207494,207495,207496,207497,207498,1,-1,2,-2,1,3,1,-1,-3,-1,2,2,5,2,2,-2,-2,-5,-2,-2
0,1,34583,34586,103749,103750,103751,103754,103755,103756,207499,207500,207501,207502,207503,207506,207507,207508,207509,207510,1,-1,2,-2,1,3,1,-1,-3,-1,2,2,5,2,2,-2,-2,-5,-2,-2
0,1,34585,34588,103755,103756,103757,103760,103761,103762,207511,207512,207513,207514,207515,207518,207519,207520,207521,207522,1,-1,2,-2,1,3,1,-1,-3,-1,2,2,5,2,2,-2,-2,-5,-2,-2
0,1,34587,34590,103761,103762,103763,103766,103767,103768,207523,207524,207525,207526,207527,207530,207531,207532,207533,207534,1,-1,2,-2,1,3,1,-1,-3,-1,2,2,5,2,2,-2,-2,-5,-2,-2
0,1,34589,34592,103767,103768,103769,103772,103773,103774,207535,207536,207537,207538,207539,207542,207543,207544,207545,207546,1,-1,2,-2,1,3,1,-1,-3,-1,2,2,5,2,2,-2,-2,-5,-2,-2
0,1,34591,34594,103773,103774,103775,103778,103779,103780,207547,207548,207549,207550,207551,207554,207555,207556,207557,207558,1,-1,2,-2,1,3,1,-1,-3,-1,2,2,5,2,2,-2,-2,-5,-2,-2
0,1,34593,34596,103779,103780,103781,103784,103785,103786,207559,207560,207561,207562,207563,207566,207567,207568,207569,207570,1,-1,2,-2,1,3,1,-1,-3,-1,2,2,5,2,2,-2,-2,-5,-2,-2
0,1,34595,34598,103785,103786,103787,103790,103791,103792,207571,207572,207573,207574,207575,207578,207579,207580,207581,207582,1,-1,2,-2,1,3,1,-1,-3,-1,2,2,5,2,2,-2,-2,-5,-2,-2
0,1,34597,34600,103791,103792,103793,103796,103797,103798,207583,207584,207585,207586,207587,207590,207591,207592,207593,207594,1,-1,2,-2,1,3,1,-1,-3,-1,2,2,5,2,2,-2,-2,-5,-2,-2
0,1,34599,34602,103797,103798,103799,103802,103803,103804,207595,207596,207597,207598,207599,207602,207603,207604,207605,207606,1,-1,2,-2,1,3,1,-1,-3,-1,2,2,5,2,2,-2,-2,-5,-2,-2
0,1,34601,34604,103803,103804,103805,103808,103809,103810,207607,207608,207609,207610,207611,207614,207615,207616,207617,207618,1,-1,2,-2,1,3,1,-1,-3,-1,2,2,5,2,2,-2,-2,-5,-2,-2
0,1,34603,34606,103809,103810,103811,103814,103815,103816,207619,207620,207621,207622,207623,207626,207627,207628,207629,207630,1,-1,2,-2,1,3,1,-1,-3,-1,2,2,5,2,2,-2,-2,-5,-2,-2
0,1,34605,34608,103815,103816,103817,103820,103821,103822,207631,207632,207633,207634,207635,207638,207639,207640,207641,207642,1,-1,2,-2,1,3,1,-1,-3,-1,2,2,5,2,2,-2,-2,-5,-2,-2
0,1,34607,34610,103821,103822,103823,103826,103827,103828,207643,207644,207645,207646,207647,207650,207651,207652,207653,207654,1,-1,2,-2,1,3,1,-1,-3,-1,2,2,5,2,2,-2,-2,-5,-2,-2
0,1,34609,34612,103827,103828,103829,103832,103833,103834,207655,207656,207657,207658,207659,207662,207663,207664,207665,207666,1,-1,2,-2,1,3,1,-1,-3,-1,2,2,5,2,2,-2,-2,-5,-2,-2
0,1,34611,34614,103833,103834,103835,103838,103839,103840,207667,207668,207669,207670,207671,207674,207675,207676,207677,207678,1,-1,2,-2,1,3,1,-1,-3,-1,2,2,5,2,2,-2,-2,-5,-2,-2
0,1,34613,34616,103839,103840,103841,103844,103845,103846,207679,207680,207681,207682,207683,207686,207687,207688,207689,207690,1,-1,2,-2,1,3,1,-1,-3,-1,2,2,5,2,2,-2,-2,-5,-2,-2
0,1,34615,34618,103845,103846,103847,103850,103851,103852,207691,207692,207693,207694,207695,207698,207699,207700,207701,207702,1,-1,2,-2,1,3,1,-1,-3,-1,2,2,5,2,2,-2,-2,-5,-2,-2
0,1,34617,34620,103851,103852,103853,103856,103857,103858,207703,207704,207705,207706,207707,207710,207711,207712,207713,207714,1,-1,2,-2,1,3,1,-1,-3,-1,2,2,5,2,2,-2,-2,-5,-2,-2
0,1,34619,34622,103857,103858,103859,103862,103863,103864,207715,207716,207717,207718,207719,207722,207723,207724,207725,207726,1,-1,2,-2,1,3,1,-1,-3,-1,2,2,5,2,2,-2,-2,-5,-2,-2
0,1,34621,34624,103863,103864,103865,103868,103869,103870,207727,207728,207729,207730,207731,207734,207735,207736,207737,207738,1,-1,2,-2,1,3,1,-1,-3,-1,2,2,5,2,2,-2,-2,-5,-2,-2
0,1,34623,34626,103869,103870,103871,103874,103875,103876,207739,207740,207741,207742,207743,207746,207747,207748,207749,207750,1,-1,2,-2,1,3,1,-1,-3,-1,2,2,5,2,2,-2,-2,-5,-2,-2
0,1,34625,34628,103875,103876,103877,103880,103881,103882,207751,207752,207753,207754,207755,207758,207759,207760,207761,207762,1,-1,2,-2,1,3,1,-1,-3,-1,2,2,5,2,2,-2,-2,-5,-2,-2
0,1,34627,34630,103881,103882,103883,103886,103887,103888,207763,207764,207765,207766,207767,207770,207771,207772,207773,207774,1,-1,2,-2,1,3,1,-1,-3,-1,2,2,5,2,2,-2,-2,-5,-2,-2
0,1,34629,34632,103887,103888,103889,103892,103893,103894,207775,207776,207777,207778,207779,207782,207783,207784,207785,207786,1,-1,2,-2,1,3,1,-1,-3,-1,2,2,5,2,2,-2,-2,-5,-2,-2
0,1,34631,34634,103893,103894,103895,103898,103899,103900,207787,207788,207789,207790,207791,207794,207795,207796,207797,207798,1,-1,2,-2,1,3,1,-1,-3,-1,2,2,5,2,2,-2,-2,-5,-2,-2
0,1,34633,34636,103899,103900,103901,103904,103905,103906,207799,207800,207801,207802,207803,207806,207807,207808,207809,207810,1,-1,2,-2,1,3,1,-1,-3,-1,2,2,5,2,2,-2,-2,-5,-2,-2
0,1,34635,34638,103905,103906,103907,103910,103911,103912,207811,207812,207813,207814,207815,207818,207819,207820,207821,207822,1,-1,2,-2,1,3,1,-1,-3,-1,2,2,5,2,2,-2,-2,-5,-2,-2
0,1,34637,34640,103911,103912,103913,103916,103917,103918,207823,207824,207825,207826,207827,207830,207831,207832,207833,207834,1,-1,2,-2,1,3,1,-1,-3,-1,2,2,5,2,2,-2,-2,-5,-2,-2
0,1,34639,34642,103917,103918,103919,103922,103923,103924,207835,207836,207837,207838,207839,207842,207843,207844,207845,207846,1,-1,2,-2,1,3,1,-1,-3,-1,2,2,5,2,2,-2,-2,-5,-2,-2
0,1,34641,34644,103923,103924,103925,103928,103929,103930,207847,207848,207849,207850,207851,207854,207855,207856,207857,207858,1,-1,2,-2,1,3,1,-1,-3,-1,2,2,5,2,2,-2,-2,-5,-2,-2
0,1,34643,34646,103929,103930,103931,103934,103935,103936,207859,207860,207861,207862,207863,207866,207867,207868,207869,207870,1,-1,2,-2,1,3,1,-1,-3,-1,2,2,5,2,2,-2,-2,-5,-2,-2
0,1,34645,34648,103935,103936,103937,103940,103941,103942,207871,207872,207873,207874,207875,207878,207879,207880,207881,207882,1,-1,2,-2,1,3,1,-1,-3,-1,2,2,5,2,2,-2,-2,-5,-2,-2
0,1,34647,34650,103941,103942,103943,103946,103947,103948,207883,207884,207885,207886,207887,207890,207891,207892,207893,207894,1,-1,2,-2,1,3,1,-1,-3,-1,2,2,5,2,2,-2,-2,-5,-2,-2
0,1,34649,34652,103947,103948,103949,103952,103953,103954,207895,207896,207897,207898,207899,207902,207903,207904,207905,207906,1,-1,2,-2,1,3,1,-1,-3,-1,2,2,5,2,2,-2,-2,-5,-2,-2
0,1,34651,34654,103953,103954,103955,103958,103959,103960,207907,207908,207909,207910,207911,207914,207915,207916,207917,207918,1,-1,2,-2,1,3,1,-1,-3,-1,2,2,5,2,2,-2,-2,-5,-2,-2
0,1,34653,34656,103959,103960,103961,103964,103965,103966,207919,207920,207921,207922,207923,207926,207927,207928,207929,207930,1,-1,2,-2,1,3,1,-1,-3,-1,2,2,5,2,2,-2,-2,-5,-2,-2
0,1,34655,34658,103965,103966,103967,103970,103971,103972,207931,207932,207933,207934,207935,207938,207939,207940,207941,207942,1,-1,2,-2,1,3,1,-1,-3,-1,2,2,5,2,2,-2,-2,-5,-2,-2
0,1,34657,34660,103971,103972,103973,103976,103977,103978,207943,207944,207945,207946,207947,207950,207951,207952,207953,207954,1,-1,2,-2,1,3,1,-1,-3,-1,2,2,5,2,2,-2,-2,-5,-2,-2
0,1,34659,34662,103977,103978,103979,103982,103983,103984,207955,207956,207957,207958,207959,207962,207963,207964,207965,207966,1,-1,2,-2,1,3,1,-1,-3,-1,2,2,5,2,2,-2,-2,-5,-2,-2
0,1,34661,34664,103983,103984,103985,103988,103989,103990,207967,207968,207969,207970,207971,207974,207975,207976,207977,207978,1,-1,2,-2,1,3,1,-1,-3,-1,2,2,5,2,2,-2,-2,-5,-2,-2
0,1,34663,34666,103989,103990,103991,103994,103995,103996,207979,207980,207981,207982,207983,207986,207987,207988,207989,207990,1,-1,2,-2,1,3,1,-1,-3,-1,2,2,5,2,2,-2,-2,-5,-2,-2
0,1,34665,34668,103995,103996,103997,104000,104001,104002,207991,207992,207993,207994,207995,207998,207999,208000,208001,208002,1,-1,2,-2,1,3,1,-1,-3,-1,2,2,5,2,2,-2,-2,-5,-2,-2
0,1,34667,34670,104001,104002,104003,104006,104007,104008,208003,208004,208005,208006,208007,208010,208011,208012,208013,208014,1,-1,2,-2,1,3,1,-1,-3,-1,2,2,5,2,2,-2,-2,-5,-2,-2
0,1,34669,34672,104007,104008,104009,104012,104013,104014,208015,208016,208017,208018,208019,208022,208023,208024,208025,208026,1,-1,2,-2,1,3,1,-1,-3,-1,2,2,5,2,2,-2,-2,-5,-2,-2
0,1,34671,34674,104013,104014,104015,104018,104019,104020,208027,208028,208029,208030,208031,208034,208035,208036,208037,208038,1,-1,2,-2,1,3,1,-1,-3,-1,2,2,5,2,2,-2,-2,-5,-2,-2
0,1,34673,34676,104019,104020,104021,104024,104025,104026,208039,208040,208041,208042,208043,208046,208047,208048,208049,208050,1,-1,2,-2,1,3,1,-1,-3,-1,2,2,5,2,2,-2,-2,-5,-2,-2
0,1,34675,34678,104025,104026,104027,104030,104031,104032,208051,208052,208053,208054,208055,208058,208059,208060,208061,208062,1,-1,2,-2,1,3,1,-1,-3,-1,2,2,5,2,2,-2,-2,-5,-2,-2
0,1,34677,34680,104031,104032,104033,104036,104037,104038,208063,208064,208065,208066,208067,208070,208071,208072,208073,208074,1,-1,2,-2,1,3,1,-1,-3,-1,2,2,5,2,2,-2,-2,-5,-2,-2
0,1,34679,34682,104037,104038,104039,104042,104043,104044,208075,208076,208077,208078,208079,208082,208083,208084,208085,208086,1,-1,2,-2,1,3,1,-1,-3,-1,2,2,5,2,2,-2,-2,-5,-2,-2
0,1,34681,34684,104043,104044,104045,104048,104049,104050,208087,208088,208089,208090,208091,208094,208095,208096,208097,208098,1,-1,2,-2,1,3,1,-1,-3,-1,2,2,5,2,2,-2,-2,-5,-2,-2
0,1,34683,34686,104049,104050,104051,104054,104055,104056,208099,208100,208101,208102,208103,208106,208107,208108,208109,208110,1,-1,2,-2,1,3,1,-1,-3,-1,2,2,5,2,2,-2,-2,-5,-2,-2
0,1,34685,34688,104055,104056,104057,104060,104061,104062,208111,208112,208113,208114,208115,208118,208119,208120,208121,208122,1,-1,2,-2,1,3,1,-1,-3,-1,2,2,5,2,2,-2,-2,-5,-2,-2
0,1,34687,34690,104061,104062,104063,104066,104067,104068,208123,208124,208125,208126,208127,208130,208131,208132,208133,208134,1,-1,2,-2,1,3,1,-1,-3,-1,2,2,5,2,2,-2,-2,-5,-2,-2
0,1,34689,34692,104067,104068,104069,104072,104073,104074,208135,208136,208137,208138,208139,208142,208143,208144,208145,208146,1,-1,2,-2,1,3,1,-1,-3,-1,2,2,5,2,2,-2,-2,-5,-2,-2
0,1,34691,34694,104073,104074,104075,104078,104079,104080,208147,208148,208149,208150,208151,208154,208155,208156,208157,208158,1,-1,2,-2,1,3,1,-1,-3,-1,2,2,5,2,2,-2,-2,-5,-2,-2
0,1,34693,34696,104079,104080,104081,104084,104085,104086,208159,208160,208161,208162,208163,208166,208167,208168,208169,208170,1,-1,2,-2,1,3,1,-1,-3,-1,2,2,5,2,2,-2,-2,-5,-2,-2
0,1,34695,34698,104085,104086,104087,104090,104091,104092,208171,208172,208173,208174,208175,208178,208179,208180,208181,208182,1,-1,2,-2,1,3,1,-1,-3,-1,2,2,5,2,2,-2,-2,-5,-2,-2
0,1,34697,34700,104091,104092,104093,104096,104097,104098,208183,208184,208185,208186,208187,208190,208191,208192,208193,208194,1,-1,2,-2,1,3,1,-1,-3,-1,2,2,5,2,2,-2,-2,-5,-2,-2
0,1,34699,34702,104097,104098,104099,104102,104103,104104,208195,208196,208197,208198,208199,208202,208203,208204,208205,208206,1,-1,2,-2,1,3,1,-1,-3,-1,2,2,5,2,2,-2,-2,-5,-2,-2
0,1,34701,34704,104103,104104,104105,104108,104109,104110,208207,208208,208209,208210,208211,208214,208215,208216,208217,208218,1,-1,2,-2,1,3,1,-1,-3,-1,2,2,5,2,2,-2,-2,-5,-2,-2
0,1,34703,34706,104109,104110,104111,104114,104115,104116,208219,208220,208221,208222,208223,208226,208227,208228,208229,208230,1,-1,2,-2,1,3,1,-1,-3,-1,2,2,5,2,2,-2,-2,-5,-2,-2
0,1,34705,34708,104115,104116,104117,104120,104121,104122,208231,208232,208233,208234,208235,208238,208239,208240,208241,208242,1,-1,2,-2,1,3,1,-1,-3,-1,2,2,5,2,2,-2,-2,-5,-2,-2
0,1,34707,34710,104121,104122,104123,104126,104127,104128,208243,208244,208245,208246,208247,208250,208251,208252,208253,208254,1,-1,2,-2,1,3,1,-1,-3,-1,2,2,5,2,2,-2,-2,-5,-2,-2
0,1,34709,34712,104127,104128,104129,104132,104133,104134,208255,208256,208257,208258,208259,208262,208263,208264,208265,208266,1,-1,2,-2,1,3,1,-1,-3,-1,2,2,5,2,2,-2,-2,-5,-2,-2
0,1,34711,34714,104133,104134,104135,104138,104139,104140,208267,208268,208269,208270,208271,208274,208275,208276,208277,208278,1,-1,2,-2,1,3,1,-1,-3,-1,2,2,5,2,2,-2,-2,-5,-2,-2
0,1,34713,34716,104139,104140,104141,104144,104145,104146,208279,208280,208281,208282,208283,208286,208287,208288,208289,208290,1,-1,2,-2,1,3,1,-1,-3,-1,2,2,5,2,2,-2,-2,-5,-2,-2
0,1,34715,34718,104145,104146,104147,104150,104151,104152,208291,208292,208293,208294,208295,208298,208299,208300,208301,208302,1,-1,2,-2,1,3,1,-1,-3,-1,2,2,5,2,2,-2,-2,-5,-2,-2
0,1,34717,34720,104151,104152,104153,104156,104157,104158,208303,208304,208305,208306,208307,208310,208311,208312,208313,208314,1,-1,2,-2,1,3,1,-1,-3,-1,2,2,5,2,2,-2,-2,-5,-2,-2
0,1,34719,34722,104157,104158,104159,104162,104163,104164,208315,208316,208317,208318,208319,208322,208323,208324,208325,208326,1,-1,2,-2,1,3,1,-1,-3,-1,2,2,5,2,2,-2,-2,-5,-2,-2
0,1,34721,34724,104163,104164,104165,104168,104169,104170,208327,208328,208329,208330,208331,208334,208335,208336,208337,208338,1,-1,2,-2,1,3,1,-1,-3,-1,2,2,5,2,2,-2,-2,-5,-2,-2
0,1,34723,34726,104169,104170,104171,104174,104175,104176,208339,208340,208341,208342,208343,208346,208347,208348,208349,208350,1,-1,2,-2,1,3,1,-1,-3,-1,2,2,5,2,2,-2,-2,-5,-2,-2
0,1,34725,34728,104175,104176,104177,104180,104181,104182,208351,208352,208353,208354,208355,208358,208359,208360,208361,208362,1,-1,2,-2,1,3,1,-1,-3,-1,2,2,5,2,2,-2,-2,-5,-2,-2
0,1,34727,34730,104181,104182,104183,104186,104187,104188,208363,208364,208365,208366,208367,208370,208371,208372,208373,208374,1,-1,2,-2,1,3,1,-1,-3,-1,2,2,5,2,2,-2,-2,-5,-2,-2
0,1,34729,34732,104187,104188,104189,104192,104193,104194,208375,208376,208377,208378,208379,208382,208383,208384,208385,208386,1,-1,2,-2,1,3,1,-1,-3,-1,2,2,5,2,2,-2,-2,-5,-2,-2
0,1,34731,34734,104193,104194,104195,104198,104199,104200,208387,208388,208389,208390,208391,208394,208395,208396,208397,208398,1,-1,2,-2,1,3,1,-1,-3,-1,2,2,5,2,2,-2,-2,-5,-2,-2
0,1,34733,34736,104199,104200,104201,104204,104205,104206,208399,208400,208401,208402,208403,208406,208407,208408,208409,208410,1,-1,2,-2,1,3,1,-1,-3,-1,2,2,5,2,2,-2,-2,-5,-2,-2
0,1,34735,34738,104205,104206,104207,104210,104211,104212,208411,208412,208413,208414,208415,208418,208419,208420,208421,208422,1,-1,2,-2,1,3,1,-1,-3,-1,2,2,5,2,2,-2,-2,-5,-2,-2
0,1,34737,34740,104211,104212,104213,104216,104217,104218,208423,208424,208425,208426,208427,208430,208431,208432,208433,208434,1,-1,2,-2,1,3,1,-1,-3,-1,2,2,5,2,2,-2,-2,-5,-2,-2
0,1,34739,34742,104217,104218,104219,104222,104223,104224,208435,208436,208437,208438,208439,208442,208443,208444,208445,208446,1,-1,2,-2,1,3,1,-1,-3,-1,2,2,5,2,2,-2,-2,-5,-2,-2
0,1,34741,34744,104223,104224,104225,104228,104229,104230,208447,208448,208449,208450,208451,208454,208455,208456,208457,208458,1,-1,2,-2,1,3,1,-1,-3,-1,2,2,5,2,2,-2,-2,-5,-2,-2
0,1,34743,34746,104229,104230,104231,104234,104235,104236,208459,208460,208461,208462,208463,208466,208467,208468,208469,208470,1,-1,2,-2,1,3,1,-1,-3,-1,2,2,5,2,2,-2,-2,-5,-2,-2
0,1,34745,34748,104235,104236,104237,104240,104241,104242,208471,208472,208473,208474,208475,208478,208479,208480,208481,208482,1,-1,2,-2,1,3,1,-1,-3,-1,2,2,5,2,2,-2,-2,-5,-2,-2
0,1,34747,34750,104241,104242,104243,104246,104247,104248,208483,208484,208485,208486,208487,208490,208491,208492,208493,208494,1,-1,2,-2,1,3,1,-1,-3,-1,2,2,5,2,2,-2,-2,-5,-2,-2
0,1,34749,34752,104247,104248,104249,104252,104253,104254,208495,208496,208497,208498,208499,208502,208503,208504,208505,208506,1,-1,2,-2,1,3,1,-1,-3,-1,2,2,5,2,2,-2,-2,-5,-2,-2
0,1,34751,34754,104253,104254,104255,104258,104259,104260,208507,208508,208509,208510,208511,208514,208515,208516,208517,208518,1,-1,2,-2,1,3,1,-1,-3,-1,2,2,5,2,2,-2,-2,-5,-2,-2
0,1,34753,34756,104259,104260,104261,104264,104265,104266,208519,208520,208521,208522,208523,208526,208527,208528,208529,208530,1,-1,2,-2,1,3,1,-1,-3,-1,2,2,5,2,2,-2,-2,-5,-2,-2
0,1,34755,34758,104265,104266,104267,104270,104271,104272,208531,208532,208533,208534,208535,208538,208539,208540,208541,208542,1,-1,2,-2,1,3,1,-1,-3,-1,2,2,5,2,2,-2,-2,-5,-2,-2
0,1,34757,34760,104271,104272,104273,104276,104277,104278,208543,208544,208545,208546,208547,208550,208551,208552,208553,208554,1,-1,2,-2,1,3,1,-1,-3,-1,2,2,5,2,2,-2,-2,-5,-2,-2
0,1,34759,34762,104277,104278,104279,104282,104283,104284,208555,208556,208557,208558,208559,208562,208563,208564,208565,208566,1,-1,2,-2,1,3,1,-1,-3,-1,2,2,5,2,2,-2,-2,-5,-2,-2
0,1,34761,34764,104283,104284,104285,104288,104289,104290,208567,208568,208569,208570,208571,208574,208575,208576,208577,208578,1,-1,2,-2,1,3,1,-1,-3,-1,2,2,5,2,2,-2,-2,-5,-2,-2
0,1,34763,34766,104289,104290,104291,104294,104295,104296,208579,208580,208581,208582,208583,208586,208587,208588,208589,208590,1,-1,2,-2,1,3,1,-1,-3,-1,2,2,5,2,2,-2,-2,-5,-2,-2
0,1,34765,34768,104295,104296,104297,104300,104301,104302,208591,208592,208593,208594,208595,208598,208599,208600,208601,208602,1,-1,2,-2,1,3,1,-1,-3,-1,2,2,5,2,2,-2,-2,-5,-2,-2
0,1,34767,34770,104301,104302,104303,104306,104307,104308,208603,208604,208605,208606,208607,208610,208611,208612,208613,208614,1,-1,2,-2,1,3,1,-1,-3,-1,2,2,5,2,2,-2,-2,-5,-2,-2
0,1,34769,34772,104307,104308,104309,104312,104313,104314,208615,208616,208617,208618,208619,208622,208623,208624,208625,208626,1,-1,2,-2,1,3,1,-1,-3,-1,2,2,5,2,2,-2,-2,-5,-2,-2
0,1,34771,34774,104313,104314,104315,104318,104319,104320,208627,208628,208629,208630,208631,208634,208635,208636,208637,208638,1,-1,2,-2,1,3,1,-1,-3,-1,2,2,5,2,2,-2,-2,-5,-2,-2
0,1,34773,34776,104319,104320,104321,104324,104325,104326,208639,208640,208641,208642,208643,208646,208647,208648,208649,208650,1,-1,2,-2,1,3,1,-1,-3,-1,2,2,5,2,2,-2,-2,-5,-2,-2
0,1,34775,34778,104325,104326,104327,104330,104331,104332,208651,208652,208653,208654,208655,208658,208659,208660,208661,208662,1,-1,2,-2,1,3,1,-1,-3,-1,2,2,5,2,2,-2,-2,-5,-2,-2
0,1,34777,34780,104331,104332,104333,104336,104337,104338,208663,208664,208665,208666,208667,208670,208671,208672,208673,208674,1,-1,2,-2,1,3,1,-1,-3,-1,2,2,5,2,2,-2,-2,-5,-2,-2
0,1,34779,34782,104337,104338,104339,104342,104343,104344,208675,208676,208677,208678,208679,208682,208683,208684,208685,208686,1,-1,2,-2,1,3,1,-1,-3,-1,2,2,5,2,2,-2,-2,-5,-2,-2
0,1,34781,34784,104343,104344,104345,104348,104349,104350,208687,208688,208689,208690,208691,208694,208695,208696,208697,208698,1,-1,2,-2,1,3,1,-1,-3,-1,2,2,5,2,2,-2,-2,-5,-2,-2
0,1,34783,34786,104349,104350,104351,104354,104355,104356,208699,208700,208701,208702,208703,208706,208707,208708,208709,208710,1,-1,2,-2,1,3,1,-1,-3,-1,2,2,5,2,2,-2,-2,-5,-2,-2
0,1,34785,34788,104355,104356,104357,104360,104361,104362,208711,208712,208713,208714,208715,208718,208719,208720,208721,208722,1,-1,2,-2,1,3,1,-1,-3,-1,2,2,5,2,2,-2,-2,-5,-2,-2
0,1,34787,34790,104361,104362,104363,104366,104367,104368,208723,208724,208725,208726,208727,208730,208731,208732,208733,208734,1,-1,2,-2,1,3,1,-1,-3,-1,2,2,5,2,2,-2,-2,-5,-2,-2
0,1,34789,34792,104367,104368,104369,104372,104373,104374,208735,208736,208737,208738,208739,208742,208743,208744,208745,208746,1,-1,2,-2,1,3,1,-1,-3,-1,2,2,5,2,2,-2,-2,-5,-2,-2
0,1,34791,34794,104373,104374,104375,104378,104379,104380,208747,208748,208749,208750,208751,208754,208755,208756,208757,208758,1,-1,2,-2,1,3,1,-1,-3,-1,2,2,5,2,2,-2,-2,-5,-2,-2
0,1,34793,34796,104379,104380,104381,104384,104385,104386,208759,208760,208761,208762,208763,208766,208767,208768,208769,208770,1,-1,2,-2,1,3,1,-1,-3,-1,2,2,5,2,2,-2,-2,-5,-2,-2
0,1,34795,34798,104385,104386,104387,104390,104391,104392,208771,208772,208773,208774,208775,208778,208779,208780,208781,208782,1,-1,2,-2,1,3,1,-1,-3,-1,2,2,5,2,2,-2,-2,-5,-2,-2
0,1,34797,34800,104391,104392,104393,104396,104397,104398,208783,208784,208785,208786,208787,208790,208791,208792,208793,208794,1,-1,2,-2,1,3,1,-1,-3,-1,2,2,5,2,2,-2,-2,-5,-2,-2
0,1,34799,34802,104397,104398,104399,104402,104403,104404,208795,208796,208797,208798,208799,208802,208803,208804,208805,208806,1,-1,2,-2,1,3,1,-1,-3,-1,2,2,5,2,2,-2,-2,-5,-2,-2
0,1,34801,34804,104403,104404,104405,104408,104409,104410,208807,208808,208809,208810,208811,208814,208815,208816,208817,208818,1,-1,2,-2,1,3,1,-1,-3,-1,2,2,5,2,2,-2,-2,-5,-2,-2
0,1,34803,34806,104409,104410,104411,104414,104415,104416,208819,208820,208821,208822,208823,208826,208827,208828,208829,208830,1,-1,2,-2,1,3,1,-1,-3,-1,2,2,5,2,2,-2,-2,-5,-2,-2
0,1,34805,34808,104415,104416,104417,104420,104421,104422,208831,208832,208833,208834,208835,208838,208839,208840,208841,208842,1,-1,2,-2,1,3,1,-1,-3,-1,2,2,5,2,2,-2,-2,-5,-2,-2
0,1,34807,34810,104421,104422,104423,104426,104427,104428,208843,208844,208845,208846,208847,208850,208851,208852,208853,208854,1,-1,2,-2,1,3,1,-1,-3,-1,2,2,5,2,2,-2,-2,-5,-2,-2
0,1,34809,34812,104427,104428,104429,104432,104433,104434,208855,208856,208857,208858,208859,208862,208863,208864,208865,208866,1,-1,2,-2,1,3,1,-1,-3,-1,2,2,5,2,2,-2,-2,-5,-2,-2
0,1,34811,34814,104433,104434,104435,104438,104439,104440,208867,208868,208869,208870,208871,208874,208875,208876,208877,208878,1,-1,2,-2,1,3,1,-1,-3,-1,2,2,5,2,2,-2,-2,-5,-2,-2
0,1,34813,34816,104439,104440,104441,104444,104445,104446,208879,208880,208881,208882,208883,208886,208887,208888,208889,208890,1,-1,2,-2,1,3,1,-1,-3,-1,2,2,5,2,2,-2,-2,-5,-2,-2
0,1,34815,34818,104445,104446,104447,104450,104451,104452,208891,208892,208893,208894,208895,208898,208899,208900,208901,208902,1,-1,2,-2,1,3,1,-1,-3,-1,2,2,5,2,2,-2,-2,-5,-2,-2
0,1,34817,34820,104451,104452,104453,104456,104457,104458,208903,208904,208905,208906,208907,208910,208911,208912,208913,208914,1,-1,2,-2,1,3,1,-1,-3,-1,2,2,5,2,2,-2,-2,-5,-2,-2
0,1,34819,34822,104457,104458,104459,104462,104463,104464,208915,208916,208917,208918,208919,208922,208923,208924,208925,208926,1,-1,2,-2,1,3,1,-1,-3,-1,2,2,5,2,2,-2,-2,-5,-2,-2
0,1,34821,34824,104463,104464,104465,104468,104469,104470,208927,208928,208929,208930,208931,208934,208935,208936,208937,208938,1,-1,2,-2,1,3,1,-1,-3,-1,2,2,5,2,2,-2,-2,-5,-2,-2
0,1,34823,34826,104469,104470,104471,104474,104475,104476,208939,208940,208941,208942,208943,208946,208947,208948,208949,208950,1,-1,2,-2,1,3,1,-1,-3,-1,2,2,5,2,2,-2,-2,-5,-2,-2
0,1,34825,34828,104475,104476,104477,104480,104481,104482,208951,208952,208953,208954,208955,208958,208959,208960,208961,208962,1,-1,2,-2,1,3,1,-1,-3,-1,2,2,5,2,2,-2,-2,-5,-2,-2
0,1,34827,34830,104481,104482,104483,104486,104487,104488,208963,208964,208965,208966,208967,208970,208971,208972,208973,208974,1,-1,2,-2,1,3,1,-1,-3,-1,2,2,5,2,2,-2,-2,-5,-2,-2
0,1,34829,34832,104487,104488,104489,104492,104493,104494,208975,208976,208977,208978,208979,208982,208983,208984,208985,208986,1,-1,2,-2,1,3,1,-1,-3,-1,2,2,5,2,2,-2,-2,-5,-2,-2
0,1,34831,34834,104493,104494,104495,104498,104499,104500,208987,208988,208989,208990,208991,208994,208995,208996,208997,208998,1,-1,2,-2,1,3,1,-1,-3,-1,2,2,5,2,2,-2,-2,-5,-2,-2
0,1,34833,34836,104499,104500,104501,104504,104505,104506,208999,209000,209001,209002,209003,209006,209007,209008,209009,209010,1,-1,2,-2,1,3,1,-1,-3,-1,2,2,5,2,2,-2,-2,-5,-2,-2
0,1,34835,34838,104505,104506,104507,104510,104511,104512,209011,209012,209013,209014,209015,209018,209019,209020,209021,209022,1,-1,2,-2,1,3,1,-1,-3,-1,2,2,5,2,2,-2,-2,-5,-2,-2
0,1,34837,34840,104511,104512,104513,104516,104517,104518,209023,209024,209025,209026,209027,209030,209031,209032,209033,209034,1,-1,2,-2,1,3,1,-1,-3,-1,2,2,5,2,2,-2,-2,-5,-2,-2
0,1,34839,34842,104517,104518,104519,104522,104523,104524,209035,209036,209037,209038,209039,209042,209043,209044,209045,209046,1,-1,2,-2,1,3,1,-1,-3,-1,2,2,5,2,2,-2,-2,-5,-2,-2
0,1,34841,34844,104523,104524,104525,104528,104529,104530,209047,209048,209049,209050,209051,209054,209055,209056,209057,209058,1,-1,2,-2,1,3,1,-1,-3,-1,2,2,5,2,2,-2,-2,-5,-2,-2
0,1,34843,34846,104529,104530,104531,104534,104535,104536,209059,209060,209061,209062,209063,209066,209067,209068,209069,209070,1,-1,2,-2,1,3,1,-1,-3,-1,2,2,5,2,2,-2,-2,-5,-2,-2
0,1,34845,34848,104535,104536,104537,104540,104541,104542,209071,209072,209073,209074,209075,209078,209079,209080,209081,209082,1,-1,2,-2,1,3,1,-1,-3,-1,2,2,5,2,2,-2,-2,-5,-2,-2
0,1,34847,34850,104541,104542,104543,104546,104547,104548,209083,209084,209085,209086,209087,209090,209091,209092,209093,209094,1,-1,2,-2,1,3,1,-1,-3,-1,2,2,5,2,2,-2,-2,-5,-2,-2
0,1,34849,34852,104547,104548,104549,104552,104553,104554,209095,209096,209097,209098,209099,209102,209103,209104,209105,209106,1,-1,2,-2,1,3,1,-1,-3,-1,2,2,5,2,2,-2,-2,-5,-2,-2
0,1,34851,34854,104553,104554,104555,104558,104559,104560,209107,209108,209109,209110,209111,209114,209115,209116,209117,209118,1,-1,2,-2,1,3,1,-1,-3,-1,2,2,5,2,2,-2,-2,-5,-2,-2
0,1,34853,34856,104559,104560,104561,104564,104565,104566,209119,209120,209121,209122,209123,209126,209127,209128,209129,209130,1,-1,2,-2,1,3,1,-1,-3,-1,2,2,5,2,2,-2,-2,-5,-2,-2
0,1,34855,34858,104565,104566,104567,104570,104571,104572,209131,209132,209133,209134,209135,209138,209139,209140,209141,209142,1,-1,2,-2,1,3,1,-1,-3,-1,2,2,5,2,2,-2,-2,-5,-2,-2
0,1,34857,34860,104571,104572,104573,104576,104577,104578,209143,209144,209145,209146,209147,209150,209151,209152,209153,209154,1,-1,2,-2,1,3,1,-1,-3,-1,2,2,5,2,2,-2,-2,-5,-2,-2
0,1,34859,34862,104577,104578,104579,104582,104583,104584,209155,209156,209157,209158,209159,209162,209163,209164,209165,209166,1,-1,2,-2,1,3,1,-1,-3,-1,2,2,5,2,2,-2,-2,-5,-2,-2
0,1,34861,34864,104583,104584,104585,104588,104589,104590,209167,209168,209169,209170,209171,209174,209175,209176,209177,209178,1,-1,2,-2,1,3,1,-1,-3,-1,2,2,5,2,2,-2,-2,-5,-2,-2
0,1,34863,34866,104589,104590,104591,104594,104595,104596,209179,209180,209181,209182,209183,209186,209187,209188,209189,209190,1,-1,2,-2,1,3,1,-1,-3,-1,2,2,5,2,2,-2,-2,-5,-2,-2
0,1,34865,34868,104595,104596,104597,104600,104601,104602,209191,209192,209193,209194,209195,209198,209199,209200,209201,209202,1,-1,2,-2,1,3,1,-1,-3,-1,2,2,5,2,2,-2,-2,-5,-2,-2
0,1,34867,34870,104601,104602,104603,104606,104607,104608,209203,209204,209205,209206,209207,209210,209211,209212,209213,209214,1,-1,2,-2,1,3,1,-1,-3,-1,2,2,5,2,2,-2,-2,-5,-2,-2
0,1,34869,34872,104607,104608,104609,104612,104613,104614,209215,209216,209217,209218,209219,209222,209223,209224,209225,209226,1,-1,2,-2,1,3,1,-1,-3,-1,2,2,5,2,2,-2,-2,-5,-2,-2
0,1,34871,34874,104613,104614,104615,104618,104619,104620,209227,209228,209229,209230,209231,209234,209235,209236,209237,209238,1,-1,2,-2,1,3,1,-1,-3,-1,2,2,5,2,2,-2,-2,-5,-2,-2
0,1,34873,34876,104619,104620,104621,104624,104625,104626,209239,209240,209241,209242,209243,209246,209247,209248,209249,209250,1,-1,2,-2,1,3,1,-1,-3,-1,2,2,5,2,2,-2,-2,-5,-2,-2
0,1,34875,34878,104625,104626,104627,104630,104631,104632,209251,209252,209253,209254,209255,209258,209259,209260,209261,209262,1,-1,2,-2,1,3,1,-1,-3,-1,2,2,5,2,2,-2,-2,-5,-2,-2
0,1,34877,34880,104631,104632,104633,104636,104637,104638,209263,209264,209265,209266,209267,209270,209271,209272,209273,209274,1,-1,2,-2,1,3,1,-1,-3,-1,2,2,5,2,2,-2,-2,-5,-2,-2
0,1,34879,34882,104637,104638,104639,104642,104643,104644,209275,209276,209277,209278,209279,209282,209283,209284,209285,209286,1,-1,2,-2,1,3,1,-1,-3,-1,2,2,5,2,2,-2,-2,-5,-2,-2
0,1,34881,34884,104643,104644,104645,104648,104649,104650,209287,209288,209289,209290,209291,209294,209295,209296,209297,209298,1,-1,2,-2,1,3,1,-1,-3,-1,2,2,5,2,2,-2,-2,-5,-2,-2
0,1,34883,34886,104649,104650,104651,104654,104655,104656,209299,209300,209301,209302,209303,209306,209307,209308,209309,209310,1,-1,2,-2,1,3,1,-1,-3,-1,2,2,5,2,2,-2,-2,-5,-2,-2
0,1,34885,34888,104655,104656,104657,104660,104661,104662,209311,209312,209313,209314,209315,209318,209319,209320,209321,209322,1,-1,2,-2,1,3,1,-1,-3,-1,2,2,5,2,2,-2,-2,-5,-2,-2
0,1,34887,34890,104661,104662,104663,104666,104667,104668,209323,209324,209325,209326,209327,209330,209331,209332,209333,209334,1,-1,2,-2,1,3,1,-1,-3,-1,2,2,5,2,2,-2,-2,-5,-2,-2
0,1,34889,34892,104667,104668,104669,104672,104673,104674,209335,209336,209337,209338,209339,209342,209343,209344,209345,209346,1,-1,2,-2,1,3,1,-1,-3,-1,2,2,5,2,2,-2,-2,-5,-2,-2
0,1,34891,34894,104673,104674,104675,104678,104679,104680,209347,209348,209349,209350,209351,209354,209355,209356,209357,209358,1,-1,2,-2,1,3,1,-1,-3,-1,2,2,5,2,2,-2,-2,-5,-2,-2
0,1,34893,34896,104679,104680,104681,104684,104685,104686,209359,209360,209361,209362,209363,209366,209367,209368,209369,209370,1,-1,2,-2,1,3,1,-1,-3,-1,2,2,5,2,2,-2,-2,-5,-2,-2
0,1,34895,34898,104685,104686,104687,104690,104691,104692,209371,209372,209373,209374,209375,209378,209379,209380,209381,209382,1,-1,2,-2,1,3,1,-1,-3,-1,2,2,5,2,2,-2,-2,-5,-2,-2
0,1,34897,34900,104691,104692,104693,104696,104697,104698,209383,209384,209385,209386,209387,209390,209391,209392,209393,209394,1,-1,2,-2,1,3,1,-1,-3,-1,2,2,5,2,2,-2,-2,-5,-2,-2
0,1,34899,34902,104697,104698,104699,104702,104703,104704,209395,209396,209397,209398,209399,209402,209403,209404,209405,209406,1,-1,2,-2,1,3,1,-1,-3,-1,2,2,5,2,2,-2,-2,-5,-2,-2
0,1,34901,34904,104703,104704,104705,104708,104709,104710,209407,209408,209409,209410,209411,209414,209415,209416,209417,209418,1,-1,2,-2,1,3,1,-1,-3,-1,2,2,5,2,2,-2,-2,-5,-2,-2
0,1,34903,34906,104709,104710,104711,104714,104715,104716,209419,209420,209421,209422,209423,209426,209427,209428,209429,209430,1,-1,2,-2,1,3,1,-1,-3,-1,2,2,5,2,2,-2,-2,-5,-2,-2
0,1,34905,34908,104715,104716,104717,104720,104721,104722,209431,209432,209433,209434,209435,209438,209439,209440,209441,209442,1,-1,2,-2,1,3,1,-1,-3,-1,2,2,5,2,2,-2,-2,-5,-2,-2
0,1,34907,34910,104721,104722,104723,104726,104727,104728,209443,209444,209445,209446,209447,209450,209451,209452,209453,209454,1,-1,2,-2,1,3,1,-1,-3,-1,2,2,5,2,2,-2,-2,-5,-2,-2
0,1,34909,34912,104727,104728,104729,104732,104733,104734,209455,209456,209457,209458,209459,209462,209463,209464,209465,209466,1,-1,2,-2,1,3,1,-1,-3,-1,2,2,5,2,2,-2,-2,-5,-2,-2
0,1,34911,34914,104733,104734,104735,104738,104739,104740,209467,209468,209469,209470,209471,209474,209475,209476,209477,209478,1,-1,2,-2,1,3,1,-1,-3,-1,2,2,5,2,2,-2,-2,-5,-2,-2
0,1,34913,34916,104739,104740,104741,104744,104745,104746,209479,209480,209481,209482,209483,209486,209487,209488,209489,209490,1,-1,2,-2,1,3,1,-1,-3,-1,2,2,5,2,2,-2,-2,-5,-2,-2
0,1,34915,34918,104745,104746,104747,104750,104751,104752,209491,209492,209493,209494,209495,209498,209499,209500,209501,209502,1,-1,2,-2,1,3,1,-1,-3,-1,2,2,5,2,2,-2,-2,-5,-2,-2
0,1,34917,34920,104751,104752,104753,104756,104757,104758,209503,209504,209505,209506,209507,209510,209511,209512,209513,209514,1,-1,2,-2,1,3,1,-1,-3,-1,2,2,5,2,2,-2,-2,-5,-2,-2
0,1,34919,34922,104757,104758,104759,104762,104763,104764,209515,209516,209517,209518,209519,209522,209523,209524,209525,209526,1,-1,2,-2,1,3,1,-1,-3,-1,2,2,5,2,2,-2,-2,-5,-2,-2
0,1,34921,34924,104763,104764,104765,104768,104769,104770,209527,209528,209529,209530,209531,209534,209535,209536,209537,209538,1,-1,2,-2,1,3,1,-1,-3,-1,2,2,5,2,2,-2,-2,-5,-2,-2
0,1,34923,34926,104769,104770,104771,104774,104775,104776,209539,209540,209541,209542,209543,209546,209547,209548,209549,209550,1,-1,2,-2,1,3,1,-1,-3,-1,2,2,5,2,2,-2,-2,-5,-2,-2
0,1,34925,34928,104775,104776,104777,104780,104781,104782,209551,209552,209553,209554,209555,209558,209559,209560,209561,209562,1,-1,2,-2,1,3,1,-1,-3,-1,2,2,5,2,2,-2,-2,-5,-2,-2
0,1,34927,34930,104781,104782,104783,104786,104787,104788,209563,209564,209565,209566,209567,209570,209571,209572,209573,209574,1,-1,2,-2,1,3,1,-1,-3,-1,2,2,5,2,2,-2,-2,-5,-2,-2
0,1,34929,34932,104787,104788,104789,104792,104793,104794,209575,209576,209577,209578,209579,209582,209583,209584,209585,209586,1,-1,2,-2,1,3,1,-1,-3,-1,2,2,5,2,2,-2,-2,-5,-2,-2
0,1,34931,34934,104793,104794,104795,104798,104799,104800,209587,209588,209589,209590,209591,209594,209595,209596,209597,209598,1,-1,2,-2,1,3,1,-1,-3,-1,2,2,5,2,2,-2,-2,-5,-2,-2
0,1,34933,34936,104799,104800,104801,104804,104805,104806,209599,209600,209601,209602,209603,209606,209607,209608,209609,209610,1,-1,2,-2,1,3,1,-1,-3,-1,2,2,5,2,2,-2,-2,-5,-2,-2
0,1,34935,34938,104805,104806,104807,104810,104811,104812,209611,209612,209613,209614,209615,209618,209619,209620,209621,209622,1,-1,2,-2,1,3,1,-1,-3,-1,2,2,5,2,2,-2,-2,-5,-2,-2
0,1,34937,34940,104811,104812,104813,104816,104817,104818,209623,209624,209625,209626,209627,209630,209631,209632,209633,209634,1,-1,2,-2,1,3,1,-1,-3,-1,2,2,5,2,2,-2,-2,-5,-2,-2
0,1,34939,34942,104817,104818,104819,104822,104823,104824,209635,209636,209637,209638,209639,209642,209643,209644,209645,209646,1,-1,2,-2,1,3,1,-1,-3,-1,2,2,5,2,2,-2,-2,-5,-2,-2
0,1,34941,34944,104823,104824,104825,104828,104829,104830,209647,209648,209649,209650,209651,209654,209655,209656,209657,209658,1,-1,2,-2,1,3,1,-1,-3,-1,2,2,5,2,2,-2,-2,-5,-2,-2
0,1,34943,34946,104829,104830,104831,104834,104835,104836,209659,209660,209661,209662,209663,209666,209667,209668,209669,209670,1,-1,2,-2,1,3,1,-1,-3,-1,2,2,5,2,2,-2,-2,-5,-2,-2
0,1,34945,34948,104835,104836,104837,104840,104841,104842,209671,209672,209673,209674,209675,209678,209679,209680,209681,209682,1,-1,2,-2,1,3,1,-1,-3,-1,2,2,5,2,2,-2,-2,-5,-2,-2
0,1,34947,34950,104841,104842,104843,104846,104847,104848,209683,209684,209685,209686,209687,209690,209691,209692,209693,209694,1,-1,2,-2,1,3,1,-1,-3,-1,2,2,5,2,2,-2,-2,-5,-2,-2
0,1,34949,34952,104847,104848,104849,104852,104853,104854,209695,209696,209697,209698,209699,209702,209703,209704,209705,209706,1,-1,2,-2,1,3,1,-1,-3,-1,2,2,5,2,2,-2,-2,-5,-2,-2
0,1,34951,34954,104853,104854,104855,104858,104859,104860,209707,209708,209709,209710,209711,209714,209715,209716,209717,209718,1,-1,2,-2,1,3,1,-1,-3,-1,2,2,5,2,2,-2,-2,-5,-2,-2
0,1,34953,34956,104859,104860,104861,104864,104865,104866,209719,209720,209721,209722,209723,209726,209727,209728,209729,209730,1,-1,2,-2,1,3,1,-1,-3,-1,2,2,5,2,2,-2,-2,-5,-2,-2
0,1,34955,34958,104865,104866,104867,104870,104871,104872,209731,209732,209733,209734,209735,209738,209739,209740,209741,209742,1,-1,2,-2,1,3,1,-1,-3,-1,2,2,5,2,2,-2,-2,-5,-2,-2
0,1,34957,34960,104871,104872,104873,104876,104877,104878,209743,209744,209745,209746,209747,209750,209751,209752,209753,209754,1,-1,2,-2,1,3,1,-1,-3,-1,2,2,5,2,2,-2,-2,-5,-2,-2
0,1,34959,34962,104877,104878,104879,104882,104883,104884,209755,209756,209757,209758,209759,209762,209763,209764,209765,209766,1,-1,2,-2,1,3,1,-1,-3,-1,2,2,5,2,2,-2,-2,-5,-2,-2
0,1,34961,34964,104883,104884,104885,104888,104889,104890,209767,209768,209769,209770,209771,209774,209775,209776,209777,209778,1,-1,2,-2,1,3,1,-1,-3,-1,2,2,5,2,2,-2,-2,-5,-2,-2
0,1,34963,34966,104889,104890,104891,104894,104895,104896,209779,209780,209781,209782,209783,209786,209787,209788,209789,209790,1,-1,2,-2,1,3,1,-1,-3,-1,2,2,5,2,2,-2,-2,-5,-2,-2
0,1,34965,34968,104895,104896,104897,104900,104901,104902,209791,209792,209793,209794,209795,209798,209799,209800,209801,209802,1,-1,2,-2,1,3,1,-1,-3,-1,2,2,5,2,2,-2,-2,-5,-2,-2
0,1,34967,34970,104901,104902,104903,104906,104907,104908,209803,209804,209805,209806,209807,209810,209811,209812,209813,209814,1,-1,2,-2,1,3,1,-1,-3,-1,2,2,5,2,2,-2,-2,-5,-2,-2
0,1,34969,34972,104907,104908,104909,104912,104913,104914,209815,209816,209817,209818,209819,209822,209823,209824,209825,209826,1,-1,2,-2,1,3,1,-1,-3,-1,2,2,5,2,2,-2,-2,-5,-2,-2
0,1,34971,34974,104913,104914,104915,104918,104919,104920,209827,209828,209829,209830,209831,209834,209835,209836,209837,209838,1,-1,2,-2,1,3,1,-1,-3,-1,2,2,5,2,2,-2,-2,-5,-2,-2
0,1,34973,34976,104919,104920,104921,104924,104925,104926,209839,209840,209841,209842,209843,209846,209847,209848,209849,209850,1,-1,2,-2,1,3,1,-1,-3,-1,2,2,5,2,2,-2,-2,-5,-2,-2
0,1,34975,34978,104925,104926,104927,104930,104931,104932,209851,209852,209853,209854,209855,209858,209859,209860,209861,209862,1,-1,2,-2,1,3,1,-1,-3,-1,2,2,5,2,2,-2,-2,-5,-2,-2
0,1,34977,34980,104931,104932,104933,104936,104937,104938,209863,209864,209865,209866,209867,209870,209871,209872,209873,209874,1,-1,2,-2,1,3,1,-1,-3,-1,2,2,5,2,2,-2,-2,-5,-2,-2
0,1,34979,34982,104937,104938,104939,104942,104943,104944,209875,209876,209877,209878,209879,209882,209883,209884,209885,209886,1,-1,2,-2,1,3,1,-1,-3,-1,2,2,5,2,2,-2,-2,-5,-2,-2
0,1,34981,34984,104943,104944,104945,104948,104949,104950,209887,209888,209889,209890,209891,209894,209895,209896,209897,209898,1,-1,2,-2,1,3,1,-1,-3,-1,2,2,5,2,2,-2,-2,-5,-2,-2
0,1,34983,34986,104949,104950,104951,104954,104955,104956,209899,209900,209901,209902,209903,209906,209907,209908,209909,209910,1,-1,2,-2,1,3,1,-1,-3,-1,2,2,5,2,2,-2,-2,-5,-2,-2
0,1,34985,34988,104955,104956,104957,104960,104961,104962,209911,209912,209913,209914,209915,209918,209919,209920,209921,209922,1,-1,2,-2,1,3,1,-1,-3,-1,2,2,5,2,2,-2,-2,-5,-2,-2
0,1,34987,34990,104961,104962,104963,104966,104967,104968,209923,209924,209925,209926,209927,209930,209931,209932,209933,209934,1,-1,2,-2,1,3,1,-1,-3,-1,2,2,5,2,2,-2,-2,-5,-2,-2
0,1,34989,34992,104967,104968,104969,104972,104973,104974,209935,209936,209937,209938,209939,209942,209943,209944,209945,209946,1,-1,2,-2,1,3,1,-1,-3,-1,2,2,5,2,2,-2,-2,-5,-2,-2
0,1,34991,34994,104973,104974,104975,104978,104979,104980,209947,209948,209949,209950,209951,209954,209955,209956,209957,209958,1,-1,2,-2,1,3,1,-1,-3,-1,2,2,5,2,2,-2,-2,-5,-2,-2
0,1,34993,34996,104979,104980,104981,104984,104985,104986,209959,209960,209961,209962,209963,209966,209967,209968,209969,209970,1,-1,2,-2,1,3,1,-1,-3,-1,2,2,5,2,2,-2,-2,-5,-2,-2
0,1,34995,34998,104985,104986,104987,104990,104991,104992,209971,209972,209973,209974,209975,209978,209979,209980,209981,209982,1,-1,2,-2,1,3,1,-1,-3,-1,2,2,5,2,2,-2,-2,-5,-2,-2
0,1,34997,35000,104991,104992,104993,104996,104997,104998,209983,209984,209985,209986,209987,209990,209991,209992,209993,209994,1,-1,2,-2,1,3,1,-1,-3,-1,2,2,5,2,2,-2,-2,-5,-2,-2
0,1,34999,35002,104997,104998,104999,105002,105003,105004,209995,209996,209997,209998,209999,210002,210003,210004,210005,210006,1,-1,2,-2,1,3,1,-1,-3,-1,2,2,5,2,2,-2,-2,-5,-2,-2
0,1,35001,35004,105003,105004,105005,105008,105009,105010,210007,210008,210009,210010,210011,210014,210015,210016,210017,210018,1,-1,2,-2,1,3,1,-1,-3,-1,2,2,5,2,2,-2,-2,-5,-2,-2
0,1,35003,35006,105009,105010,105011,105014,105015,105016,210019,210020,210021,210022,210023,210026,210027,210028,210029,210030,1,-1,2,-2,1,3,1,-1,-3,-1,2,2,5,2,2,-2,-2,-5,-2,-2
0,1,35005,35008,105015,105016,105017,105020,105021,105022,210031,210032,210033,210034,210035,210038,210039,210040,210041,210042,1,-1,2,-2,1,3,1,-1,-3,-1,2,2,5,2,2,-2,-2,-5,-2,-2
0,1,35007,35010,105021,105022,105023,105026,105027,105028,210043,210044,210045,210046,210047,210050,210051,210052,210053,210054,1,-1,2,-2,1,3,1,-1,-3,-1,2,2,5,2,2,-2,-2,-5,-2,-2
0,1,35009,35012,105027,105028,105029,105032,105033,105034,210055,210056,210057,210058,210059,210062,210063,210064,210065,210066,1,-1,2,-2,1,3,1,-1,-3,-1,2,2,5,2,2,-2,-2,-5,-2,-2
0,1,35011,35014,105033,105034,105035,105038,105039,105040,210067,210068,210069,210070,210071,210074,210075,210076,210077,210078,1,-1,2,-2,1,3,1,-1,-3,-1,2,2,5,2,2,-2,-2,-5,-2,-2
0,1,35013,35016,105039,105040,105041,105044,105045,105046,210079,210080,210081,210082,210083,210086,210087,210088,210089,210090,1,-1,2,-2,1,3,1,-1,-3,-1,2,2,5,2,2,-2,-2,-5,-2,-2
0,1,35015,35018,105045,105046,105047,105050,105051,105052,210091,210092,210093,210094,210095,210098,210099,210100,210101,210102,1,-1,2,-2,1,3,1,-1,-3,-1,2,2,5,2,2,-2,-2,-5,-2,-2
0,1,35017,35020,105051,105052,105053,105056,105057,105058,210103,210104,210105,210106,210107,210110,210111,210112,210113,210114,1,-1,2,-2,1,3,1,-1,-3,-1,2,2,5,2,2,-2,-2,-5,-2,-2
0,1,35019,35022,105057,105058,105059,105062,105063,105064,210115,210116,210117,210118,210119,210122,210123,210124,210125,210126,1,-1,2,-2,1,3,1,-1,-3,-1,2,2,5,2,2,-2,-2,-5,-2,-2
0,1,35021,35024,105063,105064,105065,105068,105069,105070,210127,210128,210129,210130,210131,210134,210135,210136,210137,210138,1,-1,2,-2,1,3,1,-1,-3,-1,2,2,5,2,2,-2,-2,-5,-2,-2
0,1,35023,35026,105069,105070,105071,105074,105075,105076,210139,210140,210141,210142,210143,210146,210147,210148,210149,210150,1,-1,2,-2,1,3,1,-1,-3,-1,2,2,5,2,2,-2,-2,-5,-2,-2
0,1,35025,35028,105075,105076,105077,105080,105081,105082,210151,210152,210153,210154,210155,210158,210159,210160,210161,210162,1,-1,2,-2,1,3,1,-1,-3,-1,2,2,5,2,2,-2,-2,-5,-2,-2
0,1,35027,35030,105081,105082,105083,105086,105087,105088,210163,210164,210165,210166,210167,210170,210171,210172,210173,210174,1,-1,2,-2,1,3,1,-1,-3,-1,2,2,5,2,2,-2,-2,-5,-2,-2
0,1,35029,35032,105087,105088,105089,105092,105093,105094,210175,210176,210177,210178,210179,210182,210183,210184,210185,210186,1,-1,2,-2,1,3,1,-1,-3,-1,2,2,5,2,2,-2,-2,-5,-2,-2
0,1,35031,35034,105093,105094,105095,105098,105099,105100,210187,210188,210189,210190,210191,210194,210195,210196,210197,210198,1,-1,2,-2,1,3,1,-1,-3,-1,2,2,5,2,2,-2,-2,-5,-2,-2
0,1,35033,35036,105099,105100,105101,105104,105105,105106,210199,210200,210201,210202,210203,210206,210207,210208,210209,210210,1,-1,2,-2,1,3,1,-1,-3,-1,2,2,5,2,2,-2,-2,-5,-2,-2
0,1,35035,35038,105105,105106,105107,105110,105111,105112,210211,210212,210213,210214,210215,210218,210219,210220,210221,210222,1,-1,2,-2,1,3,1,-1,-3,-1,2,2,5,2,2,-2,-2,-5,-2,-2
0,1,35037,35040,105111,105112,105113,105116,105117,105118,210223,210224,210225,210226,210227,210230,210231,210232,210233,210234,1,-1,2,-2,1,3,1,-1,-3,-1,2,2,5,2,2,-2,-2,-5,-2,-2
0,1,35039,35042,105117,105118,105119,105122,105123,105124,210235,210236,210237,210238,210239,210242,210243,210244,210245,210246,1,-1,2,-2,1,3,1,-1,-3,-1,2,2,5,2,2,-2,-2,-5,-2,-2
0,1,35041,35044,105123,105124,105125,105128,105129,105130,210247,210248,210249,210250,210251,210254,210255,210256,210257,210258,1,-1,2,-2,1,3,1,-1,-3,-1,2,2,5,2,2,-2,-2,-5,-2,-2
0,1,35043,35046,105129,105130,105131,105134,105135,105136,210259,210260,210261,210262,210263,210266,210267,210268,210269,210270,1,-1,2,-2,1,3,1,-1,-3,-1,2,2,5,2,2,-2,-2,-5,-2,-2
0,1,35045,35048,105135,105136,105137,105140,105141,105142,210271,210272,210273,210274,210275,210278,210279,210280,210281,210282,1,-1,2,-2,1,3,1,-1,-3,-1,2,2,5,2,2,-2,-2,-5,-2,-2
0,1,35047,35050,105141,105142,105143,105146,105147,105148,210283,210284,210285,210286,210287,210290,210291,210292,210293,210294,1,-1,2,-2,1,3,1,-1,-3,-1,2,2,5,2,2,-2,-2,-5,-2,-2
0,1,35049,35052,105147,105148,105149,105152,105153,105154,210295,210296,210297,210298,210299,210302,210303,210304,210305,210306,1,-1,2,-2,1,3,1,-1,-3,-1,2,2,5,2,2,-2,-2,-5,-2,-2
0,1,35051,35054,105153,105154,105155,105158,105159,105160,210307,210308,210309,210310,210311,210314,210315,210316,210317,210318,1,-1,2,-2,1,3,1,-1,-3,-1,2,2,5,2,2,-2,-2,-5,-2,-2
0,1,35053,35056,105159,105160,105161,105164,105165,105166,210319,210320,210321,210322,210323,210326,210327,210328,210329,210330,1,-1,2,-2,1,3,1,-1,-3,-1,2,2,5,2,2,-2,-2,-5,-2,-2
0,1,35055,35058,105165,105166,105167,105170,105171,105172,210331,210332,210333,210334,210335,210338,210339,210340,210341,210342,1,-1,2,-2,1,3,1,-1,-3,-1,2,2,5,2,2,-2,-2,-5,-2,-2
0,1,35057,35060,105171,105172,105173,105176,105177,105178,210343,210344,210345,210346,210347,210350,210351,210352,210353,210354,1,-1,2,-2,1,3,1,-1,-3,-1,2,2,5,2,2,-2,-2,-5,-2,-2
0,1,35059,35062,105177,105178,105179,105182,105183,105184,210355,210356,210357,210358,210359,210362,210363,210364,210365,210366,1,-1,2,-2,1,3,1,-1,-3,-1,2,2,5,2,2,-2,-2,-5,-2,-2
0,1,35061,35064,105183,105184,105185,105188,105189,105190,210367,210368,210369,210370,210371,210374,210375,210376,210377,210378,1,-1,2,-2,1,3,1,-1,-3,-1,2,2,5,2,2,-2,-2,-5,-2,-2
0,1,35063,35066,105189,105190,105191,105194,105195,105196,210379,210380,210381,210382,210383,210386,210387,210388,210389,210390,1,-1,2,-2,1,3,1,-1,-3,-1,2,2,5,2,2,-2,-2,-5,-2,-2
0,1,35065,35068,105195,105196,105197,105200,105201,105202,210391,210392,210393,210394,210395,210398,210399,210400,210401,210402,1,-1,2,-2,1,3,1,-1,-3,-1,2,2,5,2,2,-2,-2,-5,-2,-2
0,1,35067,35070,105201,105202,105203,105206,105207,105208,210403,210404,210405,210406,210407,210410,210411,210412,210413,210414,1,-1,2,-2,1,3,1,-1,-3,-1,2,2,5,2,2,-2,-2,-5,-2,-2
0,1,35069,35072,105207,105208,105209,105212,105213,105214,210415,210416,210417,210418,210419,210422,210423,210424,210425,210426,1,-1,2,-2,1,3,1,-1,-3,-1,2,2,5,2,2,-2,-2,-5,-2,-2
0,1,35071,35074,105213,105214,105215,105218,105219,105220,210427,210428,210429,210430,210431,210434,210435,210436,210437,210438,1,-1,2,-2,1,3,1,-1,-3,-1,2,2,5,2,2,-2,-2,-5,-2,-2
0,1,35073,35076,105219,105220,105221,105224,105225,105226,210439,210440,210441,210442,210443,210446,210447,210448,210449,210450,1,-1,2,-2,1,3,1,-1,-3,-1,2,2,5,2,2,-2,-2,-5,-2,-2
0,1,35075,35078,105225,105226,105227,105230,105231,105232,210451,210452,210453,210454,210455,210458,210459,210460,210461,210462,1,-1,2,-2,1,3,1,-1,-3,-1,2,2,5,2,2,-2,-2,-5,-2,-2
0,1,35077,35080,105231,105232,105233,105236,105237,105238,210463,210464,210465,210466,210467,210470,210471,210472,210473,210474,1,-1,2,-2,1,3,1,-1,-3,-1,2,2,5,2,2,-2,-2,-5,-2,-2
0,1,35079,35082,105237,105238,105239,105242,105243,105244,210475,210476,210477,210478,210479,210482,210483,210484,210485,210486,1,-1,2,-2,1,3,1,-1,-3,-1,2,2,5,2,2,-2,-2,-5,-2,-2
0,1,35081,35084,105243,105244,105245,105248,105249,105250,210487,210488,210489,210490,210491,210494,210495,210496,210497,210498,1,-1,2,-2,1,3,1,-1,-3,-1,2,2,5,2,2,-2,-2,-5,-2,-2
0,1,35083,35086,105249,105250,105251,105254,105255,105256,210499,210500,210501,210502,210503,210506,210507,210508,210509,210510,1,-1,2,-2,1,3,1,-1,-3,-1,2,2,5,2,2,-2,-2,-5,-2,-2
0,1,35085,35088,105255,105256,105257,105260,105261,105262,210511,210512,210513,210514,210515,210518,210519,210520,210521,210522,1,-1,2,-2,1,3,1,-1,-3,-1,2,2,5,2,2,-2,-2,-5,-2,-2
0,1,35087,35090,105261,105262,105263,105266,105267,105268,210523,210524,210525,210526,210527,210530,210531,210532,210533,210534,1,-1,2,-2,1,3,1,-1,-3,-1,2,2,5,2,2,-2,-2,-5,-2,-2
0,1,35089,35092,105267,105268,105269,105272,105273,105274,210535,210536,210537,210538,210539,210542,210543,210544,210545,210546,1,-1,2,-2,1,3,1,-1,-3,-1,2,2,5,2,2,-2,-2,-5,-2,-2
0,1,35091,35094,105273,105274,105275,105278,105279,105280,210547,210548,210549,210550,210551,210554,210555,210556,210557,210558,1,-1,2,-2,1,3,1,-1,-3,-1,2,2,5,2,2,-2,-2,-5,-2,-2
0,1,35093,35096,105279,105280,105281,105284,105285,105286,210559,210560,210561,210562,210563,210566,210567,210568,210569,210570,1,-1,2,-2,1,3,1,-1,-3,-1,2,2,5,2,2,-2,-2,-5,-2,-2
0,1,35095,35098,105285,105286,105287,105290,105291,105292,210571,210572,210573,210574,210575,210578,210579,210580,210581,210582,1,-1,2,-2,1,3,1,-1,-3,-1,2,2,5,2,2,-2,-2,-5,-2,-2
0,1,35097,35100,105291,105292,105293,105296,105297,105298,210583,210584,210585,210586,210587,210590,210591,210592,210593,210594,1,-1,2,-2,1,3,1,-1,-3,-1,2,2,5,2,2,-2,-2,-5,-2,-2
0,1,35099,35102,105297,105298,105299,105302,105303,105304,210595,210596,210597,210598,210599,210602,210603,210604,210605,210606,1,-1,2,-2,1,3,1,-1,-3,-1,2,2,5,2,2,-2,-2,-5,-2,-2
0,1,35101,35104,105303,105304,105305,105308,105309,105310,210607,210608,210609,210610,210611,210614,210615,210616,210617,210618,1,-1,2,-2,1,3,1,-1,-3,-1,2,2,5,2,2,-2,-2,-5,-2,-2
0,1,35103,35106,105309,105310,105311,105314,105315,105316,210619,210620,210621,210622,210623,210626,210627,210628,210629,210630,1,-1,2,-2,1,3,1,-1,-3,-1,2,2,5,2,2,-2,-2,-5,-2,-2
0,1,35105,35108,105315,105316,105317,105320,105321,105322,210631,210632,210633,210634,210635,210638,210639,210640,210641,210642,1,-1,2,-2,1,3,1,-1,-3,-1,2,2,5,2,2,-2,-2,-5,-2,-2
0,1,35107,35110,105321,105322,105323,105326,105327,105328,210643,210644,210645,210646,210647,210650,210651,210652,210653,210654,1,-1,2,-2,1,3,1,-1,-3,-1,2,2,5,2,2,-2,-2,-5,-2,-2
0,1,35109,35112,105327,105328,105329,105332,105333,105334,210655,210656,210657,210658,210659,210662,210663,210664,210665,210666,1,-1,2,-2,1,3,1,-1,-3,-1,2,2,5,2,2,-2,-2,-5,-2,-2
0,1,35111,35114,105333,105334,105335,105338,105339,105340,210667,210668,210669,210670,210671,210674,210675,210676,210677,210678,1,-1,2,-2,1,3,1,-1,-3,-1,2,2,5,2,2,-2,-2,-5,-2,-2
0,1,35113,35116,105339,105340,105341,105344,105345,105346,210679,210680,210681,210682,210683,210686,210687,210688,210689,210690,1,-1,2,-2,1,3,1,-1,-3,-1,2,2,5,2,2,-2,-2,-5,-2,-2
0,1,35115,35118,105345,105346,105347,105350,105351,105352,210691,210692,210693,210694,210695,210698,210699,210700,210701,210702,1,-1,2,-2,1,3,1,-1,-3,-1,2,2,5,2,2,-2,-2,-5,-2,-2
0,1,35117,35120,105351,105352,105353,105356,105357,105358,210703,210704,210705,210706,210707,210710,210711,210712,210713,210714,1,-1,2,-2,1,3,1,-1,-3,-1,2,2,5,2,2,-2,-2,-5,-2,-2
0,1,35119,35122,105357,105358,105359,105362,105363,105364,210715,210716,210717,210718,210719,210722,210723,210724,210725,210726,1,-1,2,-2,1,3,1,-1,-3,-1,2,2,5,2,2,-2,-2,-5,-2,-2
0,1,35121,35124,105363,105364,105365,105368,105369,105370,210727,210728,210729,210730,210731,210734,210735,210736,210737,210738,1,-1,2,-2,1,3,1,-1,-3,-1,2,2,5,2,2,-2,-2,-5,-2,-2
0,1,35123,35126,105369,105370,105371,105374,105375,105376,210739,210740,210741,210742,210743,210746,210747,210748,210749,210750,1,-1,2,-2,1,3,1,-1,-3,-1,2,2,5,2,2,-2,-2,-5,-2,-2
0,1,35125,35128,105375,105376,105377,105380,105381,105382,210751,210752,210753,210754,210755,210758,210759,210760,210761,210762,1,-1,2,-2,1,3,1,-1,-3,-1,2,2,5,2,2,-2,-2,-5,-2,-2
0,1,35127,35130,105381,105382,105383,105386,105387,105388,210763,210764,210765,210766,210767,210770,210771,210772,210773,210774,1,-1,2,-2,1,3,1,-1,-3,-1,2,2,5,2,2,-2,-2,-5,-2,-2
0,1,35129,35132,105387,105388,105389,105392,105393,105394,210775,210776,210777,210778,210779,210782,210783,210784,210785,210786,1,-1,2,-2,1,3,1,-1,-3,-1,2,2,5,2,2,-2,-2,-5,-2,-2
0,1,35131,35134,105393,105394,105395,105398,105399,105400,210787,210788,210789,210790,210791,210794,210795,210796,210797,210798,1,-1,2,-2,1,3,1,-1,-3,-1,2,2,5,2,2,-2,-2,-5,-2,-2
0,1,35133,35136,105399,105400,105401,105404,105405,105406,210799,210800,210801,210802,210803,210806,210807,210808,210809,210810,1,-1,2,-2,1,3,1,-1,-3,-1,2,2,5,2,2,-2,-2,-5,-2,-2
0,1,35135,35138,105405,105406,105407,105410,105411,105412,210811,210812,210813,210814,210815,210818,210819,210820,210821,210822,1,-1,2,-2,1,3,1,-1,-3,-1,2,2,5,2,2,-2,-2,-5,-2,-2
0,1,35137,35140,105411,105412,105413,105416,105417,105418,210823,210824,210825,210826,210827,210830,210831,210832,210833,210834,1,-1,2,-2,1,3,1,-1,-3,-1,2,2,5,2,2,-2,-2,-5,-2,-2
0,1,35139,35142,105417,105418,105419,105422,105423,105424,210835,210836,210837,210838,210839,210842,210843,210844,210845,210846,1,-1,2,-2,1,3,1,-1,-3,-1,2,2,5,2,2,-2,-2,-5,-2,-2
0,1,35141,35144,105423,105424,105425,105428,105429,105430,210847,210848,210849,210850,210851,210854,210855,210856,210857,210858,1,-1,2,-2,1,3,1,-1,-3,-1,2,2,5,2,2,-2,-2,-5,-2,-2
0,1,35143,35146,105429,105430,105431,105434,105435,105436,210859,210860,210861,210862,210863,210866,210867,210868,210869,210870,1,-1,2,-2,1,3,1,-1,-3,-1,2,2,5,2,2,-2,-2,-5,-2,-2
0,1,35145,35148,105435,105436,105437,105440,105441,105442,210871,210872,210873,210874,210875,210878,210879,210880,210881,210882,1,-1,2,-2,1,3,1,-1,-3,-1,2,2,5,2,2,-2,-2,-5,-2,-2
0,1,35147,35150,105441,105442,105443,105446,105447,105448,210883,210884,210885,210886,210887,210890,210891,210892,210893,210894,1,-1,2,-2,1,3,1,-1,-3,-1,2,2,5,2,2,-2,-2,-5,-2,-2
0,1,35149,35152,105447,105448,105449,105452,105453,105454,210895,210896,210897,210898,210899,210902,210903,210904,210905,210906,1,-1,2,-2,1,3,1,-1,-3,-1,2,2,5,2,2,-2,-2,-5,-2,-2
0,1,35151,35154,105453,105454,105455,105458,105459,105460,210907,210908,210909,210910,210911,210914,210915,210916,210917,210918,1,-1,2,-2,1,3,1,-1,-3,-1,2,2,5,2,2,-2,-2,-5,-2,-2
0,1,35153,35156,105459,105460,105461,105464,105465,105466,210919,210920,210921,210922,210923,210926,210927,210928,210929,210930,1,-1,2,-2,1,3,1,-1,-3,-1,2,2,5,2,2,-2,-2,-5,-2,-2
0,1,35155,35158,105465,105466,105467,105470,105471,105472,210931,210932,210933,210934,210935,210938,210939,210940,210941,210942,1,-1,2,-2,1,3,1,-1,-3,-1,2,2,5,2,2,-2,-2,-5,-2,-2
0,1,35157,35160,105471,105472,105473,105476,105477,105478,210943,210944,210945,210946,210947,210950,210951,210952,210953,210954,1,-1,2,-2,1,3,1,-1,-3,-1,2,2,5,2,2,-2,-2,-5,-2,-2
0,1,35159,35162,105477,105478,105479,105482,105483,105484,210955,210956,210957,210958,210959,210962,210963,210964,210965,210966,1,-1,2,-2,1,3,1,-1,-3,-1,2,2,5,2,2,-2,-2,-5,-2,-2
0,1,35161,35164,105483,105484,105485,105488,105489,105490,210967,210968,210969,210970,210971,210974,210975,210976,210977,210978,1,-1,2,-2,1,3,1,-1,-3,-1,2,2,5,2,2,-2,-2,-5,-2,-2
0,1,35163,35166,105489,105490,105491,105494,105495,105496,210979,210980,210981,210982,210983,210986,210987,210988,210989,210990,1,-1,2,-2,1,3,1,-1,-3,-1,2,2,5,2,2,-2,-2,-5,-2,-2
0,1,35165,35168,105495,105496,105497,105500,105501,105502,210991,210992,210993,210994,210995,210998,210999,211000,211001,211002,1,-1,2,-2,1,3,1,-1,-3,-1,2,2,5,2,2,-2,-2,-5,-2,-2
0,1,35167,35170,105501,105502,105503,105506,105507,105508,211003,211004,211005,211006,211007,211010,211011,211012,211013,211014,1,-1,2,-2,1,3,1,-1,-3,-1,2,2,5,2,2,-2,-2,-5,-2,-2
0,1,35169,35172,105507,105508,105509,105512,105513,105514,211015,211016,211017,211018,211019,211022,211023,211024,211025,211026,1,-1,2,-2,1,3,1,-1,-3,-1,2,2,5,2,2,-2,-2,-5,-2,-2
0,1,35171,35174,105513,105514,105515,105518,105519,105520,211027,211028,211029,211030,211031,211034,211035,211036,211037,211038,1,-1,2,-2,1,3,1,-1,-3,-1,2,2,5,2,2,-2,-2,-5,-2,-2
0,1,35173,35176,105519,105520,105521,105524,105525,105526,211039,211040,211041,211042,211043,211046,211047,211048,211049,211050,1,-1,2,-2,1,3,1,-1,-3,-1,2,2,5,2,2,-2,-2,-5,-2,-2
0,1,35175,35178,105525,105526,105527,105530,105531,105532,211051,211052,211053,211054,211055,211058,211059,211060,211061,211062,1,-1,2,-2,1,3,1,-1,-3,-1,2,2,5,2,2,-2,-2,-5,-2,-2
0,1,35177,35180,105531,105532,105533,105536,105537,105538,211063,211064,211065,211066,211067,211070,211071,211072,211073,211074,1,-1,2,-2,1,3,1,-1,-3,-1,2,2,5,2,2,-2,-2,-5,-2,-2
0,1,35179,35182,105537,105538,105539,105542,105543,105544,211075,211076,211077,211078,211079,211082,211083,211084,211085,211086,1,-1,2,-2,1,3,1,-1,-3,-1,2,2,5,2,2,-2,-2,-5,-2,-2
0,1,35181,35184,105543,105544,105545,105548,105549,105550,211087,211088,211089,211090,211091,211094,211095,211096,211097,211098,1,-1,2,-2,1,3,1,-1,-3,-1,2,2,5,2,2,-2,-2,-5,-2,-2
0,1,35183,35186,105549,105550,105551,105554,105555,105556,211099,211100,211101,211102,211103,211106,211107,211108,211109,211110,1,-1,2,-2,1,3,1,-1,-3,-1,2,2,5,2,2,-2,-2,-5,-2,-2
0,1,35185,35188,105555,105556,105557,105560,105561,105562,211111,211112,211113,211114,211115,211118,211119,211120,211121,211122,1,-1,2,-2,1,3,1,-1,-3,-1,2,2,5,2,2,-2,-2,-5,-2,-2
0,1,35187,35190,105561,105562,105563,105566,105567,105568,211123,211124,211125,211126,211127,211130,211131,211132,211133,211134,1,-1,2,-2,1,3,1,-1,-3,-1,2,2,5,2,2,-2,-2,-5,-2,-2
0,1,35189,35192,105567,105568,105569,105572,105573,105574,211135,211136,211137,211138,211139,211142,211143,211144,211145,211146,1,-1,2,-2,1,3,1,-1,-3,-1,2,2,5,2,2,-2,-2,-5,-2,-2
0,1,35191,35194,105573,105574,105575,105578,105579,105580,211147,211148,211149,211150,211151,211154,211155,211156,211157,211158,1,-1,2,-2,1,3,1,-1,-3,-1,2,2,5,2,2,-2,-2,-5,-2,-2
0,1,35193,35196,105579,105580,105581,105584,105585,105586,211159,211160,211161,211162,211163,211166,211167,211168,211169,211170,1,-1,2,-2,1,3,1,-1,-3,-1,2,2,5,2,2,-2,-2,-5,-2,-2
0,1,35195,35198,105585,105586,105587,105590,105591,105592,211171,211172,211173,211174,211175,211178,211179,211180,211181,211182,1,-1,2,-2,1,3,1,-1,-3,-1,2,2,5,2,2,-2,-2,-5,-2,-2
0,1,35197,35200,105591,105592,105593,105596,105597,105598,211183,211184,211185,211186,211187,211190,211191,211192,211193,211194,1,-1,2,-2,1,3,1,-1,-3,-1,2,2,5,2,2,-2,-2,-5,-2,-2
0,1,35199,35202,105597,105598,105599,105602,105603,105604,211195,211196,211197,211198,211199,211202,211203,211204,211205,211206,1,-1,2,-2,1,3,1,-1,-3,-1,2,2,5,2,2,-2,-2,-5,-2,-2
0,1,35201,35204,105603,105604,105605,105608,105609,105610,211207,211208,211209,211210,211211,211214,211215,211216,211217,211218,1,-1,2,-2,1,3,1,-1,-3,-1,2,2,5,2,2,-2,-2,-5,-2,-2
0,1,35203,35206,105609,105610,105611,105614,105615,105616,211219,211220,211221,211222,211223,211226,211227,211228,211229,211230,1,-1,2,-2,1,3,1,-1,-3,-1,2,2,5,2,2,-2,-2,-5,-2,-2
0,1,35205,35208,105615,105616,105617,105620,105621,105622,211231,211232,211233,211234,211235,211238,211239,211240,211241,211242,1,-1,2,-2,1,3,1,-1,-3,-1,2,2,5,2,2,-2,-2,-5,-2,-2
0,1,35207,35210,105621,105622,105623,105626,105627,105628,211243,211244,211245,211246,211247,211250,211251,211252,211253,211254,1,-1,2,-2,1,3,1,-1,-3,-1,2,2,5,2,2,-2,-2,-5,-2,-2
0,1,35209,35212,105627,105628,105629,105632,105633,105634,211255,211256,211257,211258,211259,211262,211263,211264,211265,211266,1,-1,2,-2,1,3,1,-1,-3,-1,2,2,5,2,2,-2,-2,-5,-2,-2
0,1,35211,35214,105633,105634,105635,105638,105639,105640,211267,211268,211269,211270,211271,211274,211275,211276,211277,211278,1,-1,2,-2,1,3,1,-1,-3,-1,2,2,5,2,2,-2,-2,-5,-2,-2
0,1,35213,35216,105639,105640,105641,105644,105645,105646,211279,211280,211281,211282,211283,211286,211287,211288,211289,211290,1,-1,2,-2,1,3,1,-1,-3,-1,2,2,5,2,2,-2,-2,-5,-2,-2
0,1,35215,35218,105645,105646,105647,105650,105651,105652,211291,211292,211293,211294,211295,211298,211299,211300,211301,211302,1,-1,2,-2,1,3,1,-1,-3,-1,2,2,5,2,2,-2,-2,-5,-2,-2
0,1,35217,35220,105651,105652,105653,105656,105657,105658,211303,211304,211305,211306,211307,211310,211311,211312,211313,211314,1,-1,2,-2,1,3,1,-1,-3,-1,2,2,5,2,2,-2,-2,-5,-2,-2
0,1,35219,35222,105657,105658,105659,105662,105663,105664,211315,211316,211317,211318,211319,211322,211323,211324,211325,211326,1,-1,2,-2,1,3,1,-1,-3,-1,2,2,5,2,2,-2,-2,-5,-2,-2
0,1,35221,35224,105663,105664,105665,105668,105669,105670,211327,211328,211329,211330,211331,211334,211335,211336,211337,211338,1,-1,2,-2,1,3,1,-1,-3,-1,2,2,5,2,2,-2,-2,-5,-2,-2
0,1,35223,35226,105669,105670,105671,105674,105675,105676,211339,211340,211341,211342,211343,211346,211347,211348,211349,211350,1,-1,2,-2,1,3,1,-1,-3,-1,2,2,5,2,2,-2,-2,-5,-2,-2
0,1,35225,35228,105675,105676,105677,105680,105681,105682,211351,211352,211353,211354,211355,211358,211359,211360,211361,211362,1,-1,2,-2,1,3,1,-1,-3,-1,2,2,5,2,2,-2,-2,-5,-2,-2
0,1,35227,35230,105681,105682,105683,105686,105687,105688,211363,211364,211365,211366,211367,211370,211371,211372,211373,211374,1,-1,2,-2,1,3,1,-1,-3,-1,2,2,5,2,2,-2,-2,-5,-2,-2
0,1,35229,35232,105687,105688,105689,105692,105693,105694,211375,211376,211377,211378,211379,211382,211383,211384,211385,211386,1,-1,2,-2,1,3,1,-1,-3,-1,2,2,5,2,2,-2,-2,-5,-2,-2
0,1,35231,35234,105693,105694,105695,105698,105699,105700,211387,211388,211389,211390,211391,211394,211395,211396,211397,211398,1,-1,2,-2,1,3,1,-1,-3,-1,2,2,5,2,2,-2,-2,-5,-2,-2
0,1,35233,35236,105699,105700,105701,105704,105705,105706,211399,211400,211401,211402,211403,211406,211407,211408,211409,211410,1,-1,2,-2,1,3,1,-1,-3,-1,2,2,5,2,2,-2,-2,-5,-2,-2
0,1,35235,35238,105705,105706,105707,105710,105711,105712,211411,211412,211413,211414,211415,211418,211419,211420,211421,211422,1,-1,2,-2,1,3,1,-1,-3,-1,2,2,5,2,2,-2,-2,-5,-2,-2
0,1,35237,35240,105711,105712,105713,105716,105717,105718,211423,211424,211425,211426,211427,211430,211431,211432,211433,211434,1,-1,2,-2,1,3,1,-1,-3,-1,2,2,5,2,2,-2,-2,-5,-2,-2
0,1,35239,35242,105717,105718,105719,105722,105723,105724,211435,211436,211437,211438,211439,211442,211443,211444,211445,211446,1,-1,2,-2,1,3,1,-1,-3,-1,2,2,5,2,2,-2,-2,-5,-2,-2
0,1,35241,35244,105723,105724,105725,105728,105729,105730,211447,211448,211449,211450,211451,211454,211455,211456,211457,211458,1,-1,2,-2,1,3,1,-1,-3,-1,2,2,5,2,2,-2,-2,-5,-2,-2
0,1,35243,35246,105729,105730,105731,105734,105735,105736,211459,211460,211461,211462,211463,211466,211467,211468,211469,211470,1,-1,2,-2,1,3,1,-1,-3,-1,2,2,5,2,2,-2,-2,-5,-2,-2
0,1,35245,35248,105735,105736,105737,105740,105741,105742,211471,211472,211473,211474,211475,211478,211479,211480,211481,211482,1,-1,2,-2,1,3,1,-1,-3,-1,2,2,5,2,2,-2,-2,-5,-2,-2
0,1,35247,35250,105741,105742,105743,105746,105747,105748,211483,211484,211485,211486,211487,211490,211491,211492,211493,211494,1,-1,2,-2,1,3,1,-1,-3,-1,2,2,5,2,2,-2,-2,-5,-2,-2
0,1,35249,35252,105747,105748,105749,105752,105753,105754,211495,211496,211497,211498,211499,211502,211503,211504,211505,211506,1,-1,2,-2,1,3,1,-1,-3,-1,2,2,5,2,2,-2,-2,-5,-2,-2
0,1,35251,35254,105753,105754,105755,105758,105759,105760,211507,211508,211509,211510,211511,211514,211515,211516,211517,211518,1,-1,2,-2,1,3,1,-1,-3,-1,2,2,5,2,2,-2,-2,-5,-2,-2
0,1,35253,35256,105759,105760,105761,105764,105765,105766,211519,211520,211521,211522,211523,211526,211527,211528,211529,211530,1,-1,2,-2,1,3,1,-1,-3,-1,2,2,5,2,2,-2,-2,-5,-2,-2
0,1,35255,35258,105765,105766,105767,105770,105771,105772,211531,211532,211533,211534,211535,211538,211539,211540,211541,211542,1,-1,2,-2,1,3,1,-1,-3,-1,2,2,5,2,2,-2,-2,-5,-2,-2
0,1,35257,35260,105771,105772,105773,105776,105777,105778,211543,211544,211545,211546,211547,211550,211551,211552,211553,211554,1,-1,2,-2,1,3,1,-1,-3,-1,2,2,5,2,2,-2,-2,-5,-2,-2
0,1,35259,35262,105777,105778,105779,105782,105783,105784,211555,211556,211557,211558,211559,211562,211563,211564,211565,211566,1,-1,2,-2,1,3,1,-1,-3,-1,2,2,5,2,2,-2,-2,-5,-2,-2
0,1,35261,35264,105783,105784,105785,105788,105789,105790,211567,211568,211569,211570,211571,211574,211575,211576,211577,211578,1,-1,2,-2,1,3,1,-1,-3,-1,2,2,5,2,2,-2,-2,-5,-2,-2
0,1,35263,35266,105789,105790,105791,105794,105795,105796,211579,211580,211581,211582,211583,211586,211587,211588,211589,211590,1,-1,2,-2,1,3,1,-1,-3,-1,2,2,5,2,2,-2,-2,-5,-2,-2
0,1,35265,35268,105795,105796,105797,105800,105801,105802,211591,211592,211593,211594,211595,211598,211599,211600,211601,211602,1,-1,2,-2,1,3,1,-1,-3,-1,2,2,5,2,2,-2,-2,-5,-2,-2
0,1,35267,35270,105801,105802,105803,105806,105807,105808,211603,211604,211605,211606,211607,211610,211611,211612,211613,211614,1,-1,2,-2,1,3,1,-1,-3,-1,2,2,5,2,2,-2,-2,-5,-2,-2
0,1,35269,35272,105807,105808,105809,105812,105813,105814,211615,211616,211617,211618,211619,211622,211623,211624,211625,211626,1,-1,2,-2,1,3,1,-1,-3,-1,2,2,5,2,2,-2,-2,-5,-2,-2
0,1,35271,35274,105813,105814,105815,105818,105819,105820,211627,211628,211629,211630,211631,211634,211635,211636,211637,211638,1,-1,2,-2,1,3,1,-1,-3,-1,2,2,5,2,2,-2,-2,-5,-2,-2
0,1,35273,35276,105819,105820,105821,105824,105825,105826,211639,211640,211641,211642,211643,211646,211647,211648,211649,211650,1,-1,2,-2,1,3,1,-1,-3,-1,2,2,5,2,2,-2,-2,-5,-2,-2
0,1,35275,35278,105825,105826,105827,105830,105831,105832,211651,211652,211653,211654,211655,211658,211659,211660,211661,211662,1,-1,2,-2,1,3,1,-1,-3,-1,2,2,5,2,2,-2,-2,-5,-2,-2
0,1,35277,35280,105831,105832,105833,105836,105837,105838,211663,211664,211665,211666,211667,211670,211671,211672,211673,211674,1,-1,2,-2,1,3,1,-1,-3,-1,2,2,5,2,2,-2,-2,-5,-2,-2
0,1,35279,35282,105837,105838,105839,105842,105843,105844,211675,211676,211677,211678,211679,211682,211683,211684,211685,211686,1,-1,2,-2,1,3,1,-1,-3,-1,2,2,5,2,2,-2,-2,-5,-2,-2
0,1,35281,35284,105843,105844,105845,105848,105849,105850,211687,211688,211689,211690,211691,211694,211695,211696,211697,211698,1,-1,2,-2,1,3,1,-1,-3,-1,2,2,5,2,2,-2,-2,-5,-2,-2
0,1,35283,35286,105849,105850,105851,105854,105855,105856,211699,211700,211701,211702,211703,211706,211707,211708,211709,211710,1,-1,2,-2,1,3,1,-1,-3,-1,2,2,5,2,2,-2,-2,-5,-2,-2
0,1,35285,35288,105855,105856,105857,105860,105861,105862,211711,211712,211713,211714,211715,211718,211719,211720,211721,211722,1,-1,2,-2,1,3,1,-1,-3,-1,2,2,5,2,2,-2,-2,-5,-2,-2
0,1,35287,35290,105861,105862,105863,105866,105867,105868,211723,211724,211725,211726,211727,211730,211731,211732,211733,211734,1,-1,2,-2,1,3,1,-1,-3,-1,2,2,5,2,2,-2,-2,-5,-2,-2
0,1,35289,35292,105867,105868,105869,105872,105873,105874,211735,211736,211737,211738,211739,211742,211743,211744,211745,211746,1,-1,2,-2,1,3,1,-1,-3,-1,2,2,5,2,2,-2,-2,-5,-2,-2
0,1,35291,35294,105873,105874,105875,105878,105879,105880,211747,211748,211749,211750,211751,211754,211755,211756,211757,211758,1,-1,2,-2,1,3,1,-1,-3,-1,2,2,5,2,2,-2,-2,-5,-2,-2
0,1,35293,35296,105879,105880,105881,105884,105885,105886,211759,211760,211761,211762,211763,211766,211767,211768,211769,211770,1,-1,2,-2,1,3,1,-1,-3,-1,2,2,5,2,2,-2,-2,-5,-2,-2
0,1,35295,35298,105885,105886,105887,105890,105891,105892,211771,211772,211773,211774,211775,211778,211779,211780,211781,211782,1,-1,2,-2,1,3,1,-1,-3,-1,2,2,5,2,2,-2,-2,-5,-2,-2
0,1,35297,35300,105891,105892,105893,105896,105897,105898,211783,211784,211785,211786,211787,211790,211791,211792,211793,211794,1,-1,2,-2,1,3,1,-1,-3,-1,2,2,5,2,2,-2,-2,-5,-2,-2
0,1,35299,35302,105897,105898,105899,105902,105903,105904,211795,211796,211797,211798,211799,211802,211803,211804,211805,211806,1,-1,2,-2,1,3,1,-1,-3,-1,2,2,5,2,2,-2,-2,-5,-2,-2
0,1,35301,35304,105903,105904,105905,105908,105909,105910,211807,211808,211809,211810,211811,211814,211815,211816,211817,211818,1,-1,2,-2,1,3,1,-1,-3,-1,2,2,5,2,2,-2,-2,-5,-2,-2
0,1,35303,35306,105909,105910,105911,105914,105915,105916,211819,211820,211821,211822,211823,211826,211827,211828,211829,211830,1,-1,2,-2,1,3,1,-1,-3,-1,2,2,5,2,2,-2,-2,-5,-2,-2
0,1,35305,35308,105915,105916,105917,105920,105921,105922,211831,211832,211833,211834,211835,211838,211839,211840,211841,211842,1,-1,2,-2,1,3,1,-1,-3,-1,2,2,5,2,2,-2,-2,-5,-2,-2
0,1,35307,35310,105921,105922,105923,105926,105927,105928,211843,211844,211845,211846,211847,211850,211851,211852,211853,211854,1,-1,2,-2,1,3,1,-1,-3,-1,2,2,5,2,2,-2,-2,-5,-2,-2
0,1,35309,35312,105927,105928,105929,105932,105933,105934,211855,211856,211857,211858,211859,211862,211863,211864,211865,211866,1,-1,2,-2,1,3,1,-1,-3,-1,2,2,5,2,2,-2,-2,-5,-2,-2
0,1,35311,35314,105933,105934,105935,105938,105939,105940,211867,211868,211869,211870,211871,211874,211875,211876,211877,211878,1,-1,2,-2,1,3,1,-1,-3,-1,2,2,5,2,2,-2,-2,-5,-2,-2
0,1,35313,35316,105939,105940,105941,105944,105945,105946,211879,211880,211881,211882,211883,211886,211887,211888,211889,211890,1,-1,2,-2,1,3,1,-1,-3,-1,2,2,5,2,2,-2,-2,-5,-2,-2
0,1,35315,35318,105945,105946,105947,105950,105951,105952,211891,211892,211893,211894,211895,211898,211899,211900,211901,211902,1,-1,2,-2,1,3,1,-1,-3,-1,2,2,5,2,2,-2,-2,-5,-2,-2
0,1,35317,35320,105951,105952,105953,105956,105957,105958,211903,211904,211905,211906,211907,211910,211911,211912,211913,211914,1,-1,2,-2,1,3,1,-1,-3,-1,2,2,5,2,2,-2,-2,-5,-2,-2
0,1,35319,35322,105957,105958,105959,105962,105963,105964,211915,211916,211917,211918,211919,211922,211923,211924,211925,211926,1,-1,2,-2,1,3,1,-1,-3,-1,2,2,5,2,2,-2,-2,-5,-2,-2
0,1,35321,35324,105963,105964,105965,105968,105969,105970,211927,211928,211929,211930,211931,211934,211935,211936,211937,211938,1,-1,2,-2,1,3,1,-1,-3,-1,2,2,5,2,2,-2,-2,-5,-2,-2
0,1,35323,35326,105969,105970,105971,105974,105975,105976,211939,211940,211941,211942,211943,211946,211947,211948,211949,211950,1,-1,2,-2,1,3,1,-1,-3,-1,2,2,5,2,2,-2,-2,-5,-2,-2
0,1,35325,35328,105975,105976,105977,105980,105981,105982,211951,211952,211953,211954,211955,211958,211959,211960,211961,211962,1,-1,2,-2,1,3,1,-1,-3,-1,2,2,5,2,2,-2,-2,-5,-2,-2
0,1,35327,35330,105981,105982,105983,105986,105987,105988,211963,211964,211965,211966,211967,211970,211971,211972,211973,211974,1,-1,2,-2,1,3,1,-1,-3,-1,2,2,5,2,2,-2,-2,-5,-2,-2
0,1,35329,35332,105987,105988,105989,105992,105993,105994,211975,211976,211977,211978,211979,211982,211983,211984,211985,211986,1,-1,2,-2,1,3,1,-1,-3,-1,2,2,5,2,2,-2,-2,-5,-2,-2
0,1,35331,35334,105993,105994,105995,105998,105999,106000,211987,211988,211989,211990,211991,211994,211995,211996,211997,211998,1,-1,2,-2,1,3,1,-1,-3,-1,2,2,5,2,2,-2,-2,-5,-2,-2
0,1,35333,35336,105999,106000,106001,106004,106005,106006,211999,212000,212001,212002,212003,212006,212007,212008,212009,212010,1,-1,2,-2,1,3,1,-1,-3,-1,2,2,5,2,2,-2,-2,-5,-2,-2
0,1,35335,35338,106005,106006,106007,106010,106011,106012,212011,212012,212013,212014,212015,212018,212019,212020,212021,212022,1,-1,2,-2,1,3,1,-1,-3,-1,2,2,5,2,2,-2,-2,-5,-2,-2
0,1,35337,35340,106011,106012,106013,106016,106017,106018,212023,212024,212025,212026,212027,212030,212031,212032,212033,212034,1,-1,2,-2,1,3,1,-1,-3,-1,2,2,5,2,2,-2,-2,-5,-2,-2
0,1,35339,35342,106017,106018,106019,106022,106023,106024,212035,212036,212037,212038,212039,212042,212043,212044,212045,212046,1,-1,2,-2,1,3,1,-1,-3,-1,2,2,5,2,2,-2,-2,-5,-2,-2
0,1,35341,35344,106023,106024,106025,106028,106029,106030,212047,212048,212049,212050,212051,212054,212055,212056,212057,212058,1,-1,2,-2,1,3,1,-1,-3,-1,2,2,5,2,2,-2,-2,-5,-2,-2
0,1,35343,35346,106029,106030,106031,106034,106035,106036,212059,212060,212061,212062,212063,212066,212067,212068,212069,212070,1,-1,2,-2,1,3,1,-1,-3,-1,2,2,5,2,2,-2,-2,-5,-2,-2
0,1,35345,35348,106035,106036,106037,106040,106041,106042,212071,212072,212073,212074,212075,212078,212079,212080,212081,212082,1,-1,2,-2,1,3,1,-1,-3,-1,2,2,5,2,2,-2,-2,-5,-2,-2
0,1,35347,35350,106041,106042,106043,106046,106047,106048,212083,212084,212085,212086,212087,212090,212091,212092,212093,212094,1,-1,2,-2,1,3,1,-1,-3,-1,2,2,5,2,2,-2,-2,-5,-2,-2
0,1,35349,35352,106047,106048,106049,106052,106053,106054,212095,212096,212097,212098,212099,212102,212103,212104,212105,212106,1,-1,2,-2,1,3,1,-1,-3,-1,2,2,5,2,2,-2,-2,-5,-2,-2
0,1,35351,35354,106053,106054,106055,106058,106059,106060,212107,212108,212109,212110,212111,212114,212115,212116,212117,212118,1,-1,2,-2,1,3,1,-1,-3,-1,2,2,5,2,2,-2,-2,-5,-2,-2
0,1,35353,35356,106059,106060,106061,106064,106065,106066,212119,212120,212121,212122,212123,212126,212127,212128,212129,212130,1,-1,2,-2,1,3,1,-1,-3,-1,2,2,5,2,2,-2,-2,-5,-2,-2
0,1,35355,35358,106065,106066,106067,106070,106071,106072,212131,212132,212133,212134,212135,212138,212139,212140,212141,212142,1,-1,2,-2,1,3,1,-1,-3,-1,2,2,5,2,2,-2,-2,-5,-2,-2
0,1,35357,35360,106071,106072,106073,106076,106077,106078,212143,212144,212145,212146,212147,212150,212151,212152,212153,212154,1,-1,2,-2,1,3,1,-1,-3,-1,2,2,5,2,2,-2,-2,-5,-2,-2
0,1,35359,35362,106077,106078,106079,106082,106083,106084,212155,212156,212157,212158,212159,212162,212163,212164,212165,212166,1,-1,2,-2,1,3,1,-1,-3,-1,2,2,5,2,2,-2,-2,-5,-2,-2
0,1,35361,35364,106083,106084,106085,106088,106089,106090,212167,212168,212169,212170,212171,212174,212175,212176,212177,212178,1,-1,2,-2,1,3,1,-1,-3,-1,2,2,5,2,2,-2,-2,-5,-2,-2
0,1,35363,35366,106089,106090,106091,106094,106095,106096,212179,212180,212181,212182,212183,212186,212187,212188,212189,212190,1,-1,2,-2,1,3,1,-1,-3,-1,2,2,5,2,2,-2,-2,-5,-2,-2
0,1,35365,35368,106095,106096,106097,106100,106101,106102,212191,212192,212193,212194,212195,212198,212199,212200,212201,212202,1,-1,2,-2,1,3,1,-1,-3,-1,2,2,5,2,2,-2,-2,-5,-2,-2
0,1,35367,35370,106101,106102,106103,106106,106107,106108,212203,212204,212205,212206,212207,212210,212211,212212,212213,212214,1,-1,2,-2,1,3,1,-1,-3,-1,2,2,5,2,2,-2,-2,-5,-2,-2
0,1,35369,35372,106107,106108,106109,106112,106113,106114,212215,212216,212217,212218,212219,212222,212223,212224,212225,212226,1,-1,2,-2,1,3,1,-1,-3,-1,2,2,5,2,2,-2,-2,-5,-2,-2
0,1,35371,35374,106113,106114,106115,106118,106119,106120,212227,212228,212229,212230,212231,212234,212235,212236,212237,212238,1,-1,2,-2,1,3,1,-1,-3,-1,2,2,5,2,2,-2,-2,-5,-2,-2
0,1,35373,35376,106119,106120,106121,106124,106125,106126,212239,212240,212241,212242,212243,212246,212247,212248,212249,212250,1,-1,2,-2,1,3,1,-1,-3,-1,2,2,5,2,2,-2,-2,-5,-2,-2
0,1,35375,35378,106125,106126,106127,106130,106131,106132,212251,212252,212253,212254,212255,212258,212259,212260,212261,212262,1,-1,2,-2,1,3,1,-1,-3,-1,2,2,5,2,2,-2,-2,-5,-2,-2
0,1,35377,35380,106131,106132,106133,106136,106137,106138,212263,212264,212265,212266,212267,212270,212271,212272,212273,212274,1,-1,2,-2,1,3,1,-1,-3,-1,2,2,5,2,2,-2,-2,-5,-2,-2
0,1,35379,35382,106137,106138,106139,106142,106143,106144,212275,212276,212277,212278,212279,212282,212283,212284,212285,212286,1,-1,2,-2,1,3,1,-1,-3,-1,2,2,5,2,2,-2,-2,-5,-2,-2
0,1,35381,35384,106143,106144,106145,106148,106149,106150,212287,212288,212289,212290,212291,212294,212295,212296,212297,212298,1,-1,2,-2,1,3,1,-1,-3,-1,2,2,5,2,2,-2,-2,-5,-2,-2
0,1,35383,35386,106149,106150,106151,106154,106155,106156,212299,212300,212301,212302,212303,212306,212307,212308,212309,212310,1,-1,2,-2,1,3,1,-1,-3,-1,2,2,5,2,2,-2,-2,-5,-2,-2
0,1,35385,35388,106155,106156,106157,106160,106161,106162,212311,212312,212313,212314,212315,212318,212319,212320,212321,212322,1,-1,2,-2,1,3,1,-1,-3,-1,2,2,5,2,2,-2,-2,-5,-2,-2
0,1,35387,35390,106161,106162,106163,106166,106167,106168,212323,212324,212325,212326,212327,212330,212331,212332,212333,212334,1,-1,2,-2,1,3,1,-1,-3,-1,2,2,5,2,2,-2,-2,-5,-2,-2
0,1,35389,35392,106167,106168,106169,106172,106173,106174,212335,212336,212337,212338,212339,212342,212343,212344,212345,212346,1,-1,2,-2,1,3,1,-1,-3,-1,2,2,5,2,2,-2,-2,-5,-2,-2
0,1,35391,35394,106173,106174,106175,106178,106179,106180,212347,212348,212349,212350,212351,212354,212355,212356,212357,212358,1,-1,2,-2,1,3,1,-1,-3,-1,2,2,5,2,2,-2,-2,-5,-2,-2
0,1,35393,35396,106179,106180,106181,106184,106185,106186,212359,212360,212361,212362,212363,212366,212367,212368,212369,212370,1,-1,2,-2,1,3,1,-1,-3,-1,2,2,5,2,2,-2,-2,-5,-2,-2
0,1,35395,35398,106185,106186,106187,106190,106191,106192,212371,212372,212373,212374,212375,212378,212379,212380,212381,212382,1,-1,2,-2,1,3,1,-1,-3,-1,2,2,5,2,2,-2,-2,-5,-2,-2
0,1,35397,35400,106191,106192,106193,106196,106197,106198,212383,212384,212385,212386,212387,212390,212391,212392,212393,212394,1,-1,2,-2,1,3,1,-1,-3,-1,2,2,5,2,2,-2,-2,-5,-2,-2
0,1,35399,35402,106197,106198,106199,106202,106203,106204,212395,212396,212397,212398,212399,212402,212403,212404,212405,212406,1,-1,2,-2,1,3,1,-1,-3,-1,2,2,5,2,2,-2,-2,-5,-2,-2
0,1,35401,35404,106203,106204,106205,106208,106209,106210,212407,212408,212409,212410,212411,212414,212415,212416,212417,212418,1,-1,2,-2,1,3,1,-1,-3,-1,2,2,5,2,2,-2,-2,-5,-2,-2
0,1,35403,35406,106209,106210,106211,106214,106215,106216,212419,212420,212421,212422,212423,212426,212427,212428,212429,212430,1,-1,2,-2,1,3,1,-1,-3,-1,2,2,5,2,2,-2,-2,-5,-2,-2
0,1,35405,35408,106215,106216,106217,106220,106221,106222,212431,212432,212433,212434,212435,212438,212439,212440,212441,212442,1,-1,2,-2,1,3,1,-1,-3,-1,2,2,5,2,2,-2,-2,-5,-2,-2
0,1,35407,35410,106221,106222,106223,106226,106227,106228,212443,212444,212445,212446,212447,212450,212451,212452,212453,212454,1,-1,2,-2,1,3,1,-1,-3,-1,2,2,5,2,2,-2,-2,-5,-2,-2
0,1,35409,35412,106227,106228,106229,106232,106233,106234,212455,212456,212457,212458,212459,212462,212463,212464,212465,212466,1,-1,2,-2,1,3,1,-1,-3,-1,2,2,5,2,2,-2,-2,-5,-2,-2
0,1,35411,35414,106233,106234,106235,106238,106239,106240,212467,212468,212469,212470,212471,212474,212475,212476,212477,212478,1,-1,2,-2,1,3,1,-1,-3,-1,2,2,5,2,2,-2,-2,-5,-2,-2
0,1,35413,35416,106239,106240,106241,106244,106245,106246,212479,212480,212481,212482,212483,212486,212487,212488,212489,212490,1,-1,2,-2,1,3,1,-1,-3,-1,2,2,5,2,2,-2,-2,-5,-2,-2
0,1,35415,35418,106245,106246,106247,106250,106251,106252,212491,212492,212493,212494,212495,212498,212499,212500,212501,212502,1,-1,2,-2,1,3,1,-1,-3,-1,2,2,5,2,2,-2,-2,-5,-2,-2
0,1,35417,35420,106251,106252,106253,106256,106257,106258,212503,212504,212505,212506,212507,212510,212511,212512,212513,212514,1,-1,2,-2,1,3,1,-1,-3,-1,2,2,5,2,2,-2,-2,-5,-2,-2
0,1,35419,35422,106257,106258,106259,106262,106263,106264,212515,212516,212517,212518,212519,212522,212523,212524,212525,212526,1,-1,2,-2,1,3,1,-1,-3,-1,2,2,5,2,2,-2,-2,-5,-2,-2
0,1,35421,35424,106263,106264,106265,106268,106269,106270,212527,212528,212529,212530,212531,212534,212535,212536,212537,212538,1,-1,2,-2,1,3,1,-1,-3,-1,2,2,5,2,2,-2,-2,-5,-2,-2
0,1,35423,35426,106269,106270,106271,106274,106275,106276,212539,212540,212541,212542,212543,212546,212547,212548,212549,212550,1,-1,2,-2,1,3,1,-1,-3,-1,2,2,5,2,2,-2,-2,-5,-2,-2
0,1,35425,35428,106275,106276,106277,106280,106281,106282,212551,212552,212553,212554,212555,212558,212559,212560,212561,212562,1,-1,2,-2,1,3,1,-1,-3,-1,2,2,5,2,2,-2,-2,-5,-2,-2
0,1,35427,35430,106281,106282,106283,106286,106287,106288,212563,212564,212565,212566,212567,212570,212571,212572,212573,212574,1,-1,2,-2,1,3,1,-1,-3,-1,2,2,5,2,2,-2,-2,-5,-2,-2
0,1,35429,35432,106287,106288,106289,106292,106293,106294,212575,212576,212577,212578,212579,212582,212583,212584,212585,212586,1,-1,2,-2,1,3,1,-1,-3,-1,2,2,5,2,2,-2,-2,-5,-2,-2
0,1,35431,35434,106293,106294,106295,106298,106299,106300,212587,212588,212589,212590,212591,212594,212595,212596,212597,212598,1,-1,2,-2,1,3,1,-1,-3,-1,2,2,5,2,2,-2,-2,-5,-2,-2
0,1,35433,35436,106299,106300,106301,106304,106305,106306,212599,212600,212601,212602,212603,212606,212607,212608,212609,212610,1,-1,2,-2,1,3,1,-1,-3,-1,2,2,5,2,2,-2,-2,-5,-2,-2
0,1,35435,35438,106305,106306,106307,106310,106311,106312,212611,212612,212613,212614,212615,212618,212619,212620,212621,212622,1,-1,2,-2,1,3,1,-1,-3,-1,2,2,5,2,2,-2,-2,-5,-2,-2
0,1,35437,35440,106311,106312,106313,106316,106317,106318,212623,212624,212625,212626,212627,212630,212631,212632,212633,212634,1,-1,2,-2,1,3,1,-1,-3,-1,2,2,5,2,2,-2,-2,-5,-2,-2
0,1,35439,35442,106317,106318,106319,106322,106323,106324,212635,212636,212637,212638,212639,212642,212643,212644,212645,212646,1,-1,2,-2,1,3,1,-1,-3,-1,2,2,5,2,2,-2,-2,-5,-2,-2
0,1,35441,35444,106323,106324,106325,106328,106329,106330,212647,212648,212649,212650,212651,212654,212655,212656,212657,212658,1,-1,2,-2,1,3,1,-1,-3,-1,2,2,5,2,2,-2,-2,-5,-2,-2
0,1,35443,35446,106329,106330,106331,106334,106335,106336,212659,212660,212661,212662,212663,212666,212667,212668,212669,212670,1,-1,2,-2,1,3,1,-1,-3,-1,2,2,5,2,2,-2,-2,-5,-2,-2
0,1,35445,35448,106335,106336,106337,106340,106341,106342,212671,212672,212673,212674,212675,212678,212679,212680,212681,212682,1,-1,2,-2,1,3,1,-1,-3,-1,2,2,5,2,2,-2,-2,-5,-2,-2
0,1,35447,35450,106341,106342,106343,106346,106347,106348,212683,212684,212685,212686,212687,212690,212691,212692,212693,212694,1,-1,2,-2,1,3,1,-1,-3,-1,2,2,5,2,2,-2,-2,-5,-2,-2
0,1,35449,35452,106347,106348,106349,106352,106353,106354,212695,212696,212697,212698,212699,212702,212703,212704,212705,212706,1,-1,2,-2,1,3,1,-1,-3,-1,2,2,5,2,2,-2,-2,-5,-2,-2
0,1,35451,35454,106353,106354,106355,106358,106359,106360,212707,212708,212709,212710,212711,212714,212715,212716,212717,212718,1,-1,2,-2,1,3,1,-1,-3,-1,2,2,5,2,2,-2,-2,-5,-2,-2
0,1,35453,35456,106359,106360,106361,106364,106365,106366,212719,212720,212721,212722,212723,212726,212727,212728,212729,212730,1,-1,2,-2,1,3,1,-1,-3,-1,2,2,5,2,2,-2,-2,-5,-2,-2
0,1,35455,35458,106365,106366,106367,106370,106371,106372,212731,212732,212733,212734,212735,212738,212739,212740,212741,212742,1,-1,2,-2,1,3,1,-1,-3,-1,2,2,5,2,2,-2,-2,-5,-2,-2
0,1,35457,35460,106371,106372,106373,106376,106377,106378,212743,212744,212745,212746,212747,212750,212751,212752,212753,212754,1,-1,2,-2,1,3,1,-1,-3,-1,2,2,5,2,2,-2,-2,-5,-2,-2
0,1,35459,35462,106377,106378,106379,106382,106383,106384,212755,212756,212757,212758,212759,212762,212763,212764,212765,212766,1,-1,2,-2,1,3,1,-1,-3,-1,2,2,5,2,2,-2,-2,-5,-2,-2
0,1,35461,35464,106383,106384,106385,106388,106389,106390,212767,212768,212769,212770,212771,212774,212775,212776,212777,212778,1,-1,2,-2,1,3,1,-1,-3,-1,2,2,5,2,2,-2,-2,-5,-2,-2
0,1,35463,35466,106389,106390,106391,106394,106395,106396,212779,212780,212781,212782,212783,212786,212787,212788,212789,212790,1,-1,2,-2,1,3,1,-1,-3,-1,2,2,5,2,2,-2,-2,-5,-2,-2
0,1,35465,35468,106395,106396,106397,106400,106401,106402,212791,212792,212793,212794,212795,212798,212799,212800,212801,212802,1,-1,2,-2,1,3,1,-1,-3,-1,2,2,5,2,2,-2,-2,-5,-2,-2
0,1,35467,35470,106401,106402,106403,106406,106407,106408,212803,212804,212805,212806,212807,212810,212811,212812,212813,212814,1,-1,2,-2,1,3,1,-1,-3,-1,2,2,5,2,2,-2,-2,-5,-2,-2
0,1,35469,35472,106407,106408,106409,106412,106413,106414,212815,212816,212817,212818,212819,212822,212823,212824,212825,212826,1,-1,2,-2,1,3,1,-1,-3,-1,2,2,5,2,2,-2,-2,-5,-2,-2
0,1,35471,35474,106413,106414,106415,106418,106419,106420,212827,212828,212829,212830,212831,212834,212835,212836,212837,212838,1,-1,2,-2,1,3,1,-1,-3,-1,2,2,5,2,2,-2,-2,-5,-2,-2
0,1,35473,35476,106419,106420,106421,106424,106425,106426,212839,212840,212841,212842,212843,212846,212847,212848,212849,212850,1,-1,2,-2,1,3,1,-1,-3,-1,2,2,5,2,2,-2,-2,-5,-2,-2
0,1,35475,35478,106425,106426,106427,106430,106431,106432,212851,212852,212853,212854,212855,212858,212859,212860,212861,212862,1,-1,2,-2,1,3,1,-1,-3,-1,2,2,5,2,2,-2,-2,-5,-2,-2
0,1,35477,35480,106431,106432,106433,106436,106437,106438,212863,212864,212865,212866,212867,212870,212871,212872,212873,212874,1,-1,2,-2,1,3,1,-1,-3,-1,2,2,5,2,2,-2,-2,-5,-2,-2
0,1,35479,35482,106437,106438,106439,106442,106443,106444,212875,212876,212877,212878,212879,212882,212883,212884,212885,212886,1,-1,2,-2,1,3,1,-1,-3,-1,2,2,5,2,2,-2,-2,-5,-2,-2
0,1,35481,35484,106443,106444,106445,106448,106449,106450,212887,212888,212889,212890,212891,212894,212895,212896,212897,212898,1,-1,2,-2,1,3,1,-1,-3,-1,2,2,5,2,2,-2,-2,-5,-2,-2
0,1,35483,35486,106449,106450,106451,106454,106455,106456,212899,212900,212901,212902,212903,212906,212907,212908,212909,212910,1,-1,2,-2,1,3,1,-1,-3,-1,2,2,5,2,2,-2,-2,-5,-2,-2
0,1,35485,35488,106455,106456,106457,106460,106461,106462,212911,212912,212913,212914,212915,212918,212919,212920,212921,212922,1,-1,2,-2,1,3,1,-1,-3,-1,2,2,5,2,2,-2,-2,-5,-2,-2
0,1,35487,35490,106461,106462,106463,106466,106467,106468,212923,212924,212925,212926,212927,212930,212931,212932,212933,212934,1,-1,2,-2,1,3,1,-1,-3,-1,2,2,5,2,2,-2,-2,-5,-2,-2
0,1,35489,35492,106467,106468,106469,106472,106473,106474,212935,212936,212937,212938,212939,212942,212943,212944,212945,212946,1,-1,2,-2,1,3,1,-1,-3,-1,2,2,5,2,2,-2,-2,-5,-2,-2
0,1,35491,35494,106473,106474,106475,106478,106479,106480,212947,212948,212949,212950,212951,212954,212955,212956,212957,212958,1,-1,2,-2,1,3,1,-1,-3,-1,2,2,5,2,2,-2,-2,-5,-2,-2
0,1,35493,35496,106479,106480,106481,106484,106485,106486,212959,212960,212961,212962,212963,212966,212967,212968,212969,212970,1,-1,2,-2,1,3,1,-1,-3,-1,2,2,5,2,2,-2,-2,-5,-2,-2
0,1,35495,35498,106485,106486,106487,106490,106491,106492,212971,212972,212973,212974,212975,212978,212979,212980,212981,212982,1,-1,2,-2,1,3,1,-1,-3,-1,2,2,5,2,2,-2,-2,-5,-2,-2
0,1,35497,35500,106491,106492,106493,106496,106497,106498,212983,212984,212985,212986,212987,212990,212991,212992,212993,212994,1,-1,2,-2,1,3,1,-1,-3,-1,2,2,5,2,2,-2,-2,-5,-2,-2
0,1,35499,35502,106497,106498,106499,106502,106503,106504,212995,212996,212997,212998,212999,213002,213003,213004,213005,213006,1,-1,2,-2,1,3,1,-1,-3,-1,2,2,5,2,2,-2,-2,-5,-2,-2
0,1,35501,35504,106503,106504,106505,106508,106509,106510,213007,213008,213009,213010,213011,213014,213015,213016,213017,213018,1,-1,2,-2,1,3,1,-1,-3,-1,2,2,5,2,2,-2,-2,-5,-2,-2
0,1,35503,35506,106509,106510,106511,106514,106515,106516,213019,213020,213021,213022,213023,213026,213027,213028,213029,213030,1,-1,2,-2,1,3,1,-1,-3,-1,2,2,5,2,2,-2,-2,-5,-2,-2
0,1,35505,35508,106515,106516,106517,106520,106521,106522,213031,213032,213033,213034,213035,213038,213039,213040,213041,213042,1,-1,2,-2,1,3,1,-1,-3,-1,2,2,5,2,2,-2,-2,-5,-2,-2
0,1,35507,35510,106521,106522,106523,106526,106527,106528,213043,213044,213045,213046,213047,213050,213051,213052,213053,213054,1,-1,2,-2,1,3,1,-1,-3,-1,2,2,5,2,2,-2,-2,-5,-2,-2
0,1,35509,35512,106527,106528,106529,106532,106533,106534,213055,213056,213057,213058,213059,213062,213063,213064,213065,213066,1,-1,2,-2,1,3,1,-1,-3,-1,2,2,5,2,2,-2,-2,-5,-2,-2
0,1,35511,35514,106533,106534,106535,106538,106539,106540,213067,213068,213069,213070,213071,213074,213075,213076,213077,213078,1,-1,2,-2,1,3,1,-1,-3,-1,2,2,5,2,2,-2,-2,-5,-2,-2
0,1,35513,35516,106539,106540,106541,106544,106545,106546,213079,213080,213081,213082,213083,213086,213087,213088,213089,213090,1,-1,2,-2,1,3,1,-1,-3,-1,2,2,5,2,2,-2,-2,-5,-2,-2
0,1,35515,35518,106545,106546,106547,106550,106551,106552,213091,213092,213093,213094,213095,213098,213099,213100,213101,213102,1,-1,2,-2,1,3,1,-1,-3,-1,2,2,5,2,2,-2,-2,-5,-2,-2
0,1,35517,35520,106551,106552,106553,106556,106557,106558,213103,213104,213105,213106,213107,213110,213111,213112,213113,213114,1,-1,2,-2,1,3,1,-1,-3,-1,2,2,5,2,2,-2,-2,-5,-2,-2
0,1,35519,35522,106557,106558,106559,106562,106563,106564,213115,213116,213117,213118,213119,213122,213123,213124,213125,213126,1,-1,2,-2,1,3,1,-1,-3,-1,2,2,5,2,2,-2,-2,-5,-2,-2
0,1,35521,35524,106563,106564,106565,106568,106569,106570,213127,213128,213129,213130,213131,213134,213135,213136,213137,213138,1,-1,2,-2,1,3,1,-1,-3,-1,2,2,5,2,2,-2,-2,-5,-2,-2
0,1,35523,35526,106569,106570,106571,106574,106575,106576,213139,213140,213141,213142,213143,213146,213147,213148,213149,213150,1,-1,2,-2,1,3,1,-1,-3,-1,2,2,5,2,2,-2,-2,-5,-2,-2
0,1,35525,35528,106575,106576,106577,106580,106581,106582,213151,213152,213153,213154,213155,213158,213159,213160,213161,213162,1,-1,2,-2,1,3,1,-1,-3,-1,2,2,5,2,2,-2,-2,-5,-2,-2
0,1,35527,35530,106581,106582,106583,106586,106587,106588,213163,213164,213165,213166,213167,213170,213171,213172,213173,213174,1,-1,2,-2,1,3,1,-1,-3,-1,2,2,5,2,2,-2,-2,-5,-2,-2
0,1,35529,35532,106587,106588,106589,106592,106593,106594,213175,213176,213177,213178,213179,213182,213183,213184,213185,213186,1,-1,2,-2,1,3,1,-1,-3,-1,2,2,5,2,2,-2,-2,-5,-2,-2
0,1,35531,35534,106593,106594,106595,106598,106599,106600,213187,213188,213189,213190,213191,213194,213195,213196,213197,213198,1,-1,2,-2,1,3,1,-1,-3,-1,2,2,5,2,2,-2,-2,-5,-2,-2
0,1,35533,35536,106599,106600,106601,106604,106605,106606,213199,213200,213201,213202,213203,213206,213207,213208,213209,213210,1,-1,2,-2,1,3,1,-1,-3,-1,2,2,5,2,2,-2,-2,-5,-2,-2
0,1,35535,35538,106605,106606,106607,106610,106611,106612,213211,213212,213213,213214,213215,213218,213219,213220,213221,213222,1,-1,2,-2,1,3,1,-1,-3,-1,2,2,5,2,2,-2,-2,-5,-2,-2
0,1,35537,35540,106611,106612,106613,106616,106617,106618,213223,213224,213225,213226,213227,213230,213231,213232,213233,213234,1,-1,2,-2,1,3,1,-1,-3,-1,2,2,5,2,2,-2,-2,-5,-2,-2
0,1,35539,35542,106617,106618,106619,106622,106623,106624,213235,213236,213237,213238,213239,213242,213243,213244,213245,213246,1,-1,2,-2,1,3,1,-1,-3,-1,2,2,5,2,2,-2,-2,-5,-2,-2
0,1,35541,35544,106623,106624,106625,106628,106629,106630,213247,213248,213249,213250,213251,213254,213255,213256,213257,213258,1,-1,2,-2,1,3,1,-1,-3,-1,2,2,5,2,2,-2,-2,-5,-2,-2
0,1,35543,35546,106629,106630,106631,106634,106635,106636,213259,213260,213261,213262,213263,213266,213267,213268,213269,213270,1,-1,2,-2,1,3,1,-1,-3,-1,2,2,5,2,2,-2,-2,-5,-2,-2
0,1,35545,35548,106635,106636,106637,106640,106641,106642,213271,213272,213273,213274,213275,213278,213279,213280,213281,213282,1,-1,2,-2,1,3,1,-1,-3,-1,2,2,5,2,2,-2,-2,-5,-2,-2
0,1,35547,35550,106641,106642,106643,106646,106647,106648,213283,213284,213285,213286,213287,213290,213291,213292,213293,213294,1,-1,2,-2,1,3,1,-1,-3,-1,2,2,5,2,2,-2,-2,-5,-2,-2
0,1,35549,35552,106647,106648,106649,106652,106653,106654,213295,213296,213297,213298,213299,213302,213303,213304,213305,213306,1,-1,2,-2,1,3,1,-1,-3,-1,2,2,5,2,2,-2,-2,-5,-2,-2
0,1,35551,35554,106653,106654,106655,106658,106659,106660,213307,213308,213309,213310,213311,213314,213315,213316,213317,213318,1,-1,2,-2,1,3,1,-1,-3,-1,2,2,5,2,2,-2,-2,-5,-2,-2
0,1,35553,35556,106659,106660,106661,106664,106665,106666,213319,213320,213321,213322,213323,213326,213327,213328,213329,213330,1,-1,2,-2,1,3,1,-1,-3,-1,2,2,5,2,2,-2,-2,-5,-2,-2
0,1,35555,35558,106665,106666,106667,106670,106671,106672,213331,213332,213333,213334,213335,213338,213339,213340,213341,213342,1,-1,2,-2,1,3,1,-1,-3,-1,2,2,5,2,2,-2,-2,-5,-2,-2
0,1,35557,35560,106671,106672,106673,106676,106677,106678,213343,213344,213345,213346,213347,213350,213351,213352,213353,213354,1,-1,2,-2,1,3,1,-1,-3,-1,2,2,5,2,2,-2,-2,-5,-2,-2
0,1,35559,35562,106677,106678,106679,106682,106683,106684,213355,213356,213357,213358,213359,213362,213363,213364,213365,213366,1,-1,2,-2,1,3,1,-1,-3,-1,2,2,5,2,2,-2,-2,-5,-2,-2
0,1,35561,35564,106683,106684,106685,106688,106689,106690,213367,213368,213369,213370,213371,213374,213375,213376,213377,213378,1,-1,2,-2,1,3,1,-1,-3,-1,2,2,5,2,2,-2,-2,-5,-2,-2
0,1,35563,35566,106689,106690,106691,106694,106695,106696,213379,213380,213381,213382,213383,213386,213387,213388,213389,213390,1,-1,2,-2,1,3,1,-1,-3,-1,2,2,5,2,2,-2,-2,-5,-2,-2
0,1,35565,35568,106695,106696,106697,106700,106701,106702,213391,213392,213393,213394,213395,213398,213399,213400,213401,213402,1,-1,2,-2,1,3,1,-1,-3,-1,2,2,5,2,2,-2,-2,-5,-2,-2
0,1,35567,35570,106701,106702,106703,106706,106707,106708,213403,213404,213405,213406,213407,213410,213411,213412,213413,213414,1,-1,2,-2,1,3,1,-1,-3,-1,2,2,5,2,2,-2,-2,-5,-2,-2
0,1,35569,35572,106707,106708,106709,106712,106713,106714,213415,213416,213417,213418,213419,213422,213423,213424,213425,213426,1,-1,2,-2,1,3,1,-1,-3,-1,2,2,5,2,2,-2,-2,-5,-2,-2
0,1,35571,35574,106713,106714,106715,106718,106719,106720,213427,213428,213429,213430,213431,213434,213435,213436,213437,213438,1,-1,2,-2,1,3,1,-1,-3,-1,2,2,5,2,2,-2,-2,-5,-2,-2
0,1,35573,35576,106719,106720,106721,106724,106725,106726,213439,213440,213441,213442,213443,213446,213447,213448,213449,213450,1,-1,2,-2,1,3,1,-1,-3,-1,2,2,5,2,2,-2,-2,-5,-2,-2
0,1,35575,35578,106725,106726,106727,106730,106731,106732,213451,213452,213453,213454,213455,213458,213459,213460,213461,213462,1,-1,2,-2,1,3,1,-1,-3,-1,2,2,5,2,2,-2,-2,-5,-2,-2
0,1,35577,35580,106731,106732,106733,106736,106737,106738,213463,213464,213465,213466,213467,213470,213471,213472,213473,213474,1,-1,2,-2,1,3,1,-1,-3,-1,2,2,5,2,2,-2,-2,-5,-2,-2
0,1,35579,35582,106737,106738,106739,106742,106743,106744,213475,213476,213477,213478,213479,213482,213483,213484,213485,213486,1,-1,2,-2,1,3,1,-1,-3,-1,2,2,5,2,2,-2,-2,-5,-2,-2
0,1,35581,35584,106743,106744,106745,106748,106749,106750,213487,213488,213489,213490,213491,213494,213495,213496,213497,213498,1,-1,2,-2,1,3,1,-1,-3,-1,2,2,5,2,2,-2,-2,-5,-2,-2
0,1,35583,35586,106749,106750,106751,106754,106755,106756,213499,213500,213501,213502,213503,213506,213507,213508,213509,213510,1,-1,2,-2,1,3,1,-1,-3,-1,2,2,5,2,2,-2,-2,-5,-2,-2
0,1,35585,35588,106755,106756,106757,106760,106761,106762,213511,213512,213513,213514,213515,213518,213519,213520,213521,213522,1,-1,2,-2,1,3,1,-1,-3,-1,2,2,5,2,2,-2,-2,-5,-2,-2
0,1,35587,35590,106761,106762,106763,106766,106767,106768,213523,213524,213525,213526,213527,213530,213531,213532,213533,213534,1,-1,2,-2,1,3,1,-1,-3,-1,2,2,5,2,2,-2,-2,-5,-2,-2
0,1,35589,35592,106767,106768,106769,106772,106773,106774,213535,213536,213537,213538,213539,213542,213543,213544,213545,213546,1,-1,2,-2,1,3,1,-1,-3,-1,2,2,5,2,2,-2,-2,-5,-2,-2
0,1,35591,35594,106773,106774,106775,106778,106779,106780,213547,213548,213549,213550,213551,213554,213555,213556,213557,213558,1,-1,2,-2,1,3,1,-1,-3,-1,2,2,5,2,2,-2,-2,-5,-2,-2
0,1,35593,35596,106779,106780,106781,106784,106785,106786,213559,213560,213561,213562,213563,213566,213567,213568,213569,213570,1,-1,2,-2,1,3,1,-1,-3,-1,2,2,5,2,2,-2,-2,-5,-2,-2
0,1,35595,35598,106785,106786,106787,106790,106791,106792,213571,213572,213573,213574,213575,213578,213579,213580,213581,213582,1,-1,2,-2,1,3,1,-1,-3,-1,2,2,5,2,2,-2,-2,-5,-2,-2
0,1,35597,35600,106791,106792,106793,106796,106797,106798,213583,213584,213585,213586,213587,213590,213591,213592,213593,213594,1,-1,2,-2,1,3,1,-1,-3,-1,2,2,5,2,2,-2,-2,-5,-2,-2
0,1,35599,35602,106797,106798,106799,106802,106803,106804,213595,213596,213597,213598,213599,213602,213603,213604,213605,213606,1,-1,2,-2,1,3,1,-1,-3,-1,2,2,5,2,2,-2,-2,-5,-2,-2
0,1,35601,35604,106803,106804,106805,106808,106809,106810,213607,213608,213609,213610,213611,213614,213615,213616,213617,213618,1,-1,2,-2,1,3,1,-1,-3,-1,2,2,5,2,2,-2,-2,-5,-2,-2
0,1,35603,35606,106809,106810,106811,106814,106815,106816,213619,213620,213621,213622,213623,213626,213627,213628,213629,213630,1,-1,2,-2,1,3,1,-1,-3,-1,2,2,5,2,2,-2,-2,-5,-2,-2
0,1,35605,35608,106815,106816,106817,106820,106821,106822,213631,213632,213633,213634,213635,213638,213639,213640,213641,213642,1,-1,2,-2,1,3,1,-1,-3,-1,2,2,5,2,2,-2,-2,-5,-2,-2
0,1,35607,35610,106821,106822,106823,106826,106827,106828,213643,213644,213645,213646,213647,213650,213651,213652,213653,213654,1,-1,2,-2,1,3,1,-1,-3,-1,2,2,5,2,2,-2,-2,-5,-2,-2
0,1,35609,35612,106827,106828,106829,106832,106833,106834,213655,213656,213657,213658,213659,213662,213663,213664,213665,213666,1,-1,2,-2,1,3,1,-1,-3,-1,2,2,5,2,2,-2,-2,-5,-2,-2
0,1,35611,35614,106833,106834,106835,106838,106839,106840,213667,213668,213669,213670,213671,213674,213675,213676,213677,213678,1,-1,2,-2,1,3,1,-1,-3,-1,2,2,5,2,2,-2,-2,-5,-2,-2
0,1,35613,35616,106839,106840,106841,106844,106845,106846,213679,213680,213681,213682,213683,213686,213687,213688,213689,213690,1,-1,2,-2,1,3,1,-1,-3,-1,2,2,5,2,2,-2,-2,-5,-2,-2
0,1,35615,35618,106845,106846,106847,106850,106851,106852,213691,213692,213693,213694,213695,213698,213699,213700,213701,213702,1,-1,2,-2,1,3,1,-1,-3,-1,2,2,5,2,2,-2,-2,-5,-2,-2
0,1,35617,35620,106851,106852,106853,106856,106857,106858,213703,213704,213705,213706,213707,213710,213711,213712,213713,213714,1,-1,2,-2,1,3,1,-1,-3,-1,2,2,5,2,2,-2,-2,-5,-2,-2
0,1,35619,35622,106857,106858,106859,106862,106863,106864,213715,213716,213717,213718,213719,213722,213723,213724,213725,213726,1,-1,2,-2,1,3,1,-1,-3,-1,2,2,5,2,2,-2,-2,-5,-2,-2
0,1,35621,35624,106863,106864,106865,106868,106869,106870,213727,213728,213729,213730,213731,213734,213735,213736,213737,213738,1,-1,2,-2,1,3,1,-1,-3,-1,2,2,5,2,2,-2,-2,-5,-2,-2
0,1,35623,35626,106869,106870,106871,106874,106875,106876,213739,213740,213741,213742,213743,213746,213747,213748,213749,213750,1,-1,2,-2,1,3,1,-1,-3,-1,2,2,5,2,2,-2,-2,-5,-2,-2
0,1,35625,35628,106875,106876,106877,106880,106881,106882,213751,213752,213753,213754,213755,213758,213759,213760,213761,213762,1,-1,2,-2,1,3,1,-1,-3,-1,2,2,5,2,2,-2,-2,-5,-2,-2
0,1,35627,35630,106881,106882,106883,106886,106887,106888,213763,213764,213765,213766,213767,213770,213771,213772,213773,213774,1,-1,2,-2,1,3,1,-1,-3,-1,2,2,5,2,2,-2,-2,-5,-2,-2
0,1,35629,35632,106887,106888,106889,106892,106893,106894,213775,213776,213777,213778,213779,213782,213783,213784,213785,213786,1,-1,2,-2,1,3,1,-1,-3,-1,2,2,5,2,2,-2,-2,-5,-2,-2
0,1,35631,35634,106893,106894,106895,106898,106899,106900,213787,213788,213789,213790,213791,213794,213795,213796,213797,213798,1,-1,2,-2,1,3,1,-1,-3,-1,2,2,5,2,2,-2,-2,-5,-2,-2
0,1,35633,35636,106899,106900,106901,106904,106905,106906,213799,213800,213801,213802,213803,213806,213807,213808,213809,213810,1,-1,2,-2,1,3,1,-1,-3,-1,2,2,5,2,2,-2,-2,-5,-2,-2
0,1,35635,35638,106905,106906,106907,106910,106911,106912,213811,213812,213813,213814,213815,213818,213819,213820,213821,213822,1,-1,2,-2,1,3,1,-1,-3,-1,2,2,5,2,2,-2,-2,-5,-2,-2
0,1,35637,35640,106911,106912,106913,106916,106917,106918,213823,213824,213825,213826,213827,213830,213831,213832,213833,213834,1,-1,2,-2,1,3,1,-1,-3,-1,2,2,5,2,2,-2,-2,-5,-2,-2
0,1,35639,35642,106917,106918,106919,106922,106923,106924,213835,213836,213837,213838,213839,213842,213843,213844,213845,213846,1,-1,2,-2,1,3,1,-1,-3,-1,2,2,5,2,2,-2,-2,-5,-2,-2
0,1,35641,35644,106923,106924,106925,106928,106929,106930,213847,213848,213849,213850,213851,213854,213855,213856,213857,213858,1,-1,2,-2,1,3,1,-1,-3,-1,2,2,5,2,2,-2,-2,-5,-2,-2
0,1,35643,35646,106929,106930,106931,106934,106935,106936,213859,213860,213861,213862,213863,213866,213867,213868,213869,213870,1,-1,2,-2,1,3,1,-1,-3,-1,2,2,5,2,2,-2,-2,-5,-2,-2
0,1,35645,35648,106935,106936,106937,106940,106941,106942,213871,213872,213873,213874,213875,213878,213879,213880,213881,213882,1,-1,2,-2,1,3,1,-1,-3,-1,2,2,5,2,2,-2,-2,-5,-2,-2
0,1,35647,35650,106941,106942,106943,106946,106947,106948,213883,213884,213885,213886,213887,213890,213891,213892,213893,213894,1,-1,2,-2,1,3,1,-1,-3,-1,2,2,5,2,2,-2,-2,-5,-2,-2
0,1,35649,35652,106947,106948,106949,106952,106953,106954,213895,213896,213897,213898,213899,213902,213903,213904,213905,213906,1,-1,2,-2,1,3,1,-1,-3,-1,2,2,5,2,2,-2,-2,-5,-2,-2
0,1,35651,35654,106953,106954,106955,106958,106959,106960,213907,213908,213909,213910,213911,213914,213915,213916,213917,213918,1,-1,2,-2,1,3,1,-1,-3,-1,2,2,5,2,2,-2,-2,-5,-2,-2
0,1,35653,35656,106959,106960,106961,106964,106965,106966,213919,213920,213921,213922,213923,213926,213927,213928,213929,213930,1,-1,2,-2,1,3,1,-1,-3,-1,2,2,5,2,2,-2,-2,-5,-2,-2
0,1,35655,35658,106965,106966,106967,106970,106971,106972,213931,213932,213933,213934,213935,213938,213939,213940,213941,213942,1,-1,2,-2,1,3,1,-1,-3,-1,2,2,5,2,2,-2,-2,-5,-2,-2
0,1,35657,35660,106971,106972,106973,106976,106977,106978,213943,213944,213945,213946,213947,213950,213951,213952,213953,213954,1,-1,2,-2,1,3,1,-1,-3,-1,2,2,5,2,2,-2,-2,-5,-2,-2
0,1,35659,35662,106977,106978,106979,106982,106983,106984,213955,213956,213957,213958,213959,213962,213963,213964,213965,213966,1,-1,2,-2,1,3,1,-1,-3,-1,2,2,5,2,2,-2,-2,-5,-2,-2
0,1,35661,35664,106983,106984,106985,106988,106989,106990,213967,213968,213969,213970,213971,213974,213975,213976,213977,213978,1,-1,2,-2,1,3,1,-1,-3,-1,2,2,5,2,2,-2,-2,-5,-2,-2
0,1,35663,35666,106989,106990,106991,106994,106995,106996,213979,213980,213981,213982,213983,213986,213987,213988,213989,213990,1,-1,2,-2,1,3,1,-1,-3,-1,2,2,5,2,2,-2,-2,-5,-2,-2
0,1,35665,35668,106995,106996,106997,107000,107001,107002,213991,213992,213993,213994,213995,213998,213999,214000,214001,214002,1,-1,2,-2,1,3,1,-1,-3,-1,2,2,5,2,2,-2,-2,-5,-2,-2
0,1,35667,35670,107001,107002,107003,107006,107007,107008,214003,214004,214005,214006,214007,214010,214011,214012,214013,214014,1,-1,2,-2,1,3,1,-1,-3,-1,2,2,5,2,2,-2,-2,-5,-2,-2
0,1,35669,35672,107007,107008,107009,107012,107013,107014,214015,214016,214017,214018,214019,214022,214023,214024,214025,214026,1,-1,2,-2,1,3,1,-1,-3,-1,2,2,5,2,2,-2,-2,-5,-2,-2
0,1,35671,35674,107013,107014,107015,107018,107019,107020,214027,214028,214029,214030,214031,214034,214035,214036,214037,214038,1,-1,2,-2,1,3,1,-1,-3,-1,2,2,5,2,2,-2,-2,-5,-2,-2
0,1,35673,35676,107019,107020,107021,107024,107025,107026,214039,214040,214041,214042,214043,214046,214047,214048,214049,214050,1,-1,2,-2,1,3,1,-1,-3,-1,2,2,5,2,2,-2,-2,-5,-2,-2
0,1,35675,35678,107025,107026,107027,107030,107031,107032,214051,214052,214053,214054,214055,214058,214059,214060,214061,214062,1,-1,2,-2,1,3,1,-1,-3,-1,2,2,5,2,2,-2,-2,-5,-2,-2
0,1,35677,35680,107031,107032,107033,107036,107037,107038,214063,214064,214065,214066,214067,214070,214071,214072,214073,214074,1,-1,2,-2,1,3,1,-1,-3,-1,2,2,5,2,2,-2,-2,-5,-2,-2
0,1,35679,35682,107037,107038,107039,107042,107043,107044,214075,214076,214077,214078,214079,214082,214083,214084,214085,214086,1,-1,2,-2,1,3,1,-1,-3,-1,2,2,5,2,2,-2,-2,-5,-2,-2
0,1,35681,35684,107043,107044,107045,107048,107049,107050,214087,214088,214089,214090,214091,214094,214095,214096,214097,214098,1,-1,2,-2,1,3,1,-1,-3,-1,2,2,5,2,2,-2,-2,-5,-2,-2
0,1,35683,35686,107049,107050,107051,107054,107055,107056,214099,214100,214101,214102,214103,214106,214107,214108,214109,214110,1,-1,2,-2,1,3,1,-1,-3,-1,2,2,5,2,2,-2,-2,-5,-2,-2
0,1,35685,35688,107055,107056,107057,107060,107061,107062,214111,214112,214113,214114,214115,214118,214119,214120,214121,214122,1,-1,2,-2,1,3,1,-1,-3,-1,2,2,5,2,2,-2,-2,-5,-2,-2
0,1,35687,35690,107061,107062,107063,107066,107067,107068,214123,214124,214125,214126,214127,214130,214131,214132,214133,214134,1,-1,2,-2,1,3,1,-1,-3,-1,2,2,5,2,2,-2,-2,-5,-2,-2
0,1,35689,35692,107067,107068,107069,107072,107073,107074,214135,214136,214137,214138,214139,214142,214143,214144,214145,214146,1,-1,2,-2,1,3,1,-1,-3,-1,2,2,5,2,2,-2,-2,-5,-2,-2
0,1,35691,35694,107073,107074,107075,107078,107079,107080,214147,214148,214149,214150,214151,214154,214155,214156,214157,214158,1,-1,2,-2,1,3,1,-1,-3,-1,2,2,5,2,2,-2,-2,-5,-2,-2
0,1,35693,35696,107079,107080,107081,107084,107085,107086,214159,214160,214161,214162,214163,214166,214167,214168,214169,214170,1,-1,2,-2,1,3,1,-1,-3,-1,2,2,5,2,2,-2,-2,-5,-2,-2
0,1,35695,35698,107085,107086,107087,107090,107091,107092,214171,214172,214173,214174,214175,214178,214179,214180,214181,214182,1,-1,2,-2,1,3,1,-1,-3,-1,2,2,5,2,2,-2,-2,-5,-2,-2
0,1,35697,35700,107091,107092,107093,107096,107097,107098,214183,214184,214185,214186,214187,214190,214191,214192,214193,214194,1,-1,2,-2,1,3,1,-1,-3,-1,2,2,5,2,2,-2,-2,-5,-2,-2
0,1,35699,35702,107097,107098,107099,107102,107103,107104,214195,214196,214197,214198,214199,214202,214203,214204,214205,214206,1,-1,2,-2,1,3,1,-1,-3,-1,2,2,5,2,2,-2,-2,-5,-2,-2
0,1,35701,35704,107103,107104,107105,107108,107109,107110,214207,214208,214209,214210,214211,214214,214215,214216,214217,214218,1,-1,2,-2,1,3,1,-1,-3,-1,2,2,5,2,2,-2,-2,-5,-2,-2
0,1,35703,35706,107109,107110,107111,107114,107115,107116,214219,214220,214221,214222,214223,214226,214227,214228,214229,214230,1,-1,2,-2,1,3,1,-1,-3,-1,2,2,5,2,2,-2,-2,-5,-2,-2
0,1,35705,35708,107115,107116,107117,107120,107121,107122,214231,214232,214233,214234,214235,214238,214239,214240,214241,214242,1,-1,2,-2,1,3,1,-1,-3,-1,2,2,5,2,2,-2,-2,-5,-2,-2
0,1,35707,35710,107121,107122,107123,107126,107127,107128,214243,214244,214245,214246,214247,214250,214251,214252,214253,214254,1,-1,2,-2,1,3,1,-1,-3,-1,2,2,5,2,2,-2,-2,-5,-2,-2
0,1,35709,35712,107127,107128,107129,107132,107133,107134,214255,214256,214257,214258,214259,214262,214263,214264,214265,214266,1,-1,2,-2,1,3,1,-1,-3,-1,2,2,5,2,2,-2,-2,-5,-2,-2
0,1,35711,35714,107133,107134,107135,107138,107139,107140,214267,214268,214269,214270,214271,214274,214275,214276,214277,214278,1,-1,2,-2,1,3,1,-1,-3,-1,2,2,5,2,2,-2,-2,-5,-2,-2
0,1,35713,35716,107139,107140,107141,107144,107145,107146,214279,214280,214281,214282,214283,214286,214287,214288,214289,214290,1,-1,2,-2,1,3,1,-1,-3,-1,2,2,5,2,2,-2,-2,-5,-2,-2
0,1,35715,35718,107145,107146,107147,107150,107151,107152,214291,214292,214293,214294,214295,214298,214299,214300,214301,214302,1,-1,2,-2,1,3,1,-1,-3,-1,2,2,5,2,2,-2,-2,-5,-2,-2
0,1,35717,35720,107151,107152,107153,107156,107157,107158,214303,214304,214305,214306,214307,214310,214311,214312,214313,214314,1,-1,2,-2,1,3,1,-1,-3,-1,2,2,5,2,2,-2,-2,-5,-2,-2
0,1,35719,35722,107157,107158,107159,107162,107163,107164,214315,214316,214317,214318,214319,214322,214323,214324,214325,214326,1,-1,2,-2,1,3,1,-1,-3,-1,2,2,5,2,2,-2,-2,-5,-2,-2
0,1,35721,35724,107163,107164,107165,107168,107169,107170,214327,214328,214329,214330,214331,214334,214335,214336,214337,214338,1,-1,2,-2,1,3,1,-1,-3,-1,2,2,5,2,2,-2,-2,-5,-2,-2
0,1,35723,35726,107169,107170,107171,107174,107175,107176,214339,214340,214341,214342,214343,214346,214347,214348,214349,214350,1,-1,2,-2,1,3,1,-1,-3,-1,2,2,5,2,2,-2,-2,-5,-2,-2
0,1,35725,35728,107175,107176,107177,107180,107181,107182,214351,214352,214353,214354,214355,214358,214359,214360,214361,214362,1,-1,2,-2,1,3,1,-1,-3,-1,2,2,5,2,2,-2,-2,-5,-2,-2
0,1,35727,35730,107181,107182,107183,107186,107187,107188,214363,214364,214365,214366,214367,214370,214371,214372,214373,214374,1,-1,2,-2,1,3,1,-1,-3,-1,2,2,5,2,2,-2,-2,-5,-2,-2
0,1,35729,35732,107187,107188,107189,107192,107193,107194,214375,214376,214377,214378,214379,214382,214383,214384,214385,214386,1,-1,2,-2,1,3,1,-1,-3,-1,2,2,5,2,2,-2,-2,-5,-2,-2
0,1,35731,35734,107193,107194,107195,107198,107199,107200,214387,214388,214389,214390,214391,214394,214395,214396,214397,214398,1,-1,2,-2,1,3,1,-1,-3,-1,2,2,5,2,2,-2,-2,-5,-2,-2
0,1,35733,35736,107199,107200,107201,107204,107205,107206,214399,214400,214401,214402,214403,214406,214407,214408,214409,214410,1,-1,2,-2,1,3,1,-1,-3,-1,2,2,5,2,2,-2,-2,-5,-2,-2
0,1,35735,35738,107205,107206,107207,107210,107211,107212,214411,214412,214413,214414,214415,214418,214419,214420,214421,214422,1,-1,2,-2,1,3,1,-1,-3,-1,2,2,5,2,2,-2,-2,-5,-2,-2
0,1,35737,35740,107211,107212,107213,107216,107217,107218,214423,214424,214425,214426,214427,214430,214431,214432,214433,214434,1,-1,2,-2,1,3,1,-1,-3,-1,2,2,5,2,2,-2,-2,-5,-2,-2
0,1,35739,35742,107217,107218,107219,107222,107223,107224,214435,214436,214437,214438,214439,214442,214443,214444,214445,214446,1,-1,2,-2,1,3,1,-1,-3,-1,2,2,5,2,2,-2,-2,-5,-2,-2
0,1,35741,35744,107223,107224,107225,107228,107229,107230,214447,214448,214449,214450,214451,214454,214455,214456,214457,214458,1,-1,2,-2,1,3,1,-1,-3,-1,2,2,5,2,2,-2,-2,-5,-2,-2
0,1,35743,35746,107229,107230,107231,107234,107235,107236,214459,214460,214461,214462,214463,214466,214467,214468,214469,214470,1,-1,2,-2,1,3,1,-1,-3,-1,2,2,5,2,2,-2,-2,-5,-2,-2
0,1,35745,35748,107235,107236,107237,107240,107241,107242,214471,214472,214473,214474,214475,214478,214479,214480,214481,214482,1,-1,2,-2,1,3,1,-1,-3,-1,2,2,5,2,2,-2,-2,-5,-2,-2
0,1,35747,35750,107241,107242,107243,107246,107247,107248,214483,214484,214485,214486,214487,214490,214491,214492,214493,214494,1,-1,2,-2,1,3,1,-1,-3,-1,2,2,5,2,2,-2,-2,-5,-2,-2
0,1,35749,35752,107247,107248,107249,107252,107253,107254,214495,214496,214497,214498,214499,214502,214503,214504,214505,214506,1,-1,2,-2,1,3,1,-1,-3,-1,2,2,5,2,2,-2,-2,-5,-2,-2
0,1,35751,35754,107253,107254,107255,107258,107259,107260,214507,214508,214509,214510,214511,214514,214515,214516,214517,214518,1,-1,2,-2,1,3,1,-1,-3,-1,2,2,5,2,2,-2,-2,-5,-2,-2
0,1,35753,35756,107259,107260,107261,107264,107265,107266,214519,214520,214521,214522,214523,214526,214527,214528,214529,214530,1,-1,2,-2,1,3,1,-1,-3,-1,2,2,5,2,2,-2,-2,-5,-2,-2
0,1,35755,35758,107265,107266,107267,107270,107271,107272,214531,214532,214533,214534,214535,214538,214539,214540,214541,214542,1,-1,2,-2,1,3,1,-1,-3,-1,2,2,5,2,2,-2,-2,-5,-2,-2
0,1,35757,35760,107271,107272,107273,107276,107277,107278,214543,214544,214545,214546,214547,214550,214551,214552,214553,214554,1,-1,2,-2,1,3,1,-1,-3,-1,2,2,5,2,2,-2,-2,-5,-2,-2
0,1,35759,35762,107277,107278,107279,107282,107283,107284,214555,214556,214557,214558,214559,214562,214563,214564,214565,214566,1,-1,2,-2,1,3,1,-1,-3,-1,2,2,5,2,2,-2,-2,-5,-2,-2
0,1,35761,35764,107283,107284,107285,107288,107289,107290,214567,214568,214569,214570,214571,214574,214575,214576,214577,214578,1,-1,2,-2,1,3,1,-1,-3,-1,2,2,5,2,2,-2,-2,-5,-2,-2
0,1,35763,35766,107289,107290,107291,107294,107295,107296,214579,214580,214581,214582,214583,214586,214587,214588,214589,214590,1,-1,2,-2,1,3,1,-1,-3,-1,2,2,5,2,2,-2,-2,-5,-2,-2
0,1,35765,35768,107295,107296,107297,107300,107301,107302,214591,214592,214593,214594,214595,214598,214599,214600,214601,214602,1,-1,2,-2,1,3,1,-1,-3,-1,2,2,5,2,2,-2,-2,-5,-2,-2
0,1,35767,35770,107301,107302,107303,107306,107307,107308,214603,214604,214605,214606,214607,214610,214611,214612,214613,214614,1,-1,2,-2,1,3,1,-1,-3,-1,2,2,5,2,2,-2,-2,-5,-2,-2
0,1,35769,35772,107307,107308,107309,107312,107313,107314,214615,214616,214617,214618,214619,214622,214623,214624,214625,214626,1,-1,2,-2,1,3,1,-1,-3,-1,2,2,5,2,2,-2,-2,-5,-2,-2
0,1,35771,35774,107313,107314,107315,107318,107319,107320,214627,214628,214629,214630,214631,214634,214635,214636,214637,214638,1,-1,2,-2,1,3,1,-1,-3,-1,2,2,5,2,2,-2,-2,-5,-2,-2
0,1,35773,35776,107319,107320,107321,107324,107325,107326,214639,214640,214641,214642,214643,214646,214647,214648,214649,214650,1,-1,2,-2,1,3,1,-1,-3,-1,2,2,5,2,2,-2,-2,-5,-2,-2
0,1,35775,35778,107325,107326,107327,107330,107331,107332,214651,214652,214653,214654,214655,214658,214659,214660,214661,214662,1,-1,2,-2,1,3,1,-1,-3,-1,2,2,5,2,2,-2,-2,-5,-2,-2
0,1,35777,35780,107331,107332,107333,107336,107337,107338,214663,214664,214665,214666,214667,214670,214671,214672,214673,214674,1,-1,2,-2,1,3,1,-1,-3,-1,2,2,5,2,2,-2,-2,-5,-2,-2
0,1,35779,35782,107337,107338,107339,107342,107343,107344,214675,214676,214677,214678,214679,214682,214683,214684,214685,214686,1,-1,2,-2,1,3,1,-1,-3,-1,2,2,5,2,2,-2,-2,-5,-2,-2
0,1,35781,35784,107343,107344,107345,107348,107349,107350,214687,214688,214689,214690,214691,214694,214695,214696,214697,214698,1,-1,2,-2,1,3,1,-1,-3,-1,2,2,5,2,2,-2,-2,-5,-2,-2
0,1,35783,35786,107349,107350,107351,107354,107355,107356,214699,214700,214701,214702,214703,214706,214707,214708,214709,214710,1,-1,2,-2,1,3,1,-1,-3,-1,2,2,5,2,2,-2,-2,-5,-2,-2
0,1,35785,35788,107355,107356,107357,107360,107361,107362,214711,214712,214713,214714,214715,214718,214719,214720,214721,214722,1,-1,2,-2,1,3,1,-1,-3,-1,2,2,5,2,2,-2,-2,-5,-2,-2
0,1,35787,35790,107361,107362,107363,107366,107367,107368,214723,214724,214725,214726,214727,214730,214731,214732,214733,214734,1,-1,2,-2,1,3,1,-1,-3,-1,2,2,5,2,2,-2,-2,-5,-2,-2
0,1,35789,35792,107367,107368,107369,107372,107373,107374,214735,214736,214737,214738,214739,214742,214743,214744,214745,214746,1,-1,2,-2,1,3,1,-1,-3,-1,2,2,5,2,2,-2,-2,-5,-2,-2
0,1,35791,35794,107373,107374,107375,107378,107379,107380,214747,214748,214749,214750,214751,214754,214755,214756,214757,214758,1,-1,2,-2,1,3,1,-1,-3,-1,2,2,5,2,2,-2,-2,-5,-2,-2
0,1,35793,35796,107379,107380,107381,107384,107385,107386,214759,214760,214761,214762,214763,214766,214767,214768,214769,214770,1,-1,2,-2,1,3,1,-1,-3,-1,2,2,5,2,2,-2,-2,-5,-2,-2
0,1,35795,35798,107385,107386,107387,107390,107391,107392,214771,214772,214773,214774,214775,214778,214779,214780,214781,214782,1,-1,2,-2,1,3,1,-1,-3,-1,2,2,5,2,2,-2,-2,-5,-2,-2
0,1,35797,35800,107391,107392,107393,107396,107397,107398,214783,214784,214785,214786,214787,214790,214791,214792,214793,214794,1,-1,2,-2,1,3,1,-1,-3,-1,2,2,5,2,2,-2,-2,-5,-2,-2
0,1,35799,35802,107397,107398,107399,107402,107403,107404,214795,214796,214797,214798,214799,214802,214803,214804,214805,214806,1,-1,2,-2,1,3,1,-1,-3,-1,2,2,5,2,2,-2,-2,-5,-2,-2
0,1,35801,35804,107403,107404,107405,107408,107409,107410,214807,214808,214809,214810,214811,214814,214815,214816,214817,214818,1,-1,2,-2,1,3,1,-1,-3,-1,2,2,5,2,2,-2,-2,-5,-2,-2
0,1,35803,35806,107409,107410,107411,107414,107415,107416,214819,214820,214821,214822,214823,214826,214827,214828,214829,214830,1,-1,2,-2,1,3,1,-1,-3,-1,2,2,5,2,2,-2,-2,-5,-2,-2
0,1,35805,35808,107415,107416,107417,107420,107421,107422,214831,214832,214833,214834,214835,214838,214839,214840,214841,214842,1,-1,2,-2,1,3,1,-1,-3,-1,2,2,5,2,2,-2,-2,-5,-2,-2
0,1,35807,35810,107421,107422,107423,107426,107427,107428,214843,214844,214845,214846,214847,214850,214851,214852,214853,214854,1,-1,2,-2,1,3,1,-1,-3,-1,2,2,5,2,2,-2,-2,-5,-2,-2
0,1,35809,35812,107427,107428,107429,107432,107433,107434,214855,214856,214857,214858,214859,214862,214863,214864,214865,214866,1,-1,2,-2,1,3,1,-1,-3,-1,2,2,5,2,2,-2,-2,-5,-2,-2
0,1,35811,35814,107433,107434,107435,107438,107439,107440,214867,214868,214869,214870,214871,214874,214875,214876,214877,214878,1,-1,2,-2,1,3,1,-1,-3,-1,2,2,5,2,2,-2,-2,-5,-2,-2
0,1,35813,35816,107439,107440,107441,107444,107445,107446,214879,214880,214881,214882,214883,214886,214887,214888,214889,214890,1,-1,2,-2,1,3,1,-1,-3,-1,2,2,5,2,2,-2,-2,-5,-2,-2
0,1,35815,35818,107445,107446,107447,107450,107451,107452,214891,214892,214893,214894,214895,214898,214899,214900,214901,214902,1,-1,2,-2,1,3,1,-1,-3,-1,2,2,5,2,2,-2,-2,-5,-2,-2
0,1,35817,35820,107451,107452,107453,107456,107457,107458,214903,214904,214905,214906,214907,214910,214911,214912,214913,214914,1,-1,2,-2,1,3,1,-1,-3,-1,2,2,5,2,2,-2,-2,-5,-2,-2
0,1,35819,35822,107457,107458,107459,107462,107463,107464,214915,214916,214917,214918,214919,214922,214923,214924,214925,214926,1,-1,2,-2,1,3,1,-1,-3,-1,2,2,5,2,2,-2,-2,-5,-2,-2
0,1,35821,35824,107463,107464,107465,107468,107469,107470,214927,214928,214929,214930,214931,214934,214935,214936,214937,214938,1,-1,2,-2,1,3,1,-1,-3,-1,2,2,5,2,2,-2,-2,-5,-2,-2
0,1,35823,35826,107469,107470,107471,107474,107475,107476,214939,214940,214941,214942,214943,214946,214947,214948,214949,214950,1,-1,2,-2,1,3,1,-1,-3,-1,2,2,5,2,2,-2,-2,-5,-2,-2
0,1,35825,35828,107475,107476,107477,107480,107481,107482,214951,214952,214953,214954,214955,214958,214959,214960,214961,214962,1,-1,2,-2,1,3,1,-1,-3,-1,2,2,5,2,2,-2,-2,-5,-2,-2
0,1,35827,35830,107481,107482,107483,107486,107487,107488,214963,214964,214965,214966,214967,214970,214971,214972,214973,214974,1,-1,2,-2,1,3,1,-1,-3,-1,2,2,5,2,2,-2,-2,-5,-2,-2
0,1,35829,35832,107487,107488,107489,107492,107493,107494,214975,214976,214977,214978,214979,214982,214983,214984,214985,214986,1,-1,2,-2,1,3,1,-1,-3,-1,2,2,5,2,2,-2,-2,-5,-2,-2
0,1,35831,35834,107493,107494,107495,107498,107499,107500,214987,214988,214989,214990,214991,214994,214995,214996,214997,214998,1,-1,2,-2,1,3,1,-1,-3,-1,2,2,5,2,2,-2,-2,-5,-2,-2
0,1,35833,35836,107499,107500,107501,107504,107505,107506,214999,215000,215001,215002,215003,215006,215007,215008,215009,215010,1,-1,2,-2,1,3,1,-1,-3,-1,2,2,5,2,2,-2,-2,-5,-2,-2
0,1,35835,35838,107505,107506,107507,107510,107511,107512,215011,215012,215013,215014,215015,215018,215019,215020,215021,215022,1,-1,2,-2,1,3,1,-1,-3,-1,2,2,5,2,2,-2,-2,-5,-2,-2
0,1,35837,35840,107511,107512,107513,107516,107517,107518,215023,215024,215025,215026,215027,215030,215031,215032,215033,215034,1,-1,2,-2,1,3,1,-1,-3,-1,2,2,5,2,2,-2,-2,-5,-2,-2
0,1,35839,35842,107517,107518,107519,107522,107523,107524,215035,215036,215037,215038,215039,215042,215043,215044,215045,215046,1,-1,2,-2,1,3,1,-1,-3,-1,2,2,5,2,2,-2,-2,-5,-2,-2
0,1,35841,35844,107523,107524,107525,107528,107529,107530,215047,215048,215049,215050,215051,215054,215055,215056,215057,215058,1,-1,2,-2,1,3,1,-1,-3,-1,2,2,5,2,2,-2,-2,-5,-2,-2
0,1,35843,35846,107529,107530,107531,107534,107535,107536,215059,215060,215061,215062,215063,215066,215067,215068,215069,215070,1,-1,2,-2,1,3,1,-1,-3,-1,2,2,5,2,2,-2,-2,-5,-2,-2
0,1,35845,35848,107535,107536,107537,107540,107541,107542,215071,215072,215073,215074,215075,215078,215079,215080,215081,215082,1,-1,2,-2,1,3,1,-1,-3,-1,2,2,5,2,2,-2,-2,-5,-2,-2
0,1,35847,35850,107541,107542,107543,107546,107547,107548,215083,215084,215085,215086,215087,215090,215091,215092,215093,215094,1,-1,2,-2,1,3,1,-1,-3,-1,2,2,5,2,2,-2,-2,-5,-2,-2
0,1,35849,35852,107547,107548,107549,107552,107553,107554,215095,215096,215097,215098,215099,215102,215103,215104,215105,215106,1,-1,2,-2,1,3,1,-1,-3,-1,2,2,5,2,2,-2,-2,-5,-2,-2
0,1,35851,35854,107553,107554,107555,107558,107559,107560,215107,215108,215109,215110,215111,215114,215115,215116,215117,215118,1,-1,2,-2,1,3,1,-1,-3,-1,2,2,5,2,2,-2,-2,-5,-2,-2
0,1,35853,35856,107559,107560,107561,107564,107565,107566,215119,215120,215121,215122,215123,215126,215127,215128,215129,215130,1,-1,2,-2,1,3,1,-1,-3,-1,2,2,5,2,2,-2,-2,-5,-2,-2
0,1,35855,35858,107565,107566,107567,107570,107571,107572,215131,215132,215133,215134,215135,215138,215139,215140,215141,215142,1,-1,2,-2,1,3,1,-1,-3,-1,2,2,5,2,2,-2,-2,-5,-2,-2
0,1,35857,35860,107571,107572,107573,107576,107577,107578,215143,215144,215145,215146,215147,215150,215151,215152,215153,215154,1,-1,2,-2,1,3,1,-1,-3,-1,2,2,5,2,2,-2,-2,-5,-2,-2
0,1,35859,35862,107577,107578,107579,107582,107583,107584,215155,215156,215157,215158,215159,215162,215163,215164,215165,215166,1,-1,2,-2,1,3,1,-1,-3,-1,2,2,5,2,2,-2,-2,-5,-2,-2
0,1,35861,35864,107583,107584,107585,107588,107589,107590,215167,215168,215169,215170,215171,215174,215175,215176,215177,215178,1,-1,2,-2,1,3,1,-1,-3,-1,2,2,5,2,2,-2,-2,-5,-2,-2
0,1,35863,35866,107589,107590,107591,107594,107595,107596,215179,215180,215181,215182,215183,215186,215187,215188,215189,215190,1,-1,2,-2,1,3,1,-1,-3,-1,2,2,5,2,2,-2,-2,-5,-2,-2
0,1,35865,35868,107595,107596,107597,107600,107601,107602,215191,215192,215193,215194,215195,215198,215199,215200,215201,215202,1,-1,2,-2,1,3,1,-1,-3,-1,2,2,5,2,2,-2,-2,-5,-2,-2
0,1,35867,35870,107601,107602,107603,107606,107607,107608,215203,215204,215205,215206,215207,215210,215211,215212,215213,215214,1,-1,2,-2,1,3,1,-1,-3,-1,2,2,5,2,2,-2,-2,-5,-2,-2
0,1,35869,35872,107607,107608,107609,107612,107613,107614,215215,215216,215217,215218,215219,215222,215223,215224,215225,215226,1,-1,2,-2,1,3,1,-1,-3,-1,2,2,5,2,2,-2,-2,-5,-2,-2
0,1,35871,35874,107613,107614,107615,107618,107619,107620,215227,215228,215229,215230,215231,215234,215235,215236,215237,215238,1,-1,2,-2,1,3,1,-1,-3,-1,2,2,5,2,2,-2,-2,-5,-2,-2
0,1,35873,35876,107619,107620,107621,107624,107625,107626,215239,215240,215241,215242,215243,215246,215247,215248,215249,215250,1,-1,2,-2,1,3,1,-1,-3,-1,2,2,5,2,2,-2,-2,-5,-2,-2
0,1,35875,35878,107625,107626,107627,107630,107631,107632,215251,215252,215253,215254,215255,215258,215259,215260,215261,215262,1,-1,2,-2,1,3,1,-1,-3,-1,2,2,5,2,2,-2,-2,-5,-2,-2
0,1,35877,35880,107631,107632,107633,107636,107637,107638,215263,215264,215265,215266,215267,215270,215271,215272,215273,215274,1,-1,2,-2,1,3,1,-1,-3,-1,2,2,5,2,2,-2,-2,-5,-2,-2
0,1,35879,35882,107637,107638,107639,107642,107643,107644,215275,215276,215277,215278,215279,215282,215283,215284,215285,215286,1,-1,2,-2,1,3,1,-1,-3,-1,2,2,5,2,2,-2,-2,-5,-2,-2
0,1,35881,35884,107643,107644,107645,107648,107649,107650,215287,215288,215289,215290,215291,215294,215295,215296,215297,215298,1,-1,2,-2,1,3,1,-1,-3,-1,2,2,5,2,2,-2,-2,-5,-2,-2
0,1,35883,35886,107649,107650,107651,107654,107655,107656,215299,215300,215301,215302,215303,215306,215307,215308,215309,215310,1,-1,2,-2,1,3,1,-1,-3,-1,2,2,5,2,2,-2,-2,-5,-2,-2
0,1,35885,35888,107655,107656,107657,107660,107661,107662,215311,215312,215313,215314,215315,215318,215319,215320,215321,215322,1,-1,2,-2,1,3,1,-1,-3,-1,2,2,5,2,2,-2,-2,-5,-2,-2
0,1,35887,35890,107661,107662,107663,107666,107667,107668,215323,215324,215325,215326,215327,215330,215331,215332,215333,215334,1,-1,2,-2,1,3,1,-1,-3,-1,2,2,5,2,2,-2,-2,-5,-2,-2
0,1,35889,35892,107667,107668,107669,107672,107673,107674,215335,215336,215337,215338,215339,215342,215343,215344,215345,215346,1,-1,2,-2,1,3,1,-1,-3,-1,2,2,5,2,2,-2,-2,-5,-2,-2
0,1,35891,35894,107673,107674,107675,107678,107679,107680,215347,215348,215349,215350,215351,215354,215355,215356,215357,215358,1,-1,2,-2,1,3,1,-1,-3,-1,2,2,5,2,2,-2,-2,-5,-2,-2
0,1,35893,35896,107679,107680,107681,107684,107685,107686,215359,215360,215361,215362,215363,215366,215367,215368,215369,215370,1,-1,2,-2,1,3,1,-1,-3,-1,2,2,5,2,2,-2,-2,-5,-2,-2
0,1,35895,35898,107685,107686,107687,107690,107691,107692,215371,215372,215373,215374,215375,215378,215379,215380,215381,215382,1,-1,2,-2,1,3,1,-1,-3,-1,2,2,5,2,2,-2,-2,-5,-2,-2
0,1,35897,35900,107691,107692,107693,107696,107697,107698,215383,215384,215385,215386,215387,215390,215391,215392,215393,215394,1,-1,2,-2,1,3,1,-1,-3,-1,2,2,5,2,2,-2,-2,-5,-2,-2
0,1,35899,35902,107697,107698,107699,107702,107703,107704,215395,215396,215397,215398,215399,215402,215403,215404,215405,215406,1,-1,2,-2,1,3,1,-1,-3,-1,2,2,5,2,2,-2,-2,-5,-2,-2
0,1,35901,35904,107703,107704,107705,107708,107709,107710,215407,215408,215409,215410,215411,215414,215415,215416,215417,215418,1,-1,2,-2,1,3,1,-1,-3,-1,2,2,5,2,2,-2,-2,-5,-2,-2
0,1,35903,35906,107709,107710,107711,107714,107715,107716,215419,215420,215421,215422,215423,215426,215427,215428,215429,215430,1,-1,2,-2,1,3,1,-1,-3,-1,2,2,5,2,2,-2,-2,-5,-2,-2
0,1,35905,35908,107715,107716,107717,107720,107721,107722,215431,215432,215433,215434,215435,215438,215439,215440,215441,215442,1,-1,2,-2,1,3,1,-1,-3,-1,2,2,5,2,2,-2,-2,-5,-2,-2
0,1,35907,35910,107721,107722,107723,107726,107727,107728,215443,215444,215445,215446,215447,215450,215451,215452,215453,215454,1,-1,2,-2,1,3,1,-1,-3,-1,2,2,5,2,2,-2,-2,-5,-2,-2
0,1,35909,35912,107727,107728,107729,107732,107733,107734,215455,215456,215457,215458,215459,215462,215463,215464,215465,215466,1,-1,2,-2,1,3,1,-1,-3,-1,2,2,5,2,2,-2,-2,-5,-2,-2
0,1,35911,35914,107733,107734,107735,107738,107739,107740,215467,215468,215469,215470,215471,215474,215475,215476,215477,215478,1,-1,2,-2,1,3,1,-1,-3,-1,2,2,5,2,2,-2,-2,-5,-2,-2
0,1,35913,35916,107739,107740,107741,107744,107745,107746,215479,215480,215481,215482,215483,215486,215487,215488,215489,215490,1,-1,2,-2,1,3,1,-1,-3,-1,2,2,5,2,2,-2,-2,-5,-2,-2
0,1,35915,35918,107745,107746,107747,107750,107751,107752,215491,215492,215493,215494,215495,215498,215499,215500,215501,215502,1,-1,2,-2,1,3,1,-1,-3,-1,2,2,5,2,2,-2,-2,-5,-2,-2
0,1,35917,35920,107751,107752,107753,107756,107757,107758,215503,215504,215505,215506,215507,215510,215511,215512,215513,215514,1,-1,2,-2,1,3,1,-1,-3,-1,2,2,5,2,2,-2,-2,-5,-2,-2
0,1,35919,35922,107757,107758,107759,107762,107763,107764,215515,215516,215517,215518,215519,215522,215523,215524,215525,215526,1,-1,2,-2,1,3,1,-1,-3,-1,2,2,5,2,2,-2,-2,-5,-2,-2
0,1,35921,35924,107763,107764,107765,107768,107769,107770,215527,215528,215529,215530,215531,215534,215535,215536,215537,215538,1,-1,2,-2,1,3,1,-1,-3,-1,2,2,5,2,2,-2,-2,-5,-2,-2
0,1,35923,35926,107769,107770,107771,107774,107775,107776,215539,215540,215541,215542,215543,215546,215547,215548,215549,215550,1,-1,2,-2,1,3,1,-1,-3,-1,2,2,5,2,2,-2,-2,-5,-2,-2
0,1,35925,35928,107775,107776,107777,107780,107781,107782,215551,215552,215553,215554,215555,215558,215559,215560,215561,215562,1,-1,2,-2,1,3,1,-1,-3,-1,2,2,5,2,2,-2,-2,-5,-2,-2
0,1,35927,35930,107781,107782,107783,107786,107787,107788,215563,215564,215565,215566,215567,215570,215571,215572,215573,215574,1,-1,2,-2,1,3,1,-1,-3,-1,2,2,5,2,2,-2,-2,-5,-2,-2
0,1,35929,35932,107787,107788,107789,107792,107793,107794,215575,215576,215577,215578,215579,215582,215583,215584,215585,215586,1,-1,2,-2,1,3,1,-1,-3,-1,2,2,5,2,2,-2,-2,-5,-2,-2
0,1,35931,35934,107793,107794,107795,107798,107799,107800,215587,215588,215589,215590,215591,215594,215595,215596,215597,215598,1,-1,2,-2,1,3,1,-1,-3,-1,2,2,5,2,2,-2,-2,-5,-2,-2
0,1,35933,35936,107799,107800,107801,107804,107805,107806,215599,215600,215601,215602,215603,215606,215607,215608,215609,215610,1,-1,2,-2,1,3,1,-1,-3,-1,2,2,5,2,2,-2,-2,-5,-2,-2
0,1,35935,35938,107805,107806,107807,107810,107811,107812,215611,215612,215613,215614,215615,215618,215619,215620,215621,215622,1,-1,2,-2,1,3,1,-1,-3,-1,2,2,5,2,2,-2,-2,-5,-2,-2
0,1,35937,35940,107811,107812,107813,107816,107817,107818,215623,215624,215625,215626,215627,215630,215631,215632,215633,215634,1,-1,2,-2,1,3,1,-1,-3,-1,2,2,5,2,2,-2,-2,-5,-2,-2
0,1,35939,35942,107817,107818,107819,107822,107823,107824,215635,215636,215637,215638,215639,215642,215643,215644,215645,215646,1,-1,2,-2,1,3,1,-1,-3,-1,2,2,5,2,2,-2,-2,-5,-2,-2
0,1,35941,35944,107823,107824,107825,107828,107829,107830,215647,215648,215649,215650,215651,215654,215655,215656,215657,215658,1,-1,2,-2,1,3,1,-1,-3,-1,2,2,5,2,2,-2,-2,-5,-2,-2
0,1,35943,35946,107829,107830,107831,107834,107835,107836,215659,215660,215661,215662,215663,215666,215667,215668,215669,215670,1,-1,2,-2,1,3,1,-1,-3,-1,2,2,5,2,2,-2,-2,-5,-2,-2
0,1,35945,35948,107835,107836,107837,107840,107841,107842,215671,215672,215673,215674,215675,215678,215679,215680,215681,215682,1,-1,2,-2,1,3,1,-1,-3,-1,2,2,5,2,2,-2,-2,-5,-2,-2
0,1,35947,35950,107841,107842,107843,107846,107847,107848,215683,215684,215685,215686,215687,215690,215691,215692,215693,215694,1,-1,2,-2,1,3,1,-1,-3,-1,2,2,5,2,2,-2,-2,-5,-2,-2
0,1,35949,35952,107847,107848,107849,107852,107853,107854,215695,215696,215697,215698,215699,215702,215703,215704,215705,215706,1,-1,2,-2,1,3,1,-1,-3,-1,2,2,5,2,2,-2,-2,-5,-2,-2
0,1,35951,35954,107853,107854,107855,107858,107859,107860,215707,215708,215709,215710,215711,215714,215715,215716,215717,215718,1,-1,2,-2,1,3,1,-1,-3,-1,2,2,5,2,2,-2,-2,-5,-2,-2
0,1,35953,35956,107859,107860,107861,107864,107865,107866,215719,215720,215721,215722,215723,215726,215727,215728,215729,215730,1,-1,2,-2,1,3,1,-1,-3,-1,2,2,5,2,2,-2,-2,-5,-2,-2
0,1,35955,35958,107865,107866,107867,107870,107871,107872,215731,215732,215733,215734,215735,215738,215739,215740,215741,215742,1,-1,2,-2,1,3,1,-1,-3,-1,2,2,5,2,2,-2,-2,-5,-2,-2
0,1,35957,35960,107871,107872,107873,107876,107877,107878,215743,215744,215745,215746,215747,215750,215751,215752,215753,215754,1,-1,2,-2,1,3,1,-1,-3,-1,2,2,5,2,2,-2,-2,-5,-2,-2
0,1,35959,35962,107877,107878,107879,107882,107883,107884,215755,215756,215757,215758,215759,215762,215763,215764,215765,215766,1,-1,2,-2,1,3,1,-1,-3,-1,2,2,5,2,2,-2,-2,-5,-2,-2
0,1,35961,35964,107883,107884,107885,107888,107889,107890,215767,215768,215769,215770,215771,215774,215775,215776,215777,215778,1,-1,2,-2,1,3,1,-1,-3,-1,2,2,5,2,2,-2,-2,-5,-2,-2
0,1,35963,35966,107889,107890,107891,107894,107895,107896,215779,215780,215781,215782,215783,215786,215787,215788,215789,215790,1,-1,2,-2,1,3,1,-1,-3,-1,2,2,5,2,2,-2,-2,-5,-2,-2
0,1,35965,35968,107895,107896,107897,107900,107901,107902,215791,215792,215793,215794,215795,215798,215799,215800,215801,215802,1,-1,2,-2,1,3,1,-1,-3,-1,2,2,5,2,2,-2,-2,-5,-2,-2
0,1,35967,35970,107901,107902,107903,107906,107907,107908,215803,215804,215805,215806,215807,215810,215811,215812,215813,215814,1,-1,2,-2,1,3,1,-1,-3,-1,2,2,5,2,2,-2,-2,-5,-2,-2
0,1,35969,35972,107907,107908,107909,107912,107913,107914,215815,215816,215817,215818,215819,215822,215823,215824,215825,215826,1,-1,2,-2,1,3,1,-1,-3,-1,2,2,5,2,2,-2,-2,-5,-2,-2
0,1,35971,35974,107913,107914,107915,107918,107919,107920,215827,215828,215829,215830,215831,215834,215835,215836,215837,215838,1,-1,2,-2,1,3,1,-1,-3,-1,2,2,5,2,2,-2,-2,-5,-2,-2
0,1,35973,35976,107919,107920,107921,107924,107925,107926,215839,215840,215841,215842,215843,215846,215847,215848,215849,215850,1,-1,2,-2,1,3,1,-1,-3,-1,2,2,5,2,2,-2,-2,-5,-2,-2
0,1,35975,35978,107925,107926,107927,107930,107931,107932,215851,215852,215853,215854,215855,215858,215859,215860,215861,215862,1,-1,2,-2,1,3,1,-1,-3,-1,2,2,5,2,2,-2,-2,-5,-2,-2
0,1,35977,35980,107931,107932,107933,107936,107937,107938,215863,215864,215865,215866,215867,215870,215871,215872,215873,215874,1,-1,2,-2,1,3,1,-1,-3,-1,2,2,5,2,2,-2,-2,-5,-2,-2
0,1,35979,35982,107937,107938,107939,107942,107943,107944,215875,215876,215877,215878,215879,215882,215883,215884,215885,215886,1,-1,2,-2,1,3,1,-1,-3,-1,2,2,5,2,2,-2,-2,-5,-2,-2
0,1,35981,35984,107943,107944,107945,107948,107949,107950,215887,215888,215889,215890,215891,215894,215895,215896,215897,215898,1,-1,2,-2,1,3,1,-1,-3,-1,2,2,5,2,2,-2,-2,-5,-2,-2
0,1,35983,35986,107949,107950,107951,107954,107955,107956,215899,215900,215901,215902,215903,215906,215907,215908,215909,215910,1,-1,2,-2,1,3,1,-1,-3,-1,2,2,5,2,2,-2,-2,-5,-2,-2
0,1,35985,35988,107955,107956,107957,107960,107961,107962,215911,215912,215913,215914,215915,215918,215919,215920,215921,215922,1,-1,2,-2,1,3,1,-1,-3,-1,2,2,5,2,2,-2,-2,-5,-2,-2
0,1,35987,35990,107961,107962,107963,107966,107967,107968,215923,215924,215925,215926,215927,215930,215931,215932,215933,215934,1,-1,2,-2,1,3,1,-1,-3,-1,2,2,5,2,2,-2,-2,-5,-2,-2
0,1,35989,35992,107967,107968,107969,107972,107973,107974,215935,215936,215937,215938,215939,215942,215943,215944,215945,215946,1,-1,2,-2,1,3,1,-1,-3,-1,2,2,5,2,2,-2,-2,-5,-2,-2
0,1,35991,35994,107973,107974,107975,107978,107979,107980,215947,215948,215949,215950,215951,215954,215955,215956,215957,215958,1,-1,2,-2,1,3,1,-1,-3,-1,2,2,5,2,2,-2,-2,-5,-2,-2
0,1,35993,35996,107979,107980,107981,107984,107985,107986,215959,215960,215961,215962,215963,215966,215967,215968,215969,215970,1,-1,2,-2,1,3,1,-1,-3,-1,2,2,5,2,2,-2,-2,-5,-2,-2
0,1,35995,35998,107985,107986,107987,107990,107991,107992,215971,215972,215973,215974,215975,215978,215979,215980,215981,215982,1,-1,2,-2,1,3,1,-1,-3,-1,2,2,5,2,2,-2,-2,-5,-2,-2
0,1,35997,36000,107991,107992,107993,107996,107997,107998,215983,215984,215985,215986,215987,215990,215991,215992,215993,215994,1,-1,2,-2,1,3,1,-1,-3,-1,2,2,5,2,2,-2,-2,-5,-2,-2
0,1,35999,36002,107997,107998,107999,108002,108003,108004,215995,215996,215997,215998,215999,216002,216003,216004,216005,216006,1,-1,2,-2,1,3,1,-1,-3,-1,2,2,5,2,2,-2,-2,-5,-2,-2
0,1,36001,36004,108003,108004,108005,108008,108009,108010,216007,216008,216009,216010,216011,216014,216015,216016,216017,216018,1,-1,2,-2,1,3,1,-1,-3,-1,2,2,5,2,2,-2,-2,-5,-2,-2
0,1,36003,36006,108009,108010,108011,108014,108015,108016,216019,216020,216021,216022,216023,216026,216027,216028,216029,216030,1,-1,2,-2,1,3,1,-1,-3,-1,2,2,5,2,2,-2,-2,-5,-2,-2
0,1,36005,36008,108015,108016,108017,108020,108021,108022,216031,216032,216033,216034,216035,216038,216039,216040,216041,216042,1,-1,2,-2,1,3,1,-1,-3,-1,2,2,5,2,2,-2,-2,-5,-2,-2
0,1,36007,36010,108021,108022,108023,108026,108027,108028,216043,216044,216045,216046,216047,216050,216051,216052,216053,216054,1,-1,2,-2,1,3,1,-1,-3,-1,2,2,5,2,2,-2,-2,-5,-2,-2
0,1,36009,36012,108027,108028,108029,108032,108033,108034,216055,216056,216057,216058,216059,216062,216063,216064,216065,216066,1,-1,2,-2,1,3,1,-1,-3,-1,2,2,5,2,2,-2,-2,-5,-2,-2
0,1,36011,36014,108033,108034,108035,108038,108039,108040,216067,216068,216069,216070,216071,216074,216075,216076,216077,216078,1,-1,2,-2,1,3,1,-1,-3,-1,2,2,5,2,2,-2,-2,-5,-2,-2
0,1,36013,36016,108039,108040,108041,108044,108045,108046,216079,216080,216081,216082,216083,216086,216087,216088,216089,216090,1,-1,2,-2,1,3,1,-1,-3,-1,2,2,5,2,2,-2,-2,-5,-2,-2
0,1,36015,36018,108045,108046,108047,108050,108051,108052,216091,216092,216093,216094,216095,216098,216099,216100,216101,216102,1,-1,2,-2,1,3,1,-1,-3,-1,2,2,5,2,2,-2,-2,-5,-2,-2
0,1,36017,36020,108051,108052,108053,108056,108057,108058,216103,216104,216105,216106,216107,216110,216111,216112,216113,216114,1,-1,2,-2,1,3,1,-1,-3,-1,2,2,5,2,2,-2,-2,-5,-2,-2
0,1,36019,36022,108057,108058,108059,108062,108063,108064,216115,216116,216117,216118,216119,216122,216123,216124,216125,216126,1,-1,2,-2,1,3,1,-1,-3,-1,2,2,5,2,2,-2,-2,-5,-2,-2
0,1,36021,36024,108063,108064,108065,108068,108069,108070,216127,216128,216129,216130,216131,216134,216135,216136,216137,216138,1,-1,2,-2,1,3,1,-1,-3,-1,2,2,5,2,2,-2,-2,-5,-2,-2
0,1,36023,36026,108069,108070,108071,108074,108075,108076,216139,216140,216141,216142,216143,216146,216147,216148,216149,216150,1,-1,2,-2,1,3,1,-1,-3,-1,2,2,5,2,2,-2,-2,-5,-2,-2
0,1,36025,36028,108075,108076,108077,108080,108081,108082,216151,216152,216153,216154,216155,216158,216159,216160,216161,216162,1,-1,2,-2,1,3,1,-1,-3,-1,2,2,5,2,2,-2,-2,-5,-2,-2
0,1,36027,36030,108081,108082,108083,108086,108087,108088,216163,216164,216165,216166,216167,216170,216171,216172,216173,216174,1,-1,2,-2,1,3,1,-1,-3,-1,2,2,5,2,2,-2,-2,-5,-2,-2
0,1,36029,36032,108087,108088,108089,108092,108093,108094,216175,216176,216177,216178,216179,216182,216183,216184,216185,216186,1,-1,2,-2,1,3,1,-1,-3,-1,2,2,5,2,2,-2,-2,-5,-2,-2
0,1,36031,36034,108093,108094,108095,108098,108099,108100,216187,216188,216189,216190,216191,216194,216195,216196,216197,216198,1,-1,2,-2,1,3,1,-1,-3,-1,2,2,5,2,2,-2,-2,-5,-2,-2
0,1,36033,36036,108099,108100,108101,108104,108105,108106,216199,216200,216201,216202,216203,216206,216207,216208,216209,216210,1,-1,2,-2,1,3,1,-1,-3,-1,2,2,5,2,2,-2,-2,-5,-2,-2
0,1,36035,36038,108105,108106,108107,108110,108111,108112,216211,216212,216213,216214,216215,216218,216219,216220,216221,216222,1,-1,2,-2,1,3,1,-1,-3,-1,2,2,5,2,2,-2,-2,-5,-2,-2
0,1,36037,36040,108111,108112,108113,108116,108117,108118,216223,216224,216225,216226,216227,216230,216231,216232,216233,216234,1,-1,2,-2,1,3,1,-1,-3,-1,2,2,5,2,2,-2,-2,-5,-2,-2
0,1,36039,36042,108117,108118,108119,108122,108123,108124,216235,216236,216237,216238,216239,216242,216243,216244,216245,216246,1,-1,2,-2,1,3,1,-1,-3,-1,2,2,5,2,2,-2,-2,-5,-2,-2
0,1,36041,36044,108123,108124,108125,108128,108129,108130,216247,216248,216249,216250,216251,216254,216255,216256,216257,216258,1,-1,2,-2,1,3,1,-1,-3,-1,2,2,5,2,2,-2,-2,-5,-2,-2
0,1,36043,36046,108129,108130,108131,108134,108135,108136,216259,216260,216261,216262,216263,216266,216267,216268,216269,216270,1,-1,2,-2,1,3,1,-1,-3,-1,2,2,5,2,2,-2,-2,-5,-2,-2
0,1,36045,36048,108135,108136,108137,108140,108141,108142,216271,216272,216273,216274,216275,216278,216279,216280,216281,216282,1,-1,2,-2,1,3,1,-1,-3,-1,2,2,5,2,2,-2,-2,-5,-2,-2
0,1,36047,36050,108141,108142,108143,108146,108147,108148,216283,216284,216285,216286,216287,216290,216291,216292,216293,216294,1,-1,2,-2,1,3,1,-1,-3,-1,2,2,5,2,2,-2,-2,-5,-2,-2
0,1,36049,36052,108147,108148,108149,108152,108153,108154,216295,216296,216297,216298,216299,216302,216303,216304,216305,216306,1,-1,2,-2,1,3,1,-1,-3,-1,2,2,5,2,2,-2,-2,-5,-2,-2
0,1,36051,36054,108153,108154,108155,108158,108159,108160,216307,216308,216309,216310,216311,216314,216315,216316,216317,216318,1,-1,2,-2,1,3,1,-1,-3,-1,2,2,5,2,2,-2,-2,-5,-2,-2
0,1,36053,36056,108159,108160,108161,108164,108165,108166,216319,216320,216321,216322,216323,216326,216327,216328,216329,216330,1,-1,2,-2,1,3,1,-1,-3,-1,2,2,5,2,2,-2,-2,-5,-2,-2
0,1,36055,36058,108165,108166,108167,108170,108171,108172,216331,216332,216333,216334,216335,216338,216339,216340,216341,216342,1,-1,2,-2,1,3,1,-1,-3,-1,2,2,5,2,2,-2,-2,-5,-2,-2
0,1,36057,36060,108171,108172,108173,108176,108177,108178,216343,216344,216345,216346,216347,216350,216351,216352,216353,216354,1,-1,2,-2,1,3,1,-1,-3,-1,2,2,5,2,2,-2,-2,-5,-2,-2
0,1,36059,36062,108177,108178,108179,108182,108183,108184,216355,216356,216357,216358,216359,216362,216363,216364,216365,216366,1,-1,2,-2,1,3,1,-1,-3,-1,2,2,5,2,2,-2,-2,-5,-2,-2
0,1,36061,36064,108183,108184,108185,108188,108189,108190,216367,216368,216369,216370,216371,216374,216375,216376,216377,216378,1,-1,2,-2,1,3,1,-1,-3,-1,2,2,5,2,2,-2,-2,-5,-2,-2
0,1,36063,36066,108189,108190,108191,108194,108195,108196,216379,216380,216381,216382,216383,216386,216387,216388,216389,216390,1,-1,2,-2,1,3,1,-1,-3,-1,2,2,5,2,2,-2,-2,-5,-2,-2
0,1,36065,36068,108195,108196,108197,108200,108201,108202,216391,216392,216393,216394,216395,216398,216399,216400,216401,216402,1,-1,2,-2,1,3,1,-1,-3,-1,2,2,5,2,2,-2,-2,-5,-2,-2
0,1,36067,36070,108201,108202,108203,108206,108207,108208,216403,216404,216405,216406,216407,216410,216411,216412,216413,216414,1,-1,2,-2,1,3,1,-1,-3,-1,2,2,5,2,2,-2,-2,-5,-2,-2
0,1,36069,36072,108207,108208,108209,108212,108213,108214,216415,216416,216417,216418,216419,216422,216423,216424,216425,216426,1,-1,2,-2,1,3,1,-1,-3,-1,2,2,5,2,2,-2,-2,-5,-2,-2
0,1,36071,36074,108213,108214,108215,108218,108219,108220,216427,216428,216429,216430,216431,216434,216435,216436,216437,216438,1,-1,2,-2,1,3,1,-1,-3,-1,2,2,5,2,2,-2,-2,-5,-2,-2
0,1,36073,36076,108219,108220,108221,108224,108225,108226,216439,216440,216441,216442,216443,216446,216447,216448,216449,216450,1,-1,2,-2,1,3,1,-1,-3,-1,2,2,5,2,2,-2,-2,-5,-2,-2
0,1,36075,36078,108225,108226,108227,108230,108231,108232,216451,216452,216453,216454,216455,216458,216459,216460,216461,216462,1,-1,2,-2,1,3,1,-1,-3,-1,2,2,5,2,2,-2,-2,-5,-2,-2
0,1,36077,36080,108231,108232,108233,108236,108237,108238,216463,216464,216465,216466,216467,216470,216471,216472,216473,216474,1,-1,2,-2,1,3,1,-1,-3,-1,2,2,5,2,2,-2,-2,-5,-2,-2
0,1,36079,36082,108237,108238,108239,108242,108243,108244,216475,216476,216477,216478,216479,216482,216483,216484,216485,216486,1,-1,2,-2,1,3,1,-1,-3,-1,2,2,5,2,2,-2,-2,-5,-2,-2
0,1,36081,36084,108243,108244,108245,108248,108249,108250,216487,216488,216489,216490,216491,216494,216495,216496,216497,216498,1,-1,2,-2,1,3,1,-1,-3,-1,2,2,5,2,2,-2,-2,-5,-2,-2
0,1,36083,36086,108249,108250,108251,108254,108255,108256,216499,216500,216501,216502,216503,216506,216507,216508,216509,216510,1,-1,2,-2,1,3,1,-1,-3,-1,2,2,5,2,2,-2,-2,-5,-2,-2
0,1,36085,36088,108255,108256,108257,108260,108261,108262,216511,216512,216513,216514,216515,216518,216519,216520,216521,216522,1,-1,2,-2,1,3,1,-1,-3,-1,2,2,5,2,2,-2,-2,-5,-2,-2
0,1,36087,36090,108261,108262,108263,108266,108267,108268,216523,216524,216525,216526,216527,216530,216531,216532,216533,216534,1,-1,2,-2,1,3,1,-1,-3,-1,2,2,5,2,2,-2,-2,-5,-2,-2
0,1,36089,36092,108267,108268,108269,108272,108273,108274,216535,216536,216537,216538,216539,216542,216543,216544,216545,216546,1,-1,2,-2,1,3,1,-1,-3,-1,2,2,5,2,2,-2,-2,-5,-2,-2
0,1,36091,36094,108273,108274,108275,108278,108279,108280,216547,216548,216549,216550,216551,216554,216555,216556,216557,216558,1,-1,2,-2,1,3,1,-1,-3,-1,2,2,5,2,2,-2,-2,-5,-2,-2
0,1,36093,36096,108279,108280,108281,108284,108285,108286,216559,216560,216561,216562,216563,216566,216567,216568,216569,216570,1,-1,2,-2,1,3,1,-1,-3,-1,2,2,5,2,2,-2,-2,-5,-2,-2
0,1,36095,36098,108285,108286,108287,108290,108291,108292,216571,216572,216573,216574,216575,216578,216579,216580,216581,216582,1,-1,2,-2,1,3,1,-1,-3,-1,2,2,5,2,2,-2,-2,-5,-2,-2
0,1,36097,36100,108291,108292,108293,108296,108297,108298,216583,216584,216585,216586,216587,216590,216591,216592,216593,216594,1,-1,2,-2,1,3,1,-1,-3,-1,2,2,5,2,2,-2,-2,-5,-2,-2
0,1,36099,36102,108297,108298,108299,108302,108303,108304,216595,216596,216597,216598,216599,216602,216603,216604,216605,216606,1,-1,2,-2,1,3,1,-1,-3,-1,2,2,5,2,2,-2,-2,-5,-2,-2
0,1,36101,36104,108303,108304,108305,108308,108309,108310,216607,216608,216609,216610,216611,216614,216615,216616,216617,216618,1,-1,2,-2,1,3,1,-1,-3,-1,2,2,5,2,2,-2,-2,-5,-2,-2
0,1,36103,36106,108309,108310,108311,108314,108315,108316,216619,216620,216621,216622,216623,216626,216627,216628,216629,216630,1,-1,2,-2,1,3,1,-1,-3,-1,2,2,5,2,2,-2,-2,-5,-2,-2
0,1,36105,36108,108315,108316,108317,108320,108321,108322,216631,216632,216633,216634,216635,216638,216639,216640,216641,216642,1,-1,2,-2,1,3,1,-1,-3,-1,2,2,5,2,2,-2,-2,-5,-2,-2
0,1,36107,36110,108321,108322,108323,108326,108327,108328,216643,216644,216645,216646,216647,216650,216651,216652,216653,216654,1,-1,2,-2,1,3,1,-1,-3,-1,2,2,5,2,2,-2,-2,-5,-2,-2
0,1,36109,36112,108327,108328,108329,108332,108333,108334,216655,216656,216657,216658,216659,216662,216663,216664,216665,216666,1,-1,2,-2,1,3,1,-1,-3,-1,2,2,5,2,2,-2,-2,-5,-2,-2
0,1,36111,36114,108333,108334,108335,108338,108339,108340,216667,216668,216669,216670,216671,216674,216675,216676,216677,216678,1,-1,2,-2,1,3,1,-1,-3,-1,2,2,5,2,2,-2,-2,-5,-2,-2
0,1,36113,36116,108339,108340,108341,108344,108345,108346,216679,216680,216681,216682,216683,216686,216687,216688,216689,216690,1,-1,2,-2,1,3,1,-1,-3,-1,2,2,5,2,2,-2,-2,-5,-2,-2
0,1,36115,36118,108345,108346,108347,108350,108351,108352,216691,216692,216693,216694,216695,216698,216699,216700,216701,216702,1,-1,2,-2,1,3,1,-1,-3,-1,2,2,5,2,2,-2,-2,-5,-2,-2
0,1,36117,36120,108351,108352,108353,108356,108357,108358,216703,216704,216705,216706,216707,216710,216711,216712,216713,216714,1,-1,2,-2,1,3,1,-1,-3,-1,2,2,5,2,2,-2,-2,-5,-2,-2
0,1,36119,36122,108357,108358,108359,108362,108363,108364,216715,216716,216717,216718,216719,216722,216723,216724,216725,216726,1,-1,2,-2,1,3,1,-1,-3,-1,2,2,5,2,2,-2,-2,-5,-2,-2
0,1,36121,36124,108363,108364,108365,108368,108369,108370,216727,216728,216729,216730,216731,216734,216735,216736,216737,216738,1,-1,2,-2,1,3,1,-1,-3,-1,2,2,5,2,2,-2,-2,-5,-2,-2
0,1,36123,36126,108369,108370,108371,108374,108375,108376,216739,216740,216741,216742,216743,216746,216747,216748,216749,216750,1,-1,2,-2,1,3,1,-1,-3,-1,2,2,5,2,2,-2,-2,-5,-2,-2
0,1,36125,36128,108375,108376,108377,108380,108381,108382,216751,216752,216753,216754,216755,216758,216759,216760,216761,216762,1,-1,2,-2,1,3,1,-1,-3,-1,2,2,5,2,2,-2,-2,-5,-2,-2
0,1,36127,36130,108381,108382,108383,108386,108387,108388,216763,216764,216765,216766,216767,216770,216771,216772,216773,216774,1,-1,2,-2,1,3,1,-1,-3,-1,2,2,5,2,2,-2,-2,-5,-2,-2
0,1,36129,36132,108387,108388,108389,108392,108393,108394,216775,216776,216777,216778,216779,216782,216783,216784,216785,216786,1,-1,2,-2,1,3,1,-1,-3,-1,2,2,5,2,2,-2,-2,-5,-2,-2
0,1,36131,36134,108393,108394,108395,108398,108399,108400,216787,216788,216789,216790,216791,216794,216795,216796,216797,216798,1,-1,2,-2,1,3,1,-1,-3,-1,2,2,5,2,2,-2,-2,-5,-2,-2
0,1,36133,36136,108399,108400,108401,108404,108405,108406,216799,216800,216801,216802,216803,216806,216807,216808,216809,216810,1,-1,2,-2,1,3,1,-1,-3,-1,2,2,5,2,2,-2,-2,-5,-2,-2
0,1,36135,36138,108405,108406,108407,108410,108411,108412,216811,216812,216813,216814,216815,216818,216819,216820,216821,216822,1,-1,2,-2,1,3,1,-1,-3,-1,2,2,5,2,2,-2,-2,-5,-2,-2
0,1,36137,36140,108411,108412,108413,108416,108417,108418,216823,216824,216825,216826,216827,216830,216831,216832,216833,216834,1,-1,2,-2,1,3,1,-1,-3,-1,2,2,5,2,2,-2,-2,-5,-2,-2
0,1,36139,36142,108417,108418,108419,108422,108423,108424,216835,216836,216837,216838,216839,216842,216843,216844,216845,216846,1,-1,2,-2,1,3,1,-1,-3,-1,2,2,5,2,2,-2,-2,-5,-2,-2
0,1,36141,36144,108423,108424,108425,108428,108429,108430,216847,216848,216849,216850,216851,216854,216855,216856,216857,216858,1,-1,2,-2,1,3,1,-1,-3,-1,2,2,5,2,2,-2,-2,-5,-2,-2
0,1,36143,36146,108429,108430,108431,108434,108435,108436,216859,216860,216861,216862,216863,216866,216867,216868,216869,216870,1,-1,2,-2,1,3,1,-1,-3,-1,2,2,5,2,2,-2,-2,-5,-2,-2
0,1,36145,36148,108435,108436,108437,108440,108441,108442,216871,216872,216873,216874,216875,216878,216879,216880,216881,216882,1,-1,2,-2,1,3,1,-1,-3,-1,2,2,5,2,2,-2,-2,-5,-2,-2
0,1,36147,36150,108441,108442,108443,108446,108447,108448,216883,216884,216885,216886,216887,216890,216891,216892,216893,216894,1,-1,2,-2,1,3,1,-1,-3,-1,2,2,5,2,2,-2,-2,-5,-2,-2
0,1,36149,36152,108447,108448,108449,108452,108453,108454,216895,216896,216897,216898,216899,216902,216903,216904,216905,216906,1,-1,2,-2,1,3,1,-1,-3,-1,2,2,5,2,2,-2,-2,-5,-2,-2
0,1,36151,36154,108453,108454,108455,108458,108459,108460,216907,216908,216909,216910,216911,216914,216915,216916,216917,216918,1,-1,2,-2,1,3,1,-1,-3,-1,2,2,5,2,2,-2,-2,-5,-2,-2
0,1,36153,36156,108459,108460,108461,108464,108465,108466,216919,216920,216921,216922,216923,216926,216927,216928,216929,216930,1,-1,2,-2,1,3,1,-1,-3,-1,2,2,5,2,2,-2,-2,-5,-2,-2
0,1,36155,36158,108465,108466,108467,108470,108471,108472,216931,216932,216933,216934,216935,216938,216939,216940,216941,216942,1,-1,2,-2,1,3,1,-1,-3,-1,2,2,5,2,2,-2,-2,-5,-2,-2
0,1,36157,36160,108471,108472,108473,108476,108477,108478,216943,216944,216945,216946,216947,216950,216951,216952,216953,216954,1,-1,2,-2,1,3,1,-1,-3,-1,2,2,5,2,2,-2,-2,-5,-2,-2
0,1,36159,36162,108477,108478,108479,108482,108483,108484,216955,216956,216957,216958,216959,216962,216963,216964,216965,216966,1,-1,2,-2,1,3,1,-1,-3,-1,2,2,5,2,2,-2,-2,-5,-2,-2
0,1,36161,36164,108483,108484,108485,108488,108489,108490,216967,216968,216969,216970,216971,216974,216975,216976,216977,216978,1,-1,2,-2,1,3,1,-1,-3,-1,2,2,5,2,2,-2,-2,-5,-2,-2
0,1,36163,36166,108489,108490,108491,108494,108495,108496,216979,216980,216981,216982,216983,216986,216987,216988,216989,216990,1,-1,2,-2,1,3,1,-1,-3,-1,2,2,5,2,2,-2,-2,-5,-2,-2
0,1,36165,36168,108495,108496,108497,108500,108501,108502,216991,216992,216993,216994,216995,216998,216999,217000,217001,217002,1,-1,2,-2,1,3,1,-1,-3,-1,2,2,5,2,2,-2,-2,-5,-2,-2
0,1,36167,36170,108501,108502,108503,108506,108507,108508,217003,217004,217005,217006,217007,217010,217011,217012,217013,217014,1,-1,2,-2,1,3,1,-1,-3,-1,2,2,5,2,2,-2,-2,-5,-2,-2
0,1,36169,36172,108507,108508,108509,108512,108513,108514,217015,217016,217017,217018,217019,217022,217023,217024,217025,217026,1,-1,2,-2,1,3,1,-1,-3,-1,2,2,5,2,2,-2,-2,-5,-2,-2
0,1,36171,36174,108513,108514,108515,108518,108519,108520,217027,217028,217029,217030,217031,217034,217035,217036,217037,217038,1,-1,2,-2,1,3,1,-1,-3,-1,2,2,5,2,2,-2,-2,-5,-2,-2
0,1,36173,36176,108519,108520,108521,108524,108525,108526,217039,217040,217041,217042,217043,217046,217047,217048,217049,217050,1,-1,2,-2,1,3,1,-1,-3,-1,2,2,5,2,2,-2,-2,-5,-2,-2
0,1,36175,36178,108525,108526,108527,108530,108531,108532,217051,217052,217053,217054,217055,217058,217059,217060,217061,217062,1,-1,2,-2,1,3,1,-1,-3,-1,2,2,5,2,2,-2,-2,-5,-2,-2
0,1,36177,36180,108531,108532,108533,108536,108537,108538,217063,217064,217065,217066,217067,217070,217071,217072,217073,217074,1,-1,2,-2,1,3,1,-1,-3,-1,2,2,5,2,2,-2,-2,-5,-2,-2
0,1,36179,36182,108537,108538,108539,108542,108543,108544,217075,217076,217077,217078,217079,217082,217083,217084,217085,217086,1,-1,2,-2,1,3,1,-1,-3,-1,2,2,5,2,2,-2,-2,-5,-2,-2
0,1,36181,36184,108543,108544,108545,108548,108549,108550,217087,217088,217089,217090,217091,217094,217095,217096,217097,217098,1,-1,2,-2,1,3,1,-1,-3,-1,2,2,5,2,2,-2,-2,-5,-2,-2
0,1,36183,36186,108549,108550,108551,108554,108555,108556,217099,217100,217101,217102,217103,217106,217107,217108,217109,217110,1,-1,2,-2,1,3,1,-1,-3,-1,2,2,5,2,2,-2,-2,-5,-2,-2
0,1,36185,36188,108555,108556,108557,108560,108561,108562,217111,217112,217113,217114,217115,217118,217119,217120,217121,217122,1,-1,2,-2,1,3,1,-1,-3,-1,2,2,5,2,2,-2,-2,-5,-2,-2
0,1,36187,36190,108561,108562,108563,108566,108567,108568,217123,217124,217125,217126,217127,217130,217131,217132,217133,217134,1,-1,2,-2,1,3,1,-1,-3,-1,2,2,5,2,2,-2,-2,-5,-2,-2
0,1,36189,36192,108567,108568,108569,108572,108573,108574,217135,217136,217137,217138,217139,217142,217143,217144,217145,217146,1,-1,2,-2,1,3,1,-1,-3,-1,2,2,5,2,2,-2,-2,-5,-2,-2
0,1,36191,36194,108573,108574,108575,108578,108579,108580,217147,217148,217149,217150,217151,217154,217155,217156,217157,217158,1,-1,2,-2,1,3,1,-1,-3,-1,2,2,5,2,2,-2,-2,-5,-2,-2
0,1,36193,36196,108579,108580,108581,108584,108585,108586,217159,217160,217161,217162,217163,217166,217167,217168,217169,217170,1,-1,2,-2,1,3,1,-1,-3,-1,2,2,5,2,2,-2,-2,-5,-2,-2
0,1,36195,36198,108585,108586,108587,108590,108591,108592,217171,217172,217173,217174,217175,217178,217179,217180,217181,217182,1,-1,2,-2,1,3,1,-1,-3,-1,2,2,5,2,2,-2,-2,-5,-2,-2
0,1,36197,36200,108591,108592,108593,108596,108597,108598,217183,217184,217185,217186,217187,217190,217191,217192,217193,217194,1,-1,2,-2,1,3,1,-1,-3,-1,2,2,5,2,2,-2,-2,-5,-2,-2
0,1,36199,36202,108597,108598,108599,108602,108603,108604,217195,217196,217197,217198,217199,217202,217203,217204,217205,217206,1,-1,2,-2,1,3,1,-1,-3,-1,2,2,5,2,2,-2,-2,-5,-2,-2
0,1,36201,36204,108603,108604,108605,108608,108609,108610,217207,217208,217209,217210,217211,217214,217215,217216,217217,217218,1,-1,2,-2,1,3,1,-1,-3,-1,2,2,5,2,2,-2,-2,-5,-2,-2
0,1,36203,36206,108609,108610,108611,108614,108615,108616,217219,217220,217221,217222,217223,217226,217227,217228,217229,217230,1,-1,2,-2,1,3,1,-1,-3,-1,2,2,5,2,2,-2,-2,-5,-2,-2
0,1,36205,36208,108615,108616,108617,108620,108621,108622,217231,217232,217233,217234,217235,217238,217239,217240,217241,217242,1,-1,2,-2,1,3,1,-1,-3,-1,2,2,5,2,2,-2,-2,-5,-2,-2
0,1,36207,36210,108621,108622,108623,108626,108627,108628,217243,217244,217245,217246,217247,217250,217251,217252,217253,217254,1,-1,2,-2,1,3,1,-1,-3,-1,2,2,5,2,2,-2,-2,-5,-2,-2
0,1,36209,36212,108627,108628,108629,108632,108633,108634,217255,217256,217257,217258,217259,217262,217263,217264,217265,217266,1,-1,2,-2,1,3,1,-1,-3,-1,2,2,5,2,2,-2,-2,-5,-2,-2
0,1,36211,36214,108633,108634,108635,108638,108639,108640,217267,217268,217269,217270,217271,217274,217275,217276,217277,217278,1,-1,2,-2,1,3,1,-1,-3,-1,2,2,5,2,2,-2,-2,-5,-2,-2
0,1,36213,36216,108639,108640,108641,108644,108645,108646,217279,217280,217281,217282,217283,217286,217287,217288,217289,217290,1,-1,2,-2,1,3,1,-1,-3,-1,2,2,5,2,2,-2,-2,-5,-2,-2
0,1,36215,36218,108645,108646,108647,108650,108651,108652,217291,217292,217293,217294,217295,217298,217299,217300,217301,217302,1,-1,2,-2,1,3,1,-1,-3,-1,2,2,5,2,2,-2,-2,-5,-2,-2
0,1,36217,36220,108651,108652,108653,108656,108657,108658,217303,217304,217305,217306,217307,217310,217311,217312,217313,217314,1,-1,2,-2,1,3,1,-1,-3,-1,2,2,5,2,2,-2,-2,-5,-2,-2
0,1,36219,36222,108657,108658,108659,108662,108663,108664,217315,217316,217317,217318,217319,217322,217323,217324,217325,217326,1,-1,2,-2,1,3,1,-1,-3,-1,2,2,5,2,2,-2,-2,-5,-2,-2
0,1,36221,36224,108663,108664,108665,108668,108669,108670,217327,217328,217329,217330,217331,217334,217335,217336,217337,217338,1,-1,2,-2,1,3,1,-1,-3,-1,2,2,5,2,2,-2,-2,-5,-2,-2
0,1,36223,36226,108669,108670,108671,108674,108675,108676,217339,217340,217341,217342,217343,217346,217347,217348,217349,217350,1,-1,2,-2,1,3,1,-1,-3,-1,2,2,5,2,2,-2,-2,-5,-2,-2
0,1,36225,36228,108675,108676,108677,108680,108681,108682,217351,217352,217353,217354,217355,217358,217359,217360,217361,217362,1,-1,2,-2,1,3,1,-1,-3,-1,2,2,5,2,2,-2,-2,-5,-2,-2
0,1,36227,36230,108681,108682,108683,108686,108687,108688,217363,217364,217365,217366,217367,217370,217371,217372,217373,217374,1,-1,2,-2,1,3,1,-1,-3,-1,2,2,5,2,2,-2,-2,-5,-2,-2
0,1,36229,36232,108687,108688,108689,108692,108693,108694,217375,217376,217377,217378,217379,217382,217383,217384,217385,217386,1,-1,2,-2,1,3,1,-1,-3,-1,2,2,5,2,2,-2,-2,-5,-2,-2
0,1,36231,36234,108693,108694,108695,108698,108699,108700,217387,217388,217389,217390,217391,217394,217395,217396,217397,217398,1,-1,2,-2,1,3,1,-1,-3,-1,2,2,5,2,2,-2,-2,-5,-2,-2
0,1,36233,36236,108699,108700,108701,108704,108705,108706,217399,217400,217401,217402,217403,217406,217407,217408,217409,217410,1,-1,2,-2,1,3,1,-1,-3,-1,2,2,5,2,2,-2,-2,-5,-2,-2
0,1,36235,36238,108705,108706,108707,108710,108711,108712,217411,217412,217413,217414,217415,217418,217419,217420,217421,217422,1,-1,2,-2,1,3,1,-1,-3,-1,2,2,5,2,2,-2,-2,-5,-2,-2
0,1,36237,36240,108711,108712,108713,108716,108717,108718,217423,217424,217425,217426,217427,217430,217431,217432,217433,217434,1,-1,2,-2,1,3,1,-1,-3,-1,2,2,5,2,2,-2,-2,-5,-2,-2
0,1,36239,36242,108717,108718,108719,108722,108723,108724,217435,217436,217437,217438,217439,217442,217443,217444,217445,217446,1,-1,2,-2,1,3,1,-1,-3,-1,2,2,5,2,2,-2,-2,-5,-2,-2
0,1,36241,36244,108723,108724,108725,108728,108729,108730,217447,217448,217449,217450,217451,217454,217455,217456,217457,217458,1,-1,2,-2,1,3,1,-1,-3,-1,2,2,5,2,2,-2,-2,-5,-2,-2
0,1,36243,36246,108729,108730,108731,108734,108735,108736,217459,217460,217461,217462,217463,217466,217467,217468,217469,217470,1,-1,2,-2,1,3,1,-1,-3,-1,2,2,5,2,2,-2,-2,-5,-2,-2
0,1,36245,36248,108735,108736,108737,108740,108741,108742,217471,217472,217473,217474,217475,217478,217479,217480,217481,217482,1,-1,2,-2,1,3,1,-1,-3,-1,2,2,5,2,2,-2,-2,-5,-2,-2
0,1,36247,36250,108741,108742,108743,108746,108747,108748,217483,217484,217485,217486,217487,217490,217491,217492,217493,217494,1,-1,2,-2,1,3,1,-1,-3,-1,2,2,5,2,2,-2,-2,-5,-2,-2
0,1,36249,36252,108747,108748,108749,108752,108753,108754,217495,217496,217497,217498,217499,217502,217503,217504,217505,217506,1,-1,2,-2,1,3,1,-1,-3,-1,2,2,5,2,2,-2,-2,-5,-2,-2
0,1,36251,36254,108753,108754,108755,108758,108759,108760,217507,217508,217509,217510,217511,217514,217515,217516,217517,217518,1,-1,2,-2,1,3,1,-1,-3,-1,2,2,5,2,2,-2,-2,-5,-2,-2
0,1,36253,36256,108759,108760,108761,108764,108765,108766,217519,217520,217521,217522,217523,217526,217527,217528,217529,217530,1,-1,2,-2,1,3,1,-1,-3,-1,2,2,5,2,2,-2,-2,-5,-2,-2
0,1,36255,36258,108765,108766,108767,108770,108771,108772,217531,217532,217533,217534,217535,217538,217539,217540,217541,217542,1,-1,2,-2,1,3,1,-1,-3,-1,2,2,5,2,2,-2,-2,-5,-2,-2
0,1,36257,36260,108771,108772,108773,108776,108777,108778,217543,217544,217545,217546,217547,217550,217551,217552,217553,217554,1,-1,2,-2,1,3,1,-1,-3,-1,2,2,5,2,2,-2,-2,-5,-2,-2
0,1,36259,36262,108777,108778,108779,108782,108783,108784,217555,217556,217557,217558,217559,217562,217563,217564,217565,217566,1,-1,2,-2,1,3,1,-1,-3,-1,2,2,5,2,2,-2,-2,-5,-2,-2
0,1,36261,36264,108783,108784,108785,108788,108789,108790,217567,217568,217569,217570,217571,217574,217575,217576,217577,217578,1,-1,2,-2,1,3,1,-1,-3,-1,2,2,5,2,2,-2,-2,-5,-2,-2
0,1,36263,36266,108789,108790,108791,108794,108795,108796,217579,217580,217581,217582,217583,217586,217587,217588,217589,217590,1,-1,2,-2,1,3,1,-1,-3,-1,2,2,5,2,2,-2,-2,-5,-2,-2
0,1,36265,36268,108795,108796,108797,108800,108801,108802,217591,217592,217593,217594,217595,217598,217599,217600,217601,217602,1,-1,2,-2,1,3,1,-1,-3,-1,2,2,5,2,2,-2,-2,-5,-2,-2
0,1,36267,36270,108801,108802,108803,108806,108807,108808,217603,217604,217605,217606,217607,217610,217611,217612,217613,217614,1,-1,2,-2,1,3,1,-1,-3,-1,2,2,5,2,2,-2,-2,-5,-2,-2
0,1,36269,36272,108807,108808,108809,108812,108813,108814,217615,217616,217617,217618,217619,217622,217623,217624,217625,217626,1,-1,2,-2,1,3,1,-1,-3,-1,2,2,5,2,2,-2,-2,-5,-2,-2
0,1,36271,36274,108813,108814,108815,108818,108819,108820,217627,217628,217629,217630,217631,217634,217635,217636,217637,217638,1,-1,2,-2,1,3,1,-1,-3,-1,2,2,5,2,2,-2,-2,-5,-2,-2
0,1,36273,36276,108819,108820,108821,108824,108825,108826,217639,217640,217641,217642,217643,217646,217647,217648,217649,217650,1,-1,2,-2,1,3,1,-1,-3,-1,2,2,5,2,2,-2,-2,-5,-2,-2
0,1,36275,36278,108825,108826,108827,108830,108831,108832,217651,217652,217653,217654,217655,217658,217659,217660,217661,217662,1,-1,2,-2,1,3,1,-1,-3,-1,2,2,5,2,2,-2,-2,-5,-2,-2
0,1,36277,36280,108831,108832,108833,108836,108837,108838,217663,217664,217665,217666,217667,217670,217671,217672,217673,217674,1,-1,2,-2,1,3,1,-1,-3,-1,2,2,5,2,2,-2,-2,-5,-2,-2
0,1,36279,36282,108837,108838,108839,108842,108843,108844,217675,217676,217677,217678,217679,217682,217683,217684,217685,217686,1,-1,2,-2,1,3,1,-1,-3,-1,2,2,5,2,2,-2,-2,-5,-2,-2
0,1,36281,36284,108843,108844,108845,108848,108849,108850,217687,217688,217689,217690,217691,217694,217695,217696,217697,217698,1,-1,2,-2,1,3,1,-1,-3,-1,2,2,5,2,2,-2,-2,-5,-2,-2
0,1,36283,36286,108849,108850,108851,108854,108855,108856,217699,217700,217701,217702,217703,217706,217707,217708,217709,217710,1,-1,2,-2,1,3,1,-1,-3,-1,2,2,5,2,2,-2,-2,-5,-2,-2
0,1,36285,36288,108855,108856,108857,108860,108861,108862,217711,217712,217713,217714,217715,217718,217719,217720,217721,217722,1,-1,2,-2,1,3,1,-1,-3,-1,2,2,5,2,2,-2,-2,-5,-2,-2
0,1,36287,36290,108861,108862,108863,108866,108867,108868,217723,217724,217725,217726,217727,217730,217731,217732,217733,217734,1,-1,2,-2,1,3,1,-1,-3,-1,2,2,5,2,2,-2,-2,-5,-2,-2
0,1,36289,36292,108867,108868,108869,108872,108873,108874,217735,217736,217737,217738,217739,217742,217743,217744,217745,217746,1,-1,2,-2,1,3,1,-1,-3,-1,2,2,5,2,2,-2,-2,-5,-2,-2
0,1,36291,36294,108873,108874,108875,108878,108879,108880,217747,217748,217749,217750,217751,217754,217755,217756,217757,217758,1,-1,2,-2,1,3,1,-1,-3,-1,2,2,5,2,2,-2,-2,-5,-2,-2
0,1,36293,36296,108879,108880,108881,108884,108885,108886,217759,217760,217761,217762,217763,217766,217767,217768,217769,217770,1,-1,2,-2,1,3,1,-1,-3,-1,2,2,5,2,2,-2,-2,-5,-2,-2
0,1,36295,36298,108885,108886,108887,108890,108891,108892,217771,217772,217773,217774,217775,217778,217779,217780,217781,217782,1,-1,2,-2,1,3,1,-1,-3,-1,2,2,5,2,2,-2,-2,-5,-2,-2
0,1,36297,36300,108891,108892,108893,108896,108897,108898,217783,217784,217785,217786,217787,217790,217791,217792,217793,217794,1,-1,2,-2,1,3,1,-1,-3,-1,2,2,5,2,2,-2,-2,-5,-2,-2
0,1,36299,36302,108897,108898,108899,108902,108903,108904,217795,217796,217797,217798,217799,217802,217803,217804,217805,217806,1,-1,2,-2,1,3,1,-1,-3,-1,2,2,5,2,2,-2,-2,-5,-2,-2
0,1,36301,36304,108903,108904,108905,108908,108909,108910,217807,217808,217809,217810,217811,217814,217815,217816,217817,217818,1,-1,2,-2,1,3,1,-1,-3,-1,2,2,5,2,2,-2,-2,-5,-2,-2
0,1,36303,36306,108909,108910,108911,108914,108915,108916,217819,217820,217821,217822,217823,217826,217827,217828,217829,217830,1,-1,2,-2,1,3,1,-1,-3,-1,2,2,5,2,2,-2,-2,-5,-2,-2
0,1,36305,36308,108915,108916,108917,108920,108921,108922,217831,217832,217833,217834,217835,217838,217839,217840,217841,217842,1,-1,2,-2,1,3,1,-1,-3,-1,2,2,5,2,2,-2,-2,-5,-2,-2
0,1,36307,36310,108921,108922,108923,108926,108927,108928,217843,217844,217845,217846,217847,217850,217851,217852,217853,217854,1,-1,2,-2,1,3,1,-1,-3,-1,2,2,5,2,2,-2,-2,-5,-2,-2
0,1,36309,36312,108927,108928,108929,108932,108933,108934,217855,217856,217857,217858,217859,217862,217863,217864,217865,217866,1,-1,2,-2,1,3,1,-1,-3,-1,2,2,5,2,2,-2,-2,-5,-2,-2
0,1,36311,36314,108933,108934,108935,108938,108939,108940,217867,217868,217869,217870,217871,217874,217875,217876,217877,217878,1,-1,2,-2,1,3,1,-1,-3,-1,2,2,5,2,2,-2,-2,-5,-2,-2
0,1,36313,36316,108939,108940,108941,108944,108945,108946,217879,217880,217881,217882,217883,217886,217887,217888,217889,217890,1,-1,2,-2,1,3,1,-1,-3,-1,2,2,5,2,2,-2,-2,-5,-2,-2
0,1,36315,36318,108945,108946,108947,108950,108951,108952,217891,217892,217893,217894,217895,217898,217899,217900,217901,217902,1,-1,2,-2,1,3,1,-1,-3,-1,2,2,5,2,2,-2,-2,-5,-2,-2
0,1,36317,36320,108951,108952,108953,108956,108957,108958,217903,217904,217905,217906,217907,217910,217911,217912,217913,217914,1,-1,2,-2,1,3,1,-1,-3,-1,2,2,5,2,2,-2,-2,-5,-2,-2
0,1,36319,36322,108957,108958,108959,108962,108963,108964,217915,217916,217917,217918,217919,217922,217923,217924,217925,217926,1,-1,2,-2,1,3,1,-1,-3,-1,2,2,5,2,2,-2,-2,-5,-2,-2
0,1,36321,36324,108963,108964,108965,108968,108969,108970,217927,217928,217929,217930,217931,217934,217935,217936,217937,217938,1,-1,2,-2,1,3,1,-1,-3,-1,2,2,5,2,2,-2,-2,-5,-2,-2
0,1,36323,36326,108969,108970,108971,108974,108975,108976,217939,217940,217941,217942,217943,217946,217947,217948,217949,217950,1,-1,2,-2,1,3,1,-1,-3,-1,2,2,5,2,2,-2,-2,-5,-2,-2
0,1,36325,36328,108975,108976,108977,108980,108981,108982,217951,217952,217953,217954,217955,217958,217959,217960,217961,217962,1,-1,2,-2,1,3,1,-1,-3,-1,2,2,5,2,2,-2,-2,-5,-2,-2
0,1,36327,36330,108981,108982,108983,108986,108987,108988,217963,217964,217965,217966,217967,217970,217971,217972,217973,217974,1,-1,2,-2,1,3,1,-1,-3,-1,2,2,5,2,2,-2,-2,-5,-2,-2
0,1,36329,36332,108987,108988,108989,108992,108993,108994,217975,217976,217977,217978,217979,217982,217983,217984,217985,217986,1,-1,2,-2,1,3,1,-1,-3,-1,2,2,5,2,2,-2,-2,-5,-2,-2
0,1,36331,36334,108993,108994,108995,108998,108999,109000,217987,217988,217989,217990,217991,217994,217995,217996,217997,217998,1,-1,2,-2,1,3,1,-1,-3,-1,2,2,5,2,2,-2,-2,-5,-2,-2
0,1,36333,36336,108999,109000,109001,109004,109005,109006,217999,218000,218001,218002,218003,218006,218007,218008,218009,218010,1,-1,2,-2,1,3,1,-1,-3,-1,2,2,5,2,2,-2,-2,-5,-2,-2
0,1,36335,36338,109005,109006,109007,109010,109011,109012,218011,218012,218013,218014,218015,218018,218019,218020,218021,218022,1,-1,2,-2,1,3,1,-1,-3,-1,2,2,5,2,2,-2,-2,-5,-2,-2
0,1,36337,36340,109011,109012,109013,109016,109017,109018,218023,218024,218025,218026,218027,218030,218031,218032,218033,218034,1,-1,2,-2,1,3,1,-1,-3,-1,2,2,5,2,2,-2,-2,-5,-2,-2
0,1,36339,36342,109017,109018,109019,109022,109023,109024,218035,218036,218037,218038,218039,218042,218043,218044,218045,218046,1,-1,2,-2,1,3,1,-1,-3,-1,2,2,5,2,2,-2,-2,-5,-2,-2
0,1,36341,36344,109023,109024,109025,109028,109029,109030,218047,218048,218049,218050,218051,218054,218055,218056,218057,218058,1,-1,2,-2,1,3,1,-1,-3,-1,2,2,5,2,2,-2,-2,-5,-2,-2
0,1,36343,36346,109029,109030,109031,109034,109035,109036,218059,218060,218061,218062,218063,218066,218067,218068,218069,218070,1,-1,2,-2,1,3,1,-1,-3,-1,2,2,5,2,2,-2,-2,-5,-2,-2
0,1,36345,36348,109035,109036,109037,109040,109041,109042,218071,218072,218073,218074,218075,218078,218079,218080,218081,218082,1,-1,2,-2,1,3,1,-1,-3,-1,2,2,5,2,2,-2,-2,-5,-2,-2
0,1,36347,36350,109041,109042,109043,109046,109047,109048,218083,218084,218085,218086,218087,218090,218091,218092,218093,218094,1,-1,2,-2,1,3,1,-1,-3,-1,2,2,5,2,2,-2,-2,-5,-2,-2
0,1,36349,36352,109047,109048,109049,109052,109053,109054,218095,218096,218097,218098,218099,218102,218103,218104,218105,218106,1,-1,2,-2,1,3,1,-1,-3,-1,2,2,5,2,2,-2,-2,-5,-2,-2
0,1,36351,36354,109053,109054,109055,109058,109059,109060,218107,218108,218109,218110,218111,218114,218115,218116,218117,218118,1,-1,2,-2,1,3,1,-1,-3,-1,2,2,5,2,2,-2,-2,-5,-2,-2
0,1,36353,36356,109059,109060,109061,109064,109065,109066,218119,218120,218121,218122,218123,218126,218127,218128,218129,218130,1,-1,2,-2,1,3,1,-1,-3,-1,2,2,5,2,2,-2,-2,-5,-2,-2
0,1,36355,36358,109065,109066,109067,109070,109071,109072,218131,218132,218133,218134,218135,218138,218139,218140,218141,218142,1,-1,2,-2,1,3,1,-1,-3,-1,2,2,5,2,2,-2,-2,-5,-2,-2
0,1,36357,36360,109071,109072,109073,109076,109077,109078,218143,218144,218145,218146,218147,218150,218151,218152,218153,218154,1,-1,2,-2,1,3,1,-1,-3,-1,2,2,5,2,2,-2,-2,-5,-2,-2
0,1,36359,36362,109077,109078,109079,109082,109083,109084,218155,218156,218157,218158,218159,218162,218163,218164,218165,218166,1,-1,2,-2,1,3,1,-1,-3,-1,2,2,5,2,2,-2,-2,-5,-2,-2
0,1,36361,36364,109083,109084,109085,109088,109089,109090,218167,218168,218169,218170,218171,218174,218175,218176,218177,218178,1,-1,2,-2,1,3,1,-1,-3,-1,2,2,5,2,2,-2,-2,-5,-2,-2
0,1,36363,36366,109089,109090,109091,109094,109095,109096,218179,218180,218181,218182,218183,218186,218187,218188,218189,218190,1,-1,2,-2,1,3,1,-1,-3,-1,2,2,5,2,2,-2,-2,-5,-2,-2
0,1,36365,36368,109095,109096,109097,109100,109101,109102,218191,218192,218193,218194,218195,218198,218199,218200,218201,218202,1,-1,2,-2,1,3,1,-1,-3,-1,2,2,5,2,2,-2,-2,-5,-2,-2
0,1,36367,36370,109101,109102,109103,109106,109107,109108,218203,218204,218205,218206,218207,218210,218211,218212,218213,218214,1,-1,2,-2,1,3,1,-1,-3,-1,2,2,5,2,2,-2,-2,-5,-2,-2
0,1,36369,36372,109107,109108,109109,109112,109113,109114,218215,218216,218217,218218,218219,218222,218223,218224,218225,218226,1,-1,2,-2,1,3,1,-1,-3,-1,2,2,5,2,2,-2,-2,-5,-2,-2
0,1,36371,36374,109113,109114,109115,109118,109119,109120,218227,218228,218229,218230,218231,218234,218235,218236,218237,218238,1,-1,2,-2,1,3,1,-1,-3,-1,2,2,5,2,2,-2,-2,-5,-2,-2
0,1,36373,36376,109119,109120,109121,109124,109125,109126,218239,218240,218241,218242,218243,218246,218247,218248,218249,218250,1,-1,2,-2,1,3,1,-1,-3,-1,2,2,5,2,2,-2,-2,-5,-2,-2
0,1,36375,36378,109125,109126,109127,109130,109131,109132,218251,218252,218253,218254,218255,218258,218259,218260,218261,218262,1,-1,2,-2,1,3,1,-1,-3,-1,2,2,5,2,2,-2,-2,-5,-2,-2
0,1,36377,36380,109131,109132,109133,109136,109137,109138,218263,218264,218265,218266,218267,218270,218271,218272,218273,218274,1,-1,2,-2,1,3,1,-1,-3,-1,2,2,5,2,2,-2,-2,-5,-2,-2
0,1,36379,36382,109137,109138,109139,109142,109143,109144,218275,218276,218277,218278,218279,218282,218283,218284,218285,218286,1,-1,2,-2,1,3,1,-1,-3,-1,2,2,5,2,2,-2,-2,-5,-2,-2
0,1,36381,36384,109143,109144,109145,109148,109149,109150,218287,218288,218289,218290,218291,218294,218295,218296,218297,218298,1,-1,2,-2,1,3,1,-1,-3,-1,2,2,5,2,2,-2,-2,-5,-2,-2
0,1,36383,36386,109149,109150,109151,109154,109155,109156,218299,218300,218301,218302,218303,218306,218307,218308,218309,218310,1,-1,2,-2,1,3,1,-1,-3,-1,2,2,5,2,2,-2,-2,-5,-2,-2
0,1,36385,36388,109155,109156,109157,109160,109161,109162,218311,218312,218313,218314,218315,218318,218319,218320,218321,218322,1,-1,2,-2,1,3,1,-1,-3,-1,2,2,5,2,2,-2,-2,-5,-2,-2
0,1,36387,36390,109161,109162,109163,109166,109167,109168,218323,218324,218325,218326,218327,218330,218331,218332,218333,218334,1,-1,2,-2,1,3,1,-1,-3,-1,2,2,5,2,2,-2,-2,-5,-2,-2
0,1,36389,36392,109167,109168,109169,109172,109173,109174,218335,218336,218337,218338,218339,218342,218343,218344,218345,218346,1,-1,2,-2,1,3,1,-1,-3,-1,2,2,5,2,2,-2,-2,-5,-2,-2
0,1,36391,36394,109173,109174,109175,109178,109179,109180,218347,218348,218349,218350,218351,218354,218355,218356,218357,218358,1,-1,2,-2,1,3,1,-1,-3,-1,2,2,5,2,2,-2,-2,-5,-2,-2
0,1,36393,36396,109179,109180,109181,109184,109185,109186,218359,218360,218361,218362,218363,218366,218367,218368,218369,218370,1,-1,2,-2,1,3,1,-1,-3,-1,2,2,5,2,2,-2,-2,-5,-2,-2
0,1,36395,36398,109185,109186,109187,109190,109191,109192,218371,218372,218373,218374,218375,218378,218379,218380,218381,218382,1,-1,2,-2,1,3,1,-1,-3,-1,2,2,5,2,2,-2,-2,-5,-2,-2
0,1,36397,36400,109191,109192,109193,109196,109197,109198,218383,218384,218385,218386,218387,218390,218391,218392,218393,218394,1,-1,2,-2,1,3,1,-1,-3,-1,2,2,5,2,2,-2,-2,-5,-2,-2
0,1,36399,36402,109197,109198,109199,109202,109203,109204,218395,218396,218397,218398,218399,218402,218403,218404,218405,218406,1,-1,2,-2,1,3,1,-1,-3,-1,2,2,5,2,2,-2,-2,-5,-2,-2
0,1,36401,36404,109203,109204,109205,109208,109209,109210,218407,218408,218409,218410,218411,218414,218415,218416,218417,218418,1,-1,2,-2,1,3,1,-1,-3,-1,2,2,5,2,2,-2,-2,-5,-2,-2
0,1,36403,36406,109209,109210,109211,109214,109215,109216,218419,218420,218421,218422,218423,218426,218427,218428,218429,218430,1,-1,2,-2,1,3,1,-1,-3,-1,2,2,5,2,2,-2,-2,-5,-2,-2
0,1,36405,36408,109215,109216,109217,109220,109221,109222,218431,218432,218433,218434,218435,218438,218439,218440,218441,218442,1,-1,2,-2,1,3,1,-1,-3,-1,2,2,5,2,2,-2,-2,-5,-2,-2
0,1,36407,36410,109221,109222,109223,109226,109227,109228,218443,218444,218445,218446,218447,218450,218451,218452,218453,218454,1,-1,2,-2,1,3,1,-1,-3,-1,2,2,5,2,2,-2,-2,-5,-2,-2
0,1,36409,36412,109227,109228,109229,109232,109233,109234,218455,218456,218457,218458,218459,218462,218463,218464,218465,218466,1,-1,2,-2,1,3,1,-1,-3,-1,2,2,5,2,2,-2,-2,-5,-2,-2
0,1,36411,36414,109233,109234,109235,109238,109239,109240,218467,218468,218469,218470,218471,218474,218475,218476,218477,218478,1,-1,2,-2,1,3,1,-1,-3,-1,2,2,5,2,2,-2,-2,-5,-2,-2
0,1,36413,36416,109239,109240,109241,109244,109245,109246,218479,218480,218481,218482,218483,218486,218487,218488,218489,218490,1,-1,2,-2,1,3,1,-1,-3,-1,2,2,5,2,2,-2,-2,-5,-2,-2
0,1,36415,36418,109245,109246,109247,109250,109251,109252,218491,218492,218493,218494,218495,218498,218499,218500,218501,218502,1,-1,2,-2,1,3,1,-1,-3,-1,2,2,5,2,2,-2,-2,-5,-2,-2
0,1,36417,36420,109251,109252,109253,109256,109257,109258,218503,218504,218505,218506,218507,218510,218511,218512,218513,218514,1,-1,2,-2,1,3,1,-1,-3,-1,2,2,5,2,2,-2,-2,-5,-2,-2
0,1,36419,36422,109257,109258,109259,109262,109263,109264,218515,218516,218517,218518,218519,218522,218523,218524,218525,218526,1,-1,2,-2,1,3,1,-1,-3,-1,2,2,5,2,2,-2,-2,-5,-2,-2
0,1,36421,36424,109263,109264,109265,109268,109269,109270,218527,218528,218529,218530,218531,218534,218535,218536,218537,218538,1,-1,2,-2,1,3,1,-1,-3,-1,2,2,5,2,2,-2,-2,-5,-2,-2
0,1,36423,36426,109269,109270,109271,109274,109275,109276,218539,218540,218541,218542,218543,218546,218547,218548,218549,218550,1,-1,2,-2,1,3,1,-1,-3,-1,2,2,5,2,2,-2,-2,-5,-2,-2
0,1,36425,36428,109275,109276,109277,109280,109281,109282,218551,218552,218553,218554,218555,218558,218559,218560,218561,218562,1,-1,2,-2,1,3,1,-1,-3,-1,2,2,5,2,2,-2,-2,-5,-2,-2
0,1,36427,36430,109281,109282,109283,109286,109287,109288,218563,218564,218565,218566,218567,218570,218571,218572,218573,218574,1,-1,2,-2,1,3,1,-1,-3,-1,2,2,5,2,2,-2,-2,-5,-2,-2
0,1,36429,36432,109287,109288,109289,109292,109293,109294,218575,218576,218577,218578,218579,218582,218583,218584,218585,218586,1,-1,2,-2,1,3,1,-1,-3,-1,2,2,5,2,2,-2,-2,-5,-2,-2
0,1,36431,36434,109293,109294,109295,109298,109299,109300,218587,218588,218589,218590,218591,218594,218595,218596,218597,218598,1,-1,2,-2,1,3,1,-1,-3,-1,2,2,5,2,2,-2,-2,-5,-2,-2
0,1,36433,36436,109299,109300,109301,109304,109305,109306,218599,218600,218601,218602,218603,218606,218607,218608,218609,218610,1,-1,2,-2,1,3,1,-1,-3,-1,2,2,5,2,2,-2,-2,-5,-2,-2
0,1,36435,36438,109305,109306,109307,109310,109311,109312,218611,218612,218613,218614,218615,218618,218619,218620,218621,218622,1,-1,2,-2,1,3,1,-1,-3,-1,2,2,5,2,2,-2,-2,-5,-2,-2
0,1,36437,36440,109311,109312,109313,109316,109317,109318,218623,218624,218625,218626,218627,218630,218631,218632,218633,218634,1,-1,2,-2,1,3,1,-1,-3,-1,2,2,5,2,2,-2,-2,-5,-2,-2
0,1,36439,36442,109317,109318,109319,109322,109323,109324,218635,218636,218637,218638,218639,218642,218643,218644,218645,218646,1,-1,2,-2,1,3,1,-1,-3,-1,2,2,5,2,2,-2,-2,-5,-2,-2
0,1,36441,36444,109323,109324,109325,109328,109329,109330,218647,218648,218649,218650,218651,218654,218655,218656,218657,218658,1,-1,2,-2,1,3,1,-1,-3,-1,2,2,5,2,2,-2,-2,-5,-2,-2
0,1,36443,36446,109329,109330,109331,109334,109335,109336,218659,218660,218661,218662,218663,218666,218667,218668,218669,218670,1,-1,2,-2,1,3,1,-1,-3,-1,2,2,5,2,2,-2,-2,-5,-2,-2
0,1,36445,36448,109335,109336,109337,109340,109341,109342,218671,218672,218673,218674,218675,218678,218679,218680,218681,218682,1,-1,2,-2,1,3,1,-1,-3,-1,2,2,5,2,2,-2,-2,-5,-2,-2
0,1,36447,36450,109341,109342,109343,109346,109347,109348,218683,218684,218685,218686,218687,218690,218691,218692,218693,218694,1,-1,2,-2,1,3,1,-1,-3,-1,2,2,5,2,2,-2,-2,-5,-2,-2
0,1,36449,36452,109347,109348,109349,109352,109353,109354,218695,218696,218697,218698,218699,218702,218703,218704,218705,218706,1,-1,2,-2,1,3,1,-1,-3,-1,2,2,5,2,2,-2,-2,-5,-2,-2
0,1,36451,36454,109353,109354,109355,109358,109359,109360,218707,218708,218709,218710,218711,218714,218715,218716,218717,218718,1,-1,2,-2,1,3,1,-1,-3,-1,2,2,5,2,2,-2,-2,-5,-2,-2
0,1,36453,36456,109359,109360,109361,109364,109365,109366,218719,218720,218721,218722,218723,218726,218727,218728,218729,218730,1,-1,2,-2,1,3,1,-1,-3,-1,2,2,5,2,2,-2,-2,-5,-2,-2
0,1,36455,36458,109365,109366,109367,109370,109371,109372,218731,218732,218733,218734,218735,218738,218739,218740,218741,218742,1,-1,2,-2,1,3,1,-1,-3,-1,2,2,5,2,2,-2,-2,-5,-2,-2
0,1,36457,36460,109371,109372,109373,109376,109377,109378,218743,218744,218745,218746,218747,218750,218751,218752,218753,218754,1,-1,2,-2,1,3,1,-1,-3,-1,2,2,5,2,2,-2,-2,-5,-2,-2
0,1,36459,36462,109377,109378,109379,109382,109383,109384,218755,218756,218757,218758,218759,218762,218763,218764,218765,218766,1,-1,2,-2,1,3,1,-1,-3,-1,2,2,5,2,2,-2,-2,-5,-2,-2
0,1,36461,36464,109383,109384,109385,109388,109389,109390,218767,218768,218769,218770,218771,218774,218775,218776,218777,218778,1,-1,2,-2,1,3,1,-1,-3,-1,2,2,5,2,2,-2,-2,-5,-2,-2
0,1,36463,36466,109389,109390,109391,109394,109395,109396,218779,218780,218781,218782,218783,218786,218787,218788,218789,218790,1,-1,2,-2,1,3,1,-1,-3,-1,2,2,5,2,2,-2,-2,-5,-2,-2
0,1,36465,36468,109395,109396,109397,109400,109401,109402,218791,218792,218793,218794,218795,218798,218799,218800,218801,218802,1,-1,2,-2,1,3,1,-1,-3,-1,2,2,5,2,2,-2,-2,-5,-2,-2
0,1,36467,36470,109401,109402,109403,109406,109407,109408,218803,218804,218805,218806,218807,218810,218811,218812,218813,218814,1,-1,2,-2,1,3,1,-1,-3,-1,2,2,5,2,2,-2,-2,-5,-2,-2
0,1,36469,36472,109407,109408,109409,109412,109413,109414,218815,218816,218817,218818,218819,218822,218823,218824,218825,218826,1,-1,2,-2,1,3,1,-1,-3,-1,2,2,5,2,2,-2,-2,-5,-2,-2
0,1,36471,36474,109413,109414,109415,109418,109419,109420,218827,218828,218829,218830,218831,218834,218835,218836,218837,218838,1,-1,2,-2,1,3,1,-1,-3,-1,2,2,5,2,2,-2,-2,-5,-2,-2
0,1,36473,36476,109419,109420,109421,109424,109425,109426,218839,218840,218841,218842,218843,218846,218847,218848,218849,218850,1,-1,2,-2,1,3,1,-1,-3,-1,2,2,5,2,2,-2,-2,-5,-2,-2
0,1,36475,36478,109425,109426,109427,109430,109431,109432,218851,218852,218853,218854,218855,218858,218859,218860,218861,218862,1,-1,2,-2,1,3,1,-1,-3,-1,2,2,5,2,2,-2,-2,-5,-2,-2
0,1,36477,36480,109431,109432,109433,109436,109437,109438,218863,218864,218865,218866,218867,218870,218871,218872,218873,218874,1,-1,2,-2,1,3,1,-1,-3,-1,2,2,5,2,2,-2,-2,-5,-2,-2
0,1,36479,36482,109437,109438,109439,109442,109443,109444,218875,218876,218877,218878,218879,218882,218883,218884,218885,218886,1,-1,2,-2,1,3,1,-1,-3,-1,2,2,5,2,2,-2,-2,-5,-2,-2
0,1,36481,36484,109443,109444,109445,109448,109449,109450,218887,218888,218889,218890,218891,218894,218895,218896,218897,218898,1,-1,2,-2,1,3,1,-1,-3,-1,2,2,5,2,2,-2,-2,-5,-2,-2
0,1,36483,36486,109449,109450,109451,109454,109455,109456,218899,218900,218901,218902,218903,218906,218907,218908,218909,218910,1,-1,2,-2,1,3,1,-1,-3,-1,2,2,5,2,2,-2,-2,-5,-2,-2
0,1,36485,36488,109455,109456,109457,109460,109461,109462,218911,218912,218913,218914,218915,218918,218919,218920,218921,218922,1,-1,2,-2,1,3,1,-1,-3,-1,2,2,5,2,2,-2,-2,-5,-2,-2
0,1,36487,36490,109461,109462,109463,109466,109467,109468,218923,218924,218925,218926,218927,218930,218931,218932,218933,218934,1,-1,2,-2,1,3,1,-1,-3,-1,2,2,5,2,2,-2,-2,-5,-2,-2
0,1,36489,36492,109467,109468,109469,109472,109473,109474,218935,218936,218937,218938,218939,218942,218943,218944,218945,218946,1,-1,2,-2,1,3,1,-1,-3,-1,2,2,5,2,2,-2,-2,-5,-2,-2
0,1,36491,36494,109473,109474,109475,109478,109479,109480,218947,218948,218949,218950,218951,218954,218955,218956,218957,218958,1,-1,2,-2,1,3,1,-1,-3,-1,2,2,5,2,2,-2,-2,-5,-2,-2
0,1,36493,36496,109479,109480,109481,109484,109485,109486,218959,218960,218961,218962,218963,218966,218967,218968,218969,218970,1,-1,2,-2,1,3,1,-1,-3,-1,2,2,5,2,2,-2,-2,-5,-2,-2
0,1,36495,36498,109485,109486,109487,109490,109491,109492,218971,218972,218973,218974,218975,218978,218979,218980,218981,218982,1,-1,2,-2,1,3,1,-1,-3,-1,2,2,5,2,2,-2,-2,-5,-2,-2
0,1,36497,36500,109491,109492,109493,109496,109497,109498,218983,218984,218985,218986,218987,218990,218991,218992,218993,218994,1,-1,2,-2,1,3,1,-1,-3,-1,2,2,5,2,2,-2,-2,-5,-2,-2
0,1,36499,36502,109497,109498,109499,109502,109503,109504,218995,218996,218997,218998,218999,219002,219003,219004,219005,219006,1,-1,2,-2,1,3,1,-1,-3,-1,2,2,5,2,2,-2,-2,-5,-2,-2
0,1,36501,36504,109503,109504,109505,109508,109509,109510,219007,219008,219009,219010,219011,219014,219015,219016,219017,219018,1,-1,2,-2,1,3,1,-1,-3,-1,2,2,5,2,2,-2,-2,-5,-2,-2
0,1,36503,36506,109509,109510,109511,109514,109515,109516,219019,219020,219021,219022,219023,219026,219027,219028,219029,219030,1,-1,2,-2,1,3,1,-1,-3,-1,2,2,5,2,2,-2,-2,-5,-2,-2
0,1,36505,36508,109515,109516,109517,109520,109521,109522,219031,219032,219033,219034,219035,219038,219039,219040,219041,219042,1,-1,2,-2,1,3,1,-1,-3,-1,2,2,5,2,2,-2,-2,-5,-2,-2
0,1,36507,36510,109521,109522,109523,109526,109527,109528,219043,219044,219045,219046,219047,219050,219051,219052,219053,219054,1,-1,2,-2,1,3,1,-1,-3,-1,2,2,5,2,2,-2,-2,-5,-2,-2
0,1,36509,36512,109527,109528,109529,109532,109533,109534,219055,219056,219057,219058,219059,219062,219063,219064,219065,219066,1,-1,2,-2,1,3,1,-1,-3,-1,2,2,5,2,2,-2,-2,-5,-2,-2
0,1,36511,36514,109533,109534,109535,109538,109539,109540,219067,219068,219069,219070,219071,219074,219075,219076,219077,219078,1,-1,2,-2,1,3,1,-1,-3,-1,2,2,5,2,2,-2,-2,-5,-2,-2
0,1,36513,36516,109539,109540,109541,109544,109545,109546,219079,219080,219081,219082,219083,219086,219087,219088,219089,219090,1,-1,2,-2,1,3,1,-1,-3,-1,2,2,5,2,2,-2,-2,-5,-2,-2
0,1,36515,36518,109545,109546,109547,109550,109551,109552,219091,219092,219093,219094,219095,219098,219099,219100,219101,219102,1,-1,2,-2,1,3,1,-1,-3,-1,2,2,5,2,2,-2,-2,-5,-2,-2
0,1,36517,36520,109551,109552,109553,109556,109557,109558,219103,219104,219105,219106,219107,219110,219111,219112,219113,219114,1,-1,2,-2,1,3,1,-1,-3,-1,2,2,5,2,2,-2,-2,-5,-2,-2
0,1,36519,36522,109557,109558,109559,109562,109563,109564,219115,219116,219117,219118,219119,219122,219123,219124,219125,219126,1,-1,2,-2,1,3,1,-1,-3,-1,2,2,5,2,2,-2,-2,-5,-2,-2
0,1,36521,36524,109563,109564,109565,109568,109569,109570,219127,219128,219129,219130,219131,219134,219135,219136,219137,219138,1,-1,2,-2,1,3,1,-1,-3,-1,2,2,5,2,2,-2,-2,-5,-2,-2
0,1,36523,36526,109569,109570,109571,109574,109575,109576,219139,219140,219141,219142,219143,219146,219147,219148,219149,219150,1,-1,2,-2,1,3,1,-1,-3,-1,2,2,5,2,2,-2,-2,-5,-2,-2
0,1,36525,36528,109575,109576,109577,109580,109581,109582,219151,219152,219153,219154,219155,219158,219159,219160,219161,219162,1,-1,2,-2,1,3,1,-1,-3,-1,2,2,5,2,2,-2,-2,-5,-2,-2
0,1,36527,36530,109581,109582,109583,109586,109587,109588,219163,219164,219165,219166,219167,219170,219171,219172,219173,219174,1,-1,2,-2,1,3,1,-1,-3,-1,2,2,5,2,2,-2,-2,-5,-2,-2
0,1,36529,36532,109587,109588,109589,109592,109593,109594,219175,219176,219177,219178,219179,219182,219183,219184,219185,219186,1,-1,2,-2,1,3,1,-1,-3,-1,2,2,5,2,2,-2,-2,-5,-2,-2
0,1,36531,36534,109593,109594,109595,109598,109599,109600,219187,219188,219189,219190,219191,219194,219195,219196,219197,219198,1,-1,2,-2,1,3,1,-1,-3,-1,2,2,5,2,2,-2,-2,-5,-2,-2
0,1,36533,36536,109599,109600,109601,109604,109605,109606,219199,219200,219201,219202,219203,219206,219207,219208,219209,219210,1,-1,2,-2,1,3,1,-1,-3,-1,2,2,5,2,2,-2,-2,-5,-2,-2
0,1,36535,36538,109605,109606,109607,109610,109611,109612,219211,219212,219213,219214,219215,219218,219219,219220,219221,219222,1,-1,2,-2,1,3,1,-1,-3,-1,2,2,5,2,2,-2,-2,-5,-2,-2
0,1,36537,36540,109611,109612,109613,109616,109617,109618,219223,219224,219225,219226,219227,219230,219231,219232,219233,219234,1,-1,2,-2,1,3,1,-1,-3,-1,2,2,5,2,2,-2,-2,-5,-2,-2
0,1,36539,36542,109617,109618,109619,109622,109623,109624,219235,219236,219237,219238,219239,219242,219243,219244,219245,219246,1,-1,2,-2,1,3,1,-1,-3,-1,2,2,5,2,2,-2,-2,-5,-2,-2
0,1,36541,36544,109623,109624,109625,109628,109629,109630,219247,219248,219249,219250,219251,219254,219255,219256,219257,219258,1,-1,2,-2,1,3,1,-1,-3,-1,2,2,5,2,2,-2,-2,-5,-2,-2
0,1,36543,36546,109629,109630,109631,109634,109635,109636,219259,219260,219261,219262,219263,219266,219267,219268,219269,219270,1,-1,2,-2,1,3,1,-1,-3,-1,2,2,5,2,2,-2,-2,-5,-2,-2
0,1,36545,36548,109635,109636,109637,109640,109641,109642,219271,219272,219273,219274,219275,219278,219279,219280,219281,219282,1,-1,2,-2,1,3,1,-1,-3,-1,2,2,5,2,2,-2,-2,-5,-2,-2
0,1,36547,36550,109641,109642,109643,109646,109647,109648,219283,219284,219285,219286,219287,219290,219291,219292,219293,219294,1,-1,2,-2,1,3,1,-1,-3,-1,2,2,5,2,2,-2,-2,-5,-2,-2
0,1,36549,36552,109647,109648,109649,109652,109653,109654,219295,219296,219297,219298,219299,219302,219303,219304,219305,219306,1,-1,2,-2,1,3,1,-1,-3,-1,2,2,5,2,2,-2,-2,-5,-2,-2
0,1,36551,36554,109653,109654,109655,109658,109659,109660,219307,219308,219309,219310,219311,219314,219315,219316,219317,219318,1,-1,2,-2,1,3,1,-1,-3,-1,2,2,5,2,2,-2,-2,-5,-2,-2
0,1,36553,36556,109659,109660,109661,109664,109665,109666,219319,219320,219321,219322,219323,219326,219327,219328,219329,219330,1,-1,2,-2,1,3,1,-1,-3,-1,2,2,5,2,2,-2,-2,-5,-2,-2
0,1,36555,36558,109665,109666,109667,109670,109671,109672,219331,219332,219333,219334,219335,219338,219339,219340,219341,219342,1,-1,2,-2,1,3,1,-1,-3,-1,2,2,5,2,2,-2,-2,-5,-2,-2
0,1,36557,36560,109671,109672,109673,109676,109677,109678,219343,219344,219345,219346,219347,219350,219351,219352,219353,219354,1,-1,2,-2,1,3,1,-1,-3,-1,2,2,5,2,2,-2,-2,-5,-2,-2
0,1,36559,36562,109677,109678,109679,109682,109683,109684,219355,219356,219357,219358,219359,219362,219363,219364,219365,219366,1,-1,2,-2,1,3,1,-1,-3,-1,2,2,5,2,2,-2,-2,-5,-2,-2
0,1,36561,36564,109683,109684,109685,109688,109689,109690,219367,219368,219369,219370,219371,219374,219375,219376,219377,219378,1,-1,2,-2,1,3,1,-1,-3,-1,2,2,5,2,2,-2,-2,-5,-2,-2
0,1,36563,36566,109689,109690,109691,109694,109695,109696,219379,219380,219381,219382,219383,219386,219387,219388,219389,219390,1,-1,2,-2,1,3,1,-1,-3,-1,2,2,5,2,2,-2,-2,-5,-2,-2
0,1,36565,36568,109695,109696,109697,109700,109701,109702,219391,219392,219393,219394,219395,219398,219399,219400,219401,219402,1,-1,2,-2,1,3,1,-1,-3,-1,2,2,5,2,2,-2,-2,-5,-2,-2
0,1,36567,36570,109701,109702,109703,109706,109707,109708,219403,219404,219405,219406,219407,219410,219411,219412,219413,219414,1,-1,2,-2,1,3,1,-1,-3,-1,2,2,5,2,2,-2,-2,-5,-2,-2
0,1,36569,36572,109707,109708,109709,109712,109713,109714,219415,219416,219417,219418,219419,219422,219423,219424,219425,219426,1,-1,2,-2,1,3,1,-1,-3,-1,2,2,5,2,2,-2,-2,-5,-2,-2
0,1,36571,36574,109713,109714,109715,109718,109719,109720,219427,219428,219429,219430,219431,219434,219435,219436,219437,219438,1,-1,2,-2,1,3,1,-1,-3,-1,2,2,5,2,2,-2,-2,-5,-2,-2
0,1,36573,36576,109719,109720,109721,109724,109725,109726,219439,219440,219441,219442,219443,219446,219447,219448,219449,219450,1,-1,2,-2,1,3,1,-1,-3,-1,2,2,5,2,2,-2,-2,-5,-2,-2
0,1,36575,36578,109725,109726,109727,109730,109731,109732,219451,219452,219453,219454,219455,219458,219459,219460,219461,219462,1,-1,2,-2,1,3,1,-1,-3,-1,2,2,5,2,2,-2,-2,-5,-2,-2
0,1,36577,36580,109731,109732,109733,109736,109737,109738,219463,219464,219465,219466,219467,219470,219471,219472,219473,219474,1,-1,2,-2,1,3,1,-1,-3,-1,2,2,5,2,2,-2,-2,-5,-2,-2
0,1,36579,36582,109737,109738,109739,109742,109743,109744,219475,219476,219477,219478,219479,219482,219483,219484,219485,219486,1,-1,2,-2,1,3,1,-1,-3,-1,2,2,5,2,2,-2,-2,-5,-2,-2
0,1,36581,36584,109743,109744,109745,109748,109749,109750,219487,219488,219489,219490,219491,219494,219495,219496,219497,219498,1,-1,2,-2,1,3,1,-1,-3,-1,2,2,5,2,2,-2,-2,-5,-2,-2
0,1,36583,36586,109749,109750,109751,109754,109755,109756,219499,219500,219501,219502,219503,219506,219507,219508,219509,219510,1,-1,2,-2,1,3,1,-1,-3,-1,2,2,5,2,2,-2,-2,-5,-2,-2
0,1,36585,36588,109755,109756,109757,109760,109761,109762,219511,219512,219513,219514,219515,219518,219519,219520,219521,219522,1,-1,2,-2,1,3,1,-1,-3,-1,2,2,5,2,2,-2,-2,-5,-2,-2
0,1,36587,36590,109761,109762,109763,109766,109767,109768,219523,219524,219525,219526,219527,219530,219531,219532,219533,219534,1,-1,2,-2,1,3,1,-1,-3,-1,2,2,5,2,2,-2,-2,-5,-2,-2
0,1,36589,36592,109767,109768,109769,109772,109773,109774,219535,219536,219537,219538,219539,219542,219543,219544,219545,219546,1,-1,2,-2,1,3,1,-1,-3,-1,2,2,5,2,2,-2,-2,-5,-2,-2
0,1,36591,36594,109773,109774,109775,109778,109779,109780,219547,219548,219549,219550,219551,219554,219555,219556,219557,219558,1,-1,2,-2,1,3,1,-1,-3,-1,2,2,5,2,2,-2,-2,-5,-2,-2
0,1,36593,36596,109779,109780,109781,109784,109785,109786,219559,219560,219561,219562,219563,219566,219567,219568,219569,219570,1,-1,2,-2,1,3,1,-1,-3,-1,2,2,5,2,2,-2,-2,-5,-2,-2
0,1,36595,36598,109785,109786,109787,109790,109791,109792,219571,219572,219573,219574,219575,219578,219579,219580,219581,219582,1,-1,2,-2,1,3,1,-1,-3,-1,2,2,5,2,2,-2,-2,-5,-2,-2
0,1,36597,36600,109791,109792,109793,109796,109797,109798,219583,219584,219585,219586,219587,219590,219591,219592,219593,219594,1,-1,2,-2,1,3,1,-1,-3,-1,2,2,5,2,2,-2,-2,-5,-2,-2
0,1,36599,36602,109797,109798,109799,109802,109803,109804,219595,219596,219597,219598,219599,219602,219603,219604,219605,219606,1,-1,2,-2,1,3,1,-1,-3,-1,2,2,5,2,2,-2,-2,-5,-2,-2
0,1,36601,36604,109803,109804,109805,109808,109809,109810,219607,219608,219609,219610,219611,219614,219615,219616,219617,219618,1,-1,2,-2,1,3,1,-1,-3,-1,2,2,5,2,2,-2,-2,-5,-2,-2
0,1,36603,36606,109809,109810,109811,109814,109815,109816,219619,219620,219621,219622,219623,219626,219627,219628,219629,219630,1,-1,2,-2,1,3,1,-1,-3,-1,2,2,5,2,2,-2,-2,-5,-2,-2
0,1,36605,36608,109815,109816,109817,109820,109821,109822,219631,219632,219633,219634,219635,219638,219639,219640,219641,219642,1,-1,2,-2,1,3,1,-1,-3,-1,2,2,5,2,2,-2,-2,-5,-2,-2
0,1,36607,36610,109821,109822,109823,109826,109827,109828,219643,219644,219645,219646,219647,219650,219651,219652,219653,219654,1,-1,2,-2,1,3,1,-1,-3,-1,2,2,5,2,2,-2,-2,-5,-2,-2
0,1,36609,36612,109827,109828,109829,109832,109833,109834,219655,219656,219657,219658,219659,219662,219663,219664,219665,219666,1,-1,2,-2,1,3,1,-1,-3,-1,2,2,5,2,2,-2,-2,-5,-2,-2
0,1,36611,36614,109833,109834,109835,109838,109839,109840,219667,219668,219669,219670,219671,219674,219675,219676,219677,219678,1,-1,2,-2,1,3,1,-1,-3,-1,2,2,5,2,2,-2,-2,-5,-2,-2
0,1,36613,36616,109839,109840,109841,109844,109845,109846,219679,219680,219681,219682,219683,219686,219687,219688,219689,219690,1,-1,2,-2,1,3,1,-1,-3,-1,2,2,5,2,2,-2,-2,-5,-2,-2
0,1,36615,36618,109845,109846,109847,109850,109851,109852,219691,219692,219693,219694,219695,219698,219699,219700,219701,219702,1,-1,2,-2,1,3,1,-1,-3,-1,2,2,5,2,2,-2,-2,-5,-2,-2
0,1,36617,36620,109851,109852,109853,109856,109857,109858,219703,219704,219705,219706,219707,219710,219711,219712,219713,219714,1,-1,2,-2,1,3,1,-1,-3,-1,2,2,5,2,2,-2,-2,-5,-2,-2
0,1,36619,36622,109857,109858,109859,109862,109863,109864,219715,219716,219717,219718,219719,219722,219723,219724,219725,219726,1,-1,2,-2,1,3,1,-1,-3,-1,2,2,5,2,2,-2,-2,-5,-2,-2
0,1,36621,36624,109863,109864,109865,109868,109869,109870,219727,219728,219729,219730,219731,219734,219735,219736,219737,219738,1,-1,2,-2,1,3,1,-1,-3,-1,2,2,5,2,2,-2,-2,-5,-2,-2
0,1,36623,36626,109869,109870,109871,109874,109875,109876,219739,219740,219741,219742,219743,219746,219747,219748,219749,219750,1,-1,2,-2,1,3,1,-1,-3,-1,2,2,5,2,2,-2,-2,-5,-2,-2
0,1,36625,36628,109875,109876,109877,109880,109881,109882,219751,219752,219753,219754,219755,219758,219759,219760,219761,219762,1,-1,2,-2,1,3,1,-1,-3,-1,2,2,5,2,2,-2,-2,-5,-2,-2
0,1,36627,36630,109881,109882,109883,109886,109887,109888,219763,219764,219765,219766,219767,219770,219771,219772,219773,219774,1,-1,2,-2,1,3,1,-1,-3,-1,2,2,5,2,2,-2,-2,-5,-2,-2
0,1,36629,36632,109887,109888,109889,109892,109893,109894,219775,219776,219777,219778,219779,219782,219783,219784,219785,219786,1,-1,2,-2,1,3,1,-1,-3,-1,2,2,5,2,2,-2,-2,-5,-2,-2
0,1,36631,36634,109893,109894,109895,109898,109899,109900,219787,219788,219789,219790,219791,219794,219795,219796,219797,219798,1,-1,2,-2,1,3,1,-1,-3,-1,2,2,5,2,2,-2,-2,-5,-2,-2
0,1,36633,36636,109899,109900,109901,109904,109905,109906,219799,219800,219801,219802,219803,219806,219807,219808,219809,219810,1,-1,2,-2,1,3,1,-1,-3,-1,2,2,5,2,2,-2,-2,-5,-2,-2
0,1,36635,36638,109905,109906,109907,109910,109911,109912,219811,219812,219813,219814,219815,219818,219819,219820,219821,219822,1,-1,2,-2,1,3,1,-1,-3,-1,2,2,5,2,2,-2,-2,-5,-2,-2
0,1,36637,36640,109911,109912,109913,109916,109917,109918,219823,219824,219825,219826,219827,219830,219831,219832,219833,219834,1,-1,2,-2,1,3,1,-1,-3,-1,2,2,5,2,2,-2,-2,-5,-2,-2
0,1,36639,36642,109917,109918,109919,109922,109923,109924,219835,219836,219837,219838,219839,219842,219843,219844,219845,219846,1,-1,2,-2,1,3,1,-1,-3,-1,2,2,5,2,2,-2,-2,-5,-2,-2
0,1,36641,36644,109923,109924,109925,109928,109929,109930,219847,219848,219849,219850,219851,219854,219855,219856,219857,219858,1,-1,2,-2,1,3,1,-1,-3,-1,2,2,5,2,2,-2,-2,-5,-2,-2
0,1,36643,36646,109929,109930,109931,109934,109935,109936,219859,219860,219861,219862,219863,219866,219867,219868,219869,219870,1,-1,2,-2,1,3,1,-1,-3,-1,2,2,5,2,2,-2,-2,-5,-2,-2
0,1,36645,36648,109935,109936,109937,109940,109941,109942,219871,219872,219873,219874,219875,219878,219879,219880,219881,219882,1,-1,2,-2,1,3,1,-1,-3,-1,2,2,5,2,2,-2,-2,-5,-2,-2
0,1,36647,36650,109941,109942,109943,109946,109947,109948,219883,219884,219885,219886,219887,219890,219891,219892,219893,219894,1,-1,2,-2,1,3,1,-1,-3,-1,2,2,5,2,2,-2,-2,-5,-2,-2
0,1,36649,36652,109947,109948,109949,109952,109953,109954,219895,219896,219897,219898,219899,219902,219903,219904,219905,219906,1,-1,2,-2,1,3,1,-1,-3,-1,2,2,5,2,2,-2,-2,-5,-2,-2
0,1,36651,36654,109953,109954,109955,109958,109959,109960,219907,219908,219909,219910,219911,219914,219915,219916,219917,219918,1,-1,2,-2,1,3,1,-1,-3,-1,2,2,5,2,2,-2,-2,-5,-2,-2
0,1,36653,36656,109959,109960,109961,109964,109965,109966,219919,219920,219921,219922,219923,219926,219927,219928,219929,219930,1,-1,2,-2,1,3,1,-1,-3,-1,2,2,5,2,2,-2,-2,-5,-2,-2
0,1,36655,36658,109965,109966,109967,109970,109971,109972,219931,219932,219933,219934,219935,219938,219939,219940,219941,219942,1,-1,2,-2,1,3,1,-1,-3,-1,2,2,5,2,2,-2,-2,-5,-2,-2
0,1,36657,36660,109971,109972,109973,109976,109977,109978,219943,219944,219945,219946,219947,219950,219951,219952,219953,219954,1,-1,2,-2,1,3,1,-1,-3,-1,2,2,5,2,2,-2,-2,-5,-2,-2
0,1,36659,36662,109977,109978,109979,109982,109983,109984,219955,219956,219957,219958,219959,219962,219963,219964,219965,219966,1,-1,2,-2,1,3,1,-1,-3,-1,2,2,5,2,2,-2,-2,-5,-2,-2
0,1,36661,36664,109983,109984,109985,109988,109989,109990,219967,219968,219969,219970,219971,219974,219975,219976,219977,219978,1,-1,2,-2,1,3,1,-1,-3,-1,2,2,5,2,2,-2,-2,-5,-2,-2
0,1,36663,36666,109989,109990,109991,109994,109995,109996,219979,219980,219981,219982,219983,219986,219987,219988,219989,219990,1,-1,2,-2,1,3,1,-1,-3,-1,2,2,5,2,2,-2,-2,-5,-2,-2
0,1,36665,36668,109995,109996,109997,110000,110001,110002,219991,219992,219993,219994,219995,219998,219999,220000,220001,220002,1,-1,2,-2,1,3,1,-1,-3,-1,2,2,5,2,2,-2,-2,-5,-2,-2
0,1,36667,36670,110001,110002,110003,110006,110007,110008,220003,220004,220005,220006,220007,220010,220011,220012,220013,220014,1,-1,2,-2,1,3,1,-1,-3,-1,2,2,5,2,2,-2,-2,-5,-2,-2
0,1,36669,36672,110007,110008,110009,110012,110013,110014,220015,220016,220017,220018,220019,220022,220023,220024,220025,220026,1,-1,2,-2,1,3,1,-1,-3,-1,2,2,5,2,2,-2,-2,-5,-2,-2
0,1,36671,36674,110013,110014,110015,110018,110019,110020,220027,220028,220029,220030,220031,220034,220035,220036,220037,220038,1,-1,2,-2,1,3,1,-1,-3,-1,2,2,5,2,2,-2,-2,-5,-2,-2
0,1,36673,36676,110019,110020,110021,110024,110025,110026,220039,220040,220041,220042,220043,220046,220047,220048,220049,220050,1,-1,2,-2,1,3,1,-1,-3,-1,2,2,5,2,2,-2,-2,-5,-2,-2
0,1,36675,36678,110025,110026,110027,110030,110031,110032,220051,220052,220053,220054,220055,220058,220059,220060,220061,220062,1,-1,2,-2,1,3,1,-1,-3,-1,2,2,5,2,2,-2,-2,-5,-2,-2
0,1,36677,36680,110031,110032,110033,110036,110037,110038,220063,220064,220065,220066,220067,220070,220071,220072,220073,220074,1,-1,2,-2,1,3,1,-1,-3,-1,2,2,5,2,2,-2,-2,-5,-2,-2
0,1,36679,36682,110037,110038,110039,110042,110043,110044,220075,220076,220077,220078,220079,220082,220083,220084,220085,220086,1,-1,2,-2,1,3,1,-1,-3,-1,2,2,5,2,2,-2,-2,-5,-2,-2
0,1,36681,36684,110043,110044,110045,110048,110049,110050,220087,220088,220089,220090,220091,220094,220095,220096,220097,220098,1,-1,2,-2,1,3,1,-1,-3,-1,2,2,5,2,2,-2,-2,-5,-2,-2
0,1,36683,36686,110049,110050,110051,110054,110055,110056,220099,220100,220101,220102,220103,220106,220107,220108,220109,220110,1,-1,2,-2,1,3,1,-1,-3,-1,2,2,5,2,2,-2,-2,-5,-2,-2
0,1,36685,36688,110055,110056,110057,110060,110061,110062,220111,220112,220113,220114,220115,220118,220119,220120,220121,220122,1,-1,2,-2,1,3,1,-1,-3,-1,2,2,5,2,2,-2,-2,-5,-2,-2
0,1,36687,36690,110061,110062,110063,110066,110067,110068,220123,220124,220125,220126,220127,220130,220131,220132,220133,220134,1,-1,2,-2,1,3,1,-1,-3,-1,2,2,5,2,2,-2,-2,-5,-2,-2
0,1,36689,36692,110067,110068,110069,110072,110073,110074,220135,220136,220137,220138,220139,220142,220143,220144,220145,220146,1,-1,2,-2,1,3,1,-1,-3,-1,2,2,5,2,2,-2,-2,-5,-2,-2
0,1,36691,36694,110073,110074,110075,110078,110079,110080,220147,220148,220149,220150,220151,220154,220155,220156,220157,220158,1,-1,2,-2,1,3,1,-1,-3,-1,2,2,5,2,2,-2,-2,-5,-2,-2
0,1,36693,36696,110079,110080,110081,110084,110085,110086,220159,220160,220161,220162,220163,220166,220167,220168,220169,220170,1,-1,2,-2,1,3,1,-1,-3,-1,2,2,5,2,2,-2,-2,-5,-2,-2
0,1,36695,36698,110085,110086,110087,110090,110091,110092,220171,220172,220173,220174,220175,220178,220179,220180,220181,220182,1,-1,2,-2,1,3,1,-1,-3,-1,2,2,5,2,2,-2,-2,-5,-2,-2
0,1,36697,36700,110091,110092,110093,110096,110097,110098,220183,220184,220185,220186,220187,220190,220191,220192,220193,220194,1,-1,2,-2,1,3,1,-1,-3,-1,2,2,5,2,2,-2,-2,-5,-2,-2
0,1,36699,36702,110097,110098,110099,110102,110103,110104,220195,220196,220197,220198,220199,220202,220203,220204,220205,220206,1,-1,2,-2,1,3,1,-1,-3,-1,2,2,5,2,2,-2,-2,-5,-2,-2
0,1,36701,36704,110103,110104,110105,110108,110109,110110,220207,220208,220209,220210,220211,220214,220215,220216,220217,220218,1,-1,2,-2,1,3,1,-1,-3,-1,2,2,5,2,2,-2,-2,-5,-2,-2
0,1,36703,36706,110109,110110,110111,110114,110115,110116,220219,220220,220221,220222,220223,220226,220227,220228,220229,220230,1,-1,2,-2,1,3,1,-1,-3,-1,2,2,5,2,2,-2,-2,-5,-2,-2
0,1,36705,36708,110115,110116,110117,110120,110121,110122,220231,220232,220233,220234,220235,220238,220239,220240,220241,220242,1,-1,2,-2,1,3,1,-1,-3,-1,2,2,5,2,2,-2,-2,-5,-2,-2
0,1,36707,36710,110121,110122,110123,110126,110127,110128,220243,220244,220245,220246,220247,220250,220251,220252,220253,220254,1,-1,2,-2,1,3,1,-1,-3,-1,2,2,5,2,2,-2,-2,-5,-2,-2
0,1,36709,36712,110127,110128,110129,110132,110133,110134,220255,220256,220257,220258,220259,220262,220263,220264,220265,220266,1,-1,2,-2,1,3,1,-1,-3,-1,2,2,5,2,2,-2,-2,-5,-2,-2
0,1,36711,36714,110133,110134,110135,110138,110139,110140,220267,220268,220269,220270,220271,220274,220275,220276,220277,220278,1,-1,2,-2,1,3,1,-1,-3,-1,2,2,5,2,2,-2,-2,-5,-2,-2
0,1,36713,36716,110139,110140,110141,110144,110145,110146,220279,220280,220281,220282,220283,220286,220287,220288,220289,220290,1,-1,2,-2,1,3,1,-1,-3,-1,2,2,5,2,2,-2,-2,-5,-2,-2
0,1,36715,36718,110145,110146,110147,110150,110151,110152,220291,220292,220293,220294,220295,220298,220299,220300,220301,220302,1,-1,2,-2,1,3,1,-1,-3,-1,2,2,5,2,2,-2,-2,-5,-2,-2
0,1,36717,36720,110151,110152,110153,110156,110157,110158,220303,220304,220305,220306,220307,220310,220311,220312,220313,220314,1,-1,2,-2,1,3,1,-1,-3,-1,2,2,5,2,2,-2,-2,-5,-2,-2
0,1,36719,36722,110157,110158,110159,110162,110163,110164,220315,220316,220317,220318,220319,220322,220323,220324,220325,220326,1,-1,2,-2,1,3,1,-1,-3,-1,2,2,5,2,2,-2,-2,-5,-2,-2
0,1,36721,36724,110163,110164,110165,110168,110169,110170,220327,220328,220329,220330,220331,220334,220335,220336,220337,220338,1,-1,2,-2,1,3,1,-1,-3,-1,2,2,5,2,2,-2,-2,-5,-2,-2
0,1,36723,36726,110169,110170,110171,110174,110175,110176,220339,220340,220341,220342,220343,220346,220347,220348,220349,220350,1,-1,2,-2,1,3,1,-1,-3,-1,2,2,5,2,2,-2,-2,-5,-2,-2
0,1,36725,36728,110175,110176,110177,110180,110181,110182,220351,220352,220353,220354,220355,220358,220359,220360,220361,220362,1,-1,2,-2,1,3,1,-1,-3,-1,2,2,5,2,2,-2,-2,-5,-2,-2
0,1,36727,36730,110181,110182,110183,110186,110187,110188,220363,220364,220365,220366,220367,220370,220371,220372,220373,220374,1,-1,2,-2,1,3,1,-1,-3,-1,2,2,5,2,2,-2,-2,-5,-2,-2
0,1,36729,36732,110187,110188,110189,110192,110193,110194,220375,220376,220377,220378,220379,220382,220383,220384,220385,220386,1,-1,2,-2,1,3,1,-1,-3,-1,2,2,5,2,2,-2,-2,-5,-2,-2
0,1,36731,36734,110193,110194,110195,110198,110199,110200,220387,220388,220389,220390,220391,220394,220395,220396,220397,220398,1,-1,2,-2,1,3,1,-1,-3,-1,2,2,5,2,2,-2,-2,-5,-2,-2
0,1,36733,36736,110199,110200,110201,110204,110205,110206,220399,220400,220401,220402,220403,220406,220407,220408,220409,220410,1,-1,2,-2,1,3,1,-1,-3,-1,2,2,5,2,2,-2,-2,-5,-2,-2
0,1,36735,36738,110205,110206,110207,110210,110211,110212,220411,220412,220413,220414,220415,220418,220419,220420,220421,220422,1,-1,2,-2,1,3,1,-1,-3,-1,2,2,5,2,2,-2,-2,-5,-2,-2
0,1,36737,36740,110211,110212,110213,110216,110217,110218,220423,220424,220425,220426,220427,220430,220431,220432,220433,220434,1,-1,2,-2,1,3,1,-1,-3,-1,2,2,5,2,2,-2,-2,-5,-2,-2
0,1,36739,36742,110217,110218,110219,110222,110223,110224,220435,220436,220437,220438,220439,220442,220443,220444,220445,220446,1,-1,2,-2,1,3,1,-1,-3,-1,2,2,5,2,2,-2,-2,-5,-2,-2
0,1,36741,36744,110223,110224,110225,110228,110229,110230,220447,220448,220449,220450,220451,220454,220455,220456,220457,220458,1,-1,2,-2,1,3,1,-1,-3,-1,2,2,5,2,2,-2,-2,-5,-2,-2
0,1,36743,36746,110229,110230,110231,110234,110235,110236,220459,220460,220461,220462,220463,220466,220467,220468,220469,220470,1,-1,2,-2,1,3,1,-1,-3,-1,2,2,5,2,2,-2,-2,-5,-2,-2
0,1,36745,36748,110235,110236,110237,110240,110241,110242,220471,220472,220473,220474,220475,220478,220479,220480,220481,220482,1,-1,2,-2,1,3,1,-1,-3,-1,2,2,5,2,2,-2,-2,-5,-2,-2
0,1,36747,36750,110241,110242,110243,110246,110247,110248,220483,220484,220485,220486,220487,220490,220491,220492,220493,220494,1,-1,2,-2,1,3,1,-1,-3,-1,2,2,5,2,2,-2,-2,-5,-2,-2
0,1,36749,36752,110247,110248,110249,110252,110253,110254,220495,220496,220497,220498,220499,220502,220503,220504,220505,220506,1,-1,2,-2,1,3,1,-1,-3,-1,2,2,5,2,2,-2,-2,-5,-2,-2
0,1,36751,36754,110253,110254,110255,110258,110259,110260,220507,220508,220509,220510,220511,220514,220515,220516,220517,220518,1,-1,2,-2,1,3,1,-1,-3,-1,2,2,5,2,2,-2,-2,-5,-2,-2
0,1,36753,36756,110259,110260,110261,110264,110265,110266,220519,220520,220521,220522,220523,220526,220527,220528,220529,220530,1,-1,2,-2,1,3,1,-1,-3,-1,2,2,5,2,2,-2,-2,-5,-2,-2
0,1,36755,36758,110265,110266,110267,110270,110271,110272,220531,220532,220533,220534,220535,220538,220539,220540,220541,220542,1,-1,2,-2,1,3,1,-1,-3,-1,2,2,5,2,2,-2,-2,-5,-2,-2
0,1,36757,36760,110271,110272,110273,110276,110277,110278,220543,220544,220545,220546,220547,220550,220551,220552,220553,220554,1,-1,2,-2,1,3,1,-1,-3,-1,2,2,5,2,2,-2,-2,-5,-2,-2
0,1,36759,36762,110277,110278,110279,110282,110283,110284,220555,220556,220557,220558,220559,220562,220563,220564,220565,220566,1,-1,2,-2,1,3,1,-1,-3,-1,2,2,5,2,2,-2,-2,-5,-2,-2
0,1,36761,36764,110283,110284,110285,110288,110289,110290,220567,220568,220569,220570,220571,220574,220575,220576,220577,220578,1,-1,2,-2,1,3,1,-1,-3,-1,2,2,5,2,2,-2,-2,-5,-2,-2
0,1,36763,36766,110289,110290,110291,110294,110295,110296,220579,220580,220581,220582,220583,220586,220587,220588,220589,220590,1,-1,2,-2,1,3,1,-1,-3,-1,2,2,5,2,2,-2,-2,-5,-2,-2
0,1,36765,36768,110295,110296,110297,110300,110301,110302,220591,220592,220593,220594,220595,220598,220599,220600,220601,220602,1,-1,2,-2,1,3,1,-1,-3,-1,2,2,5,2,2,-2,-2,-5,-2,-2
0,1,36767,36770,110301,110302,110303,110306,110307,110308,220603,220604,220605,220606,220607,220610,220611,220612,220613,220614,1,-1,2,-2,1,3,1,-1,-3,-1,2,2,5,2,2,-2,-2,-5,-2,-2
0,1,36769,36772,110307,110308,110309,110312,110313,110314,220615,220616,220617,220618,220619,220622,220623,220624,220625,220626,1,-1,2,-2,1,3,1,-1,-3,-1,2,2,5,2,2,-2,-2,-5,-2,-2
0,1,36771,36774,110313,110314,110315,110318,110319,110320,220627,220628,220629,220630,220631,220634,220635,220636,220637,220638,1,-1,2,-2,1,3,1,-1,-3,-1,2,2,5,2,2,-2,-2,-5,-2,-2
0,1,36773,36776,110319,110320,110321,110324,110325,110326,220639,220640,220641,220642,220643,220646,220647,220648,220649,220650,1,-1,2,-2,1,3,1,-1,-3,-1,2,2,5,2,2,-2,-2,-5,-2,-2
0,1,36775,36778,110325,110326,110327,110330,110331,110332,220651,220652,220653,220654,220655,220658,220659,220660,220661,220662,1,-1,2,-2,1,3,1,-1,-3,-1,2,2,5,2,2,-2,-2,-5,-2,-2
0,1,36777,36780,110331,110332,110333,110336,110337,110338,220663,220664,220665,220666,220667,220670,220671,220672,220673,220674,1,-1,2,-2,1,3,1,-1,-3,-1,2,2,5,2,2,-2,-2,-5,-2,-2
0,1,36779,36782,110337,110338,110339,110342,110343,110344,220675,220676,220677,220678,220679,220682,220683,220684,220685,220686,1,-1,2,-2,1,3,1,-1,-3,-1,2,2,5,2,2,-2,-2,-5,-2,-2
0,1,36781,36784,110343,110344,110345,110348,110349,110350,220687,220688,220689,220690,220691,220694,220695,220696,220697,220698,1,-1,2,-2,1,3,1,-1,-3,-1,2,2,5,2,2,-2,-2,-5,-2,-2
0,1,36783,36786,110349,110350,110351,110354,110355,110356,220699,220700,220701,220702,220703,220706,220707,220708,220709,220710,1,-1,2,-2,1,3,1,-1,-3,-1,2,2,5,2,2,-2,-2,-5,-2,-2
0,1,36785,36788,110355,110356,110357,110360,110361,110362,220711,220712,220713,220714,220715,220718,220719,220720,220721,220722,1,-1,2,-2,1,3,1,-1,-3,-1,2,2,5,2,2,-2,-2,-5,-2,-2
0,1,36787,36790,110361,110362,110363,110366,110367,110368,220723,220724,220725,220726,220727,220730,220731,220732,220733,220734,1,-1,2,-2,1,3,1,-1,-3,-1,2,2,5,2,2,-2,-2,-5,-2,-2
0,1,36789,36792,110367,110368,110369,110372,110373,110374,220735,220736,220737,220738,220739,220742,220743,220744,220745,220746,1,-1,2,-2,1,3,1,-1,-3,-1,2,2,5,2,2,-2,-2,-5,-2,-2
0,1,36791,36794,110373,110374,110375,110378,110379,110380,220747,220748,220749,220750,220751,220754,220755,220756,220757,220758,1,-1,2,-2,1,3,1,-1,-3,-1,2,2,5,2,2,-2,-2,-5,-2,-2
0,1,36793,36796,110379,110380,110381,110384,110385,110386,220759,220760,220761,220762,220763,220766,220767,220768,220769,220770,1,-1,2,-2,1,3,1,-1,-3,-1,2,2,5,2,2,-2,-2,-5,-2,-2
0,1,36795,36798,110385,110386,110387,110390,110391,110392,220771,220772,220773,220774,220775,220778,220779,220780,220781,220782,1,-1,2,-2,1,3,1,-1,-3,-1,2,2,5,2,2,-2,-2,-5,-2,-2
0,1,36797,36800,110391,110392,110393,110396,110397,110398,220783,220784,220785,220786,220787,220790,220791,220792,220793,220794,1,-1,2,-2,1,3,1,-1,-3,-1,2,2,5,2,2,-2,-2,-5,-2,-2
0,1,36799,36802,110397,110398,110399,110402,110403,110404,220795,220796,220797,220798,220799,220802,220803,220804,220805,220806,1,-1,2,-2,1,3,1,-1,-3,-1,2,2,5,2,2,-2,-2,-5,-2,-2
0,1,36801,36804,110403,110404,110405,110408,110409,110410,220807,220808,220809,220810,220811,220814,220815,220816,220817,220818,1,-1,2,-2,1,3,1,-1,-3,-1,2,2,5,2,2,-2,-2,-5,-2,-2
0,1,36803,36806,110409,110410,110411,110414,110415,110416,220819,220820,220821,220822,220823,220826,220827,220828,220829,220830,1,-1,2,-2,1,3,1,-1,-3,-1,2,2,5,2,2,-2,-2,-5,-2,-2
0,1,36805,36808,110415,110416,110417,110420,110421,110422,220831,220832,220833,220834,220835,220838,220839,220840,220841,220842,1,-1,2,-2,1,3,1,-1,-3,-1,2,2,5,2,2,-2,-2,-5,-2,-2
0,1,36807,36810,110421,110422,110423,110426,110427,110428,220843,220844,220845,220846,220847,220850,220851,220852,220853,220854,1,-1,2,-2,1,3,1,-1,-3,-1,2,2,5,2,2,-2,-2,-5,-2,-2
0,1,36809,36812,110427,110428,110429,110432,110433,110434,220855,220856,220857,220858,220859,220862,220863,220864,220865,220866,1,-1,2,-2,1,3,1,-1,-3,-1,2,2,5,2,2,-2,-2,-5,-2,-2
0,1,36811,36814,110433,110434,110435,110438,110439,110440,220867,220868,220869,220870,220871,220874,220875,220876,220877,220878,1,-1,2,-2,1,3,1,-1,-3,-1,2,2,5,2,2,-2,-2,-5,-2,-2
0,1,36813,36816,110439,110440,110441,110444,110445,110446,220879,220880,220881,220882,220883,220886,220887,220888,220889,220890,1,-1,2,-2,1,3,1,-1,-3,-1,2,2,5,2,2,-2,-2,-5,-2,-2
0,1,36815,36818,110445,110446,110447,110450,110451,110452,220891,220892,220893,220894,220895,220898,220899,220900,220901,220902,1,-1,2,-2,1,3,1,-1,-3,-1,2,2,5,2,2,-2,-2,-5,-2,-2
0,1,36817,36820,110451,110452,110453,110456,110457,110458,220903,220904,220905,220906,220907,220910,220911,220912,220913,220914,1,-1,2,-2,1,3,1,-1,-3,-1,2,2,5,2,2,-2,-2,-5,-2,-2
0,1,36819,36822,110457,110458,110459,110462,110463,110464,220915,220916,220917,220918,220919,220922,220923,220924,220925,220926,1,-1,2,-2,1,3,1,-1,-3,-1,2,2,5,2,2,-2,-2,-5,-2,-2
0,1,36821,36824,110463,110464,110465,110468,110469,110470,220927,220928,220929,220930,220931,220934,220935,220936,220937,220938,1,-1,2,-2,1,3,1,-1,-3,-1,2,2,5,2,2,-2,-2,-5,-2,-2
0,1,36823,36826,110469,110470,110471,110474,110475,110476,220939,220940,220941,220942,220943,220946,220947,220948,220949,220950,1,-1,2,-2,1,3,1,-1,-3,-1,2,2,5,2,2,-2,-2,-5,-2,-2
0,1,36825,36828,110475,110476,110477,110480,110481,110482,220951,220952,220953,220954,220955,220958,220959,220960,220961,220962,1,-1,2,-2,1,3,1,-1,-3,-1,2,2,5,2,2,-2,-2,-5,-2,-2
0,1,36827,36830,110481,110482,110483,110486,110487,110488,220963,220964,220965,220966,220967,220970,220971,220972,220973,220974,1,-1,2,-2,1,3,1,-1,-3,-1,2,2,5,2,2,-2,-2,-5,-2,-2
0,1,36829,36832,110487,110488,110489,110492,110493,110494,220975,220976,220977,220978,220979,220982,220983,220984,220985,220986,1,-1,2,-2,1,3,1,-1,-3,-1,2,2,5,2,2,-2,-2,-5,-2,-2
0,1,36831,36834,110493,110494,110495,110498,110499,110500,220987,220988,220989,220990,220991,220994,220995,220996,220997,220998,1,-1,2,-2,1,3,1,-1,-3,-1,2,2,5,2,2,-2,-2,-5,-2,-2
0,1,36833,36836,110499,110500,110501,110504,110505,110506,220999,221000,221001,221002,221003,221006,221007,221008,221009,221010,1,-1,2,-2,1,3,1,-1,-3,-1,2,2,5,2,2,-2,-2,-5,-2,-2
0,1,36835,36838,110505,110506,110507,110510,110511,110512,221011,221012,221013,221014,221015,221018,221019,221020,221021,221022,1,-1,2,-2,1,3,1,-1,-3,-1,2,2,5,2,2,-2,-2,-5,-2,-2
0,1,36837,36840,110511,110512,110513,110516,110517,110518,221023,221024,221025,221026,221027,221030,221031,221032,221033,221034,1,-1,2,-2,1,3,1,-1,-3,-1,2,2,5,2,2,-2,-2,-5,-2,-2
0,1,36839,36842,110517,110518,110519,110522,110523,110524,221035,221036,221037,221038,221039,221042,221043,221044,221045,221046,1,-1,2,-2,1,3,1,-1,-3,-1,2,2,5,2,2,-2,-2,-5,-2,-2
0,1,36841,36844,110523,110524,110525,110528,110529,110530,221047,221048,221049,221050,221051,221054,221055,221056,221057,221058,1,-1,2,-2,1,3,1,-1,-3,-1,2,2,5,2,2,-2,-2,-5,-2,-2
0,1,36843,36846,110529,110530,110531,110534,110535,110536,221059,221060,221061,221062,221063,221066,221067,221068,221069,221070,1,-1,2,-2,1,3,1,-1,-3,-1,2,2,5,2,2,-2,-2,-5,-2,-2
0,1,36845,36848,110535,110536,110537,110540,110541,110542,221071,221072,221073,221074,221075,221078,221079,221080,221081,221082,1,-1,2,-2,1,3,1,-1,-3,-1,2,2,5,2,2,-2,-2,-5,-2,-2
0,1,36847,36850,110541,110542,110543,110546,110547,110548,221083,221084,221085,221086,221087,221090,221091,221092,221093,221094,1,-1,2,-2,1,3,1,-1,-3,-1,2,2,5,2,2,-2,-2,-5,-2,-2
0,1,36849,36852,110547,110548,110549,110552,110553,110554,221095,221096,221097,221098,221099,221102,221103,221104,221105,221106,1,-1,2,-2,1,3,1,-1,-3,-1,2,2,5,2,2,-2,-2,-5,-2,-2
0,1,36851,36854,110553,110554,110555,110558,110559,110560,221107,221108,221109,221110,221111,221114,221115,221116,221117,221118,1,-1,2,-2,1,3,1,-1,-3,-1,2,2,5,2,2,-2,-2,-5,-2,-2
0,1,36853,36856,110559,110560,110561,110564,110565,110566,221119,221120,221121,221122,221123,221126,221127,221128,221129,221130,1,-1,2,-2,1,3,1,-1,-3,-1,2,2,5,2,2,-2,-2,-5,-2,-2
0,1,36855,36858,110565,110566,110567,110570,110571,110572,221131,221132,221133,221134,221135,221138,221139,221140,221141,221142,1,-1,2,-2,1,3,1,-1,-3,-1,2,2,5,2,2,-2,-2,-5,-2,-2
0,1,36857,36860,110571,110572,110573,110576,110577,110578,221143,221144,221145,221146,221147,221150,221151,221152,221153,221154,1,-1,2,-2,1,3,1,-1,-3,-1,2,2,5,2,2,-2,-2,-5,-2,-2
0,1,36859,36862,110577,110578,110579,110582,110583,110584,221155,221156,221157,221158,221159,221162,221163,221164,221165,221166,1,-1,2,-2,1,3,1,-1,-3,-1,2,2,5,2,2,-2,-2,-5,-2,-2
0,1,36861,36864,110583,110584,110585,110588,110589,110590,221167,221168,221169,221170,221171,221174,221175,221176,221177,221178,1,-1,2,-2,1,3,1,-1,-3,-1,2,2,5,2,2,-2,-2,-5,-2,-2
0,1,36863,36866,110589,110590,110591,110594,110595,110596,221179,221180,221181,221182,221183,221186,221187,221188,221189,221190,1,-1,2,-2,1,3,1,-1,-3,-1,2,2,5,2,2,-2,-2,-5,-2,-2
0,1,36865,36868,110595,110596,110597,110600,110601,110602,221191,221192,221193,221194,221195,221198,221199,221200,221201,221202,1,-1,2,-2,1,3,1,-1,-3,-1,2,2,5,2,2,-2,-2,-5,-2,-2
0,1,36867,36870,110601,110602,110603,110606,110607,110608,221203,221204,221205,221206,221207,221210,221211,221212,221213,221214,1,-1,2,-2,1,3,1,-1,-3,-1,2,2,5,2,2,-2,-2,-5,-2,-2
0,1,36869,36872,110607,110608,110609,110612,110613,110614,221215,221216,221217,221218,221219,221222,221223,221224,221225,221226,1,-1,2,-2,1,3,1,-1,-3,-1,2,2,5,2,2,-2,-2,-5,-2,-2
0,1,36871,36874,110613,110614,110615,110618,110619,110620,221227,221228,221229,221230,221231,221234,221235,221236,221237,221238,1,-1,2,-2,1,3,1,-1,-3,-1,2,2,5,2,2,-2,-2,-5,-2,-2
0,1,36873,36876,110619,110620,110621,110624,110625,110626,221239,221240,221241,221242,221243,221246,221247,221248,221249,221250,1,-1,2,-2,1,3,1,-1,-3,-1,2,2,5,2,2,-2,-2,-5,-2,-2
0,1,36875,36878,110625,110626,110627,110630,110631,110632,221251,221252,221253,221254,221255,221258,221259,221260,221261,221262,1,-1,2,-2,1,3,1,-1,-3,-1,2,2,5,2,2,-2,-2,-5,-2,-2
0,1,36877,36880,110631,110632,110633,110636,110637,110638,221263,221264,221265,221266,221267,221270,221271,221272,221273,221274,1,-1,2,-2,1,3,1,-1,-3,-1,2,2,5,2,2,-2,-2,-5,-2,-2
0,1,36879,36882,110637,110638,110639,110642,110643,110644,221275,221276,221277,221278,221279,221282,221283,221284,221285,221286,1,-1,2,-2,1,3,1,-1,-3,-1,2,2,5,2,2,-2,-2,-5,-2,-2
0,1,36881,36884,110643,110644,110645,110648,110649,110650,221287,221288,221289,221290,221291,221294,221295,221296,221297,221298,1,-1,2,-2,1,3,1,-1,-3,-1,2,2,5,2,2,-2,-2,-5,-2,-2
0,1,36883,36886,110649,110650,110651,110654,110655,110656,221299,221300,221301,221302,221303,221306,221307,221308,221309,221310,1,-1,2,-2,1,3,1,-1,-3,-1,2,2,5,2,2,-2,-2,-5,-2,-2
0,1,36885,36888,110655,110656,110657,110660,110661,110662,221311,221312,221313,221314,221315,221318,221319,221320,221321,221322,1,-1,2,-2,1,3,1,-1,-3,-1,2,2,5,2,2,-2,-2,-5,-2,-2
0,1,36887,36890,110661,110662,110663,110666,110667,110668,221323,221324,221325,221326,221327,221330,221331,221332,221333,221334,1,-1,2,-2,1,3,1,-1,-3,-1,2,2,5,2,2,-2,-2,-5,-2,-2
0,1,36889,36892,110667,110668,110669,110672,110673,110674,221335,221336,221337,221338,221339,221342,221343,221344,221345,221346,1,-1,2,-2,1,3,1,-1,-3,-1,2,2,5,2,2,-2,-2,-5,-2,-2
0,1,36891,36894,110673,110674,110675,110678,110679,110680,221347,221348,221349,221350,221351,221354,221355,221356,221357,221358,1,-1,2,-2,1,3,1,-1,-3,-1,2,2,5,2,2,-2,-2,-5,-2,-2
0,1,36893,36896,110679,110680,110681,110684,110685,110686,221359,221360,221361,221362,221363,221366,221367,221368,221369,221370,1,-1,2,-2,1,3,1,-1,-3,-1,2,2,5,2,2,-2,-2,-5,-2,-2
0,1,36895,36898,110685,110686,110687,110690,110691,110692,221371,221372,221373,221374,221375,221378,221379,221380,221381,221382,1,-1,2,-2,1,3,1,-1,-3,-1,2,2,5,2,2,-2,-2,-5,-2,-2
0,1,36897,36900,110691,110692,110693,110696,110697,110698,221383,221384,221385,221386,221387,221390,221391,221392,221393,221394,1,-1,2,-2,1,3,1,-1,-3,-1,2,2,5,2,2,-2,-2,-5,-2,-2
0,1,36899,36902,110697,110698,110699,110702,110703,110704,221395,221396,221397,221398,221399,221402,221403,221404,221405,221406,1,-1,2,-2,1,3,1,-1,-3,-1,2,2,5,2,2,-2,-2,-5,-2,-2
0,1,36901,36904,110703,110704,110705,110708,110709,110710,221407,221408,221409,221410,221411,221414,221415,221416,221417,221418,1,-1,2,-2,1,3,1,-1,-3,-1,2,2,5,2,2,-2,-2,-5,-2,-2
0,1,36903,36906,110709,110710,110711,110714,110715,110716,221419,221420,221421,221422,221423,221426,221427,221428,221429,221430,1,-1,2,-2,1,3,1,-1,-3,-1,2,2,5,2,2,-2,-2,-5,-2,-2
0,1,36905,36908,110715,110716,110717,110720,110721,110722,221431,221432,221433,221434,221435,221438,221439,221440,221441,221442,1,-1,2,-2,1,3,1,-1,-3,-1,2,2,5,2,2,-2,-2,-5,-2,-2
0,1,36907,36910,110721,110722,110723,110726,110727,110728,221443,221444,221445,221446,221447,221450,221451,221452,221453,221454,1,-1,2,-2,1,3,1,-1,-3,-1,2,2,5,2,2,-2,-2,-5,-2,-2
0,1,36909,36912,110727,110728,110729,110732,110733,110734,221455,221456,221457,221458,221459,221462,221463,221464,221465,221466,1,-1,2,-2,1,3,1,-1,-3,-1,2,2,5,2,2,-2,-2,-5,-2,-2
0,1,36911,36914,110733,110734,110735,110738,110739,110740,221467,221468,221469,221470,221471,221474,221475,221476,221477,221478,1,-1,2,-2,1,3,1,-1,-3,-1,2,2,5,2,2,-2,-2,-5,-2,-2
0,1,36913,36916,110739,110740,110741,110744,110745,110746,221479,221480,221481,221482,221483,221486,221487,221488,221489,221490,1,-1,2,-2,1,3,1,-1,-3,-1,2,2,5,2,2,-2,-2,-5,-2,-2
0,1,36915,36918,110745,110746,110747,110750,110751,110752,221491,221492,221493,221494,221495,221498,221499,221500,221501,221502,1,-1,2,-2,1,3,1,-1,-3,-1,2,2,5,2,2,-2,-2,-5,-2,-2
0,1,36917,36920,110751,110752,110753,110756,110757,110758,221503,221504,221505,221506,221507,221510,221511,221512,221513,221514,1,-1,2,-2,1,3,1,-1,-3,-1,2,2,5,2,2,-2,-2,-5,-2,-2
0,1,36919,36922,110757,110758,110759,110762,110763,110764,221515,221516,221517,221518,221519,221522,221523,221524,221525,221526,1,-1,2,-2,1,3,1,-1,-3,-1,2,2,5,2,2,-2,-2,-5,-2,-2
0,1,36921,36924,110763,110764,110765,110768,110769,110770,221527,221528,221529,221530,221531,221534,221535,221536,221537,221538,1,-1,2,-2,1,3,1,-1,-3,-1,2,2,5,2,2,-2,-2,-5,-2,-2
0,1,36923,36926,110769,110770,110771,110774,110775,110776,221539,221540,221541,221542,221543,221546,221547,221548,221549,221550,1,-1,2,-2,1,3,1,-1,-3,-1,2,2,5,2,2,-2,-2,-5,-2,-2
0,1,36925,36928,110775,110776,110777,110780,110781,110782,221551,221552,221553,221554,221555,221558,221559,221560,221561,221562,1,-1,2,-2,1,3,1,-1,-3,-1,2,2,5,2,2,-2,-2,-5,-2,-2
0,1,36927,36930,110781,110782,110783,110786,110787,110788,221563,221564,221565,221566,221567,221570,221571,221572,221573,221574,1,-1,2,-2,1,3,1,-1,-3,-1,2,2,5,2,2,-2,-2,-5,-2,-2
0,1,36929,36932,110787,110788,110789,110792,110793,110794,221575,221576,221577,221578,221579,221582,221583,221584,221585,221586,1,-1,2,-2,1,3,1,-1,-3,-1,2,2,5,2,2,-2,-2,-5,-2,-2
0,1,36931,36934,110793,110794,110795,110798,110799,110800,221587,221588,221589,221590,221591,221594,221595,221596,221597,221598,1,-1,2,-2,1,3,1,-1,-3,-1,2,2,5,2,2,-2,-2,-5,-2,-2
0,1,36933,36936,110799,110800,110801,110804,110805,110806,221599,221600,221601,221602,221603,221606,221607,221608,221609,221610,1,-1,2,-2,1,3,1,-1,-3,-1,2,2,5,2,2,-2,-2,-5,-2,-2
0,1,36935,36938,110805,110806,110807,110810,110811,110812,221611,221612,221613,221614,221615,221618,221619,221620,221621,221622,1,-1,2,-2,1,3,1,-1,-3,-1,2,2,5,2,2,-2,-2,-5,-2,-2
0,1,36937,36940,110811,110812,110813,110816,110817,110818,221623,221624,221625,221626,221627,221630,221631,221632,221633,221634,1,-1,2,-2,1,3,1,-1,-3,-1,2,2,5,2,2,-2,-2,-5,-2,-2
0,1,36939,36942,110817,110818,110819,110822,110823,110824,221635,221636,221637,221638,221639,221642,221643,221644,221645,221646,1,-1,2,-2,1,3,1,-1,-3,-1,2,2,5,2,2,-2,-2,-5,-2,-2
0,1,36941,36944,110823,110824,110825,110828,110829,110830,221647,221648,221649,221650,221651,221654,221655,221656,221657,221658,1,-1,2,-2,1,3,1,-1,-3,-1,2,2,5,2,2,-2,-2,-5,-2,-2
0,1,36943,36946,110829,110830,110831,110834,110835,110836,221659,221660,221661,221662,221663,221666,221667,221668,221669,221670,1,-1,2,-2,1,3,1,-1,-3,-1,2,2,5,2,2,-2,-2,-5,-2,-2
0,1,36945,36948,110835,110836,110837,110840,110841,110842,221671,221672,221673,221674,221675,221678,221679,221680,221681,221682,1,-1,2,-2,1,3,1,-1,-3,-1,2,2,5,2,2,-2,-2,-5,-2,-2
0,1,36947,36950,110841,110842,110843,110846,110847,110848,221683,221684,221685,221686,221687,221690,221691,221692,221693,221694,1,-1,2,-2,1,3,1,-1,-3,-1,2,2,5,2,2,-2,-2,-5,-2,-2
0,1,36949,36952,110847,110848,110849,110852,110853,110854,221695,221696,221697,221698,221699,221702,221703,221704,221705,221706,1,-1,2,-2,1,3,1,-1,-3,-1,2,2,5,2,2,-2,-2,-5,-2,-2
0,1,36951,36954,110853,110854,110855,110858,110859,110860,221707,221708,221709,221710,221711,221714,221715,221716,221717,221718,1,-1,2,-2,1,3,1,-1,-3,-1,2,2,5,2,2,-2,-2,-5,-2,-2
0,1,36953,36956,110859,110860,110861,110864,110865,110866,221719,221720,221721,221722,221723,221726,221727,221728,221729,221730,1,-1,2,-2,1,3,1,-1,-3,-1,2,2,5,2,2,-2,-2,-5,-2,-2
0,1,36955,36958,110865,110866,110867,110870,110871,110872,221731,221732,221733,221734,221735,221738,221739,221740,221741,221742,1,-1,2,-2,1,3,1,-1,-3,-1,2,2,5,2,2,-2,-2,-5,-2,-2
0,1,36957,36960,110871,110872,110873,110876,110877,110878,221743,221744,221745,221746,221747,221750,221751,221752,221753,221754,1,-1,2,-2,1,3,1,-1,-3,-1,2,2,5,2,2,-2,-2,-5,-2,-2
0,1,36959,36962,110877,110878,110879,110882,110883,110884,221755,221756,221757,221758,221759,221762,221763,221764,221765,221766,1,-1,2,-2,1,3,1,-1,-3,-1,2,2,5,2,2,-2,-2,-5,-2,-2
0,1,36961,36964,110883,110884,110885,110888,110889,110890,221767,221768,221769,221770,221771,221774,221775,221776,221777,221778,1,-1,2,-2,1,3,1,-1,-3,-1,2,2,5,2,2,-2,-2,-5,-2,-2
0,1,36963,36966,110889,110890,110891,110894,110895,110896,221779,221780,221781,221782,221783,221786,221787,221788,221789,221790,1,-1,2,-2,1,3,1,-1,-3,-1,2,2,5,2,2,-2,-2,-5,-2,-2
0,1,36965,36968,110895,110896,110897,110900,110901,110902,221791,221792,221793,221794,221795,221798,221799,221800,221801,221802,1,-1,2,-2,1,3,1,-1,-3,-1,2,2,5,2,2,-2,-2,-5,-2,-2
0,1,36967,36970,110901,110902,110903,110906,110907,110908,221803,221804,221805,221806,221807,221810,221811,221812,221813,221814,1,-1,2,-2,1,3,1,-1,-3,-1,2,2,5,2,2,-2,-2,-5,-2,-2
0,1,36969,36972,110907,110908,110909,110912,110913,110914,221815,221816,221817,221818,221819,221822,221823,221824,221825,221826,1,-1,2,-2,1,3,1,-1,-3,-1,2,2,5,2,2,-2,-2,-5,-2,-2
0,1,36971,36974,110913,110914,110915,110918,110919,110920,221827,221828,221829,221830,221831,221834,221835,221836,221837,221838,1,-1,2,-2,1,3,1,-1,-3,-1,2,2,5,2,2,-2,-2,-5,-2,-2
0,1,36973,36976,110919,110920,110921,110924,110925,110926,221839,221840,221841,221842,221843,221846,221847,221848,221849,221850,1,-1,2,-2,1,3,1,-1,-3,-1,2,2,5,2,2,-2,-2,-5,-2,-2
0,1,36975,36978,110925,110926,110927,110930,110931,110932,221851,221852,221853,221854,221855,221858,221859,221860,221861,221862,1,-1,2,-2,1,3,1,-1,-3,-1,2,2,5,2,2,-2,-2,-5,-2,-2
0,1,36977,36980,110931,110932,110933,110936,110937,110938,221863,221864,221865,221866,221867,221870,221871,221872,221873,221874,1,-1,2,-2,1,3,1,-1,-3,-1,2,2,5,2,2,-2,-2,-5,-2,-2
0,1,36979,36982,110937,110938,110939,110942,110943,110944,221875,221876,221877,221878,221879,221882,221883,221884,221885,221886,1,-1,2,-2,1,3,1,-1,-3,-1,2,2,5,2,2,-2,-2,-5,-2,-2
0,1,36981,36984,110943,110944,110945,110948,110949,110950,221887,221888,221889,221890,221891,221894,221895,221896,221897,221898,1,-1,2,-2,1,3,1,-1,-3,-1,2,2,5,2,2,-2,-2,-5,-2,-2
0,1,36983,36986,110949,110950,110951,110954,110955,110956,221899,221900,221901,221902,221903,221906,221907,221908,221909,221910,1,-1,2,-2,1,3,1,-1,-3,-1,2,2,5,2,2,-2,-2,-5,-2,-2
0,1,36985,36988,110955,110956,110957,110960,110961,110962,221911,221912,221913,221914,221915,221918,221919,221920,221921,221922,1,-1,2,-2,1,3,1,-1,-3,-1,2,2,5,2,2,-2,-2,-5,-2,-2
0,1,36987,36990,110961,110962,110963,110966,110967,110968,221923,221924,221925,221926,221927,221930,221931,221932,221933,221934,1,-1,2,-2,1,3,1,-1,-3,-1,2,2,5,2,2,-2,-2,-5,-2,-2
0,1,36989,36992,110967,110968,110969,110972,110973,110974,221935,221936,221937,221938,221939,221942,221943,221944,221945,221946,1,-1,2,-2,1,3,1,-1,-3,-1,2,2,5,2,2,-2,-2,-5,-2,-2
0,1,36991,36994,110973,110974,110975,110978,110979,110980,221947,221948,221949,221950,221951,221954,221955,221956,221957,221958,1,-1,2,-2,1,3,1,-1,-3,-1,2,2,5,2,2,-2,-2,-5,-2,-2
0,1,36993,36996,110979,110980,110981,110984,110985,110986,221959,221960,221961,221962,221963,221966,221967,221968,221969,221970,1,-1,2,-2,1,3,1,-1,-3,-1,2,2,5,2,2,-2,-2,-5,-2,-2
0,1,36995,36998,110985,110986,110987,110990,110991,110992,221971,221972,221973,221974,221975,221978,221979,221980,221981,221982,1,-1,2,-2,1,3,1,-1,-3,-1,2,2,5,2,2,-2,-2,-5,-2,-2
0,1,36997,37000,110991,110992,110993,110996,110997,110998,221983,221984,221985,221986,221987,221990,221991,221992,221993,221994,1,-1,2,-2,1,3,1,-1,-3,-1,2,2,5,2,2,-2,-2,-5,-2,-2
0,1,36999,37002,110997,110998,110999,111002,111003,111004,221995,221996,221997,221998,221999,222002,222003,222004,222005,222006,1,-1,2,-2,1,3,1,-1,-3,-1,2,2,5,2,2,-2,-2,-5,-2,-2
0,1,37001,37004,111003,111004,111005,111008,111009,111010,222007,222008,222009,222010,222011,222014,222015,222016,222017,222018,1,-1,2,-2,1,3,1,-1,-3,-1,2,2,5,2,2,-2,-2,-5,-2,-2
0,1,37003,37006,111009,111010,111011,111014,111015,111016,222019,222020,222021,222022,222023,222026,222027,222028,222029,222030,1,-1,2,-2,1,3,1,-1,-3,-1,2,2,5,2,2,-2,-2,-5,-2,-2
0,1,37005,37008,111015,111016,111017,111020,111021,111022,222031,222032,222033,222034,222035,222038,222039,222040,222041,222042,1,-1,2,-2,1,3,1,-1,-3,-1,2,2,5,2,2,-2,-2,-5,-2,-2
0,1,37007,37010,111021,111022,111023,111026,111027,111028,222043,222044,222045,222046,222047,222050,222051,222052,222053,222054,1,-1,2,-2,1,3,1,-1,-3,-1,2,2,5,2,2,-2,-2,-5,-2,-2
0,1,37009,37012,111027,111028,111029,111032,111033,111034,222055,222056,222057,222058,222059,222062,222063,222064,222065,222066,1,-1,2,-2,1,3,1,-1,-3,-1,2,2,5,2,2,-2,-2,-5,-2,-2
0,1,37011,37014,111033,111034,111035,111038,111039,111040,222067,222068,222069,222070,222071,222074,222075,222076,222077,222078,1,-1,2,-2,1,3,1,-1,-3,-1,2,2,5,2,2,-2,-2,-5,-2,-2
0,1,37013,37016,111039,111040,111041,111044,111045,111046,222079,222080,222081,222082,222083,222086,222087,222088,222089,222090,1,-1,2,-2,1,3,1,-1,-3,-1,2,2,5,2,2,-2,-2,-5,-2,-2
0,1,37015,37018,111045,111046,111047,111050,111051,111052,222091,222092,222093,222094,222095,222098,222099,222100,222101,222102,1,-1,2,-2,1,3,1,-1,-3,-1,2,2,5,2,2,-2,-2,-5,-2,-2
0,1,37017,37020,111051,111052,111053,111056,111057,111058,222103,222104,222105,222106,222107,222110,222111,222112,222113,222114,1,-1,2,-2,1,3,1,-1,-3,-1,2,2,5,2,2,-2,-2,-5,-2,-2
0,1,37019,37022,111057,111058,111059,111062,111063,111064,222115,222116,222117,222118,222119,222122,222123,222124,222125,222126,1,-1,2,-2,1,3,1,-1,-3,-1,2,2,5,2,2,-2,-2,-5,-2,-2
0,1,37021,37024,111063,111064,111065,111068,111069,111070,222127,222128,222129,222130,222131,222134,222135,222136,222137,222138,1,-1,2,-2,1,3,1,-1,-3,-1,2,2,5,2,2,-2,-2,-5,-2,-2
0,1,37023,37026,111069,111070,111071,111074,111075,111076,222139,222140,222141,222142,222143,222146,222147,222148,222149,222150,1,-1,2,-2,1,3,1,-1,-3,-1,2,2,5,2,2,-2,-2,-5,-2,-2
0,1,37025,37028,111075,111076,111077,111080,111081,111082,222151,222152,222153,222154,222155,222158,222159,222160,222161,222162,1,-1,2,-2,1,3,1,-1,-3,-1,2,2,5,2,2,-2,-2,-5,-2,-2
0,1,37027,37030,111081,111082,111083,111086,111087,111088,222163,222164,222165,222166,222167,222170,222171,222172,222173,222174,1,-1,2,-2,1,3,1,-1,-3,-1,2,2,5,2,2,-2,-2,-5,-2,-2
0,1,37029,37032,111087,111088,111089,111092,111093,111094,222175,222176,222177,222178,222179,222182,222183,222184,222185,222186,1,-1,2,-2,1,3,1,-1,-3,-1,2,2,5,2,2,-2,-2,-5,-2,-2
0,1,37031,37034,111093,111094,111095,111098,111099,111100,222187,222188,222189,222190,222191,222194,222195,222196,222197,222198,1,-1,2,-2,1,3,1,-1,-3,-1,2,2,5,2,2,-2,-2,-5,-2,-2
0,1,37033,37036,111099,111100,111101,111104,111105,111106,222199,222200,222201,222202,222203,222206,222207,222208,222209,222210,1,-1,2,-2,1,3,1,-1,-3,-1,2,2,5,2,2,-2,-2,-5,-2,-2
0,1,37035,37038,111105,111106,111107,111110,111111,111112,222211,222212,222213,222214,222215,222218,222219,222220,222221,222222,1,-1,2,-2,1,3,1,-1,-3,-1,2,2,5,2,2,-2,-2,-5,-2,-2
0,1,37037,37040,111111,111112,111113,111116,111117,111118,222223,222224,222225,222226,222227,222230,222231,222232,222233,222234,1,-1,2,-2,1,3,1,-1,-3,-1,2,2,5,2,2,-2,-2,-5,-2,-2
0,1,37039,37042,111117,111118,111119,111122,111123,111124,222235,222236,222237,222238,222239,222242,222243,222244,222245,222246,1,-1,2,-2,1,3,1,-1,-3,-1,2,2,5,2,2,-2,-2,-5,-2,-2
0,1,37041,37044,111123,111124,111125,111128,111129,111130,222247,222248,222249,222250,222251,222254,222255,222256,222257,222258,1,-1,2,-2,1,3,1,-1,-3,-1,2,2,5,2,2,-2,-2,-5,-2,-2
0,1,37043,37046,111129,111130,111131,111134,111135,111136,222259,222260,222261,222262,222263,222266,222267,222268,222269,222270,1,-1,2,-2,1,3,1,-1,-3,-1,2,2,5,2,2,-2,-2,-5,-2,-2
0,1,37045,37048,111135,111136,111137,111140,111141,111142,222271,222272,222273,222274,222275,222278,222279,222280,222281,222282,1,-1,2,-2,1,3,1,-1,-3,-1,2,2,5,2,2,-2,-2,-5,-2,-2
0,1,37047,37050,111141,111142,111143,111146,111147,111148,222283,222284,222285,222286,222287,222290,222291,222292,222293,222294,1,-1,2,-2,1,3,1,-1,-3,-1,2,2,5,2,2,-2,-2,-5,-2,-2
0,1,37049,37052,111147,111148,111149,111152,111153,111154,222295,222296,222297,222298,222299,222302,222303,222304,222305,222306,1,-1,2,-2,1,3,1,-1,-3,-1,2,2,5,2,2,-2,-2,-5,-2,-2
0,1,37051,37054,111153,111154,111155,111158,111159,111160,222307,222308,222309,222310,222311,222314,222315,222316,222317,222318,1,-1,2,-2,1,3,1,-1,-3,-1,2,2,5,2,2,-2,-2,-5,-2,-2
0,1,37053,37056,111159,111160,111161,111164,111165,111166,222319,222320,222321,222322,222323,222326,222327,222328,222329,222330,1,-1,2,-2,1,3,1,-1,-3,-1,2,2,5,2,2,-2,-2,-5,-2,-2
0,1,37055,37058,111165,111166,111167,111170,111171,111172,222331,222332,222333,222334,222335,222338,222339,222340,222341,222342,1,-1,2,-2,1,3,1,-1,-3,-1,2,2,5,2,2,-2,-2,-5,-2,-2
0,1,37057,37060,111171,111172,111173,111176,111177,111178,222343,222344,222345,222346,222347,222350,222351,222352,222353,222354,1,-1,2,-2,1,3,1,-1,-3,-1,2,2,5,2,2,-2,-2,-5,-2,-2
0,1,37059,37062,111177,111178,111179,111182,111183,111184,222355,222356,222357,222358,222359,222362,222363,222364,222365,222366,1,-1,2,-2,1,3,1,-1,-3,-1,2,2,5,2,2,-2,-2,-5,-2,-2
0,1,37061,37064,111183,111184,111185,111188,111189,111190,222367,222368,222369,222370,222371,222374,222375,222376,222377,222378,1,-1,2,-2,1,3,1,-1,-3,-1,2,2,5,2,2,-2,-2,-5,-2,-2
0,1,37063,37066,111189,111190,111191,111194,111195,111196,222379,222380,222381,222382,222383,222386,222387,222388,222389,222390,1,-1,2,-2,1,3,1,-1,-3,-1,2,2,5,2,2,-2,-2,-5,-2,-2
0,1,37065,37068,111195,111196,111197,111200,111201,111202,222391,222392,222393,222394,222395,222398,222399,222400,222401,222402,1,-1,2,-2,1,3,1,-1,-3,-1,2,2,5,2,2,-2,-2,-5,-2,-2
0,1,37067,37070,111201,111202,111203,111206,111207,111208,222403,222404,222405,222406,222407,222410,222411,222412,222413,222414,1,-1,2,-2,1,3,1,-1,-3,-1,2,2,5,2,2,-2,-2,-5,-2,-2
0,1,37069,37072,111207,111208,111209,111212,111213,111214,222415,222416,222417,222418,222419,222422,222423,222424,222425,222426,1,-1,2,-2,1,3,1,-1,-3,-1,2,2,5,2,2,-2,-2,-5,-2,-2
0,1,37071,37074,111213,111214,111215,111218,111219,111220,222427,222428,222429,222430,222431,222434,222435,222436,222437,222438,1,-1,2,-2,1,3,1,-1,-3,-1,2,2,5,2,2,-2,-2,-5,-2,-2
0,1,37073,37076,111219,111220,111221,111224,111225,111226,222439,222440,222441,222442,222443,222446,222447,222448,222449,222450,1,-1,2,-2,1,3,1,-1,-3,-1,2,2,5,2,2,-2,-2,-5,-2,-2
0,1,37075,37078,111225,111226,111227,111230,111231,111232,222451,222452,222453,222454,222455,222458,222459,222460,222461,222462,1,-1,2,-2,1,3,1,-1,-3,-1,2,2,5,2,2,-2,-2,-5,-2,-2
0,1,37077,37080,111231,111232,111233,111236,111237,111238,222463,222464,222465,222466,222467,222470,222471,222472,222473,222474,1,-1,2,-2,1,3,1,-1,-3,-1,2,2,5,2,2,-2,-2,-5,-2,-2
0,1,37079,37082,111237,111238,111239,111242,111243,111244,222475,222476,222477,222478,222479,222482,222483,222484,222485,222486,1,-1,2,-2,1,3,1,-1,-3,-1,2,2,5,2,2,-2,-2,-5,-2,-2
0,1,37081,37084,111243,111244,111245,111248,111249,111250,222487,222488,222489,222490,222491,222494,222495,222496,222497,222498,1,-1,2,-2,1,3,1,-1,-3,-1,2,2,5,2,2,-2,-2,-5,-2,-2
0,1,37083,37086,111249,111250,111251,111254,111255,111256,222499,222500,222501,222502,222503,222506,222507,222508,222509,222510,1,-1,2,-2,1,3,1,-1,-3,-1,2,2,5,2,2,-2,-2,-5,-2,-2
0,1,37085,37088,111255,111256,111257,111260,111261,111262,222511,222512,222513,222514,222515,222518,222519,222520,222521,222522,1,-1,2,-2,1,3,1,-1,-3,-1,2,2,5,2,2,-2,-2,-5,-2,-2
0,1,37087,37090,111261,111262,111263,111266,111267,111268,222523,222524,222525,222526,222527,222530,222531,222532,222533,222534,1,-1,2,-2,1,3,1,-1,-3,-1,2,2,5,2,2,-2,-2,-5,-2,-2
0,1,37089,37092,111267,111268,111269,111272,111273,111274,222535,222536,222537,222538,222539,222542,222543,222544,222545,222546,1,-1,2,-2,1,3,1,-1,-3,-1,2,2,5,2,2,-2,-2,-5,-2,-2
0,1,37091,37094,111273,111274,111275,111278,111279,111280,222547,222548,222549,222550,222551,222554,222555,222556,222557,222558,1,-1,2,-2,1,3,1,-1,-3,-1,2,2,5,2,2,-2,-2,-5,-2,-2
0,1,37093,37096,111279,111280,111281,111284,111285,111286,222559,222560,222561,222562,222563,222566,222567,222568,222569,222570,1,-1,2,-2,1,3,1,-1,-3,-1,2,2,5,2,2,-2,-2,-5,-2,-2
0,1,37095,37098,111285,111286,111287,111290,111291,111292,222571,222572,222573,222574,222575,222578,222579,222580,222581,222582,1,-1,2,-2,1,3,1,-1,-3,-1,2,2,5,2,2,-2,-2,-5,-2,-2
0,1,37097,37100,111291,111292,111293,111296,111297,111298,222583,222584,222585,222586,222587,222590,222591,222592,222593,222594,1,-1,2,-2,1,3,1,-1,-3,-1,2,2,5,2,2,-2,-2,-5,-2,-2
0,1,37099,37102,111297,111298,111299,111302,111303,111304,222595,222596,222597,222598,222599,222602,222603,222604,222605,222606,1,-1,2,-2,1,3,1,-1,-3,-1,2,2,5,2,2,-2,-2,-5,-2,-2
0,1,37101,37104,111303,111304,111305,111308,111309,111310,222607,222608,222609,222610,222611,222614,222615,222616,222617,222618,1,-1,2,-2,1,3,1,-1,-3,-1,2,2,5,2,2,-2,-2,-5,-2,-2
0,1,37103,37106,111309,111310,111311,111314,111315,111316,222619,222620,222621,222622,222623,222626,222627,222628,222629,222630,1,-1,2,-2,1,3,1,-1,-3,-1,2,2,5,2,2,-2,-2,-5,-2,-2
0,1,37105,37108,111315,111316,111317,111320,111321,111322,222631,222632,222633,222634,222635,222638,222639,222640,222641,222642,1,-1,2,-2,1,3,1,-1,-3,-1,2,2,5,2,2,-2,-2,-5,-2,-2
0,1,37107,37110,111321,111322,111323,111326,111327,111328,222643,222644,222645,222646,222647,222650,222651,222652,222653,222654,1,-1,2,-2,1,3,1,-1,-3,-1,2,2,5,2,2,-2,-2,-5,-2,-2
0,1,37109,37112,111327,111328,111329,111332,111333,111334,222655,222656,222657,222658,222659,222662,222663,222664,222665,222666,1,-1,2,-2,1,3,1,-1,-3,-1,2,2,5,2,2,-2,-2,-5,-2,-2
0,1,37111,37114,111333,111334,111335,111338,111339,111340,222667,222668,222669,222670,222671,222674,222675,222676,222677,222678,1,-1,2,-2,1,3,1,-1,-3,-1,2,2,5,2,2,-2,-2,-5,-2,-2
0,1,37113,37116,111339,111340,111341,111344,111345,111346,222679,222680,222681,222682,222683,222686,222687,222688,222689,222690,1,-1,2,-2,1,3,1,-1,-3,-1,2,2,5,2,2,-2,-2,-5,-2,-2
0,1,37115,37118,111345,111346,111347,111350,111351,111352,222691,222692,222693,222694,222695,222698,222699,222700,222701,222702,1,-1,2,-2,1,3,1,-1,-3,-1,2,2,5,2,2,-2,-2,-5,-2,-2
0,1,37117,37120,111351,111352,111353,111356,111357,111358,222703,222704,222705,222706,222707,222710,222711,222712,222713,222714,1,-1,2,-2,1,3,1,-1,-3,-1,2,2,5,2,2,-2,-2,-5,-2,-2
0,1,37119,37122,111357,111358,111359,111362,111363,111364,222715,222716,222717,222718,222719,222722,222723,222724,222725,222726,1,-1,2,-2,1,3,1,-1,-3,-1,2,2,5,2,2,-2,-2,-5,-2,-2
0,1,37121,37124,111363,111364,111365,111368,111369,111370,222727,222728,222729,222730,222731,222734,222735,222736,222737,222738,1,-1,2,-2,1,3,1,-1,-3,-1,2,2,5,2,2,-2,-2,-5,-2,-2
0,1,37123,37126,111369,111370,111371,111374,111375,111376,222739,222740,222741,222742,222743,222746,222747,222748,222749,222750,1,-1,2,-2,1,3,1,-1,-3,-1,2,2,5,2,2,-2,-2,-5,-2,-2
0,1,37125,37128,111375,111376,111377,111380,111381,111382,222751,222752,222753,222754,222755,222758,222759,222760,222761,222762,1,-1,2,-2,1,3,1,-1,-3,-1,2,2,5,2,2,-2,-2,-5,-2,-2
0,1,37127,37130,111381,111382,111383,111386,111387,111388,222763,222764,222765,222766,222767,222770,222771,222772,222773,222774,1,-1,2,-2,1,3,1,-1,-3,-1,2,2,5,2,2,-2,-2,-5,-2,-2
0,1,37129,37132,111387,111388,111389,111392,111393,111394,222775,222776,222777,222778,222779,222782,222783,222784,222785,222786,1,-1,2,-2,1,3,1,-1,-3,-1,2,2,5,2,2,-2,-2,-5,-2,-2
0,1,37131,37134,111393,111394,111395,111398,111399,111400,222787,222788,222789,222790,222791,222794,222795,222796,222797,222798,1,-1,2,-2,1,3,1,-1,-3,-1,2,2,5,2,2,-2,-2,-5,-2,-2
0,1,37133,37136,111399,111400,111401,111404,111405,111406,222799,222800,222801,222802,222803,222806,222807,222808,222809,222810,1,-1,2,-2,1,3,1,-1,-3,-1,2,2,5,2,2,-2,-2,-5,-2,-2
0,1,37135,37138,111405,111406,111407,111410,111411,111412,222811,222812,222813,222814,222815,222818,222819,222820,222821,222822,1,-1,2,-2,1,3,1,-1,-3,-1,2,2,5,2,2,-2,-2,-5,-2,-2
0,1,37137,37140,111411,111412,111413,111416,111417,111418,222823,222824,222825,222826,222827,222830,222831,222832,222833,222834,1,-1,2,-2,1,3,1,-1,-3,-1,2,2,5,2,2,-2,-2,-5,-2,-2
0,1,37139,37142,111417,111418,111419,111422,111423,111424,222835,222836,222837,222838,222839,222842,222843,222844,222845,222846,1,-1,2,-2,1,3,1,-1,-3,-1,2,2,5,2,2,-2,-2,-5,-2,-2
0,1,37141,37144,111423,111424,111425,111428,111429,111430,222847,222848,222849,222850,222851,222854,222855,222856,222857,222858,1,-1,2,-2,1,3,1,-1,-3,-1,2,2,5,2,2,-2,-2,-5,-2,-2
0,1,37143,37146,111429,111430,111431,111434,111435,111436,222859,222860,222861,222862,222863,222866,222867,222868,222869,222870,1,-1,2,-2,1,3,1,-1,-3,-1,2,2,5,2,2,-2,-2,-5,-2,-2
0,1,37145,37148,111435,111436,111437,111440,111441,111442,222871,222872,222873,222874,222875,222878,222879,222880,222881,222882,1,-1,2,-2,1,3,1,-1,-3,-1,2,2,5,2,2,-2,-2,-5,-2,-2
0,1,37147,37150,111441,111442,111443,111446,111447,111448,222883,222884,222885,222886,222887,222890,222891,222892,222893,222894,1,-1,2,-2,1,3,1,-1,-3,-1,2,2,5,2,2,-2,-2,-5,-2,-2
0,1,37149,37152,111447,111448,111449,111452,111453,111454,222895,222896,222897,222898,222899,222902,222903,222904,222905,222906,1,-1,2,-2,1,3,1,-1,-3,-1,2,2,5,2,2,-2,-2,-5,-2,-2
0,1,37151,37154,111453,111454,111455,111458,111459,111460,222907,222908,222909,222910,222911,222914,222915,222916,222917,222918,1,-1,2,-2,1,3,1,-1,-3,-1,2,2,5,2,2,-2,-2,-5,-2,-2
0,1,37153,37156,111459,111460,111461,111464,111465,111466,222919,222920,222921,222922,222923,222926,222927,222928,222929,222930,1,-1,2,-2,1,3,1,-1,-3,-1,2,2,5,2,2,-2,-2,-5,-2,-2
0,1,37155,37158,111465,111466,111467,111470,111471,111472,222931,222932,222933,222934,222935,222938,222939,222940,222941,222942,1,-1,2,-2,1,3,1,-1,-3,-1,2,2,5,2,2,-2,-2,-5,-2,-2
0,1,37157,37160,111471,111472,111473,111476,111477,111478,222943,222944,222945,222946,222947,222950,222951,222952,222953,222954,1,-1,2,-2,1,3,1,-1,-3,-1,2,2,5,2,2,-2,-2,-5,-2,-2
0,1,37159,37162,111477,111478,111479,111482,111483,111484,222955,222956,222957,222958,222959,222962,222963,222964,222965,222966,1,-1,2,-2,1,3,1,-1,-3,-1,2,2,5,2,2,-2,-2,-5,-2,-2
0,1,37161,37164,111483,111484,111485,111488,111489,111490,222967,222968,222969,222970,222971,222974,222975,222976,222977,222978,1,-1,2,-2,1,3,1,-1,-3,-1,2,2,5,2,2,-2,-2,-5,-2,-2
0,1,37163,37166,111489,111490,111491,111494,111495,111496,222979,222980,222981,222982,222983,222986,222987,222988,222989,222990,1,-1,2,-2,1,3,1,-1,-3,-1,2,2,5,2,2,-2,-2,-5,-2,-2
0,1,37165,37168,111495,111496,111497,111500,111501,111502,222991,222992,222993,222994,222995,222998,222999,223000,223001,223002,1,-1,2,-2,1,3,1,-1,-3,-1,2,2,5,2,2,-2,-2,-5,-2,-2
0,1,37167,37170,111501,111502,111503,111506,111507,111508,223003,223004,223005,223006,223007,223010,223011,223012,223013,223014,1,-1,2,-2,1,3,1,-1,-3,-1,2,2,5,2,2,-2,-2,-5,-2,-2
0,1,37169,37172,111507,111508,111509,111512,111513,111514,223015,223016,223017,223018,223019,223022,223023,223024,223025,223026,1,-1,2,-2,1,3,1,-1,-3,-1,2,2,5,2,2,-2,-2,-5,-2,-2
0,1,37171,37174,111513,111514,111515,111518,111519,111520,223027,223028,223029,223030,223031,223034,223035,223036,223037,223038,1,-1,2,-2,1,3,1,-1,-3,-1,2,2,5,2,2,-2,-2,-5,-2,-2
0,1,37173,37176,111519,111520,111521,111524,111525,111526,223039,223040,223041,223042,223043,223046,223047,223048,223049,223050,1,-1,2,-2,1,3,1,-1,-3,-1,2,2,5,2,2,-2,-2,-5,-2,-2
0,1,37175,37178,111525,111526,111527,111530,111531,111532,223051,223052,223053,223054,223055,223058,223059,223060,223061,223062,1,-1,2,-2,1,3,1,-1,-3,-1,2,2,5,2,2,-2,-2,-5,-2,-2
0,1,37177,37180,111531,111532,111533,111536,111537,111538,223063,223064,223065,223066,223067,223070,223071,223072,223073,223074,1,-1,2,-2,1,3,1,-1,-3,-1,2,2,5,2,2,-2,-2,-5,-2,-2
0,1,37179,37182,111537,111538,111539,111542,111543,111544,223075,223076,223077,223078,223079,223082,223083,223084,223085,223086,1,-1,2,-2,1,3,1,-1,-3,-1,2,2,5,2,2,-2,-2,-5,-2,-2
0,1,37181,37184,111543,111544,111545,111548,111549,111550,223087,223088,223089,223090,223091,223094,223095,223096,223097,223098,1,-1,2,-2,1,3,1,-1,-3,-1,2,2,5,2,2,-2,-2,-5,-2,-2
0,1,37183,37186,111549,111550,111551,111554,111555,111556,223099,223100,223101,223102,223103,223106,223107,223108,223109,223110,1,-1,2,-2,1,3,1,-1,-3,-1,2,2,5,2,2,-2,-2,-5,-2,-2
0,1,37185,37188,111555,111556,111557,111560,111561,111562,223111,223112,223113,223114,223115,223118,223119,223120,223121,223122,1,-1,2,-2,1,3,1,-1,-3,-1,2,2,5,2,2,-2,-2,-5,-2,-2
0,1,37187,37190,111561,111562,111563,111566,111567,111568,223123,223124,223125,223126,223127,223130,223131,223132,223133,223134,1,-1,2,-2,1,3,1,-1,-3,-1,2,2,5,2,2,-2,-2,-5,-2,-2
0,1,37189,37192,111567,111568,111569,111572,111573,111574,223135,223136,223137,223138,223139,223142,223143,223144,223145,223146,1,-1,2,-2,1,3,1,-1,-3,-1,2,2,5,2,2,-2,-2,-5,-2,-2
0,1,37191,37194,111573,111574,111575,111578,111579,111580,223147,223148,223149,223150,223151,223154,223155,223156,223157,223158,1,-1,2,-2,1,3,1,-1,-3,-1,2,2,5,2,2,-2,-2,-5,-2,-2
0,1,37193,37196,111579,111580,111581,111584,111585,111586,223159,223160,223161,223162,223163,223166,223167,223168,223169,223170,1,-1,2,-2,1,3,1,-1,-3,-1,2,2,5,2,2,-2,-2,-5,-2,-2
0,1,37195,37198,111585,111586,111587,111590,111591,111592,223171,223172,223173,223174,223175,223178,223179,223180,223181,223182,1,-1,2,-2,1,3,1,-1,-3,-1,2,2,5,2,2,-2,-2,-5,-2,-2
0,1,37197,37200,111591,111592,111593,111596,111597,111598,223183,223184,223185,223186,223187,223190,223191,223192,223193,223194,1,-1,2,-2,1,3,1,-1,-3,-1,2,2,5,2,2,-2,-2,-5,-2,-2
0,1,37199,37202,111597,111598,111599,111602,111603,111604,223195,223196,223197,223198,223199,223202,223203,223204,223205,223206,1,-1,2,-2,1,3,1,-1,-3,-1,2,2,5,2,2,-2,-2,-5,-2,-2
0,1,37201,37204,111603,111604,111605,111608,111609,111610,223207,223208,223209,223210,223211,223214,223215,223216,223217,223218,1,-1,2,-2,1,3,1,-1,-3,-1,2,2,5,2,2,-2,-2,-5,-2,-2
0,1,37203,37206,111609,111610,111611,111614,111615,111616,223219,223220,223221,223222,223223,223226,223227,223228,223229,223230,1,-1,2,-2,1,3,1,-1,-3,-1,2,2,5,2,2,-2,-2,-5,-2,-2
0,1,37205,37208,111615,111616,111617,111620,111621,111622,223231,223232,223233,223234,223235,223238,223239,223240,223241,223242,1,-1,2,-2,1,3,1,-1,-3,-1,2,2,5,2,2,-2,-2,-5,-2,-2
0,1,37207,37210,111621,111622,111623,111626,111627,111628,223243,223244,223245,223246,223247,223250,223251,223252,223253,223254,1,-1,2,-2,1,3,1,-1,-3,-1,2,2,5,2,2,-2,-2,-5,-2,-2
0,1,37209,37212,111627,111628,111629,111632,111633,111634,223255,223256,223257,223258,223259,223262,223263,223264,223265,223266,1,-1,2,-2,1,3,1,-1,-3,-1,2,2,5,2,2,-2,-2,-5,-2,-2
0,1,37211,37214,111633,111634,111635,111638,111639,111640,223267,223268,223269,223270,223271,223274,223275,223276,223277,223278,1,-1,2,-2,1,3,1,-1,-3,-1,2,2,5,2,2,-2,-2,-5,-2,-2
0,1,37213,37216,111639,111640,111641,111644,111645,111646,223279,223280,223281,223282,223283,223286,223287,223288,223289,223290,1,-1,2,-2,1,3,1,-1,-3,-1,2,2,5,2,2,-2,-2,-5,-2,-2
0,1,37215,37218,111645,111646,111647,111650,111651,111652,223291,223292,223293,223294,223295,223298,223299,223300,223301,223302,1,-1,2,-2,1,3,1,-1,-3,-1,2,2,5,2,2,-2,-2,-5,-2,-2
0,1,37217,37220,111651,111652,111653,111656,111657,111658,223303,223304,223305,223306,223307,223310,223311,223312,223313,223314,1,-1,2,-2,1,3,1,-1,-3,-1,2,2,5,2,2,-2,-2,-5,-2,-2
0,1,37219,37222,111657,111658,111659,111662,111663,111664,223315,223316,223317,223318,223319,223322,223323,223324,223325,223326,1,-1,2,-2,1,3,1,-1,-3,-1,2,2,5,2,2,-2,-2,-5,-2,-2
0,1,37221,37224,111663,111664,111665,111668,111669,111670,223327,223328,223329,223330,223331,223334,223335,223336,223337,223338,1,-1,2,-2,1,3,1,-1,-3,-1,2,2,5,2,2,-2,-2,-5,-2,-2
0,1,37223,37226,111669,111670,111671,111674,111675,111676,223339,223340,223341,223342,223343,223346,223347,223348,223349,223350,1,-1,2,-2,1,3,1,-1,-3,-1,2,2,5,2,2,-2,-2,-5,-2,-2
0,1,37225,37228,111675,111676,111677,111680,111681,111682,223351,223352,223353,223354,223355,223358,223359,223360,223361,223362,1,-1,2,-2,1,3,1,-1,-3,-1,2,2,5,2,2,-2,-2,-5,-2,-2
0,1,37227,37230,111681,111682,111683,111686,111687,111688,223363,223364,223365,223366,223367,223370,223371,223372,223373,223374,1,-1,2,-2,1,3,1,-1,-3,-1,2,2,5,2,2,-2,-2,-5,-2,-2
0,1,37229,37232,111687,111688,111689,111692,111693,111694,223375,223376,223377,223378,223379,223382,223383,223384,223385,223386,1,-1,2,-2,1,3,1,-1,-3,-1,2,2,5,2,2,-2,-2,-5,-2,-2
0,1,37231,37234,111693,111694,111695,111698,111699,111700,223387,223388,223389,223390,223391,223394,223395,223396,223397,223398,1,-1,2,-2,1,3,1,-1,-3,-1,2,2,5,2,2,-2,-2,-5,-2,-2
0,1,37233,37236,111699,111700,111701,111704,111705,111706,223399,223400,223401,223402,223403,223406,223407,223408,223409,223410,1,-1,2,-2,1,3,1,-1,-3,-1,2,2,5,2,2,-2,-2,-5,-2,-2
0,1,37235,37238,111705,111706,111707,111710,111711,111712,223411,223412,223413,223414,223415,223418,223419,223420,223421,223422,1,-1,2,-2,1,3,1,-1,-3,-1,2,2,5,2,2,-2,-2,-5,-2,-2
0,1,37237,37240,111711,111712,111713,111716,111717,111718,223423,223424,223425,223426,223427,223430,223431,223432,223433,223434,1,-1,2,-2,1,3,1,-1,-3,-1,2,2,5,2,2,-2,-2,-5,-2,-2
0,1,37239,37242,111717,111718,111719,111722,111723,111724,223435,223436,223437,223438,223439,223442,223443,223444,223445,223446,1,-1,2,-2,1,3,1,-1,-3,-1,2,2,5,2,2,-2,-2,-5,-2,-2
0,1,37241,37244,111723,111724,111725,111728,111729,111730,223447,223448,223449,223450,223451,223454,223455,223456,223457,223458,1,-1,2,-2,1,3,1,-1,-3,-1,2,2,5,2,2,-2,-2,-5,-2,-2
0,1,37243,37246,111729,111730,111731,111734,111735,111736,223459,223460,223461,223462,223463,223466,223467,223468,223469,223470,1,-1,2,-2,1,3,1,-1,-3,-1,2,2,5,2,2,-2,-2,-5,-2,-2
0,1,37245,37248,111735,111736,111737,111740,111741,111742,223471,223472,223473,223474,223475,223478,223479,223480,223481,223482,1,-1,2,-2,1,3,1,-1,-3,-1,2,2,5,2,2,-2,-2,-5,-2,-2
0,1,37247,37250,111741,111742,111743,111746,111747,111748,223483,223484,223485,223486,223487,223490,223491,223492,223493,223494,1,-1,2,-2,1,3,1,-1,-3,-1,2,2,5,2,2,-2,-2,-5,-2,-2
0,1,37249,37252,111747,111748,111749,111752,111753,111754,223495,223496,223497,223498,223499,223502,223503,223504,223505,223506,1,-1,2,-2,1,3,1,-1,-3,-1,2,2,5,2,2,-2,-2,-5,-2,-2
0,1,37251,37254,111753,111754,111755,111758,111759,111760,223507,223508,223509,223510,223511,223514,223515,223516,223517,223518,1,-1,2,-2,1,3,1,-1,-3,-1,2,2,5,2,2,-2,-2,-5,-2,-2
0,1,37253,37256,111759,111760,111761,111764,111765,111766,223519,223520,223521,223522,223523,223526,223527,223528,223529,223530,1,-1,2,-2,1,3,1,-1,-3,-1,2,2,5,2,2,-2,-2,-5,-2,-2
0,1,37255,37258,111765,111766,111767,111770,111771,111772,223531,223532,223533,223534,223535,223538,223539,223540,223541,223542,1,-1,2,-2,1,3,1,-1,-3,-1,2,2,5,2,2,-2,-2,-5,-2,-2
0,1,37257,37260,111771,111772,111773,111776,111777,111778,223543,223544,223545,223546,223547,223550,223551,223552,223553,223554,1,-1,2,-2,1,3,1,-1,-3,-1,2,2,5,2,2,-2,-2,-5,-2,-2
0,1,37259,37262,111777,111778,111779,111782,111783,111784,223555,223556,223557,223558,223559,223562,223563,223564,223565,223566,1,-1,2,-2,1,3,1,-1,-3,-1,2,2,5,2,2,-2,-2,-5,-2,-2
0,1,37261,37264,111783,111784,111785,111788,111789,111790,223567,223568,223569,223570,223571,223574,223575,223576,223577,223578,1,-1,2,-2,1,3,1,-1,-3,-1,2,2,5,2,2,-2,-2,-5,-2,-2
0,1,37263,37266,111789,111790,111791,111794,111795,111796,223579,223580,223581,223582,223583,223586,223587,223588,223589,223590,1,-1,2,-2,1,3,1,-1,-3,-1,2,2,5,2,2,-2,-2,-5,-2,-2
0,1,37265,37268,111795,111796,111797,111800,111801,111802,223591,223592,223593,223594,223595,223598,223599,223600,223601,223602,1,-1,2,-2,1,3,1,-1,-3,-1,2,2,5,2,2,-2,-2,-5,-2,-2
0,1,37267,37270,111801,111802,111803,111806,111807,111808,223603,223604,223605,223606,223607,223610,223611,223612,223613,223614,1,-1,2,-2,1,3,1,-1,-3,-1,2,2,5,2,2,-2,-2,-5,-2,-2
0,1,37269,37272,111807,111808,111809,111812,111813,111814,223615,223616,223617,223618,223619,223622,223623,223624,223625,223626,1,-1,2,-2,1,3,1,-1,-3,-1,2,2,5,2,2,-2,-2,-5,-2,-2
0,1,37271,37274,111813,111814,111815,111818,111819,111820,223627,223628,223629,223630,223631,223634,223635,223636,223637,223638,1,-1,2,-2,1,3,1,-1,-3,-1,2,2,5,2,2,-2,-2,-5,-2,-2
0,1,37273,37276,111819,111820,111821,111824,111825,111826,223639,223640,223641,223642,223643,223646,223647,223648,223649,223650,1,-1,2,-2,1,3,1,-1,-3,-1,2,2,5,2,2,-2,-2,-5,-2,-2
0,1,37275,37278,111825,111826,111827,111830,111831,111832,223651,223652,223653,223654,223655,223658,223659,223660,223661,223662,1,-1,2,-2,1,3,1,-1,-3,-1,2,2,5,2,2,-2,-2,-5,-2,-2
0,1,37277,37280,111831,111832,111833,111836,111837,111838,223663,223664,223665,223666,223667,223670,223671,223672,223673,223674,1,-1,2,-2,1,3,1,-1,-3,-1,2,2,5,2,2,-2,-2,-5,-2,-2
0,1,37279,37282,111837,111838,111839,111842,111843,111844,223675,223676,223677,223678,223679,223682,223683,223684,223685,223686,1,-1,2,-2,1,3,1,-1,-3,-1,2,2,5,2,2,-2,-2,-5,-2,-2
0,1,37281,37284,111843,111844,111845,111848,111849,111850,223687,223688,223689,223690,223691,223694,223695,223696,223697,223698,1,-1,2,-2,1,3,1,-1,-3,-1,2,2,5,2,2,-2,-2,-5,-2,-2
0,1,37283,37286,111849,111850,111851,111854,111855,111856,223699,223700,223701,223702,223703,223706,223707,223708,223709,223710,1,-1,2,-2,1,3,1,-1,-3,-1,2,2,5,2,2,-2,-2,-5,-2,-2
0,1,37285,37288,111855,111856,111857,111860,111861,111862,223711,223712,223713,223714,223715,223718,223719,223720,223721,223722,1,-1,2,-2,1,3,1,-1,-3,-1,2,2,5,2,2,-2,-2,-5,-2,-2
0,1,37287,37290,111861,111862,111863,111866,111867,111868,223723,223724,223725,223726,223727,223730,223731,223732,223733,223734,1,-1,2,-2,1,3,1,-1,-3,-1,2,2,5,2,2,-2,-2,-5,-2,-2
0,1,37289,37292,111867,111868,111869,111872,111873,111874,223735,223736,223737,223738,223739,223742,223743,223744,223745,223746,1,-1,2,-2,1,3,1,-1,-3,-1,2,2,5,2,2,-2,-2,-5,-2,-2
0,1,37291,37294,111873,111874,111875,111878,111879,111880,223747,223748,223749,223750,223751,223754,223755,223756,223757,223758,1,-1,2,-2,1,3,1,-1,-3,-1,2,2,5,2,2,-2,-2,-5,-2,-2
0,1,37293,37296,111879,111880,111881,111884,111885,111886,223759,223760,223761,223762,223763,223766,223767,223768,223769,223770,1,-1,2,-2,1,3,1,-1,-3,-1,2,2,5,2,2,-2,-2,-5,-2,-2
0,1,37295,37298,111885,111886,111887,111890,111891,111892,223771,223772,223773,223774,223775,223778,223779,223780,223781,223782,1,-1,2,-2,1,3,1,-1,-3,-1,2,2,5,2,2,-2,-2,-5,-2,-2
0,1,37297,37300,111891,111892,111893,111896,111897,111898,223783,223784,223785,223786,223787,223790,223791,223792,223793,223794,1,-1,2,-2,1,3,1,-1,-3,-1,2,2,5,2,2,-2,-2,-5,-2,-2
0,1,37299,37302,111897,111898,111899,111902,111903,111904,223795,223796,223797,223798,223799,223802,223803,223804,223805,223806,1,-1,2,-2,1,3,1,-1,-3,-1,2,2,5,2,2,-2,-2,-5,-2,-2
0,1,37301,37304,111903,111904,111905,111908,111909,111910,223807,223808,223809,223810,223811,223814,223815,223816,223817,223818,1,-1,2,-2,1,3,1,-1,-3,-1,2,2,5,2,2,-2,-2,-5,-2,-2
0,1,37303,37306,111909,111910,111911,111914,111915,111916,223819,223820,223821,223822,223823,223826,223827,223828,223829,223830,1,-1,2,-2,1,3,1,-1,-3,-1,2,2,5,2,2,-2,-2,-5,-2,-2
0,1,37305,37308,111915,111916,111917,111920,111921,111922,223831,223832,223833,223834,223835,223838,223839,223840,223841,223842,1,-1,2,-2,1,3,1,-1,-3,-1,2,2,5,2,2,-2,-2,-5,-2,-2
0,1,37307,37310,111921,111922,111923,111926,111927,111928,223843,223844,223845,223846,223847,223850,223851,223852,223853,223854,1,-1,2,-2,1,3,1,-1,-3,-1,2,2,5,2,2,-2,-2,-5,-2,-2
0,1,37309,37312,111927,111928,111929,111932,111933,111934,223855,223856,223857,223858,223859,223862,223863,223864,223865,223866,1,-1,2,-2,1,3,1,-1,-3,-1,2,2,5,2,2,-2,-2,-5,-2,-2
0,1,37311,37314,111933,111934,111935,111938,111939,111940,223867,223868,223869,223870,223871,223874,223875,223876,223877,223878,1,-1,2,-2,1,3,1,-1,-3,-1,2,2,5,2,2,-2,-2,-5,-2,-2
0,1,37313,37316,111939,111940,111941,111944,111945,111946,223879,223880,223881,223882,223883,223886,223887,223888,223889,223890,1,-1,2,-2,1,3,1,-1,-3,-1,2,2,5,2,2,-2,-2,-5,-2,-2
0,1,37315,37318,111945,111946,111947,111950,111951,111952,223891,223892,223893,223894,223895,223898,223899,223900,223901,223902,1,-1,2,-2,1,3,1,-1,-3,-1,2,2,5,2,2,-2,-2,-5,-2,-2
0,1,37317,37320,111951,111952,111953,111956,111957,111958,223903,223904,223905,223906,223907,223910,223911,223912,223913,223914,1,-1,2,-2,1,3,1,-1,-3,-1,2,2,5,2,2,-2,-2,-5,-2,-2
0,1,37319,37322,111957,111958,111959,111962,111963,111964,223915,223916,223917,223918,223919,223922,223923,223924,223925,223926,1,-1,2,-2,1,3,1,-1,-3,-1,2,2,5,2,2,-2,-2,-5,-2,-2
0,1,37321,37324,111963,111964,111965,111968,111969,111970,223927,223928,223929,223930,223931,223934,223935,223936,223937,223938,1,-1,2,-2,1,3,1,-1,-3,-1,2,2,5,2,2,-2,-2,-5,-2,-2
0,1,37323,37326,111969,111970,111971,111974,111975,111976,223939,223940,223941,223942,223943,223946,223947,223948,223949,223950,1,-1,2,-2,1,3,1,-1,-3,-1,2,2,5,2,2,-2,-2,-5,-2,-2
0,1,37325,37328,111975,111976,111977,111980,111981,111982,223951,223952,223953,223954,223955,223958,223959,223960,223961,223962,1,-1,2,-2,1,3,1,-1,-3,-1,2,2,5,2,2,-2,-2,-5,-2,-2
0,1,37327,37330,111981,111982,111983,111986,111987,111988,223963,223964,223965,223966,223967,223970,223971,223972,223973,223974,1,-1,2,-2,1,3,1,-1,-3,-1,2,2,5,2,2,-2,-2,-5,-2,-2
0,1,37329,37332,111987,111988,111989,111992,111993,111994,223975,223976,223977,223978,223979,223982,223983,223984,223985,223986,1,-1,2,-2,1,3,1,-1,-3,-1,2,2,5,2,2,-2,-2,-5,-2,-2
0,1,37331,37334,111993,111994,111995,111998,111999,112000,223987,223988,223989,223990,223991,223994,223995,223996,223997,223998,1,-1,2,-2,1,3,1,-1,-3,-1,2,2,5,2,2,-2,-2,-5,-2,-2
0,1,37333,37336,111999,112000,112001,112004,112005,112006,223999,224000,224001,224002,224003,224006,224007,224008,224009,224010,1,-1,2,-2,1,3,1,-1,-3,-1,2,2,5,2,2,-2,-2,-5,-2,-2
0,1,37335,37338,112005,112006,112007,112010,112011,112012,224011,224012,224013,224014,224015,224018,224019,224020,224021,224022,1,-1,2,-2,1,3,1,-1,-3,-1,2,2,5,2,2,-2,-2,-5,-2,-2
0,1,37337,37340,112011,112012,112013,112016,112017,112018,224023,224024,224025,224026,224027,224030,224031,224032,224033,224034,1,-1,2,-2,1,3,1,-1,-3,-1,2,2,5,2,2,-2,-2,-5,-2,-2
0,1,37339,37342,112017,112018,112019,112022,112023,112024,224035,224036,224037,224038,224039,224042,224043,224044,224045,224046,1,-1,2,-2,1,3,1,-1,-3,-1,2,2,5,2,2,-2,-2,-5,-2,-2
0,1,37341,37344,112023,112024,112025,112028,112029,112030,224047,224048,224049,224050,224051,224054,224055,224056,224057,224058,1,-1,2,-2,1,3,1,-1,-3,-1,2,2,5,2,2,-2,-2,-5,-2,-2
0,1,37343,37346,112029,112030,112031,112034,112035,112036,224059,224060,224061,224062,224063,224066,224067,224068,224069,224070,1,-1,2,-2,1,3,1,-1,-3,-1,2,2,5,2,2,-2,-2,-5,-2,-2
0,1,37345,37348,112035,112036,112037,112040,112041,112042,224071,224072,224073,224074,224075,224078,224079,224080,224081,224082,1,-1,2,-2,1,3,1,-1,-3,-1,2,2,5,2,2,-2,-2,-5,-2,-2
0,1,37347,37350,112041,112042,112043,112046,112047,112048,224083,224084,224085,224086,224087,224090,224091,224092,224093,224094,1,-1,2,-2,1,3,1,-1,-3,-1,2,2,5,2,2,-2,-2,-5,-2,-2
0,1,37349,37352,112047,112048,112049,112052,112053,112054,224095,224096,224097,224098,224099,224102,224103,224104,224105,224106,1,-1,2,-2,1,3,1,-1,-3,-1,2,2,5,2,2,-2,-2,-5,-2,-2
0,1,37351,37354,112053,112054,112055,112058,112059,112060,224107,224108,224109,224110,224111,224114,224115,224116,224117,224118,1,-1,2,-2,1,3,1,-1,-3,-1,2,2,5,2,2,-2,-2,-5,-2,-2
0,1,37353,37356,112059,112060,112061,112064,112065,112066,224119,224120,224121,224122,224123,224126,224127,224128,224129,224130,1,-1,2,-2,1,3,1,-1,-3,-1,2,2,5,2,2,-2,-2,-5,-2,-2
0,1,37355,37358,112065,112066,112067,112070,112071,112072,224131,224132,224133,224134,224135,224138,224139,224140,224141,224142,1,-1,2,-2,1,3,1,-1,-3,-1,2,2,5,2,2,-2,-2,-5,-2,-2
0,1,37357,37360,112071,112072,112073,112076,112077,112078,224143,224144,224145,224146,224147,224150,224151,224152,224153,224154,1,-1,2,-2,1,3,1,-1,-3,-1,2,2,5,2,2,-2,-2,-5,-2,-2
0,1,37359,37362,112077,112078,112079,112082,112083,112084,224155,224156,224157,224158,224159,224162,224163,224164,224165,224166,1,-1,2,-2,1,3,1,-1,-3,-1,2,2,5,2,2,-2,-2,-5,-2,-2
0,1,37361,37364,112083,112084,112085,112088,112089,112090,224167,224168,224169,224170,224171,224174,224175,224176,224177,224178,1,-1,2,-2,1,3,1,-1,-3,-1,2,2,5,2,2,-2,-2,-5,-2,-2
0,1,37363,37366,112089,112090,112091,112094,112095,112096,224179,224180,224181,224182,224183,224186,224187,224188,224189,224190,1,-1,2,-2,1,3,1,-1,-3,-1,2,2,5,2,2,-2,-2,-5,-2,-2
0,1,37365,37368,112095,112096,112097,112100,112101,112102,224191,224192,224193,224194,224195,224198,224199,224200,224201,224202,1,-1,2,-2,1,3,1,-1,-3,-1,2,2,5,2,2,-2,-2,-5,-2,-2
0,1,37367,37370,112101,112102,112103,112106,112107,112108,224203,224204,224205,224206,224207,224210,224211,224212,224213,224214,1,-1,2,-2,1,3,1,-1,-3,-1,2,2,5,2,2,-2,-2,-5,-2,-2
0,1,37369,37372,112107,112108,112109,112112,112113,112114,224215,224216,224217,224218,224219,224222,224223,224224,224225,224226,1,-1,2,-2,1,3,1,-1,-3,-1,2,2,5,2,2,-2,-2,-5,-2,-2
0,1,37371,37374,112113,112114,112115,112118,112119,112120,224227,224228,224229,224230,224231,224234,224235,224236,224237,224238,1,-1,2,-2,1,3,1,-1,-3,-1,2,2,5,2,2,-2,-2,-5,-2,-2
0,1,37373,37376,112119,112120,112121,112124,112125,112126,224239,224240,224241,224242,224243,224246,224247,224248,224249,224250,1,-1,2,-2,1,3,1,-1,-3,-1,2,2,5,2,2,-2,-2,-5,-2,-2
0,1,37375,37378,112125,112126,112127,112130,112131,112132,224251,224252,224253,224254,224255,224258,224259,224260,224261,224262,1,-1,2,-2,1,3,1,-1,-3,-1,2,2,5,2,2,-2,-2,-5,-2,-2
0,1,37377,37380,112131,112132,112133,112136,112137,112138,224263,224264,224265,224266,224267,224270,224271,224272,224273,224274,1,-1,2,-2,1,3,1,-1,-3,-1,2,2,5,2,2,-2,-2,-5,-2,-2
0,1,37379,37382,112137,112138,112139,112142,112143,112144,224275,224276,224277,224278,224279,224282,224283,224284,224285,224286,1,-1,2,-2,1,3,1,-1,-3,-1,2,2,5,2,2,-2,-2,-5,-2,-2
0,1,37381,37384,112143,112144,112145,112148,112149,112150,224287,224288,224289,224290,224291,224294,224295,224296,224297,224298,1,-1,2,-2,1,3,1,-1,-3,-1,2,2,5,2,2,-2,-2,-5,-2,-2
0,1,37383,37386,112149,112150,112151,112154,112155,112156,224299,224300,224301,224302,224303,224306,224307,224308,224309,224310,1,-1,2,-2,1,3,1,-1,-3,-1,2,2,5,2,2,-2,-2,-5,-2,-2
0,1,37385,37388,112155,112156,112157,112160,112161,112162,224311,224312,224313,224314,224315,224318,224319,224320,224321,224322,1,-1,2,-2,1,3,1,-1,-3,-1,2,2,5,2,2,-2,-2,-5,-2,-2
0,1,37387,37390,112161,112162,112163,112166,112167,112168,224323,224324,224325,224326,224327,224330,224331,224332,224333,224334,1,-1,2,-2,1,3,1,-1,-3,-1,2,2,5,2,2,-2,-2,-5,-2,-2
0,1,37389,37392,112167,112168,112169,112172,112173,112174,224335,224336,224337,224338,224339,224342,224343,224344,224345,224346,1,-1,2,-2,1,3,1,-1,-3,-1,2,2,5,2,2,-2,-2,-5,-2,-2
0,1,37391,37394,112173,112174,112175,112178,112179,112180,224347,224348,224349,224350,224351,224354,224355,224356,224357,224358,1,-1,2,-2,1,3,1,-1,-3,-1,2,2,5,2,2,-2,-2,-5,-2,-2
0,1,37393,37396,112179,112180,112181,112184,112185,112186,224359,224360,224361,224362,224363,224366,224367,224368,224369,224370,1,-1,2,-2,1,3,1,-1,-3,-1,2,2,5,2,2,-2,-2,-5,-2,-2
0,1,37395,37398,112185,112186,112187,112190,112191,112192,224371,224372,224373,224374,224375,224378,224379,224380,224381,224382,1,-1,2,-2,1,3,1,-1,-3,-1,2,2,5,2,2,-2,-2,-5,-2,-2
0,1,37397,37400,112191,112192,112193,112196,112197,112198,224383,224384,224385,224386,224387,224390,224391,224392,224393,224394,1,-1,2,-2,1,3,1,-1,-3,-1,2,2,5,2,2,-2,-2,-5,-2,-2
0,1,37399,37402,112197,112198,112199,112202,112203,112204,224395,224396,224397,224398,224399,224402,224403,224404,224405,224406,1,-1,2,-2,1,3,1,-1,-3,-1,2,2,5,2,2,-2,-2,-5,-2,-2
0,1,37401,37404,112203,112204,112205,112208,112209,112210,224407,224408,224409,224410,224411,224414,224415,224416,224417,224418,1,-1,2,-2,1,3,1,-1,-3,-1,2,2,5,2,2,-2,-2,-5,-2,-2
0,1,37403,37406,112209,112210,112211,112214,112215,112216,224419,224420,224421,224422,224423,224426,224427,224428,224429,224430,1,-1,2,-2,1,3,1,-1,-3,-1,2,2,5,2,2,-2,-2,-5,-2,-2
0,1,37405,37408,112215,112216,112217,112220,112221,112222,224431,224432,224433,224434,224435,224438,224439,224440,224441,224442,1,-1,2,-2,1,3,1,-1,-3,-1,2,2,5,2,2,-2,-2,-5,-2,-2
0,1,37407,37410,112221,112222,112223,112226,112227,112228,224443,224444,224445,224446,224447,224450,224451,224452,224453,224454,1,-1,2,-2,1,3,1,-1,-3,-1,2,2,5,2,2,-2,-2,-5,-2,-2
0,1,37409,37412,112227,112228,112229,112232,112233,112234,224455,224456,224457,224458,224459,224462,224463,224464,224465,224466,1,-1,2,-2,1,3,1,-1,-3,-1,2,2,5,2,2,-2,-2,-5,-2,-2
0,1,37411,37414,112233,112234,112235,112238,112239,112240,224467,224468,224469,224470,224471,224474,224475,224476,224477,224478,1,-1,2,-2,1,3,1,-1,-3,-1,2,2,5,2,2,-2,-2,-5,-2,-2
0,1,37413,37416,112239,112240,112241,112244,112245,112246,224479,224480,224481,224482,224483,224486,224487,224488,224489,224490,1,-1,2,-2,1,3,1,-1,-3,-1,2,2,5,2,2,-2,-2,-5,-2,-2
0,1,37415,37418,112245,112246,112247,112250,112251,112252,224491,224492,224493,224494,224495,224498,224499,224500,224501,224502,1,-1,2,-2,1,3,1,-1,-3,-1,2,2,5,2,2,-2,-2,-5,-2,-2
0,1,37417,37420,112251,112252,112253,112256,112257,112258,224503,224504,224505,224506,224507,224510,224511,224512,224513,224514,1,-1,2,-2,1,3,1,-1,-3,-1,2,2,5,2,2,-2,-2,-5,-2,-2
0,1,37419,37422,112257,112258,112259,112262,112263,112264,224515,224516,224517,224518,224519,224522,224523,224524,224525,224526,1,-1,2,-2,1,3,1,-1,-3,-1,2,2,5,2,2,-2,-2,-5,-2,-2
0,1,37421,37424,112263,112264,112265,112268,112269,112270,224527,224528,224529,224530,224531,224534,224535,224536,224537,224538,1,-1,2,-2,1,3,1,-1,-3,-1,2,2,5,2,2,-2,-2,-5,-2,-2
0,1,37423,37426,112269,112270,112271,112274,112275,112276,224539,224540,224541,224542,224543,224546,224547,224548,224549,224550,1,-1,2,-2,1,3,1,-1,-3,-1,2,2,5,2,2,-2,-2,-5,-2,-2
0,1,37425,37428,112275,112276,112277,112280,112281,112282,224551,224552,224553,224554,224555,224558,224559,224560,224561,224562,1,-1,2,-2,1,3,1,-1,-3,-1,2,2,5,2,2,-2,-2,-5,-2,-2
0,1,37427,37430,112281,112282,112283,112286,112287,112288,224563,224564,224565,224566,224567,224570,224571,224572,224573,224574,1,-1,2,-2,1,3,1,-1,-3,-1,2,2,5,2,2,-2,-2,-5,-2,-2
0,1,37429,37432,112287,112288,112289,112292,112293,112294,224575,224576,224577,224578,224579,224582,224583,224584,224585,224586,1,-1,2,-2,1,3,1,-1,-3,-1,2,2,5,2,2,-2,-2,-5,-2,-2
0,1,37431,37434,112293,112294,112295,112298,112299,112300,224587,224588,224589,224590,224591,224594,224595,224596,224597,224598,1,-1,2,-2,1,3,1,-1,-3,-1,2,2,5,2,2,-2,-2,-5,-2,-2
0,1,37433,37436,112299,112300,112301,112304,112305,112306,224599,224600,224601,224602,224603,224606,224607,224608,224609,224610,1,-1,2,-2,1,3,1,-1,-3,-1,2,2,5,2,2,-2,-2,-5,-2,-2
0,1,37435,37438,112305,112306,112307,112310,112311,112312,224611,224612,224613,224614,224615,224618,224619,224620,224621,224622,1,-1,2,-2,1,3,1,-1,-3,-1,2,2,5,2,2,-2,-2,-5,-2,-2
0,1,37437,37440,112311,112312,112313,112316,112317,112318,224623,224624,224625,224626,224627,224630,224631,224632,224633,224634,1,-1,2,-2,1,3,1,-1,-3,-1,2,2,5,2,2,-2,-2,-5,-2,-2
0,1,37439,37442,112317,112318,112319,112322,112323,112324,224635,224636,224637,224638,224639,224642,224643,224644,224645,224646,1,-1,2,-2,1,3,1,-1,-3,-1,2,2,5,2,2,-2,-2,-5,-2,-2
0,1,37441,37444,112323,112324,112325,112328,112329,112330,224647,224648,224649,224650,224651,224654,224655,224656,224657,224658,1,-1,2,-2,1,3,1,-1,-3,-1,2,2,5,2,2,-2,-2,-5,-2,-2
0,1,37443,37446,112329,112330,112331,112334,112335,112336,224659,224660,224661,224662,224663,224666,224667,224668,224669,224670,1,-1,2,-2,1,3,1,-1,-3,-1,2,2,5,2,2,-2,-2,-5,-2,-2
0,1,37445,37448,112335,112336,112337,112340,112341,112342,224671,224672,224673,224674,224675,224678,224679,224680,224681,224682,1,-1,2,-2,1,3,1,-1,-3,-1,2,2,5,2,2,-2,-2,-5,-2,-2
0,1,37447,37450,112341,112342,112343,112346,112347,112348,224683,224684,224685,224686,224687,224690,224691,224692,224693,224694,1,-1,2,-2,1,3,1,-1,-3,-1,2,2,5,2,2,-2,-2,-5,-2,-2
0,1,37449,37452,112347,112348,112349,112352,112353,112354,224695,224696,224697,224698,224699,224702,224703,224704,224705,224706,1,-1,2,-2,1,3,1,-1,-3,-1,2,2,5,2,2,-2,-2,-5,-2,-2
0,1,37451,37454,112353,112354,112355,112358,112359,112360,224707,224708,224709,224710,224711,224714,224715,224716,224717,224718,1,-1,2,-2,1,3,1,-1,-3,-1,2,2,5,2,2,-2,-2,-5,-2,-2
0,1,37453,37456,112359,112360,112361,112364,112365,112366,224719,224720,224721,224722,224723,224726,224727,224728,224729,224730,1,-1,2,-2,1,3,1,-1,-3,-1,2,2,5,2,2,-2,-2,-5,-2,-2
0,1,37455,37458,112365,112366,112367,112370,112371,112372,224731,224732,224733,224734,224735,224738,224739,224740,224741,224742,1,-1,2,-2,1,3,1,-1,-3,-1,2,2,5,2,2,-2,-2,-5,-2,-2
0,1,37457,37460,112371,112372,112373,112376,112377,112378,224743,224744,224745,224746,224747,224750,224751,224752,224753,224754,1,-1,2,-2,1,3,1,-1,-3,-1,2,2,5,2,2,-2,-2,-5,-2,-2
0,1,37459,37462,112377,112378,112379,112382,112383,112384,224755,224756,224757,224758,224759,224762,224763,224764,224765,224766,1,-1,2,-2,1,3,1,-1,-3,-1,2,2,5,2,2,-2,-2,-5,-2,-2
0,1,37461,37464,112383,112384,112385,112388,112389,112390,224767,224768,224769,224770,224771,224774,224775,224776,224777,224778,1,-1,2,-2,1,3,1,-1,-3,-1,2,2,5,2,2,-2,-2,-5,-2,-2
0,1,37463,37466,112389,112390,112391,112394,112395,112396,224779,224780,224781,224782,224783,224786,224787,224788,224789,224790,1,-1,2,-2,1,3,1,-1,-3,-1,2,2,5,2,2,-2,-2,-5,-2,-2
0,1,37465,37468,112395,112396,112397,112400,112401,112402,224791,224792,224793,224794,224795,224798,224799,224800,224801,224802,1,-1,2,-2,1,3,1,-1,-3,-1,2,2,5,2,2,-2,-2,-5,-2,-2
0,1,37467,37470,112401,112402,112403,112406,112407,112408,224803,224804,224805,224806,224807,224810,224811,224812,224813,224814,1,-1,2,-2,1,3,1,-1,-3,-1,2,2,5,2,2,-2,-2,-5,-2,-2
0,1,37469,37472,112407,112408,112409,112412,112413,112414,224815,224816,224817,224818,224819,224822,224823,224824,224825,224826,1,-1,2,-2,1,3,1,-1,-3,-1,2,2,5,2,2,-2,-2,-5,-2,-2
0,1,37471,37474,112413,112414,112415,112418,112419,112420,224827,224828,224829,224830,224831,224834,224835,224836,224837,224838,1,-1,2,-2,1,3,1,-1,-3,-1,2,2,5,2,2,-2,-2,-5,-2,-2
0,1,37473,37476,112419,112420,112421,112424,112425,112426,224839,224840,224841,224842,224843,224846,224847,224848,224849,224850,1,-1,2,-2,1,3,1,-1,-3,-1,2,2,5,2,2,-2,-2,-5,-2,-2
0,1,37475,37478,112425,112426,112427,112430,112431,112432,224851,224852,224853,224854,224855,224858,224859,224860,224861,224862,1,-1,2,-2,1,3,1,-1,-3,-1,2,2,5,2,2,-2,-2,-5,-2,-2
0,1,37477,37480,112431,112432,112433,112436,112437,112438,224863,224864,224865,224866,224867,224870,224871,224872,224873,224874,1,-1,2,-2,1,3,1,-1,-3,-1,2,2,5,2,2,-2,-2,-5,-2,-2
0,1,37479,37482,112437,112438,112439,112442,112443,112444,224875,224876,224877,224878,224879,224882,224883,224884,224885,224886,1,-1,2,-2,1,3,1,-1,-3,-1,2,2,5,2,2,-2,-2,-5,-2,-2
0,1,37481,37484,112443,112444,112445,112448,112449,112450,224887,224888,224889,224890,224891,224894,224895,224896,224897,224898,1,-1,2,-2,1,3,1,-1,-3,-1,2,2,5,2,2,-2,-2,-5,-2,-2
0,1,37483,37486,112449,112450,112451,112454,112455,112456,224899,224900,224901,224902,224903,224906,224907,224908,224909,224910,1,-1,2,-2,1,3,1,-1,-3,-1,2,2,5,2,2,-2,-2,-5,-2,-2
0,1,37485,37488,112455,112456,112457,112460,112461,112462,224911,224912,224913,224914,224915,224918,224919,224920,224921,224922,1,-1,2,-2,1,3,1,-1,-3,-1,2,2,5,2,2,-2,-2,-5,-2,-2
0,1,37487,37490,112461,112462,112463,112466,112467,112468,224923,224924,224925,224926,224927,224930,224931,224932,224933,224934,1,-1,2,-2,1,3,1,-1,-3,-1,2,2,5,2,2,-2,-2,-5,-2,-2
0,1,37489,37492,112467,112468,112469,112472,112473,112474,224935,224936,224937,224938,224939,224942,224943,224944,224945,224946,1,-1,2,-2,1,3,1,-1,-3,-1,2,2,5,2,2,-2,-2,-5,-2,-2
0,1,37491,37494,112473,112474,112475,112478,112479,112480,224947,224948,224949,224950,224951,224954,224955,224956,224957,224958,1,-1,2,-2,1,3,1,-1,-3,-1,2,2,5,2,2,-2,-2,-5,-2,-2
0,1,37493,37496,112479,112480,112481,112484,112485,112486,224959,224960,224961,224962,224963,224966,224967,224968,224969,224970,1,-1,2,-2,1,3,1,-1,-3,-1,2,2,5,2,2,-2,-2,-5,-2,-2
0,1,37495,37498,112485,112486,112487,112490,112491,112492,224971,224972,224973,224974,224975,224978,224979,224980,224981,224982,1,-1,2,-2,1,3,1,-1,-3,-1,2,2,5,2,2,-2,-2,-5,-2,-2
0,1,37497,37500,112491,112492,112493,112496,112497,112498,224983,224984,224985,224986,224987,224990,224991,224992,224993,224994,1,-1,2,-2,1,3,1,-1,-3,-1,2,2,5,2,2,-2,-2,-5,-2,-2
0,1,37499,37502,112497,112498,112499,112502,112503,112504,224995,224996,224997,224998,224999,225002,225003,225004,225005,225006,1,-1,2,-2,1,3,1,-1,-3,-1,2,2,5,2,2,-2,-2,-5,-2,-2
0,1,37501,37504,112503,112504,112505,112508,112509,112510,225007,225008,225009,225010,225011,225014,225015,225016,225017,225018,1,-1,2,-2,1,3,1,-1,-3,-1,2,2,5,2,2,-2,-2,-5,-2,-2
0,1,37503,37506,112509,112510,112511,112514,112515,112516,225019,225020,225021,225022,225023,225026,225027,225028,225029,225030,1,-1,2,-2,1,3,1,-1,-3,-1,2,2,5,2,2,-2,-2,-5,-2,-2
0,1,37505,37508,112515,112516,112517,112520,112521,112522,225031,225032,225033,225034,225035,225038,225039,225040,225041,225042,1,-1,2,-2,1,3,1,-1,-3,-1,2,2,5,2,2,-2,-2,-5,-2,-2
0,1,37507,37510,112521,112522,112523,112526,112527,112528,225043,225044,225045,225046,225047,225050,225051,225052,225053,225054,1,-1,2,-2,1,3,1,-1,-3,-1,2,2,5,2,2,-2,-2,-5,-2,-2
0,1,37509,37512,112527,112528,112529,112532,112533,112534,225055,225056,225057,225058,225059,225062,225063,225064,225065,225066,1,-1,2,-2,1,3,1,-1,-3,-1,2,2,5,2,2,-2,-2,-5,-2,-2
0,1,37511,37514,112533,112534,112535,112538,112539,112540,225067,225068,225069,225070,225071,225074,225075,225076,225077,225078,1,-1,2,-2,1,3,1,-1,-3,-1,2,2,5,2,2,-2,-2,-5,-2,-2
0,1,37513,37516,112539,112540,112541,112544,112545,112546,225079,225080,225081,225082,225083,225086,225087,225088,225089,225090,1,-1,2,-2,1,3,1,-1,-3,-1,2,2,5,2,2,-2,-2,-5,-2,-2
0,1,37515,37518,112545,112546,112547,112550,112551,112552,225091,225092,225093,225094,225095,225098,225099,225100,225101,225102,1,-1,2,-2,1,3,1,-1,-3,-1,2,2,5,2,2,-2,-2,-5,-2,-2
0,1,37517,37520,112551,112552,112553,112556,112557,112558,225103,225104,225105,225106,225107,225110,225111,225112,225113,225114,1,-1,2,-2,1,3,1,-1,-3,-1,2,2,5,2,2,-2,-2,-5,-2,-2
0,1,37519,37522,112557,112558,112559,112562,112563,112564,225115,225116,225117,225118,225119,225122,225123,225124,225125,225126,1,-1,2,-2,1,3,1,-1,-3,-1,2,2,5,2,2,-2,-2,-5,-2,-2
0,1,37521,37524,112563,112564,112565,112568,112569,112570,225127,225128,225129,225130,225131,225134,225135,225136,225137,225138,1,-1,2,-2,1,3,1,-1,-3,-1,2,2,5,2,2,-2,-2,-5,-2,-2
0,1,37523,37526,112569,112570,112571,112574,112575,112576,225139,225140,225141,225142,225143,225146,225147,225148,225149,225150,1,-1,2,-2,1,3,1,-1,-3,-1,2,2,5,2,2,-2,-2,-5,-2,-2
0,1,37525,37528,112575,112576,112577,112580,112581,112582,225151,225152,225153,225154,225155,225158,225159,225160,225161,225162,1,-1,2,-2,1,3,1,-1,-3,-1,2,2,5,2,2,-2,-2,-5,-2,-2
0,1,37527,37530,112581,112582,112583,112586,112587,112588,225163,225164,225165,225166,225167,225170,225171,225172,225173,225174,1,-1,2,-2,1,3,1,-1,-3,-1,2,2,5,2,2,-2,-2,-5,-2,-2
0,1,37529,37532,112587,112588,112589,112592,112593,112594,225175,225176,225177,225178,225179,225182,225183,225184,225185,225186,1,-1,2,-2,1,3,1,-1,-3,-1,2,2,5,2,2,-2,-2,-5,-2,-2
0,1,37531,37534,112593,112594,112595,112598,112599,112600,225187,225188,225189,225190,225191,225194,225195,225196,225197,225198,1,-1,2,-2,1,3,1,-1,-3,-1,2,2,5,2,2,-2,-2,-5,-2,-2
0,1,37533,37536,112599,112600,112601,112604,112605,112606,225199,225200,225201,225202,225203,225206,225207,225208,225209,225210,1,-1,2,-2,1,3,1,-1,-3,-1,2,2,5,2,2,-2,-2,-5,-2,-2
0,1,37535,37538,112605,112606,112607,112610,112611,112612,225211,225212,225213,225214,225215,225218,225219,225220,225221,225222,1,-1,2,-2,1,3,1,-1,-3,-1,2,2,5,2,2,-2,-2,-5,-2,-2
0,1,37537,37540,112611,112612,112613,112616,112617,112618,225223,225224,225225,225226,225227,225230,225231,225232,225233,225234,1,-1,2,-2,1,3,1,-1,-3,-1,2,2,5,2,2,-2,-2,-5,-2,-2
0,1,37539,37542,112617,112618,112619,112622,112623,112624,225235,225236,225237,225238,225239,225242,225243,225244,225245,225246,1,-1,2,-2,1,3,1,-1,-3,-1,2,2,5,2,2,-2,-2,-5,-2,-2
0,1,37541,37544,112623,112624,112625,112628,112629,112630,225247,225248,225249,225250,225251,225254,225255,225256,225257,225258,1,-1,2,-2,1,3,1,-1,-3,-1,2,2,5,2,2,-2,-2,-5,-2,-2
0,1,37543,37546,112629,112630,112631,112634,112635,112636,225259,225260,225261,225262,225263,225266,225267,225268,225269,225270,1,-1,2,-2,1,3,1,-1,-3,-1,2,2,5,2,2,-2,-2,-5,-2,-2
0,1,37545,37548,112635,112636,112637,112640,112641,112642,225271,225272,225273,225274,225275,225278,225279,225280,225281,225282,1,-1,2,-2,1,3,1,-1,-3,-1,2,2,5,2,2,-2,-2,-5,-2,-2
0,1,37547,37550,112641,112642,112643,112646,112647,112648,225283,225284,225285,225286,225287,225290,225291,225292,225293,225294,1,-1,2,-2,1,3,1,-1,-3,-1,2,2,5,2,2,-2,-2,-5,-2,-2
0,1,37549,37552,112647,112648,112649,112652,112653,112654,225295,225296,225297,225298,225299,225302,225303,225304,225305,225306,1,-1,2,-2,1,3,1,-1,-3,-1,2,2,5,2,2,-2,-2,-5,-2,-2
0,1,37551,37554,112653,112654,112655,112658,112659,112660,225307,225308,225309,225310,225311,225314,225315,225316,225317,225318,1,-1,2,-2,1,3,1,-1,-3,-1,2,2,5,2,2,-2,-2,-5,-2,-2
0,1,37553,37556,112659,112660,112661,112664,112665,112666,225319,225320,225321,225322,225323,225326,225327,225328,225329,225330,1,-1,2,-2,1,3,1,-1,-3,-1,2,2,5,2,2,-2,-2,-5,-2,-2
0,1,37555,37558,112665,112666,112667,112670,112671,112672,225331,225332,225333,225334,225335,225338,225339,225340,225341,225342,1,-1,2,-2,1,3,1,-1,-3,-1,2,2,5,2,2,-2,-2,-5,-2,-2
0,1,37557,37560,112671,112672,112673,112676,112677,112678,225343,225344,225345,225346,225347,225350,225351,225352,225353,225354,1,-1,2,-2,1,3,1,-1,-3,-1,2,2,5,2,2,-2,-2,-5,-2,-2
0,1,37559,37562,112677,112678,112679,112682,112683,112684,225355,225356,225357,225358,225359,225362,225363,225364,225365,225366,1,-1,2,-2,1,3,1,-1,-3,-1,2,2,5,2,2,-2,-2,-5,-2,-2
0,1,37561,37564,112683,112684,112685,112688,112689,112690,225367,225368,225369,225370,225371,225374,225375,225376,225377,225378,1,-1,2,-2,1,3,1,-1,-3,-1,2,2,5,2,2,-2,-2,-5,-2,-2
0,1,37563,37566,112689,112690,112691,112694,112695,112696,225379,225380,225381,225382,225383,225386,225387,225388,225389,225390,1,-1,2,-2,1,3,1,-1,-3,-1,2,2,5,2,2,-2,-2,-5,-2,-2
0,1,37565,37568,112695,112696,112697,112700,112701,112702,225391,225392,225393,225394,225395,225398,225399,225400,225401,225402,1,-1,2,-2,1,3,1,-1,-3,-1,2,2,5,2,2,-2,-2,-5,-2,-2
0,1,37567,37570,112701,112702,112703,112706,112707,112708,225403,225404,225405,225406,225407,225410,225411,225412,225413,225414,1,-1,2,-2,1,3,1,-1,-3,-1,2,2,5,2,2,-2,-2,-5,-2,-2
0,1,37569,37572,112707,112708,112709,112712,112713,112714,225415,225416,225417,225418,225419,225422,225423,225424,225425,225426,1,-1,2,-2,1,3,1,-1,-3,-1,2,2,5,2,2,-2,-2,-5,-2,-2
0,1,37571,37574,112713,112714,112715,112718,112719,112720,225427,225428,225429,225430,225431,225434,225435,225436,225437,225438,1,-1,2,-2,1,3,1,-1,-3,-1,2,2,5,2,2,-2,-2,-5,-2,-2
0,1,37573,37576,112719,112720,112721,112724,112725,112726,225439,225440,225441,225442,225443,225446,225447,225448,225449,225450,1,-1,2,-2,1,3,1,-1,-3,-1,2,2,5,2,2,-2,-2,-5,-2,-2
0,1,37575,37578,112725,112726,112727,112730,112731,112732,225451,225452,225453,225454,225455,225458,225459,225460,225461,225462,1,-1,2,-2,1,3,1,-1,-3,-1,2,2,5,2,2,-2,-2,-5,-2,-2
0,1,37577,37580,112731,112732,112733,112736,112737,112738,225463,225464,225465,225466,225467,225470,225471,225472,225473,225474,1,-1,2,-2,1,3,1,-1,-3,-1,2,2,5,2,2,-2,-2,-5,-2,-2
0,1,37579,37582,112737,112738,112739,112742,112743,112744,225475,225476,225477,225478,225479,225482,225483,225484,225485,225486,1,-1,2,-2,1,3,1,-1,-3,-1,2,2,5,2,2,-2,-2,-5,-2,-2
0,1,37581,37584,112743,112744,112745,112748,112749,112750,225487,225488,225489,225490,225491,225494,225495,225496,225497,225498,1,-1,2,-2,1,3,1,-1,-3,-1,2,2,5,2,2,-2,-2,-5,-2,-2
0,1,37583,37586,112749,112750,112751,112754,112755,112756,225499,225500,225501,225502,225503,225506,225507,225508,225509,225510,1,-1,2,-2,1,3,1,-1,-3,-1,2,2,5,2,2,-2,-2,-5,-2,-2
0,1,37585,37588,112755,112756,112757,112760,112761,112762,225511,225512,225513,225514,225515,225518,225519,225520,225521,225522,1,-1,2,-2,1,3,1,-1,-3,-1,2,2,5,2,2,-2,-2,-5,-2,-2
0,1,37587,37590,112761,112762,112763,112766,112767,112768,225523,225524,225525,225526,225527,225530,225531,225532,225533,225534,1,-1,2,-2,1,3,1,-1,-3,-1,2,2,5,2,2,-2,-2,-5,-2,-2
0,1,37589,37592,112767,112768,112769,112772,112773,112774,225535,225536,225537,225538,225539,225542,225543,225544,225545,225546,1,-1,2,-2,1,3,1,-1,-3,-1,2,2,5,2,2,-2,-2,-5,-2,-2
0,1,37591,37594,112773,112774,112775,112778,112779,112780,225547,225548,225549,225550,225551,225554,225555,225556,225557,225558,1,-1,2,-2,1,3,1,-1,-3,-1,2,2,5,2,2,-2,-2,-5,-2,-2
0,1,37593,37596,112779,112780,112781,112784,112785,112786,225559,225560,225561,225562,225563,225566,225567,225568,225569,225570,1,-1,2,-2,1,3,1,-1,-3,-1,2,2,5,2,2,-2,-2,-5,-2,-2
0,1,37595,37598,112785,112786,112787,112790,112791,112792,225571,225572,225573,225574,225575,225578,225579,225580,225581,225582,1,-1,2,-2,1,3,1,-1,-3,-1,2,2,5,2,2,-2,-2,-5,-2,-2
0,1,37597,37600,112791,112792,112793,112796,112797,112798,225583,225584,225585,225586,225587,225590,225591,225592,225593,225594,1,-1,2,-2,1,3,1,-1,-3,-1,2,2,5,2,2,-2,-2,-5,-2,-2
0,1,37599,37602,112797,112798,112799,112802,112803,112804,225595,225596,225597,225598,225599,225602,225603,225604,225605,225606,1,-1,2,-2,1,3,1,-1,-3,-1,2,2,5,2,2,-2,-2,-5,-2,-2
0,1,37601,37604,112803,112804,112805,112808,112809,112810,225607,225608,225609,225610,225611,225614,225615,225616,225617,225618,1,-1,2,-2,1,3,1,-1,-3,-1,2,2,5,2,2,-2,-2,-5,-2,-2
0,1,37603,37606,112809,112810,112811,112814,112815,112816,225619,225620,225621,225622,225623,225626,225627,225628,225629,225630,1,-1,2,-2,1,3,1,-1,-3,-1,2,2,5,2,2,-2,-2,-5,-2,-2
0,1,37605,37608,112815,112816,112817,112820,112821,112822,225631,225632,225633,225634,225635,225638,225639,225640,225641,225642,1,-1,2,-2,1,3,1,-1,-3,-1,2,2,5,2,2,-2,-2,-5,-2,-2
0,1,37607,37610,112821,112822,112823,112826,112827,112828,225643,225644,225645,225646,225647,225650,225651,225652,225653,225654,1,-1,2,-2,1,3,1,-1,-3,-1,2,2,5,2,2,-2,-2,-5,-2,-2
0,1,37609,37612,112827,112828,112829,112832,112833,112834,225655,225656,225657,225658,225659,225662,225663,225664,225665,225666,1,-1,2,-2,1,3,1,-1,-3,-1,2,2,5,2,2,-2,-2,-5,-2,-2
0,1,37611,37614,112833,112834,112835,112838,112839,112840,225667,225668,225669,225670,225671,225674,225675,225676,225677,225678,1,-1,2,-2,1,3,1,-1,-3,-1,2,2,5,2,2,-2,-2,-5,-2,-2
0,1,37613,37616,112839,112840,112841,112844,112845,112846,225679,225680,225681,225682,225683,225686,225687,225688,225689,225690,1,-1,2,-2,1,3,1,-1,-3,-1,2,2,5,2,2,-2,-2,-5,-2,-2
0,1,37615,37618,112845,112846,112847,112850,112851,112852,225691,225692,225693,225694,225695,225698,225699,225700,225701,225702,1,-1,2,-2,1,3,1,-1,-3,-1,2,2,5,2,2,-2,-2,-5,-2,-2
0,1,37617,37620,112851,112852,112853,112856,112857,112858,225703,225704,225705,225706,225707,225710,225711,225712,225713,225714,1,-1,2,-2,1,3,1,-1,-3,-1,2,2,5,2,2,-2,-2,-5,-2,-2
0,1,37619,37622,112857,112858,112859,112862,112863,112864,225715,225716,225717,225718,225719,225722,225723,225724,225725,225726,1,-1,2,-2,1,3,1,-1,-3,-1,2,2,5,2,2,-2,-2,-5,-2,-2
0,1,37621,37624,112863,112864,112865,112868,112869,112870,225727,225728,225729,225730,225731,225734,225735,225736,225737,225738,1,-1,2,-2,1,3,1,-1,-3,-1,2,2,5,2,2,-2,-2,-5,-2,-2
0,1,37623,37626,112869,112870,112871,112874,112875,112876,225739,225740,225741,225742,225743,225746,225747,225748,225749,225750,1,-1,2,-2,1,3,1,-1,-3,-1,2,2,5,2,2,-2,-2,-5,-2,-2
0,1,37625,37628,112875,112876,112877,112880,112881,112882,225751,225752,225753,225754,225755,225758,225759,225760,225761,225762,1,-1,2,-2,1,3,1,-1,-3,-1,2,2,5,2,2,-2,-2,-5,-2,-2
0,1,37627,37630,112881,112882,112883,112886,112887,112888,225763,225764,225765,225766,225767,225770,225771,225772,225773,225774,1,-1,2,-2,1,3,1,-1,-3,-1,2,2,5,2,2,-2,-2,-5,-2,-2
0,1,37629,37632,112887,112888,112889,112892,112893,112894,225775,225776,225777,225778,225779,225782,225783,225784,225785,225786,1,-1,2,-2,1,3,1,-1,-3,-1,2,2,5,2,2,-2,-2,-5,-2,-2
0,1,37631,37634,112893,112894,112895,112898,112899,112900,225787,225788,225789,225790,225791,225794,225795,225796,225797,225798,1,-1,2,-2,1,3,1,-1,-3,-1,2,2,5,2,2,-2,-2,-5,-2,-2
0,1,37633,37636,112899,112900,112901,112904,112905,112906,225799,225800,225801,225802,225803,225806,225807,225808,225809,225810,1,-1,2,-2,1,3,1,-1,-3,-1,2,2,5,2,2,-2,-2,-5,-2,-2
0,1,37635,37638,112905,112906,112907,112910,112911,112912,225811,225812,225813,225814,225815,225818,225819,225820,225821,225822,1,-1,2,-2,1,3,1,-1,-3,-1,2,2,5,2,2,-2,-2,-5,-2,-2
0,1,37637,37640,112911,112912,112913,112916,112917,112918,225823,225824,225825,225826,225827,225830,225831,225832,225833,225834,1,-1,2,-2,1,3,1,-1,-3,-1,2,2,5,2,2,-2,-2,-5,-2,-2
0,1,37639,37642,112917,112918,112919,112922,112923,112924,225835,225836,225837,225838,225839,225842,225843,225844,225845,225846,1,-1,2,-2,1,3,1,-1,-3,-1,2,2,5,2,2,-2,-2,-5,-2,-2
0,1,37641,37644,112923,112924,112925,112928,112929,112930,225847,225848,225849,225850,225851,225854,225855,225856,225857,225858,1,-1,2,-2,1,3,1,-1,-3,-1,2,2,5,2,2,-2,-2,-5,-2,-2
0,1,37643,37646,112929,112930,112931,112934,112935,112936,225859,225860,225861,225862,225863,225866,225867,225868,225869,225870,1,-1,2,-2,1,3,1,-1,-3,-1,2,2,5,2,2,-2,-2,-5,-2,-2
0,1,37645,37648,112935,112936,112937,112940,112941,112942,225871,225872,225873,225874,225875,225878,225879,225880,225881,225882,1,-1,2,-2,1,3,1,-1,-3,-1,2,2,5,2,2,-2,-2,-5,-2,-2
0,1,37647,37650,112941,112942,112943,112946,112947,112948,225883,225884,225885,225886,225887,225890,225891,225892,225893,225894,1,-1,2,-2,1,3,1,-1,-3,-1,2,2,5,2,2,-2,-2,-5,-2,-2
0,1,37649,37652,112947,112948,112949,112952,112953,112954,225895,225896,225897,225898,225899,225902,225903,225904,225905,225906,1,-1,2,-2,1,3,1,-1,-3,-1,2,2,5,2,2,-2,-2,-5,-2,-2
0,1,37651,37654,112953,112954,112955,112958,112959,112960,225907,225908,225909,225910,225911,225914,225915,225916,225917,225918,1,-1,2,-2,1,3,1,-1,-3,-1,2,2,5,2,2,-2,-2,-5,-2,-2
0,1,37653,37656,112959,112960,112961,112964,112965,112966,225919,225920,225921,225922,225923,225926,225927,225928,225929,225930,1,-1,2,-2,1,3,1,-1,-3,-1,2,2,5,2,2,-2,-2,-5,-2,-2
0,1,37655,37658,112965,112966,112967,112970,112971,112972,225931,225932,225933,225934,225935,225938,225939,225940,225941,225942,1,-1,2,-2,1,3,1,-1,-3,-1,2,2,5,2,2,-2,-2,-5,-2,-2
0,1,37657,37660,112971,112972,112973,112976,112977,112978,225943,225944,225945,225946,225947,225950,225951,225952,225953,225954,1,-1,2,-2,1,3,1,-1,-3,-1,2,2,5,2,2,-2,-2,-5,-2,-2
0,1,37659,37662,112977,112978,112979,112982,112983,112984,225955,225956,225957,225958,225959,225962,225963,225964,225965,225966,1,-1,2,-2,1,3,1,-1,-3,-1,2,2,5,2,2,-2,-2,-5,-2,-2
0,1,37661,37664,112983,112984,112985,112988,112989,112990,225967,225968,225969,225970,225971,225974,225975,225976,225977,225978,1,-1,2,-2,1,3,1,-1,-3,-1,2,2,5,2,2,-2,-2,-5,-2,-2
0,1,37663,37666,112989,112990,112991,112994,112995,112996,225979,225980,225981,225982,225983,225986,225987,225988,225989,225990,1,-1,2,-2,1,3,1,-1,-3,-1,2,2,5,2,2,-2,-2,-5,-2,-2
0,1,37665,37668,112995,112996,112997,113000,113001,113002,225991,225992,225993,225994,225995,225998,225999,226000,226001,226002,1,-1,2,-2,1,3,1,-1,-3,-1,2,2,5,2,2,-2,-2,-5,-2,-2
0,1,37667,37670,113001,113002,113003,113006,113007,113008,226003,226004,226005,226006,226007,226010,226011,226012,226013,226014,1,-1,2,-2,1,3,1,-1,-3,-1,2,2,5,2,2,-2,-2,-5,-2,-2
0,1,37669,37672,113007,113008,113009,113012,113013,113014,226015,226016,226017,226018,226019,226022,226023,226024,226025,226026,1,-1,2,-2,1,3,1,-1,-3,-1,2,2,5,2,2,-2,-2,-5,-2,-2
0,1,37671,37674,113013,113014,113015,113018,113019,113020,226027,226028,226029,226030,226031,226034,226035,226036,226037,226038,1,-1,2,-2,1,3,1,-1,-3,-1,2,2,5,2,2,-2,-2,-5,-2,-2
0,1,37673,37676,113019,113020,113021,113024,113025,113026,226039,226040,226041,226042,226043,226046,226047,226048,226049,226050,1,-1,2,-2,1,3,1,-1,-3,-1,2,2,5,2,2,-2,-2,-5,-2,-2
0,1,37675,37678,113025,113026,113027,113030,113031,113032,226051,226052,226053,226054,226055,226058,226059,226060,226061,226062,1,-1,2,-2,1,3,1,-1,-3,-1,2,2,5,2,2,-2,-2,-5,-2,-2
0,1,37677,37680,113031,113032,113033,113036,113037,113038,226063,226064,226065,226066,226067,226070,226071,226072,226073,226074,1,-1,2,-2,1,3,1,-1,-3,-1,2,2,5,2,2,-2,-2,-5,-2,-2
0,1,37679,37682,113037,113038,113039,113042,113043,113044,226075,226076,226077,226078,226079,226082,226083,226084,226085,226086,1,-1,2,-2,1,3,1,-1,-3,-1,2,2,5,2,2,-2,-2,-5,-2,-2
0,1,37681,37684,113043,113044,113045,113048,113049,113050,226087,226088,226089,226090,226091,226094,226095,226096,226097,226098,1,-1,2,-2,1,3,1,-1,-3,-1,2,2,5,2,2,-2,-2,-5,-2,-2
0,1,37683,37686,113049,113050,113051,113054,113055,113056,226099,226100,226101,226102,226103,226106,226107,226108,226109,226110,1,-1,2,-2,1,3,1,-1,-3,-1,2,2,5,2,2,-2,-2,-5,-2,-2
0,1,37685,37688,113055,113056,113057,113060,113061,113062,226111,226112,226113,226114,226115,226118,226119,226120,226121,226122,1,-1,2,-2,1,3,1,-1,-3,-1,2,2,5,2,2,-2,-2,-5,-2,-2
0,1,37687,37690,113061,113062,113063,113066,113067,113068,226123,226124,226125,226126,226127,226130,226131,226132,226133,226134,1,-1,2,-2,1,3,1,-1,-3,-1,2,2,5,2,2,-2,-2,-5,-2,-2
0,1,37689,37692,113067,113068,113069,113072,113073,113074,226135,226136,226137,226138,226139,226142,226143,226144,226145,226146,1,-1,2,-2,1,3,1,-1,-3,-1,2,2,5,2,2,-2,-2,-5,-2,-2
0,1,37691,37694,113073,113074,113075,113078,113079,113080,226147,226148,226149,226150,226151,226154,226155,226156,226157,226158,1,-1,2,-2,1,3,1,-1,-3,-1,2,2,5,2,2,-2,-2,-5,-2,-2
0,1,37693,37696,113079,113080,113081,113084,113085,113086,226159,226160,226161,226162,226163,226166,226167,226168,226169,226170,1,-1,2,-2,1,3,1,-1,-3,-1,2,2,5,2,2,-2,-2,-5,-2,-2
0,1,37695,37698,113085,113086,113087,113090,113091,113092,226171,226172,226173,226174,226175,226178,226179,226180,226181,226182,1,-1,2,-2,1,3,1,-1,-3,-1,2,2,5,2,2,-2,-2,-5,-2,-2
0,1,37697,37700,113091,113092,113093,113096,113097,113098,226183,226184,226185,226186,226187,226190,226191,226192,226193,226194,1,-1,2,-2,1,3,1,-1,-3,-1,2,2,5,2,2,-2,-2,-5,-2,-2
0,1,37699,37702,113097,113098,113099,113102,113103,113104,226195,226196,226197,226198,226199,226202,226203,226204,226205,226206,1,-1,2,-2,1,3,1,-1,-3,-1,2,2,5,2,2,-2,-2,-5,-2,-2
0,1,37701,37704,113103,113104,113105,113108,113109,113110,226207,226208,226209,226210,226211,226214,226215,226216,226217,226218,1,-1,2,-2,1,3,1,-1,-3,-1,2,2,5,2,2,-2,-2,-5,-2,-2
0,1,37703,37706,113109,113110,113111,113114,113115,113116,226219,226220,226221,226222,226223,226226,226227,226228,226229,226230,1,-1,2,-2,1,3,1,-1,-3,-1,2,2,5,2,2,-2,-2,-5,-2,-2
0,1,37705,37708,113115,113116,113117,113120,113121,113122,226231,226232,226233,226234,226235,226238,226239,226240,226241,226242,1,-1,2,-2,1,3,1,-1,-3,-1,2,2,5,2,2,-2,-2,-5,-2,-2
0,1,37707,37710,113121,113122,113123,113126,113127,113128,226243,226244,226245,226246,226247,226250,226251,226252,226253,226254,1,-1,2,-2,1,3,1,-1,-3,-1,2,2,5,2,2,-2,-2,-5,-2,-2
0,1,37709,37712,113127,113128,113129,113132,113133,113134,226255,226256,226257,226258,226259,226262,226263,226264,226265,226266,1,-1,2,-2,1,3,1,-1,-3,-1,2,2,5,2,2,-2,-2,-5,-2,-2
0,1,37711,37714,113133,113134,113135,113138,113139,113140,226267,226268,226269,226270,226271,226274,226275,226276,226277,226278,1,-1,2,-2,1,3,1,-1,-3,-1,2,2,5,2,2,-2,-2,-5,-2,-2
0,1,37713,37716,113139,113140,113141,113144,113145,113146,226279,226280,226281,226282,226283,226286,226287,226288,226289,226290,1,-1,2,-2,1,3,1,-1,-3,-1,2,2,5,2,2,-2,-2,-5,-2,-2
0,1,37715,37718,113145,113146,113147,113150,113151,113152,226291,226292,226293,226294,226295,226298,226299,226300,226301,226302,1,-1,2,-2,1,3,1,-1,-3,-1,2,2,5,2,2,-2,-2,-5,-2,-2
0,1,37717,37720,113151,113152,113153,113156,113157,113158,226303,226304,226305,226306,226307,226310,226311,226312,226313,226314,1,-1,2,-2,1,3,1,-1,-3,-1,2,2,5,2,2,-2,-2,-5,-2,-2
0,1,37719,37722,113157,113158,113159,113162,113163,113164,226315,226316,226317,226318,226319,226322,226323,226324,226325,226326,1,-1,2,-2,1,3,1,-1,-3,-1,2,2,5,2,2,-2,-2,-5,-2,-2
0,1,37721,37724,113163,113164,113165,113168,113169,113170,226327,226328,226329,226330,226331,226334,226335,226336,226337,226338,1,-1,2,-2,1,3,1,-1,-3,-1,2,2,5,2,2,-2,-2,-5,-2,-2
0,1,37723,37726,113169,113170,113171,113174,113175,113176,226339,226340,226341,226342,226343,226346,226347,226348,226349,226350,1,-1,2,-2,1,3,1,-1,-3,-1,2,2,5,2,2,-2,-2,-5,-2,-2
0,1,37725,37728,113175,113176,113177,113180,113181,113182,226351,226352,226353,226354,226355,226358,226359,226360,226361,226362,1,-1,2,-2,1,3,1,-1,-3,-1,2,2,5,2,2,-2,-2,-5,-2,-2
0,1,37727,37730,113181,113182,113183,113186,113187,113188,226363,226364,226365,226366,226367,226370,226371,226372,226373,226374,1,-1,2,-2,1,3,1,-1,-3,-1,2,2,5,2,2,-2,-2,-5,-2,-2
0,1,37729,37732,113187,113188,113189,113192,113193,113194,226375,226376,226377,226378,226379,226382,226383,226384,226385,226386,1,-1,2,-2,1,3,1,-1,-3,-1,2,2,5,2,2,-2,-2,-5,-2,-2
0,1,37731,37734,113193,113194,113195,113198,113199,113200,226387,226388,226389,226390,226391,226394,226395,226396,226397,226398,1,-1,2,-2,1,3,1,-1,-3,-1,2,2,5,2,2,-2,-2,-5,-2,-2
0,1,37733,37736,113199,113200,113201,113204,113205,113206,226399,226400,226401,226402,226403,226406,226407,226408,226409,226410,1,-1,2,-2,1,3,1,-1,-3,-1,2,2,5,2,2,-2,-2,-5,-2,-2
0,1,37735,37738,113205,113206,113207,113210,113211,113212,226411,226412,226413,226414,226415,226418,226419,226420,226421,226422,1,-1,2,-2,1,3,1,-1,-3,-1,2,2,5,2,2,-2,-2,-5,-2,-2
0,1,37737,37740,113211,113212,113213,113216,113217,113218,226423,226424,226425,226426,226427,226430,226431,226432,226433,226434,1,-1,2,-2,1,3,1,-1,-3,-1,2,2,5,2,2,-2,-2,-5,-2,-2
0,1,37739,37742,113217,113218,113219,113222,113223,113224,226435,226436,226437,226438,226439,226442,226443,226444,226445,226446,1,-1,2,-2,1,3,1,-1,-3,-1,2,2,5,2,2,-2,-2,-5,-2,-2
0,1,37741,37744,113223,113224,113225,113228,113229,113230,226447,226448,226449,226450,226451,226454,226455,226456,226457,226458,1,-1,2,-2,1,3,1,-1,-3,-1,2,2,5,2,2,-2,-2,-5,-2,-2
0,1,37743,37746,113229,113230,113231,113234,113235,113236,226459,226460,226461,226462,226463,226466,226467,226468,226469,226470,1,-1,2,-2,1,3,1,-1,-3,-1,2,2,5,2,2,-2,-2,-5,-2,-2
0,1,37745,37748,113235,113236,113237,113240,113241,113242,226471,226472,226473,226474,226475,226478,226479,226480,226481,226482,1,-1,2,-2,1,3,1,-1,-3,-1,2,2,5,2,2,-2,-2,-5,-2,-2
0,1,37747,37750,113241,113242,113243,113246,113247,113248,226483,226484,226485,226486,226487,226490,226491,226492,226493,226494,1,-1,2,-2,1,3,1,-1,-3,-1,2,2,5,2,2,-2,-2,-5,-2,-2
0,1,37749,37752,113247,113248,113249,113252,113253,113254,226495,226496,226497,226498,226499,226502,226503,226504,226505,226506,1,-1,2,-2,1,3,1,-1,-3,-1,2,2,5,2,2,-2,-2,-5,-2,-2
0,1,37751,37754,113253,113254,113255,113258,113259,113260,226507,226508,226509,226510,226511,226514,226515,226516,226517,226518,1,-1,2,-2,1,3,1,-1,-3,-1,2,2,5,2,2,-2,-2,-5,-2,-2
0,1,37753,37756,113259,113260,113261,113264,113265,113266,226519,226520,226521,226522,226523,226526,226527,226528,226529,226530,1,-1,2,-2,1,3,1,-1,-3,-1,2,2,5,2,2,-2,-2,-5,-2,-2
0,1,37755,37758,113265,113266,113267,113270,113271,113272,226531,226532,226533,226534,226535,226538,226539,226540,226541,226542,1,-1,2,-2,1,3,1,-1,-3,-1,2,2,5,2,2,-2,-2,-5,-2,-2
0,1,37757,37760,113271,113272,113273,113276,113277,113278,226543,226544,226545,226546,226547,226550,226551,226552,226553,226554,1,-1,2,-2,1,3,1,-1,-3,-1,2,2,5,2,2,-2,-2,-5,-2,-2
0,1,37759,37762,113277,113278,113279,113282,113283,113284,226555,226556,226557,226558,226559,226562,226563,226564,226565,226566,1,-1,2,-2,1,3,1,-1,-3,-1,2,2,5,2,2,-2,-2,-5,-2,-2
0,1,37761,37764,113283,113284,113285,113288,113289,113290,226567,226568,226569,226570,226571,226574,226575,226576,226577,226578,1,-1,2,-2,1,3,1,-1,-3,-1,2,2,5,2,2,-2,-2,-5,-2,-2
0,1,37763,37766,113289,113290,113291,113294,113295,113296,226579,226580,226581,226582,226583,226586,226587,226588,226589,226590,1,-1,2,-2,1,3,1,-1,-3,-1,2,2,5,2,2,-2,-2,-5,-2,-2
0,1,37765,37768,113295,113296,113297,113300,113301,113302,226591,226592,226593,226594,226595,226598,226599,226600,226601,226602,1,-1,2,-2,1,3,1,-1,-3,-1,2,2,5,2,2,-2,-2,-5,-2,-2
0,1,37767,37770,113301,113302,113303,113306,113307,113308,226603,226604,226605,226606,226607,226610,226611,226612,226613,226614,1,-1,2,-2,1,3,1,-1,-3,-1,2,2,5,2,2,-2,-2,-5,-2,-2
0,1,37769,37772,113307,113308,113309,113312,113313,113314,226615,226616,226617,226618,226619,226622,226623,226624,226625,226626,1,-1,2,-2,1,3,1,-1,-3,-1,2,2,5,2,2,-2,-2,-5,-2,-2
0,1,37771,37774,113313,113314,113315,113318,113319,113320,226627,226628,226629,226630,226631,226634,226635,226636,226637,226638,1,-1,2,-2,1,3,1,-1,-3,-1,2,2,5,2,2,-2,-2,-5,-2,-2
0,1,37773,37776,113319,113320,113321,113324,113325,113326,226639,226640,226641,226642,226643,226646,226647,226648,226649,226650,1,-1,2,-2,1,3,1,-1,-3,-1,2,2,5,2,2,-2,-2,-5,-2,-2
0,1,37775,37778,113325,113326,113327,113330,113331,113332,226651,226652,226653,226654,226655,226658,226659,226660,226661,226662,1,-1,2,-2,1,3,1,-1,-3,-1,2,2,5,2,2,-2,-2,-5,-2,-2
0,1,37777,37780,113331,113332,113333,113336,113337,113338,226663,226664,226665,226666,226667,226670,226671,226672,226673,226674,1,-1,2,-2,1,3,1,-1,-3,-1,2,2,5,2,2,-2,-2,-5,-2,-2
0,1,37779,37782,113337,113338,113339,113342,113343,113344,226675,226676,226677,226678,226679,226682,226683,226684,226685,226686,1,-1,2,-2,1,3,1,-1,-3,-1,2,2,5,2,2,-2,-2,-5,-2,-2
0,1,37781,37784,113343,113344,113345,113348,113349,113350,226687,226688,226689,226690,226691,226694,226695,226696,226697,226698,1,-1,2,-2,1,3,1,-1,-3,-1,2,2,5,2,2,-2,-2,-5,-2,-2
0,1,37783,37786,113349,113350,113351,113354,113355,113356,226699,226700,226701,226702,226703,226706,226707,226708,226709,226710,1,-1,2,-2,1,3,1,-1,-3,-1,2,2,5,2,2,-2,-2,-5,-2,-2
0,1,37785,37788,113355,113356,113357,113360,113361,113362,226711,226712,226713,226714,226715,226718,226719,226720,226721,226722,1,-1,2,-2,1,3,1,-1,-3,-1,2,2,5,2,2,-2,-2,-5,-2,-2
0,1,37787,37790,113361,113362,113363,113366,113367,113368,226723,226724,226725,226726,226727,226730,226731,226732,226733,226734,1,-1,2,-2,1,3,1,-1,-3,-1,2,2,5,2,2,-2,-2,-5,-2,-2
0,1,37789,37792,113367,113368,113369,113372,113373,113374,226735,226736,226737,226738,226739,226742,226743,226744,226745,226746,1,-1,2,-2,1,3,1,-1,-3,-1,2,2,5,2,2,-2,-2,-5,-2,-2
0,1,37791,37794,113373,113374,113375,113378,113379,113380,226747,226748,226749,226750,226751,226754,226755,226756,226757,226758,1,-1,2,-2,1,3,1,-1,-3,-1,2,2,5,2,2,-2,-2,-5,-2,-2
0,1,37793,37796,113379,113380,113381,113384,113385,113386,226759,226760,226761,226762,226763,226766,226767,226768,226769,226770,1,-1,2,-2,1,3,1,-1,-3,-1,2,2,5,2,2,-2,-2,-5,-2,-2
0,1,37795,37798,113385,113386,113387,113390,113391,113392,226771,226772,226773,226774,226775,226778,226779,226780,226781,226782,1,-1,2,-2,1,3,1,-1,-3,-1,2,2,5,2,2,-2,-2,-5,-2,-2
0,1,37797,37800,113391,113392,113393,113396,113397,113398,226783,226784,226785,226786,226787,226790,226791,226792,226793,226794,1,-1,2,-2,1,3,1,-1,-3,-1,2,2,5,2,2,-2,-2,-5,-2,-2
0,1,37799,37802,113397,113398,113399,113402,113403,113404,226795,226796,226797,226798,226799,226802,226803,226804,226805,226806,1,-1,2,-2,1,3,1,-1,-3,-1,2,2,5,2,2,-2,-2,-5,-2,-2
0,1,37801,37804,113403,113404,113405,113408,113409,113410,226807,226808,226809,226810,226811,226814,226815,226816,226817,226818,1,-1,2,-2,1,3,1,-1,-3,-1,2,2,5,2,2,-2,-2,-5,-2,-2
0,1,37803,37806,113409,113410,113411,113414,113415,113416,226819,226820,226821,226822,226823,226826,226827,226828,226829,226830,1,-1,2,-2,1,3,1,-1,-3,-1,2,2,5,2,2,-2,-2,-5,-2,-2
0,1,37805,37808,113415,113416,113417,113420,113421,113422,226831,226832,226833,226834,226835,226838,226839,226840,226841,226842,1,-1,2,-2,1,3,1,-1,-3,-1,2,2,5,2,2,-2,-2,-5,-2,-2
0,1,37807,37810,113421,113422,113423,113426,113427,113428,226843,226844,226845,226846,226847,226850,226851,226852,226853,226854,1,-1,2,-2,1,3,1,-1,-3,-1,2,2,5,2,2,-2,-2,-5,-2,-2
0,1,37809,37812,113427,113428,113429,113432,113433,113434,226855,226856,226857,226858,226859,226862,226863,226864,226865,226866,1,-1,2,-2,1,3,1,-1,-3,-1,2,2,5,2,2,-2,-2,-5,-2,-2
0,1,37811,37814,113433,113434,113435,113438,113439,113440,226867,226868,226869,226870,226871,226874,226875,226876,226877,226878,1,-1,2,-2,1,3,1,-1,-3,-1,2,2,5,2,2,-2,-2,-5,-2,-2
0,1,37813,37816,113439,113440,113441,113444,113445,113446,226879,226880,226881,226882,226883,226886,226887,226888,226889,226890,1,-1,2,-2,1,3,1,-1,-3,-1,2,2,5,2,2,-2,-2,-5,-2,-2
0,1,37815,37818,113445,113446,113447,113450,113451,113452,226891,226892,226893,226894,226895,226898,226899,226900,226901,226902,1,-1,2,-2,1,3,1,-1,-3,-1,2,2,5,2,2,-2,-2,-5,-2,-2
0,1,37817,37820,113451,113452,113453,113456,113457,113458,226903,226904,226905,226906,226907,226910,226911,226912,226913,226914,1,-1,2,-2,1,3,1,-1,-3,-1,2,2,5,2,2,-2,-2,-5,-2,-2
0,1,37819,37822,113457,113458,113459,113462,113463,113464,226915,226916,226917,226918,226919,226922,226923,226924,226925,226926,1,-1,2,-2,1,3,1,-1,-3,-1,2,2,5,2,2,-2,-2,-5,-2,-2
0,1,37821,37824,113463,113464,113465,113468,113469,113470,226927,226928,226929,226930,226931,226934,226935,226936,226937,226938,1,-1,2,-2,1,3,1,-1,-3,-1,2,2,5,2,2,-2,-2,-5,-2,-2
0,1,37823,37826,113469,113470,113471,113474,113475,113476,226939,226940,226941,226942,226943,226946,226947,226948,226949,226950,1,-1,2,-2,1,3,1,-1,-3,-1,2,2,5,2,2,-2,-2,-5,-2,-2
0,1,37825,37828,113475,113476,113477,113480,113481,113482,226951,226952,226953,226954,226955,226958,226959,226960,226961,226962,1,-1,2,-2,1,3,1,-1,-3,-1,2,2,5,2,2,-2,-2,-5,-2,-2
0,1,37827,37830,113481,113482,113483,113486,113487,113488,226963,226964,226965,226966,226967,226970,226971,226972,226973,226974,1,-1,2,-2,1,3,1,-1,-3,-1,2,2,5,2,2,-2,-2,-5,-2,-2
0,1,37829,37832,113487,113488,113489,113492,113493,113494,226975,226976,226977,226978,226979,226982,226983,226984,226985,226986,1,-1,2,-2,1,3,1,-1,-3,-1,2,2,5,2,2,-2,-2,-5,-2,-2
0,1,37831,37834,113493,113494,113495,113498,113499,113500,226987,226988,226989,226990,226991,226994,226995,226996,226997,226998,1,-1,2,-2,1,3,1,-1,-3,-1,2,2,5,2,2,-2,-2,-5,-2,-2
0,1,37833,37836,113499,113500,113501,113504,113505,113506,226999,227000,227001,227002,227003,227006,227007,227008,227009,227010,1,-1,2,-2,1,3,1,-1,-3,-1,2,2,5,2,2,-2,-2,-5,-2,-2
0,1,37835,37838,113505,113506,113507,113510,113511,113512,227011,227012,227013,227014,227015,227018,227019,227020,227021,227022,1,-1,2,-2,1,3,1,-1,-3,-1,2,2,5,2,2,-2,-2,-5,-2,-2
0,1,37837,37840,113511,113512,113513,113516,113517,113518,227023,227024,227025,227026,227027,227030,227031,227032,227033,227034,1,-1,2,-2,1,3,1,-1,-3,-1,2,2,5,2,2,-2,-2,-5,-2,-2
0,1,37839,37842,113517,113518,113519,113522,113523,113524,227035,227036,227037,227038,227039,227042,227043,227044,227045,227046,1,-1,2,-2,1,3,1,-1,-3,-1,2,2,5,2,2,-2,-2,-5,-2,-2
0,1,37841,37844,113523,113524,113525,113528,113529,113530,227047,227048,227049,227050,227051,227054,227055,227056,227057,227058,1,-1,2,-2,1,3,1,-1,-3,-1,2,2,5,2,2,-2,-2,-5,-2,-2
0,1,37843,37846,113529,113530,113531,113534,113535,113536,227059,227060,227061,227062,227063,227066,227067,227068,227069,227070,1,-1,2,-2,1,3,1,-1,-3,-1,2,2,5,2,2,-2,-2,-5,-2,-2
0,1,37845,37848,113535,113536,113537,113540,113541,113542,227071,227072,227073,227074,227075,227078,227079,227080,227081,227082,1,-1,2,-2,1,3,1,-1,-3,-1,2,2,5,2,2,-2,-2,-5,-2,-2
0,1,37847,37850,113541,113542,113543,113546,113547,113548,227083,227084,227085,227086,227087,227090,227091,227092,227093,227094,1,-1,2,-2,1,3,1,-1,-3,-1,2,2,5,2,2,-2,-2,-5,-2,-2
0,1,37849,37852,113547,113548,113549,113552,113553,113554,227095,227096,227097,227098,227099,227102,227103,227104,227105,227106,1,-1,2,-2,1,3,1,-1,-3,-1,2,2,5,2,2,-2,-2,-5,-2,-2
0,1,37851,37854,113553,113554,113555,113558,113559,113560,227107,227108,227109,227110,227111,227114,227115,227116,227117,227118,1,-1,2,-2,1,3,1,-1,-3,-1,2,2,5,2,2,-2,-2,-5,-2,-2
0,1,37853,37856,113559,113560,113561,113564,113565,113566,227119,227120,227121,227122,227123,227126,227127,227128,227129,227130,1,-1,2,-2,1,3,1,-1,-3,-1,2,2,5,2,2,-2,-2,-5,-2,-2
0,1,37855,37858,113565,113566,113567,113570,113571,113572,227131,227132,227133,227134,227135,227138,227139,227140,227141,227142,1,-1,2,-2,1,3,1,-1,-3,-1,2,2,5,2,2,-2,-2,-5,-2,-2
0,1,37857,37860,113571,113572,113573,113576,113577,113578,227143,227144,227145,227146,227147,227150,227151,227152,227153,227154,1,-1,2,-2,1,3,1,-1,-3,-1,2,2,5,2,2,-2,-2,-5,-2,-2
0,1,37859,37862,113577,113578,113579,113582,113583,113584,227155,227156,227157,227158,227159,227162,227163,227164,227165,227166,1,-1,2,-2,1,3,1,-1,-3,-1,2,2,5,2,2,-2,-2,-5,-2,-2
0,1,37861,37864,113583,113584,113585,113588,113589,113590,227167,227168,227169,227170,227171,227174,227175,227176,227177,227178,1,-1,2,-2,1,3,1,-1,-3,-1,2,2,5,2,2,-2,-2,-5,-2,-2
0,1,37863,37866,113589,113590,113591,113594,113595,113596,227179,227180,227181,227182,227183,227186,227187,227188,227189,227190,1,-1,2,-2,1,3,1,-1,-3,-1,2,2,5,2,2,-2,-2,-5,-2,-2
0,1,37865,37868,113595,113596,113597,113600,113601,113602,227191,227192,227193,227194,227195,227198,227199,227200,227201,227202,1,-1,2,-2,1,3,1,-1,-3,-1,2,2,5,2,2,-2,-2,-5,-2,-2
0,1,37867,37870,113601,113602,113603,113606,113607,113608,227203,227204,227205,227206,227207,227210,227211,227212,227213,227214,1,-1,2,-2,1,3,1,-1,-3,-1,2,2,5,2,2,-2,-2,-5,-2,-2
0,1,37869,37872,113607,113608,113609,113612,113613,113614,227215,227216,227217,227218,227219,227222,227223,227224,227225,227226,1,-1,2,-2,1,3,1,-1,-3,-1,2,2,5,2,2,-2,-2,-5,-2,-2
0,1,37871,37874,113613,113614,113615,113618,113619,113620,227227,227228,227229,227230,227231,227234,227235,227236,227237,227238,1,-1,2,-2,1,3,1,-1,-3,-1,2,2,5,2,2,-2,-2,-5,-2,-2
0,1,37873,37876,113619,113620,113621,113624,113625,113626,227239,227240,227241,227242,227243,227246,227247,227248,227249,227250,1,-1,2,-2,1,3,1,-1,-3,-1,2,2,5,2,2,-2,-2,-5,-2,-2
0,1,37875,37878,113625,113626,113627,113630,113631,113632,227251,227252,227253,227254,227255,227258,227259,227260,227261,227262,1,-1,2,-2,1,3,1,-1,-3,-1,2,2,5,2,2,-2,-2,-5,-2,-2
0,1,37877,37880,113631,113632,113633,113636,113637,113638,227263,227264,227265,227266,227267,227270,227271,227272,227273,227274,1,-1,2,-2,1,3,1,-1,-3,-1,2,2,5,2,2,-2,-2,-5,-2,-2
0,1,37879,37882,113637,113638,113639,113642,113643,113644,227275,227276,227277,227278,227279,227282,227283,227284,227285,227286,1,-1,2,-2,1,3,1,-1,-3,-1,2,2,5,2,2,-2,-2,-5,-2,-2
0,1,37881,37884,113643,113644,113645,113648,113649,113650,227287,227288,227289,227290,227291,227294,227295,227296,227297,227298,1,-1,2,-2,1,3,1,-1,-3,-1,2,2,5,2,2,-2,-2,-5,-2,-2
0,1,37883,37886,113649,113650,113651,113654,113655,113656,227299,227300,227301,227302,227303,227306,227307,227308,227309,227310,1,-1,2,-2,1,3,1,-1,-3,-1,2,2,5,2,2,-2,-2,-5,-2,-2
0,1,37885,37888,113655,113656,113657,113660,113661,113662,227311,227312,227313,227314,227315,227318,227319,227320,227321,227322,1,-1,2,-2,1,3,1,-1,-3,-1,2,2,5,2,2,-2,-2,-5,-2,-2
0,1,37887,37890,113661,113662,113663,113666,113667,113668,227323,227324,227325,227326,227327,227330,227331,227332,227333,227334,1,-1,2,-2,1,3,1,-1,-3,-1,2,2,5,2,2,-2,-2,-5,-2,-2
0,1,37889,37892,113667,113668,113669,113672,113673,113674,227335,227336,227337,227338,227339,227342,227343,227344,227345,227346,1,-1,2,-2,1,3,1,-1,-3,-1,2,2,5,2,2,-2,-2,-5,-2,-2
0,1,37891,37894,113673,113674,113675,113678,113679,113680,227347,227348,227349,227350,227351,227354,227355,227356,227357,227358,1,-1,2,-2,1,3,1,-1,-3,-1,2,2,5,2,2,-2,-2,-5,-2,-2
0,1,37893,37896,113679,113680,113681,113684,113685,113686,227359,227360,227361,227362,227363,227366,227367,227368,227369,227370,1,-1,2,-2,1,3,1,-1,-3,-1,2,2,5,2,2,-2,-2,-5,-2,-2
0,1,37895,37898,113685,113686,113687,113690,113691,113692,227371,227372,227373,227374,227375,227378,227379,227380,227381,227382,1,-1,2,-2,1,3,1,-1,-3,-1,2,2,5,2,2,-2,-2,-5,-2,-2
0,1,37897,37900,113691,113692,113693,113696,113697,113698,227383,227384,227385,227386,227387,227390,227391,227392,227393,227394,1,-1,2,-2,1,3,1,-1,-3,-1,2,2,5,2,2,-2,-2,-5,-2,-2
0,1,37899,37902,113697,113698,113699,113702,113703,113704,227395,227396,227397,227398,227399,227402,227403,227404,227405,227406,1,-1,2,-2,1,3,1,-1,-3,-1,2,2,5,2,2,-2,-2,-5,-2,-2
0,1,37901,37904,113703,113704,113705,113708,113709,113710,227407,227408,227409,227410,227411,227414,227415,227416,227417,227418,1,-1,2,-2,1,3,1,-1,-3,-1,2,2,5,2,2,-2,-2,-5,-2,-2
0,1,37903,37906,113709,113710,113711,113714,113715,113716,227419,227420,227421,227422,227423,227426,227427,227428,227429,227430,1,-1,2,-2,1,3,1,-1,-3,-1,2,2,5,2,2,-2,-2,-5,-2,-2
0,1,37905,37908,113715,113716,113717,113720,113721,113722,227431,227432,227433,227434,227435,227438,227439,227440,227441,227442,1,-1,2,-2,1,3,1,-1,-3,-1,2,2,5,2,2,-2,-2,-5,-2,-2
0,1,37907,37910,113721,113722,113723,113726,113727,113728,227443,227444,227445,227446,227447,227450,227451,227452,227453,227454,1,-1,2,-2,1,3,1,-1,-3,-1,2,2,5,2,2,-2,-2,-5,-2,-2
0,1,37909,37912,113727,113728,113729,113732,113733,113734,227455,227456,227457,227458,227459,227462,227463,227464,227465,227466,1,-1,2,-2,1,3,1,-1,-3,-1,2,2,5,2,2,-2,-2,-5,-2,-2
0,1,37911,37914,113733,113734,113735,113738,113739,113740,227467,227468,227469,227470,227471,227474,227475,227476,227477,227478,1,-1,2,-2,1,3,1,-1,-3,-1,2,2,5,2,2,-2,-2,-5,-2,-2
0,1,37913,37916,113739,113740,113741,113744,113745,113746,227479,227480,227481,227482,227483,227486,227487,227488,227489,227490,1,-1,2,-2,1,3,1,-1,-3,-1,2,2,5,2,2,-2,-2,-5,-2,-2
0,1,37915,37918,113745,113746,113747,113750,113751,113752,227491,227492,227493,227494,227495,227498,227499,227500,227501,227502,1,-1,2,-2,1,3,1,-1,-3,-1,2,2,5,2,2,-2,-2,-5,-2,-2
0,1,37917,37920,113751,113752,113753,113756,113757,113758,227503,227504,227505,227506,227507,227510,227511,227512,227513,227514,1,-1,2,-2,1,3,1,-1,-3,-1,2,2,5,2,2,-2,-2,-5,-2,-2
0,1,37919,37922,113757,113758,113759,113762,113763,113764,227515,227516,227517,227518,227519,227522,227523,227524,227525,227526,1,-1,2,-2,1,3,1,-1,-3,-1,2,2,5,2,2,-2,-2,-5,-2,-2
0,1,37921,37924,113763,113764,113765,113768,113769,113770,227527,227528,227529,227530,227531,227534,227535,227536,227537,227538,1,-1,2,-2,1,3,1,-1,-3,-1,2,2,5,2,2,-2,-2,-5,-2,-2
0,1,37923,37926,113769,113770,113771,113774,113775,113776,227539,227540,227541,227542,227543,227546,227547,227548,227549,227550,1,-1,2,-2,1,3,1,-1,-3,-1,2,2,5,2,2,-2,-2,-5,-2,-2
0,1,37925,37928,113775,113776,113777,113780,113781,113782,227551,227552,227553,227554,227555,227558,227559,227560,227561,227562,1,-1,2,-2,1,3,1,-1,-3,-1,2,2,5,2,2,-2,-2,-5,-2,-2
0,1,37927,37930,113781,113782,113783,113786,113787,113788,227563,227564,227565,227566,227567,227570,227571,227572,227573,227574,1,-1,2,-2,1,3,1,-1,-3,-1,2,2,5,2,2,-2,-2,-5,-2,-2
0,1,37929,37932,113787,113788,113789,113792,113793,113794,227575,227576,227577,227578,227579,227582,227583,227584,227585,227586,1,-1,2,-2,1,3,1,-1,-3,-1,2,2,5,2,2,-2,-2,-5,-2,-2
0,1,37931,37934,113793,113794,113795,113798,113799,113800,227587,227588,227589,227590,227591,227594,227595,227596,227597,227598,1,-1,2,-2,1,3,1,-1,-3,-1,2,2,5,2,2,-2,-2,-5,-2,-2
0,1,37933,37936,113799,113800,113801,113804,113805,113806,227599,227600,227601,227602,227603,227606,227607,227608,227609,227610,1,-1,2,-2,1,3,1,-1,-3,-1,2,2,5,2,2,-2,-2,-5,-2,-2
0,1,37935,37938,113805,113806,113807,113810,113811,113812,227611,227612,227613,227614,227615,227618,227619,227620,227621,227622,1,-1,2,-2,1,3,1,-1,-3,-1,2,2,5,2,2,-2,-2,-5,-2,-2
0,1,37937,37940,113811,113812,113813,113816,113817,113818,227623,227624,227625,227626,227627,227630,227631,227632,227633,227634,1,-1,2,-2,1,3,1,-1,-3,-1,2,2,5,2,2,-2,-2,-5,-2,-2
0,1,37939,37942,113817,113818,113819,113822,113823,113824,227635,227636,227637,227638,227639,227642,227643,227644,227645,227646,1,-1,2,-2,1,3,1,-1,-3,-1,2,2,5,2,2,-2,-2,-5,-2,-2
0,1,37941,37944,113823,113824,113825,113828,113829,113830,227647,227648,227649,227650,227651,227654,227655,227656,227657,227658,1,-1,2,-2,1,3,1,-1,-3,-1,2,2,5,2,2,-2,-2,-5,-2,-2
0,1,37943,37946,113829,113830,113831,113834,113835,113836,227659,227660,227661,227662,227663,227666,227667,227668,227669,227670,1,-1,2,-2,1,3,1,-1,-3,-1,2,2,5,2,2,-2,-2,-5,-2,-2
0,1,37945,37948,113835,113836,113837,113840,113841,113842,227671,227672,227673,227674,227675,227678,227679,227680,227681,227682,1,-1,2,-2,1,3,1,-1,-3,-1,2,2,5,2,2,-2,-2,-5,-2,-2
0,1,37947,37950,113841,113842,113843,113846,113847,113848,227683,227684,227685,227686,227687,227690,227691,227692,227693,227694,1,-1,2,-2,1,3,1,-1,-3,-1,2,2,5,2,2,-2,-2,-5,-2,-2
0,1,37949,37952,113847,113848,113849,113852,113853,113854,227695,227696,227697,227698,227699,227702,227703,227704,227705,227706,1,-1,2,-2,1,3,1,-1,-3,-1,2,2,5,2,2,-2,-2,-5,-2,-2
0,1,37951,37954,113853,113854,113855,113858,113859,113860,227707,227708,227709,227710,227711,227714,227715,227716,227717,227718,1,-1,2,-2,1,3,1,-1,-3,-1,2,2,5,2,2,-2,-2,-5,-2,-2
0,1,37953,37956,113859,113860,113861,113864,113865,113866,227719,227720,227721,227722,227723,227726,227727,227728,227729,227730,1,-1,2,-2,1,3,1,-1,-3,-1,2,2,5,2,2,-2,-2,-5,-2,-2
0,1,37955,37958,113865,113866,113867,113870,113871,113872,227731,227732,227733,227734,227735,227738,227739,227740,227741,227742,1,-1,2,-2,1,3,1,-1,-3,-1,2,2,5,2,2,-2,-2,-5,-2,-2
0,1,37957,37960,113871,113872,113873,113876,113877,113878,227743,227744,227745,227746,227747,227750,227751,227752,227753,227754,1,-1,2,-2,1,3,1,-1,-3,-1,2,2,5,2,2,-2,-2,-5,-2,-2
0,1,37959,37962,113877,113878,113879,113882,113883,113884,227755,227756,227757,227758,227759,227762,227763,227764,227765,227766,1,-1,2,-2,1,3,1,-1,-3,-1,2,2,5,2,2,-2,-2,-5,-2,-2
0,1,37961,37964,113883,113884,113885,113888,113889,113890,227767,227768,227769,227770,227771,227774,227775,227776,227777,227778,1,-1,2,-2,1,3,1,-1,-3,-1,2,2,5,2,2,-2,-2,-5,-2,-2
0,1,37963,37966,113889,113890,113891,113894,113895,113896,227779,227780,227781,227782,227783,227786,227787,227788,227789,227790,1,-1,2,-2,1,3,1,-1,-3,-1,2,2,5,2,2,-2,-2,-5,-2,-2
0,1,37965,37968,113895,113896,113897,113900,113901,113902,227791,227792,227793,227794,227795,227798,227799,227800,227801,227802,1,-1,2,-2,1,3,1,-1,-3,-1,2,2,5,2,2,-2,-2,-5,-2,-2
0,1,37967,37970,113901,113902,113903,113906,113907,113908,227803,227804,227805,227806,227807,227810,227811,227812,227813,227814,1,-1,2,-2,1,3,1,-1,-3,-1,2,2,5,2,2,-2,-2,-5,-2,-2
0,1,37969,37972,113907,113908,113909,113912,113913,113914,227815,227816,227817,227818,227819,227822,227823,227824,227825,227826,1,-1,2,-2,1,3,1,-1,-3,-1,2,2,5,2,2,-2,-2,-5,-2,-2
0,1,37971,37974,113913,113914,113915,113918,113919,113920,227827,227828,227829,227830,227831,227834,227835,227836,227837,227838,1,-1,2,-2,1,3,1,-1,-3,-1,2,2,5,2,2,-2,-2,-5,-2,-2
0,1,37973,37976,113919,113920,113921,113924,113925,113926,227839,227840,227841,227842,227843,227846,227847,227848,227849,227850,1,-1,2,-2,1,3,1,-1,-3,-1,2,2,5,2,2,-2,-2,-5,-2,-2
0,1,37975,37978,113925,113926,113927,113930,113931,113932,227851,227852,227853,227854,227855,227858,227859,227860,227861,227862,1,-1,2,-2,1,3,1,-1,-3,-1,2,2,5,2,2,-2,-2,-5,-2,-2
0,1,37977,37980,113931,113932,113933,113936,113937,113938,227863,227864,227865,227866,227867,227870,227871,227872,227873,227874,1,-1,2,-2,1,3,1,-1,-3,-1,2,2,5,2,2,-2,-2,-5,-2,-2
0,1,37979,37982,113937,113938,113939,113942,113943,113944,227875,227876,227877,227878,227879,227882,227883,227884,227885,227886,1,-1,2,-2,1,3,1,-1,-3,-1,2,2,5,2,2,-2,-2,-5,-2,-2
0,1,37981,37984,113943,113944,113945,113948,113949,113950,227887,227888,227889,227890,227891,227894,227895,227896,227897,227898,1,-1,2,-2,1,3,1,-1,-3,-1,2,2,5,2,2,-2,-2,-5,-2,-2
0,1,37983,37986,113949,113950,113951,113954,113955,113956,227899,227900,227901,227902,227903,227906,227907,227908,227909,227910,1,-1,2,-2,1,3,1,-1,-3,-1,2,2,5,2,2,-2,-2,-5,-2,-2
0,1,37985,37988,113955,113956,113957,113960,113961,113962,227911,227912,227913,227914,227915,227918,227919,227920,227921,227922,1,-1,2,-2,1,3,1,-1,-3,-1,2,2,5,2,2,-2,-2,-5,-2,-2
0,1,37987,37990,113961,113962,113963,113966,113967,113968,227923,227924,227925,227926,227927,227930,227931,227932,227933,227934,1,-1,2,-2,1,3,1,-1,-3,-1,2,2,5,2,2,-2,-2,-5,-2,-2
0,1,37989,37992,113967,113968,113969,113972,113973,113974,227935,227936,227937,227938,227939,227942,227943,227944,227945,227946,1,-1,2,-2,1,3,1,-1,-3,-1,2,2,5,2,2,-2,-2,-5,-2,-2
0,1,37991,37994,113973,113974,113975,113978,113979,113980,227947,227948,227949,227950,227951,227954,227955,227956,227957,227958,1,-1,2,-2,1,3,1,-1,-3,-1,2,2,5,2,2,-2,-2,-5,-2,-2
0,1,37993,37996,113979,113980,113981,113984,113985,113986,227959,227960,227961,227962,227963,227966,227967,227968,227969,227970,1,-1,2,-2,1,3,1,-1,-3,-1,2,2,5,2,2,-2,-2,-5,-2,-2
0,1,37995,37998,113985,113986,113987,113990,113991,113992,227971,227972,227973,227974,227975,227978,227979,227980,227981,227982,1,-1,2,-2,1,3,1,-1,-3,-1,2,2,5,2,2,-2,-2,-5,-2,-2
0,1,37997,38000,113991,113992,113993,113996,113997,113998,227983,227984,227985,227986,227987,227990,227991,227992,227993,227994,1,-1,2,-2,1,3,1,-1,-3,-1,2,2,5,2,2,-2,-2,-5,-2,-2
0,1,37999,38002,113997,113998,113999,114002,114003,114004,227995,227996,227997,227998,227999,228002,228003,228004,228005,228006,1,-1,2,-2,1,3,1,-1,-3,-1,2,2,5,2,2,-2,-2,-5,-2,-2
0,1,38001,38004,114003,114004,114005,114008,114009,114010,228007,228008,228009,228010,228011,228014,228015,228016,228017,228018,1,-1,2,-2,1,3,1,-1,-3,-1,2,2,5,2,2,-2,-2,-5,-2,-2
0,1,38003,38006,114009,114010,114011,114014,114015,114016,228019,228020,228021,228022,228023,228026,228027,228028,228029,228030,1,-1,2,-2,1,3,1,-1,-3,-1,2,2,5,2,2,-2,-2,-5,-2,-2
0,1,38005,38008,114015,114016,114017,114020,114021,114022,228031,228032,228033,228034,228035,228038,228039,228040,228041,228042,1,-1,2,-2,1,3,1,-1,-3,-1,2,2,5,2,2,-2,-2,-5,-2,-2
0,1,38007,38010,114021,114022,114023,114026,114027,114028,228043,228044,228045,228046,228047,228050,228051,228052,228053,228054,1,-1,2,-2,1,3,1,-1,-3,-1,2,2,5,2,2,-2,-2,-5,-2,-2
0,1,38009,38012,114027,114028,114029,114032,114033,114034,228055,228056,228057,228058,228059,228062,228063,228064,228065,228066,1,-1,2,-2,1,3,1,-1,-3,-1,2,2,5,2,2,-2,-2,-5,-2,-2
0,1,38011,38014,114033,114034,114035,114038,114039,114040,228067,228068,228069,228070,228071,228074,228075,228076,228077,228078,1,-1,2,-2,1,3,1,-1,-3,-1,2,2,5,2,2,-2,-2,-5,-2,-2
0,1,38013,38016,114039,114040,114041,114044,114045,114046,228079,228080,228081,228082,228083,228086,228087,228088,228089,228090,1,-1,2,-2,1,3,1,-1,-3,-1,2,2,5,2,2,-2,-2,-5,-2,-2
0,1,38015,38018,114045,114046,114047,114050,114051,114052,228091,228092,228093,228094,228095,228098,228099,228100,228101,228102,1,-1,2,-2,1,3,1,-1,-3,-1,2,2,5,2,2,-2,-2,-5,-2,-2
0,1,38017,38020,114051,114052,114053,114056,114057,114058,228103,228104,228105,228106,228107,228110,228111,228112,228113,228114,1,-1,2,-2,1,3,1,-1,-3,-1,2,2,5,2,2,-2,-2,-5,-2,-2
0,1,38019,38022,114057,114058,114059,114062,114063,114064,228115,228116,228117,228118,228119,228122,228123,228124,228125,228126,1,-1,2,-2,1,3,1,-1,-3,-1,2,2,5,2,2,-2,-2,-5,-2,-2
0,1,38021,38024,114063,114064,114065,114068,114069,114070,228127,228128,228129,228130,228131,228134,228135,228136,228137,228138,1,-1,2,-2,1,3,1,-1,-3,-1,2,2,5,2,2,-2,-2,-5,-2,-2
0,1,38023,38026,114069,114070,114071,114074,114075,114076,228139,228140,228141,228142,228143,228146,228147,228148,228149,228150,1,-1,2,-2,1,3,1,-1,-3,-1,2,2,5,2,2,-2,-2,-5,-2,-2
0,1,38025,38028,114075,114076,114077,114080,114081,114082,228151,228152,228153,228154,228155,228158,228159,228160,228161,228162,1,-1,2,-2,1,3,1,-1,-3,-1,2,2,5,2,2,-2,-2,-5,-2,-2
0,1,38027,38030,114081,114082,114083,114086,114087,114088,228163,228164,228165,228166,228167,228170,228171,228172,228173,228174,1,-1,2,-2,1,3,1,-1,-3,-1,2,2,5,2,2,-2,-2,-5,-2,-2
0,1,38029,38032,114087,114088,114089,114092,114093,114094,228175,228176,228177,228178,228179,228182,228183,228184,228185,228186,1,-1,2,-2,1,3,1,-1,-3,-1,2,2,5,2,2,-2,-2,-5,-2,-2
0,1,38031,38034,114093,114094,114095,114098,114099,114100,228187,228188,228189,228190,228191,228194,228195,228196,228197,228198,1,-1,2,-2,1,3,1,-1,-3,-1,2,2,5,2,2,-2,-2,-5,-2,-2
0,1,38033,38036,114099,114100,114101,114104,114105,114106,228199,228200,228201,228202,228203,228206,228207,228208,228209,228210,1,-1,2,-2,1,3,1,-1,-3,-1,2,2,5,2,2,-2,-2,-5,-2,-2
0,1,38035,38038,114105,114106,114107,114110,114111,114112,228211,228212,228213,228214,228215,228218,228219,228220,228221,228222,1,-1,2,-2,1,3,1,-1,-3,-1,2,2,5,2,2,-2,-2,-5,-2,-2
0,1,38037,38040,114111,114112,114113,114116,114117,114118,228223,228224,228225,228226,228227,228230,228231,228232,228233,228234,1,-1,2,-2,1,3,1,-1,-3,-1,2,2,5,2,2,-2,-2,-5,-2,-2
0,1,38039,38042,114117,114118,114119,114122,114123,114124,228235,228236,228237,228238,228239,228242,228243,228244,228245,228246,1,-1,2,-2,1,3,1,-1,-3,-1,2,2,5,2,2,-2,-2,-5,-2,-2
0,1,38041,38044,114123,114124,114125,114128,114129,114130,228247,228248,228249,228250,228251,228254,228255,228256,228257,228258,1,-1,2,-2,1,3,1,-1,-3,-1,2,2,5,2,2,-2,-2,-5,-2,-2
0,1,38043,38046,114129,114130,114131,114134,114135,114136,228259,228260,228261,228262,228263,228266,228267,228268,228269,228270,1,-1,2,-2,1,3,1,-1,-3,-1,2,2,5,2,2,-2,-2,-5,-2,-2
0,1,38045,38048,114135,114136,114137,114140,114141,114142,228271,228272,228273,228274,228275,228278,228279,228280,228281,228282,1,-1,2,-2,1,3,1,-1,-3,-1,2,2,5,2,2,-2,-2,-5,-2,-2
0,1,38047,38050,114141,114142,114143,114146,114147,114148,228283,228284,228285,228286,228287,228290,228291,228292,228293,228294,1,-1,2,-2,1,3,1,-1,-3,-1,2,2,5,2,2,-2,-2,-5,-2,-2
0,1,38049,38052,114147,114148,114149,114152,114153,114154,228295,228296,228297,228298,228299,228302,228303,228304,228305,228306,1,-1,2,-2,1,3,1,-1,-3,-1,2,2,5,2,2,-2,-2,-5,-2,-2
0,1,38051,38054,114153,114154,114155,114158,114159,114160,228307,228308,228309,228310,228311,228314,228315,228316,228317,228318,1,-1,2,-2,1,3,1,-1,-3,-1,2,2,5,2,2,-2,-2,-5,-2,-2
0,1,38053,38056,114159,114160,114161,114164,114165,114166,228319,228320,228321,228322,228323,228326,228327,228328,228329,228330,1,-1,2,-2,1,3,1,-1,-3,-1,2,2,5,2,2,-2,-2,-5,-2,-2
0,1,38055,38058,114165,114166,114167,114170,114171,114172,228331,228332,228333,228334,228335,228338,228339,228340,228341,228342,1,-1,2,-2,1,3,1,-1,-3,-1,2,2,5,2,2,-2,-2,-5,-2,-2
0,1,38057,38060,114171,114172,114173,114176,114177,114178,228343,228344,228345,228346,228347,228350,228351,228352,228353,228354,1,-1,2,-2,1,3,1,-1,-3,-1,2,2,5,2,2,-2,-2,-5,-2,-2
0,1,38059,38062,114177,114178,114179,114182,114183,114184,228355,228356,228357,228358,228359,228362,228363,228364,228365,228366,1,-1,2,-2,1,3,1,-1,-3,-1,2,2,5,2,2,-2,-2,-5,-2,-2
0,1,38061,38064,114183,114184,114185,114188,114189,114190,228367,228368,228369,228370,228371,228374,228375,228376,228377,228378,1,-1,2,-2,1,3,1,-1,-3,-1,2,2,5,2,2,-2,-2,-5,-2,-2
0,1,38063,38066,114189,114190,114191,114194,114195,114196,228379,228380,228381,228382,228383,228386,228387,228388,228389,228390,1,-1,2,-2,1,3,1,-1,-3,-1,2,2,5,2,2,-2,-2,-5,-2,-2
0,1,38065,38068,114195,114196,114197,114200,114201,114202,228391,228392,228393,228394,228395,228398,228399,228400,228401,228402,1,-1,2,-2,1,3,1,-1,-3,-1,2,2,5,2,2,-2,-2,-5,-2,-2
0,1,38067,38070,114201,114202,114203,114206,114207,114208,228403,228404,228405,228406,228407,228410,228411,228412,228413,228414,1,-1,2,-2,1,3,1,-1,-3,-1,2,2,5,2,2,-2,-2,-5,-2,-2
0,1,38069,38072,114207,114208,114209,114212,114213,114214,228415,228416,228417,228418,228419,228422,228423,228424,228425,228426,1,-1,2,-2,1,3,1,-1,-3,-1,2,2,5,2,2,-2,-2,-5,-2,-2
0,1,38071,38074,114213,114214,114215,114218,114219,114220,228427,228428,228429,228430,228431,228434,228435,228436,228437,228438,1,-1,2,-2,1,3,1,-1,-3,-1,2,2,5,2,2,-2,-2,-5,-2,-2
0,1,38073,38076,114219,114220,114221,114224,114225,114226,228439,228440,228441,228442,228443,228446,228447,228448,228449,228450,1,-1,2,-2,1,3,1,-1,-3,-1,2,2,5,2,2,-2,-2,-5,-2,-2
0,1,38075,38078,114225,114226,114227,114230,114231,114232,228451,228452,228453,228454,228455,228458,228459,228460,228461,228462,1,-1,2,-2,1,3,1,-1,-3,-1,2,2,5,2,2,-2,-2,-5,-2,-2
0,1,38077,38080,114231,114232,114233,114236,114237,114238,228463,228464,228465,228466,228467,228470,228471,228472,228473,228474,1,-1,2,-2,1,3,1,-1,-3,-1,2,2,5,2,2,-2,-2,-5,-2,-2
0,1,38079,38082,114237,114238,114239,114242,114243,114244,228475,228476,228477,228478,228479,228482,228483,228484,228485,228486,1,-1,2,-2,1,3,1,-1,-3,-1,2,2,5,2,2,-2,-2,-5,-2,-2
0,1,38081,38084,114243,114244,114245,114248,114249,114250,228487,228488,228489,228490,228491,228494,228495,228496,228497,228498,1,-1,2,-2,1,3,1,-1,-3,-1,2,2,5,2,2,-2,-2,-5,-2,-2
0,1,38083,38086,114249,114250,114251,114254,114255,114256,228499,228500,228501,228502,228503,228506,228507,228508,228509,228510,1,-1,2,-2,1,3,1,-1,-3,-1,2,2,5,2,2,-2,-2,-5,-2,-2
0,1,38085,38088,114255,114256,114257,114260,114261,114262,228511,228512,228513,228514,228515,228518,228519,228520,228521,228522,1,-1,2,-2,1,3,1,-1,-3,-1,2,2,5,2,2,-2,-2,-5,-2,-2
0,1,38087,38090,114261,114262,114263,114266,114267,114268,228523,228524,228525,228526,228527,228530,228531,228532,228533,228534,1,-1,2,-2,1,3,1,-1,-3,-1,2,2,5,2,2,-2,-2,-5,-2,-2
0,1,38089,38092,114267,114268,114269,114272,114273,114274,228535,228536,228537,228538,228539,228542,228543,228544,228545,228546,1,-1,2,-2,1,3,1,-1,-3,-1,2,2,5,2,2,-2,-2,-5,-2,-2
0,1,38091,38094,114273,114274,114275,114278,114279,114280,228547,228548,228549,228550,228551,228554,228555,228556,228557,228558,1,-1,2,-2,1,3,1,-1,-3,-1,2,2,5,2,2,-2,-2,-5,-2,-2
0,1,38093,38096,114279,114280,114281,114284,114285,114286,228559,228560,228561,228562,228563,228566,228567,228568,228569,228570,1,-1,2,-2,1,3,1,-1,-3,-1,2,2,5,2,2,-2,-2,-5,-2,-2
0,1,38095,38098,114285,114286,114287,114290,114291,114292,228571,228572,228573,228574,228575,228578,228579,228580,228581,228582,1,-1,2,-2,1,3,1,-1,-3,-1,2,2,5,2,2,-2,-2,-5,-2,-2
0,1,38097,38100,114291,114292,114293,114296,114297,114298,228583,228584,228585,228586,228587,228590,228591,228592,228593,228594,1,-1,2,-2,1,3,1,-1,-3,-1,2,2,5,2,2,-2,-2,-5,-2,-2
0,1,38099,38102,114297,114298,114299,114302,114303,114304,228595,228596,228597,228598,228599,228602,228603,228604,228605,228606,1,-1,2,-2,1,3,1,-1,-3,-1,2,2,5,2,2,-2,-2,-5,-2,-2
0,1,38101,38104,114303,114304,114305,114308,114309,114310,228607,228608,228609,228610,228611,228614,228615,228616,228617,228618,1,-1,2,-2,1,3,1,-1,-3,-1,2,2,5,2,2,-2,-2,-5,-2,-2
0,1,38103,38106,114309,114310,114311,114314,114315,114316,228619,228620,228621,228622,228623,228626,228627,228628,228629,228630,1,-1,2,-2,1,3,1,-1,-3,-1,2,2,5,2,2,-2,-2,-5,-2,-2
0,1,38105,38108,114315,114316,114317,114320,114321,114322,228631,228632,228633,228634,228635,228638,228639,228640,228641,228642,1,-1,2,-2,1,3,1,-1,-3,-1,2,2,5,2,2,-2,-2,-5,-2,-2
0,1,38107,38110,114321,114322,114323,114326,114327,114328,228643,228644,228645,228646,228647,228650,228651,228652,228653,228654,1,-1,2,-2,1,3,1,-1,-3,-1,2,2,5,2,2,-2,-2,-5,-2,-2
0,1,38109,38112,114327,114328,114329,114332,114333,114334,228655,228656,228657,228658,228659,228662,228663,228664,228665,228666,1,-1,2,-2,1,3,1,-1,-3,-1,2,2,5,2,2,-2,-2,-5,-2,-2
0,1,38111,38114,114333,114334,114335,114338,114339,114340,228667,228668,228669,228670,228671,228674,228675,228676,228677,228678,1,-1,2,-2,1,3,1,-1,-3,-1,2,2,5,2,2,-2,-2,-5,-2,-2
0,1,38113,38116,114339,114340,114341,114344,114345,114346,228679,228680,228681,228682,228683,228686,228687,228688,228689,228690,1,-1,2,-2,1,3,1,-1,-3,-1,2,2,5,2,2,-2,-2,-5,-2,-2
0,1,38115,38118,114345,114346,114347,114350,114351,114352,228691,228692,228693,228694,228695,228698,228699,228700,228701,228702,1,-1,2,-2,1,3,1,-1,-3,-1,2,2,5,2,2,-2,-2,-5,-2,-2
0,1,38117,38120,114351,114352,114353,114356,114357,114358,228703,228704,228705,228706,228707,228710,228711,228712,228713,228714,1,-1,2,-2,1,3,1,-1,-3,-1,2,2,5,2,2,-2,-2,-5,-2,-2
0,1,38119,38122,114357,114358,114359,114362,114363,114364,228715,228716,228717,228718,228719,228722,228723,228724,228725,228726,1,-1,2,-2,1,3,1,-1,-3,-1,2,2,5,2,2,-2,-2,-5,-2,-2
0,1,38121,38124,114363,114364,114365,114368,114369,114370,228727,228728,228729,228730,228731,228734,228735,228736,228737,228738,1,-1,2,-2,1,3,1,-1,-3,-1,2,2,5,2,2,-2,-2,-5,-2,-2
0,1,38123,38126,114369,114370,114371,114374,114375,114376,228739,228740,228741,228742,228743,228746,228747,228748,228749,228750,1,-1,2,-2,1,3,1,-1,-3,-1,2,2,5,2,2,-2,-2,-5,-2,-2
0,1,38125,38128,114375,114376,114377,114380,114381,114382,228751,228752,228753,228754,228755,228758,228759,228760,228761,228762,1,-1,2,-2,1,3,1,-1,-3,-1,2,2,5,2,2,-2,-2,-5,-2,-2
0,1,38127,38130,114381,114382,114383,114386,114387,114388,228763,228764,228765,228766,228767,228770,228771,228772,228773,228774,1,-1,2,-2,1,3,1,-1,-3,-1,2,2,5,2,2,-2,-2,-5,-2,-2
0,1,38129,38132,114387,114388,114389,114392,114393,114394,228775,228776,228777,228778,228779,228782,228783,228784,228785,228786,1,-1,2,-2,1,3,1,-1,-3,-1,2,2,5,2,2,-2,-2,-5,-2,-2
0,1,38131,38134,114393,114394,114395,114398,114399,114400,228787,228788,228789,228790,228791,228794,228795,228796,228797,228798,1,-1,2,-2,1,3,1,-1,-3,-1,2,2,5,2,2,-2,-2,-5,-2,-2
0,1,38133,38136,114399,114400,114401,114404,114405,114406,228799,228800,228801,228802,228803,228806,228807,228808,228809,228810,1,-1,2,-2,1,3,1,-1,-3,-1,2,2,5,2,2,-2,-2,-5,-2,-2
0,1,38135,38138,114405,114406,114407,114410,114411,114412,228811,228812,228813,228814,228815,228818,228819,228820,228821,228822,1,-1,2,-2,1,3,1,-1,-3,-1,2,2,5,2,2,-2,-2,-5,-2,-2
0,1,38137,38140,114411,114412,114413,114416,114417,114418,228823,228824,228825,228826,228827,228830,228831,228832,228833,228834,1,-1,2,-2,1,3,1,-1,-3,-1,2,2,5,2,2,-2,-2,-5,-2,-2
0,1,38139,38142,114417,114418,114419,114422,114423,114424,228835,228836,228837,228838,228839,228842,228843,228844,228845,228846,1,-1,2,-2,1,3,1,-1,-3,-1,2,2,5,2,2,-2,-2,-5,-2,-2
0,1,38141,38144,114423,114424,114425,114428,114429,114430,228847,228848,228849,228850,228851,228854,228855,228856,228857,228858,1,-1,2,-2,1,3,1,-1,-3,-1,2,2,5,2,2,-2,-2,-5,-2,-2
0,1,38143,38146,114429,114430,114431,114434,114435,114436,228859,228860,228861,228862,228863,228866,228867,228868,228869,228870,1,-1,2,-2,1,3,1,-1,-3,-1,2,2,5,2,2,-2,-2,-5,-2,-2
0,1,38145,38148,114435,114436,114437,114440,114441,114442,228871,228872,228873,228874,228875,228878,228879,228880,228881,228882,1,-1,2,-2,1,3,1,-1,-3,-1,2,2,5,2,2,-2,-2,-5,-2,-2
0,1,38147,38150,114441,114442,114443,114446,114447,114448,228883,228884,228885,228886,228887,228890,228891,228892,228893,228894,1,-1,2,-2,1,3,1,-1,-3,-1,2,2,5,2,2,-2,-2,-5,-2,-2
0,1,38149,38152,114447,114448,114449,114452,114453,114454,228895,228896,228897,228898,228899,228902,228903,228904,228905,228906,1,-1,2,-2,1,3,1,-1,-3,-1,2,2,5,2,2,-2,-2,-5,-2,-2
0,1,38151,38154,114453,114454,114455,114458,114459,114460,228907,228908,228909,228910,228911,228914,228915,228916,228917,228918,1,-1,2,-2,1,3,1,-1,-3,-1,2,2,5,2,2,-2,-2,-5,-2,-2
0,1,38153,38156,114459,114460,114461,114464,114465,114466,228919,228920,228921,228922,228923,228926,228927,228928,228929,228930,1,-1,2,-2,1,3,1,-1,-3,-1,2,2,5,2,2,-2,-2,-5,-2,-2
0,1,38155,38158,114465,114466,114467,114470,114471,114472,228931,228932,228933,228934,228935,228938,228939,228940,228941,228942,1,-1,2,-2,1,3,1,-1,-3,-1,2,2,5,2,2,-2,-2,-5,-2,-2
0,1,38157,38160,114471,114472,114473,114476,114477,114478,228943,228944,228945,228946,228947,228950,228951,228952,228953,228954,1,-1,2,-2,1,3,1,-1,-3,-1,2,2,5,2,2,-2,-2,-5,-2,-2
0,1,38159,38162,114477,114478,114479,114482,114483,114484,228955,228956,228957,228958,228959,228962,228963,228964,228965,228966,1,-1,2,-2,1,3,1,-1,-3,-1,2,2,5,2,2,-2,-2,-5,-2,-2
0,1,38161,38164,114483,114484,114485,114488,114489,114490,228967,228968,228969,228970,228971,228974,228975,228976,228977,228978,1,-1,2,-2,1,3,1,-1,-3,-1,2,2,5,2,2,-2,-2,-5,-2,-2
0,1,38163,38166,114489,114490,114491,114494,114495,114496,228979,228980,228981,228982,228983,228986,228987,228988,228989,228990,1,-1,2,-2,1,3,1,-1,-3,-1,2,2,5,2,2,-2,-2,-5,-2,-2
0,1,38165,38168,114495,114496,114497,114500,114501,114502,228991,228992,228993,228994,228995,228998,228999,229000,229001,229002,1,-1,2,-2,1,3,1,-1,-3,-1,2,2,5,2,2,-2,-2,-5,-2,-2
0,1,38167,38170,114501,114502,114503,114506,114507,114508,229003,229004,229005,229006,229007,229010,229011,229012,229013,229014,1,-1,2,-2,1,3,1,-1,-3,-1,2,2,5,2,2,-2,-2,-5,-2,-2
0,1,38169,38172,114507,114508,114509,114512,114513,114514,229015,229016,229017,229018,229019,229022,229023,229024,229025,229026,1,-1,2,-2,1,3,1,-1,-3,-1,2,2,5,2,2,-2,-2,-5,-2,-2
0,1,38171,38174,114513,114514,114515,114518,114519,114520,229027,229028,229029,229030,229031,229034,229035,229036,229037,229038,1,-1,2,-2,1,3,1,-1,-3,-1,2,2,5,2,2,-2,-2,-5,-2,-2
0,1,38173,38176,114519,114520,114521,114524,114525,114526,229039,229040,229041,229042,229043,229046,229047,229048,229049,229050,1,-1,2,-2,1,3,1,-1,-3,-1,2,2,5,2,2,-2,-2,-5,-2,-2
0,1,38175,38178,114525,114526,114527,114530,114531,114532,229051,229052,229053,229054,229055,229058,229059,229060,229061,229062,1,-1,2,-2,1,3,1,-1,-3,-1,2,2,5,2,2,-2,-2,-5,-2,-2
0,1,38177,38180,114531,114532,114533,114536,114537,114538,229063,229064,229065,229066,229067,229070,229071,229072,229073,229074,1,-1,2,-2,1,3,1,-1,-3,-1,2,2,5,2,2,-2,-2,-5,-2,-2
0,1,38179,38182,114537,114538,114539,114542,114543,114544,229075,229076,229077,229078,229079,229082,229083,229084,229085,229086,1,-1,2,-2,1,3,1,-1,-3,-1,2,2,5,2,2,-2,-2,-5,-2,-2
0,1,38181,38184,114543,114544,114545,114548,114549,114550,229087,229088,229089,229090,229091,229094,229095,229096,229097,229098,1,-1,2,-2,1,3,1,-1,-3,-1,2,2,5,2,2,-2,-2,-5,-2,-2
0,1,38183,38186,114549,114550,114551,114554,114555,114556,229099,229100,229101,229102,229103,229106,229107,229108,229109,229110,1,-1,2,-2,1,3,1,-1,-3,-1,2,2,5,2,2,-2,-2,-5,-2,-2
0,1,38185,38188,114555,114556,114557,114560,114561,114562,229111,229112,229113,229114,229115,229118,229119,229120,229121,229122,1,-1,2,-2,1,3,1,-1,-3,-1,2,2,5,2,2,-2,-2,-5,-2,-2
0,1,38187,38190,114561,114562,114563,114566,114567,114568,229123,229124,229125,229126,229127,229130,229131,229132,229133,229134,1,-1,2,-2,1,3,1,-1,-3,-1,2,2,5,2,2,-2,-2,-5,-2,-2
0,1,38189,38192,114567,114568,114569,114572,114573,114574,229135,229136,229137,229138,229139,229142,229143,229144,229145,229146,1,-1,2,-2,1,3,1,-1,-3,-1,2,2,5,2,2,-2,-2,-5,-2,-2
0,1,38191,38194,114573,114574,114575,114578,114579,114580,229147,229148,229149,229150,229151,229154,229155,229156,229157,229158,1,-1,2,-2,1,3,1,-1,-3,-1,2,2,5,2,2,-2,-2,-5,-2,-2
0,1,38193,38196,114579,114580,114581,114584,114585,114586,229159,229160,229161,229162,229163,229166,229167,229168,229169,229170,1,-1,2,-2,1,3,1,-1,-3,-1,2,2,5,2,2,-2,-2,-5,-2,-2
0,1,38195,38198,114585,114586,114587,114590,114591,114592,229171,229172,229173,229174,229175,229178,229179,229180,229181,229182,1,-1,2,-2,1,3,1,-1,-3,-1,2,2,5,2,2,-2,-2,-5,-2,-2
0,1,38197,38200,114591,114592,114593,114596,114597,114598,229183,229184,229185,229186,229187,229190,229191,229192,229193,229194,1,-1,2,-2,1,3,1,-1,-3,-1,2,2,5,2,2,-2,-2,-5,-2,-2
0,1,38199,38202,114597,114598,114599,114602,114603,114604,229195,229196,229197,229198,229199,229202,229203,229204,229205,229206,1,-1,2,-2,1,3,1,-1,-3,-1,2,2,5,2,2,-2,-2,-5,-2,-2
0,1,38201,38204,114603,114604,114605,114608,114609,114610,229207,229208,229209,229210,229211,229214,229215,229216,229217,229218,1,-1,2,-2,1,3,1,-1,-3,-1,2,2,5,2,2,-2,-2,-5,-2,-2
0,1,38203,38206,114609,114610,114611,114614,114615,114616,229219,229220,229221,229222,229223,229226,229227,229228,229229,229230,1,-1,2,-2,1,3,1,-1,-3,-1,2,2,5,2,2,-2,-2,-5,-2,-2
0,1,38205,38208,114615,114616,114617,114620,114621,114622,229231,229232,229233,229234,229235,229238,229239,229240,229241,229242,1,-1,2,-2,1,3,1,-1,-3,-1,2,2,5,2,2,-2,-2,-5,-2,-2
0,1,38207,38210,114621,114622,114623,114626,114627,114628,229243,229244,229245,229246,229247,229250,229251,229252,229253,229254,1,-1,2,-2,1,3,1,-1,-3,-1,2,2,5,2,2,-2,-2,-5,-2,-2
0,1,38209,38212,114627,114628,114629,114632,114633,114634,229255,229256,229257,229258,229259,229262,229263,229264,229265,229266,1,-1,2,-2,1,3,1,-1,-3,-1,2,2,5,2,2,-2,-2,-5,-2,-2
0,1,38211,38214,114633,114634,114635,114638,114639,114640,229267,229268,229269,229270,229271,229274,229275,229276,229277,229278,1,-1,2,-2,1,3,1,-1,-3,-1,2,2,5,2,2,-2,-2,-5,-2,-2
0,1,38213,38216,114639,114640,114641,114644,114645,114646,229279,229280,229281,229282,229283,229286,229287,229288,229289,229290,1,-1,2,-2,1,3,1,-1,-3,-1,2,2,5,2,2,-2,-2,-5,-2,-2
0,1,38215,38218,114645,114646,114647,114650,114651,114652,229291,229292,229293,229294,229295,229298,229299,229300,229301,229302,1,-1,2,-2,1,3,1,-1,-3,-1,2,2,5,2,2,-2,-2,-5,-2,-2
0,1,38217,38220,114651,114652,114653,114656,114657,114658,229303,229304,229305,229306,229307,229310,229311,229312,229313,229314,1,-1,2,-2,1,3,1,-1,-3,-1,2,2,5,2,2,-2,-2,-5,-2,-2
0,1,38219,38222,114657,114658,114659,114662,114663,114664,229315,229316,229317,229318,229319,229322,229323,229324,229325,229326,1,-1,2,-2,1,3,1,-1,-3,-1,2,2,5,2,2,-2,-2,-5,-2,-2
0,1,38221,38224,114663,114664,114665,114668,114669,114670,229327,229328,229329,229330,229331,229334,229335,229336,229337,229338,1,-1,2,-2,1,3,1,-1,-3,-1,2,2,5,2,2,-2,-2,-5,-2,-2
0,1,38223,38226,114669,114670,114671,114674,114675,114676,229339,229340,229341,229342,229343,229346,229347,229348,229349,229350,1,-1,2,-2,1,3,1,-1,-3,-1,2,2,5,2,2,-2,-2,-5,-2,-2
0,1,38225,38228,114675,114676,114677,114680,114681,114682,229351,229352,229353,229354,229355,229358,229359,229360,229361,229362,1,-1,2,-2,1,3,1,-1,-3,-1,2,2,5,2,2,-2,-2,-5,-2,-2
0,1,38227,38230,114681,114682,114683,114686,114687,114688,229363,229364,229365,229366,229367,229370,229371,229372,229373,229374,1,-1,2,-2,1,3,1,-1,-3,-1,2,2,5,2,2,-2,-2,-5,-2,-2
0,1,38229,38232,114687,114688,114689,114692,114693,114694,229375,229376,229377,229378,229379,229382,229383,229384,229385,229386,1,-1,2,-2,1,3,1,-1,-3,-1,2,2,5,2,2,-2,-2,-5,-2,-2
0,1,38231,38234,114693,114694,114695,114698,114699,114700,229387,229388,229389,229390,229391,229394,229395,229396,229397,229398,1,-1,2,-2,1,3,1,-1,-3,-1,2,2,5,2,2,-2,-2,-5,-2,-2
0,1,38233,38236,114699,114700,114701,114704,114705,114706,229399,229400,229401,229402,229403,229406,229407,229408,229409,229410,1,-1,2,-2,1,3,1,-1,-3,-1,2,2,5,2,2,-2,-2,-5,-2,-2
0,1,38235,38238,114705,114706,114707,114710,114711,114712,229411,229412,229413,229414,229415,229418,229419,229420,229421,229422,1,-1,2,-2,1,3,1,-1,-3,-1,2,2,5,2,2,-2,-2,-5,-2,-2
0,1,38237,38240,114711,114712,114713,114716,114717,114718,229423,229424,229425,229426,229427,229430,229431,229432,229433,229434,1,-1,2,-2,1,3,1,-1,-3,-1,2,2,5,2,2,-2,-2,-5,-2,-2
0,1,38239,38242,114717,114718,114719,114722,114723,114724,229435,229436,229437,229438,229439,229442,229443,229444,229445,229446,1,-1,2,-2,1,3,1,-1,-3,-1,2,2,5,2,2,-2,-2,-5,-2,-2
0,1,38241,38244,114723,114724,114725,114728,114729,114730,229447,229448,229449,229450,229451,229454,229455,229456,229457,229458,1,-1,2,-2,1,3,1,-1,-3,-1,2,2,5,2,2,-2,-2,-5,-2,-2
0,1,38243,38246,114729,114730,114731,114734,114735,114736,229459,229460,229461,229462,229463,229466,229467,229468,229469,229470,1,-1,2,-2,1,3,1,-1,-3,-1,2,2,5,2,2,-2,-2,-5,-2,-2
0,1,38245,38248,114735,114736,114737,114740,114741,114742,229471,229472,229473,229474,229475,229478,229479,229480,229481,229482,1,-1,2,-2,1,3,1,-1,-3,-1,2,2,5,2,2,-2,-2,-5,-2,-2
0,1,38247,38250,114741,114742,114743,114746,114747,114748,229483,229484,229485,229486,229487,229490,229491,229492,229493,229494,1,-1,2,-2,1,3,1,-1,-3,-1,2,2,5,2,2,-2,-2,-5,-2,-2
0,1,38249,38252,114747,114748,114749,114752,114753,114754,229495,229496,229497,229498,229499,229502,229503,229504,229505,229506,1,-1,2,-2,1,3,1,-1,-3,-1,2,2,5,2,2,-2,-2,-5,-2,-2
0,1,38251,38254,114753,114754,114755,114758,114759,114760,229507,229508,229509,229510,229511,229514,229515,229516,229517,229518,1,-1,2,-2,1,3,1,-1,-3,-1,2,2,5,2,2,-2,-2,-5,-2,-2
0,1,38253,38256,114759,114760,114761,114764,114765,114766,229519,229520,229521,229522,229523,229526,229527,229528,229529,229530,1,-1,2,-2,1,3,1,-1,-3,-1,2,2,5,2,2,-2,-2,-5,-2,-2
0,1,38255,38258,114765,114766,114767,114770,114771,114772,229531,229532,229533,229534,229535,229538,229539,229540,229541,229542,1,-1,2,-2,1,3,1,-1,-3,-1,2,2,5,2,2,-2,-2,-5,-2,-2
0,1,38257,38260,114771,114772,114773,114776,114777,114778,229543,229544,229545,229546,229547,229550,229551,229552,229553,229554,1,-1,2,-2,1,3,1,-1,-3,-1,2,2,5,2,2,-2,-2,-5,-2,-2
0,1,38259,38262,114777,114778,114779,114782,114783,114784,229555,229556,229557,229558,229559,229562,229563,229564,229565,229566,1,-1,2,-2,1,3,1,-1,-3,-1,2,2,5,2,2,-2,-2,-5,-2,-2
0,1,38261,38264,114783,114784,114785,114788,114789,114790,229567,229568,229569,229570,229571,229574,229575,229576,229577,229578,1,-1,2,-2,1,3,1,-1,-3,-1,2,2,5,2,2,-2,-2,-5,-2,-2
0,1,38263,38266,114789,114790,114791,114794,114795,114796,229579,229580,229581,229582,229583,229586,229587,229588,229589,229590,1,-1,2,-2,1,3,1,-1,-3,-1,2,2,5,2,2,-2,-2,-5,-2,-2
0,1,38265,38268,114795,114796,114797,114800,114801,114802,229591,229592,229593,229594,229595,229598,229599,229600,229601,229602,1,-1,2,-2,1,3,1,-1,-3,-1,2,2,5,2,2,-2,-2,-5,-2,-2
0,1,38267,38270,114801,114802,114803,114806,114807,114808,229603,229604,229605,229606,229607,229610,229611,229612,229613,229614,1,-1,2,-2,1,3,1,-1,-3,-1,2,2,5,2,2,-2,-2,-5,-2,-2
0,1,38269,38272,114807,114808,114809,114812,114813,114814,229615,229616,229617,229618,229619,229622,229623,229624,229625,229626,1,-1,2,-2,1,3,1,-1,-3,-1,2,2,5,2,2,-2,-2,-5,-2,-2
0,1,38271,38274,114813,114814,114815,114818,114819,114820,229627,229628,229629,229630,229631,229634,229635,229636,229637,229638,1,-1,2,-2,1,3,1,-1,-3,-1,2,2,5,2,2,-2,-2,-5,-2,-2
0,1,38273,38276,114819,114820,114821,114824,114825,114826,229639,229640,229641,229642,229643,229646,229647,229648,229649,229650,1,-1,2,-2,1,3,1,-1,-3,-1,2,2,5,2,2,-2,-2,-5,-2,-2
0,1,38275,38278,114825,114826,114827,114830,114831,114832,229651,229652,229653,229654,229655,229658,229659,229660,229661,229662,1,-1,2,-2,1,3,1,-1,-3,-1,2,2,5,2,2,-2,-2,-5,-2,-2
0,1,38277,38280,114831,114832,114833,114836,114837,114838,229663,229664,229665,229666,229667,229670,229671,229672,229673,229674,1,-1,2,-2,1,3,1,-1,-3,-1,2,2,5,2,2,-2,-2,-5,-2,-2
0,1,38279,38282,114837,114838,114839,114842,114843,114844,229675,229676,229677,229678,229679,229682,229683,229684,229685,229686,1,-1,2,-2,1,3,1,-1,-3,-1,2,2,5,2,2,-2,-2,-5,-2,-2
0,1,38281,38284,114843,114844,114845,114848,114849,114850,229687,229688,229689,229690,229691,229694,229695,229696,229697,229698,1,-1,2,-2,1,3,1,-1,-3,-1,2,2,5,2,2,-2,-2,-5,-2,-2
0,1,38283,38286,114849,114850,114851,114854,114855,114856,229699,229700,229701,229702,229703,229706,229707,229708,229709,229710,1,-1,2,-2,1,3,1,-1,-3,-1,2,2,5,2,2,-2,-2,-5,-2,-2
0,1,38285,38288,114855,114856,114857,114860,114861,114862,229711,229712,229713,229714,229715,229718,229719,229720,229721,229722,1,-1,2,-2,1,3,1,-1,-3,-1,2,2,5,2,2,-2,-2,-5,-2,-2
0,1,38287,38290,114861,114862,114863,114866,114867,114868,229723,229724,229725,229726,229727,229730,229731,229732,229733,229734,1,-1,2,-2,1,3,1,-1,-3,-1,2,2,5,2,2,-2,-2,-5,-2,-2
0,1,38289,38292,114867,114868,114869,114872,114873,114874,229735,229736,229737,229738,229739,229742,229743,229744,229745,229746,1,-1,2,-2,1,3,1,-1,-3,-1,2,2,5,2,2,-2,-2,-5,-2,-2
0,1,38291,38294,114873,114874,114875,114878,114879,114880,229747,229748,229749,229750,229751,229754,229755,229756,229757,229758,1,-1,2,-2,1,3,1,-1,-3,-1,2,2,5,2,2,-2,-2,-5,-2,-2
0,1,38293,38296,114879,114880,114881,114884,114885,114886,229759,229760,229761,229762,229763,229766,229767,229768,229769,229770,1,-1,2,-2,1,3,1,-1,-3,-1,2,2,5,2,2,-2,-2,-5,-2,-2
0,1,38295,38298,114885,114886,114887,114890,114891,114892,229771,229772,229773,229774,229775,229778,229779,229780,229781,229782,1,-1,2,-2,1,3,1,-1,-3,-1,2,2,5,2,2,-2,-2,-5,-2,-2
0,1,38297,38300,114891,114892,114893,114896,114897,114898,229783,229784,229785,229786,229787,229790,229791,229792,229793,229794,1,-1,2,-2,1,3,1,-1,-3,-1,2,2,5,2,2,-2,-2,-5,-2,-2
0,1,38299,38302,114897,114898,114899,114902,114903,114904,229795,229796,229797,229798,229799,229802,229803,229804,229805,229806,1,-1,2,-2,1,3,1,-1,-3,-1,2,2,5,2,2,-2,-2,-5,-2,-2
0,1,38301,38304,114903,114904,114905,114908,114909,114910,229807,229808,229809,229810,229811,229814,229815,229816,229817,229818,1,-1,2,-2,1,3,1,-1,-3,-1,2,2,5,2,2,-2,-2,-5,-2,-2
0,1,38303,38306,114909,114910,114911,114914,114915,114916,229819,229820,229821,229822,229823,229826,229827,229828,229829,229830,1,-1,2,-2,1,3,1,-1,-3,-1,2,2,5,2,2,-2,-2,-5,-2,-2
0,1,38305,38308,114915,114916,114917,114920,114921,114922,229831,229832,229833,229834,229835,229838,229839,229840,229841,229842,1,-1,2,-2,1,3,1,-1,-3,-1,2,2,5,2,2,-2,-2,-5,-2,-2
0,1,38307,38310,114921,114922,114923,114926,114927,114928,229843,229844,229845,229846,229847,229850,229851,229852,229853,229854,1,-1,2,-2,1,3,1,-1,-3,-1,2,2,5,2,2,-2,-2,-5,-2,-2
0,1,38309,38312,114927,114928,114929,114932,114933,114934,229855,229856,229857,229858,229859,229862,229863,229864,229865,229866,1,-1,2,-2,1,3,1,-1,-3,-1,2,2,5,2,2,-2,-2,-5,-2,-2
0,1,38311,38314,114933,114934,114935,114938,114939,114940,229867,229868,229869,229870,229871,229874,229875,229876,229877,229878,1,-1,2,-2,1,3,1,-1,-3,-1,2,2,5,2,2,-2,-2,-5,-2,-2
0,1,38313,38316,114939,114940,114941,114944,114945,114946,229879,229880,229881,229882,229883,229886,229887,229888,229889,229890,1,-1,2,-2,1,3,1,-1,-3,-1,2,2,5,2,2,-2,-2,-5,-2,-2
0,1,38315,38318,114945,114946,114947,114950,114951,114952,229891,229892,229893,229894,229895,229898,229899,229900,229901,229902,1,-1,2,-2,1,3,1,-1,-3,-1,2,2,5,2,2,-2,-2,-5,-2,-2
0,1,38317,38320,114951,114952,114953,114956,114957,114958,229903,229904,229905,229906,229907,229910,229911,229912,229913,229914,1,-1,2,-2,1,3,1,-1,-3,-1,2,2,5,2,2,-2,-2,-5,-2,-2
0,1,38319,38322,114957,114958,114959,114962,114963,114964,229915,229916,229917,229918,229919,229922,229923,229924,229925,229926,1,-1,2,-2,1,3,1,-1,-3,-1,2,2,5,2,2,-2,-2,-5,-2,-2
0,1,38321,38324,114963,114964,114965,114968,114969,114970,229927,229928,229929,229930,229931,229934,229935,229936,229937,229938,1,-1,2,-2,1,3,1,-1,-3,-1,2,2,5,2,2,-2,-2,-5,-2,-2
0,1,38323,38326,114969,114970,114971,114974,114975,114976,229939,229940,229941,229942,229943,229946,229947,229948,229949,229950,1,-1,2,-2,1,3,1,-1,-3,-1,2,2,5,2,2,-2,-2,-5,-2,-2
0,1,38325,38328,114975,114976,114977,114980,114981,114982,229951,229952,229953,229954,229955,229958,229959,229960,229961,229962,1,-1,2,-2,1,3,1,-1,-3,-1,2,2,5,2,2,-2,-2,-5,-2,-2
0,1,38327,38330,114981,114982,114983,114986,114987,114988,229963,229964,229965,229966,229967,229970,229971,229972,229973,229974,1,-1,2,-2,1,3,1,-1,-3,-1,2,2,5,2,2,-2,-2,-5,-2,-2
0,1,38329,38332,114987,114988,114989,114992,114993,114994,229975,229976,229977,229978,229979,229982,229983,229984,229985,229986,1,-1,2,-2,1,3,1,-1,-3,-1,2,2,5,2,2,-2,-2,-5,-2,-2
0,1,38331,38334,114993,114994,114995,114998,114999,115000,229987,229988,229989,229990,229991,229994,229995,229996,229997,229998,1,-1,2,-2,1,3,1,-1,-3,-1,2,2,5,2,2,-2,-2,-5,-2,-2
0,1,38333,38336,114999,115000,115001,115004,115005,115006,229999,230000,230001,230002,230003,230006,230007,230008,230009,230010,1,-1,2,-2,1,3,1,-1,-3,-1,2,2,5,2,2,-2,-2,-5,-2,-2
0,1,38335,38338,115005,115006,115007,115010,115011,115012,230011,230012,230013,230014,230015,230018,230019,230020,230021,230022,1,-1,2,-2,1,3,1,-1,-3,-1,2,2,5,2,2,-2,-2,-5,-2,-2
0,1,38337,38340,115011,115012,115013,115016,115017,115018,230023,230024,230025,230026,230027,230030,230031,230032,230033,230034,1,-1,2,-2,1,3,1,-1,-3,-1,2,2,5,2,2,-2,-2,-5,-2,-2
0,1,38339,38342,115017,115018,115019,115022,115023,115024,230035,230036,230037,230038,230039,230042,230043,230044,230045,230046,1,-1,2,-2,1,3,1,-1,-3,-1,2,2,5,2,2,-2,-2,-5,-2,-2
0,1,38341,38344,115023,115024,115025,115028,115029,115030,230047,230048,230049,230050,230051,230054,230055,230056,230057,230058,1,-1,2,-2,1,3,1,-1,-3,-1,2,2,5,2,2,-2,-2,-5,-2,-2
0,1,38343,38346,115029,115030,115031,115034,115035,115036,230059,230060,230061,230062,230063,230066,230067,230068,230069,230070,1,-1,2,-2,1,3,1,-1,-3,-1,2,2,5,2,2,-2,-2,-5,-2,-2
0,1,38345,38348,115035,115036,115037,115040,115041,115042,230071,230072,230073,230074,230075,230078,230079,230080,230081,230082,1,-1,2,-2,1,3,1,-1,-3,-1,2,2,5,2,2,-2,-2,-5,-2,-2
0,1,38347,38350,115041,115042,115043,115046,115047,115048,230083,230084,230085,230086,230087,230090,230091,230092,230093,230094,1,-1,2,-2,1,3,1,-1,-3,-1,2,2,5,2,2,-2,-2,-5,-2,-2
0,1,38349,38352,115047,115048,115049,115052,115053,115054,230095,230096,230097,230098,230099,230102,230103,230104,230105,230106,1,-1,2,-2,1,3,1,-1,-3,-1,2,2,5,2,2,-2,-2,-5,-2,-2
0,1,38351,38354,115053,115054,115055,115058,115059,115060,230107,230108,230109,230110,230111,230114,230115,230116,230117,230118,1,-1,2,-2,1,3,1,-1,-3,-1,2,2,5,2,2,-2,-2,-5,-2,-2
0,1,38353,38356,115059,115060,115061,115064,115065,115066,230119,230120,230121,230122,230123,230126,230127,230128,230129,230130,1,-1,2,-2,1,3,1,-1,-3,-1,2,2,5,2,2,-2,-2,-5,-2,-2
0,1,38355,38358,115065,115066,115067,115070,115071,115072,230131,230132,230133,230134,230135,230138,230139,230140,230141,230142,1,-1,2,-2,1,3,1,-1,-3,-1,2,2,5,2,2,-2,-2,-5,-2,-2
0,1,38357,38360,115071,115072,115073,115076,115077,115078,230143,230144,230145,230146,230147,230150,230151,230152,230153,230154,1,-1,2,-2,1,3,1,-1,-3,-1,2,2,5,2,2,-2,-2,-5,-2,-2
0,1,38359,38362,115077,115078,115079,115082,115083,115084,230155,230156,230157,230158,230159,230162,230163,230164,230165,230166,1,-1,2,-2,1,3,1,-1,-3,-1,2,2,5,2,2,-2,-2,-5,-2,-2
0,1,38361,38364,115083,115084,115085,115088,115089,115090,230167,230168,230169,230170,230171,230174,230175,230176,230177,230178,1,-1,2,-2,1,3,1,-1,-3,-1,2,2,5,2,2,-2,-2,-5,-2,-2
0,1,38363,38366,115089,115090,115091,115094,115095,115096,230179,230180,230181,230182,230183,230186,230187,230188,230189,230190,1,-1,2,-2,1,3,1,-1,-3,-1,2,2,5,2,2,-2,-2,-5,-2,-2
0,1,38365,38368,115095,115096,115097,115100,115101,115102,230191,230192,230193,230194,230195,230198,230199,230200,230201,230202,1,-1,2,-2,1,3,1,-1,-3,-1,2,2,5,2,2,-2,-2,-5,-2,-2
0,1,38367,38370,115101,115102,115103,115106,115107,115108,230203,230204,230205,230206,230207,230210,230211,230212,230213,230214,1,-1,2,-2,1,3,1,-1,-3,-1,2,2,5,2,2,-2,-2,-5,-2,-2
0,1,38369,38372,115107,115108,115109,115112,115113,115114,230215,230216,230217,230218,230219,230222,230223,230224,230225,230226,1,-1,2,-2,1,3,1,-1,-3,-1,2,2,5,2,2,-2,-2,-5,-2,-2
0,1,38371,38374,115113,115114,115115,115118,115119,115120,230227,230228,230229,230230,230231,230234,230235,230236,230237,230238,1,-1,2,-2,1,3,1,-1,-3,-1,2,2,5,2,2,-2,-2,-5,-2,-2
0,1,38373,38376,115119,115120,115121,115124,115125,115126,230239,230240,230241,230242,230243,230246,230247,230248,230249,230250,1,-1,2,-2,1,3,1,-1,-3,-1,2,2,5,2,2,-2,-2,-5,-2,-2
0,1,38375,38378,115125,115126,115127,115130,115131,115132,230251,230252,230253,230254,230255,230258,230259,230260,230261,230262,1,-1,2,-2,1,3,1,-1,-3,-1,2,2,5,2,2,-2,-2,-5,-2,-2
0,1,38377,38380,115131,115132,115133,115136,115137,115138,230263,230264,230265,230266,230267,230270,230271,230272,230273,230274,1,-1,2,-2,1,3,1,-1,-3,-1,2,2,5,2,2,-2,-2,-5,-2,-2
0,1,38379,38382,115137,115138,115139,115142,115143,115144,230275,230276,230277,230278,230279,230282,230283,230284,230285,230286,1,-1,2,-2,1,3,1,-1,-3,-1,2,2,5,2,2,-2,-2,-5,-2,-2
0,1,38381,38384,115143,115144,115145,115148,115149,115150,230287,230288,230289,230290,230291,230294,230295,230296,230297,230298,1,-1,2,-2,1,3,1,-1,-3,-1,2,2,5,2,2,-2,-2,-5,-2,-2
0,1,38383,38386,115149,115150,115151,115154,115155,115156,230299,230300,230301,230302,230303,230306,230307,230308,230309,230310,1,-1,2,-2,1,3,1,-1,-3,-1,2,2,5,2,2,-2,-2,-5,-2,-2
0,1,38385,38388,115155,115156,115157,115160,115161,115162,230311,230312,230313,230314,230315,230318,230319,230320,230321,230322,1,-1,2,-2,1,3,1,-1,-3,-1,2,2,5,2,2,-2,-2,-5,-2,-2
0,1,38387,38390,115161,115162,115163,115166,115167,115168,230323,230324,230325,230326,230327,230330,230331,230332,230333,230334,1,-1,2,-2,1,3,1,-1,-3,-1,2,2,5,2,2,-2,-2,-5,-2,-2
0,1,38389,38392,115167,115168,115169,115172,115173,115174,230335,230336,230337,230338,230339,230342,230343,230344,230345,230346,1,-1,2,-2,1,3,1,-1,-3,-1,2,2,5,2,2,-2,-2,-5,-2,-2
0,1,38391,38394,115173,115174,115175,115178,115179,115180,230347,230348,230349,230350,230351,230354,230355,230356,230357,230358,1,-1,2,-2,1,3,1,-1,-3,-1,2,2,5,2,2,-2,-2,-5,-2,-2
0,1,38393,38396,115179,115180,115181,115184,115185,115186,230359,230360,230361,230362,230363,230366,230367,230368,230369,230370,1,-1,2,-2,1,3,1,-1,-3,-1,2,2,5,2,2,-2,-2,-5,-2,-2
0,1,38395,38398,115185,115186,115187,115190,115191,115192,230371,230372,230373,230374,230375,230378,230379,230380,230381,230382,1,-1,2,-2,1,3,1,-1,-3,-1,2,2,5,2,2,-2,-2,-5,-2,-2
0,1,38397,38400,115191,115192,115193,115196,115197,115198,230383,230384,230385,230386,230387,230390,230391,230392,230393,230394,1,-1,2,-2,1,3,1,-1,-3,-1,2,2,5,2,2,-2,-2,-5,-2,-2
0,1,38399,38402,115197,115198,115199,115202,115203,115204,230395,230396,230397,230398,230399,230402,230403,230404,230405,230406,1,-1,2,-2,1,3,1,-1,-3,-1,2,2,5,2,2,-2,-2,-5,-2,-2
0,1,38401,38404,115203,115204,115205,115208,115209,115210,230407,230408,230409,230410,230411,230414,230415,230416,230417,230418,1,-1,2,-2,1,3,1,-1,-3,-1,2,2,5,2,2,-2,-2,-5,-2,-2
0,1,38403,38406,115209,115210,115211,115214,115215,115216,230419,230420,230421,230422,230423,230426,230427,230428,230429,230430,1,-1,2,-2,1,3,1,-1,-3,-1,2,2,5,2,2,-2,-2,-5,-2,-2
0,1,38405,38408,115215,115216,115217,115220,115221,115222,230431,230432,230433,230434,230435,230438,230439,230440,230441,230442,1,-1,2,-2,1,3,1,-1,-3,-1,2,2,5,2,2,-2,-2,-5,-2,-2
0,1,38407,38410,115221,115222,115223,115226,115227,115228,230443,230444,230445,230446,230447,230450,230451,230452,230453,230454,1,-1,2,-2,1,3,1,-1,-3,-1,2,2,5,2,2,-2,-2,-5,-2,-2
0,1,38409,38412,115227,115228,115229,115232,115233,115234,230455,230456,230457,230458,230459,230462,230463,230464,230465,230466,1,-1,2,-2,1,3,1,-1,-3,-1,2,2,5,2,2,-2,-2,-5,-2,-2
0,1,38411,38414,115233,115234,115235,115238,115239,115240,230467,230468,230469,230470,230471,230474,230475,230476,230477,230478,1,-1,2,-2,1,3,1,-1,-3,-1,2,2,5,2,2,-2,-2,-5,-2,-2
0,1,38413,38416,115239,115240,115241,115244,115245,115246,230479,230480,230481,230482,230483,230486,230487,230488,230489,230490,1,-1,2,-2,1,3,1,-1,-3,-1,2,2,5,2,2,-2,-2,-5,-2,-2
0,1,38415,38418,115245,115246,115247,115250,115251,115252,230491,230492,230493,230494,230495,230498,230499,230500,230501,230502,1,-1,2,-2,1,3,1,-1,-3,-1,2,2,5,2,2,-2,-2,-5,-2,-2
0,1,38417,38420,115251,115252,115253,115256,115257,115258,230503,230504,230505,230506,230507,230510,230511,230512,230513,230514,1,-1,2,-2,1,3,1,-1,-3,-1,2,2,5,2,2,-2,-2,-5,-2,-2
0,1,38419,38422,115257,115258,115259,115262,115263,115264,230515,230516,230517,230518,230519,230522,230523,230524,230525,230526,1,-1,2,-2,1,3,1,-1,-3,-1,2,2,5,2,2,-2,-2,-5,-2,-2
0,1,38421,38424,115263,115264,115265,115268,115269,115270,230527,230528,230529,230530,230531,230534,230535,230536,230537,230538,1,-1,2,-2,1,3,1,-1,-3,-1,2,2,5,2,2,-2,-2,-5,-2,-2
0,1,38423,38426,115269,115270,115271,115274,115275,115276,230539,230540,230541,230542,230543,230546,230547,230548,230549,230550,1,-1,2,-2,1,3,1,-1,-3,-1,2,2,5,2,2,-2,-2,-5,-2,-2
0,1,38425,38428,115275,115276,115277,115280,115281,115282,230551,230552,230553,230554,230555,230558,230559,230560,230561,230562,1,-1,2,-2,1,3,1,-1,-3,-1,2,2,5,2,2,-2,-2,-5,-2,-2
0,1,38427,38430,115281,115282,115283,115286,115287,115288,230563,230564,230565,230566,230567,230570,230571,230572,230573,230574,1,-1,2,-2,1,3,1,-1,-3,-1,2,2,5,2,2,-2,-2,-5,-2,-2
0,1,38429,38432,115287,115288,115289,115292,115293,115294,230575,230576,230577,230578,230579,230582,230583,230584,230585,230586,1,-1,2,-2,1,3,1,-1,-3,-1,2,2,5,2,2,-2,-2,-5,-2,-2
0,1,38431,38434,115293,115294,115295,115298,115299,115300,230587,230588,230589,230590,230591,230594,230595,230596,230597,230598,1,-1,2,-2,1,3,1,-1,-3,-1,2,2,5,2,2,-2,-2,-5,-2,-2
0,1,38433,38436,115299,115300,115301,115304,115305,115306,230599,230600,230601,230602,230603,230606,230607,230608,230609,230610,1,-1,2,-2,1,3,1,-1,-3,-1,2,2,5,2,2,-2,-2,-5,-2,-2
0,1,38435,38438,115305,115306,115307,115310,115311,115312,230611,230612,230613,230614,230615,230618,230619,230620,230621,230622,1,-1,2,-2,1,3,1,-1,-3,-1,2,2,5,2,2,-2,-2,-5,-2,-2
0,1,38437,38440,115311,115312,115313,115316,115317,115318,230623,230624,230625,230626,230627,230630,230631,230632,230633,230634,1,-1,2,-2,1,3,1,-1,-3,-1,2,2,5,2,2,-2,-2,-5,-2,-2
0,1,38439,38442,115317,115318,115319,115322,115323,115324,230635,230636,230637,230638,230639,230642,230643,230644,230645,230646,1,-1,2,-2,1,3,1,-1,-3,-1,2,2,5,2,2,-2,-2,-5,-2,-2
0,1,38441,38444,115323,115324,115325,115328,115329,115330,230647,230648,230649,230650,230651,230654,230655,230656,230657,230658,1,-1,2,-2,1,3,1,-1,-3,-1,2,2,5,2,2,-2,-2,-5,-2,-2
0,1,38443,38446,115329,115330,115331,115334,115335,115336,230659,230660,230661,230662,230663,230666,230667,230668,230669,230670,1,-1,2,-2,1,3,1,-1,-3,-1,2,2,5,2,2,-2,-2,-5,-2,-2
0,1,38445,38448,115335,115336,115337,115340,115341,115342,230671,230672,230673,230674,230675,230678,230679,230680,230681,230682,1,-1,2,-2,1,3,1,-1,-3,-1,2,2,5,2,2,-2,-2,-5,-2,-2
0,1,38447,38450,115341,115342,115343,115346,115347,115348,230683,230684,230685,230686,230687,230690,230691,230692,230693,230694,1,-1,2,-2,1,3,1,-1,-3,-1,2,2,5,2,2,-2,-2,-5,-2,-2
0,1,38449,38452,115347,115348,115349,115352,115353,115354,230695,230696,230697,230698,230699,230702,230703,230704,230705,230706,1,-1,2,-2,1,3,1,-1,-3,-1,2,2,5,2,2,-2,-2,-5,-2,-2
0,1,38451,38454,115353,115354,115355,115358,115359,115360,230707,230708,230709,230710,230711,230714,230715,230716,230717,230718,1,-1,2,-2,1,3,1,-1,-3,-1,2,2,5,2,2,-2,-2,-5,-2,-2
0,1,38453,38456,115359,115360,115361,115364,115365,115366,230719,230720,230721,230722,230723,230726,230727,230728,230729,230730,1,-1,2,-2,1,3,1,-1,-3,-1,2,2,5,2,2,-2,-2,-5,-2,-2
0,1,38455,38458,115365,115366,115367,115370,115371,115372,230731,230732,230733,230734,230735,230738,230739,230740,230741,230742,1,-1,2,-2,1,3,1,-1,-3,-1,2,2,5,2,2,-2,-2,-5,-2,-2
0,1,38457,38460,115371,115372,115373,115376,115377,115378,230743,230744,230745,230746,230747,230750,230751,230752,230753,230754,1,-1,2,-2,1,3,1,-1,-3,-1,2,2,5,2,2,-2,-2,-5,-2,-2
0,1,38459,38462,115377,115378,115379,115382,115383,115384,230755,230756,230757,230758,230759,230762,230763,230764,230765,230766,1,-1,2,-2,1,3,1,-1,-3,-1,2,2,5,2,2,-2,-2,-5,-2,-2
0,1,38461,38464,115383,115384,115385,115388,115389,115390,230767,230768,230769,230770,230771,230774,230775,230776,230777,230778,1,-1,2,-2,1,3,1,-1,-3,-1,2,2,5,2,2,-2,-2,-5,-2,-2
0,1,38463,38466,115389,115390,115391,115394,115395,115396,230779,230780,230781,230782,230783,230786,230787,230788,230789,230790,1,-1,2,-2,1,3,1,-1,-3,-1,2,2,5,2,2,-2,-2,-5,-2,-2
0,1,38465,38468,115395,115396,115397,115400,115401,115402,230791,230792,230793,230794,230795,230798,230799,230800,230801,230802,1,-1,2,-2,1,3,1,-1,-3,-1,2,2,5,2,2,-2,-2,-5,-2,-2
0,1,38467,38470,115401,115402,115403,115406,115407,115408,230803,230804,230805,230806,230807,230810,230811,230812,230813,230814,1,-1,2,-2,1,3,1,-1,-3,-1,2,2,5,2,2,-2,-2,-5,-2,-2
0,1,38469,38472,115407,115408,115409,115412,115413,115414,230815,230816,230817,230818,230819,230822,230823,230824,230825,230826,1,-1,2,-2,1,3,1,-1,-3,-1,2,2,5,2,2,-2,-2,-5,-2,-2
0,1,38471,38474,115413,115414,115415,115418,115419,115420,230827,230828,230829,230830,230831,230834,230835,230836,230837,230838,1,-1,2,-2,1,3,1,-1,-3,-1,2,2,5,2,2,-2,-2,-5,-2,-2
0,1,38473,38476,115419,115420,115421,115424,115425,115426,230839,230840,230841,230842,230843,230846,230847,230848,230849,230850,1,-1,2,-2,1,3,1,-1,-3,-1,2,2,5,2,2,-2,-2,-5,-2,-2
0,1,38475,38478,115425,115426,115427,115430,115431,115432,230851,230852,230853,230854,230855,230858,230859,230860,230861,230862,1,-1,2,-2,1,3,1,-1,-3,-1,2,2,5,2,2,-2,-2,-5,-2,-2
0,1,38477,38480,115431,115432,115433,115436,115437,115438,230863,230864,230865,230866,230867,230870,230871,230872,230873,230874,1,-1,2,-2,1,3,1,-1,-3,-1,2,2,5,2,2,-2,-2,-5,-2,-2
0,1,38479,38482,115437,115438,115439,115442,115443,115444,230875,230876,230877,230878,230879,230882,230883,230884,230885,230886,1,-1,2,-2,1,3,1,-1,-3,-1,2,2,5,2,2,-2,-2,-5,-2,-2
0,1,38481,38484,115443,115444,115445,115448,115449,115450,230887,230888,230889,230890,230891,230894,230895,230896,230897,230898,1,-1,2,-2,1,3,1,-1,-3,-1,2,2,5,2,2,-2,-2,-5,-2,-2
0,1,38483,38486,115449,115450,115451,115454,115455,115456,230899,230900,230901,230902,230903,230906,230907,230908,230909,230910,1,-1,2,-2,1,3,1,-1,-3,-1,2,2,5,2,2,-2,-2,-5,-2,-2
0,1,38485,38488,115455,115456,115457,115460,115461,115462,230911,230912,230913,230914,230915,230918,230919,230920,230921,230922,1,-1,2,-2,1,3,1,-1,-3,-1,2,2,5,2,2,-2,-2,-5,-2,-2
0,1,38487,38490,115461,115462,115463,115466,115467,115468,230923,230924,230925,230926,230927,230930,230931,230932,230933,230934,1,-1,2,-2,1,3,1,-1,-3,-1,2,2,5,2,2,-2,-2,-5,-2,-2
0,1,38489,38492,115467,115468,115469,115472,115473,115474,230935,230936,230937,230938,230939,230942,230943,230944,230945,230946,1,-1,2,-2,1,3,1,-1,-3,-1,2,2,5,2,2,-2,-2,-5,-2,-2
0,1,38491,38494,115473,115474,115475,115478,115479,115480,230947,230948,230949,230950,230951,230954,230955,230956,230957,230958,1,-1,2,-2,1,3,1,-1,-3,-1,2,2,5,2,2,-2,-2,-5,-2,-2
0,1,38493,38496,115479,115480,115481,115484,115485,115486,230959,230960,230961,230962,230963,230966,230967,230968,230969,230970,1,-1,2,-2,1,3,1,-1,-3,-1,2,2,5,2,2,-2,-2,-5,-2,-2
0,1,38495,38498,115485,115486,115487,115490,115491,115492,230971,230972,230973,230974,230975,230978,230979,230980,230981,230982,1,-1,2,-2,1,3,1,-1,-3,-1,2,2,5,2,2,-2,-2,-5,-2,-2
0,1,38497,38500,115491,115492,115493,115496,115497,115498,230983,230984,230985,230986,230987,230990,230991,230992,230993,230994,1,-1,2,-2,1,3,1,-1,-3,-1,2,2,5,2,2,-2,-2,-5,-2,-2
0,1,38499,38502,115497,115498,115499,115502,115503,115504,230995,230996,230997,230998,230999,231002,231003,231004,231005,231006,1,-1,2,-2,1,3,1,-1,-3,-1,2,2,5,2,2,-2,-2,-5,-2,-2
0,1,38501,38504,115503,115504,115505,115508,115509,115510,231007,231008,231009,231010,231011,231014,231015,231016,231017,231018,1,-1,2,-2,1,3,1,-1,-3,-1,2,2,5,2,2,-2,-2,-5,-2,-2
0,1,38503,38506,115509,115510,115511,115514,115515,115516,231019,231020,231021,231022,231023,231026,231027,231028,231029,231030,1,-1,2,-2,1,3,1,-1,-3,-1,2,2,5,2,2,-2,-2,-5,-2,-2
0,1,38505,38508,115515,115516,115517,115520,115521,115522,231031,231032,231033,231034,231035,231038,231039,231040,231041,231042,1,-1,2,-2,1,3,1,-1,-3,-1,2,2,5,2,2,-2,-2,-5,-2,-2
0,1,38507,38510,115521,115522,115523,115526,115527,115528,231043,231044,231045,231046,231047,231050,231051,231052,231053,231054,1,-1,2,-2,1,3,1,-1,-3,-1,2,2,5,2,2,-2,-2,-5,-2,-2
0,1,38509,38512,115527,115528,115529,115532,115533,115534,231055,231056,231057,231058,231059,231062,231063,231064,231065,231066,1,-1,2,-2,1,3,1,-1,-3,-1,2,2,5,2,2,-2,-2,-5,-2,-2
0,1,38511,38514,115533,115534,115535,115538,115539,115540,231067,231068,231069,231070,231071,231074,231075,231076,231077,231078,1,-1,2,-2,1,3,1,-1,-3,-1,2,2,5,2,2,-2,-2,-5,-2,-2
0,1,38513,38516,115539,115540,115541,115544,115545,115546,231079,231080,231081,231082,231083,231086,231087,231088,231089,231090,1,-1,2,-2,1,3,1,-1,-3,-1,2,2,5,2,2,-2,-2,-5,-2,-2
0,1,38515,38518,115545,115546,115547,115550,115551,115552,231091,231092,231093,231094,231095,231098,231099,231100,231101,231102,1,-1,2,-2,1,3,1,-1,-3,-1,2,2,5,2,2,-2,-2,-5,-2,-2
0,1,38517,38520,115551,115552,115553,115556,115557,115558,231103,231104,231105,231106,231107,231110,231111,231112,231113,231114,1,-1,2,-2,1,3,1,-1,-3,-1,2,2,5,2,2,-2,-2,-5,-2,-2
0,1,38519,38522,115557,115558,115559,115562,115563,115564,231115,231116,231117,231118,231119,231122,231123,231124,231125,231126,1,-1,2,-2,1,3,1,-1,-3,-1,2,2,5,2,2,-2,-2,-5,-2,-2
0,1,38521,38524,115563,115564,115565,115568,115569,115570,231127,231128,231129,231130,231131,231134,231135,231136,231137,231138,1,-1,2,-2,1,3,1,-1,-3,-1,2,2,5,2,2,-2,-2,-5,-2,-2
0,1,38523,38526,115569,115570,115571,115574,115575,115576,231139,231140,231141,231142,231143,231146,231147,231148,231149,231150,1,-1,2,-2,1,3,1,-1,-3,-1,2,2,5,2,2,-2,-2,-5,-2,-2
0,1,38525,38528,115575,115576,115577,115580,115581,115582,231151,231152,231153,231154,231155,231158,231159,231160,231161,231162,1,-1,2,-2,1,3,1,-1,-3,-1,2,2,5,2,2,-2,-2,-5,-2,-2
0,1,38527,38530,115581,115582,115583,115586,115587,115588,231163,231164,231165,231166,231167,231170,231171,231172,231173,231174,1,-1,2,-2,1,3,1,-1,-3,-1,2,2,5,2,2,-2,-2,-5,-2,-2
0,1,38529,38532,115587,115588,115589,115592,115593,115594,231175,231176,231177,231178,231179,231182,231183,231184,231185,231186,1,-1,2,-2,1,3,1,-1,-3,-1,2,2,5,2,2,-2,-2,-5,-2,-2
0,1,38531,38534,115593,115594,115595,115598,115599,115600,231187,231188,231189,231190,231191,231194,231195,231196,231197,231198,1,-1,2,-2,1,3,1,-1,-3,-1,2,2,5,2,2,-2,-2,-5,-2,-2
0,1,38533,38536,115599,115600,115601,115604,115605,115606,231199,231200,231201,231202,231203,231206,231207,231208,231209,231210,1,-1,2,-2,1,3,1,-1,-3,-1,2,2,5,2,2,-2,-2,-5,-2,-2
0,1,38535,38538,115605,115606,115607,115610,115611,115612,231211,231212,231213,231214,231215,231218,231219,231220,231221,231222,1,-1,2,-2,1,3,1,-1,-3,-1,2,2,5,2,2,-2,-2,-5,-2,-2
0,1,38537,38540,115611,115612,115613,115616,115617,115618,231223,231224,231225,231226,231227,231230,231231,231232,231233,231234,1,-1,2,-2,1,3,1,-1,-3,-1,2,2,5,2,2,-2,-2,-5,-2,-2
0,1,38539,38542,115617,115618,115619,115622,115623,115624,231235,231236,231237,231238,231239,231242,231243,231244,231245,231246,1,-1,2,-2,1,3,1,-1,-3,-1,2,2,5,2,2,-2,-2,-5,-2,-2
0,1,38541,38544,115623,115624,115625,115628,115629,115630,231247,231248,231249,231250,231251,231254,231255,231256,231257,231258,1,-1,2,-2,1,3,1,-1,-3,-1,2,2,5,2,2,-2,-2,-5,-2,-2
0,1,38543,38546,115629,115630,115631,115634,115635,115636,231259,231260,231261,231262,231263,231266,231267,231268,231269,231270,1,-1,2,-2,1,3,1,-1,-3,-1,2,2,5,2,2,-2,-2,-5,-2,-2
0,1,38545,38548,115635,115636,115637,115640,115641,115642,231271,231272,231273,231274,231275,231278,231279,231280,231281,231282,1,-1,2,-2,1,3,1,-1,-3,-1,2,2,5,2,2,-2,-2,-5,-2,-2
0,1,38547,38550,115641,115642,115643,115646,115647,115648,231283,231284,231285,231286,231287,231290,231291,231292,231293,231294,1,-1,2,-2,1,3,1,-1,-3,-1,2,2,5,2,2,-2,-2,-5,-2,-2
0,1,38549,38552,115647,115648,115649,115652,115653,115654,231295,231296,231297,231298,231299,231302,231303,231304,231305,231306,1,-1,2,-2,1,3,1,-1,-3,-1,2,2,5,2,2,-2,-2,-5,-2,-2
0,1,38551,38554,115653,115654,115655,115658,115659,115660,231307,231308,231309,231310,231311,231314,231315,231316,231317,231318,1,-1,2,-2,1,3,1,-1,-3,-1,2,2,5,2,2,-2,-2,-5,-2,-2
0,1,38553,38556,115659,115660,115661,115664,115665,115666,231319,231320,231321,231322,231323,231326,231327,231328,231329,231330,1,-1,2,-2,1,3,1,-1,-3,-1,2,2,5,2,2,-2,-2,-5,-2,-2
0,1,38555,38558,115665,115666,115667,115670,115671,115672,231331,231332,231333,231334,231335,231338,231339,231340,231341,231342,1,-1,2,-2,1,3,1,-1,-3,-1,2,2,5,2,2,-2,-2,-5,-2,-2
0,1,38557,38560,115671,115672,115673,115676,115677,115678,231343,231344,231345,231346,231347,231350,231351,231352,231353,231354,1,-1,2,-2,1,3,1,-1,-3,-1,2,2,5,2,2,-2,-2,-5,-2,-2
0,1,38559,38562,115677,115678,115679,115682,115683,115684,231355,231356,231357,231358,231359,231362,231363,231364,231365,231366,1,-1,2,-2,1,3,1,-1,-3,-1,2,2,5,2,2,-2,-2,-5,-2,-2
0,1,38561,38564,115683,115684,115685,115688,115689,115690,231367,231368,231369,231370,231371,231374,231375,231376,231377,231378,1,-1,2,-2,1,3,1,-1,-3,-1,2,2,5,2,2,-2,-2,-5,-2,-2
0,1,38563,38566,115689,115690,115691,115694,115695,115696,231379,231380,231381,231382,231383,231386,231387,231388,231389,231390,1,-1,2,-2,1,3,1,-1,-3,-1,2,2,5,2,2,-2,-2,-5,-2,-2
0,1,38565,38568,115695,115696,115697,115700,115701,115702,231391,231392,231393,231394,231395,231398,231399,231400,231401,231402,1,-1,2,-2,1,3,1,-1,-3,-1,2,2,5,2,2,-2,-2,-5,-2,-2
0,1,38567,38570,115701,115702,115703,115706,115707,115708,231403,231404,231405,231406,231407,231410,231411,231412,231413,231414,1,-1,2,-2,1,3,1,-1,-3,-1,2,2,5,2,2,-2,-2,-5,-2,-2
0,1,38569,38572,115707,115708,115709,115712,115713,115714,231415,231416,231417,231418,231419,231422,231423,231424,231425,231426,1,-1,2,-2,1,3,1,-1,-3,-1,2,2,5,2,2,-2,-2,-5,-2,-2
0,1,38571,38574,115713,115714,115715,115718,115719,115720,231427,231428,231429,231430,231431,231434,231435,231436,231437,231438,1,-1,2,-2,1,3,1,-1,-3,-1,2,2,5,2,2,-2,-2,-5,-2,-2
0,1,38573,38576,115719,115720,115721,115724,115725,115726,231439,231440,231441,231442,231443,231446,231447,231448,231449,231450,1,-1,2,-2,1,3,1,-1,-3,-1,2,2,5,2,2,-2,-2,-5,-2,-2
0,1,38575,38578,115725,115726,115727,115730,115731,115732,231451,231452,231453,231454,231455,231458,231459,231460,231461,231462,1,-1,2,-2,1,3,1,-1,-3,-1,2,2,5,2,2,-2,-2,-5,-2,-2
0,1,38577,38580,115731,115732,115733,115736,115737,115738,231463,231464,231465,231466,231467,231470,231471,231472,231473,231474,1,-1,2,-2,1,3,1,-1,-3,-1,2,2,5,2,2,-2,-2,-5,-2,-2
0,1,38579,38582,115737,115738,115739,115742,115743,115744,231475,231476,231477,231478,231479,231482,231483,231484,231485,231486,1,-1,2,-2,1,3,1,-1,-3,-1,2,2,5,2,2,-2,-2,-5,-2,-2
0,1,38581,38584,115743,115744,115745,115748,115749,115750,231487,231488,231489,231490,231491,231494,231495,231496,231497,231498,1,-1,2,-2,1,3,1,-1,-3,-1,2,2,5,2,2,-2,-2,-5,-2,-2
0,1,38583,38586,115749,115750,115751,115754,115755,115756,231499,231500,231501,231502,231503,231506,231507,231508,231509,231510,1,-1,2,-2,1,3,1,-1,-3,-1,2,2,5,2,2,-2,-2,-5,-2,-2
0,1,38585,38588,115755,115756,115757,115760,115761,115762,231511,231512,231513,231514,231515,231518,231519,231520,231521,231522,1,-1,2,-2,1,3,1,-1,-3,-1,2,2,5,2,2,-2,-2,-5,-2,-2
0,1,38587,38590,115761,115762,115763,115766,115767,115768,231523,231524,231525,231526,231527,231530,231531,231532,231533,231534,1,-1,2,-2,1,3,1,-1,-3,-1,2,2,5,2,2,-2,-2,-5,-2,-2
0,1,38589,38592,115767,115768,115769,115772,115773,115774,231535,231536,231537,231538,231539,231542,231543,231544,231545,231546,1,-1,2,-2,1,3,1,-1,-3,-1,2,2,5,2,2,-2,-2,-5,-2,-2
0,1,38591,38594,115773,115774,115775,115778,115779,115780,231547,231548,231549,231550,231551,231554,231555,231556,231557,231558,1,-1,2,-2,1,3,1,-1,-3,-1,2,2,5,2,2,-2,-2,-5,-2,-2
0,1,38593,38596,115779,115780,115781,115784,115785,115786,231559,231560,231561,231562,231563,231566,231567,231568,231569,231570,1,-1,2,-2,1,3,1,-1,-3,-1,2,2,5,2,2,-2,-2,-5,-2,-2
0,1,38595,38598,115785,115786,115787,115790,115791,115792,231571,231572,231573,231574,231575,231578,231579,231580,231581,231582,1,-1,2,-2,1,3,1,-1,-3,-1,2,2,5,2,2,-2,-2,-5,-2,-2
0,1,38597,38600,115791,115792,115793,115796,115797,115798,231583,231584,231585,231586,231587,231590,231591,231592,231593,231594,1,-1,2,-2,1,3,1,-1,-3,-1,2,2,5,2,2,-2,-2,-5,-2,-2
0,1,38599,38602,115797,115798,115799,115802,115803,115804,231595,231596,231597,231598,231599,231602,231603,231604,231605,231606,1,-1,2,-2,1,3,1,-1,-3,-1,2,2,5,2,2,-2,-2,-5,-2,-2
0,1,38601,38604,115803,115804,115805,115808,115809,115810,231607,231608,231609,231610,231611,231614,231615,231616,231617,231618,1,-1,2,-2,1,3,1,-1,-3,-1,2,2,5,2,2,-2,-2,-5,-2,-2
0,1,38603,38606,115809,115810,115811,115814,115815,115816,231619,231620,231621,231622,231623,231626,231627,231628,231629,231630,1,-1,2,-2,1,3,1,-1,-3,-1,2,2,5,2,2,-2,-2,-5,-2,-2
0,1,38605,38608,115815,115816,115817,115820,115821,115822,231631,231632,231633,231634,231635,231638,231639,231640,231641,231642,1,-1,2,-2,1,3,1,-1,-3,-1,2,2,5,2,2,-2,-2,-5,-2,-2
0,1,38607,38610,115821,115822,115823,115826,115827,115828,231643,231644,231645,231646,231647,231650,231651,231652,231653,231654,1,-1,2,-2,1,3,1,-1,-3,-1,2,2,5,2,2,-2,-2,-5,-2,-2
0,1,38609,38612,115827,115828,115829,115832,115833,115834,231655,231656,231657,231658,231659,231662,231663,231664,231665,231666,1,-1,2,-2,1,3,1,-1,-3,-1,2,2,5,2,2,-2,-2,-5,-2,-2
0,1,38611,38614,115833,115834,115835,115838,115839,115840,231667,231668,231669,231670,231671,231674,231675,231676,231677,231678,1,-1,2,-2,1,3,1,-1,-3,-1,2,2,5,2,2,-2,-2,-5,-2,-2
0,1,38613,38616,115839,115840,115841,115844,115845,115846,231679,231680,231681,231682,231683,231686,231687,231688,231689,231690,1,-1,2,-2,1,3,1,-1,-3,-1,2,2,5,2,2,-2,-2,-5,-2,-2
0,1,38615,38618,115845,115846,115847,115850,115851,115852,231691,231692,231693,231694,231695,231698,231699,231700,231701,231702,1,-1,2,-2,1,3,1,-1,-3,-1,2,2,5,2,2,-2,-2,-5,-2,-2
0,1,38617,38620,115851,115852,115853,115856,115857,115858,231703,231704,231705,231706,231707,231710,231711,231712,231713,231714,1,-1,2,-2,1,3,1,-1,-3,-1,2,2,5,2,2,-2,-2,-5,-2,-2
0,1,38619,38622,115857,115858,115859,115862,115863,115864,231715,231716,231717,231718,231719,231722,231723,231724,231725,231726,1,-1,2,-2,1,3,1,-1,-3,-1,2,2,5,2,2,-2,-2,-5,-2,-2
0,1,38621,38624,115863,115864,115865,115868,115869,115870,231727,231728,231729,231730,231731,231734,231735,231736,231737,231738,1,-1,2,-2,1,3,1,-1,-3,-1,2,2,5,2,2,-2,-2,-5,-2,-2
0,1,38623,38626,115869,115870,115871,115874,115875,115876,231739,231740,231741,231742,231743,231746,231747,231748,231749,231750,1,-1,2,-2,1,3,1,-1,-3,-1,2,2,5,2,2,-2,-2,-5,-2,-2
0,1,38625,38628,115875,115876,115877,115880,115881,115882,231751,231752,231753,231754,231755,231758,231759,231760,231761,231762,1,-1,2,-2,1,3,1,-1,-3,-1,2,2,5,2,2,-2,-2,-5,-2,-2
0,1,38627,38630,115881,115882,115883,115886,115887,115888,231763,231764,231765,231766,231767,231770,231771,231772,231773,231774,1,-1,2,-2,1,3,1,-1,-3,-1,2,2,5,2,2,-2,-2,-5,-2,-2
0,1,38629,38632,115887,115888,115889,115892,115893,115894,231775,231776,231777,231778,231779,231782,231783,231784,231785,231786,1,-1,2,-2,1,3,1,-1,-3,-1,2,2,5,2,2,-2,-2,-5,-2,-2
0,1,38631,38634,115893,115894,115895,115898,115899,115900,231787,231788,231789,231790,231791,231794,231795,231796,231797,231798,1,-1,2,-2,1,3,1,-1,-3,-1,2,2,5,2,2,-2,-2,-5,-2,-2
0,1,38633,38636,115899,115900,115901,115904,115905,115906,231799,231800,231801,231802,231803,231806,231807,231808,231809,231810,1,-1,2,-2,1,3,1,-1,-3,-1,2,2,5,2,2,-2,-2,-5,-2,-2
0,1,38635,38638,115905,115906,115907,115910,115911,115912,231811,231812,231813,231814,231815,231818,231819,231820,231821,231822,1,-1,2,-2,1,3,1,-1,-3,-1,2,2,5,2,2,-2,-2,-5,-2,-2
0,1,38637,38640,115911,115912,115913,115916,115917,115918,231823,231824,231825,231826,231827,231830,231831,231832,231833,231834,1,-1,2,-2,1,3,1,-1,-3,-1,2,2,5,2,2,-2,-2,-5,-2,-2
0,1,38639,38642,115917,115918,115919,115922,115923,115924,231835,231836,231837,231838,231839,231842,231843,231844,231845,231846,1,-1,2,-2,1,3,1,-1,-3,-1,2,2,5,2,2,-2,-2,-5,-2,-2
0,1,38641,38644,115923,115924,115925,115928,115929,115930,231847,231848,231849,231850,231851,231854,231855,231856,231857,231858,1,-1,2,-2,1,3,1,-1,-3,-1,2,2,5,2,2,-2,-2,-5,-2,-2
0,1,38643,38646,115929,115930,115931,115934,115935,115936,231859,231860,231861,231862,231863,231866,231867,231868,231869,231870,1,-1,2,-2,1,3,1,-1,-3,-1,2,2,5,2,2,-2,-2,-5,-2,-2
0,1,38645,38648,115935,115936,115937,115940,115941,115942,231871,231872,231873,231874,231875,231878,231879,231880,231881,231882,1,-1,2,-2,1,3,1,-1,-3,-1,2,2,5,2,2,-2,-2,-5,-2,-2
0,1,38647,38650,115941,115942,115943,115946,115947,115948,231883,231884,231885,231886,231887,231890,231891,231892,231893,231894,1,-1,2,-2,1,3,1,-1,-3,-1,2,2,5,2,2,-2,-2,-5,-2,-2
0,1,38649,38652,115947,115948,115949,115952,115953,115954,231895,231896,231897,231898,231899,231902,231903,231904,231905,231906,1,-1,2,-2,1,3,1,-1,-3,-1,2,2,5,2,2,-2,-2,-5,-2,-2
0,1,38651,38654,115953,115954,115955,115958,115959,115960,231907,231908,231909,231910,231911,231914,231915,231916,231917,231918,1,-1,2,-2,1,3,1,-1,-3,-1,2,2,5,2,2,-2,-2,-5,-2,-2
0,1,38653,38656,115959,115960,115961,115964,115965,115966,231919,231920,231921,231922,231923,231926,231927,231928,231929,231930,1,-1,2,-2,1,3,1,-1,-3,-1,2,2,5,2,2,-2,-2,-5,-2,-2
0,1,38655,38658,115965,115966,115967,115970,115971,115972,231931,231932,231933,231934,231935,231938,231939,231940,231941,231942,1,-1,2,-2,1,3,1,-1,-3,-1,2,2,5,2,2,-2,-2,-5,-2,-2
0,1,38657,38660,115971,115972,115973,115976,115977,115978,231943,231944,231945,231946,231947,231950,231951,231952,231953,231954,1,-1,2,-2,1,3,1,-1,-3,-1,2,2,5,2,2,-2,-2,-5,-2,-2
0,1,38659,38662,115977,115978,115979,115982,115983,115984,231955,231956,231957,231958,231959,231962,231963,231964,231965,231966,1,-1,2,-2,1,3,1,-1,-3,-1,2,2,5,2,2,-2,-2,-5,-2,-2
0,1,38661,38664,115983,115984,115985,115988,115989,115990,231967,231968,231969,231970,231971,231974,231975,231976,231977,231978,1,-1,2,-2,1,3,1,-1,-3,-1,2,2,5,2,2,-2,-2,-5,-2,-2
0,1,38663,38666,115989,115990,115991,115994,115995,115996,231979,231980,231981,231982,231983,231986,231987,231988,231989,231990,1,-1,2,-2,1,3,1,-1,-3,-1,2,2,5,2,2,-2,-2,-5,-2,-2
0,1,38665,38668,115995,115996,115997,116000,116001,116002,231991,231992,231993,231994,231995,231998,231999,232000,232001,232002,1,-1,2,-2,1,3,1,-1,-3,-1,2,2,5,2,2,-2,-2,-5,-2,-2
0,1,38667,38670,116001,116002,116003,116006,116007,116008,232003,232004,232005,232006,232007,232010,232011,232012,232013,232014,1,-1,2,-2,1,3,1,-1,-3,-1,2,2,5,2,2,-2,-2,-5,-2,-2
0,1,38669,38672,116007,116008,116009,116012,116013,116014,232015,232016,232017,232018,232019,232022,232023,232024,232025,232026,1,-1,2,-2,1,3,1,-1,-3,-1,2,2,5,2,2,-2,-2,-5,-2,-2
0,1,38671,38674,116013,116014,116015,116018,116019,116020,232027,232028,232029,232030,232031,232034,232035,232036,232037,232038,1,-1,2,-2,1,3,1,-1,-3,-1,2,2,5,2,2,-2,-2,-5,-2,-2
0,1,38673,38676,116019,116020,116021,116024,116025,116026,232039,232040,232041,232042,232043,232046,232047,232048,232049,232050,1,-1,2,-2,1,3,1,-1,-3,-1,2,2,5,2,2,-2,-2,-5,-2,-2
0,1,38675,38678,116025,116026,116027,116030,116031,116032,232051,232052,232053,232054,232055,232058,232059,232060,232061,232062,1,-1,2,-2,1,3,1,-1,-3,-1,2,2,5,2,2,-2,-2,-5,-2,-2
0,1,38677,38680,116031,116032,116033,116036,116037,116038,232063,232064,232065,232066,232067,232070,232071,232072,232073,232074,1,-1,2,-2,1,3,1,-1,-3,-1,2,2,5,2,2,-2,-2,-5,-2,-2
0,1,38679,38682,116037,116038,116039,116042,116043,116044,232075,232076,232077,232078,232079,232082,232083,232084,232085,232086,1,-1,2,-2,1,3,1,-1,-3,-1,2,2,5,2,2,-2,-2,-5,-2,-2
0,1,38681,38684,116043,116044,116045,116048,116049,116050,232087,232088,232089,232090,232091,232094,232095,232096,232097,232098,1,-1,2,-2,1,3,1,-1,-3,-1,2,2,5,2,2,-2,-2,-5,-2,-2
0,1,38683,38686,116049,116050,116051,116054,116055,116056,232099,232100,232101,232102,232103,232106,232107,232108,232109,232110,1,-1,2,-2,1,3,1,-1,-3,-1,2,2,5,2,2,-2,-2,-5,-2,-2
0,1,38685,38688,116055,116056,116057,116060,116061,116062,232111,232112,232113,232114,232115,232118,232119,232120,232121,232122,1,-1,2,-2,1,3,1,-1,-3,-1,2,2,5,2,2,-2,-2,-5,-2,-2
0,1,38687,38690,116061,116062,116063,116066,116067,116068,232123,232124,232125,232126,232127,232130,232131,232132,232133,232134,1,-1,2,-2,1,3,1,-1,-3,-1,2,2,5,2,2,-2,-2,-5,-2,-2
0,1,38689,38692,116067,116068,116069,116072,116073,116074,232135,232136,232137,232138,232139,232142,232143,232144,232145,232146,1,-1,2,-2,1,3,1,-1,-3,-1,2,2,5,2,2,-2,-2,-5,-2,-2
0,1,38691,38694,116073,116074,116075,116078,116079,116080,232147,232148,232149,232150,232151,232154,232155,232156,232157,232158,1,-1,2,-2,1,3,1,-1,-3,-1,2,2,5,2,2,-2,-2,-5,-2,-2
0,1,38693,38696,116079,116080,116081,116084,116085,116086,232159,232160,232161,232162,232163,232166,232167,232168,232169,232170,1,-1,2,-2,1,3,1,-1,-3,-1,2,2,5,2,2,-2,-2,-5,-2,-2
0,1,38695,38698,116085,116086,116087,116090,116091,116092,232171,232172,232173,232174,232175,232178,232179,232180,232181,232182,1,-1,2,-2,1,3,1,-1,-3,-1,2,2,5,2,2,-2,-2,-5,-2,-2
0,1,38697,38700,116091,116092,116093,116096,116097,116098,232183,232184,232185,232186,232187,232190,232191,232192,232193,232194,1,-1,2,-2,1,3,1,-1,-3,-1,2,2,5,2,2,-2,-2,-5,-2,-2
0,1,38699,38702,116097,116098,116099,116102,116103,116104,232195,232196,232197,232198,232199,232202,232203,232204,232205,232206,1,-1,2,-2,1,3,1,-1,-3,-1,2,2,5,2,2,-2,-2,-5,-2,-2
0,1,38701,38704,116103,116104,116105,116108,116109,116110,232207,232208,232209,232210,232211,232214,232215,232216,232217,232218,1,-1,2,-2,1,3,1,-1,-3,-1,2,2,5,2,2,-2,-2,-5,-2,-2
0,1,38703,38706,116109,116110,116111,116114,116115,116116,232219,232220,232221,232222,232223,232226,232227,232228,232229,232230,1,-1,2,-2,1,3,1,-1,-3,-1,2,2,5,2,2,-2,-2,-5,-2,-2
0,1,38705,38708,116115,116116,116117,116120,116121,116122,232231,232232,232233,232234,232235,232238,232239,232240,232241,232242,1,-1,2,-2,1,3,1,-1,-3,-1,2,2,5,2,2,-2,-2,-5,-2,-2
0,1,38707,38710,116121,116122,116123,116126,116127,116128,232243,232244,232245,232246,232247,232250,232251,232252,232253,232254,1,-1,2,-2,1,3,1,-1,-3,-1,2,2,5,2,2,-2,-2,-5,-2,-2
0,1,38709,38712,116127,116128,116129,116132,116133,116134,232255,232256,232257,232258,232259,232262,232263,232264,232265,232266,1,-1,2,-2,1,3,1,-1,-3,-1,2,2,5,2,2,-2,-2,-5,-2,-2
0,1,38711,38714,116133,116134,116135,116138,116139,116140,232267,232268,232269,232270,232271,232274,232275,232276,232277,232278,1,-1,2,-2,1,3,1,-1,-3,-1,2,2,5,2,2,-2,-2,-5,-2,-2
0,1,38713,38716,116139,116140,116141,116144,116145,116146,232279,232280,232281,232282,232283,232286,232287,232288,232289,232290,1,-1,2,-2,1,3,1,-1,-3,-1,2,2,5,2,2,-2,-2,-5,-2,-2
0,1,38715,38718,116145,116146,116147,116150,116151,116152,232291,232292,232293,232294,232295,232298,232299,232300,232301,232302,1,-1,2,-2,1,3,1,-1,-3,-1,2,2,5,2,2,-2,-2,-5,-2,-2
0,1,38717,38720,116151,116152,116153,116156,116157,116158,232303,232304,232305,232306,232307,232310,232311,232312,232313,232314,1,-1,2,-2,1,3,1,-1,-3,-1,2,2,5,2,2,-2,-2,-5,-2,-2
0,1,38719,38722,116157,116158,116159,116162,116163,116164,232315,232316,232317,232318,232319,232322,232323,232324,232325,232326,1,-1,2,-2,1,3,1,-1,-3,-1,2,2,5,2,2,-2,-2,-5,-2,-2
0,1,38721,38724,116163,116164,116165,116168,116169,116170,232327,232328,232329,232330,232331,232334,232335,232336,232337,232338,1,-1,2,-2,1,3,1,-1,-3,-1,2,2,5,2,2,-2,-2,-5,-2,-2
0,1,38723,38726,116169,116170,116171,116174,116175,116176,232339,232340,232341,232342,232343,232346,232347,232348,232349,232350,1,-1,2,-2,1,3,1,-1,-3,-1,2,2,5,2,2,-2,-2,-5,-2,-2
0,1,38725,38728,116175,116176,116177,116180,116181,116182,232351,232352,232353,232354,232355,232358,232359,232360,232361,232362,1,-1,2,-2,1,3,1,-1,-3,-1,2,2,5,2,2,-2,-2,-5,-2,-2
0,1,38727,38730,116181,116182,116183,116186,116187,116188,232363,232364,232365,232366,232367,232370,232371,232372,232373,232374,1,-1,2,-2,1,3,1,-1,-3,-1,2,2,5,2,2,-2,-2,-5,-2,-2
0,1,38729,38732,116187,116188,116189,116192,116193,116194,232375,232376,232377,232378,232379,232382,232383,232384,232385,232386,1,-1,2,-2,1,3,1,-1,-3,-1,2,2,5,2,2,-2,-2,-5,-2,-2
0,1,38731,38734,116193,116194,116195,116198,116199,116200,232387,232388,232389,232390,232391,232394,232395,232396,232397,232398,1,-1,2,-2,1,3,1,-1,-3,-1,2,2,5,2,2,-2,-2,-5,-2,-2
0,1,38733,38736,116199,116200,116201,116204,116205,116206,232399,232400,232401,232402,232403,232406,232407,232408,232409,232410,1,-1,2,-2,1,3,1,-1,-3,-1,2,2,5,2,2,-2,-2,-5,-2,-2
0,1,38735,38738,116205,116206,116207,116210,116211,116212,232411,232412,232413,232414,232415,232418,232419,232420,232421,232422,1,-1,2,-2,1,3,1,-1,-3,-1,2,2,5,2,2,-2,-2,-5,-2,-2
0,1,38737,38740,116211,116212,116213,116216,116217,116218,232423,232424,232425,232426,232427,232430,232431,232432,232433,232434,1,-1,2,-2,1,3,1,-1,-3,-1,2,2,5,2,2,-2,-2,-5,-2,-2
0,1,38739,38742,116217,116218,116219,116222,116223,116224,232435,232436,232437,232438,232439,232442,232443,232444,232445,232446,1,-1,2,-2,1,3,1,-1,-3,-1,2,2,5,2,2,-2,-2,-5,-2,-2
0,1,38741,38744,116223,116224,116225,116228,116229,116230,232447,232448,232449,232450,232451,232454,232455,232456,232457,232458,1,-1,2,-2,1,3,1,-1,-3,-1,2,2,5,2,2,-2,-2,-5,-2,-2
0,1,38743,38746,116229,116230,116231,116234,116235,116236,232459,232460,232461,232462,232463,232466,232467,232468,232469,232470,1,-1,2,-2,1,3,1,-1,-3,-1,2,2,5,2,2,-2,-2,-5,-2,-2
0,1,38745,38748,116235,116236,116237,116240,116241,116242,232471,232472,232473,232474,232475,232478,232479,232480,232481,232482,1,-1,2,-2,1,3,1,-1,-3,-1,2,2,5,2,2,-2,-2,-5,-2,-2
0,1,38747,38750,116241,116242,116243,116246,116247,116248,232483,232484,232485,232486,232487,232490,232491,232492,232493,232494,1,-1,2,-2,1,3,1,-1,-3,-1,2,2,5,2,2,-2,-2,-5,-2,-2
0,1,38749,38752,116247,116248,116249,116252,116253,116254,232495,232496,232497,232498,232499,232502,232503,232504,232505,232506,1,-1,2,-2,1,3,1,-1,-3,-1,2,2,5,2,2,-2,-2,-5,-2,-2
0,1,38751,38754,116253,116254,116255,116258,116259,116260,232507,232508,232509,232510,232511,232514,232515,232516,232517,232518,1,-1,2,-2,1,3,1,-1,-3,-1,2,2,5,2,2,-2,-2,-5,-2,-2
0,1,38753,38756,116259,116260,116261,116264,116265,116266,232519,232520,232521,232522,232523,232526,232527,232528,232529,232530,1,-1,2,-2,1,3,1,-1,-3,-1,2,2,5,2,2,-2,-2,-5,-2,-2
0,1,38755,38758,116265,116266,116267,116270,116271,116272,232531,232532,232533,232534,232535,232538,232539,232540,232541,232542,1,-1,2,-2,1,3,1,-1,-3,-1,2,2,5,2,2,-2,-2,-5,-2,-2
0,1,38757,38760,116271,116272,116273,116276,116277,116278,232543,232544,232545,232546,232547,232550,232551,232552,232553,232554,1,-1,2,-2,1,3,1,-1,-3,-1,2,2,5,2,2,-2,-2,-5,-2,-2
0,1,38759,38762,116277,116278,116279,116282,116283,116284,232555,232556,232557,232558,232559,232562,232563,232564,232565,232566,1,-1,2,-2,1,3,1,-1,-3,-1,2,2,5,2,2,-2,-2,-5,-2,-2
0,1,38761,38764,116283,116284,116285,116288,116289,116290,232567,232568,232569,232570,232571,232574,232575,232576,232577,232578,1,-1,2,-2,1,3,1,-1,-3,-1,2,2,5,2,2,-2,-2,-5,-2,-2
0,1,38763,38766,116289,116290,116291,116294,116295,116296,232579,232580,232581,232582,232583,232586,232587,232588,232589,232590,1,-1,2,-2,1,3,1,-1,-3,-1,2,2,5,2,2,-2,-2,-5,-2,-2
0,1,38765,38768,116295,116296,116297,116300,116301,116302,232591,232592,232593,232594,232595,232598,232599,232600,232601,232602,1,-1,2,-2,1,3,1,-1,-3,-1,2,2,5,2,2,-2,-2,-5,-2,-2
0,1,38767,38770,116301,116302,116303,116306,116307,116308,232603,232604,232605,232606,232607,232610,232611,232612,232613,232614,1,-1,2,-2,1,3,1,-1,-3,-1,2,2,5,2,2,-2,-2,-5,-2,-2
0,1,38769,38772,116307,116308,116309,116312,116313,116314,232615,232616,232617,232618,232619,232622,232623,232624,232625,232626,1,-1,2,-2,1,3,1,-1,-3,-1,2,2,5,2,2,-2,-2,-5,-2,-2
0,1,38771,38774,116313,116314,116315,116318,116319,116320,232627,232628,232629,232630,232631,232634,232635,232636,232637,232638,1,-1,2,-2,1,3,1,-1,-3,-1,2,2,5,2,2,-2,-2,-5,-2,-2
0,1,38773,38776,116319,116320,116321,116324,116325,116326,232639,232640,232641,232642,232643,232646,232647,232648,232649,232650,1,-1,2,-2,1,3,1,-1,-3,-1,2,2,5,2,2,-2,-2,-5,-2,-2
0,1,38775,38778,116325,116326,116327,116330,116331,116332,232651,232652,232653,232654,232655,232658,232659,232660,232661,232662,1,-1,2,-2,1,3,1,-1,-3,-1,2,2,5,2,2,-2,-2,-5,-2,-2
0,1,38777,38780,116331,116332,116333,116336,116337,116338,232663,232664,232665,232666,232667,232670,232671,232672,232673,232674,1,-1,2,-2,1,3,1,-1,-3,-1,2,2,5,2,2,-2,-2,-5,-2,-2
0,1,38779,38782,116337,116338,116339,116342,116343,116344,232675,232676,232677,232678,232679,232682,232683,232684,232685,232686,1,-1,2,-2,1,3,1,-1,-3,-1,2,2,5,2,2,-2,-2,-5,-2,-2
0,1,38781,38784,116343,116344,116345,116348,116349,116350,232687,232688,232689,232690,232691,232694,232695,232696,232697,232698,1,-1,2,-2,1,3,1,-1,-3,-1,2,2,5,2,2,-2,-2,-5,-2,-2
0,1,38783,38786,116349,116350,116351,116354,116355,116356,232699,232700,232701,232702,232703,232706,232707,232708,232709,232710,1,-1,2,-2,1,3,1,-1,-3,-1,2,2,5,2,2,-2,-2,-5,-2,-2
0,1,38785,38788,116355,116356,116357,116360,116361,116362,232711,232712,232713,232714,232715,232718,232719,232720,232721,232722,1,-1,2,-2,1,3,1,-1,-3,-1,2,2,5,2,2,-2,-2,-5,-2,-2
0,1,38787,38790,116361,116362,116363,116366,116367,116368,232723,232724,232725,232726,232727,232730,232731,232732,232733,232734,1,-1,2,-2,1,3,1,-1,-3,-1,2,2,5,2,2,-2,-2,-5,-2,-2
0,1,38789,38792,116367,116368,116369,116372,116373,116374,232735,232736,232737,232738,232739,232742,232743,232744,232745,232746,1,-1,2,-2,1,3,1,-1,-3,-1,2,2,5,2,2,-2,-2,-5,-2,-2
0,1,38791,38794,116373,116374,116375,116378,116379,116380,232747,232748,232749,232750,232751,232754,232755,232756,232757,232758,1,-1,2,-2,1,3,1,-1,-3,-1,2,2,5,2,2,-2,-2,-5,-2,-2
0,1,38793,38796,116379,116380,116381,116384,116385,116386,232759,232760,232761,232762,232763,232766,232767,232768,232769,232770,1,-1,2,-2,1,3,1,-1,-3,-1,2,2,5,2,2,-2,-2,-5,-2,-2
0,1,38795,38798,116385,116386,116387,116390,116391,116392,232771,232772,232773,232774,232775,232778,232779,232780,232781,232782,1,-1,2,-2,1,3,1,-1,-3,-1,2,2,5,2,2,-2,-2,-5,-2,-2
0,1,38797,38800,116391,116392,116393,116396,116397,116398,232783,232784,232785,232786,232787,232790,232791,232792,232793,232794,1,-1,2,-2,1,3,1,-1,-3,-1,2,2,5,2,2,-2,-2,-5,-2,-2
0,1,38799,38802,116397,116398,116399,116402,116403,116404,232795,232796,232797,232798,232799,232802,232803,232804,232805,232806,1,-1,2,-2,1,3,1,-1,-3,-1,2,2,5,2,2,-2,-2,-5,-2,-2
0,1,38801,38804,116403,116404,116405,116408,116409,116410,232807,232808,232809,232810,232811,232814,232815,232816,232817,232818,1,-1,2,-2,1,3,1,-1,-3,-1,2,2,5,2,2,-2,-2,-5,-2,-2
0,1,38803,38806,116409,116410,116411,116414,116415,116416,232819,232820,232821,232822,232823,232826,232827,232828,232829,232830,1,-1,2,-2,1,3,1,-1,-3,-1,2,2,5,2,2,-2,-2,-5,-2,-2
0,1,38805,38808,116415,116416,116417,116420,116421,116422,232831,232832,232833,232834,232835,232838,232839,232840,232841,232842,1,-1,2,-2,1,3,1,-1,-3,-1,2,2,5,2,2,-2,-2,-5,-2,-2
0,1,38807,38810,116421,116422,116423,116426,116427,116428,232843,232844,232845,232846,232847,232850,232851,232852,232853,232854,1,-1,2,-2,1,3,1,-1,-3,-1,2,2,5,2,2,-2,-2,-5,-2,-2
0,1,38809,38812,116427,116428,116429,116432,116433,116434,232855,232856,232857,232858,232859,232862,232863,232864,232865,232866,1,-1,2,-2,1,3,1,-1,-3,-1,2,2,5,2,2,-2,-2,-5,-2,-2
0,1,38811,38814,116433,116434,116435,116438,116439,116440,232867,232868,232869,232870,232871,232874,232875,232876,232877,232878,1,-1,2,-2,1,3,1,-1,-3,-1,2,2,5,2,2,-2,-2,-5,-2,-2
0,1,38813,38816,116439,116440,116441,116444,116445,116446,232879,232880,232881,232882,232883,232886,232887,232888,232889,232890,1,-1,2,-2,1,3,1,-1,-3,-1,2,2,5,2,2,-2,-2,-5,-2,-2
0,1,38815,38818,116445,116446,116447,116450,116451,116452,232891,232892,232893,232894,232895,232898,232899,232900,232901,232902,1,-1,2,-2,1,3,1,-1,-3,-1,2,2,5,2,2,-2,-2,-5,-2,-2
0,1,38817,38820,116451,116452,116453,116456,116457,116458,232903,232904,232905,232906,232907,232910,232911,232912,232913,232914,1,-1,2,-2,1,3,1,-1,-3,-1,2,2,5,2,2,-2,-2,-5,-2,-2
0,1,38819,38822,116457,116458,116459,116462,116463,116464,232915,232916,232917,232918,232919,232922,232923,232924,232925,232926,1,-1,2,-2,1,3,1,-1,-3,-1,2,2,5,2,2,-2,-2,-5,-2,-2
0,1,38821,38824,116463,116464,116465,116468,116469,116470,232927,232928,232929,232930,232931,232934,232935,232936,232937,232938,1,-1,2,-2,1,3,1,-1,-3,-1,2,2,5,2,2,-2,-2,-5,-2,-2
0,1,38823,38826,116469,116470,116471,116474,116475,116476,232939,232940,232941,232942,232943,232946,232947,232948,232949,232950,1,-1,2,-2,1,3,1,-1,-3,-1,2,2,5,2,2,-2,-2,-5,-2,-2
0,1,38825,38828,116475,116476,116477,116480,116481,116482,232951,232952,232953,232954,232955,232958,232959,232960,232961,232962,1,-1,2,-2,1,3,1,-1,-3,-1,2,2,5,2,2,-2,-2,-5,-2,-2
0,1,38827,38830,116481,116482,116483,116486,116487,116488,232963,232964,232965,232966,232967,232970,232971,232972,232973,232974,1,-1,2,-2,1,3,1,-1,-3,-1,2,2,5,2,2,-2,-2,-5,-2,-2
0,1,38829,38832,116487,116488,116489,116492,116493,116494,232975,232976,232977,232978,232979,232982,232983,232984,232985,232986,1,-1,2,-2,1,3,1,-1,-3,-1,2,2,5,2,2,-2,-2,-5,-2,-2
0,1,38831,38834,116493,116494,116495,116498,116499,116500,232987,232988,232989,232990,232991,232994,232995,232996,232997,232998,1,-1,2,-2,1,3,1,-1,-3,-1,2,2,5,2,2,-2,-2,-5,-2,-2
0,1,38833,38836,116499,116500,116501,116504,116505,116506,232999,233000,233001,233002,233003,233006,233007,233008,233009,233010,1,-1,2,-2,1,3,1,-1,-3,-1,2,2,5,2,2,-2,-2,-5,-2,-2
0,1,38835,38838,116505,116506,116507,116510,116511,116512,233011,233012,233013,233014,233015,233018,233019,233020,233021,233022,1,-1,2,-2,1,3,1,-1,-3,-1,2,2,5,2,2,-2,-2,-5,-2,-2
0,1,38837,38840,116511,116512,116513,116516,116517,116518,233023,233024,233025,233026,233027,233030,233031,233032,233033,233034,1,-1,2,-2,1,3,1,-1,-3,-1,2,2,5,2,2,-2,-2,-5,-2,-2
0,1,38839,38842,116517,116518,116519,116522,116523,116524,233035,233036,233037,233038,233039,233042,233043,233044,233045,233046,1,-1,2,-2,1,3,1,-1,-3,-1,2,2,5,2,2,-2,-2,-5,-2,-2
0,1,38841,38844,116523,116524,116525,116528,116529,116530,233047,233048,233049,233050,233051,233054,233055,233056,233057,233058,1,-1,2,-2,1,3,1,-1,-3,-1,2,2,5,2,2,-2,-2,-5,-2,-2
0,1,38843,38846,116529,116530,116531,116534,116535,116536,233059,233060,233061,233062,233063,233066,233067,233068,233069,233070,1,-1,2,-2,1,3,1,-1,-3,-1,2,2,5,2,2,-2,-2,-5,-2,-2
0,1,38845,38848,116535,116536,116537,116540,116541,116542,233071,233072,233073,233074,233075,233078,233079,233080,233081,233082,1,-1,2,-2,1,3,1,-1,-3,-1,2,2,5,2,2,-2,-2,-5,-2,-2
0,1,38847,38850,116541,116542,116543,116546,116547,116548,233083,233084,233085,233086,233087,233090,233091,233092,233093,233094,1,-1,2,-2,1,3,1,-1,-3,-1,2,2,5,2,2,-2,-2,-5,-2,-2
0,1,38849,38852,116547,116548,116549,116552,116553,116554,233095,233096,233097,233098,233099,233102,233103,233104,233105,233106,1,-1,2,-2,1,3,1,-1,-3,-1,2,2,5,2,2,-2,-2,-5,-2,-2
0,1,38851,38854,116553,116554,116555,116558,116559,116560,233107,233108,233109,233110,233111,233114,233115,233116,233117,233118,1,-1,2,-2,1,3,1,-1,-3,-1,2,2,5,2,2,-2,-2,-5,-2,-2
0,1,38853,38856,116559,116560,116561,116564,116565,116566,233119,233120,233121,233122,233123,233126,233127,233128,233129,233130,1,-1,2,-2,1,3,1,-1,-3,-1,2,2,5,2,2,-2,-2,-5,-2,-2
0,1,38855,38858,116565,116566,116567,116570,116571,116572,233131,233132,233133,233134,233135,233138,233139,233140,233141,233142,1,-1,2,-2,1,3,1,-1,-3,-1,2,2,5,2,2,-2,-2,-5,-2,-2
0,1,38857,38860,116571,116572,116573,116576,116577,116578,233143,233144,233145,233146,233147,233150,233151,233152,233153,233154,1,-1,2,-2,1,3,1,-1,-3,-1,2,2,5,2,2,-2,-2,-5,-2,-2
0,1,38859,38862,116577,116578,116579,116582,116583,116584,233155,233156,233157,233158,233159,233162,233163,233164,233165,233166,1,-1,2,-2,1,3,1,-1,-3,-1,2,2,5,2,2,-2,-2,-5,-2,-2
0,1,38861,38864,116583,116584,116585,116588,116589,116590,233167,233168,233169,233170,233171,233174,233175,233176,233177,233178,1,-1,2,-2,1,3,1,-1,-3,-1,2,2,5,2,2,-2,-2,-5,-2,-2
0,1,38863,38866,116589,116590,116591,116594,116595,116596,233179,233180,233181,233182,233183,233186,233187,233188,233189,233190,1,-1,2,-2,1,3,1,-1,-3,-1,2,2,5,2,2,-2,-2,-5,-2,-2
0,1,38865,38868,116595,116596,116597,116600,116601,116602,233191,233192,233193,233194,233195,233198,233199,233200,233201,233202,1,-1,2,-2,1,3,1,-1,-3,-1,2,2,5,2,2,-2,-2,-5,-2,-2
0,1,38867,38870,116601,116602,116603,116606,116607,116608,233203,233204,233205,233206,233207,233210,233211,233212,233213,233214,1,-1,2,-2,1,3,1,-1,-3,-1,2,2,5,2,2,-2,-2,-5,-2,-2
0,1,38869,38872,116607,116608,116609,116612,116613,116614,233215,233216,233217,233218,233219,233222,233223,233224,233225,233226,1,-1,2,-2,1,3,1,-1,-3,-1,2,2,5,2,2,-2,-2,-5,-2,-2
0,1,38871,38874,116613,116614,116615,116618,116619,116620,233227,233228,233229,233230,233231,233234,233235,233236,233237,233238,1,-1,2,-2,1,3,1,-1,-3,-1,2,2,5,2,2,-2,-2,-5,-2,-2
0,1,38873,38876,116619,116620,116621,116624,116625,116626,233239,233240,233241,233242,233243,233246,233247,233248,233249,233250,1,-1,2,-2,1,3,1,-1,-3,-1,2,2,5,2,2,-2,-2,-5,-2,-2
0,1,38875,38878,116625,116626,116627,116630,116631,116632,233251,233252,233253,233254,233255,233258,233259,233260,233261,233262,1,-1,2,-2,1,3,1,-1,-3,-1,2,2,5,2,2,-2,-2,-5,-2,-2
0,1,38877,38880,116631,116632,116633,116636,116637,116638,233263,233264,233265,233266,233267,233270,233271,233272,233273,233274,1,-1,2,-2,1,3,1,-1,-3,-1,2,2,5,2,2,-2,-2,-5,-2,-2
0,1,38879,38882,116637,116638,116639,116642,116643,116644,233275,233276,233277,233278,233279,233282,233283,233284,233285,233286,1,-1,2,-2,1,3,1,-1,-3,-1,2,2,5,2,2,-2,-2,-5,-2,-2
0,1,38881,38884,116643,116644,116645,116648,116649,116650,233287,233288,233289,233290,233291,233294,233295,233296,233297,233298,1,-1,2,-2,1,3,1,-1,-3,-1,2,2,5,2,2,-2,-2,-5,-2,-2
0,1,38883,38886,116649,116650,116651,116654,116655,116656,233299,233300,233301,233302,233303,233306,233307,233308,233309,233310,1,-1,2,-2,1,3,1,-1,-3,-1,2,2,5,2,2,-2,-2,-5,-2,-2
0,1,38885,38888,116655,116656,116657,116660,116661,116662,233311,233312,233313,233314,233315,233318,233319,233320,233321,233322,1,-1,2,-2,1,3,1,-1,-3,-1,2,2,5,2,2,-2,-2,-5,-2,-2
0,1,38887,38890,116661,116662,116663,116666,116667,116668,233323,233324,233325,233326,233327,233330,233331,233332,233333,233334,1,-1,2,-2,1,3,1,-1,-3,-1,2,2,5,2,2,-2,-2,-5,-2,-2
0,1,38889,38892,116667,116668,116669,116672,116673,116674,233335,233336,233337,233338,233339,233342,233343,233344,233345,233346,1,-1,2,-2,1,3,1,-1,-3,-1,2,2,5,2,2,-2,-2,-5,-2,-2
0,1,38891,38894,116673,116674,116675,116678,116679,116680,233347,233348,233349,233350,233351,233354,233355,233356,233357,233358,1,-1,2,-2,1,3,1,-1,-3,-1,2,2,5,2,2,-2,-2,-5,-2,-2
0,1,38893,38896,116679,116680,116681,116684,116685,116686,233359,233360,233361,233362,233363,233366,233367,233368,233369,233370,1,-1,2,-2,1,3,1,-1,-3,-1,2,2,5,2,2,-2,-2,-5,-2,-2
0,1,38895,38898,116685,116686,116687,116690,116691,116692,233371,233372,233373,233374,233375,233378,233379,233380,233381,233382,1,-1,2,-2,1,3,1,-1,-3,-1,2,2,5,2,2,-2,-2,-5,-2,-2
0,1,38897,38900,116691,116692,116693,116696,116697,116698,233383,233384,233385,233386,233387,233390,233391,233392,233393,233394,1,-1,2,-2,1,3,1,-1,-3,-1,2,2,5,2,2,-2,-2,-5,-2,-2
0,1,38899,38902,116697,116698,116699,116702,116703,116704,233395,233396,233397,233398,233399,233402,233403,233404,233405,233406,1,-1,2,-2,1,3,1,-1,-3,-1,2,2,5,2,2,-2,-2,-5,-2,-2
0,1,38901,38904,116703,116704,116705,116708,116709,116710,233407,233408,233409,233410,233411,233414,233415,233416,233417,233418,1,-1,2,-2,1,3,1,-1,-3,-1,2,2,5,2,2,-2,-2,-5,-2,-2
0,1,38903,38906,116709,116710,116711,116714,116715,116716,233419,233420,233421,233422,233423,233426,233427,233428,233429,233430,1,-1,2,-2,1,3,1,-1,-3,-1,2,2,5,2,2,-2,-2,-5,-2,-2
0,1,38905,38908,116715,116716,116717,116720,116721,116722,233431,233432,233433,233434,233435,233438,233439,233440,233441,233442,1,-1,2,-2,1,3,1,-1,-3,-1,2,2,5,2,2,-2,-2,-5,-2,-2
0,1,38907,38910,116721,116722,116723,116726,116727,116728,233443,233444,233445,233446,233447,233450,233451,233452,233453,233454,1,-1,2,-2,1,3,1,-1,-3,-1,2,2,5,2,2,-2,-2,-5,-2,-2
0,1,38909,38912,116727,116728,116729,116732,116733,116734,233455,233456,233457,233458,233459,233462,233463,233464,233465,233466,1,-1,2,-2,1,3,1,-1,-3,-1,2,2,5,2,2,-2,-2,-5,-2,-2
0,1,38911,38914,116733,116734,116735,116738,116739,116740,233467,233468,233469,233470,233471,233474,233475,233476,233477,233478,1,-1,2,-2,1,3,1,-1,-3,-1,2,2,5,2,2,-2,-2,-5,-2,-2
0,1,38913,38916,116739,116740,116741,116744,116745,116746,233479,233480,233481,233482,233483,233486,233487,233488,233489,233490,1,-1,2,-2,1,3,1,-1,-3,-1,2,2,5,2,2,-2,-2,-5,-2,-2
0,1,38915,38918,116745,116746,116747,116750,116751,116752,233491,233492,233493,233494,233495,233498,233499,233500,233501,233502,1,-1,2,-2,1,3,1,-1,-3,-1,2,2,5,2,2,-2,-2,-5,-2,-2
0,1,38917,38920,116751,116752,116753,116756,116757,116758,233503,233504,233505,233506,233507,233510,233511,233512,233513,233514,1,-1,2,-2,1,3,1,-1,-3,-1,2,2,5,2,2,-2,-2,-5,-2,-2
0,1,38919,38922,116757,116758,116759,116762,116763,116764,233515,233516,233517,233518,233519,233522,233523,233524,233525,233526,1,-1,2,-2,1,3,1,-1,-3,-1,2,2,5,2,2,-2,-2,-5,-2,-2
0,1,38921,38924,116763,116764,116765,116768,116769,116770,233527,233528,233529,233530,233531,233534,233535,233536,233537,233538,1,-1,2,-2,1,3,1,-1,-3,-1,2,2,5,2,2,-2,-2,-5,-2,-2
0,1,38923,38926,116769,116770,116771,116774,116775,116776,233539,233540,233541,233542,233543,233546,233547,233548,233549,233550,1,-1,2,-2,1,3,1,-1,-3,-1,2,2,5,2,2,-2,-2,-5,-2,-2
0,1,38925,38928,116775,116776,116777,116780,116781,116782,233551,233552,233553,233554,233555,233558,233559,233560,233561,233562,1,-1,2,-2,1,3,1,-1,-3,-1,2,2,5,2,2,-2,-2,-5,-2,-2
0,1,38927,38930,116781,116782,116783,116786,116787,116788,233563,233564,233565,233566,233567,233570,233571,233572,233573,233574,1,-1,2,-2,1,3,1,-1,-3,-1,2,2,5,2,2,-2,-2,-5,-2,-2
0,1,38929,38932,116787,116788,116789,116792,116793,116794,233575,233576,233577,233578,233579,233582,233583,233584,233585,233586,1,-1,2,-2,1,3,1,-1,-3,-1,2,2,5,2,2,-2,-2,-5,-2,-2
0,1,38931,38934,116793,116794,116795,116798,116799,116800,233587,233588,233589,233590,233591,233594,233595,233596,233597,233598,1,-1,2,-2,1,3,1,-1,-3,-1,2,2,5,2,2,-2,-2,-5,-2,-2
0,1,38933,38936,116799,116800,116801,116804,116805,116806,233599,233600,233601,233602,233603,233606,233607,233608,233609,233610,1,-1,2,-2,1,3,1,-1,-3,-1,2,2,5,2,2,-2,-2,-5,-2,-2
0,1,38935,38938,116805,116806,116807,116810,116811,116812,233611,233612,233613,233614,233615,233618,233619,233620,233621,233622,1,-1,2,-2,1,3,1,-1,-3,-1,2,2,5,2,2,-2,-2,-5,-2,-2
0,1,38937,38940,116811,116812,116813,116816,116817,116818,233623,233624,233625,233626,233627,233630,233631,233632,233633,233634,1,-1,2,-2,1,3,1,-1,-3,-1,2,2,5,2,2,-2,-2,-5,-2,-2
0,1,38939,38942,116817,116818,116819,116822,116823,116824,233635,233636,233637,233638,233639,233642,233643,233644,233645,233646,1,-1,2,-2,1,3,1,-1,-3,-1,2,2,5,2,2,-2,-2,-5,-2,-2
0,1,38941,38944,116823,116824,116825,116828,116829,116830,233647,233648,233649,233650,233651,233654,233655,233656,233657,233658,1,-1,2,-2,1,3,1,-1,-3,-1,2,2,5,2,2,-2,-2,-5,-2,-2
0,1,38943,38946,116829,116830,116831,116834,116835,116836,233659,233660,233661,233662,233663,233666,233667,233668,233669,233670,1,-1,2,-2,1,3,1,-1,-3,-1,2,2,5,2,2,-2,-2,-5,-2,-2
0,1,38945,38948,116835,116836,116837,116840,116841,116842,233671,233672,233673,233674,233675,233678,233679,233680,233681,233682,1,-1,2,-2,1,3,1,-1,-3,-1,2,2,5,2,2,-2,-2,-5,-2,-2
0,1,38947,38950,116841,116842,116843,116846,116847,116848,233683,233684,233685,233686,233687,233690,233691,233692,233693,233694,1,-1,2,-2,1,3,1,-1,-3,-1,2,2,5,2,2,-2,-2,-5,-2,-2
0,1,38949,38952,116847,116848,116849,116852,116853,116854,233695,233696,233697,233698,233699,233702,233703,233704,233705,233706,1,-1,2,-2,1,3,1,-1,-3,-1,2,2,5,2,2,-2,-2,-5,-2,-2
0,1,38951,38954,116853,116854,116855,116858,116859,116860,233707,233708,233709,233710,233711,233714,233715,233716,233717,233718,1,-1,2,-2,1,3,1,-1,-3,-1,2,2,5,2,2,-2,-2,-5,-2,-2
0,1,38953,38956,116859,116860,116861,116864,116865,116866,233719,233720,233721,233722,233723,233726,233727,233728,233729,233730,1,-1,2,-2,1,3,1,-1,-3,-1,2,2,5,2,2,-2,-2,-5,-2,-2
0,1,38955,38958,116865,116866,116867,116870,116871,116872,233731,233732,233733,233734,233735,233738,233739,233740,233741,233742,1,-1,2,-2,1,3,1,-1,-3,-1,2,2,5,2,2,-2,-2,-5,-2,-2
0,1,38957,38960,116871,116872,116873,116876,116877,116878,233743,233744,233745,233746,233747,233750,233751,233752,233753,233754,1,-1,2,-2,1,3,1,-1,-3,-1,2,2,5,2,2,-2,-2,-5,-2,-2
0,1,38959,38962,116877,116878,116879,116882,116883,116884,233755,233756,233757,233758,233759,233762,233763,233764,233765,233766,1,-1,2,-2,1,3,1,-1,-3,-1,2,2,5,2,2,-2,-2,-5,-2,-2
0,1,38961,38964,116883,116884,116885,116888,116889,116890,233767,233768,233769,233770,233771,233774,233775,233776,233777,233778,1,-1,2,-2,1,3,1,-1,-3,-1,2,2,5,2,2,-2,-2,-5,-2,-2
0,1,38963,38966,116889,116890,116891,116894,116895,116896,233779,233780,233781,233782,233783,233786,233787,233788,233789,233790,1,-1,2,-2,1,3,1,-1,-3,-1,2,2,5,2,2,-2,-2,-5,-2,-2
0,1,38965,38968,116895,116896,116897,116900,116901,116902,233791,233792,233793,233794,233795,233798,233799,233800,233801,233802,1,-1,2,-2,1,3,1,-1,-3,-1,2,2,5,2,2,-2,-2,-5,-2,-2
0,1,38967,38970,116901,116902,116903,116906,116907,116908,233803,233804,233805,233806,233807,233810,233811,233812,233813,233814,1,-1,2,-2,1,3,1,-1,-3,-1,2,2,5,2,2,-2,-2,-5,-2,-2
0,1,38969,38972,116907,116908,116909,116912,116913,116914,233815,233816,233817,233818,233819,233822,233823,233824,233825,233826,1,-1,2,-2,1,3,1,-1,-3,-1,2,2,5,2,2,-2,-2,-5,-2,-2
0,1,38971,38974,116913,116914,116915,116918,116919,116920,233827,233828,233829,233830,233831,233834,233835,233836,233837,233838,1,-1,2,-2,1,3,1,-1,-3,-1,2,2,5,2,2,-2,-2,-5,-2,-2
0,1,38973,38976,116919,116920,116921,116924,116925,116926,233839,233840,233841,233842,233843,233846,233847,233848,233849,233850,1,-1,2,-2,1,3,1,-1,-3,-1,2,2,5,2,2,-2,-2,-5,-2,-2
0,1,38975,38978,116925,116926,116927,116930,116931,116932,233851,233852,233853,233854,233855,233858,233859,233860,233861,233862,1,-1,2,-2,1,3,1,-1,-3,-1,2,2,5,2,2,-2,-2,-5,-2,-2
0,1,38977,38980,116931,116932,116933,116936,116937,116938,233863,233864,233865,233866,233867,233870,233871,233872,233873,233874,1,-1,2,-2,1,3,1,-1,-3,-1,2,2,5,2,2,-2,-2,-5,-2,-2
0,1,38979,38982,116937,116938,116939,116942,116943,116944,233875,233876,233877,233878,233879,233882,233883,233884,233885,233886,1,-1,2,-2,1,3,1,-1,-3,-1,2,2,5,2,2,-2,-2,-5,-2,-2
0,1,38981,38984,116943,116944,116945,116948,116949,116950,233887,233888,233889,233890,233891,233894,233895,233896,233897,233898,1,-1,2,-2,1,3,1,-1,-3,-1,2,2,5,2,2,-2,-2,-5,-2,-2
0,1,38983,38986,116949,116950,116951,116954,116955,116956,233899,233900,233901,233902,233903,233906,233907,233908,233909,233910,1,-1,2,-2,1,3,1,-1,-3,-1,2,2,5,2,2,-2,-2,-5,-2,-2
0,1,38985,38988,116955,116956,116957,116960,116961,116962,233911,233912,233913,233914,233915,233918,233919,233920,233921,233922,1,-1,2,-2,1,3,1,-1,-3,-1,2,2,5,2,2,-2,-2,-5,-2,-2
0,1,38987,38990,116961,116962,116963,116966,116967,116968,233923,233924,233925,233926,233927,233930,233931,233932,233933,233934,1,-1,2,-2,1,3,1,-1,-3,-1,2,2,5,2,2,-2,-2,-5,-2,-2
0,1,38989,38992,116967,116968,116969,116972,116973,116974,233935,233936,233937,233938,233939,233942,233943,233944,233945,233946,1,-1,2,-2,1,3,1,-1,-3,-1,2,2,5,2,2,-2,-2,-5,-2,-2
0,1,38991,38994,116973,116974,116975,116978,116979,116980,233947,233948,233949,233950,233951,233954,233955,233956,233957,233958,1,-1,2,-2,1,3,1,-1,-3,-1,2,2,5,2,2,-2,-2,-5,-2,-2
0,1,38993,38996,116979,116980,116981,116984,116985,116986,233959,233960,233961,233962,233963,233966,233967,233968,233969,233970,1,-1,2,-2,1,3,1,-1,-3,-1,2,2,5,2,2,-2,-2,-5,-2,-2
0,1,38995,38998,116985,116986,116987,116990,116991,116992,233971,233972,233973,233974,233975,233978,233979,233980,233981,233982,1,-1,2,-2,1,3,1,-1,-3,-1,2,2,5,2,2,-2,-2,-5,-2,-2
0,1,38997,39000,116991,116992,116993,116996,116997,116998,233983,233984,233985,233986,233987,233990,233991,233992,233993,233994,1,-1,2,-2,1,3,1,-1,-3,-1,2,2,5,2,2,-2,-2,-5,-2,-2
0,1,38999,39002,116997,116998,116999,117002,117003,117004,233995,233996,233997,233998,233999,234002,234003,234004,234005,234006,1,-1,2,-2,1,3,1,-1,-3,-1,2,2,5,2,2,-2,-2,-5,-2,-2
0,1,39001,39004,117003,117004,117005,117008,117009,117010,234007,234008,234009,234010,234011,234014,234015,234016,234017,234018,1,-1,2,-2,1,3,1,-1,-3,-1,2,2,5,2,2,-2,-2,-5,-2,-2
0,1,39003,39006,117009,117010,117011,117014,117015,117016,234019,234020,234021,234022,234023,234026,234027,234028,234029,234030,1,-1,2,-2,1,3,1,-1,-3,-1,2,2,5,2,2,-2,-2,-5,-2,-2
0,1,39005,39008,117015,117016,117017,117020,117021,117022,234031,234032,234033,234034,234035,234038,234039,234040,234041,234042,1,-1,2,-2,1,3,1,-1,-3,-1,2,2,5,2,2,-2,-2,-5,-2,-2
0,1,39007,39010,117021,117022,117023,117026,117027,117028,234043,234044,234045,234046,234047,234050,234051,234052,234053,234054,1,-1,2,-2,1,3,1,-1,-3,-1,2,2,5,2,2,-2,-2,-5,-2,-2
0,1,39009,39012,117027,117028,117029,117032,117033,117034,234055,234056,234057,234058,234059,234062,234063,234064,234065,234066,1,-1,2,-2,1,3,1,-1,-3,-1,2,2,5,2,2,-2,-2,-5,-2,-2
0,1,39011,39014,117033,117034,117035,117038,117039,117040,234067,234068,234069,234070,234071,234074,234075,234076,234077,234078,1,-1,2,-2,1,3,1,-1,-3,-1,2,2,5,2,2,-2,-2,-5,-2,-2
0,1,39013,39016,117039,117040,117041,117044,117045,117046,234079,234080,234081,234082,234083,234086,234087,234088,234089,234090,1,-1,2,-2,1,3,1,-1,-3,-1,2,2,5,2,2,-2,-2,-5,-2,-2
0,1,39015,39018,117045,117046,117047,117050,117051,117052,234091,234092,234093,234094,234095,234098,234099,234100,234101,234102,1,-1,2,-2,1,3,1,-1,-3,-1,2,2,5,2,2,-2,-2,-5,-2,-2
0,1,39017,39020,117051,117052,117053,117056,117057,117058,234103,234104,234105,234106,234107,234110,234111,234112,234113,234114,1,-1,2,-2,1,3,1,-1,-3,-1,2,2,5,2,2,-2,-2,-5,-2,-2
0,1,39019,39022,117057,117058,117059,117062,117063,117064,234115,234116,234117,234118,234119,234122,234123,234124,234125,234126,1,-1,2,-2,1,3,1,-1,-3,-1,2,2,5,2,2,-2,-2,-5,-2,-2
0,1,39021,39024,117063,117064,117065,117068,117069,117070,234127,234128,234129,234130,234131,234134,234135,234136,234137,234138,1,-1,2,-2,1,3,1,-1,-3,-1,2,2,5,2,2,-2,-2,-5,-2,-2
0,1,39023,39026,117069,117070,117071,117074,117075,117076,234139,234140,234141,234142,234143,234146,234147,234148,234149,234150,1,-1,2,-2,1,3,1,-1,-3,-1,2,2,5,2,2,-2,-2,-5,-2,-2
0,1,39025,39028,117075,117076,117077,117080,117081,117082,234151,234152,234153,234154,234155,234158,234159,234160,234161,234162,1,-1,2,-2,1,3,1,-1,-3,-1,2,2,5,2,2,-2,-2,-5,-2,-2
0,1,39027,39030,117081,117082,117083,117086,117087,117088,234163,234164,234165,234166,234167,234170,234171,234172,234173,234174,1,-1,2,-2,1,3,1,-1,-3,-1,2,2,5,2,2,-2,-2,-5,-2,-2
0,1,39029,39032,117087,117088,117089,117092,117093,117094,234175,234176,234177,234178,234179,234182,234183,234184,234185,234186,1,-1,2,-2,1,3,1,-1,-3,-1,2,2,5,2,2,-2,-2,-5,-2,-2
0,1,39031,39034,117093,117094,117095,117098,117099,117100,234187,234188,234189,234190,234191,234194,234195,234196,234197,234198,1,-1,2,-2,1,3,1,-1,-3,-1,2,2,5,2,2,-2,-2,-5,-2,-2
0,1,39033,39036,117099,117100,117101,117104,117105,117106,234199,234200,234201,234202,234203,234206,234207,234208,234209,234210,1,-1,2,-2,1,3,1,-1,-3,-1,2,2,5,2,2,-2,-2,-5,-2,-2
0,1,39035,39038,117105,117106,117107,117110,117111,117112,234211,234212,234213,234214,234215,234218,234219,234220,234221,234222,1,-1,2,-2,1,3,1,-1,-3,-1,2,2,5,2,2,-2,-2,-5,-2,-2
0,1,39037,39040,117111,117112,117113,117116,117117,117118,234223,234224,234225,234226,234227,234230,234231,234232,234233,234234,1,-1,2,-2,1,3,1,-1,-3,-1,2,2,5,2,2,-2,-2,-5,-2,-2
0,1,39039,39042,117117,117118,117119,117122,117123,117124,234235,234236,234237,234238,234239,234242,234243,234244,234245,234246,1,-1,2,-2,1,3,1,-1,-3,-1,2,2,5,2,2,-2,-2,-5,-2,-2
0,1,39041,39044,117123,117124,117125,117128,117129,117130,234247,234248,234249,234250,234251,234254,234255,234256,234257,234258,1,-1,2,-2,1,3,1,-1,-3,-1,2,2,5,2,2,-2,-2,-5,-2,-2
0,1,39043,39046,117129,117130,117131,117134,117135,117136,234259,234260,234261,234262,234263,234266,234267,234268,234269,234270,1,-1,2,-2,1,3,1,-1,-3,-1,2,2,5,2,2,-2,-2,-5,-2,-2
0,1,39045,39048,117135,117136,117137,117140,117141,117142,234271,234272,234273,234274,234275,234278,234279,234280,234281,234282,1,-1,2,-2,1,3,1,-1,-3,-1,2,2,5,2,2,-2,-2,-5,-2,-2
0,1,39047,39050,117141,117142,117143,117146,117147,117148,234283,234284,234285,234286,234287,234290,234291,234292,234293,234294,1,-1,2,-2,1,3,1,-1,-3,-1,2,2,5,2,2,-2,-2,-5,-2,-2
0,1,39049,39052,117147,117148,117149,117152,117153,117154,234295,234296,234297,234298,234299,234302,234303,234304,234305,234306,1,-1,2,-2,1,3,1,-1,-3,-1,2,2,5,2,2,-2,-2,-5,-2,-2
0,1,39051,39054,117153,117154,117155,117158,117159,117160,234307,234308,234309,234310,234311,234314,234315,234316,234317,234318,1,-1,2,-2,1,3,1,-1,-3,-1,2,2,5,2,2,-2,-2,-5,-2,-2
0,1,39053,39056,117159,117160,117161,117164,117165,117166,234319,234320,234321,234322,234323,234326,234327,234328,234329,234330,1,-1,2,-2,1,3,1,-1,-3,-1,2,2,5,2,2,-2,-2,-5,-2,-2
0,1,39055,39058,117165,117166,117167,117170,117171,117172,234331,234332,234333,234334,234335,234338,234339,234340,234341,234342,1,-1,2,-2,1,3,1,-1,-3,-1,2,2,5,2,2,-2,-2,-5,-2,-2
0,1,39057,39060,117171,117172,117173,117176,117177,117178,234343,234344,234345,234346,234347,234350,234351,234352,234353,234354,1,-1,2,-2,1,3,1,-1,-3,-1,2,2,5,2,2,-2,-2,-5,-2,-2
0,1,39059,39062,117177,117178,117179,117182,117183,117184,234355,234356,234357,234358,234359,234362,234363,234364,234365,234366,1,-1,2,-2,1,3,1,-1,-3,-1,2,2,5,2,2,-2,-2,-5,-2,-2
0,1,39061,39064,117183,117184,117185,117188,117189,117190,234367,234368,234369,234370,234371,234374,234375,234376,234377,234378,1,-1,2,-2,1,3,1,-1,-3,-1,2,2,5,2,2,-2,-2,-5,-2,-2
0,1,39063,39066,117189,117190,117191,117194,117195,117196,234379,234380,234381,234382,234383,234386,234387,234388,234389,234390,1,-1,2,-2,1,3,1,-1,-3,-1,2,2,5,2,2,-2,-2,-5,-2,-2
0,1,39065,39068,117195,117196,117197,117200,117201,117202,234391,234392,234393,234394,234395,234398,234399,234400,234401,234402,1,-1,2,-2,1,3,1,-1,-3,-1,2,2,5,2,2,-2,-2,-5,-2,-2
0,1,39067,39070,117201,117202,117203,117206,117207,117208,234403,234404,234405,234406,234407,234410,234411,234412,234413,234414,1,-1,2,-2,1,3,1,-1,-3,-1,2,2,5,2,2,-2,-2,-5,-2,-2
0,1,39069,39072,117207,117208,117209,117212,117213,117214,234415,234416,234417,234418,234419,234422,234423,234424,234425,234426,1,-1,2,-2,1,3,1,-1,-3,-1,2,2,5,2,2,-2,-2,-5,-2,-2
0,1,39071,39074,117213,117214,117215,117218,117219,117220,234427,234428,234429,234430,234431,234434,234435,234436,234437,234438,1,-1,2,-2,1,3,1,-1,-3,-1,2,2,5,2,2,-2,-2,-5,-2,-2
0,1,39073,39076,117219,117220,117221,117224,117225,117226,234439,234440,234441,234442,234443,234446,234447,234448,234449,234450,1,-1,2,-2,1,3,1,-1,-3,-1,2,2,5,2,2,-2,-2,-5,-2,-2
0,1,39075,39078,117225,117226,117227,117230,117231,117232,234451,234452,234453,234454,234455,234458,234459,234460,234461,234462,1,-1,2,-2,1,3,1,-1,-3,-1,2,2,5,2,2,-2,-2,-5,-2,-2
0,1,39077,39080,117231,117232,117233,117236,117237,117238,234463,234464,234465,234466,234467,234470,234471,234472,234473,234474,1,-1,2,-2,1,3,1,-1,-3,-1,2,2,5,2,2,-2,-2,-5,-2,-2
0,1,39079,39082,117237,117238,117239,117242,117243,117244,234475,234476,234477,234478,234479,234482,234483,234484,234485,234486,1,-1,2,-2,1,3,1,-1,-3,-1,2,2,5,2,2,-2,-2,-5,-2,-2
0,1,39081,39084,117243,117244,117245,117248,117249,117250,234487,234488,234489,234490,234491,234494,234495,234496,234497,234498,1,-1,2,-2,1,3,1,-1,-3,-1,2,2,5,2,2,-2,-2,-5,-2,-2
0,1,39083,39086,117249,117250,117251,117254,117255,117256,234499,234500,234501,234502,234503,234506,234507,234508,234509,234510,1,-1,2,-2,1,3,1,-1,-3,-1,2,2,5,2,2,-2,-2,-5,-2,-2
0,1,39085,39088,117255,117256,117257,117260,117261,117262,234511,234512,234513,234514,234515,234518,234519,234520,234521,234522,1,-1,2,-2,1,3,1,-1,-3,-1,2,2,5,2,2,-2,-2,-5,-2,-2
0,1,39087,39090,117261,117262,117263,117266,117267,117268,234523,234524,234525,234526,234527,234530,234531,234532,234533,234534,1,-1,2,-2,1,3,1,-1,-3,-1,2,2,5,2,2,-2,-2,-5,-2,-2
0,1,39089,39092,117267,117268,117269,117272,117273,117274,234535,234536,234537,234538,234539,234542,234543,234544,234545,234546,1,-1,2,-2,1,3,1,-1,-3,-1,2,2,5,2,2,-2,-2,-5,-2,-2
0,1,39091,39094,117273,117274,117275,117278,117279,117280,234547,234548,234549,234550,234551,234554,234555,234556,234557,234558,1,-1,2,-2,1,3,1,-1,-3,-1,2,2,5,2,2,-2,-2,-5,-2,-2
0,1,39093,39096,117279,117280,117281,117284,117285,117286,234559,234560,234561,234562,234563,234566,234567,234568,234569,234570,1,-1,2,-2,1,3,1,-1,-3,-1,2,2,5,2,2,-2,-2,-5,-2,-2
0,1,39095,39098,117285,117286,117287,117290,117291,117292,234571,234572,234573,234574,234575,234578,234579,234580,234581,234582,1,-1,2,-2,1,3,1,-1,-3,-1,2,2,5,2,2,-2,-2,-5,-2,-2
0,1,39097,39100,117291,117292,117293,117296,117297,117298,234583,234584,234585,234586,234587,234590,234591,234592,234593,234594,1,-1,2,-2,1,3,1,-1,-3,-1,2,2,5,2,2,-2,-2,-5,-2,-2
0,1,39099,39102,117297,117298,117299,117302,117303,117304,234595,234596,234597,234598,234599,234602,234603,234604,234605,234606,1,-1,2,-2,1,3,1,-1,-3,-1,2,2,5,2,2,-2,-2,-5,-2,-2
0,1,39101,39104,117303,117304,117305,117308,117309,117310,234607,234608,234609,234610,234611,234614,234615,234616,234617,234618,1,-1,2,-2,1,3,1,-1,-3,-1,2,2,5,2,2,-2,-2,-5,-2,-2
0,1,39103,39106,117309,117310,117311,117314,117315,117316,234619,234620,234621,234622,234623,234626,234627,234628,234629,234630,1,-1,2,-2,1,3,1,-1,-3,-1,2,2,5,2,2,-2,-2,-5,-2,-2
0,1,39105,39108,117315,117316,117317,117320,117321,117322,234631,234632,234633,234634,234635,234638,234639,234640,234641,234642,1,-1,2,-2,1,3,1,-1,-3,-1,2,2,5,2,2,-2,-2,-5,-2,-2
0,1,39107,39110,117321,117322,117323,117326,117327,117328,234643,234644,234645,234646,234647,234650,234651,234652,234653,234654,1,-1,2,-2,1,3,1,-1,-3,-1,2,2,5,2,2,-2,-2,-5,-2,-2
0,1,39109,39112,117327,117328,117329,117332,117333,117334,234655,234656,234657,234658,234659,234662,234663,234664,234665,234666,1,-1,2,-2,1,3,1,-1,-3,-1,2,2,5,2,2,-2,-2,-5,-2,-2
0,1,39111,39114,117333,117334,117335,117338,117339,117340,234667,234668,234669,234670,234671,234674,234675,234676,234677,234678,1,-1,2,-2,1,3,1,-1,-3,-1,2,2,5,2,2,-2,-2,-5,-2,-2
0,1,39113,39116,117339,117340,117341,117344,117345,117346,234679,234680,234681,234682,234683,234686,234687,234688,234689,234690,1,-1,2,-2,1,3,1,-1,-3,-1,2,2,5,2,2,-2,-2,-5,-2,-2
0,1,39115,39118,117345,117346,117347,117350,117351,117352,234691,234692,234693,234694,234695,234698,234699,234700,234701,234702,1,-1,2,-2,1,3,1,-1,-3,-1,2,2,5,2,2,-2,-2,-5,-2,-2
0,1,39117,39120,117351,117352,117353,117356,117357,117358,234703,234704,234705,234706,234707,234710,234711,234712,234713,234714,1,-1,2,-2,1,3,1,-1,-3,-1,2,2,5,2,2,-2,-2,-5,-2,-2
0,1,39119,39122,117357,117358,117359,117362,117363,117364,234715,234716,234717,234718,234719,234722,234723,234724,234725,234726,1,-1,2,-2,1,3,1,-1,-3,-1,2,2,5,2,2,-2,-2,-5,-2,-2
0,1,39121,39124,117363,117364,117365,117368,117369,117370,234727,234728,234729,234730,234731,234734,234735,234736,234737,234738,1,-1,2,-2,1,3,1,-1,-3,-1,2,2,5,2,2,-2,-2,-5,-2,-2
0,1,39123,39126,117369,117370,117371,117374,117375,117376,234739,234740,234741,234742,234743,234746,234747,234748,234749,234750,1,-1,2,-2,1,3,1,-1,-3,-1,2,2,5,2,2,-2,-2,-5,-2,-2
0,1,39125,39128,117375,117376,117377,117380,117381,117382,234751,234752,234753,234754,234755,234758,234759,234760,234761,234762,1,-1,2,-2,1,3,1,-1,-3,-1,2,2,5,2,2,-2,-2,-5,-2,-2
0,1,39127,39130,117381,117382,117383,117386,117387,117388,234763,234764,234765,234766,234767,234770,234771,234772,234773,234774,1,-1,2,-2,1,3,1,-1,-3,-1,2,2,5,2,2,-2,-2,-5,-2,-2
0,1,39129,39132,117387,117388,117389,117392,117393,117394,234775,234776,234777,234778,234779,234782,234783,234784,234785,234786,1,-1,2,-2,1,3,1,-1,-3,-1,2,2,5,2,2,-2,-2,-5,-2,-2
0,1,39131,39134,117393,117394,117395,117398,117399,117400,234787,234788,234789,234790,234791,234794,234795,234796,234797,234798,1,-1,2,-2,1,3,1,-1,-3,-1,2,2,5,2,2,-2,-2,-5,-2,-2
0,1,39133,39136,117399,117400,117401,117404,117405,117406,234799,234800,234801,234802,234803,234806,234807,234808,234809,234810,1,-1,2,-2,1,3,1,-1,-3,-1,2,2,5,2,2,-2,-2,-5,-2,-2
0,1,39135,39138,117405,117406,117407,117410,117411,117412,234811,234812,234813,234814,234815,234818,234819,234820,234821,234822,1,-1,2,-2,1,3,1,-1,-3,-1,2,2,5,2,2,-2,-2,-5,-2,-2
0,1,39137,39140,117411,117412,117413,117416,117417,117418,234823,234824,234825,234826,234827,234830,234831,234832,234833,234834,1,-1,2,-2,1,3,1,-1,-3,-1,2,2,5,2,2,-2,-2,-5,-2,-2
0,1,39139,39142,117417,117418,117419,117422,117423,117424,234835,234836,234837,234838,234839,234842,234843,234844,234845,234846,1,-1,2,-2,1,3,1,-1,-3,-1,2,2,5,2,2,-2,-2,-5,-2,-2
0,1,39141,39144,117423,117424,117425,117428,117429,117430,234847,234848,234849,234850,234851,234854,234855,234856,234857,234858,1,-1,2,-2,1,3,1,-1,-3,-1,2,2,5,2,2,-2,-2,-5,-2,-2
0,1,39143,39146,117429,117430,117431,117434,117435,117436,234859,234860,234861,234862,234863,234866,234867,234868,234869,234870,1,-1,2,-2,1,3,1,-1,-3,-1,2,2,5,2,2,-2,-2,-5,-2,-2
0,1,39145,39148,117435,117436,117437,117440,117441,117442,234871,234872,234873,234874,234875,234878,234879,234880,234881,234882,1,-1,2,-2,1,3,1,-1,-3,-1,2,2,5,2,2,-2,-2,-5,-2,-2
0,1,39147,39150,117441,117442,117443,117446,117447,117448,234883,234884,234885,234886,234887,234890,234891,234892,234893,234894,1,-1,2,-2,1,3,1,-1,-3,-1,2,2,5,2,2,-2,-2,-5,-2,-2
0,1,39149,39152,117447,117448,117449,117452,117453,117454,234895,234896,234897,234898,234899,234902,234903,234904,234905,234906,1,-1,2,-2,1,3,1,-1,-3,-1,2,2,5,2,2,-2,-2,-5,-2,-2
0,1,39151,39154,117453,117454,117455,117458,117459,117460,234907,234908,234909,234910,234911,234914,234915,234916,234917,234918,1,-1,2,-2,1,3,1,-1,-3,-1,2,2,5,2,2,-2,-2,-5,-2,-2
0,1,39153,39156,117459,117460,117461,117464,117465,117466,234919,234920,234921,234922,234923,234926,234927,234928,234929,234930,1,-1,2,-2,1,3,1,-1,-3,-1,2,2,5,2,2,-2,-2,-5,-2,-2
0,1,39155,39158,117465,117466,117467,117470,117471,117472,234931,234932,234933,234934,234935,234938,234939,234940,234941,234942,1,-1,2,-2,1,3,1,-1,-3,-1,2,2,5,2,2,-2,-2,-5,-2,-2
0,1,39157,39160,117471,117472,117473,117476,117477,117478,234943,234944,234945,234946,234947,234950,234951,234952,234953,234954,1,-1,2,-2,1,3,1,-1,-3,-1,2,2,5,2,2,-2,-2,-5,-2,-2
0,1,39159,39162,117477,117478,117479,117482,117483,117484,234955,234956,234957,234958,234959,234962,234963,234964,234965,234966,1,-1,2,-2,1,3,1,-1,-3,-1,2,2,5,2,2,-2,-2,-5,-2,-2
0,1,39161,39164,117483,117484,117485,117488,117489,117490,234967,234968,234969,234970,234971,234974,234975,234976,234977,234978,1,-1,2,-2,1,3,1,-1,-3,-1,2,2,5,2,2,-2,-2,-5,-2,-2
0,1,39163,39166,117489,117490,117491,117494,117495,117496,234979,234980,234981,234982,234983,234986,234987,234988,234989,234990,1,-1,2,-2,1,3,1,-1,-3,-1,2,2,5,2,2,-2,-2,-5,-2,-2
0,1,39165,39168,117495,117496,117497,117500,117501,117502,234991,234992,234993,234994,234995,234998,234999,235000,235001,235002,1,-1,2,-2,1,3,1,-1,-3,-1,2,2,5,2,2,-2,-2,-5,-2,-2
0,1,39167,39170,117501,117502,117503,117506,117507,117508,235003,235004,235005,235006,235007,235010,235011,235012,235013,235014,1,-1,2,-2,1,3,1,-1,-3,-1,2,2,5,2,2,-2,-2,-5,-2,-2
0,1,39169,39172,117507,117508,117509,117512,117513,117514,235015,235016,235017,235018,235019,235022,235023,235024,235025,235026,1,-1,2,-2,1,3,1,-1,-3,-1,2,2,5,2,2,-2,-2,-5,-2,-2
0,1,39171,39174,117513,117514,117515,117518,117519,117520,235027,235028,235029,235030,235031,235034,235035,235036,235037,235038,1,-1,2,-2,1,3,1,-1,-3,-1,2,2,5,2,2,-2,-2,-5,-2,-2
0,1,39173,39176,117519,117520,117521,117524,117525,117526,235039,235040,235041,235042,235043,235046,235047,235048,235049,235050,1,-1,2,-2,1,3,1,-1,-3,-1,2,2,5,2,2,-2,-2,-5,-2,-2
0,1,39175,39178,117525,117526,117527,117530,117531,117532,235051,235052,235053,235054,235055,235058,235059,235060,235061,235062,1,-1,2,-2,1,3,1,-1,-3,-1,2,2,5,2,2,-2,-2,-5,-2,-2
0,1,39177,39180,117531,117532,117533,117536,117537,117538,235063,235064,235065,235066,235067,235070,235071,235072,235073,235074,1,-1,2,-2,1,3,1,-1,-3,-1,2,2,5,2,2,-2,-2,-5,-2,-2
0,1,39179,39182,117537,117538,117539,117542,117543,117544,235075,235076,235077,235078,235079,235082,235083,235084,235085,235086,1,-1,2,-2,1,3,1,-1,-3,-1,2,2,5,2,2,-2,-2,-5,-2,-2
0,1,39181,39184,117543,117544,117545,117548,117549,117550,235087,235088,235089,235090,235091,235094,235095,235096,235097,235098,1,-1,2,-2,1,3,1,-1,-3,-1,2,2,5,2,2,-2,-2,-5,-2,-2
0,1,39183,39186,117549,117550,117551,117554,117555,117556,235099,235100,235101,235102,235103,235106,235107,235108,235109,235110,1,-1,2,-2,1,3,1,-1,-3,-1,2,2,5,2,2,-2,-2,-5,-2,-2
0,1,39185,39188,117555,117556,117557,117560,117561,117562,235111,235112,235113,235114,235115,235118,235119,235120,235121,235122,1,-1,2,-2,1,3,1,-1,-3,-1,2,2,5,2,2,-2,-2,-5,-2,-2
0,1,39187,39190,117561,117562,117563,117566,117567,117568,235123,235124,235125,235126,235127,235130,235131,235132,235133,235134,1,-1,2,-2,1,3,1,-1,-3,-1,2,2,5,2,2,-2,-2,-5,-2,-2
0,1,39189,39192,117567,117568,117569,117572,117573,117574,235135,235136,235137,235138,235139,235142,235143,235144,235145,235146,1,-1,2,-2,1,3,1,-1,-3,-1,2,2,5,2,2,-2,-2,-5,-2,-2
0,1,39191,39194,117573,117574,117575,117578,117579,117580,235147,235148,235149,235150,235151,235154,235155,235156,235157,235158,1,-1,2,-2,1,3,1,-1,-3,-1,2,2,5,2,2,-2,-2,-5,-2,-2
0,1,39193,39196,117579,117580,117581,117584,117585,117586,235159,235160,235161,235162,235163,235166,235167,235168,235169,235170,1,-1,2,-2,1,3,1,-1,-3,-1,2,2,5,2,2,-2,-2,-5,-2,-2
0,1,39195,39198,117585,117586,117587,117590,117591,117592,235171,235172,235173,235174,235175,235178,235179,235180,235181,235182,1,-1,2,-2,1,3,1,-1,-3,-1,2,2,5,2,2,-2,-2,-5,-2,-2
0,1,39197,39200,117591,117592,117593,117596,117597,117598,235183,235184,235185,235186,235187,235190,235191,235192,235193,235194,1,-1,2,-2,1,3,1,-1,-3,-1,2,2,5,2,2,-2,-2,-5,-2,-2
0,1,39199,39202,117597,117598,117599,117602,117603,117604,235195,235196,235197,235198,235199,235202,235203,235204,235205,235206,1,-1,2,-2,1,3,1,-1,-3,-1,2,2,5,2,2,-2,-2,-5,-2,-2
0,1,39201,39204,117603,117604,117605,117608,117609,117610,235207,235208,235209,235210,235211,235214,235215,235216,235217,235218,1,-1,2,-2,1,3,1,-1,-3,-1,2,2,5,2,2,-2,-2,-5,-2,-2
0,1,39203,39206,117609,117610,117611,117614,117615,117616,235219,235220,235221,235222,235223,235226,235227,235228,235229,235230,1,-1,2,-2,1,3,1,-1,-3,-1,2,2,5,2,2,-2,-2,-5,-2,-2
0,1,39205,39208,117615,117616,117617,117620,117621,117622,235231,235232,235233,235234,235235,235238,235239,235240,235241,235242,1,-1,2,-2,1,3,1,-1,-3,-1,2,2,5,2,2,-2,-2,-5,-2,-2
0,1,39207,39210,117621,117622,117623,117626,117627,117628,235243,235244,235245,235246,235247,235250,235251,235252,235253,235254,1,-1,2,-2,1,3,1,-1,-3,-1,2,2,5,2,2,-2,-2,-5,-2,-2
0,1,39209,39212,117627,117628,117629,117632,117633,117634,235255,235256,235257,235258,235259,235262,235263,235264,235265,235266,1,-1,2,-2,1,3,1,-1,-3,-1,2,2,5,2,2,-2,-2,-5,-2,-2
0,1,39211,39214,117633,117634,117635,117638,117639,117640,235267,235268,235269,235270,235271,235274,235275,235276,235277,235278,1,-1,2,-2,1,3,1,-1,-3,-1,2,2,5,2,2,-2,-2,-5,-2,-2
0,1,39213,39216,117639,117640,117641,117644,117645,117646,235279,235280,235281,235282,235283,235286,235287,235288,235289,235290,1,-1,2,-2,1,3,1,-1,-3,-1,2,2,5,2,2,-2,-2,-5,-2,-2
0,1,39215,39218,117645,117646,117647,117650,117651,117652,235291,235292,235293,235294,235295,235298,235299,235300,235301,235302,1,-1,2,-2,1,3,1,-1,-3,-1,2,2,5,2,2,-2,-2,-5,-2,-2
0,1,39217,39220,117651,117652,117653,117656,117657,117658,235303,235304,235305,235306,235307,235310,235311,235312,235313,235314,1,-1,2,-2,1,3,1,-1,-3,-1,2,2,5,2,2,-2,-2,-5,-2,-2
0,1,39219,39222,117657,117658,117659,117662,117663,117664,235315,235316,235317,235318,235319,235322,235323,235324,235325,235326,1,-1,2,-2,1,3,1,-1,-3,-1,2,2,5,2,2,-2,-2,-5,-2,-2
0,1,39221,39224,117663,117664,117665,117668,117669,117670,235327,235328,235329,235330,235331,235334,235335,235336,235337,235338,1,-1,2,-2,1,3,1,-1,-3,-1,2,2,5,2,2,-2,-2,-5,-2,-2
0,1,39223,39226,117669,117670,117671,117674,117675,117676,235339,235340,235341,235342,235343,235346,235347,235348,235349,235350,1,-1,2,-2,1,3,1,-1,-3,-1,2,2,5,2,2,-2,-2,-5,-2,-2
0,1,39225,39228,117675,117676,117677,117680,117681,117682,235351,235352,235353,235354,235355,235358,235359,235360,235361,235362,1,-1,2,-2,1,3,1,-1,-3,-1,2,2,5,2,2,-2,-2,-5,-2,-2
0,1,39227,39230,117681,117682,117683,117686,117687,117688,235363,235364,235365,235366,235367,235370,235371,235372,235373,235374,1,-1,2,-2,1,3,1,-1,-3,-1,2,2,5,2,2,-2,-2,-5,-2,-2
0,1,39229,39232,117687,117688,117689,117692,117693,117694,235375,235376,235377,235378,235379,235382,235383,235384,235385,235386,1,-1,2,-2,1,3,1,-1,-3,-1,2,2,5,2,2,-2,-2,-5,-2,-2
0,1,39231,39234,117693,117694,117695,117698,117699,117700,235387,235388,235389,235390,235391,235394,235395,235396,235397,235398,1,-1,2,-2,1,3,1,-1,-3,-1,2,2,5,2,2,-2,-2,-5,-2,-2
0,1,39233,39236,117699,117700,117701,117704,117705,117706,235399,235400,235401,235402,235403,235406,235407,235408,235409,235410,1,-1,2,-2,1,3,1,-1,-3,-1,2,2,5,2,2,-2,-2,-5,-2,-2
0,1,39235,39238,117705,117706,117707,117710,117711,117712,235411,235412,235413,235414,235415,235418,235419,235420,235421,235422,1,-1,2,-2,1,3,1,-1,-3,-1,2,2,5,2,2,-2,-2,-5,-2,-2
0,1,39237,39240,117711,117712,117713,117716,117717,117718,235423,235424,235425,235426,235427,235430,235431,235432,235433,235434,1,-1,2,-2,1,3,1,-1,-3,-1,2,2,5,2,2,-2,-2,-5,-2,-2
0,1,39239,39242,117717,117718,117719,117722,117723,117724,235435,235436,235437,235438,235439,235442,235443,235444,235445,235446,1,-1,2,-2,1,3,1,-1,-3,-1,2,2,5,2,2,-2,-2,-5,-2,-2
0,1,39241,39244,117723,117724,117725,117728,117729,117730,235447,235448,235449,235450,235451,235454,235455,235456,235457,235458,1,-1,2,-2,1,3,1,-1,-3,-1,2,2,5,2,2,-2,-2,-5,-2,-2
0,1,39243,39246,117729,117730,117731,117734,117735,117736,235459,235460,235461,235462,235463,235466,235467,235468,235469,235470,1,-1,2,-2,1,3,1,-1,-3,-1,2,2,5,2,2,-2,-2,-5,-2,-2
0,1,39245,39248,117735,117736,117737,117740,117741,117742,235471,235472,235473,235474,235475,235478,235479,235480,235481,235482,1,-1,2,-2,1,3,1,-1,-3,-1,2,2,5,2,2,-2,-2,-5,-2,-2
0,1,39247,39250,117741,117742,117743,117746,117747,117748,235483,235484,235485,235486,235487,235490,235491,235492,235493,235494,1,-1,2,-2,1,3,1,-1,-3,-1,2,2,5,2,2,-2,-2,-5,-2,-2
0,1,39249,39252,117747,117748,117749,117752,117753,117754,235495,235496,235497,235498,235499,235502,235503,235504,235505,235506,1,-1,2,-2,1,3,1,-1,-3,-1,2,2,5,2,2,-2,-2,-5,-2,-2
0,1,39251,39254,117753,117754,117755,117758,117759,117760,235507,235508,235509,235510,235511,235514,235515,235516,235517,235518,1,-1,2,-2,1,3,1,-1,-3,-1,2,2,5,2,2,-2,-2,-5,-2,-2
0,1,39253,39256,117759,117760,117761,117764,117765,117766,235519,235520,235521,235522,235523,235526,235527,235528,235529,235530,1,-1,2,-2,1,3,1,-1,-3,-1,2,2,5,2,2,-2,-2,-5,-2,-2
0,1,39255,39258,117765,117766,117767,117770,117771,117772,235531,235532,235533,235534,235535,235538,235539,235540,235541,235542,1,-1,2,-2,1,3,1,-1,-3,-1,2,2,5,2,2,-2,-2,-5,-2,-2
0,1,39257,39260,117771,117772,117773,117776,117777,117778,235543,235544,235545,235546,235547,235550,235551,235552,235553,235554,1,-1,2,-2,1,3,1,-1,-3,-1,2,2,5,2,2,-2,-2,-5,-2,-2
0,1,39259,39262,117777,117778,117779,117782,117783,117784,235555,235556,235557,235558,235559,235562,235563,235564,235565,235566,1,-1,2,-2,1,3,1,-1,-3,-1,2,2,5,2,2,-2,-2,-5,-2,-2
0,1,39261,39264,117783,117784,117785,117788,117789,117790,235567,235568,235569,235570,235571,235574,235575,235576,235577,235578,1,-1,2,-2,1,3,1,-1,-3,-1,2,2,5,2,2,-2,-2,-5,-2,-2
0,1,39263,39266,117789,117790,117791,117794,117795,117796,235579,235580,235581,235582,235583,235586,235587,235588,235589,235590,1,-1,2,-2,1,3,1,-1,-3,-1,2,2,5,2,2,-2,-2,-5,-2,-2
0,1,39265,39268,117795,117796,117797,117800,117801,117802,235591,235592,235593,235594,235595,235598,235599,235600,235601,235602,1,-1,2,-2,1,3,1,-1,-3,-1,2,2,5,2,2,-2,-2,-5,-2,-2
0,1,39267,39270,117801,117802,117803,117806,117807,117808,235603,235604,235605,235606,235607,235610,235611,235612,235613,235614,1,-1,2,-2,1,3,1,-1,-3,-1,2,2,5,2,2,-2,-2,-5,-2,-2
0,1,39269,39272,117807,117808,117809,117812,117813,117814,235615,235616,235617,235618,235619,235622,235623,235624,235625,235626,1,-1,2,-2,1,3,1,-1,-3,-1,2,2,5,2,2,-2,-2,-5,-2,-2
0,1,39271,39274,117813,117814,117815,117818,117819,117820,235627,235628,235629,235630,235631,235634,235635,235636,235637,235638,1,-1,2,-2,1,3,1,-1,-3,-1,2,2,5,2,2,-2,-2,-5,-2,-2
0,1,39273,39276,117819,117820,117821,117824,117825,117826,235639,235640,235641,235642,235643,235646,235647,235648,235649,235650,1,-1,2,-2,1,3,1,-1,-3,-1,2,2,5,2,2,-2,-2,-5,-2,-2
0,1,39275,39278,117825,117826,117827,117830,117831,117832,235651,235652,235653,235654,235655,235658,235659,235660,235661,235662,1,-1,2,-2,1,3,1,-1,-3,-1,2,2,5,2,2,-2,-2,-5,-2,-2
0,1,39277,39280,117831,117832,117833,117836,117837,117838,235663,235664,235665,235666,235667,235670,235671,235672,235673,235674,1,-1,2,-2,1,3,1,-1,-3,-1,2,2,5,2,2,-2,-2,-5,-2,-2
0,1,39279,39282,117837,117838,117839,117842,117843,117844,235675,235676,235677,235678,235679,235682,235683,235684,235685,235686,1,-1,2,-2,1,3,1,-1,-3,-1,2,2,5,2,2,-2,-2,-5,-2,-2
0,1,39281,39284,117843,117844,117845,117848,117849,117850,235687,235688,235689,235690,235691,235694,235695,235696,235697,235698,1,-1,2,-2,1,3,1,-1,-3,-1,2,2,5,2,2,-2,-2,-5,-2,-2
0,1,39283,39286,117849,117850,117851,117854,117855,117856,235699,235700,235701,235702,235703,235706,235707,235708,235709,235710,1,-1,2,-2,1,3,1,-1,-3,-1,2,2,5,2,2,-2,-2,-5,-2,-2
0,1,39285,39288,117855,117856,117857,117860,117861,117862,235711,235712,235713,235714,235715,235718,235719,235720,235721,235722,1,-1,2,-2,1,3,1,-1,-3,-1,2,2,5,2,2,-2,-2,-5,-2,-2
0,1,39287,39290,117861,117862,117863,117866,117867,117868,235723,235724,235725,235726,235727,235730,235731,235732,235733,235734,1,-1,2,-2,1,3,1,-1,-3,-1,2,2,5,2,2,-2,-2,-5,-2,-2
0,1,39289,39292,117867,117868,117869,117872,117873,117874,235735,235736,235737,235738,235739,235742,235743,235744,235745,235746,1,-1,2,-2,1,3,1,-1,-3,-1,2,2,5,2,2,-2,-2,-5,-2,-2
0,1,39291,39294,117873,117874,117875,117878,117879,117880,235747,235748,235749,235750,235751,235754,235755,235756,235757,235758,1,-1,2,-2,1,3,1,-1,-3,-1,2,2,5,2,2,-2,-2,-5,-2,-2
0,1,39293,39296,117879,117880,117881,117884,117885,117886,235759,235760,235761,235762,235763,235766,235767,235768,235769,235770,1,-1,2,-2,1,3,1,-1,-3,-1,2,2,5,2,2,-2,-2,-5,-2,-2
0,1,39295,39298,117885,117886,117887,117890,117891,117892,235771,235772,235773,235774,235775,235778,235779,235780,235781,235782,1,-1,2,-2,1,3,1,-1,-3,-1,2,2,5,2,2,-2,-2,-5,-2,-2
0,1,39297,39300,117891,117892,117893,117896,117897,117898,235783,235784,235785,235786,235787,235790,235791,235792,235793,235794,1,-1,2,-2,1,3,1,-1,-3,-1,2,2,5,2,2,-2,-2,-5,-2,-2
0,1,39299,39302,117897,117898,117899,117902,117903,117904,235795,235796,235797,235798,235799,235802,235803,235804,235805,235806,1,-1,2,-2,1,3,1,-1,-3,-1,2,2,5,2,2,-2,-2,-5,-2,-2
0,1,39301,39304,117903,117904,117905,117908,117909,117910,235807,235808,235809,235810,235811,235814,235815,235816,235817,235818,1,-1,2,-2,1,3,1,-1,-3,-1,2,2,5,2,2,-2,-2,-5,-2,-2
0,1,39303,39306,117909,117910,117911,117914,117915,117916,235819,235820,235821,235822,235823,235826,235827,235828,235829,235830,1,-1,2,-2,1,3,1,-1,-3,-1,2,2,5,2,2,-2,-2,-5,-2,-2
0,1,39305,39308,117915,117916,117917,117920,117921,117922,235831,235832,235833,235834,235835,235838,235839,235840,235841,235842,1,-1,2,-2,1,3,1,-1,-3,-1,2,2,5,2,2,-2,-2,-5,-2,-2
0,1,39307,39310,117921,117922,117923,117926,117927,117928,235843,235844,235845,235846,235847,235850,235851,235852,235853,235854,1,-1,2,-2,1,3,1,-1,-3,-1,2,2,5,2,2,-2,-2,-5,-2,-2
0,1,39309,39312,117927,117928,117929,117932,117933,117934,235855,235856,235857,235858,235859,235862,235863,235864,235865,235866,1,-1,2,-2,1,3,1,-1,-3,-1,2,2,5,2,2,-2,-2,-5,-2,-2
0,1,39311,39314,117933,117934,117935,117938,117939,117940,235867,235868,235869,235870,235871,235874,235875,235876,235877,235878,1,-1,2,-2,1,3,1,-1,-3,-1,2,2,5,2,2,-2,-2,-5,-2,-2
0,1,39313,39316,117939,117940,117941,117944,117945,117946,235879,235880,235881,235882,235883,235886,235887,235888,235889,235890,1,-1,2,-2,1,3,1,-1,-3,-1,2,2,5,2,2,-2,-2,-5,-2,-2
0,1,39315,39318,117945,117946,117947,117950,117951,117952,235891,235892,235893,235894,235895,235898,235899,235900,235901,235902,1,-1,2,-2,1,3,1,-1,-3,-1,2,2,5,2,2,-2,-2,-5,-2,-2
0,1,39317,39320,117951,117952,117953,117956,117957,117958,235903,235904,235905,235906,235907,235910,235911,235912,235913,235914,1,-1,2,-2,1,3,1,-1,-3,-1,2,2,5,2,2,-2,-2,-5,-2,-2
0,1,39319,39322,117957,117958,117959,117962,117963,117964,235915,235916,235917,235918,235919,235922,235923,235924,235925,235926,1,-1,2,-2,1,3,1,-1,-3,-1,2,2,5,2,2,-2,-2,-5,-2,-2
0,1,39321,39324,117963,117964,117965,117968,117969,117970,235927,235928,235929,235930,235931,235934,235935,235936,235937,235938,1,-1,2,-2,1,3,1,-1,-3,-1,2,2,5,2,2,-2,-2,-5,-2,-2
0,1,39323,39326,117969,117970,117971,117974,117975,117976,235939,235940,235941,235942,235943,235946,235947,235948,235949,235950,1,-1,2,-2,1,3,1,-1,-3,-1,2,2,5,2,2,-2,-2,-5,-2,-2
0,1,39325,39328,117975,117976,117977,117980,117981,117982,235951,235952,235953,235954,235955,235958,235959,235960,235961,235962,1,-1,2,-2,1,3,1,-1,-3,-1,2,2,5,2,2,-2,-2,-5,-2,-2
0,1,39327,39330,117981,117982,117983,117986,117987,117988,235963,235964,235965,235966,235967,235970,235971,235972,235973,235974,1,-1,2,-2,1,3,1,-1,-3,-1,2,2,5,2,2,-2,-2,-5,-2,-2
0,1,39329,39332,117987,117988,117989,117992,117993,117994,235975,235976,235977,235978,235979,235982,235983,235984,235985,235986,1,-1,2,-2,1,3,1,-1,-3,-1,2,2,5,2,2,-2,-2,-5,-2,-2
0,1,39331,39334,117993,117994,117995,117998,117999,118000,235987,235988,235989,235990,235991,235994,235995,235996,235997,235998,1,-1,2,-2,1,3,1,-1,-3,-1,2,2,5,2,2,-2,-2,-5,-2,-2
0,1,39333,39336,117999,118000,118001,118004,118005,118006,235999,236000,236001,236002,236003,236006,236007,236008,236009,236010,1,-1,2,-2,1,3,1,-1,-3,-1,2,2,5,2,2,-2,-2,-5,-2,-2
0,1,39335,39338,118005,118006,118007,118010,118011,118012,236011,236012,236013,236014,236015,236018,236019,236020,236021,236022,1,-1,2,-2,1,3,1,-1,-3,-1,2,2,5,2,2,-2,-2,-5,-2,-2
0,1,39337,39340,118011,118012,118013,118016,118017,118018,236023,236024,236025,236026,236027,236030,236031,236032,236033,236034,1,-1,2,-2,1,3,1,-1,-3,-1,2,2,5,2,2,-2,-2,-5,-2,-2
0,1,39339,39342,118017,118018,118019,118022,118023,118024,236035,236036,236037,236038,236039,236042,236043,236044,236045,236046,1,-1,2,-2,1,3,1,-1,-3,-1,2,2,5,2,2,-2,-2,-5,-2,-2
0,1,39341,39344,118023,118024,118025,118028,118029,118030,236047,236048,236049,236050,236051,236054,236055,236056,236057,236058,1,-1,2,-2,1,3,1,-1,-3,-1,2,2,5,2,2,-2,-2,-5,-2,-2
0,1,39343,39346,118029,118030,118031,118034,118035,118036,236059,236060,236061,236062,236063,236066,236067,236068,236069,236070,1,-1,2,-2,1,3,1,-1,-3,-1,2,2,5,2,2,-2,-2,-5,-2,-2
0,1,39345,39348,118035,118036,118037,118040,118041,118042,236071,236072,236073,236074,236075,236078,236079,236080,236081,236082,1,-1,2,-2,1,3,1,-1,-3,-1,2,2,5,2,2,-2,-2,-5,-2,-2
0,1,39347,39350,118041,118042,118043,118046,118047,118048,236083,236084,236085,236086,236087,236090,236091,236092,236093,236094,1,-1,2,-2,1,3,1,-1,-3,-1,2,2,5,2,2,-2,-2,-5,-2,-2
0,1,39349,39352,118047,118048,118049,118052,118053,118054,236095,236096,236097,236098,236099,236102,236103,236104,236105,236106,1,-1,2,-2,1,3,1,-1,-3,-1,2,2,5,2,2,-2,-2,-5,-2,-2
0,1,39351,39354,118053,118054,118055,118058,118059,118060,236107,236108,236109,236110,236111,236114,236115,236116,236117,236118,1,-1,2,-2,1,3,1,-1,-3,-1,2,2,5,2,2,-2,-2,-5,-2,-2
0,1,39353,39356,118059,118060,118061,118064,118065,118066,236119,236120,236121,236122,236123,236126,236127,236128,236129,236130,1,-1,2,-2,1,3,1,-1,-3,-1,2,2,5,2,2,-2,-2,-5,-2,-2
0,1,39355,39358,118065,118066,118067,118070,118071,118072,236131,236132,236133,236134,236135,236138,236139,236140,236141,236142,1,-1,2,-2,1,3,1,-1,-3,-1,2,2,5,2,2,-2,-2,-5,-2,-2
0,1,39357,39360,118071,118072,118073,118076,118077,118078,236143,236144,236145,236146,236147,236150,236151,236152,236153,236154,1,-1,2,-2,1,3,1,-1,-3,-1,2,2,5,2,2,-2,-2,-5,-2,-2
0,1,39359,39362,118077,118078,118079,118082,118083,118084,236155,236156,236157,236158,236159,236162,236163,236164,236165,236166,1,-1,2,-2,1,3,1,-1,-3,-1,2,2,5,2,2,-2,-2,-5,-2,-2
0,1,39361,39364,118083,118084,118085,118088,118089,118090,236167,236168,236169,236170,236171,236174,236175,236176,236177,236178,1,-1,2,-2,1,3,1,-1,-3,-1,2,2,5,2,2,-2,-2,-5,-2,-2
0,1,39363,39366,118089,118090,118091,118094,118095,118096,236179,236180,236181,236182,236183,236186,236187,236188,236189,236190,1,-1,2,-2,1,3,1,-1,-3,-1,2,2,5,2,2,-2,-2,-5,-2,-2
0,1,39365,39368,118095,118096,118097,118100,118101,118102,236191,236192,236193,236194,236195,236198,236199,236200,236201,236202,1,-1,2,-2,1,3,1,-1,-3,-1,2,2,5,2,2,-2,-2,-5,-2,-2
0,1,39367,39370,118101,118102,118103,118106,118107,118108,236203,236204,236205,236206,236207,236210,236211,236212,236213,236214,1,-1,2,-2,1,3,1,-1,-3,-1,2,2,5,2,2,-2,-2,-5,-2,-2
0,1,39369,39372,118107,118108,118109,118112,118113,118114,236215,236216,236217,236218,236219,236222,236223,236224,236225,236226,1,-1,2,-2,1,3,1,-1,-3,-1,2,2,5,2,2,-2,-2,-5,-2,-2
0,1,39371,39374,118113,118114,118115,118118,118119,118120,236227,236228,236229,236230,236231,236234,236235,236236,236237,236238,1,-1,2,-2,1,3,1,-1,-3,-1,2,2,5,2,2,-2,-2,-5,-2,-2
0,1,39373,39376,118119,118120,118121,118124,118125,118126,236239,236240,236241,236242,236243,236246,236247,236248,236249,236250,1,-1,2,-2,1,3,1,-1,-3,-1,2,2,5,2,2,-2,-2,-5,-2,-2
0,1,39375,39378,118125,118126,118127,118130,118131,118132,236251,236252,236253,236254,236255,236258,236259,236260,236261,236262,1,-1,2,-2,1,3,1,-1,-3,-1,2,2,5,2,2,-2,-2,-5,-2,-2
0,1,39377,39380,118131,118132,118133,118136,118137,118138,236263,236264,236265,236266,236267,236270,236271,236272,236273,236274,1,-1,2,-2,1,3,1,-1,-3,-1,2,2,5,2,2,-2,-2,-5,-2,-2
0,1,39379,39382,118137,118138,118139,118142,118143,118144,236275,236276,236277,236278,236279,236282,236283,236284,236285,236286,1,-1,2,-2,1,3,1,-1,-3,-1,2,2,5,2,2,-2,-2,-5,-2,-2
0,1,39381,39384,118143,118144,118145,118148,118149,118150,236287,236288,236289,236290,236291,236294,236295,236296,236297,236298,1,-1,2,-2,1,3,1,-1,-3,-1,2,2,5,2,2,-2,-2,-5,-2,-2
0,1,39383,39386,118149,118150,118151,118154,118155,118156,236299,236300,236301,236302,236303,236306,236307,236308,236309,236310,1,-1,2,-2,1,3,1,-1,-3,-1,2,2,5,2,2,-2,-2,-5,-2,-2
0,1,39385,39388,118155,118156,118157,118160,118161,118162,236311,236312,236313,236314,236315,236318,236319,236320,236321,236322,1,-1,2,-2,1,3,1,-1,-3,-1,2,2,5,2,2,-2,-2,-5,-2,-2
0,1,39387,39390,118161,118162,118163,118166,118167,118168,236323,236324,236325,236326,236327,236330,236331,236332,236333,236334,1,-1,2,-2,1,3,1,-1,-3,-1,2,2,5,2,2,-2,-2,-5,-2,-2
0,1,39389,39392,118167,118168,118169,118172,118173,118174,236335,236336,236337,236338,236339,236342,236343,236344,236345,236346,1,-1,2,-2,1,3,1,-1,-3,-1,2,2,5,2,2,-2,-2,-5,-2,-2
0,1,39391,39394,118173,118174,118175,118178,118179,118180,236347,236348,236349,236350,236351,236354,236355,236356,236357,236358,1,-1,2,-2,1,3,1,-1,-3,-1,2,2,5,2,2,-2,-2,-5,-2,-2
0,1,39393,39396,118179,118180,118181,118184,118185,118186,236359,236360,236361,236362,236363,236366,236367,236368,236369,236370,1,-1,2,-2,1,3,1,-1,-3,-1,2,2,5,2,2,-2,-2,-5,-2,-2
0,1,39395,39398,118185,118186,118187,118190,118191,118192,236371,236372,236373,236374,236375,236378,236379,236380,236381,236382,1,-1,2,-2,1,3,1,-1,-3,-1,2,2,5,2,2,-2,-2,-5,-2,-2
0,1,39397,39400,118191,118192,118193,118196,118197,118198,236383,236384,236385,236386,236387,236390,236391,236392,236393,236394,1,-1,2,-2,1,3,1,-1,-3,-1,2,2,5,2,2,-2,-2,-5,-2,-2
0,1,39399,39402,118197,118198,118199,118202,118203,118204,236395,236396,236397,236398,236399,236402,236403,236404,236405,236406,1,-1,2,-2,1,3,1,-1,-3,-1,2,2,5,2,2,-2,-2,-5,-2,-2
0,1,39401,39404,118203,118204,118205,118208,118209,118210,236407,236408,236409,236410,236411,236414,236415,236416,236417,236418,1,-1,2,-2,1,3,1,-1,-3,-1,2,2,5,2,2,-2,-2,-5,-2,-2
0,1,39403,39406,118209,118210,118211,118214,118215,118216,236419,236420,236421,236422,236423,236426,236427,236428,236429,236430,1,-1,2,-2,1,3,1,-1,-3,-1,2,2,5,2,2,-2,-2,-5,-2,-2
0,1,39405,39408,118215,118216,118217,118220,118221,118222,236431,236432,236433,236434,236435,236438,236439,236440,236441,236442,1,-1,2,-2,1,3,1,-1,-3,-1,2,2,5,2,2,-2,-2,-5,-2,-2
0,1,39407,39410,118221,118222,118223,118226,118227,118228,236443,236444,236445,236446,236447,236450,236451,236452,236453,236454,1,-1,2,-2,1,3,1,-1,-3,-1,2,2,5,2,2,-2,-2,-5,-2,-2
0,1,39409,39412,118227,118228,118229,118232,118233,118234,236455,236456,236457,236458,236459,236462,236463,236464,236465,236466,1,-1,2,-2,1,3,1,-1,-3,-1,2,2,5,2,2,-2,-2,-5,-2,-2
0,1,39411,39414,118233,118234,118235,118238,118239,118240,236467,236468,236469,236470,236471,236474,236475,236476,236477,236478,1,-1,2,-2,1,3,1,-1,-3,-1,2,2,5,2,2,-2,-2,-5,-2,-2
0,1,39413,39416,118239,118240,118241,118244,118245,118246,236479,236480,236481,236482,236483,236486,236487,236488,236489,236490,1,-1,2,-2,1,3,1,-1,-3,-1,2,2,5,2,2,-2,-2,-5,-2,-2
0,1,39415,39418,118245,118246,118247,118250,118251,118252,236491,236492,236493,236494,236495,236498,236499,236500,236501,236502,1,-1,2,-2,1,3,1,-1,-3,-1,2,2,5,2,2,-2,-2,-5,-2,-2
0,1,39417,39420,118251,118252,118253,118256,118257,118258,236503,236504,236505,236506,236507,236510,236511,236512,236513,236514,1,-1,2,-2,1,3,1,-1,-3,-1,2,2,5,2,2,-2,-2,-5,-2,-2
0,1,39419,39422,118257,118258,118259,118262,118263,118264,236515,236516,236517,236518,236519,236522,236523,236524,236525,236526,1,-1,2,-2,1,3,1,-1,-3,-1,2,2,5,2,2,-2,-2,-5,-2,-2
0,1,39421,39424,118263,118264,118265,118268,118269,118270,236527,236528,236529,236530,236531,236534,236535,236536,236537,236538,1,-1,2,-2,1,3,1,-1,-3,-1,2,2,5,2,2,-2,-2,-5,-2,-2
0,1,39423,39426,118269,118270,118271,118274,118275,118276,236539,236540,236541,236542,236543,236546,236547,236548,236549,236550,1,-1,2,-2,1,3,1,-1,-3,-1,2,2,5,2,2,-2,-2,-5,-2,-2
0,1,39425,39428,118275,118276,118277,118280,118281,118282,236551,236552,236553,236554,236555,236558,236559,236560,236561,236562,1,-1,2,-2,1,3,1,-1,-3,-1,2,2,5,2,2,-2,-2,-5,-2,-2
0,1,39427,39430,118281,118282,118283,118286,118287,118288,236563,236564,236565,236566,236567,236570,236571,236572,236573,236574,1,-1,2,-2,1,3,1,-1,-3,-1,2,2,5,2,2,-2,-2,-5,-2,-2
0,1,39429,39432,118287,118288,118289,118292,118293,118294,236575,236576,236577,236578,236579,236582,236583,236584,236585,236586,1,-1,2,-2,1,3,1,-1,-3,-1,2,2,5,2,2,-2,-2,-5,-2,-2
0,1,39431,39434,118293,118294,118295,118298,118299,118300,236587,236588,236589,236590,236591,236594,236595,236596,236597,236598,1,-1,2,-2,1,3,1,-1,-3,-1,2,2,5,2,2,-2,-2,-5,-2,-2
0,1,39433,39436,118299,118300,118301,118304,118305,118306,236599,236600,236601,236602,236603,236606,236607,236608,236609,236610,1,-1,2,-2,1,3,1,-1,-3,-1,2,2,5,2,2,-2,-2,-5,-2,-2
0,1,39435,39438,118305,118306,118307,118310,118311,118312,236611,236612,236613,236614,236615,236618,236619,236620,236621,236622,1,-1,2,-2,1,3,1,-1,-3,-1,2,2,5,2,2,-2,-2,-5,-2,-2
0,1,39437,39440,118311,118312,118313,118316,118317,118318,236623,236624,236625,236626,236627,236630,236631,236632,236633,236634,1,-1,2,-2,1,3,1,-1,-3,-1,2,2,5,2,2,-2,-2,-5,-2,-2
0,1,39439,39442,118317,118318,118319,118322,118323,118324,236635,236636,236637,236638,236639,236642,236643,236644,236645,236646,1,-1,2,-2,1,3,1,-1,-3,-1,2,2,5,2,2,-2,-2,-5,-2,-2
0,1,39441,39444,118323,118324,118325,118328,118329,118330,236647,236648,236649,236650,236651,236654,236655,236656,236657,236658,1,-1,2,-2,1,3,1,-1,-3,-1,2,2,5,2,2,-2,-2,-5,-2,-2
0,1,39443,39446,118329,118330,118331,118334,118335,118336,236659,236660,236661,236662,236663,236666,236667,236668,236669,236670,1,-1,2,-2,1,3,1,-1,-3,-1,2,2,5,2,2,-2,-2,-5,-2,-2
0,1,39445,39448,118335,118336,118337,118340,118341,118342,236671,236672,236673,236674,236675,236678,236679,236680,236681,236682,1,-1,2,-2,1,3,1,-1,-3,-1,2,2,5,2,2,-2,-2,-5,-2,-2
0,1,39447,39450,118341,118342,118343,118346,118347,118348,236683,236684,236685,236686,236687,236690,236691,236692,236693,236694,1,-1,2,-2,1,3,1,-1,-3,-1,2,2,5,2,2,-2,-2,-5,-2,-2
0,1,39449,39452,118347,118348,118349,118352,118353,118354,236695,236696,236697,236698,236699,236702,236703,236704,236705,236706,1,-1,2,-2,1,3,1,-1,-3,-1,2,2,5,2,2,-2,-2,-5,-2,-2
0,1,39451,39454,118353,118354,118355,118358,118359,118360,236707,236708,236709,236710,236711,236714,236715,236716,236717,236718,1,-1,2,-2,1,3,1,-1,-3,-1,2,2,5,2,2,-2,-2,-5,-2,-2
0,1,39453,39456,118359,118360,118361,118364,118365,118366,236719,236720,236721,236722,236723,236726,236727,236728,236729,236730,1,-1,2,-2,1,3,1,-1,-3,-1,2,2,5,2,2,-2,-2,-5,-2,-2
0,1,39455,39458,118365,118366,118367,118370,118371,118372,236731,236732,236733,236734,236735,236738,236739,236740,236741,236742,1,-1,2,-2,1,3,1,-1,-3,-1,2,2,5,2,2,-2,-2,-5,-2,-2
0,1,39457,39460,118371,118372,118373,118376,118377,118378,236743,236744,236745,236746,236747,236750,236751,236752,236753,236754,1,-1,2,-2,1,3,1,-1,-3,-1,2,2,5,2,2,-2,-2,-5,-2,-2
0,1,39459,39462,118377,118378,118379,118382,118383,118384,236755,236756,236757,236758,236759,236762,236763,236764,236765,236766,1,-1,2,-2,1,3,1,-1,-3,-1,2,2,5,2,2,-2,-2,-5,-2,-2
0,1,39461,39464,118383,118384,118385,118388,118389,118390,236767,236768,236769,236770,236771,236774,236775,236776,236777,236778,1,-1,2,-2,1,3,1,-1,-3,-1,2,2,5,2,2,-2,-2,-5,-2,-2
0,1,39463,39466,118389,118390,118391,118394,118395,118396,236779,236780,236781,236782,236783,236786,236787,236788,236789,236790,1,-1,2,-2,1,3,1,-1,-3,-1,2,2,5,2,2,-2,-2,-5,-2,-2
0,1,39465,39468,118395,118396,118397,118400,118401,118402,236791,236792,236793,236794,236795,236798,236799,236800,236801,236802,1,-1,2,-2,1,3,1,-1,-3,-1,2,2,5,2,2,-2,-2,-5,-2,-2
0,1,39467,39470,118401,118402,118403,118406,118407,118408,236803,236804,236805,236806,236807,236810,236811,236812,236813,236814,1,-1,2,-2,1,3,1,-1,-3,-1,2,2,5,2,2,-2,-2,-5,-2,-2
0,1,39469,39472,118407,118408,118409,118412,118413,118414,236815,236816,236817,236818,236819,236822,236823,236824,236825,236826,1,-1,2,-2,1,3,1,-1,-3,-1,2,2,5,2,2,-2,-2,-5,-2,-2
0,1,39471,39474,118413,118414,118415,118418,118419,118420,236827,236828,236829,236830,236831,236834,236835,236836,236837,236838,1,-1,2,-2,1,3,1,-1,-3,-1,2,2,5,2,2,-2,-2,-5,-2,-2
0,1,39473,39476,118419,118420,118421,118424,118425,118426,236839,236840,236841,236842,236843,236846,236847,236848,236849,236850,1,-1,2,-2,1,3,1,-1,-3,-1,2,2,5,2,2,-2,-2,-5,-2,-2
0,1,39475,39478,118425,118426,118427,118430,118431,118432,236851,236852,236853,236854,236855,236858,236859,236860,236861,236862,1,-1,2,-2,1,3,1,-1,-3,-1,2,2,5,2,2,-2,-2,-5,-2,-2
0,1,39477,39480,118431,118432,118433,118436,118437,118438,236863,236864,236865,236866,236867,236870,236871,236872,236873,236874,1,-1,2,-2,1,3,1,-1,-3,-1,2,2,5,2,2,-2,-2,-5,-2,-2
0,1,39479,39482,118437,118438,118439,118442,118443,118444,236875,236876,236877,236878,236879,236882,236883,236884,236885,236886,1,-1,2,-2,1,3,1,-1,-3,-1,2,2,5,2,2,-2,-2,-5,-2,-2
0,1,39481,39484,118443,118444,118445,118448,118449,118450,236887,236888,236889,236890,236891,236894,236895,236896,236897,236898,1,-1,2,-2,1,3,1,-1,-3,-1,2,2,5,2,2,-2,-2,-5,-2,-2
0,1,39483,39486,118449,118450,118451,118454,118455,118456,236899,236900,236901,236902,236903,236906,236907,236908,236909,236910,1,-1,2,-2,1,3,1,-1,-3,-1,2,2,5,2,2,-2,-2,-5,-2,-2
0,1,39485,39488,118455,118456,118457,118460,118461,118462,236911,236912,236913,236914,236915,236918,236919,236920,236921,236922,1,-1,2,-2,1,3,1,-1,-3,-1,2,2,5,2,2,-2,-2,-5,-2,-2
0,1,39487,39490,118461,118462,118463,118466,118467,118468,236923,236924,236925,236926,236927,236930,236931,236932,236933,236934,1,-1,2,-2,1,3,1,-1,-3,-1,2,2,5,2,2,-2,-2,-5,-2,-2
0,1,39489,39492,118467,118468,118469,118472,118473,118474,236935,236936,236937,236938,236939,236942,236943,236944,236945,236946,1,-1,2,-2,1,3,1,-1,-3,-1,2,2,5,2,2,-2,-2,-5,-2,-2
0,1,39491,39494,118473,118474,118475,118478,118479,118480,236947,236948,236949,236950,236951,236954,236955,236956,236957,236958,1,-1,2,-2,1,3,1,-1,-3,-1,2,2,5,2,2,-2,-2,-5,-2,-2
0,1,39493,39496,118479,118480,118481,118484,118485,118486,236959,236960,236961,236962,236963,236966,236967,236968,236969,236970,1,-1,2,-2,1,3,1,-1,-3,-1,2,2,5,2,2,-2,-2,-5,-2,-2
0,1,39495,39498,118485,118486,118487,118490,118491,118492,236971,236972,236973,236974,236975,236978,236979,236980,236981,236982,1,-1,2,-2,1,3,1,-1,-3,-1,2,2,5,2,2,-2,-2,-5,-2,-2
0,1,39497,39500,118491,118492,118493,118496,118497,118498,236983,236984,236985,236986,236987,236990,236991,236992,236993,236994,1,-1,2,-2,1,3,1,-1,-3,-1,2,2,5,2,2,-2,-2,-5,-2,-2
0,1,39499,39502,118497,118498,118499,118502,118503,118504,236995,236996,236997,236998,236999,237002,237003,237004,237005,237006,1,-1,2,-2,1,3,1,-1,-3,-1,2,2,5,2,2,-2,-2,-5,-2,-2
0,1,39501,39504,118503,118504,118505,118508,118509,118510,237007,237008,237009,237010,237011,237014,237015,237016,237017,237018,1,-1,2,-2,1,3,1,-1,-3,-1,2,2,5,2,2,-2,-2,-5,-2,-2
0,1,39503,39506,118509,118510,118511,118514,118515,118516,237019,237020,237021,237022,237023,237026,237027,237028,237029,237030,1,-1,2,-2,1,3,1,-1,-3,-1,2,2,5,2,2,-2,-2,-5,-2,-2
0,1,39505,39508,118515,118516,118517,118520,118521,118522,237031,237032,237033,237034,237035,237038,237039,237040,237041,237042,1,-1,2,-2,1,3,1,-1,-3,-1,2,2,5,2,2,-2,-2,-5,-2,-2
0,1,39507,39510,118521,118522,118523,118526,118527,118528,237043,237044,237045,237046,237047,237050,237051,237052,237053,237054,1,-1,2,-2,1,3,1,-1,-3,-1,2,2,5,2,2,-2,-2,-5,-2,-2
0,1,39509,39512,118527,118528,118529,118532,118533,118534,237055,237056,237057,237058,237059,237062,237063,237064,237065,237066,1,-1,2,-2,1,3,1,-1,-3,-1,2,2,5,2,2,-2,-2,-5,-2,-2
0,1,39511,39514,118533,118534,118535,118538,118539,118540,237067,237068,237069,237070,237071,237074,237075,237076,237077,237078,1,-1,2,-2,1,3,1,-1,-3,-1,2,2,5,2,2,-2,-2,-5,-2,-2
0,1,39513,39516,118539,118540,118541,118544,118545,118546,237079,237080,237081,237082,237083,237086,237087,237088,237089,237090,1,-1,2,-2,1,3,1,-1,-3,-1,2,2,5,2,2,-2,-2,-5,-2,-2
0,1,39515,39518,118545,118546,118547,118550,118551,118552,237091,237092,237093,237094,237095,237098,237099,237100,237101,237102,1,-1,2,-2,1,3,1,-1,-3,-1,2,2,5,2,2,-2,-2,-5,-2,-2
0,1,39517,39520,118551,118552,118553,118556,118557,118558,237103,237104,237105,237106,237107,237110,237111,237112,237113,237114,1,-1,2,-2,1,3,1,-1,-3,-1,2,2,5,2,2,-2,-2,-5,-2,-2
0,1,39519,39522,118557,118558,118559,118562,118563,118564,237115,237116,237117,237118,237119,237122,237123,237124,237125,237126,1,-1,2,-2,1,3,1,-1,-3,-1,2,2,5,2,2,-2,-2,-5,-2,-2
0,1,39521,39524,118563,118564,118565,118568,118569,118570,237127,237128,237129,237130,237131,237134,237135,237136,237137,237138,1,-1,2,-2,1,3,1,-1,-3,-1,2,2,5,2,2,-2,-2,-5,-2,-2
0,1,39523,39526,118569,118570,118571,118574,118575,118576,237139,237140,237141,237142,237143,237146,237147,237148,237149,237150,1,-1,2,-2,1,3,1,-1,-3,-1,2,2,5,2,2,-2,-2,-5,-2,-2
0,1,39525,39528,118575,118576,118577,118580,118581,118582,237151,237152,237153,237154,237155,237158,237159,237160,237161,237162,1,-1,2,-2,1,3,1,-1,-3,-1,2,2,5,2,2,-2,-2,-5,-2,-2
0,1,39527,39530,118581,118582,118583,118586,118587,118588,237163,237164,237165,237166,237167,237170,237171,237172,237173,237174,1,-1,2,-2,1,3,1,-1,-3,-1,2,2,5,2,2,-2,-2,-5,-2,-2
0,1,39529,39532,118587,118588,118589,118592,118593,118594,237175,237176,237177,237178,237179,237182,237183,237184,237185,237186,1,-1,2,-2,1,3,1,-1,-3,-1,2,2,5,2,2,-2,-2,-5,-2,-2
0,1,39531,39534,118593,118594,118595,118598,118599,118600,237187,237188,237189,237190,237191,237194,237195,237196,237197,237198,1,-1,2,-2,1,3,1,-1,-3,-1,2,2,5,2,2,-2,-2,-5,-2,-2
0,1,39533,39536,118599,118600,118601,118604,118605,118606,237199,237200,237201,237202,237203,237206,237207,237208,237209,237210,1,-1,2,-2,1,3,1,-1,-3,-1,2,2,5,2,2,-2,-2,-5,-2,-2
0,1,39535,39538,118605,118606,118607,118610,118611,118612,237211,237212,237213,237214,237215,237218,237219,237220,237221,237222,1,-1,2,-2,1,3,1,-1,-3,-1,2,2,5,2,2,-2,-2,-5,-2,-2
0,1,39537,39540,118611,118612,118613,118616,118617,118618,237223,237224,237225,237226,237227,237230,237231,237232,237233,237234,1,-1,2,-2,1,3,1,-1,-3,-1,2,2,5,2,2,-2,-2,-5,-2,-2
0,1,39539,39542,118617,118618,118619,118622,118623,118624,237235,237236,237237,237238,237239,237242,237243,237244,237245,237246,1,-1,2,-2,1,3,1,-1,-3,-1,2,2,5,2,2,-2,-2,-5,-2,-2
0,1,39541,39544,118623,118624,118625,118628,118629,118630,237247,237248,237249,237250,237251,237254,237255,237256,237257,237258,1,-1,2,-2,1,3,1,-1,-3,-1,2,2,5,2,2,-2,-2,-5,-2,-2
0,1,39543,39546,118629,118630,118631,118634,118635,118636,237259,237260,237261,237262,237263,237266,237267,237268,237269,237270,1,-1,2,-2,1,3,1,-1,-3,-1,2,2,5,2,2,-2,-2,-5,-2,-2
0,1,39545,39548,118635,118636,118637,118640,118641,118642,237271,237272,237273,237274,237275,237278,237279,237280,237281,237282,1,-1,2,-2,1,3,1,-1,-3,-1,2,2,5,2,2,-2,-2,-5,-2,-2
0,1,39547,39550,118641,118642,118643,118646,118647,118648,237283,237284,237285,237286,237287,237290,237291,237292,237293,237294,1,-1,2,-2,1,3,1,-1,-3,-1,2,2,5,2,2,-2,-2,-5,-2,-2
0,1,39549,39552,118647,118648,118649,118652,118653,118654,237295,237296,237297,237298,237299,237302,237303,237304,237305,237306,1,-1,2,-2,1,3,1,-1,-3,-1,2,2,5,2,2,-2,-2,-5,-2,-2
0,1,39551,39554,118653,118654,118655,118658,118659,118660,237307,237308,237309,237310,237311,237314,237315,237316,237317,237318,1,-1,2,-2,1,3,1,-1,-3,-1,2,2,5,2,2,-2,-2,-5,-2,-2
0,1,39553,39556,118659,118660,118661,118664,118665,118666,237319,237320,237321,237322,237323,237326,237327,237328,237329,237330,1,-1,2,-2,1,3,1,-1,-3,-1,2,2,5,2,2,-2,-2,-5,-2,-2
0,1,39555,39558,118665,118666,118667,118670,118671,118672,237331,237332,237333,237334,237335,237338,237339,237340,237341,237342,1,-1,2,-2,1,3,1,-1,-3,-1,2,2,5,2,2,-2,-2,-5,-2,-2
0,1,39557,39560,118671,118672,118673,118676,118677,118678,237343,237344,237345,237346,237347,237350,237351,237352,237353,237354,1,-1,2,-2,1,3,1,-1,-3,-1,2,2,5,2,2,-2,-2,-5,-2,-2
0,1,39559,39562,118677,118678,118679,118682,118683,118684,237355,237356,237357,237358,237359,237362,237363,237364,237365,237366,1,-1,2,-2,1,3,1,-1,-3,-1,2,2,5,2,2,-2,-2,-5,-2,-2
0,1,39561,39564,118683,118684,118685,118688,118689,118690,237367,237368,237369,237370,237371,237374,237375,237376,237377,237378,1,-1,2,-2,1,3,1,-1,-3,-1,2,2,5,2,2,-2,-2,-5,-2,-2
0,1,39563,39566,118689,118690,118691,118694,118695,118696,237379,237380,237381,237382,237383,237386,237387,237388,237389,237390,1,-1,2,-2,1,3,1,-1,-3,-1,2,2,5,2,2,-2,-2,-5,-2,-2
0,1,39565,39568,118695,118696,118697,118700,118701,118702,237391,237392,237393,237394,237395,237398,237399,237400,237401,237402,1,-1,2,-2,1,3,1,-1,-3,-1,2,2,5,2,2,-2,-2,-5,-2,-2
0,1,39567,39570,118701,118702,118703,118706,118707,118708,237403,237404,237405,237406,237407,237410,237411,237412,237413,237414,1,-1,2,-2,1,3,1,-1,-3,-1,2,2,5,2,2,-2,-2,-5,-2,-2
0,1,39569,39572,118707,118708,118709,118712,118713,118714,237415,237416,237417,237418,237419,237422,237423,237424,237425,237426,1,-1,2,-2,1,3,1,-1,-3,-1,2,2,5,2,2,-2,-2,-5,-2,-2
0,1,39571,39574,118713,118714,118715,118718,118719,118720,237427,237428,237429,237430,237431,237434,237435,237436,237437,237438,1,-1,2,-2,1,3,1,-1,-3,-1,2,2,5,2,2,-2,-2,-5,-2,-2
0,1,39573,39576,118719,118720,118721,118724,118725,118726,237439,237440,237441,237442,237443,237446,237447,237448,237449,237450,1,-1,2,-2,1,3,1,-1,-3,-1,2,2,5,2,2,-2,-2,-5,-2,-2
0,1,39575,39578,118725,118726,118727,118730,118731,118732,237451,237452,237453,237454,237455,237458,237459,237460,237461,237462,1,-1,2,-2,1,3,1,-1,-3,-1,2,2,5,2,2,-2,-2,-5,-2,-2
0,1,39577,39580,118731,118732,118733,118736,118737,118738,237463,237464,237465,237466,237467,237470,237471,237472,237473,237474,1,-1,2,-2,1,3,1,-1,-3,-1,2,2,5,2,2,-2,-2,-5,-2,-2
0,1,39579,39582,118737,118738,118739,118742,118743,118744,237475,237476,237477,237478,237479,237482,237483,237484,237485,237486,1,-1,2,-2,1,3,1,-1,-3,-1,2,2,5,2,2,-2,-2,-5,-2,-2
0,1,39581,39584,118743,118744,118745,118748,118749,118750,237487,237488,237489,237490,237491,237494,237495,237496,237497,237498,1,-1,2,-2,1,3,1,-1,-3,-1,2,2,5,2,2,-2,-2,-5,-2,-2
0,1,39583,39586,118749,118750,118751,118754,118755,118756,237499,237500,237501,237502,237503,237506,237507,237508,237509,237510,1,-1,2,-2,1,3,1,-1,-3,-1,2,2,5,2,2,-2,-2,-5,-2,-2
0,1,39585,39588,118755,118756,118757,118760,118761,118762,237511,237512,237513,237514,237515,237518,237519,237520,237521,237522,1,-1,2,-2,1,3,1,-1,-3,-1,2,2,5,2,2,-2,-2,-5,-2,-2
0,1,39587,39590,118761,118762,118763,118766,118767,118768,237523,237524,237525,237526,237527,237530,237531,237532,237533,237534,1,-1,2,-2,1,3,1,-1,-3,-1,2,2,5,2,2,-2,-2,-5,-2,-2
0,1,39589,39592,118767,118768,118769,118772,118773,118774,237535,237536,237537,237538,237539,237542,237543,237544,237545,237546,1,-1,2,-2,1,3,1,-1,-3,-1,2,2,5,2,2,-2,-2,-5,-2,-2
0,1,39591,39594,118773,118774,118775,118778,118779,118780,237547,237548,237549,237550,237551,237554,237555,237556,237557,237558,1,-1,2,-2,1,3,1,-1,-3,-1,2,2,5,2,2,-2,-2,-5,-2,-2
0,1,39593,39596,118779,118780,118781,118784,118785,118786,237559,237560,237561,237562,237563,237566,237567,237568,237569,237570,1,-1,2,-2,1,3,1,-1,-3,-1,2,2,5,2,2,-2,-2,-5,-2,-2
0,1,39595,39598,118785,118786,118787,118790,118791,118792,237571,237572,237573,237574,237575,237578,237579,237580,237581,237582,1,-1,2,-2,1,3,1,-1,-3,-1,2,2,5,2,2,-2,-2,-5,-2,-2
0,1,39597,39600,118791,118792,118793,118796,118797,118798,237583,237584,237585,237586,237587,237590,237591,237592,237593,237594,1,-1,2,-2,1,3,1,-1,-3,-1,2,2,5,2,2,-2,-2,-5,-2,-2
0,1,39599,39602,118797,118798,118799,118802,118803,118804,237595,237596,237597,237598,237599,237602,237603,237604,237605,237606,1,-1,2,-2,1,3,1,-1,-3,-1,2,2,5,2,2,-2,-2,-5,-2,-2
0,1,39601,39604,118803,118804,118805,118808,118809,118810,237607,237608,237609,237610,237611,237614,237615,237616,237617,237618,1,-1,2,-2,1,3,1,-1,-3,-1,2,2,5,2,2,-2,-2,-5,-2,-2
0,1,39603,39606,118809,118810,118811,118814,118815,118816,237619,237620,237621,237622,237623,237626,237627,237628,237629,237630,1,-1,2,-2,1,3,1,-1,-3,-1,2,2,5,2,2,-2,-2,-5,-2,-2
0,1,39605,39608,118815,118816,118817,118820,118821,118822,237631,237632,237633,237634,237635,237638,237639,237640,237641,237642,1,-1,2,-2,1,3,1,-1,-3,-1,2,2,5,2,2,-2,-2,-5,-2,-2
0,1,39607,39610,118821,118822,118823,118826,118827,118828,237643,237644,237645,237646,237647,237650,237651,237652,237653,237654,1,-1,2,-2,1,3,1,-1,-3,-1,2,2,5,2,2,-2,-2,-5,-2,-2
0,1,39609,39612,118827,118828,118829,118832,118833,118834,237655,237656,237657,237658,237659,237662,237663,237664,237665,237666,1,-1,2,-2,1,3,1,-1,-3,-1,2,2,5,2,2,-2,-2,-5,-2,-2
0,1,39611,39614,118833,118834,118835,118838,118839,118840,237667,237668,237669,237670,237671,237674,237675,237676,237677,237678,1,-1,2,-2,1,3,1,-1,-3,-1,2,2,5,2,2,-2,-2,-5,-2,-2
0,1,39613,39616,118839,118840,118841,118844,118845,118846,237679,237680,237681,237682,237683,237686,237687,237688,237689,237690,1,-1,2,-2,1,3,1,-1,-3,-1,2,2,5,2,2,-2,-2,-5,-2,-2
0,1,39615,39618,118845,118846,118847,118850,118851,118852,237691,237692,237693,237694,237695,237698,237699,237700,237701,237702,1,-1,2,-2,1,3,1,-1,-3,-1,2,2,5,2,2,-2,-2,-5,-2,-2
0,1,39617,39620,118851,118852,118853,118856,118857,118858,237703,237704,237705,237706,237707,237710,237711,237712,237713,237714,1,-1,2,-2,1,3,1,-1,-3,-1,2,2,5,2,2,-2,-2,-5,-2,-2
0,1,39619,39622,118857,118858,118859,118862,118863,118864,237715,237716,237717,237718,237719,237722,237723,237724,237725,237726,1,-1,2,-2,1,3,1,-1,-3,-1,2,2,5,2,2,-2,-2,-5,-2,-2
0,1,39621,39624,118863,118864,118865,118868,118869,118870,237727,237728,237729,237730,237731,237734,237735,237736,237737,237738,1,-1,2,-2,1,3,1,-1,-3,-1,2,2,5,2,2,-2,-2,-5,-2,-2
0,1,39623,39626,118869,118870,118871,118874,118875,118876,237739,237740,237741,237742,237743,237746,237747,237748,237749,237750,1,-1,2,-2,1,3,1,-1,-3,-1,2,2,5,2,2,-2,-2,-5,-2,-2
0,1,39625,39628,118875,118876,118877,118880,118881,118882,237751,237752,237753,237754,237755,237758,237759,237760,237761,237762,1,-1,2,-2,1,3,1,-1,-3,-1,2,2,5,2,2,-2,-2,-5,-2,-2
0,1,39627,39630,118881,118882,118883,118886,118887,118888,237763,237764,237765,237766,237767,237770,237771,237772,237773,237774,1,-1,2,-2,1,3,1,-1,-3,-1,2,2,5,2,2,-2,-2,-5,-2,-2
0,1,39629,39632,118887,118888,118889,118892,118893,118894,237775,237776,237777,237778,237779,237782,237783,237784,237785,237786,1,-1,2,-2,1,3,1,-1,-3,-1,2,2,5,2,2,-2,-2,-5,-2,-2
0,1,39631,39634,118893,118894,118895,118898,118899,118900,237787,237788,237789,237790,237791,237794,237795,237796,237797,237798,1,-1,2,-2,1,3,1,-1,-3,-1,2,2,5,2,2,-2,-2,-5,-2,-2
0,1,39633,39636,118899,118900,118901,118904,118905,118906,237799,237800,237801,237802,237803,237806,237807,237808,237809,237810,1,-1,2,-2,1,3,1,-1,-3,-1,2,2,5,2,2,-2,-2,-5,-2,-2
0,1,39635,39638,118905,118906,118907,118910,118911,118912,237811,237812,237813,237814,237815,237818,237819,237820,237821,237822,1,-1,2,-2,1,3,1,-1,-3,-1,2,2,5,2,2,-2,-2,-5,-2,-2
0,1,39637,39640,118911,118912,118913,118916,118917,118918,237823,237824,237825,237826,237827,237830,237831,237832,237833,237834,1,-1,2,-2,1,3,1,-1,-3,-1,2,2,5,2,2,-2,-2,-5,-2,-2
0,1,39639,39642,118917,118918,118919,118922,118923,118924,237835,237836,237837,237838,237839,237842,237843,237844,237845,237846,1,-1,2,-2,1,3,1,-1,-3,-1,2,2,5,2,2,-2,-2,-5,-2,-2
0,1,39641,39644,118923,118924,118925,118928,118929,118930,237847,237848,237849,237850,237851,237854,237855,237856,237857,237858,1,-1,2,-2,1,3,1,-1,-3,-1,2,2,5,2,2,-2,-2,-5,-2,-2
0,1,39643,39646,118929,118930,118931,118934,118935,118936,237859,237860,237861,237862,237863,237866,237867,237868,237869,237870,1,-1,2,-2,1,3,1,-1,-3,-1,2,2,5,2,2,-2,-2,-5,-2,-2
0,1,39645,39648,118935,118936,118937,118940,118941,118942,237871,237872,237873,237874,237875,237878,237879,237880,237881,237882,1,-1,2,-2,1,3,1,-1,-3,-1,2,2,5,2,2,-2,-2,-5,-2,-2
0,1,39647,39650,118941,118942,118943,118946,118947,118948,237883,237884,237885,237886,237887,237890,237891,237892,237893,237894,1,-1,2,-2,1,3,1,-1,-3,-1,2,2,5,2,2,-2,-2,-5,-2,-2
0,1,39649,39652,118947,118948,118949,118952,118953,118954,237895,237896,237897,237898,237899,237902,237903,237904,237905,237906,1,-1,2,-2,1,3,1,-1,-3,-1,2,2,5,2,2,-2,-2,-5,-2,-2
0,1,39651,39654,118953,118954,118955,118958,118959,118960,237907,237908,237909,237910,237911,237914,237915,237916,237917,237918,1,-1,2,-2,1,3,1,-1,-3,-1,2,2,5,2,2,-2,-2,-5,-2,-2
0,1,39653,39656,118959,118960,118961,118964,118965,118966,237919,237920,237921,237922,237923,237926,237927,237928,237929,237930,1,-1,2,-2,1,3,1,-1,-3,-1,2,2,5,2,2,-2,-2,-5,-2,-2
0,1,39655,39658,118965,118966,118967,118970,118971,118972,237931,237932,237933,237934,237935,237938,237939,237940,237941,237942,1,-1,2,-2,1,3,1,-1,-3,-1,2,2,5,2,2,-2,-2,-5,-2,-2
0,1,39657,39660,118971,118972,118973,118976,118977,118978,237943,237944,237945,237946,237947,237950,237951,237952,237953,237954,1,-1,2,-2,1,3,1,-1,-3,-1,2,2,5,2,2,-2,-2,-5,-2,-2
0,1,39659,39662,118977,118978,118979,118982,118983,118984,237955,237956,237957,237958,237959,237962,237963,237964,237965,237966,1,-1,2,-2,1,3,1,-1,-3,-1,2,2,5,2,2,-2,-2,-5,-2,-2
0,1,39661,39664,118983,118984,118985,118988,118989,118990,237967,237968,237969,237970,237971,237974,237975,237976,237977,237978,1,-1,2,-2,1,3,1,-1,-3,-1,2,2,5,2,2,-2,-2,-5,-2,-2
0,1,39663,39666,118989,118990,118991,118994,118995,118996,237979,237980,237981,237982,237983,237986,237987,237988,237989,237990,1,-1,2,-2,1,3,1,-1,-3,-1,2,2,5,2,2,-2,-2,-5,-2,-2
0,1,39665,39668,118995,118996,118997,119000,119001,119002,237991,237992,237993,237994,237995,237998,237999,238000,238001,238002,1,-1,2,-2,1,3,1,-1,-3,-1,2,2,5,2,2,-2,-2,-5,-2,-2
0,1,39667,39670,119001,119002,119003,119006,119007,119008,238003,238004,238005,238006,238007,238010,238011,238012,238013,238014,1,-1,2,-2,1,3,1,-1,-3,-1,2,2,5,2,2,-2,-2,-5,-2,-2
0,1,39669,39672,119007,119008,119009,119012,119013,119014,238015,238016,238017,238018,238019,238022,238023,238024,238025,238026,1,-1,2,-2,1,3,1,-1,-3,-1,2,2,5,2,2,-2,-2,-5,-2,-2
0,1,39671,39674,119013,119014,119015,119018,119019,119020,238027,238028,238029,238030,238031,238034,238035,238036,238037,238038,1,-1,2,-2,1,3,1,-1,-3,-1,2,2,5,2,2,-2,-2,-5,-2,-2
0,1,39673,39676,119019,119020,119021,119024,119025,119026,238039,238040,238041,238042,238043,238046,238047,238048,238049,238050,1,-1,2,-2,1,3,1,-1,-3,-1,2,2,5,2,2,-2,-2,-5,-2,-2
0,1,39675,39678,119025,119026,119027,119030,119031,119032,238051,238052,238053,238054,238055,238058,238059,238060,238061,238062,1,-1,2,-2,1,3,1,-1,-3,-1,2,2,5,2,2,-2,-2,-5,-2,-2
0,1,39677,39680,119031,119032,119033,119036,119037,119038,238063,238064,238065,238066,238067,238070,238071,238072,238073,238074,1,-1,2,-2,1,3,1,-1,-3,-1,2,2,5,2,2,-2,-2,-5,-2,-2
0,1,39679,39682,119037,119038,119039,119042,119043,119044,238075,238076,238077,238078,238079,238082,238083,238084,238085,238086,1,-1,2,-2,1,3,1,-1,-3,-1,2,2,5,2,2,-2,-2,-5,-2,-2
0,1,39681,39684,119043,119044,119045,119048,119049,119050,238087,238088,238089,238090,238091,238094,238095,238096,238097,238098,1,-1,2,-2,1,3,1,-1,-3,-1,2,2,5,2,2,-2,-2,-5,-2,-2
0,1,39683,39686,119049,119050,119051,119054,119055,119056,238099,238100,238101,238102,238103,238106,238107,238108,238109,238110,1,-1,2,-2,1,3,1,-1,-3,-1,2,2,5,2,2,-2,-2,-5,-2,-2
0,1,39685,39688,119055,119056,119057,119060,119061,119062,238111,238112,238113,238114,238115,238118,238119,238120,238121,238122,1,-1,2,-2,1,3,1,-1,-3,-1,2,2,5,2,2,-2,-2,-5,-2,-2
0,1,39687,39690,119061,119062,119063,119066,119067,119068,238123,238124,238125,238126,238127,238130,238131,238132,238133,238134,1,-1,2,-2,1,3,1,-1,-3,-1,2,2,5,2,2,-2,-2,-5,-2,-2
0,1,39689,39692,119067,119068,119069,119072,119073,119074,238135,238136,238137,238138,238139,238142,238143,238144,238145,238146,1,-1,2,-2,1,3,1,-1,-3,-1,2,2,5,2,2,-2,-2,-5,-2,-2
0,1,39691,39694,119073,119074,119075,119078,119079,119080,238147,238148,238149,238150,238151,238154,238155,238156,238157,238158,1,-1,2,-2,1,3,1,-1,-3,-1,2,2,5,2,2,-2,-2,-5,-2,-2
0,1,39693,39696,119079,119080,119081,119084,119085,119086,238159,238160,238161,238162,238163,238166,238167,238168,238169,238170,1,-1,2,-2,1,3,1,-1,-3,-1,2,2,5,2,2,-2,-2,-5,-2,-2
0,1,39695,39698,119085,119086,119087,119090,119091,119092,238171,238172,238173,238174,238175,238178,238179,238180,238181,238182,1,-1,2,-2,1,3,1,-1,-3,-1,2,2,5,2,2,-2,-2,-5,-2,-2
0,1,39697,39700,119091,119092,119093,119096,119097,119098,238183,238184,238185,238186,238187,238190,238191,238192,238193,238194,1,-1,2,-2,1,3,1,-1,-3,-1,2,2,5,2,2,-2,-2,-5,-2,-2
0,1,39699,39702,119097,119098,119099,119102,119103,119104,238195,238196,238197,238198,238199,238202,238203,238204,238205,238206,1,-1,2,-2,1,3,1,-1,-3,-1,2,2,5,2,2,-2,-2,-5,-2,-2
0,1,39701,39704,119103,119104,119105,119108,119109,119110,238207,238208,238209,238210,238211,238214,238215,238216,238217,238218,1,-1,2,-2,1,3,1,-1,-3,-1,2,2,5,2,2,-2,-2,-5,-2,-2
0,1,39703,39706,119109,119110,119111,119114,119115,119116,238219,238220,238221,238222,238223,238226,238227,238228,238229,238230,1,-1,2,-2,1,3,1,-1,-3,-1,2,2,5,2,2,-2,-2,-5,-2,-2
0,1,39705,39708,119115,119116,119117,119120,119121,119122,238231,238232,238233,238234,238235,238238,238239,238240,238241,238242,1,-1,2,-2,1,3,1,-1,-3,-1,2,2,5,2,2,-2,-2,-5,-2,-2
0,1,39707,39710,119121,119122,119123,119126,119127,119128,238243,238244,238245,238246,238247,238250,238251,238252,238253,238254,1,-1,2,-2,1,3,1,-1,-3,-1,2,2,5,2,2,-2,-2,-5,-2,-2
0,1,39709,39712,119127,119128,119129,119132,119133,119134,238255,238256,238257,238258,238259,238262,238263,238264,238265,238266,1,-1,2,-2,1,3,1,-1,-3,-1,2,2,5,2,2,-2,-2,-5,-2,-2
0,1,39711,39714,119133,119134,119135,119138,119139,119140,238267,238268,238269,238270,238271,238274,238275,238276,238277,238278,1,-1,2,-2,1,3,1,-1,-3,-1,2,2,5,2,2,-2,-2,-5,-2,-2
0,1,39713,39716,119139,119140,119141,119144,119145,119146,238279,238280,238281,238282,238283,238286,238287,238288,238289,238290,1,-1,2,-2,1,3,1,-1,-3,-1,2,2,5,2,2,-2,-2,-5,-2,-2
0,1,39715,39718,119145,119146,119147,119150,119151,119152,238291,238292,238293,238294,238295,238298,238299,238300,238301,238302,1,-1,2,-2,1,3,1,-1,-3,-1,2,2,5,2,2,-2,-2,-5,-2,-2
0,1,39717,39720,119151,119152,119153,119156,119157,119158,238303,238304,238305,238306,238307,238310,238311,238312,238313,238314,1,-1,2,-2,1,3,1,-1,-3,-1,2,2,5,2,2,-2,-2,-5,-2,-2
0,1,39719,39722,119157,119158,119159,119162,119163,119164,238315,238316,238317,238318,238319,238322,238323,238324,238325,238326,1,-1,2,-2,1,3,1,-1,-3,-1,2,2,5,2,2,-2,-2,-5,-2,-2
0,1,39721,39724,119163,119164,119165,119168,119169,119170,238327,238328,238329,238330,238331,238334,238335,238336,238337,238338,1,-1,2,-2,1,3,1,-1,-3,-1,2,2,5,2,2,-2,-2,-5,-2,-2
0,1,39723,39726,119169,119170,119171,119174,119175,119176,238339,238340,238341,238342,238343,238346,238347,238348,238349,238350,1,-1,2,-2,1,3,1,-1,-3,-1,2,2,5,2,2,-2,-2,-5,-2,-2
0,1,39725,39728,119175,119176,119177,119180,119181,119182,238351,238352,238353,238354,238355,238358,238359,238360,238361,238362,1,-1,2,-2,1,3,1,-1,-3,-1,2,2,5,2,2,-2,-2,-5,-2,-2
0,1,39727,39730,119181,119182,119183,119186,119187,119188,238363,238364,238365,238366,238367,238370,238371,238372,238373,238374,1,-1,2,-2,1,3,1,-1,-3,-1,2,2,5,2,2,-2,-2,-5,-2,-2
0,1,39729,39732,119187,119188,119189,119192,119193,119194,238375,238376,238377,238378,238379,238382,238383,238384,238385,238386,1,-1,2,-2,1,3,1,-1,-3,-1,2,2,5,2,2,-2,-2,-5,-2,-2
0,1,39731,39734,119193,119194,119195,119198,119199,119200,238387,238388,238389,238390,238391,238394,238395,238396,238397,238398,1,-1,2,-2,1,3,1,-1,-3,-1,2,2,5,2,2,-2,-2,-5,-2,-2
0,1,39733,39736,119199,119200,119201,119204,119205,119206,238399,238400,238401,238402,238403,238406,238407,238408,238409,238410,1,-1,2,-2,1,3,1,-1,-3,-1,2,2,5,2,2,-2,-2,-5,-2,-2
0,1,39735,39738,119205,119206,119207,119210,119211,119212,238411,238412,238413,238414,238415,238418,238419,238420,238421,238422,1,-1,2,-2,1,3,1,-1,-3,-1,2,2,5,2,2,-2,-2,-5,-2,-2
0,1,39737,39740,119211,119212,119213,119216,119217,119218,238423,238424,238425,238426,238427,238430,238431,238432,238433,238434,1,-1,2,-2,1,3,1,-1,-3,-1,2,2,5,2,2,-2,-2,-5,-2,-2
0,1,39739,39742,119217,119218,119219,119222,119223,119224,238435,238436,238437,238438,238439,238442,238443,238444,238445,238446,1,-1,2,-2,1,3,1,-1,-3,-1,2,2,5,2,2,-2,-2,-5,-2,-2
0,1,39741,39744,119223,119224,119225,119228,119229,119230,238447,238448,238449,238450,238451,238454,238455,238456,238457,238458,1,-1,2,-2,1,3,1,-1,-3,-1,2,2,5,2,2,-2,-2,-5,-2,-2
0,1,39743,39746,119229,119230,119231,119234,119235,119236,238459,238460,238461,238462,238463,238466,238467,238468,238469,238470,1,-1,2,-2,1,3,1,-1,-3,-1,2,2,5,2,2,-2,-2,-5,-2,-2
0,1,39745,39748,119235,119236,119237,119240,119241,119242,238471,238472,238473,238474,238475,238478,238479,238480,238481,238482,1,-1,2,-2,1,3,1,-1,-3,-1,2,2,5,2,2,-2,-2,-5,-2,-2
0,1,39747,39750,119241,119242,119243,119246,119247,119248,238483,238484,238485,238486,238487,238490,238491,238492,238493,238494,1,-1,2,-2,1,3,1,-1,-3,-1,2,2,5,2,2,-2,-2,-5,-2,-2
0,1,39749,39752,119247,119248,119249,119252,119253,119254,238495,238496,238497,238498,238499,238502,238503,238504,238505,238506,1,-1,2,-2,1,3,1,-1,-3,-1,2,2,5,2,2,-2,-2,-5,-2,-2
0,1,39751,39754,119253,119254,119255,119258,119259,119260,238507,238508,238509,238510,238511,238514,238515,238516,238517,238518,1,-1,2,-2,1,3,1,-1,-3,-1,2,2,5,2,2,-2,-2,-5,-2,-2
0,1,39753,39756,119259,119260,119261,119264,119265,119266,238519,238520,238521,238522,238523,238526,238527,238528,238529,238530,1,-1,2,-2,1,3,1,-1,-3,-1,2,2,5,2,2,-2,-2,-5,-2,-2
0,1,39755,39758,119265,119266,119267,119270,119271,119272,238531,238532,238533,238534,238535,238538,238539,238540,238541,238542,1,-1,2,-2,1,3,1,-1,-3,-1,2,2,5,2,2,-2,-2,-5,-2,-2
0,1,39757,39760,119271,119272,119273,119276,119277,119278,238543,238544,238545,238546,238547,238550,238551,238552,238553,238554,1,-1,2,-2,1,3,1,-1,-3,-1,2,2,5,2,2,-2,-2,-5,-2,-2
0,1,39759,39762,119277,119278,119279,119282,119283,119284,238555,238556,238557,238558,238559,238562,238563,238564,238565,238566,1,-1,2,-2,1,3,1,-1,-3,-1,2,2,5,2,2,-2,-2,-5,-2,-2
0,1,39761,39764,119283,119284,119285,119288,119289,119290,238567,238568,238569,238570,238571,238574,238575,238576,238577,238578,1,-1,2,-2,1,3,1,-1,-3,-1,2,2,5,2,2,-2,-2,-5,-2,-2
0,1,39763,39766,119289,119290,119291,119294,119295,119296,238579,238580,238581,238582,238583,238586,238587,238588,238589,238590,1,-1,2,-2,1,3,1,-1,-3,-1,2,2,5,2,2,-2,-2,-5,-2,-2
0,1,39765,39768,119295,119296,119297,119300,119301,119302,238591,238592,238593,238594,238595,238598,238599,238600,238601,238602,1,-1,2,-2,1,3,1,-1,-3,-1,2,2,5,2,2,-2,-2,-5,-2,-2
0,1,39767,39770,119301,119302,119303,119306,119307,119308,238603,238604,238605,238606,238607,238610,238611,238612,238613,238614,1,-1,2,-2,1,3,1,-1,-3,-1,2,2,5,2,2,-2,-2,-5,-2,-2
0,1,39769,39772,119307,119308,119309,119312,119313,119314,238615,238616,238617,238618,238619,238622,238623,238624,238625,238626,1,-1,2,-2,1,3,1,-1,-3,-1,2,2,5,2,2,-2,-2,-5,-2,-2
0,1,39771,39774,119313,119314,119315,119318,119319,119320,238627,238628,238629,238630,238631,238634,238635,238636,238637,238638,1,-1,2,-2,1,3,1,-1,-3,-1,2,2,5,2,2,-2,-2,-5,-2,-2
0,1,39773,39776,119319,119320,119321,119324,119325,119326,238639,238640,238641,238642,238643,238646,238647,238648,238649,238650,1,-1,2,-2,1,3,1,-1,-3,-1,2,2,5,2,2,-2,-2,-5,-2,-2
0,1,39775,39778,119325,119326,119327,119330,119331,119332,238651,238652,238653,238654,238655,238658,238659,238660,238661,238662,1,-1,2,-2,1,3,1,-1,-3,-1,2,2,5,2,2,-2,-2,-5,-2,-2
0,1,39777,39780,119331,119332,119333,119336,119337,119338,238663,238664,238665,238666,238667,238670,238671,238672,238673,238674,1,-1,2,-2,1,3,1,-1,-3,-1,2,2,5,2,2,-2,-2,-5,-2,-2
0,1,39779,39782,119337,119338,119339,119342,119343,119344,238675,238676,238677,238678,238679,238682,238683,238684,238685,238686,1,-1,2,-2,1,3,1,-1,-3,-1,2,2,5,2,2,-2,-2,-5,-2,-2
0,1,39781,39784,119343,119344,119345,119348,119349,119350,238687,238688,238689,238690,238691,238694,238695,238696,238697,238698,1,-1,2,-2,1,3,1,-1,-3,-1,2,2,5,2,2,-2,-2,-5,-2,-2
0,1,39783,39786,119349,119350,119351,119354,119355,119356,238699,238700,238701,238702,238703,238706,238707,238708,238709,238710,1,-1,2,-2,1,3,1,-1,-3,-1,2,2,5,2,2,-2,-2,-5,-2,-2
0,1,39785,39788,119355,119356,119357,119360,119361,119362,238711,238712,238713,238714,238715,238718,238719,238720,238721,238722,1,-1,2,-2,1,3,1,-1,-3,-1,2,2,5,2,2,-2,-2,-5,-2,-2
0,1,39787,39790,119361,119362,119363,119366,119367,119368,238723,238724,238725,238726,238727,238730,238731,238732,238733,238734,1,-1,2,-2,1,3,1,-1,-3,-1,2,2,5,2,2,-2,-2,-5,-2,-2
0,1,39789,39792,119367,119368,119369,119372,119373,119374,238735,238736,238737,238738,238739,238742,238743,238744,238745,238746,1,-1,2,-2,1,3,1,-1,-3,-1,2,2,5,2,2,-2,-2,-5,-2,-2
0,1,39791,39794,119373,119374,119375,119378,119379,119380,238747,238748,238749,238750,238751,238754,238755,238756,238757,238758,1,-1,2,-2,1,3,1,-1,-3,-1,2,2,5,2,2,-2,-2,-5,-2,-2
0,1,39793,39796,119379,119380,119381,119384,119385,119386,238759,238760,238761,238762,238763,238766,238767,238768,238769,238770,1,-1,2,-2,1,3,1,-1,-3,-1,2,2,5,2,2,-2,-2,-5,-2,-2
0,1,39795,39798,119385,119386,119387,119390,119391,119392,238771,238772,238773,238774,238775,238778,238779,238780,238781,238782,1,-1,2,-2,1,3,1,-1,-3,-1,2,2,5,2,2,-2,-2,-5,-2,-2
0,1,39797,39800,119391,119392,119393,119396,119397,119398,238783,238784,238785,238786,238787,238790,238791,238792,238793,238794,1,-1,2,-2,1,3,1,-1,-3,-1,2,2,5,2,2,-2,-2,-5,-2,-2
0,1,39799,39802,119397,119398,119399,119402,119403,119404,238795,238796,238797,238798,238799,238802,238803,238804,238805,238806,1,-1,2,-2,1,3,1,-1,-3,-1,2,2,5,2,2,-2,-2,-5,-2,-2
0,1,39801,39804,119403,119404,119405,119408,119409,119410,238807,238808,238809,238810,238811,238814,238815,238816,238817,238818,1,-1,2,-2,1,3,1,-1,-3,-1,2,2,5,2,2,-2,-2,-5,-2,-2
0,1,39803,39806,119409,119410,119411,119414,119415,119416,238819,238820,238821,238822,238823,238826,238827,238828,238829,238830,1,-1,2,-2,1,3,1,-1,-3,-1,2,2,5,2,2,-2,-2,-5,-2,-2
0,1,39805,39808,119415,119416,119417,119420,119421,119422,238831,238832,238833,238834,238835,238838,238839,238840,238841,238842,1,-1,2,-2,1,3,1,-1,-3,-1,2,2,5,2,2,-2,-2,-5,-2,-2
0,1,39807,39810,119421,119422,119423,119426,119427,119428,238843,238844,238845,238846,238847,238850,238851,238852,238853,238854,1,-1,2,-2,1,3,1,-1,-3,-1,2,2,5,2,2,-2,-2,-5,-2,-2
0,1,39809,39812,119427,119428,119429,119432,119433,119434,238855,238856,238857,238858,238859,238862,238863,238864,238865,238866,1,-1,2,-2,1,3,1,-1,-3,-1,2,2,5,2,2,-2,-2,-5,-2,-2
0,1,39811,39814,119433,119434,119435,119438,119439,119440,238867,238868,238869,238870,238871,238874,238875,238876,238877,238878,1,-1,2,-2,1,3,1,-1,-3,-1,2,2,5,2,2,-2,-2,-5,-2,-2
0,1,39813,39816,119439,119440,119441,119444,119445,119446,238879,238880,238881,238882,238883,238886,238887,238888,238889,238890,1,-1,2,-2,1,3,1,-1,-3,-1,2,2,5,2,2,-2,-2,-5,-2,-2
0,1,39815,39818,119445,119446,119447,119450,119451,119452,238891,238892,238893,238894,238895,238898,238899,238900,238901,238902,1,-1,2,-2,1,3,1,-1,-3,-1,2,2,5,2,2,-2,-2,-5,-2,-2
0,1,39817,39820,119451,119452,119453,119456,119457,119458,238903,238904,238905,238906,238907,238910,238911,238912,238913,238914,1,-1,2,-2,1,3,1,-1,-3,-1,2,2,5,2,2,-2,-2,-5,-2,-2
0,1,39819,39822,119457,119458,119459,119462,119463,119464,238915,238916,238917,238918,238919,238922,238923,238924,238925,238926,1,-1,2,-2,1,3,1,-1,-3,-1,2,2,5,2,2,-2,-2,-5,-2,-2
0,1,39821,39824,119463,119464,119465,119468,119469,119470,238927,238928,238929,238930,238931,238934,238935,238936,238937,238938,1,-1,2,-2,1,3,1,-1,-3,-1,2,2,5,2,2,-2,-2,-5,-2,-2
0,1,39823,39826,119469,119470,119471,119474,119475,119476,238939,238940,238941,238942,238943,238946,238947,238948,238949,238950,1,-1,2,-2,1,3,1,-1,-3,-1,2,2,5,2,2,-2,-2,-5,-2,-2
0,1,39825,39828,119475,119476,119477,119480,119481,119482,238951,238952,238953,238954,238955,238958,238959,238960,238961,238962,1,-1,2,-2,1,3,1,-1,-3,-1,2,2,5,2,2,-2,-2,-5,-2,-2
0,1,39827,39830,119481,119482,119483,119486,119487,119488,238963,238964,238965,238966,238967,238970,238971,238972,238973,238974,1,-1,2,-2,1,3,1,-1,-3,-1,2,2,5,2,2,-2,-2,-5,-2,-2
0,1,39829,39832,119487,119488,119489,119492,119493,119494,238975,238976,238977,238978,238979,238982,238983,238984,238985,238986,1,-1,2,-2,1,3,1,-1,-3,-1,2,2,5,2,2,-2,-2,-5,-2,-2
0,1,39831,39834,119493,119494,119495,119498,119499,119500,238987,238988,238989,238990,238991,238994,238995,238996,238997,238998,1,-1,2,-2,1,3,1,-1,-3,-1,2,2,5,2,2,-2,-2,-5,-2,-2
0,1,39833,39836,119499,119500,119501,119504,119505,119506,238999,239000,239001,239002,239003,239006,239007,239008,239009,239010,1,-1,2,-2,1,3,1,-1,-3,-1,2,2,5,2,2,-2,-2,-5,-2,-2
0,1,39835,39838,119505,119506,119507,119510,119511,119512,239011,239012,239013,239014,239015,239018,239019,239020,239021,239022,1,-1,2,-2,1,3,1,-1,-3,-1,2,2,5,2,2,-2,-2,-5,-2,-2
0,1,39837,39840,119511,119512,119513,119516,119517,119518,239023,239024,239025,239026,239027,239030,239031,239032,239033,239034,1,-1,2,-2,1,3,1,-1,-3,-1,2,2,5,2,2,-2,-2,-5,-2,-2
0,1,39839,39842,119517,119518,119519,119522,119523,119524,239035,239036,239037,239038,239039,239042,239043,239044,239045,239046,1,-1,2,-2,1,3,1,-1,-3,-1,2,2,5,2,2,-2,-2,-5,-2,-2
0,1,39841,39844,119523,119524,119525,119528,119529,119530,239047,239048,239049,239050,239051,239054,239055,239056,239057,239058,1,-1,2,-2,1,3,1,-1,-3,-1,2,2,5,2,2,-2,-2,-5,-2,-2
0,1,39843,39846,119529,119530,119531,119534,119535,119536,239059,239060,239061,239062,239063,239066,239067,239068,239069,239070,1,-1,2,-2,1,3,1,-1,-3,-1,2,2,5,2,2,-2,-2,-5,-2,-2
0,1,39845,39848,119535,119536,119537,119540,119541,119542,239071,239072,239073,239074,239075,239078,239079,239080,239081,239082,1,-1,2,-2,1,3,1,-1,-3,-1,2,2,5,2,2,-2,-2,-5,-2,-2
0,1,39847,39850,119541,119542,119543,119546,119547,119548,239083,239084,239085,239086,239087,239090,239091,239092,239093,239094,1,-1,2,-2,1,3,1,-1,-3,-1,2,2,5,2,2,-2,-2,-5,-2,-2
0,1,39849,39852,119547,119548,119549,119552,119553,119554,239095,239096,239097,239098,239099,239102,239103,239104,239105,239106,1,-1,2,-2,1,3,1,-1,-3,-1,2,2,5,2,2,-2,-2,-5,-2,-2
0,1,39851,39854,119553,119554,119555,119558,119559,119560,239107,239108,239109,239110,239111,239114,239115,239116,239117,239118,1,-1,2,-2,1,3,1,-1,-3,-1,2,2,5,2,2,-2,-2,-5,-2,-2
0,1,39853,39856,119559,119560,119561,119564,119565,119566,239119,239120,239121,239122,239123,239126,239127,239128,239129,239130,1,-1,2,-2,1,3,1,-1,-3,-1,2,2,5,2,2,-2,-2,-5,-2,-2
0,1,39855,39858,119565,119566,119567,119570,119571,119572,239131,239132,239133,239134,239135,239138,239139,239140,239141,239142,1,-1,2,-2,1,3,1,-1,-3,-1,2,2,5,2,2,-2,-2,-5,-2,-2
0,1,39857,39860,119571,119572,119573,119576,119577,119578,239143,239144,239145,239146,239147,239150,239151,239152,239153,239154,1,-1,2,-2,1,3,1,-1,-3,-1,2,2,5,2,2,-2,-2,-5,-2,-2
0,1,39859,39862,119577,119578,119579,119582,119583,119584,239155,239156,239157,239158,239159,239162,239163,239164,239165,239166,1,-1,2,-2,1,3,1,-1,-3,-1,2,2,5,2,2,-2,-2,-5,-2,-2
0,1,39861,39864,119583,119584,119585,119588,119589,119590,239167,239168,239169,239170,239171,239174,239175,239176,239177,239178,1,-1,2,-2,1,3,1,-1,-3,-1,2,2,5,2,2,-2,-2,-5,-2,-2
0,1,39863,39866,119589,119590,119591,119594,119595,119596,239179,239180,239181,239182,239183,239186,239187,239188,239189,239190,1,-1,2,-2,1,3,1,-1,-3,-1,2,2,5,2,2,-2,-2,-5,-2,-2
0,1,39865,39868,119595,119596,119597,119600,119601,119602,239191,239192,239193,239194,239195,239198,239199,239200,239201,239202,1,-1,2,-2,1,3,1,-1,-3,-1,2,2,5,2,2,-2,-2,-5,-2,-2
0,1,39867,39870,119601,119602,119603,119606,119607,119608,239203,239204,239205,239206,239207,239210,239211,239212,239213,239214,1,-1,2,-2,1,3,1,-1,-3,-1,2,2,5,2,2,-2,-2,-5,-2,-2
0,1,39869,39872,119607,119608,119609,119612,119613,119614,239215,239216,239217,239218,239219,239222,239223,239224,239225,239226,1,-1,2,-2,1,3,1,-1,-3,-1,2,2,5,2,2,-2,-2,-5,-2,-2
0,1,39871,39874,119613,119614,119615,119618,119619,119620,239227,239228,239229,239230,239231,239234,239235,239236,239237,239238,1,-1,2,-2,1,3,1,-1,-3,-1,2,2,5,2,2,-2,-2,-5,-2,-2
0,1,39873,39876,119619,119620,119621,119624,119625,119626,239239,239240,239241,239242,239243,239246,239247,239248,239249,239250,1,-1,2,-2,1,3,1,-1,-3,-1,2,2,5,2,2,-2,-2,-5,-2,-2
0,1,39875,39878,119625,119626,119627,119630,119631,119632,239251,239252,239253,239254,239255,239258,239259,239260,239261,239262,1,-1,2,-2,1,3,1,-1,-3,-1,2,2,5,2,2,-2,-2,-5,-2,-2
0,1,39877,39880,119631,119632,119633,119636,119637,119638,239263,239264,239265,239266,239267,239270,239271,239272,239273,239274,1,-1,2,-2,1,3,1,-1,-3,-1,2,2,5,2,2,-2,-2,-5,-2,-2
0,1,39879,39882,119637,119638,119639,119642,119643,119644,239275,239276,239277,239278,239279,239282,239283,239284,239285,239286,1,-1,2,-2,1,3,1,-1,-3,-1,2,2,5,2,2,-2,-2,-5,-2,-2
0,1,39881,39884,119643,119644,119645,119648,119649,119650,239287,239288,239289,239290,239291,239294,239295,239296,239297,239298,1,-1,2,-2,1,3,1,-1,-3,-1,2,2,5,2,2,-2,-2,-5,-2,-2
0,1,39883,39886,119649,119650,119651,119654,119655,119656,239299,239300,239301,239302,239303,239306,239307,239308,239309,239310,1,-1,2,-2,1,3,1,-1,-3,-1,2,2,5,2,2,-2,-2,-5,-2,-2
0,1,39885,39888,119655,119656,119657,119660,119661,119662,239311,239312,239313,239314,239315,239318,239319,239320,239321,239322,1,-1,2,-2,1,3,1,-1,-3,-1,2,2,5,2,2,-2,-2,-5,-2,-2
0,1,39887,39890,119661,119662,119663,119666,119667,119668,239323,239324,239325,239326,239327,239330,239331,239332,239333,239334,1,-1,2,-2,1,3,1,-1,-3,-1,2,2,5,2,2,-2,-2,-5,-2,-2
0,1,39889,39892,119667,119668,119669,119672,119673,119674,239335,239336,239337,239338,239339,239342,239343,239344,239345,239346,1,-1,2,-2,1,3,1,-1,-3,-1,2,2,5,2,2,-2,-2,-5,-2,-2
0,1,39891,39894,119673,119674,119675,119678,119679,119680,239347,239348,239349,239350,239351,239354,239355,239356,239357,239358,1,-1,2,-2,1,3,1,-1,-3,-1,2,2,5,2,2,-2,-2,-5,-2,-2
0,1,39893,39896,119679,119680,119681,119684,119685,119686,239359,239360,239361,239362,239363,239366,239367,239368,239369,239370,1,-1,2,-2,1,3,1,-1,-3,-1,2,2,5,2,2,-2,-2,-5,-2,-2
0,1,39895,39898,119685,119686,119687,119690,119691,119692,239371,239372,239373,239374,239375,239378,239379,239380,239381,239382,1,-1,2,-2,1,3,1,-1,-3,-1,2,2,5,2,2,-2,-2,-5,-2,-2
0,1,39897,39900,119691,119692,119693,119696,119697,119698,239383,239384,239385,239386,239387,239390,239391,239392,239393,239394,1,-1,2,-2,1,3,1,-1,-3,-1,2,2,5,2,2,-2,-2,-5,-2,-2
0,1,39899,39902,119697,119698,119699,119702,119703,119704,239395,239396,239397,239398,239399,239402,239403,239404,239405,239406,1,-1,2,-2,1,3,1,-1,-3,-1,2,2,5,2,2,-2,-2,-5,-2,-2
0,1,39901,39904,119703,119704,119705,119708,119709,119710,239407,239408,239409,239410,239411,239414,239415,239416,239417,239418,1,-1,2,-2,1,3,1,-1,-3,-1,2,2,5,2,2,-2,-2,-5,-2,-2
0,1,39903,39906,119709,119710,119711,119714,119715,119716,239419,239420,239421,239422,239423,239426,239427,239428,239429,239430,1,-1,2,-2,1,3,1,-1,-3,-1,2,2,5,2,2,-2,-2,-5,-2,-2
0,1,39905,39908,119715,119716,119717,119720,119721,119722,239431,239432,239433,239434,239435,239438,239439,239440,239441,239442,1,-1,2,-2,1,3,1,-1,-3,-1,2,2,5,2,2,-2,-2,-5,-2,-2
0,1,39907,39910,119721,119722,119723,119726,119727,119728,239443,239444,239445,239446,239447,239450,239451,239452,239453,239454,1,-1,2,-2,1,3,1,-1,-3,-1,2,2,5,2,2,-2,-2,-5,-2,-2
0,1,39909,39912,119727,119728,119729,119732,119733,119734,239455,239456,239457,239458,239459,239462,239463,239464,239465,239466,1,-1,2,-2,1,3,1,-1,-3,-1,2,2,5,2,2,-2,-2,-5,-2,-2
0,1,39911,39914,119733,119734,119735,119738,119739,119740,239467,239468,239469,239470,239471,239474,239475,239476,239477,239478,1,-1,2,-2,1,3,1,-1,-3,-1,2,2,5,2,2,-2,-2,-5,-2,-2
0,1,39913,39916,119739,119740,119741,119744,119745,119746,239479,239480,239481,239482,239483,239486,239487,239488,239489,239490,1,-1,2,-2,1,3,1,-1,-3,-1,2,2,5,2,2,-2,-2,-5,-2,-2
0,1,39915,39918,119745,119746,119747,119750,119751,119752,239491,239492,239493,239494,239495,239498,239499,239500,239501,239502,1,-1,2,-2,1,3,1,-1,-3,-1,2,2,5,2,2,-2,-2,-5,-2,-2
0,1,39917,39920,119751,119752,119753,119756,119757,119758,239503,239504,239505,239506,239507,239510,239511,239512,239513,239514,1,-1,2,-2,1,3,1,-1,-3,-1,2,2,5,2,2,-2,-2,-5,-2,-2
0,1,39919,39922,119757,119758,119759,119762,119763,119764,239515,239516,239517,239518,239519,239522,239523,239524,239525,239526,1,-1,2,-2,1,3,1,-1,-3,-1,2,2,5,2,2,-2,-2,-5,-2,-2
0,1,39921,39924,119763,119764,119765,119768,119769,119770,239527,239528,239529,239530,239531,239534,239535,239536,239537,239538,1,-1,2,-2,1,3,1,-1,-3,-1,2,2,5,2,2,-2,-2,-5,-2,-2
0,1,39923,39926,119769,119770,119771,119774,119775,119776,239539,239540,239541,239542,239543,239546,239547,239548,239549,239550,1,-1,2,-2,1,3,1,-1,-3,-1,2,2,5,2,2,-2,-2,-5,-2,-2
0,1,39925,39928,119775,119776,119777,119780,119781,119782,239551,239552,239553,239554,239555,239558,239559,239560,239561,239562,1,-1,2,-2,1,3,1,-1,-3,-1,2,2,5,2,2,-2,-2,-5,-2,-2
0,1,39927,39930,119781,119782,119783,119786,119787,119788,239563,239564,239565,239566,239567,239570,239571,239572,239573,239574,1,-1,2,-2,1,3,1,-1,-3,-1,2,2,5,2,2,-2,-2,-5,-2,-2
0,1,39929,39932,119787,119788,119789,119792,119793,119794,239575,239576,239577,239578,239579,239582,239583,239584,239585,239586,1,-1,2,-2,1,3,1,-1,-3,-1,2,2,5,2,2,-2,-2,-5,-2,-2
0,1,39931,39934,119793,119794,119795,119798,119799,119800,239587,239588,239589,239590,239591,239594,239595,239596,239597,239598,1,-1,2,-2,1,3,1,-1,-3,-1,2,2,5,2,2,-2,-2,-5,-2,-2
0,1,39933,39936,119799,119800,119801,119804,119805,119806,239599,239600,239601,239602,239603,239606,239607,239608,239609,239610,1,-1,2,-2,1,3,1,-1,-3,-1,2,2,5,2,2,-2,-2,-5,-2,-2
0,1,39935,39938,119805,119806,119807,119810,119811,119812,239611,239612,239613,239614,239615,239618,239619,239620,239621,239622,1,-1,2,-2,1,3,1,-1,-3,-1,2,2,5,2,2,-2,-2,-5,-2,-2
0,1,39937,39940,119811,119812,119813,119816,119817,119818,239623,239624,239625,239626,239627,239630,239631,239632,239633,239634,1,-1,2,-2,1,3,1,-1,-3,-1,2,2,5,2,2,-2,-2,-5,-2,-2
0,1,39939,39942,119817,119818,119819,119822,119823,119824,239635,239636,239637,239638,239639,239642,239643,239644,239645,239646,1,-1,2,-2,1,3,1,-1,-3,-1,2,2,5,2,2,-2,-2,-5,-2,-2
0,1,39941,39944,119823,119824,119825,119828,119829,119830,239647,239648,239649,239650,239651,239654,239655,239656,239657,239658,1,-1,2,-2,1,3,1,-1,-3,-1,2,2,5,2,2,-2,-2,-5,-2,-2
0,1,39943,39946,119829,119830,119831,119834,119835,119836,239659,239660,239661,239662,239663,239666,239667,239668,239669,239670,1,-1,2,-2,1,3,1,-1,-3,-1,2,2,5,2,2,-2,-2,-5,-2,-2
0,1,39945,39948,119835,119836,119837,119840,119841,119842,239671,239672,239673,239674,239675,239678,239679,239680,239681,239682,1,-1,2,-2,1,3,1,-1,-3,-1,2,2,5,2,2,-2,-2,-5,-2,-2
0,1,39947,39950,119841,119842,119843,119846,119847,119848,239683,239684,239685,239686,239687,239690,239691,239692,239693,239694,1,-1,2,-2,1,3,1,-1,-3,-1,2,2,5,2,2,-2,-2,-5,-2,-2
0,1,39949,39952,119847,119848,119849,119852,119853,119854,239695,239696,239697,239698,239699,239702,239703,239704,239705,239706,1,-1,2,-2,1,3,1,-1,-3,-1,2,2,5,2,2,-2,-2,-5,-2,-2
0,1,39951,39954,119853,119854,119855,119858,119859,119860,239707,239708,239709,239710,239711,239714,239715,239716,239717,239718,1,-1,2,-2,1,3,1,-1,-3,-1,2,2,5,2,2,-2,-2,-5,-2,-2
0,1,39953,39956,119859,119860,119861,119864,119865,119866,239719,239720,239721,239722,239723,239726,239727,239728,239729,239730,1,-1,2,-2,1,3,1,-1,-3,-1,2,2,5,2,2,-2,-2,-5,-2,-2
0,1,39955,39958,119865,119866,119867,119870,119871,119872,239731,239732,239733,239734,239735,239738,239739,239740,239741,239742,1,-1,2,-2,1,3,1,-1,-3,-1,2,2,5,2,2,-2,-2,-5,-2,-2
0,1,39957,39960,119871,119872,119873,119876,119877,119878,239743,239744,239745,239746,239747,239750,239751,239752,239753,239754,1,-1,2,-2,1,3,1,-1,-3,-1,2,2,5,2,2,-2,-2,-5,-2,-2
0,1,39959,39962,119877,119878,119879,119882,119883,119884,239755,239756,239757,239758,239759,239762,239763,239764,239765,239766,1,-1,2,-2,1,3,1,-1,-3,-1,2,2,5,2,2,-2,-2,-5,-2,-2
0,1,39961,39964,119883,119884,119885,119888,119889,119890,239767,239768,239769,239770,239771,239774,239775,239776,239777,239778,1,-1,2,-2,1,3,1,-1,-3,-1,2,2,5,2,2,-2,-2,-5,-2,-2
0,1,39963,39966,119889,119890,119891,119894,119895,119896,239779,239780,239781,239782,239783,239786,239787,239788,239789,239790,1,-1,2,-2,1,3,1,-1,-3,-1,2,2,5,2,2,-2,-2,-5,-2,-2
0,1,39965,39968,119895,119896,119897,119900,119901,119902,239791,239792,239793,239794,239795,239798,239799,239800,239801,239802,1,-1,2,-2,1,3,1,-1,-3,-1,2,2,5,2,2,-2,-2,-5,-2,-2
0,1,39967,39970,119901,119902,119903,119906,119907,119908,239803,239804,239805,239806,239807,239810,239811,239812,239813,239814,1,-1,2,-2,1,3,1,-1,-3,-1,2,2,5,2,2,-2,-2,-5,-2,-2
0,1,39969,39972,119907,119908,119909,119912,119913,119914,239815,239816,239817,239818,239819,239822,239823,239824,239825,239826,1,-1,2,-2,1,3,1,-1,-3,-1,2,2,5,2,2,-2,-2,-5,-2,-2
0,1,39971,39974,119913,119914,119915,119918,119919,119920,239827,239828,239829,239830,239831,239834,239835,239836,239837,239838,1,-1,2,-2,1,3,1,-1,-3,-1,2,2,5,2,2,-2,-2,-5,-2,-2
0,1,39973,39976,119919,119920,119921,119924,119925,119926,239839,239840,239841,239842,239843,239846,239847,239848,239849,239850,1,-1,2,-2,1,3,1,-1,-3,-1,2,2,5,2,2,-2,-2,-5,-2,-2
0,1,39975,39978,119925,119926,119927,119930,119931,119932,239851,239852,239853,239854,239855,239858,239859,239860,239861,239862,1,-1,2,-2,1,3,1,-1,-3,-1,2,2,5,2,2,-2,-2,-5,-2,-2
0,1,39977,39980,119931,119932,119933,119936,119937,119938,239863,239864,239865,239866,239867,239870,239871,239872,239873,239874,1,-1,2,-2,1,3,1,-1,-3,-1,2,2,5,2,2,-2,-2,-5,-2,-2
0,1,39979,39982,119937,119938,119939,119942,119943,119944,239875,239876,239877,239878,239879,239882,239883,239884,239885,239886,1,-1,2,-2,1,3,1,-1,-3,-1,2,2,5,2,2,-2,-2,-5,-2,-2
0,1,39981,39984,119943,119944,119945,119948,119949,119950,239887,239888,239889,239890,239891,239894,239895,239896,239897,239898,1,-1,2,-2,1,3,1,-1,-3,-1,2,2,5,2,2,-2,-2,-5,-2,-2
0,1,39983,39986,119949,119950,119951,119954,119955,119956,239899,239900,239901,239902,239903,239906,239907,239908,239909,239910,1,-1,2,-2,1,3,1,-1,-3,-1,2,2,5,2,2,-2,-2,-5,-2,-2
0,1,39985,39988,119955,119956,119957,119960,119961,119962,239911,239912,239913,239914,239915,239918,239919,239920,239921,239922,1,-1,2,-2,1,3,1,-1,-3,-1,2,2,5,2,2,-2,-2,-5,-2,-2
0,1,39987,39990,119961,119962,119963,119966,119967,119968,239923,239924,239925,239926,239927,239930,239931,239932,239933,239934,1,-1,2,-2,1,3,1,-1,-3,-1,2,2,5,2,2,-2,-2,-5,-2,-2
0,1,39989,39992,119967,119968,119969,119972,119973,119974,239935,239936,239937,239938,239939,239942,239943,239944,239945,239946,1,-1,2,-2,1,3,1,-1,-3,-1,2,2,5,2,2,-2,-2,-5,-2,-2
0,1,39991,39994,119973,119974,119975,119978,119979,119980,239947,239948,239949,239950,239951,239954,239955,239956,239957,239958,1,-1,2,-2,1,3,1,-1,-3,-1,2,2,5,2,2,-2,-2,-5,-2,-2
0,1,39993,39996,119979,119980,119981,119984,119985,119986,239959,239960,239961,239962,239963,239966,239967,239968,239969,239970,1,-1,2,-2,1,3,1,-1,-3,-1,2,2,5,2,2,-2,-2,-5,-2,-2
0,1,39995,39998,119985,119986,119987,119990,119991,119992,239971,239972,239973,239974,239975,239978,239979,239980,239981,239982,1,-1,2,-2,1,3,1,-1,-3,-1,2,2,5,2,2,-2,-2,-5,-2,-2
0,1,39997,40000,119991,119992,119993,119996,119997,119998,239983,239984,239985,239986,239987,239990,239991,239992,239993,239994,1,-1,2,-2,1,3,1,-1,-3,-1,2,2,5,2,2,-2,-2,-5,-2,-2
0,1,39999,40002,119997,119998,119999,120002,120003,120004,239995,239996,239997,239998,239999,240002,240003,240004,240005,240006,1,-1,2,-2,1,3,1,-1,-3,-1,2,2,5,2,2,-2,-2,-5,-2,-2
